6017.15 -451.113 6030.95 -587.797
6004.51 -33.2495 6048.58 -676.317
6000.99 -80.1127 6065.03 -676.317
6011.86 -102.243 6080.89 -604.72
6027.72 -80.1127 6097.93 -598.211
6043.88 -41.06 6114.38 -574.78
6061.21 33.1401 6130.54 -579.987
6077.96 76.098 6147.28 -590.401
6094.11 107.34 6164.02 -638.566
6110.86 116.452 6179.59 -667.205
6127.31 33.1401 6195.74 -650.282
6144.64 43.5541 6212.78 -572.176
6159.91 37.0453 6228.63 -524.011
6177.53 73.4945 6245.08 -474.545
6193.69 141.186 6262.99 -471.941
6209.25 165.919 6278.26 -464.131
6226.58 160.712 6295 -496.675
6243.03 180.238 6311.15 -552.65
6258.88 150.298 6328.18 -557.857
6276.5 148.996 6344.63 -488.864
6291.77 98.2279 6361.07 -427.681
6308.22 152.902 6376.92 -456.32
6324.66 180.238 6393.36 -401.646
6340.81 214.084 6409.22 -426.38
6358.72 245.326 6426.83 -445.906
6373.4 259.646 6442.68 -418.569
6391.01 208.877 6459.12 -466.734
6406.87 176.333 6475.56 -422.474
6424.19 167.221 6492 -412.06
6439.75 199.765 6507.85 -365.197
6456.77 180.238 6525.16 -404.25
6473.21 253.137 6541.01 -392.534
6489.65 251.835 6557.74 -349.576
6505.5 262.249 6574.18 -432.888
6522.52 249.232 6590.61 -431.587
6538.66 201.067 6607.63 -447.208
6554.81 165.919 6623.18 -380.818
6570.65 188.049 6639.61 -343.067
6586.8 198.463 6656.63 -313.127
6604.11 244.025 6673.06 -335.257
6620.83 258.344 6688.61 -341.766
6637.27 241.421 6706.22 -410.759
6653.7 277.87 6722.94 -383.422
6669.84 238.817 6738.78 -418.569
6685.97 214.084 6755.21 -371.706
6702.7 223.196 6771.64 -320.937
6718.83 233.61 6787.19 -289.695
6735.26 285.681 6804.49 -301.411
6752.57 311.716 6820.62 -294.902
6767.82 306.509 6837.34 -324.843
6784.25 285.681 6853.18 -362.594
6801.85 217.989 6869.9 -335.257
6817.69 249.232 6886.61 -324.843
6834.11 212.782 6902.74 -279.281
6850.83 236.214 6917.99 -246.737
6866.38 303.905 6935.88 -212.892
6884.27 277.87 6951.42 -249.341
6899.81 309.112 6968.72 -250.643
6916.23 288.284 6984.84 -274.074
6933.24 231.007 7000.97 -248.039
6949.36 233.61 7017.97 -223.306
6964.91 227.102 7034.68 -218.099
6980.45 241.421 7051.39 -167.33
6998.92 267.456 7067.22 -153.011
7015.33 288.284 7083.05 -126.976
7031.17 307.811 7100.35 -159.52
7047.29 292.189 7116.76 -168.632
7063.41 285.681 7132.88 -197.271
7080.71 279.172 7149.88 -219.401
7096.53 244.025 7165.7 -176.443
7113.54 283.077 7182.12 -107.45
7129.36 286.982 7198.82 -84.0179
7146.36 300 7214.94 -120.467
7162.19 294.793 7231.64 -120.467
7178.89 305.207 7246.88 -143.899
7195.3 260.947 7264.46 -149.106
7212.01 257.042 7280.87 -137.39
7228.12 260.947 7296.98 -139.993
7244.53 245.326 7314.56 -98.3372
7260.36 263.551 7329.5 -81.4144
7276.76 306.509 7346.78 -94.432
7294.05 289.586 7362.89 -106.148
7311.04 307.811 7379.88 -130.881
7326.57 313.018 7395.41 -151.709
7342.39 300 7412.69 -150.407
7359.96 270.06 7427.92 -149.106
7376.07 292.189 7444.91 -103.544
7392.48 280.474 7461.89 -103.544
7408.88 293.491 7478.88 -65.7934
7425.57 324.733 7494.98 -86.6215
7440.81 302.604 7511.38 -136.088
7458.08 279.172 7527.49 -145.2
7473.9 270.06 7543.59 -146.502
7491.18 249.232 7559.69 -95.7337
7507.57 266.154 7576.38 -94.432
7524.27 297.397 7593.36 -82.7162
7539.78 285.681 7609.47 -71.0004
7556.18 303.905 7625.28 -73.6039
7572.87 331.242 7642.84 -71.0004
7589.56 307.811 7658.35 -119.165
7605.95 300 7675.62 -97.0355
7621.76 262.249 7692.01 -71.0004
7639.03 273.965 7708.41 -63.1898
7655.43 242.723 7724.21 -18.9302
7670.94 310.414 7741.48 -69.6986
7687.33 345.561 7757.28 -48.8705
7704.31 357.277 7773.96 -50.1723
7720.7 324.733 7790.94 -63.1898
7737.38 311.716 7807.03 -18.9302
7752.89 280.474 7823.42 0.596186
7769.87 264.853 7839.8 9.70847
7786.25 280.474 7856.19 46.1576
7802.06 298.698 7872.28 -3.30908
7819.32 333.846 7888.96 4.50145
7835.41 336.449 7905.63 5.80321
7851.51 346.863 7922.02 -11.1196
7868.48 329.94 7938.98 14.9155
7885.15 319.526 7953.9 1.89794
7901.24 288.284 7971.16 29.2348
7917.63 314.319 7987.83 47.4594
7934.3 296.095 8004.5 40.9506
7950.1 314.319 8021.18 52.6664
7967.06 305.207 8036.97 -0.70557
7983.15 348.165 8053.93 -8.5161
7999.24 336.449 8069.14 64.3822
8015.91 309.112 8085.52 38.3471
8032.29 270.06 8102.48 66.9857
8049.25 300 8118.85 46.1576
8066.22 297.397 8136.11 52.6664
8082.3 311.716 8152.19 59.1752
8099.55 322.13 8167.98 29.2348
8114.76 340.354 8184.93 52.6664
8130.55 345.561 8202.18 35.7436
8147.22 326.035 8217.39 25.3295
8163.01 283.077 8234.64 17.519
8180.26 322.13 8250.42 42.2524
8196.63 297.397 8267.67 51.3647
8213 327.337 8283.45 55.2699
8229.37 315.621 8300.12 73.4945
8245.74 345.561 8316.78 73.4945
8261.53 354.674 8333.15 76.098
8278.49 290.888 8349.51 86.5121
8294.85 315.621 8366.76 64.3822
8312.1 281.775 8381.95 81.305
8327.88 283.077 8398.32 102.133
8344.84 318.225 8415.27 80.0033
8360.33 327.337 8432.22 73.4945
8376.99 328.639 8448.58 68.2875
8393.35 306.509 8464.36 82.6068
8410.6 316.923 8481.02 106.038
8426.67 301.302 8497.67 77.3998
8443.03 324.733 8513.45 103.435
8458.52 307.811 8530.4 109.944
8475.17 294.793 8545.88 61.7787
8492.41 331.242 8563.41 102.133
8508.78 358.579 8578.6 59.1752
8525.43 357.277 8595.84 68.2875
8541.5 348.165 8612.78 91.7191
8557.57 331.242 8629.14 74.7963
8574.51 306.509 8644.63 98.2279
8591.17 332.544 8662.44 96.9261
8607.82 306.509 8677.93 80.0033
8623.01 314.319 8694.87 83.9085
8639.95 326.035 8710.35 72.1928
8656.02 314.319 8728.16 120.358
8672.67 320.828 8743.94 91.7191
8689.61 293.491 8759.41 87.8138
8704.8 314.319 8776.06 48.7611
8721.15 301.302 8793 57.8734
8738.39 310.414 8809.65 56.5717
8754.74 328.639 8826 31.8383
8771.39 316.923 8842.93 63.0805
8787.45 326.035 8859.29 60.4769
8803.81 339.053 8875.06 72.1928
8820.16 332.544 8892.58 55.2699
8836.51 322.13 8908.05 50.0629
8852.57 333.846 8924.99 77.3998
8868.63 340.354 8941.63 90.4173
8885.86 306.509 8957.69 59.1752
8901.92 293.491 8974.04 94.3226
8919.15 349.467 8990.97 82.6068
8934.62 339.053 9007.02 117.754
8951.55 341.656 9023.37 100.831
8967.91 335.147 9038.84 85.2103
8984.25 315.621 9056.36 103.435
9000.6 310.414 9072.71 42.2524
9016.66 306.509 9088.18 87.8138
9033.88 359.881 9105.11 99.5296
9050.52 358.579 9122.33 130.772
9066.58 361.182 9139.26 122.961
9082.92 331.242 9155.02 81.305
9099.56 326.035 9170.78 63.0805
9115.33 319.526 9188.3 68.2875
9132.26 329.94 9204.64 27.9331
9148.02 316.923 9220.69 74.7963
9164.65 337.751 9237.62 77.3998
9180.71 342.958 9253.09 66.9857
9197.64 352.07 9269.72 102.133
9213.69 301.302 9285.77 74.7963
9230.03 322.13 9302.99 65.684
9246.08 311.716 9319.63 65.684
9262.72 305.207 9335.68 82.6068
9279.94 322.13 9351.72 53.9682
9295.99 350.768 9368.65 100.831
9312.33 345.561 9384.7 74.7963
9329.84 335.147 9402.21 74.7963
9345.31 358.579 9417.67 63.0805
9362.23 372.898 9434.3 47.4594
9377.99 328.639 9450.64 61.7787
9393.74 348.165 9466.98 73.4945
9410.67 322.13 9483.9 47.4594
9426.72 315.621 9500.83 98.2279
9443.35 355.975 9516.58 78.7015
9459.98 358.579 9532.63 116.452
9476.61 357.277 9548.67 96.9261
9493.53 349.467 9565.31 96.9261
9509.29 337.751 9582.81 56.5717
9525.34 296.095 9597.69 53.9682
9541.67 302.604 9615.19 64.3822
9558.01 345.561 9630.66 43.5541
9575.52 313.018 9647.87 87.8138
9591.56 354.674 9664.79 72.1928
9607.02 378.105 9681.41 90.4173
9623.95 346.863 9697.46 72.1928
9640.57 336.449 9714.67 95.6243
9657.2 335.147 9729.55 91.7191
9673.83 329.94 9746.76 57.8734
9690.46 335.147 9763.68 112.547
9706.21 340.354 9780.01 99.5296
9722.55 372.898 9795.76 148.996
9738.3 421.063 9812.68 119.056
9754.34 388.519 9828.43 125.565
9772.43 341.656 9845.35 86.5121
9788.47 318.225 9860.52 93.0208
9804.51 315.621 9877.44 77.3998
9821.43 328.639 9894.94 115.151
9837.19 344.26 9911.85 80.0033
9854.39 349.467 9928.19 106.038
9870.44 380.709 9944.52 119.056
9887.06 388.519 9960.27 100.831
9903.4 361.182 9977.19 90.4173
9919.15 355.975 9993.23 113.849
9936.06 337.751 10009.3 124.263
9952.4 362.484 10026.2 112.547
9968.44 388.519 10043.1 137.281
9985.65 410.649 10059.4 137.281
10000.5 350.768 10075.2 151.6
10018 383.312 10092.4 156.807
10033.8 363.786 10108.4 158.109
10049.5 341.656 10124.5 156.807
10067.6 353.372 10141.4 120.358
10083.1 350.768 10157.7 151.6
10100 405.442 10173.5 142.488
10116 363.786 10190.4 147.695
10132.1 389.821 10207.9 155.505
10149 389.821 10222.8 145.091
10165.3 393.726 10240 145.091
10181.9 358.579 10257.2 96.9261
10199.1 388.519 10272.9 124.263
10214 353.372 10289.3 107.34
10230.9 380.709 10305.6 134.677
10248.4 388.519 10322.2 139.884
10264.2 456.211 10338.3 133.375
10280.5 391.123 10354.9 145.091
10296.8 411.951 10371.5 124.263
10312.9 398.933 10388.4 139.884
10329.2 405.442 10404.5 137.281
10345.5 387.218 10420.8 122.961
10362.2 380.709 10437.7 143.789
10379.1 400.235 10454.3 117.754
10395.1 427.572 10470.4 129.47
10411.8 417.158 10486.7 112.547
10427.8 444.495 10502.7 171.126
10444.7 408.046 10519.9 137.281
10461.6 395.028 10535.7 108.642
10478 409.347 10552 133.375
10493.1 411.951 10569.2 156.807
10510.3 430.176 10585.6 152.902
10524.9 452.305 10601.9 193.256
10542.4 452.305 10617.6 186.747
10559.6 461.418 10633.7 224.498
10575.6 430.176 10651.2 184.144
10591.7 409.347 10668.1 220.593
10607.4 389.821 10684.4 240.119
10625.2 437.986 10699.9 208.877
10641 417.158 10716.8 262.249
10657.9 447.098 10733.7 263.551
10674.5 443.193 10750.1 253.137
10690.9 423.667 10766.7 242.723
10706.6 461.418 10782.7 237.516
10722.9 451.004 10799.1 257.042
10739.6 432.779 10815.7 286.982
10757.1 467.926 10832.3 289.586
10771.6 492.66 10848.1 266.154
10788.9 467.926 10865.6 276.568
10805.5 462.719 10881.6 272.663
10821.5 510.884 10897.4 276.568
10839 471.832 10913.4 270.06
10853.9 432.779 10930.3 270.06
10870.8 447.098 10947.2 271.361
10886.6 458.814 10964.4 280.474
10903.2 451.004 10979.3 258.344
10920.4 470.53 10997.1 206.274
10936.7 499.169 11012.6 241.421
10952.5 496.565 11029.5 201.067
10970 523.902 11045.8 233.61
10985.5 493.962 11061.6 234.912
11001.5 505.677 11078.5 225.8
11018.4 487.453 11095.1 198.463
11034.8 478.341 11110.6 208.877
11050.8 508.281 11127.2 244.025
11068 513.488 11145 204.972
11084.1 539.523 11160.5 154.203
11100.7 539.523 11176.5 191.954
11117.3 519.997 11194 195.86
11132.8 534.316 11210.4 198.463
11149.7 526.505 11226.4 214.084
11166.6 546.032 11243.1 207.575
11183.3 530.411 11259.4 225.8
11199.3 525.204 11276.3 188.049
11215 560.351 11293.5 208.877
11231.7 527.807 11309 217.989
11248.3 568.162 11325 249.232
11264.4 551.239 11342.3 229.705
11281.3 531.712 11358.3 249.232
11297 527.807 11375.2 255.74
11314 560.351 11390.7 242.723
11330.3 594.197 11407 223.196
11347.2 595.499 11423.7 273.965
11363.8 598.102 11440 277.87
11379 608.516 11456.6 315.621
11394.8 566.86 11472.7 310.414
11412.6 578.576 11489.9 301.302
11428.9 591.593 11506.3 310.414
11445 594.197 11522.6 354.674
11461.6 588.99 11539 346.863
11478.2 625.439 11556.2 326.035
11494.6 592.895 11572.5 362.484
11510.9 586.386 11588 372.898
11527 615.025 11605.2 332.544
11544.2 615.025 11621 348.165
11560.3 609.818 11637.6 327.337
11576.6 637.155 11655.1 311.716
11592.9 663.19 11671.2 326.035
11609 643.664 11687.2 309.112
11625.3 655.379 11703 329.94
11642.3 642.362 11719.3 391.123
11658 681.414 11736.9 354.674
11674.4 665.793 11753.2 346.863
11691.3 664.492 11769.8 333.846
11707.4 669.699 11785.3 270.06
11724.6 684.018 11802.5 294.793
11740.1 671 11818.3 290.888
11756.7 667.095 11835.8 335.147
11773 676.207 11850.7 358.579
11790.6 686.621 11867.6 383.312
11805.5 686.621 11884 331.242
11821.2 699.639 11901.5 286.982
11837.6 684.018 11916.7 283.077
11854.8 750.407 11933.3 285.681
11871.4 726.976 11950.6 286.982
11887.5 726.976 11967.5 288.284
11904.1 704.846 11983.6 322.13
11921.1 745.2 11999.9 332.544
11936.8 786.857 12016 307.811
11953.8 801.176 12031.4 316.923
11969.8 811.59 12048.7 275.267
11986.5 794.667 12065.6 262.249
12003.4 792.064 12082 266.154
12018.3 792.064 12098.3 311.716
12035.3 773.839 12114.4 346.863
12051.9 764.727 12130.5 352.07
12068.5 805.081 12147.7 417.158
12084.6 814.194 12164 378.105
12100.4 808.987 12181 344.26
12117.6 803.78 12196.8 322.13
12134.3 829.815 12213.7 333.846
12150.3 846.737 12229.5 329.94
12167 844.134 12246.4 365.088
12183.3 861.057 12262.8 427.572
12200 841.53 12279.1 445.797
12216 881.885 12295.2 471.832
12232.1 866.264 12311.3 440.59
12248.5 880.583 12329.4 460.116
12265.4 872.773 12344.3 458.814
12282.4 890.997 12361.2 449.702
12298.1 906.618 12377.9 490.056
12313.6 890.997 12394.3 509.583
12330.9 931.352 12410.6 540.825
12347.2 926.145 12426.7 556.446
12364.2 945.671 12443.4 569.463
12379.9 957.387 12460.3 513.488
12396 950.878 12476.7 480.944
12413.3 959.99 12493.9 434.081
12428.7 973.008 12509.7 473.134
12445.7 987.327 12524.9 506.979
12462.3 997.741 12543 536.92
12479.3 1019.87 12558.8 519.997
12494.5 1032.89 12575.7 531.712
12510.9 1034.19 12591.8 487.453
12527.8 1040.7 12608.2 462.719
12543.9 1022.47 12624.5 454.909
12560.8 1058.92 12640.6 405.442
12576.6 1096.67 12657.3 443.193
12593 1082.36 12674.3 471.832
12609.1 1105.79 12690.6 479.642
12625.7 1103.18 12706.4 453.607
12643 1110.99 12723.4 471.832
12659 1075.85 12740.3 469.228
12675.1 1084.96 12757 484.849
12692.1 1112.3 12773.4 444.495
12706.7 1122.71 12788.9 417.158
12723.9 1139.63 12805.5 448.4
12740.6 1165.67 12822.2 473.134
12757.6 1165.67 12838 493.962
12773.9 1195.61 12855.5 495.263
12789.1 1204.72 12872.2 516.091
12806.4 1194.31 12888 516.091
12822.5 1194.31 12904.4 514.79
12839.7 1209.93 12921 512.186
12855.8 1191.7 12938 542.127
12872.5 1248.98 12954.1 603.309
12888 1289.33 12970.7 622.835
12904.6 1289.33 12986.5 638.456
12921 1293.24 13002.6 719.165
12937.4 1327.09 13019.6 702.243
12954.7 1332.29 13036.5 691.828
12970.7 1336.2 13052.9 687.923
12986.5 1403.89 13068.7 673.604
13003.8 1371.34 13085.1 672.302
13018.7 1406.49 13101.2 667.095
13036.3 1459.86 13118.4 729.579
13052.6 1540.57 13135.1 742.597
13069.6 1549.69 13151.5 781.65
13084.8 1554.89 13167 849.341
13101.2 1411.7 13184 871.471
13117.3 1338.8 13200.6 822.004
13134.5 1344.01 13217.3 819.401
13150.9 1495.01 13233.1 816.797
13166.7 1679.86 13250.1 824.608
13183.1 1787.91 13266.5 818.099
13200.6 1765.78 13283.2 855.85
13216.7 1618.68 13300.1 889.695
13232.5 1453.36 13315.6 923.541
13249.2 1406.49 13332.6 927.446
13265.6 1427.32 13349 945.671
13281.4 1577.02 13365.7 894.902
13297.8 1768.38 13381.5 884.488
13315 1802.23 13398.5 859.755
13330.9 1774.89 13414 867.565
13348.1 1717.61 13430.6 904.015
13364.5 1640.81 13448.2 914.429
13380.3 1661.64 13464 946.973
13397.6 1712.4 13480.7 953.481
13412.8 1823.05 13496.8 970.404
13430.4 1948.02 13512.9 913.127
13445.6 1967.55 13529.9 939.162
13463.1 2049.56 13546 917.032
13478.6 2067.78 13562.9 936.559
13494.5 2036.54 13579.6 1042
13511.1 1993.58 13595.1 1146.14
13527.2 1903.76 13611.8 1248.98
13544.5 1937.61 13629.1 1213.83
13560.9 1972.76 13644.9 1179.99
13577.3 2099.03 13661.9 1172.18
13592.8 2195.36 13678 1140.93
13610.4 2260.44 13694.1 1189.1
13626.5 2363.28 13711.7 1256.79
13642.3 2315.12 13727.8 1381.76
13659.3 2307.31 13743.9 1521.05
13675.1 2313.82 13761.1 1511.93
13692 2286.48 13777.2 1562.7
13708.1 2294.29 13793.3 1524.95
13724.5 2350.27 13810 1481.99
13741.2 2393.22 13825.5 1500.22
13758.2 2446.6 13842.5 1506.73
13772.8 2483.04 13859.8 1612.17
13790.7 2472.63 13876.5 1763.17
13807.4 2463.52 13892.3 1860.81
13823.2 2417.96 13909 1923.29
13839.6 2502.57 13925.4 1881.63
13856 2605.41 13942.7 1798.32
13872.1 2701.74 13958.8 1720.22
13888.8 2786.35 13974.6 1699.39
13905.5 2774.64 13991 1756.66
13921.3 2795.47 14007.7 1884.24
13938 2812.39 14024.4 2075.59
13954.7 2799.37 14040.5 2197.96
13970.5 2837.12 14057.2 2213.58
13986.9 2850.14 14074.5 2170.62
14003.3 2855.35 14090.6 2099.03
14019.7 2903.51 14106.9 2069.09
14037 2955.58 14123.4 2114.65
14052.5 3098.77 14140.6 2268.25
14069.2 3282.32 14158.2 2492.16
14085.3 3340.9 14175.2 2739.49
14101.7 3353.92 14192.2 2865.76
14118.7 3226.35 14199.5 2917.83
14134.2 3106.59 14184.3 2872.27
14151.2 2979.01 14167.9 2874.87
