6014.5 -301.411 6028.31 -425.078
6005.1 18.8208 6042.7 -397.741
5999.81 26.6313 6056.51 -356.085
6009.51 53.9682 6070.61 -294.902
6022.14 86.5121 6085.01 -281.885
6035.95 80.0033 6099.4 -324.843
6050.05 163.316 6112.91 -331.352
6065.03 147.695 6126.72 -387.327
6078.25 130.772 6140.52 -422.474
6093.23 130.772 6154.33 -491.467
6106.74 117.754 6169.02 -425.078
6122.02 77.3998 6183.11 -376.913
6135.24 113.849 6196.92 -322.239
6149.34 122.961 6211.01 -274.074
6163.73 163.316 6225.7 -262.358
6177.24 232.309 6238.33 -257.151
6191.63 232.309 6253.3 -366.499
6206.02 245.326 6267.11 -389.931
6219.24 259.646 6280.03 -412.06
6233.04 202.368 6293.83 -415.966
6247.72 177.635 6308.8 -369.102
6261.82 190.653 6323.48 -305.316
6275.33 171.126 6337.58 -246.737
6289.72 225.8 6351.67 -219.401
6303.52 227.102 6364.88 -236.323
6318.2 270.06 6378.98 -266.264
6331.71 277.87 6393.36 -305.316
6346.09 306.509 6406.57 -359.99
6360.19 245.326 6420.96 -349.576
6373.69 231.007 6435.05 -341.766
6388.08 202.368 6449.43 -294.902
6401.88 232.309 6463.52 -231.116
6416.26 224.498 6476.73 -168.632
6430.65 237.516 6491.11 -173.839
6443.27 280.474 6505.2 -184.253
6458.53 320.828 6519 -248.039
6471.45 319.526 6533.09 -274.074
6486.13 311.716 6546.59 -264.962
6500.22 267.456 6561.26 -297.506
6514.3 280.474 6575.35 -233.72
6528.69 253.137 6589.14 -160.822
6542.19 260.947 6603.52 -149.106
6555.98 240.119 6617.61 -84.0179
6569.19 258.344 6631.1 -154.313
6584.74 309.112 6645.19 -147.804
6598.53 331.242 6659.86 -186.857
6612.33 319.526 6673.94 -233.72
6626.7 310.414 6687.15 -220.702
6640.79 309.112 6701.82 -220.702
6654.29 267.456 6716.49 -164.727
6668.37 285.681 6730.27 -97.0355
6683.04 281.775 6744.06 -81.4144
6696.54 251.835 6758.44 -61.8881
6710.33 310.414 6772.22 -61.8881
6724.41 322.13 6784.25 -119.165
6738.49 300 6799.51 -158.218
6753.16 320.828 6813.88 -214.194
6766.65 327.337 6827.95 -192.064
6780.44 332.544 6841.74 -150.407
6795.4 332.544 6856.7 -120.467
6808.3 344.26 6869.31 -67.0951
6823.26 306.509 6883.68 -44.9653
6837.34 324.733 6898.64 -39.7582
6851.13 322.13 6912.42 -41.06
6864.03 316.923 6925.61 -107.45
6879.57 329.94 6939.98 -125.674
6892.77 296.095 6955.23 -103.544
6906.26 332.544 6968.43 -125.674
6920.63 314.319 6981.91 -63.1898
6934.7 314.319 6996.28 -73.6039
6949.36 337.751 7010.06 -17.6284
6962.85 313.018 7024.42 18.8208
6976.34 337.751 7037.91 0.596186
6990.71 309.112 7052.86 -16.3266
7004.78 313.018 7066.34 -48.8705
7018.85 305.207 7080.41 -80.1127
7033.22 311.716 7094.48 -98.3372
7047.29 335.147 7107.67 -76.2074
7060.48 357.277 7121.74 -43.6635
7075.14 306.509 7136.69 -4.61084
7089.8 342.958 7150.47 35.7436
7102.98 327.337 7164.53 61.7787
7116.47 332.544 7178.89 48.7611
7131.41 346.863 7193.25 43.5541
7145.48 294.793 7206.15 -16.3266
7160.43 329.94 7221.38 -39.7582
7173.03 341.656 7235.45 -63.1898
7187.69 342.958 7249.51 -8.5161
7200.29 341.656 7262.41 -8.5161
7215.82 307.811 7277.35 57.8734
7229.88 346.863 7291.41 82.6068
7243.07 367.691 7304.89 103.435
7257.43 322.13 7318.37 61.7787
7271.2 354.674 7333.31 63.0805
7285.85 324.733 7346.49 25.3295
7298.44 310.414 7361.43 21.4243
7312.8 323.432 7374.61 1.89794
7327.16 335.147 7388.96 22.726
7342.68 314.319 7403.02 52.6664
7354.4 329.94 7417.96 91.7191
7369.34 329.94 7431.14 122.961
7383.4 341.656 7444.91 126.866
7396.29 366.39 7459.26 85.2103
7411.22 350.768 7472.43 61.7787
7425.57 307.811 7487.66 82.6068
7439.34 314.319 7501.72 53.9682
7453.69 322.13 7515.48 24.0278
7467.75 335.147 7528.66 42.2524
7481.51 339.053 7543.88 57.8734
7495.28 336.449 7557.35 93.0208
7509.33 348.165 7571.99 124.263
7523.68 346.863 7586.34 138.582
7538.03 328.639 7599.51 130.772
7551.2 300 7614.15 61.7787
7564.97 320.828 7627.62 61.7787
7578.73 324.733 7641.96 50.0629
7593.07 353.372 7655.13 78.7015
7607.42 320.828 7669.48 98.2279
7620.88 303.905 7684.4 121.659
7636.11 352.07 7698.45 133.375
7649.57 305.207 7711.63 158.109
7663.04 357.277 7726.55 137.281
7676.8 328.639 7740.01 142.488
7692.01 326.035 7754.06 125.565
7705.19 340.354 7767.82 103.435
7719.53 339.053 7782.16 96.9261
7733.28 320.828 7795.91 68.2875
7748.21 357.277 7810.54 94.3226
7763.14 332.544 7824 152.902
7775.43 332.544 7838.92 142.488
7788.89 361.182 7851.8 150.298
7803.81 331.242 7866.72 133.375
7817.27 352.07 7880.47 186.747
7831.9 322.13 7894.52 107.34
7845.36 333.846 7908.27 93.0208
7859.7 336.449 7922.89 76.098
7873.45 326.035 7936.94 104.737
7888.08 346.863 7950.98 115.151
7901.83 344.26 7964.14 171.126
7915.58 329.94 7979.35 158.109
7930.21 323.432 7993.1 168.523
7943.96 305.207 8007.43 181.54
7958.29 319.526 8020.3 135.979
7972.04 340.354 8035.51 124.263
7985.78 348.165 8048.38 94.3226
8000.12 349.467 8063.29 94.3226
8013.86 335.147 8075.87 102.133
8029.07 328.639 8090.19 112.547
8042.23 340.354 8105.11 178.937
8055.69 318.225 8119.14 211.481
8069.14 335.147 8133.47 223.196
8084.35 320.828 8147.22 180.238
8098.97 302.604 8160.96 185.445
8111.54 348.165 8175.58 143.789
8125.58 337.751 8189.03 89.1156
8140.2 307.811 8202.48 120.358
8153.94 339.053 8216.8 164.617
8168.27 339.053 8232 184.144
8182.01 327.337 8244.28 180.238
8196.63 335.147 8259.48 165.919
8210.08 339.053 8273.51 223.196
8223.82 328.639 8286.96 186.747
8237.27 336.449 8300.99 191.954
8252.18 289.586 8315.9 180.238
8266.21 332.544 8329.34 148.996
8279.95 323.432 8343.38 143.789
8293.98 326.035 8357.99 145.091
8307.72 333.846 8372.31 165.919
8321.75 322.13 8385.46 171.126
8335.78 358.579 8399.49 199.765
8350.1 341.656 8414.1 225.8
8364.13 341.656 8427.84 186.747
8378.15 341.656 8441.28 175.031
8392.48 342.958 8456.18 142.488
8406.21 348.165 8470.21 167.221
8420.53 323.432 8483.36 175.031
8434.26 344.26 8497.97 160.712
8447.71 327.337 8512.28 176.333
8462.32 350.768 8525.43 204.972
8476.64 305.207 8540.04 240.119
8490.66 341.656 8554.65 228.403
8503.52 365.088 8568.38 211.481
8518.71 339.053 8581.82 201.067
8533.61 353.372 8597.3 135.979
8545.3 362.484 8610.16 165.919
8559.03 336.449 8624.18 156.807
8573.93 322.13 8638.2 167.221
8587.95 337.751 8652.51 206.274
8601.68 346.863 8666.24 229.705
8616.58 323.432 8680.55 216.688
8630.6 314.319 8694.87 232.309
8644.04 318.225 8708.01 210.179
8658.35 322.13 8722.32 186.747
8673.25 324.733 8736.34 171.126
8686.98 313.018 8750.65 181.54
8699.83 331.242 8764.67 176.333
8714.73 352.07 8777.52 186.747
8729.04 365.088 8792.41 228.403
8742.47 336.449 8806.14 244.025
8755.62 319.526 8821.03 236.214
8770.51 350.768 8835.05 228.403
8783.95 337.751 8848.78 181.54
8798.55 353.372 8862.5 182.842
8812.56 359.881 8877.1 176.333
8827.17 340.354 8890.53 172.428
8840.31 349.467 8905.13 193.256
8854.32 341.656 8919.15 186.747
8868.05 348.165 8933.45 197.161
8882.06 336.449 8948.05 203.67
8896.08 323.432 8960.6 206.274
8909.22 318.225 8974.91 190.653
8924.4 335.147 8988.93 194.558
8938.13 331.242 9003.52 178.937
8952.43 315.621 9016.07 160.712
8966.15 378.105 9030.96 197.161
8980.75 342.958 9045.27 197.161
8994.76 340.354 9059.57 191.954
9008.78 355.975 9073.29 186.747
9022.5 367.691 9087.89 180.238
9037.09 363.786 9102.19 203.67
9049.94 341.656 9115.03 197.161
9064.83 348.165 9129.05 162.014
9078.26 314.319 9143.64 169.824
9092.27 345.561 9158.23 137.281
9106.57 353.372 9172.24 173.73
9120.58 354.674 9185.38 154.203
9133.42 380.709 9199.97 163.316
9148.89 353.372 9213.4 208.877
9162.9 363.786 9227.7 188.049
9176.33 349.467 9242.29 208.877
9190.34 341.656 9256.01 180.238
9205.23 326.035 9270.31 202.368
9218.94 320.828 9284.02 195.86
9232.37 354.674 9298.32 188.049
9247.25 382.011 9311.45 160.712
9260.38 410.649 9326.05 189.351
9274.39 384.614 9339.47 195.86
9288.98 350.768 9353.18 193.256
9302.12 346.863 9368.65 247.93
9317 350.768 9381.78 203.67
9330.42 301.302 9396.95 206.274
9344.72 326.035 9409.5 189.351
9359.6 332.544 9423.22 172.428
9373.03 384.614 9438.97 182.842
9386.45 367.691 9452.1 169.824
9400.45 374.2 9466.4 228.403
9414.75 375.502 9480.11 228.403
9429.05 382.011 9494.41 203.67
9441.89 370.295 9508.12 221.895
9456.48 383.312 9522.42 199.765
9471.07 342.958 9536.13 197.161
9484.78 333.846 9550.43 215.386
9498.78 352.07 9564.72 211.481
9512.21 350.768 9578.43 178.937
9526.79 397.632 9592.73 225.8
9540.51 367.691 9606.73 231.007
9555.39 383.312 9621.61 210.179
9568.51 367.691 9634.74 210.179
9582.52 349.467 9648.45 217.989
9597.11 324.733 9662.16 227.102
9611.69 339.053 9675.87 216.688
9624.82 335.147 9691.33 211.481
9638.24 365.088 9704.46 194.558
9652.83 324.733 9718.75 151.6
9665.95 361.182 9733.34 162.014
9680.54 375.502 9747.34 164.617
9694.83 389.821 9761.34 201.067
9708.55 366.39 9775.64 217.989
9722.84 362.484 9789.35 175.031
9737.13 357.277 9801.89 169.824
9750.26 352.07 9817.35 158.109
9764.26 336.449 9831.06 165.919
9779.14 383.312 9845.64 169.824
9792.85 371.597 9859.35 169.824
9807.72 385.916 9874.52 188.049
9820.56 408.046 9887.64 177.635
9834.56 353.372 9901.35 212.782
9847.98 350.768 9915.65 197.161
9863.44 363.786 9930.52 177.635
9877.73 365.088 9943.65 188.049
9891.15 366.39 9957.65 173.73
9905.15 395.028 9972.23 189.351
9919.44 388.519 9985.94 186.747
9933.15 398.933 9999.94 185.445
9946.85 406.744 10013.9 203.67
9960.27 388.519 10028.5 214.084
9975.15 414.554 10042.2 203.67
9988.56 389.821 10055.6 180.238
10002.9 380.709 10069.9 171.126
10017.7 368.993 10084.5 176.333
10031.1 388.519 10097.6 145.091
10045.7 404.14 10112.2 155.505
10059.1 387.218 10126.2 169.824
10073.1 422.365 10140.2 175.031
10087.4 422.365 10154.5 186.747
10100.3 409.347 10168.2 220.593
10115.1 385.916 10183.7 237.516
10128.6 388.519 10195.6 233.61
10143.4 402.839 10210.5 217.989
10156.6 379.407 10224.2 178.937
10170.6 372.898 10237.9 158.109
10185.4 397.632 10252.5 176.333
10198 421.063 10266.5 169.824
10212.6 417.158 10280.8 234.912
10226.8 400.235 10295.1 204.972
10241.4 388.519 10308.5 197.161
10254.8 417.158 10321.9 221.895
10268 440.59 10336.8 204.972
10282.8 417.158 10351.1 201.067
10296.8 387.218 10365.1 177.635
10310.8 419.762 10379.1 164.617
10324.8 427.572 10392.8 178.937
10339.4 437.986 10407.1 148.996
10352.8 441.891 10420.8 220.593
10367.1 434.081 10436.3 247.93
10381.7 417.158 10448.8 216.688
10395.1 437.986 10462.2 207.575
10408.8 400.235 10477.1 223.196
10422.3 395.028 10491.7 193.256
10437.1 432.779 10505.1 198.463
10451.1 441.891 10519.4 190.653
10464.8 462.719 10533.4 219.291
10479.7 437.986 10546.8 216.688
10492.8 491.358 10561.4 236.214
10507.4 474.435 10576.5 249.232
10521.7 449.702 10589.7 245.326
10534.8 401.537 10603.6 260.947
10548.8 444.495 10617.4 244.025
10563.4 423.667 10631.4 224.498
10577.4 453.607 10644.8 188.049
10590.5 464.021 10659.1 173.73
10605.4 475.737 10673.9 182.842
10618.5 501.772 10687.9 221.895
10633.1 497.867 10702.2 238.817
10647.1 500.47 10715.9 219.291
10660.8 503.074 10730.2 236.214
10674.8 457.512 10744.2 245.326
10688.8 441.891 10757.6 231.007
10703.4 434.081 10771.9 210.179
10717.1 427.572 10786.2 207.575
10731.4 467.926 10800.2 214.084
10744.8 495.263 10814.5 189.351
10758.8 526.505 10827.6 215.386
10773.1 530.411 10841.1 236.214
10787.1 488.755 10856.5 262.249
10801.1 492.66 10870.8 263.551
10815.1 479.642 10884.2 289.586
10829.1 486.151 10898.2 273.965
10842.8 483.548 10911.7 254.439
10857.4 530.411 10926.5 254.439
10871.1 540.825 10940.2 229.705
10884.2 579.878 10954.3 217.989
10898.5 559.049 10968 229.705
10912.8 557.748 10983.1 237.516
10927.4 501.772 10996.3 285.681
10940.5 526.505 11011.1 300
10955.7 486.151 11024.5 303.905
10968.8 525.204 11038.8 301.302
10983.4 525.204 11052.3 273.965
10996.3 531.712 11066.3 268.758
11011.1 536.92 11081.4 272.663
11025.4 590.291 11094.8 288.284
11038.8 585.084 11108.9 302.604
11052.5 566.86 11122.9 303.905
11067.4 565.558 11138 327.337
11081.7 552.541 11150.9 303.905
11094.6 513.488 11165.2 348.165
11108.6 506.979 11179.2 302.604
11123.4 525.204 11193.5 316.923
11137.1 555.144 11206.9 313.018
11150.9 613.723 11220.9 314.319
11165.5 635.853 11235.2 331.242
11178.3 599.404 11248.9 320.828
11193.5 629.344 11263.8 333.846
11207.2 581.179 11277.5 355.975
11221.5 594.197 11291.2 371.597
11234.9 562.955 11305.2 318.225
11248.6 569.463 11319.5 361.182
11262.6 579.878 11334.7 336.449
11276.9 608.516 11348.1 344.26
11291.5 602.007 11361.8 342.958
11304.9 672.302 11376.1 363.786
11319.5 711.355 11390.4 368.993
11332.9 647.569 11404.1 361.182
11347.2 631.948 11417.3 382.011
11360.4 578.576 11431 411.951
11375.5 590.291 11445.9 409.347
11388.9 616.327 11459.9 393.726
11403.5 654.078 11474.4 366.39
11418.1 681.414 11487.9 392.425
11430.7 712.657 11502.8 385.916
11445.3 742.597 11516.2 376.804
11459.6 725.674 11529.9 388.519
11472.4 703.544 11544.5 428.874
11486.7 700.941 11558.5 400.235
11501.3 678.811 11572.5 400.235
11514.4 665.793 11586.2 402.839
11528.7 702.243 11600.5 379.407
11542.5 706.148 11615.1 398.933
11557 742.597 11628.3 372.898
11571 795.969 11642 417.158
11585.4 779.046 11656.9 439.288
11599.4 756.916 11669.7 473.134
11613.7 736.088 11684.9 447.098
11626.5 678.811 11698.9 440.59
11640.8 700.941 11712.9 469.228
11655.4 704.846 11726 431.477
11668.5 759.52 11740.3 445.797
11683.7 743.899 11755.2 437.986
11696.9 799.874 11769 460.116
11710.6 811.59 11782.7 477.039
11725.2 811.59 11797.3 491.358
11738.9 773.839 11811.6 503.074
11753.8 802.478 11825.3 445.797
11767.2 782.951 11839.3 479.642
11780.9 784.253 11853.6 444.495
11795.8 795.969 11867.6 423.667
11808.9 784.253 11882.2 460.116
11823 815.495 11895.7 419.762
11837.3 832.418 11909.1 493.962
11851 875.376 11923.1 509.583
11864.4 854.548 11937.1 535.618
11879.9 864.962 11952.3 560.351
11892.8 828.513 11965.5 493.962
11906.8 840.229 11979.5 535.618
11920.8 857.151 11994.4 466.625
11935.4 880.583 12007.5 441.891
11949.4 884.488 12021.8 453.607
11963.1 881.885 12035.8 508.281
11976.8 932.653 12050.1 583.783
11991.1 917.032 12064.7 607.214
12004.6 905.316 12078.5 611.12
12018.6 931.352 12092.2 639.758
12033.2 887.092 12106.5 575.972
12047.5 905.316 12120.2 605.913
12061.5 946.973 12135.4 536.92
12075.3 962.594 12148.6 513.488
12089.3 991.232 12162.9 510.884
12103.3 975.611 12176.6 574.67
12117.9 969.102 12190 633.249
12131 988.629 12205.2 680.113
12145.9 976.913 12219 691.828
12159.4 970.404 12232.7 689.225
12173.1 1000.34 12245.8 665.793
12186.8 996.439 12260.7 590.291
12200.9 995.138 12275.1 577.274
12215.2 1040.7 12289.1 551.239
12228.9 1015.97 12303.1 579.878
12243.8 1034.19 12317.4 579.878
12256.4 1051.11 12330.9 673.604
12270.7 1031.59 12345.5 704.846
12285 1045.91 12359.5 760.821
12299 1038.1 12373.5 739.993
12313 1053.72 12387.5 723.071
12327.9 1071.94 12402.2 693.13
12341.7 1075.85 12415.3 618.93
12355.1 1094.07 12429.3 611.12
12369.4 1126.61 12443.6 667.095
12383.5 1108.39 12457.1 668.397
12396.9 1112.3 12471.1 779.046
12411.8 1096.67 12486.6 811.59
12425.5 1096.67 12500 848.039
12439 1078.45 12513.5 844.134
12453.3 1143.54 12527.5 780.348
12467 1172.18 12542.1 751.709
12480.5 1193 12556.5 739.993
12494.8 1204.72 12570.8 736.088
12508.2 1230.76 12584.2 784.253
12523.7 1217.74 12598.5 840.229
12536.9 1195.61 12612.6 885.79
12551.5 1189.1 12626.3 888.394
12565.2 1160.46 12640.3 926.145
12579.8 1239.87 12655.3 949.576
12592.7 1237.26 12668.4 953.481
12607.3 1310.16 12682.4 954.783
12621.3 1323.18 12696.5 928.748
12634.8 1375.25 12711.4 909.222
12649.4 1333.59 12725.1 962.594
12663.1 1325.78 12739.4 963.895
12677.8 1336.2 12754.6 967.801
12690.9 1333.59 12767.2 1013.36
12705.5 1321.88 12781.5 1017.27
12719.3 1349.22 12795 1057.62
12733.3 1409.1 12809.6 1036.79
12746.8 1440.34 12823.6 1061.53
12760.8 1441.64 12837.1 1079.75
12775.4 1437.73 12852 1099.28
12789.7 1510.63 12865.8 1078.45
12802.6 1481.99 12880.7 1117.5
12817.5 1478.09 12894.4 1117.5
12831.2 1414.3 12908.4 1165.67
12845.3 1403.89 12922.5 1179.99
12858.7 1467.67 12936.5 1228.15
12873.4 1501.52 12952 1233.36
12887.4 1569.21 12966.6 1271.11
12900.8 1591.34 12981 1308.86
12915.5 1618.68 12994.7 1319.27
12928.9 1575.72 12999.7 1329.69
12943.2 1596.55 12985.1 1342.71
12957.3 1471.58 12971 1399.98
