6013.62 -296.204 6028.9 -301.411
6005.69 73.4945 6042.41 -318.334
6000.1 99.5296 6057.1 -318.334
6009.21 100.831 6070.03 -344.369
6021.85 83.9085 6084.13 -359.99
6035.36 102.133 6099.4 -384.723
6050.34 86.5121 6111.74 -386.025
6065.03 107.34 6127.31 -422.474
6078.54 115.151 6139.94 -386.025
6093.53 132.074 6154.92 -365.197
6106.45 138.582 6168.72 -287.092
6120.84 184.144 6182.52 -275.376
6135.24 150.298 6196.62 -279.281
6148.45 215.386 6210.13 -284.488
6163.43 220.593 6224.82 -280.583
6176.94 227.102 6238.62 -262.358
6190.75 225.8 6253.3 -311.825
6205.73 178.937 6267.4 -310.523
6220.12 193.256 6280.03 -322.239
6233.04 201.067 6295.88 -290.997
6248.02 193.256 6308.51 -245.436
6261.53 234.912 6322.9 -240.229
6275.91 216.688 6336.99 -233.72
6290.01 258.344 6350.79 -203.779
6303.81 260.947 6364.88 -233.72
6317.9 268.758 6379.27 -266.264
6331.71 229.705 6393.07 -271.471
6346.39 211.481 6407.16 -254.548
6359.89 251.835 6421.25 -307.92
6373.99 242.723 6435.64 -242.832
6387.49 264.853 6448.85 -206.383
6402.46 257.042 6462.35 -206.383
6415.97 271.361 6477.91 -192.064
6429.76 285.681 6492 -145.2
6443.86 288.284 6504.62 -175.141
6457.95 284.379 6519.59 -177.744
6472.04 297.397 6533.67 -197.271
6486.42 268.758 6546.59 -199.874
6499.92 307.811 6562.44 -225.909
6514.3 275.267 6575.64 -153.011
6528.39 306.509 6589.44 -139.993
6541.6 305.207 6602.94 -108.751
6556.27 311.716 6617.31 -132.183
6570.07 310.414 6631.4 -153.011
6584.74 328.639 6644.9 -136.088
6598.53 272.663 6660.15 -159.52
6612.33 293.491 6673.94 -146.502
6625.53 280.474 6687.73 -193.365
6640.2 306.509 6701.23 -159.52
6653.99 301.302 6715.9 -151.709
6669.25 285.681 6729.69 -93.1302
6682.45 268.758 6744.06 -90.5267
6696.83 296.095 6758.14 -111.355
6710.03 259.646 6771.64 -84.0179
6724.11 276.568 6786.6 -77.5092
6739.08 285.681 6799.51 -128.278
6752.86 322.13 6813.58 -136.088
6766.06 333.846 6827.66 -112.657
6780.44 327.337 6841.74 -84.0179
6794.52 300 6856.11 -67.0951
6808.3 332.544 6869.6 -46.267
6822.68 284.379 6883.39 -30.646
6837.63 289.586 6898.34 -35.853
6850.83 345.561 6911.24 -22.8354
6864.91 320.828 6927.08 -56.6811
6878.4 332.544 6939.69 -68.3969
6892.18 306.509 6954.64 -76.2074
6905.97 294.793 6968.13 -67.0951
6920.92 307.811 6982.5 0.596186
6935.58 302.604 6996.57 7.10496
6949.07 280.474 7010.35 20.1225
6962.56 326.035 7024.42 26.6313
6976.93 303.905 7037.91 11.0102
6991.59 329.94 7052.27 25.3295
7004.49 319.526 7066.93 -47.5688
7018.56 333.846 7081 -34.5512
7033.22 329.94 7094.78 -21.5337
7047 311.716 7109.14 -24.1372
7061.65 298.698 7122.62 11.0102
7075.43 326.035 7136.4 42.2524
7088.33 349.467 7151.05 113.849
7103.28 324.733 7164.53 59.1752
7116.76 326.035 7178.01 61.7787
7131.12 348.165 7192.96 77.3998
7144.9 301.302 7207.03 11.0102
7158.38 327.337 7221.09 18.8208
7172.45 326.035 7235.45 16.2173
7187.98 337.751 7248.05 30.5366
7200.87 288.284 7262.7 83.9085
7215.82 292.189 7277.06 90.4173
7229.3 355.975 7290.83 106.038
7242.77 333.846 7305.48 112.547
7258.01 333.846 7318.37 83.9085
7270.9 332.544 7333.31 90.4173
7284.97 344.26 7347.07 69.5892
7300.2 331.242 7361.14 52.6664
7313.09 348.165 7374.61 91.7191
7327.45 318.225 7389.55 121.659
7341.51 349.467 7402.73 83.9085
7355.28 348.165 7417.67 145.091
7369.92 350.768 7430.85 147.695
7383.4 417.158 7445.2 142.488
7396.29 353.372 7459.26 134.677
7411.22 326.035 7473.31 124.263
7425.87 320.828 7488.25 87.8138
7439.34 354.674 7502.01 107.34
7453.98 307.811 7514.9 98.2279
7466.58 332.544 7529.54 141.186
7481.22 342.958 7544.18 135.979
7496.74 337.751 7557.06 160.712
7509.62 331.242 7571.7 182.842
7523.68 375.502 7584.87 172.428
7537.15 354.674 7599.81 135.979
7550.91 310.414 7613.86 107.34
7566.14 314.319 7627.32 129.47
7579.31 340.354 7641.38 148.996
7593.66 337.751 7656.01 168.523
7608 310.414 7669.48 176.333
7621.47 339.053 7684.11 167.221
7634.93 359.881 7697.87 177.635
7650.16 335.147 7711.92 184.144
7663.62 365.088 7726.55 155.505
7678.26 322.13 7740.31 133.375
7692.01 340.354 7753.48 152.902
7705.77 346.863 7768.11 151.6
7719.53 339.053 7783.03 133.375
7733.87 313.018 7795.91 156.807
7747.63 354.674 7809.96 189.351
7761.38 349.467 7824.29 175.031
7776.01 350.768 7838.05 207.575
7789.77 331.242 7852.38 188.049
7803.23 363.786 7866.43 211.481
7817.27 324.733 7880.76 172.428
7832.49 327.337 7893.64 185.445
7845.65 329.94 7908.27 168.523
7859.41 318.225 7923.19 169.824
7873.74 298.698 7936.06 176.333
7887.2 302.604 7950.1 214.084
7901.83 341.656 7963.85 210.179
7916.46 333.846 7978.77 240.119
7929.04 339.053 7992.51 257.042
7944.25 342.958 8007.14 231.007
7958.29 329.94 8020.59 224.498
7971.74 345.561 8035.51 165.919
7986.08 340.354 8049.25 151.6
8000.41 353.372 8063 173.73
8013.57 337.751 8076.16 177.635
8027.9 344.26 8089.9 221.895
8041.65 363.786 8104.82 210.179
8056.27 326.035 8119.44 227.102
8069.73 340.354 8132.89 249.232
8084.05 342.958 8146.92 264.853
8098.09 344.26 8161.54 225.8
8112.13 336.449 8175.58 211.481
8125.87 310.414 8189.03 178.937
8139.03 353.372 8203.35 181.54
8154.23 319.526 8217.1 219.291
8167.68 362.484 8231.42 210.179
8182.01 342.958 8244.87 247.93
8196.34 327.337 8260.07 244.025
8210.37 337.751 8273.81 229.705
8224.4 324.733 8286.09 229.705
8237.85 339.053 8302.16 220.593
8252.18 341.656 8315.32 206.274
8265.91 342.958 8330.22 207.575
8280.53 362.484 8343.38 210.179
8294.27 333.846 8357.11 216.688
8307.72 341.656 8371.43 201.067
8321.75 345.561 8386.05 241.421
8336.07 367.691 8399.49 266.154
8350.39 333.846 8414.1 210.179
8364.42 335.147 8427.54 267.456
8377.28 341.656 8441.28 241.421
8392.48 348.165 8455.89 197.161
8405.63 340.354 8470.5 211.481
8419.94 335.147 8483.36 211.481
8433.68 345.561 8498.55 206.274
8448.29 301.302 8511.7 211.481
8462.61 349.467 8525.73 240.119
8476.64 344.26 8539.75 247.93
8490.08 376.804 8554.94 224.498
8504.1 349.467 8568.09 214.084
8518.13 329.94 8582.11 202.368
8532.44 346.863 8594.97 132.074
8546.47 344.26 8610.74 173.73
8559.91 345.561 8624.18 175.031
8573.64 315.621 8637.91 181.54
8588.25 333.846 8651.93 208.877
8601.68 337.751 8666.53 229.705
8616.29 341.656 8680.85 207.575
8631.19 346.863 8693.99 188.049
8644.04 311.716 8708.3 223.196
8658.65 344.26 8722.61 175.031
8671.5 346.863 8735.76 163.316
8686.1 329.94 8750.36 188.049
8700.42 326.035 8765.55 177.635
8714.14 336.449 8778.4 190.653
8729.33 323.432 8793 224.498
8742.47 361.182 8805.85 221.895
8756.78 337.751 8821.62 258.344
8770.22 346.863 8834.76 231.007
8784.53 365.088 8847.9 224.498
8798.26 344.26 8863.38 189.351
8811.98 345.561 8876.51 165.919
8827.46 350.768 8890.53 154.203
8841.18 328.639 8906.01 132.074
8854.03 340.354 8918.56 204.972
8868.63 350.768 8933.45 223.196
8883.23 358.579 8946.88 223.196
8896.37 340.354 8960.6 223.196
8909.51 349.467 8975.2 234.912
8925.57 354.674 8988.63 175.031
8937.83 341.656 9004.1 201.067
8951.55 349.467 9017.24 168.523
8967.03 368.993 9031.25 188.049
8981.33 344.26 9044.68 158.109
8994.18 329.94 9060.16 238.817
9008.78 368.993 9073 216.688
9022.5 349.467 9087.89 240.119
9036.51 349.467 9101.31 206.274
9051.11 358.579 9115.91 195.86
9065.12 335.147 9130.21 231.007
9077.67 354.674 9143.35 201.067
9092.27 357.277 9157.07 175.031
9106.57 316.923 9171.37 217.989
9120 342.958 9185.09 207.575
9134.59 358.579 9199.68 167.221
9148.02 350.768 9213.4 245.326
9162.03 354.674 9227.99 241.421
9177.5 374.2 9242.29 236.214
9189.75 380.709 9256.01 241.421
9204.06 362.484 9269.72 232.309
9218.94 344.26 9284.31 215.386
9232.37 345.561 9298.91 238.817
9246.67 333.846 9311.45 181.54
9260.97 344.26 9325.46 204.972
9274.97 361.182 9338.89 203.67
9288.11 359.881 9353.77 233.61
9302.41 382.011 9368.36 247.93
9316.41 359.881 9382.66 249.232
9330.72 382.011 9396.08 233.61
9345.01 372.898 9410.08 211.481
9358.73 372.898 9424.38 233.61
9373.32 383.312 9438.97 220.593
9385.87 348.165 9452.1 216.688
9401.04 365.088 9465.23 180.238
9414.75 355.975 9480.4 247.93
9427.3 379.407 9494.41 241.421
9442.47 374.2 9508.71 229.705
9457.06 366.39 9522.71 217.989
9471.07 354.674 9536.71 227.102
9484.78 409.347 9550.43 202.368
9498.49 384.614 9564.72 238.817
9512.5 348.165 9579.02 220.593
9526.21 328.639 9592.44 206.274
9540.51 342.958 9606.44 217.989
9553.93 375.502 9620.44 203.67
9568.81 352.07 9634.74 229.705
9581.93 355.975 9648.45 240.119
9597.4 378.105 9663.04 234.912
9611.4 398.933 9677.04 217.989
9624.24 362.484 9690.75 241.421
9638.24 379.407 9705.63 229.705
9652.53 365.088 9718.75 244.025
9666.25 365.088 9733.92 216.688
9680.83 388.519 9747.63 199.765
9695.13 387.218 9760.47 215.386
9709.13 357.277 9775.05 191.954
9722.55 387.218 9789.35 216.688
9736.84 393.726 9803.06 191.954
9749.97 370.295 9816.77 198.463
9764.84 368.993 9831.06 185.445
9778.85 380.709 9845.94 198.463
9792.56 380.709 9858.77 199.765
9806.56 362.484 9873.65 202.368
9820.27 401.537 9887.64 171.126
9834.56 383.312 9901.06 182.842
9848.85 385.916 9915.35 219.291
9863.14 389.821 9929.65 204.972
9876.27 405.442 9944.23 211.481
9891.15 409.347 9957.36 216.688
9905.15 365.088 9972.23 255.74
9918.27 380.709 9986.23 242.723
9932.86 417.158 9999.94 221.895
9946.56 391.123 10013.4 219.291
9960.57 419.762 10028.5 197.161
9975.15 387.218 10041.9 198.463
9989.15 417.158 10055.6 203.67
10002.3 441.891 10069.1 236.214
10016.9 392.425 10083.9 250.533
10031.4 414.554 10098.2 242.723
10044.9 385.916 10112.8 264.853
10059.1 427.572 10125.6 251.835
10073.4 368.993 10139.9 219.291
10087.1 405.442 10153.6 199.765
10101.7 419.762 10167.6 194.558
10113.7 424.969 10182.5 197.161
10129.4 422.365 10196.2 244.025
10142.8 380.709 10210.2 245.326
10156.6 436.684 10224.2 267.456
10171.4 422.365 10238.5 288.284
10184.5 428.874 10252.5 267.456
10199.1 418.46 10266.2 264.853
10212.3 395.028 10281.1 268.758
10226.3 388.519 10294.5 233.61
10241.1 441.891 10308.5 214.084
10255.1 452.305 10322.2 262.249
10269.1 487.453 10337.1 216.688
10282.6 444.495 10349.9 259.646
10296.5 437.986 10364.8 215.386
10310.5 452.305 10378.2 266.154
10324.5 439.288 10392.8 264.853
10339.1 424.969 10406.8 237.516
10352.8 451.004 10420.8 229.705
10367.1 447.098 10436 223.196
10380.5 451.004 10449.4 238.817
10394.5 449.702 10463.1 244.025
10408.5 471.832 10477.1 260.947
10422 440.59 10490.8 283.077
10437.7 458.814 10505.7 260.947
10450.2 448.4 10519.7 316.923
10465.7 424.969 10534 263.551
10478.8 444.495 10547.4 266.154
10492.2 426.27 10560.8 271.361
10507.7 458.814 10574.8 233.61
10520.8 478.341 10589.9 263.551
10535.7 487.453 10603.1 283.077
10548.8 525.204 10617.6 264.853
10562.8 490.056 10631.1 281.775
10576.5 517.393 10645.1 297.397
10591.1 479.642 10659.1 319.526
10605.1 467.926 10673.4 280.474
10618.5 466.625 10687.9 257.042
10632.8 465.323 10700.5 238.817
10647.1 500.47 10715.6 244.025
10660.2 490.056 10729.9 259.646
10674.8 538.221 10744.8 286.982
10688.2 518.695 10757.9 275.267
10702.2 503.074 10771.4 316.923
10717.1 496.565 10784.5 322.13
10732 466.625 10800.2 286.982
10744.8 512.186 10814.8 293.491
10759.1 496.565 10828.2 286.982
10773.4 508.281 10841.6 293.491
10788 516.091 10856.5 286.982
10800.8 536.92 10870.2 288.284
10815.4 546.032 10884.2 326.035
10829.4 588.99 10898.5 335.147
10842.2 585.084 10911.9 336.449
10856.5 569.463 10927.4 339.053
10870.8 547.334 10940.5 342.958
10886 512.186 10953.7 292.189
10899.1 516.091 10968.8 267.456
10912.8 538.221 10982.3 253.137
10926.8 557.748 10995.7 307.811
10940.2 612.421 11010.5 384.614
10955.7 560.351 11024.3 357.277
10969.1 608.516 11038.3 367.691
10984 579.878 11052.8 371.597
10996.5 547.334 11066.8 344.26
11010.8 531.712 11081.1 324.733
11024.8 552.541 11095.1 353.372
11038.8 557.748 11109.4 322.13
11052.8 552.541 11123.4 311.716
11068 613.723 11136.9 372.898
11080.9 637.155 11150.3 339.053
11095.7 654.078 11164.9 363.786
11108.9 660.586 11179.2 376.804
11123.4 602.007 11192.6 385.916
11136.3 618.93 11207.5 427.572
11150.9 602.007 11222 355.975
11165.2 594.197 11234.9 352.07
11179.2 578.576 11249.5 367.691
11194.3 599.404 11263.5 354.674
11207.2 625.439 11277.8 387.218
11222 677.509 11291.5 411.951
11234.9 648.871 11305.5 395.028
11248.3 681.414 11319.8 439.288
11263.2 671 11333.2 424.969
11276.9 637.155 11347.8 397.632
11290.9 605.913 11361.2 391.123
11304.6 651.474 11374.9 366.39
11319.2 648.871 11389.5 380.709
11333.2 644.965 11403.8 375.502
11347.2 700.941 11418.1 402.839
11361.2 721.769 11431.5 400.235
11375.8 730.881 11445.9 434.081
11388.9 725.674 11459.9 422.365
11403.8 676.207 11474.2 428.874
11416.1 661.888 11488.5 419.762
11431.3 626.741 11502.5 409.347
11444.7 667.095 11517.1 406.744
11459.9 669.699 11530.2 406.744
11473.3 726.976 11544.5 393.726
11487 723.071 11558.2 419.762
11501.6 755.614 11572.2 418.46
11515.3 782.951 11585.9 432.779
11528.7 723.071 11599.6 427.572
11543 716.562 11614 451.004
11557.9 691.828 11628.3 427.572
11571 691.828 11642.6 409.347
11585.4 695.734 11656.3 396.33
11598.5 736.088 11670.9 422.365
11613.7 772.537 11684.6 406.744
11626.2 795.969 11698 469.228
11642 803.78 11712.9 486.151
11655.7 760.821 11727.5 480.944
11669.1 814.194 11740.6 484.849
11682.6 758.218 11754.9 458.814
11697.2 725.674 11768.7 461.418
11710.6 723.071 11783 464.021
11725.5 771.236 11797 426.27
11739.5 803.78 11811.3 404.14
11752.6 818.099 11825.6 445.797
11768.1 862.358 11838.7 452.305
11780.6 820.702 11852.8 454.909
11795.2 844.134 11867.9 492.66
11809.3 799.874 11881.9 501.772
11823.3 781.65 11894.8 491.358
11836.7 792.064 11910 487.453
11851.9 767.33 11922.8 478.341
11864.7 822.004 11937.7 427.572
11879 849.341 11951.1 445.797
11893 877.98 11965.5 456.211
11908.2 900.109 11980.4 491.358
11922 870.169 11993.5 479.642
11934.8 853.246 12008.7 544.73
11949.7 877.98 12021.8 546.032
11963.1 842.832 12036.4 573.369
11977.7 859.755 12049.6 548.635
11991.4 864.962 12064.2 552.541
12004.9 863.66 12078.5 512.186
12018.3 937.86 12091.6 491.358
12033.2 936.559 12105.9 505.677
12048.1 954.783 12119.9 534.316
12061.5 970.404 12134.8 579.878
12074.7 944.369 12148.3 600.706
12089.6 896.204 12162.6 612.421
12102.4 924.843 12176.6 611.12
12117.6 896.204 12190.6 579.878
12131 939.162 12204.9 551.239
12145.6 950.878 12218.7 581.179
12158.2 963.895 12232.7 556.446
12172.8 999.043 12246.7 596.8
12187.7 1012.06 12261.3 628.042
12200.9 1034.19 12273.6 672.302
12215.2 1015.97 12288.5 695.734
12229.2 1035.49 12303.7 706.148
12241.8 1036.79 12316.3 693.13
12257.8 1015.97 12331.4 673.604
12271 1019.87 12344.6 629.344
12285.9 1077.15 12359.2 615.025
12299.6 1109.69 12372.6 695.734
12313.3 1112.3 12387 674.906
12328.5 1166.97 12401.6 755.614
12341.1 1095.37 12415.6 764.727
12355.1 1104.49 12429.9 794.667
12368.8 1086.26 12443.1 753.011
12384 1079.75 12457.7 739.993
12396.9 1097.98 12472 730.881
12411.2 1127.92 12485.4 717.864
12424.9 1144.84 12500.6 745.2
12439 1224.25 12513.8 798.572
12453.6 1191.7 12527.5 855.85
12467 1215.13 12543 808.987
12481.3 1195.61 12556.2 832.418
12495.1 1186.5 12569.3 812.892
12508.8 1178.69 12584.2 795.969
12523.4 1160.46 12598 753.011
12536.9 1228.15 12613.7 812.892
12551.8 1286.73 12626.6 808.987
12565.8 1259.39 12640.3 874.074
12580.1 1291.94 12654.9 881.885
12592.7 1278.92 12668.4 909.222
12607 1267.2 12682.7 945.671
12621 1302.35 12697.6 969.102
12635.1 1319.27 12711.4 928.748
12647.9 1325.78 12724.8 950.878
12663.1 1373.95 12739.1 933.955
12677.2 1319.27 12753.5 928.748
12690.9 1333.59 12767.2 957.387
12704.7 1347.91 12780.4 1002.95
12719 1349.22 12795.6 983.422
12733.6 1364.84 12809.6 1048.51
12747.3 1401.29 12823.4 1107.09
12761.1 1397.38 12837.4 1091.47
12775.1 1432.53 12851.7 1095.37
12790 1441.64 12865.8 1091.47
12802.6 1432.53 12879.8 1121.41
12818.1 1458.56 12894.1 1144.84
12831.2 1465.07 12909.3 1170.87
12844.7 1468.98 12923.1 1190.4
12859.3 1527.56 12936.5 1264.6
12873.4 1543.18 12951.4 1321.88
12886.8 1577.02 12966.4 1288.03
12901.1 1565.31 12981 1347.91
12915.5 1613.47 12994.7 1338.8
12929.2 1593.95 12999.1 1345.31
12943.2 1584.83 12985.6 1350.52
12957.3 1461.17 12971 1418.21
