6014.21 -318.334 6028.6 -311.825
6005.39 42.2524 6042.12 -324.843
6000.99 34.4418 6056.22 -391.232
6009.51 43.5541 6070.91 -417.267
6022.43 37.0453 6085.3 -431.587
6036.24 64.3822 6098.52 -400.345
6049.75 35.7436 6112.62 -386.025
6064.74 81.305 6126.13 -340.464
6078.84 103.435 6140.52 -307.92
6092.35 132.074 6154.33 -332.653
6107.04 95.6243 6167.84 -328.748
6120.84 137.281 6183.41 -335.257
6134.94 167.221 6196.62 -363.895
6148.75 143.789 6211.31 -366.499
6163.14 145.091 6224.82 -350.878
6176.65 158.109 6237.15 -304.015
6191.34 177.635 6253.01 -297.506
6205.43 181.54 6266.22 -276.678
6219.82 203.67 6280.91 -272.773
6232.75 189.351 6294.41 -255.85
6247.43 208.877 6308.22 -277.98
6261.23 211.481 6323.78 -255.85
6275.62 215.386 6337.58 -292.299
6289.13 244.025 6351.38 -249.341
6303.52 217.989 6364 -255.85
6317.32 217.989 6379.56 -235.022
6331.71 228.403 6392.78 -194.667
6345.51 204.972 6406.87 -212.892
6360.48 233.61 6420.96 -197.271
6373.4 240.119 6435.05 -172.537
6387.78 244.025 6449.14 -197.271
6401.58 246.628 6463.23 -186.857
6415.97 241.421 6477.91 -181.65
6429.18 247.93 6491.11 -189.46
6443.86 250.533 6505.5 -179.046
6457.95 212.782 6519.29 -160.822
6472.04 257.042 6533.38 -172.537
6485.83 246.628 6547.47 -171.236
6500.8 271.361 6562.14 -149.106
6513.13 270.06 6575.35 -147.804
6528.39 296.095 6590.32 -145.2
6541.6 283.077 6603.81 -156.916
6555.98 303.905 6618.19 -120.467
6570.07 293.491 6631.4 -138.692
6583.86 280.474 6645.78 -124.372
6598.24 276.568 6659.86 -123.071
6611.74 279.172 6673.36 -145.2
6625.24 277.87 6687.44 -151.709
6640.79 266.154 6701.23 -176.443
6655.17 279.172 6715.31 -132.183
6668.66 283.077 6728.81 -97.0355
6682.45 281.775 6743.77 -104.846
6696.83 303.905 6758.14 -86.6215
6710.33 303.905 6771.35 -54.0776
6724.7 264.853 6786.3 -98.3372
6738.49 285.681 6800.38 -103.544
6751.98 305.207 6813.58 -89.225
6766.65 305.207 6827.37 -97.0355
6780.73 277.87 6841.74 -94.432
6794.23 285.681 6856.7 -61.8881
6808.3 322.13 6870.48 -80.1127
6822.68 318.225 6884.27 -82.7162
6837.05 322.13 6897.76 -97.0355
6850.54 309.112 6912.42 -54.0776
6864.32 284.379 6926.2 -63.1898
6878.99 311.716 6940.28 -33.2495
6893.36 320.828 6954.94 -55.3793
6906.85 296.095 6968.13 -39.7582
6920.92 281.775 6981.62 -29.3442
6935 298.698 6996.28 26.6313
6949.07 318.225 7010.64 0.596186
6962.85 284.379 7025.6 26.6313
6977.22 294.793 7038.49 46.1576
6991.59 322.13 7051.98 14.9155
7005.07 302.604 7066.34 11.0102
7019.14 328.639 7081 27.9331
7032.92 298.698 7094.78 31.8383
7045.53 316.923 7108.85 40.9506
7060.19 318.225 7121.74 22.726
7075.43 336.449 7136.98 43.5541
7087.74 318.225 7150.76 74.7963
7102.98 331.242 7164.24 56.5717
7116.76 311.716 7178.89 80.0033
7130.83 331.242 7192.37 43.5541
7144.6 309.112 7206.73 -2.00733
7158.67 310.414 7221.38 26.6313
7173.03 275.267 7234.57 33.1401
7186.81 336.449 7248.34 42.2524
7200.87 318.225 7262.7 68.2875
7215.23 326.035 7277.06 65.684
7230.18 333.846 7291.12 68.2875
7242.77 310.414 7305.18 39.6489
7257.72 292.189 7318.95 25.3295
7271.78 293.491 7332.43 29.2348
7284.67 307.811 7347.07 46.1576
7299.03 313.018 7360.84 59.1752
7313.09 294.793 7374.61 63.0805
7327.16 342.958 7389.26 86.5121
7340.92 329.94 7402.73 76.098
7355.28 311.716 7417.96 108.642
7369.63 303.905 7430.55 65.684
7382.81 341.656 7445.2 24.0278
7397.16 328.639 7459.55 60.4769
7411.81 288.284 7473.61 61.7787
7424.99 306.509 7487.95 73.4945
7438.75 300 7501.43 83.9085
7453.4 301.302 7514.9 68.2875
7467.75 314.319 7528.95 106.038
7482.1 327.337 7543.59 156.807
7495.57 314.319 7557.65 116.452
7509.33 329.94 7571.99 121.659
7523.68 303.905 7585.46 78.7015
7536.86 302.604 7599.81 69.5892
7551.2 305.207 7613.57 87.8138
7564.97 323.432 7628.79 112.547
7579.6 345.561 7641.67 120.358
7593.36 306.509 7656.3 162.014
7608.59 331.242 7669.48 193.256
7621.47 337.751 7684.99 190.653
7635.81 319.526 7697.28 158.109
7649.57 297.397 7711.92 129.47
7663.91 336.449 7725.67 117.754
7677.67 316.923 7740.6 87.8138
7692.01 322.13 7753.19 103.435
7705.48 301.302 7768.11 116.452
7719.82 324.733 7782.74 134.677
7733.28 305.207 7796.2 169.824
7747.04 336.449 7810.54 225.8
7761.96 306.509 7824.29 182.842
7775.13 339.053 7838.34 119.056
7789.18 335.147 7852.09 133.375
7803.52 284.379 7866.14 98.2279
7817.86 319.526 7881.06 87.8138
7831.9 298.698 7894.22 130.772
7844.78 293.491 7907.39 139.884
7858.82 322.13 7922.31 162.014
7874.33 349.467 7936.06 193.256
7888.08 311.716 7950.1 193.256
7901.54 354.674 7964.72 191.954
7916.16 335.147 7979.35 193.256
7929.62 344.26 7992.51 156.807
7943.37 307.811 8006.84 143.789
7958.29 349.467 8020.59 169.824
7972.04 305.207 8034.34 148.996
7985.49 290.888 8048.67 155.505
8000.12 329.94 8063 195.86
8013.86 318.225 8076.16 195.86
8027.9 342.958 8090.78 168.523
8041.65 318.225 8104.52 204.972
8055.98 315.621 8118.85 165.919
8069.73 279.172 8133.18 156.807
8084.35 306.509 8146.63 158.109
8098.38 301.302 8161.25 133.375
8112.42 289.586 8174.99 181.54
8126.46 303.905 8189.03 168.523
8139.91 333.846 8202.48 206.274
8153.65 323.432 8217.97 188.049
8167.98 323.432 8231.42 171.126
8182.3 332.544 8244.87 173.73
8196.34 326.035 8259.48 151.6
8210.08 319.526 8273.22 137.281
8222.65 327.337 8287.84 143.789
8238.14 313.018 8300.99 138.582
8251.88 323.432 8315.61 180.238
8265.91 324.733 8329.34 163.316
8279.95 345.561 8343.38 186.747
8294.56 353.372 8356.82 180.238
8308.3 326.035 8372.6 164.617
8322.33 311.716 8384.88 134.677
8335.78 316.923 8399.78 150.298
8350.68 292.189 8414.39 152.902
8363.83 306.509 8428.13 142.488
8377.57 302.604 8440.99 133.375
8392.77 300 8456.18 156.807
8406.21 332.544 8470.21 175.031
8420.82 353.372 8483.07 175.031
8433.39 319.526 8498.26 150.298
8447.42 316.923 8511.7 176.333
8462.61 331.242 8526.31 162.014
8476.64 341.656 8540.33 141.186
8490.37 311.716 8554.36 113.849
8503.81 324.733 8569.26 119.056
8517.54 327.337 8582.69 154.203
8531.57 340.354 8595.84 163.316
8546.18 320.828 8610.74 201.067
8560.78 327.337 8623.89 208.877
8573.93 340.354 8638.49 180.238
8588.83 313.018 8652.51 194.558
8601.68 326.035 8665.36 155.505
8616.87 323.432 8680.85 178.937
8630.6 323.432 8694.28 189.351
8644.33 318.225 8709.18 202.368
8658.35 279.172 8723.78 202.368
8673.25 319.526 8736.34 197.161
8685.81 332.544 8750.36 197.161
8700.12 293.491 8764.38 188.049
8714.73 349.467 8778.4 221.895
8728.75 326.035 8792.41 180.238
8743.06 326.035 8806.43 203.67
8756.2 348.165 8820.45 186.747
8770.22 285.681 8834.76 171.126
8784.82 328.639 8848.78 206.274
8798.84 328.639 8861.92 189.351
8812.56 310.414 8877.39 211.481
8826.58 359.881 8891.12 215.386
8841.18 316.923 8904.55 219.291
8854.62 332.544 8918.56 193.256
8868.92 337.751 8932.58 172.428
8882.36 332.544 8946.88 202.368
8896.08 302.604 8961.19 162.014
8910.09 303.905 8974.04 201.067
8924.11 319.526 8989.51 181.54
8938.13 320.828 9003.52 173.73
8952.72 329.94 9016.37 197.161
8967.03 339.053 9030.96 208.877
8980.46 345.561 9044.68 148.996
8994.76 323.432 9059.86 202.368
9008.48 340.354 9073.58 181.54
9022.2 323.432 9087.89 163.316
9035.93 298.698 9101.31 175.031
9050.52 319.526 9115.03 201.067
9064.24 315.621 9130.21 201.067
9078.55 288.284 9143.05 203.67
9092.56 328.639 9157.36 193.256
9106.57 302.604 9171.08 186.747
9120 344.26 9185.67 189.351
9134.88 316.923 9199.68 182.842
9148.02 335.147 9213.4 129.47
9162.61 292.189 9227.4 210.179
9176.62 289.586 9242 194.558
9190.34 327.337 9256.01 206.274
9205.23 314.319 9269.43 212.782
9218.94 324.733 9284.31 207.575
9232.66 323.432 9298.32 197.161
9246.96 341.656 9311.45 211.481
9259.8 320.828 9326.05 182.842
9274.97 329.94 9338.89 189.351
9287.52 311.716 9354.06 206.274
9302.41 305.207 9367.77 186.747
9317.29 300 9382.95 184.144
9330.72 324.733 9396.66 211.481
9344.72 324.733 9410.67 215.386
9359.6 324.733 9424.68 181.54
9372.44 341.656 9438.39 175.031
9386.45 332.544 9452.39 184.144
9400.75 342.958 9465.52 172.428
9415.63 346.863 9480.11 198.463
9427.59 339.053 9494.12 164.617
9442.76 339.053 9509.29 158.109
9455.89 355.975 9522.13 184.144
9471.07 320.828 9536.42 154.203
9485.36 328.639 9550.72 164.617
9498.49 318.225 9564.14 171.126
9513.08 333.846 9579.31 175.031
9526.79 372.898 9593.31 176.333
9540.8 389.821 9607.02 150.298
9554.8 346.863 9620.74 158.109
9568.22 335.147 9635.03 148.996
9582.23 296.095 9648.16 137.281
9597.11 307.811 9662.74 173.73
9611.11 341.656 9676.75 175.031
9623.95 344.26 9691.33 188.049
9638.24 355.975 9704.46 164.617
9653.41 375.502 9719.05 175.031
9666.54 367.691 9733.63 181.54
9680.25 363.786 9746.76 175.031
9694.83 354.674 9760.76 164.617
9709.71 371.597 9775.93 145.091
9722.84 362.484 9789.35 146.393
9737.42 341.656 9803.93 156.807
9750.26 371.597 9817.06 159.41
9765.43 359.881 9831.06 168.523
9779.14 359.881 9845.94 175.031
9792.85 382.011 9859.06 195.86
9806.56 375.502 9873.35 212.782
9820.56 409.347 9887.94 197.161
9833.98 368.993 9901.94 184.144
9848.85 357.277 9915.06 189.351
9862.56 376.804 9929.94 181.54
9876.85 352.07 9943.36 146.393
9890.27 358.579 9958.23 148.996
9904.85 355.975 9971.65 158.109
9918.56 372.898 9985.36 198.463
9932.27 409.347 10000.5 172.428
9946.56 418.46 10013.4 221.895
9960.57 366.39 10027.9 221.895
9975.15 391.123 10042.2 210.179
9989.44 378.105 10055.6 181.54
10002.6 353.372 10069.6 169.824
10016.9 349.467 10083.9 201.067
10030.3 372.898 10097.4 188.049
10044.3 375.502 10111.9 177.635
10059.1 349.467 10125.3 214.084
10072.9 367.691 10140.5 199.765
10087.4 384.614 10153.9 185.445
10101.1 372.898 10168.8 224.498
10114.9 384.614 10182.8 176.333
10129.1 345.561 10195.6 167.221
10143.1 368.993 10210.2 167.221
10157.1 352.07 10225.1 182.842
10170.6 387.218 10238.2 184.144
10184.9 375.502 10252.2 231.007
10198.5 402.839 10266.5 194.558
10212.8 443.193 10280.8 190.653
10227.1 426.27 10295.4 207.575
10240.8 408.046 10309.1 234.912
10255.1 393.726 10322.5 178.937
10269.1 410.649 10336.8 172.428
10282.6 361.182 10350.5 167.221
10297.1 404.14 10364.5 172.428
10310.5 388.519 10378.5 163.316
10325.4 410.649 10392.8 182.842
10338.3 395.028 10407.1 220.593
10352.5 419.762 10420.5 212.782
10366.8 415.856 10435.1 257.042
10380.5 417.158 10449.1 219.291
10395.4 387.218 10462.5 208.877
10408.8 387.218 10477.7 241.421
10423.1 415.856 10491.4 194.558
10437.1 417.158 10504.5 191.954
10450.2 432.779 10519.1 173.73
10464.8 456.211 10533.7 216.688
10479.4 430.176 10546.2 231.007
10492.8 445.797 10561.4 245.326
10506.8 426.27 10575.4 244.025
10520.2 419.762 10589.1 241.421
10535.1 427.572 10604.2 236.214
10549.1 423.667 10617.4 246.628
10563.1 449.702 10631.4 238.817
10576.5 464.021 10645.1 245.326
10591.7 452.305 10659.6 193.256
10604.8 469.228 10673.4 207.575
10617.9 470.53 10687.6 244.025
10633.4 460.116 10702.2 212.782
10646.2 439.288 10715.4 176.333
10661.4 466.625 10730.5 214.084
10674.8 482.246 10743.4 214.084
10690.6 458.814 10757.6 211.481
10702.8 453.607 10772.5 188.049
10717.1 491.358 10785.9 204.972
10731.4 460.116 10799.9 212.782
10744.8 503.074 10814.5 195.86
10760.3 488.755 10829.4 210.179
10772.2 487.453 10841.4 219.291
10787.4 480.944 10856.2 221.895
10800.5 454.909 10869.6 231.007
10814.5 473.134 10884.2 201.067
10828.5 496.565 10898.2 203.67
10843.7 499.169 10912.8 190.653
10857.1 499.169 10926.2 188.049
10870.5 527.807 10940.5 216.688
10884.5 490.056 10954.3 214.084
10898.8 487.453 10968.5 227.102
10913.4 509.583 10983.1 236.214
10927.4 500.47 10996.3 238.817
10941.4 445.797 11010.8 267.456
10954 533.014 11025.7 241.421
10969.1 509.583 11038.8 245.326
10983.4 527.807 11052.3 247.93
10996.8 533.014 11067.4 262.249
11011.4 501.772 11081.1 236.214
11025.1 503.074 11095.1 271.361
11039.1 552.541 11108.6 301.302
11052.5 555.144 11122.6 268.758
11066.8 566.86 11136.9 268.758
11081.1 546.032 11151.7 266.154
11094.6 514.79 11164.9 233.61
11109.1 539.523 11178.9 257.042
11123.4 569.463 11193.5 272.663
11136.6 546.032 11206.6 258.344
11150.9 556.446 11220.9 286.982
11165.5 560.351 11235.8 316.923
11179.8 561.653 11248.3 316.923
11193.5 585.084 11262.3 315.621
11206.9 600.706 11277.8 324.733
11220.9 572.067 11290.9 277.87
11234.6 577.274 11305.5 293.491
11248.6 612.421 11319.5 302.604
11263.2 600.706 11333.5 277.87
11277.2 605.913 11347.2 331.242
11290.9 587.688 11363.3 349.467
11304.6 618.93 11375.8 350.768
11319.2 629.344 11389.8 329.94
11332.9 630.646 11403.5 301.302
11347.2 625.439 11419 286.982
11360.9 634.551 11432.1 279.172
11376.1 668.397 11445.6 276.568
11388.4 664.492 11459.9 267.456
11403 680.113 11474.7 298.698
11417.6 652.776 11487.9 327.337
11431 631.948 11502.2 342.958
11444.7 634.551 11516.8 324.733
11459.6 703.544 11530.2 326.035
11472.7 712.657 11543.9 298.698
11486.4 652.776 11558.5 314.319
11502.5 689.225 11573.1 270.06
11514.7 652.776 11586.5 284.379
11529 664.492 11601.1 326.035
11543.6 660.586 11615.1 316.923
11557.6 691.828 11628.6 366.39
11571 646.267 11642.6 406.744
11585.4 702.243 11657.2 378.105
11598.8 716.562 11670.3 397.632
11613.1 715.26 11685.5 361.182
11626.2 721.769 11698.6 335.147
11640.8 723.071 11712.9 344.26
11655.4 712.657 11727.8 328.639
11668.5 699.639 11740.6 358.579
11684.3 717.864 11754.9 378.105
11697.2 738.692 11769.8 401.537
11711.2 767.33 11783.3 424.969
11724.6 785.555 11796.4 415.856
11738.6 767.33 11811 437.986
11752.9 802.478 11825 400.235
11766.9 785.555 11839 408.046
11780.9 755.614 11853.3 368.993
11794.9 781.65 11868.5 431.477
11809.5 799.874 11881.1 393.726
11823.8 792.064 11895.1 448.4
11837.3 823.306 11909.7 480.944
11851.3 811.59 11923.7 473.134
11865 838.927 11936.6 460.116
11878.7 893.601 11951.4 474.435
11893.3 887.092 11965.2 471.832
11906.2 857.151 11979.2 397.632
11921.4 870.169 11994.1 414.554
11935.7 854.548 12007.8 408.046
11950.6 836.323 12021.2 445.797
11962.2 845.436 12035.5 460.116
11977.1 850.643 12050.1 491.358
11990.9 863.66 12064.7 497.867
12004.9 944.369 12078.8 508.281
12018.6 911.825 12092.5 492.66
12033.2 919.636 12105.9 466.625
12046.6 902.713 12119.9 457.512
12061.5 902.713 12134.3 471.832
12074.7 877.98 12148 437.986
12089.9 932.653 12162.6 505.677
12103 900.109 12176.6 508.281
12117.6 927.446 12190.6 544.73
12131.3 952.18 12204.7 542.127
12146.2 962.594 12219.5 559.049
12158.8 936.559 12232.7 544.73
12173.7 971.706 12246.4 582.481
12187.7 965.197 12260.7 569.463
12200.9 975.611 12275.1 565.558
12215.5 978.215 12288.8 608.516
12229.8 989.93 12303.1 604.611
12243.2 995.138 12317.1 622.835
12256.4 1056.32 12330.9 659.285
12271.8 1052.41 12344.3 654.078
12285 1078.45 12359.2 681.414
12299.9 1099.28 12373.5 708.751
12311.9 1090.17 12387.5 664.492
12326.5 1058.92 12401.6 663.19
12340.8 1035.49 12415.6 667.095
12354.5 1028.98 12429.6 674.906
12368.8 1060.23 12443.9 723.071
12383.7 1091.47 12457.1 720.467
12397.5 1127.92 12470.8 742.597
12411.5 1193 12485.4 835.022
12424.9 1224.25 12499.8 760.821
12439 1225.55 12514.1 785.555
12452.7 1212.53 12528.1 797.271
12466.7 1199.51 12542.4 824.608
12480.8 1213.83 12556.7 771.236
12494.8 1172.18 12569.9 795.969
12509.1 1246.38 12584.2 782.951
12523.1 1238.57 12598.2 832.418
12538 1281.52 12612.6 848.039
12550.3 1304.96 12626.6 855.85
12564.3 1319.27 12640 862.358
12579.8 1281.52 12654.4 913.127
12593 1303.65 12669 905.316
12606.7 1267.2 12682.7 907.92
12621 1278.92 12697.1 877.98
12635.4 1297.14 12710.5 901.411
12649.1 1312.77 12725.1 928.748
12663.1 1346.61 12738.6 973.008
12678.3 1380.46 12753.2 1040.7
12690.9 1375.25 12767.2 1052.41
12704.7 1380.46 12781.8 1073.24
12719.6 1394.78 12796.5 1061.53
12733 1371.34 12810.2 1036.79
12746.2 1371.34 12823.6 1083.66
12761.4 1380.46 12838 1083.66
12776.3 1349.22 12851.4 1120.11
12788.3 1428.62 12865.8 1150.05
12803.5 1485.9 12880.4 1186.5
12816.3 1523.65 12895 1242.47
12831.5 1558.8 12908.4 1276.32
12844.7 1587.44 12923.4 1314.07
12859 1550.99 12936.8 1325.78
12873.1 1547.08 12952 1314.07
12885.9 1578.32 12966.4 1371.34
12901.7 1578.32 12980.4 1372.65
12915.2 1646.02 12993.8 1415.6
12929.5 1687.67 12999.4 1418.21
12942.9 1664.24 12984.5 1492.41
12957 1579.63 12971.6 1565.31
