6014.21 -288.394 6028.9 -302.713
6005.39 1.89794 6042.41 -293.601
6001.28 31.8383 6056.22 -281.885
6008.92 65.684 6070.61 -293.601
6022.14 95.6243 6085.59 -271.471
6035.65 103.435 6098.23 -285.79
6050.93 129.47 6112.03 -281.885
6064.74 98.2279 6126.72 -340.464
6078.54 111.245 6140.23 -326.144
6093.23 96.9261 6154.33 -327.446
6107.33 121.659 6168.43 -337.86
6120.55 119.056 6183.7 -297.506
6135.24 164.617 6195.74 -294.902
6148.16 169.824 6210.72 -263.66
6162.85 184.144 6225.11 -236.323
6177.24 197.161 6237.74 -238.927
6190.45 195.86 6253.01 -223.306
6205.43 199.765 6267.11 -246.737
6219.53 181.54 6280.61 -263.66
6232.45 191.954 6294.71 -244.134
6247.43 164.617 6309.1 -305.316
6262.11 197.161 6322.02 -254.548
6275.91 225.8 6336.11 -229.815
6290.01 199.765 6350.5 -219.401
6304.1 224.498 6365.47 -190.762
6318.2 232.309 6378.68 -193.365
6331.41 233.61 6393.36 -175.141
6345.51 231.007 6406.87 -203.779
6360.19 207.575 6421.55 -198.572
6373.69 201.067 6434.46 -195.969
6388.08 227.102 6448.55 -238.927
6402.76 260.947 6462.64 -193.365
6416.26 264.853 6477.32 -154.313
6429.76 284.379 6491.7 -137.39
6444.15 236.214 6505.2 -129.579
6458.53 292.189 6519.88 -91.8285
6472.04 309.112 6532.5 -166.029
6486.13 247.93 6547.76 -150.407
6500.8 250.533 6561.26 -160.822
6514.3 262.249 6575.06 -176.443
6528.39 250.533 6589.44 -168.632
6541.6 286.982 6603.52 -154.313
6555.98 270.06 6617.9 -130.881
6570.07 283.077 6631.69 -57.9828
6584.15 305.207 6645.48 -72.3021
6599.12 279.172 6659.86 -80.1127
6612.62 258.344 6674.24 -99.639
6626.7 255.74 6688.03 -130.881
6639.91 245.326 6701.52 -129.579
6653.99 264.853 6715.9 -128.278
6668.08 270.06 6729.4 -138.692
6683.04 283.077 6743.77 -93.1302
6696.54 298.698 6757.26 -29.3442
6710.03 333.846 6771.93 -44.9653
6724.41 302.604 6786.01 -12.4214
6738.2 305.207 6800.09 7.10496
6752.57 285.681 6813.88 -84.0179
6766.94 262.249 6827.95 -106.148
6781.32 294.793 6841.74 -102.243
6795.1 302.604 6855.82 -68.3969
6807.72 273.965 6869.6 -78.8109
6822.68 310.414 6883.97 -24.1372
6837.63 322.13 6898.34 -9.81786
6851.13 296.095 6912.71 40.9506
6864.91 273.965 6925.91 9.70847
6879.28 292.189 6939.69 53.9682
6893.06 300 6954.06 -29.3442
6907.14 275.267 6968.13 -52.7758
6920.63 293.491 6982.21 -100.941
6935.88 285.681 6996.28 -60.5863
6947.9 318.225 7011.23 -59.2846
6962.27 309.112 7023.84 11.0102
6976.63 337.751 7038.79 53.9682
6991.29 326.035 7052.27 102.133
7005.07 301.302 7065.76 99.5296
7020.03 283.077 7080.41 73.4945
7033.22 276.568 7094.78 18.8208
7047 294.793 7109.73 -48.8705
7060.48 294.793 7122.04 -28.0424
7074.84 305.207 7135.81 -3.30908
7088.33 303.905 7150.76 44.8559
7103.28 326.035 7164.83 64.3822
7117.35 323.432 7178.31 124.263
7131.41 296.095 7192.96 130.772
7144.9 314.319 7207.03 120.358
7158.38 276.568 7220.8 65.684
7173.03 281.775 7235.16 22.726
7187.69 305.207 7248.05 -44.9653
7200.87 294.793 7262.99 22.726
7214.64 323.432 7276.47 33.1401
7228.42 313.018 7290.53 90.4173
7243.07 323.432 7304.89 128.168
7257.13 301.302 7319.83 146.393
7271.78 332.544 7332.72 150.298
7284.67 323.432 7347.95 150.298
7299.62 298.698 7360.55 82.6068
7313.39 319.526 7375.2 11.0102
7327.16 322.13 7389.84 11.0102
7341.8 306.509 7402.44 21.4243
7354.69 298.698 7417.38 13.6137
7369.63 326.035 7432.31 81.305
7382.81 309.112 7445.2 162.014
7397.16 329.94 7459.84 141.186
7411.52 323.432 7473.9 143.789
7425.57 302.604 7487.08 147.695
7438.75 305.207 7501.43 80.0033
7453.4 346.863 7515.77 50.0629
7467.46 297.397 7529.83 60.4769
7480.93 322.13 7543.3 66.9857
7494.98 283.077 7557.65 102.133
7509.62 328.639 7571.99 188.049
7523.68 288.284 7585.75 184.144
7537.15 313.018 7599.51 206.274
7550.91 332.544 7614.15 207.575
7565.55 294.793 7628.49 178.937
7579.9 310.414 7642.25 138.582
7593.95 326.035 7656.3 82.6068
7608 327.337 7669.18 81.305
7622.35 335.147 7684.4 115.151
7636.11 322.13 7697.58 133.375
7648.99 324.733 7711.92 194.558
7663.33 290.888 7725.67 228.403
7677.38 329.94 7740.31 263.551
7691.43 294.793 7752.89 223.196
7705.77 302.604 7768.4 176.333
7719.24 329.94 7782.45 150.298
7733.58 273.965 7796.2 143.789
7747.63 302.604 7810.54 78.7015
7761.67 332.544 7824.29 119.056
7775.13 271.361 7838.34 154.203
7789.77 306.509 7851.8 191.954
7803.81 348.165 7866.14 194.558
7818.15 305.207 7881.64 245.326
7831.32 301.302 7893.93 259.646
7845.07 332.544 7909.14 203.67
7859.99 335.147 7922.89 182.842
7873.74 336.449 7936.64 173.73
7888.08 294.793 7950.68 156.807
7902.12 323.432 7965.02 155.505
7916.16 303.905 7978.77 182.842
7929.33 324.733 7992.8 219.291
7943.66 316.923 8006.26 297.397
7957.7 305.207 8020.59 232.309
7971.74 333.846 8034.34 237.516
7985.2 289.586 8048.67 198.463
7999.83 294.793 8062.41 190.653
8013.86 310.414 8076.16 168.523
8027.61 296.095 8090.49 171.126
8041.94 307.811 8105.11 190.653
8055.4 315.621 8118.27 241.421
8070.31 290.888 8133.18 271.361
8084.05 326.035 8146.63 264.853
8097.8 309.112 8160.96 255.74
8110.96 303.905 8174.41 279.172
8126.46 318.225 8189.9 199.765
8140.2 319.526 8202.77 216.688
8153.94 329.94 8217.1 186.747
8167.98 305.207 8231.13 190.653
8181.72 311.716 8245.45 189.351
8196.34 293.491 8259.19 215.386
8210.08 320.828 8273.51 241.421
8224.11 303.905 8286.96 267.456
8237.56 332.544 8300.99 276.568
8251.88 324.733 8315.61 227.102
8265.62 319.526 8329.34 263.551
8280.24 331.242 8343.96 180.238
8295.15 313.018 8357.7 204.972
8308.01 298.698 8371.73 172.428
8321.75 311.716 8385.46 207.575
8336.07 298.698 8399.78 217.989
8349.8 302.604 8414.98 246.628
8363.83 318.225 8427.25 267.456
8378.45 306.509 8441.28 241.421
8391.89 307.811 8456.47 229.705
8405.33 329.94 8469.62 176.333
8420.24 300 8483.65 193.256
8434.26 293.491 8498.26 182.842
8448.58 307.811 8511.41 208.877
8462.03 266.154 8526.02 228.403
8476.64 302.604 8539.46 253.137
8490.66 293.491 8554.65 257.042
8503.23 332.544 8568.67 215.386
8517.83 342.958 8581.82 229.705
8533.03 322.13 8595.84 234.912
8546.47 349.467 8610.16 232.309
8559.91 344.26 8624.18 198.463
8574.51 327.337 8637.91 220.593
8587.66 331.242 8652.81 224.498
8602.27 327.337 8666.24 232.309
8616.58 319.526 8681.14 263.551
8630.31 309.112 8694.28 240.119
8643.75 339.053 8708.3 276.568
8658.94 319.526 8722.03 227.102
8672.38 315.621 8736.34 227.102
8686.1 305.207 8750.65 206.274
8699.54 342.958 8764.96 237.516
8715.31 311.716 8778.69 198.463
8728.16 310.414 8793 186.747
8741.31 313.018 8806.14 240.119
8755.62 349.467 8821.33 250.533
8770.8 319.526 8834.47 249.232
8784.24 318.225 8849.07 270.06
8798.55 335.147 8862.21 228.403
8812.86 314.319 8877.1 217.989
8826.58 285.681 8891.41 241.421
8840.01 315.621 8905.13 223.196
8854.62 331.242 8919.44 206.274
8868.92 331.242 8932.87 229.705
8883.23 309.112 8947.17 250.533
8896.08 309.112 8960.6 245.326
8910.39 294.793 8975.2 231.007
8924.11 303.905 8989.22 224.498
8938.42 305.207 9003.23 250.533
8952.43 301.302 9017.83 219.291
8966.74 335.147 9030.96 236.214
8980.17 305.207 9044.39 210.179
8994.47 284.379 9059.57 225.8
9008.78 352.07 9073.29 224.498
9022.79 322.13 9088.18 234.912
9036.51 327.337 9102.19 250.533
9050.23 327.337 9115.62 237.516
9064.53 333.846 9129.63 240.119
9078.26 322.13 9143.64 255.74
9092.27 329.94 9157.36 240.119
9106.28 345.561 9171.95 258.344
9120.29 342.958 9185.67 241.421
9134.01 336.449 9199.68 216.688
9148.31 340.354 9212.81 195.86
9162.9 335.147 9226.82 191.954
9176.33 319.526 9241.71 216.688
9190.34 315.621 9256.3 245.326
9205.51 365.088 9269.72 259.646
9218.36 328.639 9283.73 215.386
9232.37 292.189 9298.61 241.421
9246.96 322.13 9312.33 220.593
9260.09 348.165 9326.34 229.705
9273.81 327.337 9338.89 216.688
9289.27 327.337 9354.35 229.705
9302.7 339.053 9368.36 240.119
9316.71 328.639 9382.36 236.214
9330.72 335.147 9396.08 224.498
9344.43 329.94 9410.08 220.593
9360.19 331.242 9424.38 211.481
9373.03 340.354 9438.68 237.516
9385.87 376.804 9451.52 253.137
9400.45 339.053 9466.11 214.084
9414.17 336.449 9480.7 246.628
9427.59 342.958 9494.41 234.912
9442.18 328.639 9508.41 250.533
9456.19 333.846 9522.13 231.007
9471.07 345.561 9536.13 263.551
9485.36 339.053 9551.3 223.196
9498.49 324.733 9563.85 240.119
9512.5 346.863 9578.43 229.705
9526.5 349.467 9593.6 251.835
9541.09 318.225 9606.73 233.61
9555.68 339.053 9620.44 197.161
9568.22 352.07 9635.03 195.86
9582.23 316.923 9649.03 250.533
9597.4 326.035 9662.45 202.368
9611.69 357.277 9677.04 227.102
9624.82 336.449 9691.33 203.67
9638.82 345.561 9704.75 229.705
9651.66 363.786 9719.34 233.61
9667.12 340.354 9733.05 211.481
9680.83 339.053 9746.76 231.007
9694.54 376.804 9761.05 212.782
9708.84 346.863 9775.64 215.386
9722.25 354.674 9789.06 199.765
9736.55 363.786 9803.06 212.782
9750.84 361.182 9817.35 202.368
9765.43 367.691 9831.35 202.368
9778.55 371.597 9845.35 223.196
9792.26 350.768 9859.65 194.558
9806.85 365.088 9873.35 214.084
9820.56 355.975 9887.94 206.274
9834.56 342.958 9901.35 206.274
9848.85 355.975 9914.77 202.368
9862.85 355.975 9929.06 176.333
9876.85 335.147 9944.23 216.688
9890.27 348.165 9957.94 220.593
9904.56 349.467 9971.36 212.782
9918.86 376.804 9985.65 224.498
9932.56 404.14 9999.65 232.309
9946.56 380.709 10014.5 229.705
9960.57 361.182 10028.2 191.954
9974.57 370.295 10041.6 199.765
9989.44 385.916 10055.9 232.309
10001.7 382.011 10069.6 190.653
10016.9 370.295 10083.9 176.333
10030.6 396.33 10097.9 198.463
10044.3 362.484 10113.1 238.817
10058.9 375.502 10126.5 249.232
10072.6 391.123 10140.2 217.989
10086.6 413.253 10153.9 238.817
10101.1 375.502 10167.9 236.214
10114 366.39 10182.8 238.817
10128.9 384.614 10196.5 191.954
10143.4 376.804 10210.2 204.972
10156.3 404.14 10225.1 194.558
10171.4 389.821 10238.5 182.842
10184.5 396.33 10251.9 177.635
10199.4 370.295 10266.2 232.309
10212.6 396.33 10282 223.196
10227.1 404.14 10295.1 190.653
10241.1 365.088 10307.9 193.256
10254.5 374.2 10322.8 198.463
10268.5 378.105 10336.8 210.179
10282.6 408.046 10350.8 199.765
10297.4 424.969 10364.8 224.498
10310.8 401.537 10379.1 203.67
10324.8 428.874 10393.1 206.274
10339.4 393.726 10407.1 180.238
10352.3 400.235 10420.8 217.989
10367.1 400.235 10434.8 219.291
10380.5 411.951 10449.1 211.481
10395.1 396.33 10463.1 189.351
10408.5 419.762 10478 185.445
10423.7 400.235 10490.8 197.161
10437.4 436.684 10505.4 201.067
10449.9 434.081 10519.7 225.8
10464.2 436.684 10532.8 204.972
10478.8 421.063 10547.4 254.439
10493.4 439.288 10561.4 203.67
10506.5 453.607 10575.6 216.688
10520.5 427.572 10588.5 225.8
10535.4 453.607 10603.6 199.765
10548 447.098 10617.4 220.593
10563.1 457.512 10631.6 219.291
10576.2 436.684 10644.8 225.8
10591.7 434.081 10658.8 206.274
10603.9 437.986 10674.2 240.119
10618.8 444.495 10687.9 190.653
10632.8 421.063 10701.9 219.291
10646.8 434.081 10715.6 217.989
10661.7 454.909 10729.6 216.688
10674.2 424.969 10743.4 210.179
10688.8 444.495 10757.9 214.084
10703.4 478.341 10772.5 220.593
10716.8 461.418 10785.6 203.67
10731.4 453.607 10801.1 219.291
10743.9 462.719 10814.5 225.8
10758.8 475.737 10828.2 240.119
10773.4 490.056 10841.9 219.291
10788.3 480.944 10856.2 220.593
10802 506.979 10869.9 221.895
10814.8 475.737 10885.1 206.274
10828.2 470.53 10898.5 232.309
10841.6 513.488 10912.8 211.481
10858 483.548 10926.5 227.102
10871.1 500.47 10940.5 249.232
10886.3 488.755 10953.7 212.782
10898.2 508.281 10968.5 228.403
10913.1 491.358 10982.8 231.007
10927.1 530.411 10997.4 251.835
10941.7 527.807 11010.8 208.877
10954.3 506.979 11025.1 215.386
10968.3 534.316 11039.1 253.137
10983.4 506.979 11052.3 268.758
10997.1 533.014 11066.8 258.344
11011.1 552.541 11081.1 284.379
11024.8 509.583 11095.4 266.154
11039.4 516.091 11108.9 236.214
11053.1 531.712 11124 241.421
11067.4 585.084 11136.3 257.042
11081.7 544.73 11150.6 279.172
11095.4 588.99 11164.9 297.397
11109.4 556.446 11179.4 273.965
11123.7 575.972 11192.3 286.982
11136.9 581.179 11206.9 290.888
11150.3 568.162 11221.8 281.775
11165.5 585.084 11234.9 281.775
11179.8 581.179 11248.3 280.474
11194 569.463 11263.2 279.172
11206.9 592.895 11276.9 285.681
11221.8 591.593 11290.6 297.397
11234.9 586.386 11305.5 293.491
11249.2 552.541 11319.8 337.751
11262.6 591.593 11333.2 285.681
11276.3 579.878 11347.8 346.863
11290.9 588.99 11361.8 316.923
11304.9 613.723 11376.1 320.828
11319.5 605.913 11390.1 319.526
11334.4 622.835 11403.5 289.586
11346.6 605.913 11418.4 311.716
11360.9 628.042 11432.1 329.94
11375.2 608.516 11446.1 335.147
11389.5 615.025 11459.3 319.526
11403 617.628 11473.3 320.828
11417.6 650.172 11487.9 344.26
11431 668.397 11502.2 324.733
11444.4 681.414 11516.5 324.733
11459.9 663.19 11530.8 328.639
11473 655.379 11544.5 335.147
11487.3 667.095 11558.2 345.561
11501.6 667.095 11573.1 354.674
11514.4 644.965 11586.5 370.295
11529 633.249 11600.8 405.442
11542.5 646.267 11614.5 400.235
11557.3 646.267 11629.1 358.579
11571 677.509 11643.1 359.881
11585.4 690.527 11657.2 354.674
11598.8 712.657 11670.6 382.011
11613.7 739.993 11685.2 393.726
11627.4 697.036 11699.2 408.046
11641.1 707.45 11713.5 406.744
11654.5 711.355 11726 435.383
11668.8 730.881 11740.3 427.572
11683.1 730.881 11755.5 443.193
11696.9 730.881 11769.5 483.548
11711.7 775.141 11782.7 418.46
11725.2 779.046 11797.9 434.081
11738.9 759.52 11811 439.288
11753.2 772.537 11825.6 465.323
11767.2 768.632 11839.3 469.228
11780.9 758.218 11853 483.548
11796.7 792.064 11867.6 440.59
11808.9 805.081 11881.4 422.365
11823 806.383 11895.7 428.874
11837 794.667 11909.4 443.193
11850.4 814.194 11923.1 465.323
11864.4 850.643 11936.8 440.59
11879 822.004 11951.1 477.039
11893.3 838.927 11965.5 467.926
11907.6 784.253 11980.4 493.962
11921.4 816.797 11994.1 523.902
11934.8 829.815 12007.5 510.884
11949.4 871.471 12021.2 518.695
11962.8 919.636 12036.1 497.867
11977.1 893.601 12049.6 479.642
11991.7 901.411 12064.5 491.358
12005.2 911.825 12078.5 491.358
12018.6 879.281 12092.5 491.358
12033.5 890.997 12106.2 512.186
12047.2 896.204 12120.5 501.772
12061 931.352 12134.6 533.014
12075.3 906.618 12148.6 551.239
12089.9 931.352 12163.5 568.162
12103.3 958.688 12177.2 586.386
12116.7 979.517 12189.8 575.972
12131.6 952.18 12204.7 575.972
12144.8 979.517 12219 590.291
12159.4 1004.25 12232.7 613.723
12173.1 974.309 12247 598.102
12187.1 971.706 12260.5 647.569
12201.1 993.836 12275.4 664.492
12215.5 1019.87 12289.7 638.456
12229.2 1049.81 12303.7 667.095
12243.5 1032.89 12316.8 657.983
12257.5 1079.75 12330.9 641.06
12271 1071.94 12345.2 663.19
12285.3 1087.56 12360.1 655.379
12299.3 1083.66 12373.5 677.509
12313 1104.49 12387.3 684.018
12327.1 1091.47 12401.3 728.278
12340.8 1103.18 12415.6 747.804
12354.5 1122.71 12429.6 780.348
12369.1 1122.71 12443.4 733.485
12383.5 1183.89 12457.1 771.236
12396.6 1163.06 12472 755.614
12411.2 1189.1 12485.7 725.674
12426.1 1186.5 12499.8 759.52
12439.6 1177.38 12513.8 746.502
12453.6 1198.21 12527.2 769.934
12466.7 1176.08 12542.4 759.52
12481.3 1211.23 12555.9 801.176
12495.4 1219.04 12570.2 849.341
12509.4 1248.98 12584.2 829.815
12523.7 1245.07 12598.5 871.471
12536.3 1315.37 12612.6 877.98
12550.9 1310.16 12626.9 864.962
12564.6 1303.65 12640.3 850.643
12579.8 1289.33 12655.3 868.867
12593 1291.94 12668.7 900.109
12606.7 1310.16 12682.7 901.411
12621 1312.77 12697.3 950.878
12635.4 1310.16 12710.5 936.559
12648.8 1341.4 12725.4 995.138
12662.5 1325.78 12738.6 976.913
12676.9 1379.16 12752.9 967.801
12691.2 1393.47 12766.6 1013.36
12704.4 1405.19 12781.5 1028.98
12719.3 1398.68 12795.6 1021.17
12732.4 1429.92 12810.2 1061.53
12746.8 1422.11 12822.8 1083.66
12761.7 1467.67 12837.7 1094.07
12776 1457.26 12852 1117.5
12788.3 1468.98 12866 1156.56
12802.9 1501.52 12880.4 1176.08
12817.2 1524.95 12894.4 1221.64
12831.8 1537.97 12909 1189.1
12844.7 1573.12 12923.1 1150.05
12859.3 1582.23 12938.3 1235.96
12873.1 1599.15 12951.7 1288.03
12886.5 1588.74 12966 1302.35
12900.8 1590.04 12980.7 1375.25
12915.2 1556.19 12994.7 1402.59
12929.2 1608.26 12999.7 1471.58
12942.9 1625.19 12984.8 1468.98
12957.6 1522.35 12971.3 1522.35
