6014.21 -272.773 6029.19 -317.032
6005.1 76.098 6042.12 -306.618
6000.1 107.34 6056.8 -304.015
6008.92 90.4173 6070.03 -357.387
6022.43 68.2875 6084.13 -328.748
6035.95 66.9857 6099.11 -328.748
6050.93 51.3647 6112.91 -281.885
6065.03 74.7963 6127.01 -287.092
6077.96 87.8138 6140.23 -290.997
6092.94 121.659 6154.62 -253.246
6107.63 155.505 6168.13 -257.151
6120.55 190.653 6183.11 -268.867
6134.94 191.954 6196.03 -274.074
6149.04 202.368 6211.01 -264.962
6163.43 181.54 6223.94 -255.85
6176.65 194.558 6238.62 -254.548
6191.34 143.789 6252.72 -268.867
6205.14 159.41 6266.81 -186.857
6219.53 154.203 6280.91 -206.383
6233.33 189.351 6294.41 -212.892
6248.02 199.765 6309.39 -202.478
6261.82 228.403 6323.19 -186.857
6275.03 195.86 6336.7 -219.401
6289.42 219.291 6350.79 -202.478
6304.4 224.498 6365.18 -172.537
6317.32 165.919 6379.56 -151.709
6331.41 208.877 6392.48 -180.348
6345.51 197.161 6407.45 -163.425
6359.6 210.179 6422.13 -126.976
6373.69 249.232 6435.05 -137.39
6387.49 268.758 6449.14 -124.372
6401.88 242.723 6463.23 -142.597
6415.97 255.74 6477.32 -138.692
6430.65 234.912 6491.41 -134.786
6443.86 271.361 6504.62 -137.39
6458.24 257.042 6519.88 -130.881
6472.62 225.8 6533.09 -107.45
6486.13 271.361 6547.47 -126.976
6499.92 259.646 6561.26 -121.769
6514.6 277.87 6575.06 -60.5863
6527.81 259.646 6589.44 -78.8109
6542.77 275.267 6603.23 -87.9232
6555.98 303.905 6617.9 -85.3197
6570.07 279.172 6631.99 -63.1898
6583.57 263.551 6645.48 -110.053
6598.24 260.947 6660.15 -50.1723
6612.33 263.551 6673.65 -47.5688
6625.53 305.207 6687.44 -39.7582
6640.79 292.189 6702.4 -38.4565
6655.17 284.379 6716.19 -15.0249
6668.08 294.793 6729.69 1.89794
6682.75 296.095 6744.06 -8.5161
6696.24 267.456 6757.56 -42.3617
6710.62 309.112 6771.93 -52.7758
6724.99 264.853 6786.01 -17.6284
6738.2 285.681 6799.51 -26.7407
6751.98 289.586 6813.29 -15.0249
6767.24 266.154 6827.66 -26.7407
6780.44 313.018 6842.03 0.596186
6794.52 301.302 6855.82 25.3295
6808.6 279.172 6869.6 33.1401
6822.97 284.379 6884.56 7.10496
6837.05 273.965 6898.34 -11.1196
6850.83 266.154 6912.13 -8.5161
6863.74 268.758 6926.2 0.596186
6878.11 280.474 6939.98 25.3295
6892.18 294.793 6954.06 34.4418
6906.85 320.828 6968.43 60.4769
6920.63 313.018 6981.91 55.2699
6935 318.225 6995.69 73.4945
6949.07 313.018 7010.35 57.8734
6962.85 310.414 7023.84 63.0805
6977.51 318.225 7038.79 64.3822
6991 289.586 7052.57 13.6137
7004.78 286.982 7066.64 55.2699
7017.97 306.509 7079.83 91.7191
7032.92 285.681 7094.78 82.6068
7047 335.147 7109.14 99.5296
7061.07 324.733 7122.91 96.9261
7074.55 316.923 7137.86 106.038
7088.33 340.354 7150.76 95.6243
7102.4 292.189 7164.83 90.4173
7116.76 328.639 7178.01 60.4769
7130.24 310.414 7192.37 70.891
7145.48 314.319 7207.61 82.6068
7159.26 280.474 7221.09 99.5296
7172.15 266.154 7234.28 113.849
7187.69 314.319 7248.93 109.944
7200.58 315.621 7262.7 164.617
7214.64 328.639 7277.35 148.996
7230.76 305.207 7290.83 113.849
7243.07 275.267 7305.18 103.435
7257.72 314.319 7318.95 112.547
7271.2 311.716 7332.72 124.263
7284.67 301.302 7347.37 117.754
7299.62 298.698 7360.84 116.452
7313.68 298.698 7374.9 126.866
7327.16 309.112 7388.96 178.937
7341.51 306.509 7403.02 173.73
7355.57 344.26 7417.38 185.445
7369.05 310.414 7432.02 186.747
7383.69 303.905 7445.2 137.281
7396.58 293.491 7458.96 102.133
7410.64 302.604 7473.31 137.281
7425.28 300 7487.95 146.393
7439.05 302.604 7501.72 178.937
7453.69 314.319 7514.9 148.996
7468.04 298.698 7529.83 198.463
7480.93 309.112 7543.59 169.824
7495.57 316.923 7556.77 165.919
7509.92 313.018 7571.7 146.393
7523.68 301.302 7586.05 172.428
7537.44 294.793 7599.51 158.109
7550.91 301.302 7613.57 151.6
7566.14 290.888 7627.91 165.919
7580.48 307.811 7641.38 134.677
7592.78 332.544 7655.13 185.445
7607.12 283.077 7669.77 155.505
7620.88 315.621 7684.7 158.109
7635.23 340.354 7697.87 156.807
7649.86 322.13 7712.5 145.091
7663.62 303.905 7726.84 112.547
7677.67 344.26 7740.31 113.849
7691.72 339.053 7753.48 117.754
7705.77 298.698 7767.52 115.151
7720.11 315.621 7782.16 163.316
7732.99 284.379 7796.5 147.695
7747.04 309.112 7810.83 173.73
7761.96 292.189 7824.29 189.351
7774.84 302.604 7838.63 158.109
7789.18 305.207 7852.97 173.73
7804.1 314.319 7866.14 159.41
7817.86 297.397 7880.47 146.393
7831.32 314.319 7894.22 160.712
7846.82 280.474 7908.56 176.333
7859.7 294.793 7922.31 177.635
7872.57 296.095 7936.35 177.635
7887.49 315.621 7950.1 176.333
7901.83 341.656 7964.14 201.067
7915.58 318.225 7979.93 159.41
7930.21 327.337 7993.1 171.126
7943.66 314.319 8007.43 150.298
7958 302.604 8021.18 154.203
7970.87 298.698 8033.75 150.298
7986.37 293.491 8048.96 120.358
7999.83 337.751 8063.29 158.109
8013.86 300 8076.74 167.221
8027.02 320.828 8089.32 181.54
8041.94 318.225 8104.52 217.989
8055.98 290.888 8118.85 175.031
8070.31 285.681 8133.18 163.316
8084.05 305.207 8147.51 142.488
8098.68 333.846 8161.25 162.014
8112.71 283.077 8174.99 155.505
8124.99 315.621 8189.32 191.954
8140.49 333.846 8203.35 143.789
8153.94 307.811 8217.39 190.653
8168.56 284.379 8231.42 176.333
8182.3 331.242 8244.87 189.351
8196.63 306.509 8258.9 204.972
8209.2 305.207 8273.51 191.954
8223.82 301.302 8288.13 173.73
8238.73 284.379 8301.28 147.695
8252.18 297.397 8315.32 184.144
8265.91 323.432 8329.05 169.824
8279.95 332.544 8343.67 178.937
8294.27 281.775 8357.4 168.523
8308.01 315.621 8372.02 204.972
8321.45 301.302 8385.75 175.031
8336.36 327.337 8399.78 172.428
8350.39 290.888 8413.81 216.688
8364.42 294.793 8427.84 159.41
8377.86 315.621 8441.86 154.203
8393.06 300 8455.89 185.445
8405.63 305.207 8470.5 197.161
8420.53 327.337 8483.36 184.144
8434.26 273.965 8498.84 182.842
8447.12 314.319 8510.82 186.747
8461.44 286.982 8525.73 214.084
8476.64 314.319 8540.04 165.919
8490.66 311.716 8553.48 175.031
8504.1 289.586 8567.8 145.091
8518.42 303.905 8581.82 163.316
8532.15 314.319 8596.72 159.41
8546.76 323.432 8610.45 176.333
8559.91 306.509 8624.47 190.653
8573.93 324.733 8639.37 208.877
8588.54 309.112 8652.22 202.368
8602.56 314.319 8665.95 211.481
8616.29 300 8680.55 156.807
8629.73 298.698 8694.28 195.86
8644.63 335.147 8708.3 173.73
8657.77 306.509 8723.49 180.238
8671.79 306.509 8736.93 202.368
8686.1 290.888 8750.94 224.498
8699.83 311.716 8764.96 210.179
8714.44 301.302 8778.1 206.274
8728.46 288.284 8793 224.498
8742.77 322.13 8806.43 206.274
8756.78 328.639 8821.03 199.765
8770.22 289.586 8835.64 190.653
8783.95 315.621 8849.07 180.238
8798.26 298.698 8863.08 186.747
8813.15 305.207 8876.22 225.8
8826.29 306.509 8891.41 206.274
8840.31 302.604 8905.13 238.817
8853.74 294.793 8919.15 212.782
8868.05 348.165 8932.28 277.87
8882.06 311.716 8946.59 215.386
8896.37 314.319 8960.9 201.067
8910.97 284.379 8974.91 162.014
8924.11 336.449 8989.22 216.688
8938.71 313.018 9003.81 194.558
8952.14 302.604 9017.83 203.67
8966.74 280.474 9030.96 225.8
8981.63 277.87 9045.56 229.705
8993.89 319.526 9059.86 257.042
9008.19 310.414 9073.88 233.61
9022.2 349.467 9086.72 181.54
9036.8 319.526 9101.9 181.54
9050.81 311.716 9114.45 203.67
9064.53 318.225 9130.21 176.333
9078.84 337.751 9143.05 190.653
9092.85 305.207 9158.23 228.403
9106.28 342.958 9170.78 220.593
9120.87 302.604 9185.96 211.481
9134.01 344.26 9200.26 204.972
9148.89 340.354 9213.98 217.989
9162.61 319.526 9227.11 211.481
9176.91 314.319 9241.71 176.333
9190.05 311.716 9255.71 163.316
9204.06 296.095 9269.72 194.558
9218.94 320.828 9284.02 225.8
9232.07 292.189 9298.32 210.179
9246.67 283.077 9311.45 204.972
9260.68 318.225 9326.05 228.403
9274.97 301.302 9338.89 201.067
9288.11 336.449 9354.06 189.351
9301.82 358.579 9368.36 177.635
9316.71 365.088 9381.2 176.333
9330.72 323.432 9396.95 139.884
9345.31 318.225 9410.08 139.884
9359.31 290.888 9424.09 165.919
9373.03 320.828 9438.39 175.031
9386.74 337.751 9452.69 169.824
9400.45 337.751 9466.69 189.351
9415.34 322.13 9480.7 155.505
9428.76 354.674 9494.12 148.996
9441.89 306.509 9509.58 154.203
9456.77 336.449 9522.42 94.3226
9471.07 307.811 9537.01 138.582
9483.9 310.414 9550.72 164.617
9499.37 323.432 9565.01 159.41
9512.5 296.095 9578.14 178.937
9527.09 316.923 9593.02 173.73
9540.51 366.39 9607.9 185.445
9554.51 350.768 9620.15 156.807
9569.1 349.467 9635.03 146.393
9582.81 353.372 9648.74 134.677
9596.81 336.449 9662.16 150.298
9610.23 339.053 9676.45 151.6
9624.53 286.982 9691.04 147.695
9638.53 311.716 9705.63 145.091
9652.83 315.621 9718.17 165.919
9667.41 366.39 9733.05 173.73
9679.96 350.768 9747.05 167.221
9695.13 346.863 9761.34 113.849
9708.25 357.277 9775.93 120.358
9722.55 322.13 9789.06 115.151
9735.97 350.768 9802.77 133.375
9751.42 320.828 9817.35 177.635
9764.84 293.491 9831.35 145.091
9778.55 349.467 9845.06 173.73
9792.85 365.088 9858.77 137.281
9807.43 348.165 9873.06 148.996
9821.14 382.011 9887.35 151.6
9833.98 389.821 9900.48 126.866
9849.43 366.39 9915.94 138.582
9862.27 350.768 9929.94 121.659
9876.85 352.07 9943.65 150.298
9891.44 324.733 9957.36 132.074
9905.44 339.053 9971.65 121.659
9919.15 341.656 9984.77 172.428
9932.56 376.804 9999.65 133.375
9947.15 389.821 10014.2 155.505
9961.44 375.502 10028.2 134.677
9973.69 383.312 10041.6 129.47
9988.86 348.165 10055.6 152.902
10003.4 374.2 10070.5 154.203
10016.3 333.846 10085.1 113.849
10030.8 309.112 10097.1 169.824
10045.4 323.432 10112.2 208.877
10059.4 329.94 10126.2 167.221
10072.3 340.354 10140.2 178.937
10087.4 357.277 10153.9 189.351
10100.3 384.614 10168.5 150.298
10114.6 378.105 10182.5 116.452
10129.4 357.277 10195.6 130.772
10143.4 370.295 10209.6 171.126
10157.4 303.905 10224.5 160.712
10171.4 349.467 10239.1 182.842
10184 327.337 10253.1 148.996
10198.5 355.975 10266.8 168.523
10212.3 352.07 10280.5 141.186
10227.1 393.726 10294.2 146.393
10241.1 392.425 10309.4 172.428
10254.8 371.597 10322.2 109.944
10268.5 350.768 10337.4 130.772
10282.8 340.354 10351.1 156.807
10297.4 359.881 10364.8 165.919
10312 335.147 10378.5 147.695
10324.5 371.597 10392.2 148.996
10338.5 398.933 10406.5 152.902
10353.1 374.2 10420.8 158.109
10367.1 402.839 10434.8 188.049
10380.5 402.839 10449.1 171.126
10394.8 404.14 10462.2 162.014
10408.5 384.614 10478 188.049
10422.3 344.26 10491.1 189.351
10437.1 344.26 10504.5 168.523
10450.5 387.218 10519.7 208.877
10464.8 397.632 10532.8 167.221
10478.5 410.649 10547.1 188.049
10492.5 415.856 10561.4 158.109
10506.2 419.762 10575.4 160.712
10519.9 415.856 10589.1 160.712
10534.8 419.762 10602.5 180.238
10548.5 388.519 10617.6 168.523
10563.4 395.028 10631.6 188.049
10576.8 391.123 10645.1 210.179
10590.5 396.33 10659.6 182.842
10605.7 411.951 10673.9 194.558
10618.8 405.442 10687.6 194.558
10633.1 445.797 10701.9 169.824
10647.4 441.891 10716.2 214.084
10661.7 461.418 10730.5 237.516
10675.4 414.554 10743.7 217.989
10689.7 428.874 10758.2 236.214
10703.7 402.839 10771.9 199.765
10716.5 430.176 10785.6 191.954
10730.2 443.193 10799.9 191.954
10744.8 445.797 10814.2 197.161
10758.2 448.4 10828.2 219.291
10773.1 473.134 10842.2 190.653
10786.8 486.151 10856.5 190.653
10801.1 465.323 10870.5 208.877
10814.8 462.719 10884.2 177.635
10829.7 431.477 10898.2 216.688
10842.2 449.702 10913.1 199.765
10857.7 458.814 10926 199.765
10870.8 454.909 10941.1 214.084
10884.5 464.021 10954.3 240.119
10898.5 469.228 10968.5 169.824
10913.1 491.358 10982.5 232.309
10926.8 506.979 10996.3 251.835
10940.8 480.944 11010.3 233.61
10954.5 482.246 11025.4 228.403
10968.8 462.719 11039.4 234.912
10983.1 445.797 11053.1 242.723
10996.3 509.583 11066.5 207.575
11012 508.281 11080.9 224.498
11024.5 530.411 11094.6 253.137
11040.3 527.807 11108.6 254.439
11052.3 561.653 11123.7 241.421
11066.3 544.73 11136.9 272.663
11081.1 533.014 11151.5 263.551
11094.3 548.635 11165.5 271.361
11108.9 513.488 11178.6 280.474
11123.4 497.867 11193.5 244.025
11137.1 560.351 11207.2 257.042
11149.7 543.428 11221.2 267.456
11165.5 573.369 11235.5 270.06
11178.9 590.291 11248.9 301.302
11193.5 562.955 11263.2 305.207
11206.3 552.541 11276.6 301.302
11221.2 546.032 11291.5 310.414
11235.2 561.653 11305.8 277.87
11248.6 573.369 11319.5 316.923
11262.6 551.239 11333.5 340.354
11276.6 592.895 11347.8 303.905
11290.9 592.895 11361.8 320.828
11304.9 608.516 11376.1 345.561
11319.5 616.327 11389.5 342.958
11333.2 583.783 11405.3 307.811
11347.5 613.723 11417.8 320.828
11361.5 600.706 11432.4 300
11375.2 573.369 11445.9 293.491
11388.4 607.214 11460.1 289.586
11403.3 639.758 11473.9 315.621
11417.3 657.983 11487.9 319.526
11431.3 639.758 11502.2 311.716
11445.9 672.302 11515.9 294.793
11460.1 652.776 11530.5 332.544
11473 685.32 11544.8 314.319
11486.7 634.551 11558.8 339.053
11501.3 659.285 11572.8 341.656
11515 655.379 11586.5 311.716
11528.4 650.172 11599.6 337.751
11542.2 648.871 11614.8 326.035
11557 691.828 11628 314.319
11571.9 674.906 11642.3 332.544
11585.1 726.976 11657.5 348.165
11599.1 715.26 11670.9 384.614
11612.8 749.106 11684.6 359.881
11627.4 715.26 11698 398.933
11641.7 720.467 11712.3 366.39
11655.1 734.786 11727.2 368.993
11668.3 708.751 11741.2 383.312
11682.8 724.372 11755.2 391.123
11696.6 749.106 11769.5 388.519
11711.4 768.632 11783 388.519
11724.6 792.064 11797.3 409.347
11738.9 793.365 11811.3 400.235
11752.9 762.123 11825 413.253
11767.8 785.555 11839.3 424.969
11781.8 769.934 11854.2 415.856
11795.2 780.348 11867.6 434.081
11809.3 756.916 11881.1 421.063
11822.7 782.951 11895.7 406.744
11837.3 812.892 11910 443.193
11851.9 816.797 11923.4 464.021
11864.7 876.678 11936.6 462.719
11879.3 900.109 11951.4 486.151
11892.8 897.506 11965.8 484.849
11907.3 864.962 11979.5 479.642
11921.7 846.737 11993.5 486.151
11935.7 807.685 12007.8 473.134
11949.7 807.685 12022.1 453.607
11963.1 848.039 12035.5 499.169
11977.7 887.092 12050.1 457.512
11990.9 915.73 12063.6 500.47
12004.9 939.162 12078.2 514.79
12018.9 914.429 12092.2 513.488
12034.1 902.713 12106.8 505.677
12047.8 910.523 12120.5 516.091
12061.5 896.204 12135.1 497.867
12074.7 896.204 12148.3 534.316
12089 864.962 12161.7 531.712
12103.6 920.937 12176.6 544.73
12116.7 935.257 12190.6 560.351
12131.6 986.025 12204.9 582.481
12144.8 976.913 12218.7 546.032
12158.5 967.801 12232.4 588.99
12172.8 996.439 12246.4 592.895
12187.7 954.783 12261.3 604.611
12200.9 945.671 12274.5 568.162
12214.3 986.025 12289.1 602.007
12229.2 958.688 12303.4 644.965
12243.5 1027.68 12317.4 621.534
12257.2 1071.94 12330.9 620.232
12271 1082.36 12345.2 641.06
12284.7 1099.28 12359.5 685.32
12299 1138.33 12373.2 689.225
12313 1094.07 12387.5 706.148
12327.1 1070.64 12401.3 700.941
12341.1 1048.51 12415.3 687.923
12354.8 1021.17 12429 673.604
12369.1 1064.13 12443.9 641.06
12383.5 1112.3 12458 681.414
12397.8 1182.59 12471.4 730.881
12411.2 1217.74 12485.4 771.236
12425.5 1242.47 12500.3 789.46
12439.3 1228.15 12513.8 814.194
12453.3 1219.04 12527.8 822.004
12466.7 1183.89 12542.7 793.365
12480.8 1150.05 12556.7 797.271
12495.4 1165.67 12569.9 788.158
12509.4 1221.64 12583.6 798.572
12523.7 1248.98 12598.2 858.453
12537.7 1294.54 12612.3 868.867
12550.6 1325.78 12626 915.73
12564.9 1333.59 12640.6 900.109
12579.3 1304.96 12654.9 940.464
12593.6 1306.26 12667.8 970.404
12607.3 1264.6 12682.7 898.808
12620.8 1259.39 12696.8 879.281
12635.1 1308.86 12711.4 919.636
12648.8 1328.39 12725.4 932.653
12663.1 1366.14 12740 1001.65
12676.9 1407.79 12752.6 1064.13
12691.8 1433.83 12767.2 1064.13
12705.2 1455.96 12781.2 1103.18
12719.6 1406.49 12795.9 1088.86
12732.7 1385.66 12810.2 1065.43
12747 1368.74 12824.2 1044.6
12761.1 1346.61 12838.3 1052.41
12776 1407.79 12852.3 1077.15
12788.6 1489.8 12865.2 1139.63
12803.2 1554.89 12880.1 1204.72
12817.2 1569.21 12895 1233.36
12831.2 1591.34 12908.4 1345.31
12845.3 1597.85 12922.5 1329.69
12858.4 1558.8 12937.4 1325.78
12874.5 1535.37 12952 1306.26
12886.5 1553.59 12966.4 1310.16
12900.8 1570.51 12981.3 1337.5
12915.2 1606.96 12994.1 1358.33
12929.5 1642.11 12998.5 1427.32
12942.9 1707.2 12985.4 1496.31
12957 1631.7 12971.6 1554.89
