6014.21 -258.453 6028.31 -417.267
6005.1 0.596186 6042.12 -366.499
6000.69 -26.7407 6056.51 -346.973
6009.8 12.312 6070.61 -300.109
6021.85 70.891 6085.01 -258.453
6035.36 139.884 6097.93 -257.151
6051.22 204.972 6112.62 -261.057
6065.03 201.067 6126.13 -294.902
6078.54 227.102 6140.23 -369.102
6092.65 134.677 6154.33 -370.404
6107.63 90.4173 6168.43 -375.611
6120.55 70.891 6183.11 -323.541
6135.53 66.9857 6196.03 -301.411
6149.04 106.038 6210.13 -218.099
6163.14 199.765 6224.52 -236.323
6177.24 242.723 6238.03 -259.755
6191.34 240.119 6252.72 -229.815
6205.73 255.74 6266.52 -251.944
6218.36 215.386 6280.91 -307.92
6233.04 203.67 6294.41 -298.808
6247.43 143.789 6308.8 -285.79
6261.53 120.358 6322.02 -249.341
6275.62 141.186 6336.99 -254.548
6289.42 150.298 6350.2 -180.348
6303.81 232.309 6365.18 -132.183
6317.61 297.397 6379.27 -129.579
6332.29 286.982 6392.19 -202.478
6345.51 270.06 6407.16 -193.365
6359.89 249.232 6421.55 -237.625
6373.69 195.86 6434.76 -237.625
6388.08 133.375 6449.43 -219.401
6401.58 168.523 6462.64 -180.348
6415.97 194.558 6477.91 -133.485
6429.18 234.912 6490.82 -139.993
6444.15 326.035 6505.2 -99.639
6458.83 307.811 6519.88 -103.544
6472.33 315.621 6532.5 -125.674
6485.54 273.965 6547.47 -111.355
6499.92 242.723 6560.97 -172.537
6514.3 197.161 6575.94 -182.951
6528.39 219.291 6588.85 -153.011
6542.19 223.196 6603.52 -132.183
6556.27 238.817 6617.61 -108.751
6570.95 301.302 6631.1 -46.267
6585.62 309.112 6645.78 -57.9828
6598.53 320.828 6659.27 -93.1302
6611.74 327.337 6673.94 -68.3969
6625.82 259.646 6687.73 -69.6986
6640.2 241.421 6701.82 -68.3969
6653.99 245.326 6716.49 -78.8109
6668.66 255.74 6730.57 -68.3969
6682.16 216.688 6743.48 -57.9828
6697.71 259.646 6757.85 -71.0004
6709.74 283.077 6772.22 -13.7231
6724.99 328.639 6786.01 -43.6635
6739.08 319.526 6799.8 -24.1372
6753.45 296.095 6814.17 -61.8881
6766.65 285.681 6827.37 -71.0004
6781.02 284.379 6841.74 -104.846
6794.81 228.403 6856.11 -68.3969
6809.18 273.965 6870.19 -43.6635
6822.09 293.491 6883.97 -51.474
6836.75 277.87 6898.34 -64.4916
6851.13 324.733 6912.42 -35.853
6864.32 320.828 6925.91 -18.9302
6878.99 326.035 6939.69 -22.8354
6892.77 303.905 6954.06 -51.474
6906.26 266.154 6968.43 -73.6039
6921.22 249.232 6981.32 -50.1723
6935 217.989 6996.28 -73.6039
6949.36 251.835 7010.06 -55.3793
6961.68 290.888 7025.3 -20.2319
6976.34 302.604 7037.91 -3.30908
6991.29 335.147 7051.98 -26.7407
7005.07 319.526 7067.52 -7.21435
7019.73 329.94 7080.41 -18.9302
7032.92 305.207 7095.07 -12.4214
7047 280.474 7107.97 -48.8705
7061.36 255.74 7121.45 -20.2319
7075.14 245.326 7136.4 -17.6284
7089.5 289.586 7151.05 -9.81786
7102.69 313.018 7164.83 56.5717
7117.64 307.811 7178.89 33.1401
7130.54 311.716 7193.55 34.4418
7144.31 349.467 7205.85 31.8383
7159.55 342.958 7221.38 46.1576
7173.91 276.568 7234.28 16.2173
7186.51 288.284 7249.22 13.6137
7200.87 250.533 7262.11 22.726
7214.94 251.835 7276.47 40.9506
7229.59 286.982 7291.12 52.6664
7242.48 290.888 7304.6 76.098
7256.84 303.905 7319.24 70.891
7271.2 301.302 7333.01 73.4945
7286.14 337.751 7347.66 89.1156
7299.91 301.302 7361.14 68.2875
7313.09 293.491 7374.9 60.4769
7327.45 296.095 7389.55 47.4594
7340.92 284.379 7403.32 80.0033
7355.57 280.474 7417.38 61.7787
7368.46 276.568 7431.14 61.7787
7383.4 318.225 7444.91 80.0033
7396.29 350.768 7458.96 93.0208
7411.52 329.94 7473.31 113.849
7426.45 309.112 7487.66 78.7015
7439.05 320.828 7502.01 52.6664
7453.4 270.06 7515.77 81.305
7467.46 270.06 7530.41 72.1928
7481.22 255.74 7543.3 95.6243
7495.57 288.284 7557.35 138.582
7509.62 306.509 7571.7 134.677
7523.68 323.432 7586.34 104.737
7537.15 328.639 7600.39 152.902
7551.2 319.526 7613.86 152.902
7566.43 353.372 7627.91 116.452
7579.31 297.397 7641.96 137.281
7593.36 301.302 7655.72 102.133
7608 309.112 7670.06 86.5121
7621.18 276.568 7684.11 93.0208
7635.81 311.716 7698.16 103.435
7649.57 311.716 7712.21 115.151
7663.62 311.716 7725.67 151.6
7676.5 352.07 7740.31 138.582
7691.72 327.337 7754.06 152.902
7705.19 276.568 7768.4 98.2279
7719.82 313.018 7782.45 99.5296
7733.28 273.965 7795.62 133.375
7747.92 257.042 7810.25 96.9261
7761.67 285.681 7824.29 98.2279
7775.72 298.698 7838.05 122.961
7789.47 309.112 7852.68 150.298
7803.52 345.561 7866.14 167.221
7817.27 350.768 7880.76 120.358
7832.78 353.372 7894.22 150.298
7845.07 301.302 7909.14 108.642
7859.99 271.361 7922.6 82.6068
7873.74 316.923 7936.94 124.263
7888.37 305.207 7950.39 108.642
7901.83 247.93 7965.02 119.056
7915.58 331.242 7980.23 150.298
7929.33 296.095 7992.8 125.565
7943.66 314.319 8007.14 158.109
7958 328.639 8020.59 139.884
7971.74 309.112 8034.63 154.203
7986.08 286.982 8048.38 106.038
7999.83 257.042 8062.71 147.695
8014.16 260.947 8076.45 112.547
8028.2 296.095 8090.19 106.038
8042.23 283.077 8105.4 93.0208
8055.98 315.621 8118.85 145.091
8069.73 301.302 8133.77 184.144
8084.93 324.733 8147.51 164.617
8099.26 313.018 8160.67 122.961
8112.71 292.189 8176.16 141.186
8125.29 298.698 8189.61 148.996
8139.91 289.586 8203.35 135.979
8154.23 326.035 8217.39 108.642
8167.98 280.474 8231.13 125.565
8181.43 310.414 8243.99 137.281
8196.63 314.319 8260.07 142.488
8210.08 319.526 8273.51 146.393
8223.23 358.579 8287.25 172.428
8238.14 319.526 8301.58 178.937
8251.59 310.414 8316.19 138.582
8266.79 315.621 8329.05 155.505
8280.82 266.154 8344.25 120.358
8294.27 300 8357.7 117.754
8308.01 289.586 8372.31 163.316
8322.62 301.302 8385.17 160.712
8336.07 307.811 8399.78 162.014
8349.8 342.958 8413.52 194.558
8363.83 296.095 8427.84 194.558
8378.45 307.811 8441.57 148.996
8391.89 273.965 8455.89 151.6
8405.33 277.87 8470.5 154.203
8420.82 277.87 8483.94 129.47
8433.97 271.361 8497.97 133.375
8447.71 262.249 8511.99 146.393
8462.32 327.337 8526.02 152.902
8475.17 324.733 8540.33 164.617
8490.37 354.674 8553.77 178.937
8504.69 319.526 8568.09 180.238
8517.54 324.733 8582.11 173.73
8532.74 284.379 8596.13 139.884
8546.18 292.189 8610.16 132.074
8561.08 270.06 8624.47 120.358
8574.22 298.698 8638.2 130.772
8588.25 283.077 8651.64 104.737
8601.39 345.561 8667.41 160.712
8616.58 336.449 8680.55 142.488
8630.6 323.432 8694.28 154.203
8643.75 345.561 8708.6 142.488
8657.48 307.811 8722.61 163.316
8671.79 267.456 8736.05 139.884
8686.69 267.456 8751.24 103.435
8700.42 288.284 8764.96 152.902
8714.73 328.639 8777.81 146.393
8728.46 294.793 8793.29 171.126
8742.18 344.26 8806.73 135.979
8755.03 329.94 8820.16 146.393
8770.8 324.733 8835.34 156.807
8784.82 320.828 8849.07 146.393
8797.96 307.811 8863.38 168.523
8812.27 314.319 8875.93 168.523
8827.46 288.284 8890.82 142.488
8840.6 272.663 8905.42 147.695
8854.03 310.414 8918.85 143.789
8868.92 310.414 8933.75 121.659
8882.36 294.793 8947.47 175.031
8895.5 327.337 8961.48 169.824
8910.39 316.923 8974.33 194.558
8925.28 297.397 8989.51 188.049
8938.13 296.095 9003.23 189.351
8952.14 268.758 9016.95 159.41
8965.86 258.344 9031.25 181.54
8979.29 283.077 9044.98 146.393
8994.18 273.965 9059.57 167.221
9008.48 314.319 9073.58 188.049
9021.62 350.768 9087.89 180.238
9035.93 324.733 9101.61 172.428
9050.52 335.147 9115.03 182.842
9063.95 349.467 9129.92 182.842
9078.26 301.302 9143.35 151.6
9093.14 273.965 9157.07 148.996
9106.28 268.758 9171.95 141.186
9121.16 303.905 9185.67 152.902
9134.88 292.189 9199.68 188.049
9148.89 309.112 9213.69 154.203
9162.9 315.621 9227.7 172.428
9176.33 331.242 9242 168.523
9190.92 326.035 9256.3 215.386
9203.76 316.923 9269.14 195.86
9219.53 306.509 9284.31 185.445
9231.78 297.397 9298.32 204.972
9246.38 306.509 9311.45 154.203
9261.26 335.147 9325.75 151.6
9274.68 292.189 9339.18 184.144
9288.98 324.733 9354.06 176.333
9302.7 303.905 9368.65 190.653
9316.71 311.716 9381.2 182.842
9330.42 320.828 9396.95 175.031
9344.43 333.846 9410.08 208.877
9359.31 329.94 9424.68 197.161
9373.03 329.94 9438.68 159.41
9386.45 297.397 9452.69 182.842
9400.45 289.586 9466.69 168.523
9415.04 336.449 9480.4 167.221
9428.47 313.018 9494.99 171.126
9442.76 328.639 9509.29 188.049
9456.19 335.147 9522.71 162.014
9470.48 323.432 9536.71 172.428
9485.36 314.319 9550.72 134.677
9499.08 331.242 9563.85 146.393
9511.33 327.337 9578.73 167.221
9526.79 310.414 9592.73 176.333
9539.92 310.414 9607.02 201.067
9555.09 337.751 9621.03 164.617
9568.51 354.674 9634.74 181.54
9582.23 323.432 9648.74 207.575
9596.81 340.354 9661.87 190.653
9611.11 341.656 9676.45 152.902
9624.53 336.449 9691.33 165.919
9638.82 341.656 9705.34 142.488
9651.95 363.786 9719.05 151.6
9666.54 349.467 9733.05 135.979
9679.96 342.958 9745.88 147.695
9695.13 316.923 9760.76 146.393
9709.42 358.579 9775.34 169.824
9722.84 307.811 9789.64 177.635
9735.97 350.768 9803.35 155.505
9751.13 323.432 9816.48 177.635
9764.55 320.828 9832.52 189.351
9778.85 318.225 9845.64 151.6
9793.14 335.147 9859.35 152.902
9806.85 313.018 9873.65 155.505
9820.27 342.958 9888.52 169.824
9833.98 378.105 9901.06 186.747
9848.56 306.509 9915.06 176.333
9863.14 326.035 9928.77 180.238
9876.85 331.242 9943.94 163.316
9890.85 340.354 9957.65 184.144
9905.44 319.526 9971.06 173.73
9918.86 355.975 9985.94 139.884
9933.15 333.846 9999.94 146.393
9947.15 357.277 10013.9 160.712
9960.57 340.354 10028.5 155.505
9973.98 359.881 10042.2 182.842
9989.15 350.768 10055.6 163.316
10003.1 320.828 10069.9 203.67
10016.3 335.147 10083.9 172.428
10030.8 366.39 10097.9 176.333
10044.9 348.165 10112.2 150.298
10058.6 313.018 10125.9 112.547
10072 314.319 10140.5 138.582
10087.4 341.656 10154.2 126.866
10101.1 359.881 10168.8 164.617
10115.7 336.449 10182.2 201.067
10129.7 359.881 10195.9 178.937
10142.8 357.277 10210.8 194.558
10156 362.484 10223.9 190.653
10171.4 326.035 10238.5 184.144
10184 350.768 10251.9 162.014
10200 374.2 10266.2 173.73
10212.8 371.597 10280.5 130.772
10226.5 372.898 10294.5 160.712
10241.1 326.035 10308.5 202.368
10254.8 378.105 10322.5 199.765
10268 402.839 10336.8 219.291
10283.7 370.295 10350.8 220.593
10297.1 379.407 10365.1 203.67
10310.8 378.105 10379.4 176.333
10324 345.561 10392.2 173.73
10338.8 362.484 10406.8 164.617
10352.5 319.526 10421.1 158.109
10366.8 374.2 10435.4 182.842
10381.4 380.709 10449.7 216.688
10394.3 387.218 10462.5 240.119
10409.1 391.123 10476.8 232.309
10422.5 384.614 10491.1 210.179
10437.1 430.176 10505.4 210.179
10450.8 387.218 10519.1 185.445
10465.1 405.442 10533.4 154.203
10479.4 423.667 10547.1 180.238
10492.5 367.691 10561.4 142.488
10506.8 354.674 10575.6 176.333
10520.5 397.632 10589.1 171.126
10535.7 396.33 10602.8 224.498
10549.1 397.632 10617.9 237.516
10562.8 444.495 10631.4 242.723
10576.8 396.33 10645.6 215.386
10591.4 414.554 10659.4 203.67
10605.4 411.951 10673.9 178.937
10618.5 391.123 10687.6 142.488
10632.8 396.33 10701.7 216.688
10646.5 389.821 10715.9 193.256
10660.8 400.235 10729.6 229.705
10674.8 431.477 10744.2 268.758
10688.2 421.063 10757.1 280.474
10702.5 445.797 10772.2 277.87
10717.1 483.548 10786.2 224.498
10732.3 460.116 10800.2 215.386
10744.2 458.814 10814.2 201.067
10758.5 466.625 10828.2 203.67
10773.7 466.625 10841.6 199.765
10787.1 456.211 10855.9 201.067
10800.8 454.909 10869.6 223.196
10814.8 499.169 10884.8 240.119
10829.4 487.453 10898.5 240.119
10842.2 497.867 10912.2 241.421
10856.8 538.221 10927.1 242.723
10871.1 484.849 10940.5 211.481
10885.4 487.453 10954 171.126
10899.1 458.814 10968.5 202.368
10912.8 469.228 10982.3 220.593
10927.1 495.263 10996 267.456
10939.9 475.737 11010.5 281.775
10955.4 504.376 11024.8 293.491
10969.4 513.488 11038.6 290.888
10982.8 529.109 11052.5 286.982
10996.3 521.298 11066.3 288.284
11011.1 539.523 11080.9 227.102
11025.1 534.316 11094.3 257.042
11038.8 525.204 11109.1 236.214
11052.5 517.393 11122.6 228.403
11066.8 526.505 11136.3 255.74
11081.1 535.618 11152 275.267
11095.1 529.109 11165.7 280.474
11109.1 534.316 11179.2 310.414
11122.3 556.446 11192.9 305.207
11137.7 536.92 11207.5 293.491
11150.9 557.748 11221.2 279.172
11164.9 568.162 11234.9 263.551
11178.9 570.765 11248.6 254.439
11193.2 577.274 11263.8 292.189
11207.8 572.067 11277.8 270.06
11220.6 514.79 11291.5 307.811
11235.5 564.256 11305.8 315.621
11248.3 536.92 11319.5 327.337
11264.4 585.084 11333.5 336.449
11276.9 604.611 11346.9 303.905
11291.2 603.309 11361.8 328.639
11304.9 608.516 11376.1 324.733
11319.8 582.481 11390.4 305.207
11334.1 587.688 11403.5 292.189
11347.5 613.723 11418.7 342.958
11361.5 626.741 11431.5 326.035
11374.9 603.309 11446.1 320.828
11389.2 631.948 11460.4 358.579
11403 637.155 11474.7 353.372
11417.8 655.379 11488.2 348.165
11430.4 631.948 11502.5 294.793
11444.7 638.456 11516.8 306.509
11459 626.741 11530.8 315.621
11473.6 656.681 11543.9 375.502
11487 631.948 11558.5 365.088
11501.9 667.095 11572.2 350.768
11515.3 661.888 11586.5 366.39
11529.3 667.095 11601.1 379.407
11543.6 707.45 11614.8 379.407
11557 678.811 11628.6 375.502
11571 690.527 11642.8 358.579
11584.2 667.095 11656.3 340.354
11600.2 676.207 11670 421.063
11612.5 703.544 11684.6 388.519
11627.4 668.397 11698.6 392.425
11641.1 706.148 11712.9 408.046
11655.1 760.821 11726.9 423.667
11668.3 772.537 11740.6 384.614
11683.1 734.786 11755.2 396.33
11697.2 772.537 11768.4 368.993
11712 795.969 11783 389.821
11724.9 724.372 11797.9 411.951
11739.2 754.313 11811.3 427.572
11753.5 738.692 11825.9 447.098
11766.9 789.46 11839.3 424.969
11781.5 769.934 11853.3 437.986
11795.5 795.969 11867.9 401.537
11809.5 792.064 11881.6 427.572
11822.4 838.927 11896 435.383
11837.3 794.667 11909.7 444.495
11850.7 814.194 11923.4 461.418
11863.8 760.821 11936.6 462.719
11879 803.78 11951.4 457.512
11893 801.176 11966.3 493.962
11907.3 798.572 11979.8 501.772
11921.4 846.737 11993.8 500.47
11935.1 846.737 12007.8 496.565
11949.7 888.394 12021.8 465.323
11963.4 890.997 12036.1 445.797
11976.8 901.411 12049.3 452.305
11990.9 861.057 12064.5 508.281
12005.2 863.66 12078.2 491.358
12018.6 876.678 12092.2 516.091
12033.5 846.737 12105.6 551.239
12047.2 897.506 12120.2 569.463
12061 906.618 12134.6 577.274
12076.1 949.576 12147.7 581.179
12089 979.517 12162.9 536.92
12103.6 995.138 12176.3 506.979
12116.7 988.629 12190 495.263
12131.3 967.801 12205.5 533.014
12145.4 953.481 12218.7 572.067
12158.5 923.541 12231.8 594.197
12172.8 961.292 12246.7 630.646
12187.4 974.309 12261 631.948
12201.7 995.138 12274.8 677.509
12215.2 1110.99 12289.1 638.456
12229.2 1083.66 12303.7 633.249
12243.2 1079.75 12317.1 592.895
12256.9 1070.64 12331.4 579.878
12271.3 1026.38 12345.2 595.499
12285 1004.25 12359.5 611.12
12299.3 1057.62 12372.9 669.699
12313 1048.51 12387.3 697.036
12327.6 1100.58 12401 742.597
12342 1135.73 12415.9 698.337
12354.8 1133.12 12429.6 745.2
12369.4 1159.16 12442.8 723.071
12382.9 1138.33 12458 690.527
12398.1 1160.46 12472 682.716
12410.6 1124.01 12485.4 700.941
12425.8 1107.09 12500.6 699.639
12439.3 1105.79 12513.5 768.632
12453.6 1121.41 12527.8 831.116
12466.7 1204.72 12542.4 849.341
12480.8 1238.57 12555.6 866.264
12494.5 1248.98 12569.9 857.151
12509.4 1311.46 12584.5 842.832
12523.1 1301.05 12598.8 840.229
12537.2 1293.24 12612.6 797.271
12551.2 1259.39 12627.2 806.383
12565.2 1264.6 12640.6 824.608
12579.5 1281.52 12654.9 909.222
12593.3 1302.35 12668.1 956.085
12607.9 1314.07 12682.4 1001.65
12621.3 1338.8 12697.3 1015.97
12635.1 1383.06 12711.4 1023.78
12649.4 1398.68 12724.8 1010.76
12662.5 1354.42 12739.4 904.015
12677.5 1380.46 12752.9 948.274
12691.2 1359.63 12767.2 935.257
12704.9 1346.61 12781.5 993.836
12718.7 1363.53 12796.2 1040.7
12733 1403.89 12809.3 1142.24
12747 1432.53 12823.4 1172.18
12761.4 1483.3 12838.5 1206.02
12775.7 1531.46 12851.7 1185.19
12789.1 1545.78 12865.8 1151.35
12803.2 1496.31 12880.4 1139.63
12817.5 1506.73 12894.4 1159.16
12830.9 1496.31 12908.1 1185.19
12845.6 1468.98 12921.9 1241.17
12859 1519.75 12937.4 1263.3
12873.4 1582.23 12951.7 1409.1
12887.1 1625.19 12965.8 1436.43
12901.4 1638.2 12980.7 1457.26
12915.2 1688.97 12994.4 1450.75
12928.6 1688.97 12999.4 1420.81
12943.2 1623.89 12985.4 1442.94
12957 1578.32 12970.7 1472.88
