6013.91 -274.074 6028.02 -387.327
6005.39 -31.9477 6043.88 -348.274
6001.28 60.4769 6055.92 -332.653
6009.51 120.358 6070.32 -309.222
6021.85 180.238 6084.71 -307.92
6036.53 173.73 6097.93 -320.937
6050.64 158.109 6112.91 -354.783
6065.03 137.281 6126.43 -395.138
6079.42 111.245 6140.23 -417.267
6092.65 85.2103 6154.04 -402.948
6107.04 61.7787 6169.02 -365.197
6121.14 121.659 6182.52 -322.239
6135.24 148.996 6196.92 -275.376
6148.75 231.007 6211.31 -266.264
6163.73 242.723 6224.82 -251.944
6177.83 258.344 6238.62 -319.636
6191.92 240.119 6252.72 -281.885
6205.14 210.179 6267.4 -310.523
6219.82 165.919 6280.91 -315.73
6233.63 180.238 6294.41 -254.548
6247.43 152.902 6308.8 -250.643
6262.11 208.877 6322.31 -205.081
6275.62 280.474 6336.99 -188.158
6289.72 303.905 6350.79 -155.615
6303.52 310.414 6364.88 -171.236
6317.9 341.656 6379.56 -182.951
6331.41 290.888 6391.6 -236.323
6345.21 266.154 6408.04 -202.478
6359.89 227.102 6421.25 -201.176
6373.69 264.853 6434.76 -201.176
6387.78 237.516 6449.43 -153.011
6402.17 246.628 6463.23 -100.941
6416.26 340.354 6476.14 -71.0004
6428.89 350.768 6491.41 -77.5092
6444.44 307.811 6504.62 -91.8285
6457.65 348.165 6519 -124.372
6472.33 331.242 6532.8 -197.271
6485.24 298.698 6548.06 -160.822
6499.92 309.112 6560.97 -151.709
6514.01 289.586 6575.06 -134.786
6528.39 270.06 6588.85 -67.0951
6542.48 313.018 6603.81 -47.5688
6555.98 348.165 6618.19 -46.267
6570.36 346.863 6631.69 -13.7231
6583.86 342.958 6646.07 -15.0249
6597.95 331.242 6658.69 -72.3021
6612.33 329.94 6673.06 -72.3021
6625.82 310.414 6687.73 -77.5092
6641.38 297.397 6701.23 -34.5512
6653.99 311.716 6716.49 -54.0776
6668.37 327.337 6729.69 -33.2495
6682.75 352.07 6744.06 -18.9302
6696.24 366.39 6758.14 29.2348
6710.03 365.088 6771.64 3.1997
6725.29 333.846 6786.3 -31.9477
6738.2 311.716 6800.09 -24.1372
6751.98 306.509 6814.17 -48.8705
6765.77 302.604 6827.08 -2.00733
6781.02 324.733 6841.15 -37.1547
6794.81 307.811 6856.7 12.312
6808.3 329.94 6869.6 53.9682
6822.38 340.354 6884.27 90.4173
6837.05 362.484 6897.17 64.3822
6850.54 366.39 6913.3 87.8138
6864.32 366.39 6925.61 50.0629
6878.4 340.354 6939.69 34.4418
6892.48 333.846 6955.23 0.596186
6906.85 324.733 6968.13 25.3295
6920.63 342.958 6981.91 34.4418
6935.29 327.337 6995.99 40.9506
6948.49 363.786 7011.23 93.0208
6962.27 337.751 7025.01 83.9085
6976.93 342.958 7038.49 85.2103
6990.71 349.467 7052.86 125.565
7004.19 354.674 7065.46 86.5121
7018.27 339.053 7080.71 74.7963
7033.51 324.733 7094.78 90.4173
7046.41 315.621 7109.43 89.1156
7061.07 333.846 7122.04 93.0208
7075.14 332.544 7136.69 100.831
7089.5 353.372 7149.88 139.884
7102.98 368.993 7164.53 150.298
7117.64 352.07 7178.6 163.316
7132 396.33 7193.55 116.452
7144.9 379.407 7206.15 139.884
7158.67 344.26 7219.92 138.582
7173.62 336.449 7234.57 133.375
7187.39 352.07 7247.76 117.754
7200.58 344.26 7262.99 137.281
7215.82 342.958 7277.64 143.789
7229.3 352.07 7291.41 180.238
7242.48 379.407 7305.18 150.298
7257.43 358.579 7319.24 122.961
7270.61 354.674 7332.72 177.635
7284.09 350.768 7347.07 121.659
7299.32 350.768 7360.84 139.884
7314.26 336.449 7375.49 130.772
7327.16 350.768 7390.43 132.074
7341.22 375.502 7402.73 141.186
7355.57 349.467 7417.38 171.126
7369.05 339.053 7431.43 159.41
7383.98 378.105 7445.49 168.523
7397.46 363.786 7458.96 225.8
7411.22 367.691 7473.02 178.937
7425.57 358.579 7488.25 188.049
7439.05 350.768 7500.84 139.884
7453.98 353.372 7515.19 137.281
7467.16 348.165 7530.41 167.221
7482.1 348.165 7544.18 137.281
7495.57 344.26 7556.77 181.54
7509.62 345.561 7572.28 165.919
7523.09 350.768 7585.75 175.031
7536.56 352.07 7598.93 168.523
7551.79 354.674 7614.15 188.049
7567.01 336.449 7628.49 158.109
7579.9 332.544 7641.96 169.824
7593.36 345.561 7656.01 202.368
7607.71 345.561 7669.18 152.902
7621.18 372.898 7684.11 199.765
7635.52 357.277 7697.87 201.067
7649.28 362.484 7711.63 215.386
7663.33 342.958 7725.97 212.782
7677.38 341.656 7739.72 199.765
7691.43 346.863 7753.77 234.912
7705.48 324.733 7767.52 224.498
7719.82 341.656 7782.16 150.298
7733.87 350.768 7796.2 116.452
7747.92 375.502 7810.83 152.902
7761.38 378.105 7824.29 145.091
7775.43 337.751 7838.63 172.428
7790.06 355.975 7852.09 162.014
7804.1 341.656 7866.72 162.014
7817.57 332.544 7880.47 181.54
7831.61 326.035 7894.52 201.067
7845.65 355.975 7907.97 156.807
7859.41 370.295 7922.31 164.617
7873.16 376.804 7936.06 182.842
7887.49 362.484 7950.1 148.996
7901.24 350.768 7964.72 133.375
7916.16 395.028 7979.35 180.238
7929.62 350.768 7992.51 180.238
7943.37 366.39 8007.14 176.333
7958 354.674 8020.3 169.824
7972.91 359.881 8034.63 190.653
7985.2 365.088 8048.96 158.109
8000.41 348.165 8062.71 173.73
8013.57 372.898 8076.16 128.168
8028.2 354.674 8089.9 130.772
8042.23 331.242 8104.82 158.109
8055.69 355.975 8118.85 169.824
8070.31 361.182 8132.89 228.403
8084.64 349.467 8147.22 227.102
8099.26 340.354 8160.96 220.593
8110.96 362.484 8175.29 215.386
8125.87 335.147 8188.74 176.333
8139.61 337.751 8202.77 167.221
8153.65 305.207 8217.68 181.54
8167.39 327.337 8231.13 169.824
8180.84 359.881 8244.87 188.049
8196.04 361.182 8260.07 224.498
8210.37 383.312 8273.51 234.912
8223.82 383.312 8286.96 221.895
8237.56 315.621 8301.87 207.575
8251.88 363.786 8315.9 206.274
8266.21 350.768 8329.64 195.86
8280.24 357.277 8343.38 185.445
8294.27 345.561 8356.82 216.688
8308.01 354.674 8371.73 180.238
8322.33 336.449 8385.75 193.256
8336.07 401.537 8399.2 203.67
8350.39 367.691 8413.52 204.972
8363.83 367.691 8427.54 202.368
8378.45 348.165 8441.28 224.498
8392.18 350.768 8455.31 223.196
8405.92 342.958 8469.92 180.238
8420.82 345.561 8484.23 176.333
8434.26 371.597 8497.97 167.221
8447.12 344.26 8512.58 185.445
8462.03 346.863 8526.31 206.274
8476.05 388.519 8540.33 199.765
8490.66 350.768 8553.48 186.747
8503.23 332.544 8568.97 197.161
8518.42 331.242 8581.82 197.161
8532.74 335.147 8596.13 158.109
8546.47 346.863 8610.16 184.144
8560.2 336.449 8624.76 163.316
8574.22 345.561 8638.78 190.653
8588.83 339.053 8651.93 190.653
8601.68 378.105 8666.53 189.351
8616.29 385.916 8680.26 231.007
8630.9 329.94 8694.87 211.481
8644.63 382.011 8708.01 220.593
8657.19 366.39 8723.2 215.386
8672.96 344.26 8736.05 173.73
8686.4 331.242 8750.65 197.161
8699.83 352.07 8764.96 175.031
8713.85 384.614 8778.69 189.351
8728.16 375.502 8792.71 201.067
8742.47 358.579 8806.73 241.421
8756.2 352.07 8820.16 212.782
8770.8 353.372 8834.47 195.86
8783.65 341.656 8848.19 181.54
8797.96 332.544 8863.67 191.954
8813.15 332.544 8876.81 142.488
8826.29 329.94 8890.53 169.824
8840.89 371.597 8906.01 184.144
8854.32 365.088 8919.15 202.368
8868.92 354.674 8932.28 228.403
8882.36 363.786 8946.59 229.705
8896.08 392.425 8960.9 237.516
8910.39 365.088 8975.5 199.765
8924.69 397.632 8989.51 182.842
8937.83 340.354 9004.1 185.445
8952.43 332.544 9016.66 210.179
8966.15 342.958 9031.55 182.842
8980.46 346.863 9045.27 184.144
8994.76 388.519 9059.86 201.067
9008.78 362.484 9073 219.291
9022.79 382.011 9086.43 184.144
9036.8 378.105 9101.9 221.895
9049.65 375.502 9115.33 201.067
9064.53 326.035 9129.05 164.617
9078.84 352.07 9143.93 201.067
9092.85 327.337 9157.36 172.428
9106.57 363.786 9171.95 178.937
9120.29 388.519 9185.67 154.203
9134.59 389.821 9199.68 223.196
9148.89 382.011 9213.98 204.972
9162.32 358.579 9227.4 214.084
9176.62 395.028 9242.29 217.989
9190.34 358.579 9256.3 197.161
9204.35 337.751 9268.55 155.505
9219.23 401.537 9284.31 162.014
9231.78 363.786 9298.61 148.996
9246.38 358.579 9311.75 169.824
9260.68 384.614 9325.75 154.203
9274.68 388.519 9339.18 169.824
9288.98 383.312 9353.48 216.688
9302.12 391.123 9367.48 191.954
9316.41 396.33 9382.36 202.368
9331.3 368.993 9396.37 184.144
9344.72 370.295 9410.67 165.919
9359.89 354.674 9424.09 130.772
9372.15 352.07 9438.39 132.074
9386.16 404.14 9451.81 122.961
9400.45 389.821 9465.81 137.281
9415.04 398.933 9480.4 185.445
9428.47 370.295 9493.53 195.86
9442.76 419.762 9508.41 162.014
9455.89 393.726 9522.42 184.144
9470.48 384.614 9536.13 145.091
9485.07 417.158 9551.01 160.712
9498.2 406.744 9564.72 145.091
9512.5 368.993 9578.73 147.695
9526.21 409.347 9593.02 178.937
9541.09 405.442 9606.44 145.091
9555.09 384.614 9621.61 220.593
9567.93 392.425 9635.03 207.575
9582.23 384.614 9649.32 180.238
9596.52 384.614 9663.62 184.144
9611.11 371.597 9676.16 188.049
9625.11 378.105 9691.92 146.393
9637.95 379.407 9704.75 158.109
9651.95 401.537 9717.88 176.333
9667.12 411.951 9733.63 158.109
9679.96 393.726 9746.47 164.617
9694.83 389.821 9761.05 194.558
9709.13 402.839 9775.34 190.653
9722.55 395.028 9789.64 219.291
9736.84 376.804 9803.06 220.593
9750.26 339.053 9817.35 177.635
9764.55 401.537 9831.64 167.221
9779.72 409.347 9845.94 175.031
9792.26 419.762 9859.06 169.824
9806.56 406.744 9873.94 159.41
9821.14 415.856 9887.94 207.575
9834.85 365.088 9900.77 220.593
9848.56 391.123 9915.65 180.238
9861.1 374.2 9929.65 221.895
9876.85 366.39 9943.65 199.765
9890.56 337.751 9957.94 207.575
9904.56 393.726 9972.23 212.782
9918.56 408.046 9986.82 171.126
9932.56 421.063 9999.36 143.789
9946.85 428.874 10013.6 184.144
9960.57 379.407 10027.9 203.67
9975.15 382.011 10041.9 193.256
9988.27 385.916 10055.6 212.782
10002.9 384.614 10069.6 234.912
10016.9 385.916 10084.5 224.498
10030.8 401.537 10097.6 173.73
10044.9 406.744 10111.6 220.593
10059.1 435.383 10126.8 175.031
10073.1 456.211 10140.2 207.575
10087.4 475.737 10154.5 189.351
10101.1 451.004 10167.9 199.765
10115.7 427.572 10183.1 216.688
10128.6 372.898 10195.9 212.782
10142.3 387.218 10209 245.326
10156.9 365.088 10224.5 228.403
10170.6 432.779 10238.8 193.256
10184.9 447.098 10253.4 194.558
10200 449.702 10266.2 211.481
10212.8 470.53 10280.2 241.421
10226.5 466.625 10294.5 238.817
10241.4 487.453 10308.5 217.989
10255.7 417.158 10321.9 250.533
10268.3 421.063 10337.1 277.87
10284 422.365 10350.2 257.042
10297.4 389.821 10364.8 251.835
10310.5 419.762 10378.2 204.972
10325.1 464.021 10392.8 195.86
10339.1 522.6 10407.4 224.498
10353.1 533.014 10422 225.8
10367.7 490.056 10434.8 253.137
10381.4 462.719 10448.5 251.835
10394.5 451.004 10463.1 241.421
10408.8 408.046 10476.8 244.025
10422.8 414.554 10490.8 259.646
10436.5 409.347 10504.5 208.877
10450.2 475.737 10518.8 208.877
10464.2 469.228 10534 195.86
10479.1 519.997 10546.8 247.93
10493.4 538.221 10561.6 267.456
10507.4 517.393 10576.2 262.249
10521.4 473.134 10589.1 233.61
10534.8 460.116 10603.1 254.439
10549.4 451.004 10617.9 284.379
10562.8 427.572 10631.6 219.291
10577.1 431.477 10645.1 242.723
10590.5 441.891 10658.5 220.593
10604.5 497.867 10673.9 217.989
10619.7 543.428 10687.9 250.533
10632.8 570.765 10701.4 244.025
10647.1 526.505 10716.2 254.439
10661.1 480.944 10729.9 262.249
10674.5 454.909 10743.4 231.007
10688.2 443.193 10757.6 289.586
10702.8 466.625 10771.6 237.516
10717.1 474.435 10786.5 232.309
10730.8 504.376 10799.9 238.817
10745.1 568.162 10814.2 266.154
10758.5 620.232 10826.8 251.835
10773.1 579.878 10841.6 285.681
10786.8 573.369 10856.5 277.87
10800.8 519.997 10870.8 306.509
10814.2 522.6 10884.2 264.853
10829.7 477.039 10898.5 260.947
10843.4 467.926 10912.2 267.456
10856.5 487.453 10927.1 290.888
10870.8 540.825 10939.7 277.87
10884.8 588.99 10954.8 314.319
10898.8 654.078 10968.8 290.888
10913.1 654.078 10982.5 311.716
10928 663.19 10996 310.414
10940.5 572.067 11011.7 276.568
10954.8 570.765 11025.1 323.432
10969.4 555.144 11037.7 257.042
10983.1 540.825 11052 296.095
10997.4 560.351 11066.5 319.526
11011.4 629.344 11080.6 293.491
11025.4 685.32 11094.8 311.716
11039.1 691.828 11108.6 313.018
11052.5 689.225 11124 313.018
11066.8 694.432 11136 326.035
11081.7 615.025 11150.3 327.337
11094.3 573.369 11165.2 339.053
11109.7 564.256 11179.4 284.379
11123.4 599.404 11193.5 358.579
11136.9 630.646 11206.9 340.354
11150.6 677.509 11221.5 316.923
11165.2 726.976 11234 322.13
11178.9 721.769 11249.2 328.639
11192.9 700.941 11263.2 350.768
11207.8 621.534 11277.8 329.94
11220.3 595.499 11290.3 316.923
11235.5 579.878 11305.2 329.94
11249.5 557.748 11319.5 341.656
11263.8 616.327 11332.6 342.958
11276.9 673.604 11348.4 341.656
11291.8 687.923 11362.1 370.295
11304.6 734.786 11375.8 366.39
11319.5 713.958 11389.5 382.011
11332.9 689.225 11404.1 359.881
11348.1 626.741 11418.4 346.863
11360.9 599.404 11431.8 342.958
11375.2 604.611 11445 378.105
11388.7 631.948 11459.3 374.2
11403.5 659.285 11473.6 387.218
11417.3 707.45 11488.2 367.691
11431.3 728.278 11502.2 405.442
11445.3 725.674 11516.5 428.874
11459.3 698.337 11530.2 396.33
11472.7 673.604 11544.2 361.182
11487 629.344 11559.1 380.709
11502.5 617.628 11572.5 366.39
11515 608.516 11585.9 400.235
11529.6 672.302 11600.8 423.667
11543 719.165 11614.5 393.726
11558.8 786.857 11628.8 393.726
11570.8 798.572 11641.7 401.537
11585.4 819.401 11656.3 396.33
11599.4 801.176 11670.3 410.649
11614.3 724.372 11684.9 428.874
11626.8 717.864 11698.6 426.27
11640.8 682.716 11712.9 422.365
11654.8 682.716 11727.2 443.193
11668.8 769.934 11740.9 445.797
11682.8 827.211 11755.2 474.435
11697.2 838.927 11769 454.909
11712 888.394 11783.3 488.755
11724.9 870.169 11797.6 458.814
11739.5 823.306 11811 467.926
11753.2 807.685 11825.3 437.986
11767.2 742.597 11838.4 471.832
11781.5 741.295 11853.3 474.435
11795.8 779.046 11867.4 496.565
11809.3 803.78 11881.4 482.246
11823.3 870.169 11895.7 506.979
11836.7 941.766 11909.7 470.53
11851.6 935.257 11922.5 470.53
11865.3 894.902 11937.7 477.039
11879.9 846.737 11951.7 470.53
11893.6 781.65 11966.6 517.393
11906.8 782.951 11980.4 516.091
11921.7 818.099 11994.7 523.902
11935.7 805.081 12008.7 557.748
11949.7 897.506 12022.4 542.127
11962.5 935.257 12036.1 487.453
11977.4 991.232 12049.8 501.772
11990.3 932.653 12063.6 534.316
12004.9 911.825 12077.9 565.558
12019.5 857.151 12093.1 552.541
12034.1 835.022 12106.5 587.688
12047.2 832.418 12119.9 602.007
12061 864.962 12134 600.706
12075.5 890.997 12148.6 588.99
12089 937.86 12163.2 598.102
12103 986.025 12176 602.007
12117.3 991.232 12190.6 625.439
12130.8 959.99 12205.2 596.8
12144.8 949.576 12218.1 628.042
12158.5 917.032 12232.1 667.095
12174 880.583 12247.6 642.362
12187.4 883.187 12261.3 664.492
12202 901.411 12274.8 699.639
12214.6 948.274 12289.1 674.906
12229.5 1026.38 12302.5 621.534
12243.2 1027.68 12317.1 663.19
12257.8 1066.73 12330.6 673.604
12270.4 1030.28 12345.5 651.474
12286.2 1021.17 12358.9 702.243
12299.3 991.232 12373.5 684.018
12313 973.008 12388.1 734.786
12326.8 948.274 12401.6 768.632
12341.4 1005.55 12415.3 741.295
12354.5 1062.83 12429.6 715.26
12368.8 1130.52 12443.4 691.828
12383.7 1182.59 12458.3 676.207
12397.5 1172.18 12472 659.285
12411.8 1135.73 12486 673.604
12425.2 1135.73 12500.3 719.165
12439.3 1125.31 12513.2 739.993
12453 1074.54 12527.2 769.934
12466.7 1118.8 12543.3 772.537
12481.3 1161.76 12555.9 775.141
12495.1 1179.99 12569 758.218
12509.1 1238.57 12584.2 737.39
12522.3 1277.62 12598.8 781.65
12537.7 1258.09 12611.7 819.401
12551.2 1277.62 12626.3 808.987
12565.2 1254.19 12640.6 851.944
12579.8 1273.71 12654.7 841.53
12593.6 1204.72 12668.7 893.601
12607.3 1233.36 12682.7 917.032
12621 1263.3 12697.1 913.127
12635.7 1284.13 12710.8 963.895
12648.5 1302.35 12724.5 902.713
12663.4 1337.5 12738.8 936.559
12678.3 1316.67 12753.5 918.334
12690.9 1340.1 12767.5 953.481
12704.7 1317.97 12780.7 1014.66
12718.7 1272.41 12795.9 1040.7
12732.7 1271.11 12809.6 1094.07
12747.3 1293.24 12823.6 1150.05
12761.1 1334.9 12838.3 1104.49
12775.4 1358.33 12852 1112.3
12789.1 1396.08 12865.8 1121.41
12803.5 1388.27 12880.4 1108.39
12817.2 1394.78 12895 1117.5
12831.5 1419.51 12909 1187.8
12845.3 1390.87 12923.1 1196.91
12859.6 1377.85 12936.8 1198.21
12873.1 1415.6 12951.7 1271.11
12887.1 1427.32 12965.5 1239.87
12901.1 1450.75 12980.7 1293.24
12915.5 1468.98 12994.7 1311.46
12928.9 1495.01 12998.5 1303.65
12942.4 1502.82 12984.8 1371.34
12957.3 1431.23 12971.3 1390.87
