6013.62 -382.12 6027.72 -333.955
6005.1 55.2699 6042.12 -340.464
5999.81 37.0453 6056.51 -384.723
6009.21 74.7963 6070.32 -417.267
6022.14 80.0033 6084.71 -421.173
6035.36 125.565 6098.52 -430.285
6050.93 112.547 6112.33 -430.285
6064.44 126.866 6126.72 -401.646
6078.54 139.884 6140.82 -382.12
6093.23 154.203 6154.04 -339.162
6107.04 155.505 6169.02 -359.99
6121.72 156.807 6182.23 -333.955
6134.94 160.712 6196.03 -362.594
6148.45 167.221 6210.43 -323.541
6164.32 185.445 6224.23 -340.464
6177.83 197.161 6238.91 -298.808
6190.75 202.368 6253.01 -354.783
6205.73 231.007 6266.52 -290.997
6220.12 195.86 6281.49 -284.488
6233.04 229.705 6294.41 -305.316
6247.72 208.877 6308.8 -236.323
6261.23 267.456 6322.6 -267.565
6275.62 253.137 6336.99 -249.341
6289.72 254.439 6350.5 -249.341
6303.52 234.912 6365.47 -270.169
6317.61 246.628 6378.98 -270.169
6332.59 268.758 6392.78 -237.625
6345.51 266.154 6407.45 -216.797
6359.89 258.344 6420.96 -224.608
6373.69 266.154 6433.58 -164.727
6388.37 272.663 6449.73 -216.797
6402.46 266.154 6463.23 -214.194
6415.67 249.232 6477.03 -233.72
6429.47 284.379 6491.11 -198.572
6443.86 309.112 6505.2 -212.892
6458.24 277.87 6519.88 -188.158
6471.16 272.663 6533.38 -188.158
6485.83 292.189 6547.18 -149.106
6500.51 277.87 6562.14 -159.52
6514.6 320.828 6575.94 -141.295
6528.98 322.13 6589.14 -180.348
6541.89 305.207 6603.81 -156.916
6556.27 284.379 6617.9 -120.467
6570.36 313.018 6630.81 -168.632
6583.57 302.604 6646.07 -169.934
6599.12 313.018 6659.86 -153.011
6612.03 327.337 6673.36 -151.709
6626.12 298.698 6688.03 -160.822
6640.49 339.053 6701.82 -119.165
6653.7 303.905 6715.9 -94.432
6668.66 307.811 6729.98 -115.26
6682.45 306.509 6744.06 -145.2
6696.24 333.846 6756.97 -137.39
6710.62 314.319 6771.93 -85.3197
6725.29 286.982 6785.72 -86.6215
6738.2 315.621 6799.8 -38.4565
6753.45 289.586 6814.46 -73.6039
6766.65 289.586 6827.37 -28.0424
6780.14 341.656 6841.45 -33.2495
6793.93 318.225 6856.4 -42.3617
6808.6 337.751 6870.48 -13.7231
6822.68 324.733 6883.97 -43.6635
6837.63 333.846 6898.05 -30.646
6851.13 323.432 6913.59 -9.81786
6863.74 324.733 6925.91 -21.5337
6878.69 331.242 6940.28 -9.81786
6892.48 333.846 6954.94 -5.91259
6905.97 341.656 6968.13 -18.9302
6921.22 340.354 6981.62 -20.2319
6934.7 333.846 6995.99 25.3295
6949.95 311.716 7010.64 9.70847
6962.27 335.147 7023.84 25.3295
6976.63 332.544 7039.08 31.8383
6991 303.905 7052.86 25.3295
7004.78 331.242 7066.34 25.3295
7019.14 328.639 7080.71 38.3471
7033.51 354.674 7094.48 77.3998
7046.7 329.94 7108.26 44.8559
7061.36 332.544 7122.33 78.7015
7074.55 333.846 7136.98 27.9331
7088.91 365.088 7150.76 77.3998
7102.69 335.147 7165.12 72.1928
7117.64 366.39 7179.19 91.7191
7130.54 339.053 7193.25 94.3226
7145.19 313.018 7207.03 111.245
7159.26 345.561 7221.38 106.038
7173.33 335.147 7235.45 107.34
7187.39 335.147 7249.81 112.547
7201.16 322.13 7263.29 90.4173
7216.11 355.975 7277.64 107.34
7229.3 354.674 7290.83 137.281
7242.77 333.846 7305.48 103.435
7257.72 310.414 7319.24 108.642
7271.2 350.768 7333.01 111.245
7285.26 327.337 7347.37 120.358
7298.74 359.881 7360.84 119.056
7312.8 374.2 7375.49 143.789
7327.45 341.656 7389.84 124.263
7342.09 355.975 7402.73 120.358
7354.98 305.207 7417.38 145.091
7369.92 333.846 7431.43 165.919
7383.4 326.035 7445.78 168.523
7397.46 337.751 7459.26 201.067
7411.52 337.751 7473.31 167.221
7425.28 349.467 7487.95 188.049
7438.75 365.088 7501.72 142.488
7453.4 337.751 7515.19 184.144
7468.04 365.088 7529.24 154.203
7480.93 313.018 7543.3 164.617
7495.57 336.449 7557.06 168.523
7510.5 355.975 7571.99 185.445
7523.39 344.26 7585.75 184.144
7537.15 345.561 7600.68 185.445
7551.79 375.502 7612.98 215.386
7565.84 372.898 7627.32 221.895
7579.31 372.898 7641.96 151.6
7593.95 335.147 7655.72 177.635
7608 346.863 7669.48 160.712
7621.76 306.509 7683.82 182.842
7635.23 337.751 7697.87 163.316
7649.57 361.182 7711.63 146.393
7663.04 331.242 7726.26 201.067
7677.67 309.112 7740.6 199.765
7691.72 371.597 7753.19 194.558
7705.48 366.39 7768.11 203.67
7719.53 342.958 7781.86 171.126
7733.28 336.449 7796.2 194.558
7747.63 315.621 7809.96 152.902
7761.67 328.639 7823.71 155.505
7775.72 318.225 7838.05 160.712
7789.18 332.544 7852.68 171.126
7803.81 309.112 7866.14 169.824
7817.86 349.467 7880.76 203.67
7831.32 350.768 7894.52 186.747
7845.65 335.147 7908.85 176.333
7859.99 303.905 7921.72 182.842
7873.74 329.94 7936.64 162.014
7888.08 306.509 7950.1 175.031
7902.12 337.751 7965.02 202.368
7916.16 315.621 7978.47 180.238
7929.62 340.354 7992.8 233.61
7943.66 335.147 8006.55 164.617
7957.41 341.656 8020.59 190.653
7971.74 370.295 8034.63 206.274
7985.49 339.053 8049.25 195.86
7999.83 324.733 8063 190.653
8013.28 292.189 8077.04 155.505
8027.9 319.526 8090.49 151.6
8041.94 340.354 8104.23 171.126
8055.4 353.372 8118.85 171.126
8070.6 361.182 8132.31 172.428
8084.35 353.372 8147.22 199.765
8098.97 337.751 8160.96 190.653
8111.83 335.147 8174.7 176.333
8125.29 307.811 8189.61 167.221
8139.61 333.846 8203.06 171.126
8154.23 339.053 8217.1 152.902
8167.98 313.018 8231.13 172.428
8181.13 319.526 8245.16 194.558
8196.63 333.846 8259.19 184.144
8210.08 339.053 8274.1 198.463
8224.4 355.975 8286.38 175.031
8237.27 357.277 8302.16 181.54
8251.59 335.147 8315.32 186.747
8266.21 306.509 8329.05 165.919
8279.95 335.147 8343.08 188.049
8293.39 296.095 8357.7 155.505
8307.72 336.449 8371.73 185.445
8322.33 357.277 8384.88 168.523
8335.78 380.709 8399.78 185.445
8350.1 367.691 8413.23 190.653
8363.54 350.768 8429 238.817
8378.15 340.354 8441.28 182.842
8392.48 348.165 8456.47 135.979
8405.92 316.923 8469.04 164.617
8419.36 313.018 8483.65 156.807
8434.56 342.958 8498.26 167.221
8447.71 326.035 8512.87 172.428
8462.32 341.656 8525.73 168.523
8476.34 352.07 8540.33 177.635
8490.66 339.053 8554.36 217.989
8504.1 363.786 8568.09 193.256
8518.13 349.467 8581.82 176.333
8532.44 348.165 8595.55 198.463
8546.76 345.561 8611.03 152.902
8559.91 332.544 8623.59 178.937
8573.06 337.751 8638.49 162.014
8588.54 358.579 8652.81 156.807
8602.85 370.295 8666.24 151.6
8616 368.993 8680.26 176.333
8630.02 342.958 8693.99 191.954
8644.33 354.674 8708.3 168.523
8658.06 324.733 8722.61 188.049
8672.38 361.182 8736.63 155.505
8686.69 365.088 8750.07 168.523
8700.71 307.811 8764.67 126.866
8714.73 354.674 8778.1 168.523
8729.04 357.277 8792.41 171.126
8741.89 341.656 8807.02 203.67
8755.62 345.561 8820.16 184.144
8770.51 359.881 8834.76 152.902
8785.11 350.768 8848.48 151.6
8798.26 352.07 8863.96 163.316
8811.98 332.544 8876.51 184.144
8826.87 318.225 8890.82 165.919
8840.89 341.656 8905.42 184.144
8854.62 348.165 8917.98 115.151
8868.05 346.863 8932.87 134.677
8882.94 370.295 8946.88 152.902
8896.08 366.39 8962.07 159.41
8910.68 392.425 8975.79 150.298
8924.69 380.709 8989.51 146.393
8937.25 358.579 9003.52 142.488
8953.01 333.846 9016.95 142.488
8966.44 328.639 9030.38 139.884
8980.75 348.165 9045.27 168.523
8994.47 382.011 9058.7 158.109
9007.9 337.751 9073.58 173.73
9022.79 361.182 9086.72 197.161
9036.8 361.182 9101.61 186.747
9050.23 348.165 9115.03 158.109
9063.95 328.639 9128.75 165.919
9078.84 359.881 9143.64 130.772
9093.14 358.579 9158.23 152.902
9106.86 368.993 9171.37 150.298
9121.16 359.881 9185.67 147.695
9135.17 361.182 9200.26 133.375
9148.89 348.165 9213.4 177.635
9162.61 401.537 9227.99 151.6
9176.33 344.26 9242.29 156.807
9190.05 375.502 9256.01 156.807
9204.64 346.863 9270.6 138.582
9218.94 353.372 9283.44 141.186
9232.37 388.519 9298.03 155.505
9246.08 370.295 9312.33 117.754
9260.38 358.579 9325.75 146.393
9274.68 382.011 9339.76 141.186
9288.98 393.726 9352.6 147.695
9302.41 362.484 9368.07 146.393
9316.71 355.975 9380.91 171.126
9330.42 368.993 9396.95 164.617
9344.72 359.881 9409.79 146.393
9359.6 350.768 9424.38 151.6
9373.03 397.632 9437.81 133.375
9386.16 335.147 9451.81 163.316
9400.16 363.786 9466.11 133.375
9414.75 372.898 9480.7 189.351
9428.76 372.898 9494.7 182.842
9442.76 372.898 9508.41 184.144
9456.19 349.467 9521.83 211.481
9470.48 341.656 9537.01 210.179
9485.36 382.011 9550.43 168.523
9498.49 376.804 9564.72 145.091
9512.79 378.105 9579.02 126.866
9526.79 411.951 9592.73 147.695
9539.92 378.105 9606.73 132.074
9555.09 352.07 9621.32 146.393
9568.51 370.295 9634.45 171.126
9581.93 378.105 9648.74 194.558
9597.11 316.923 9662.74 178.937
9610.53 366.39 9676.45 181.54
9624.82 350.768 9690.75 147.695
9638.82 362.484 9704.46 141.186
9652.24 372.898 9718.46 141.186
9665.95 384.614 9732.76 120.358
9680.54 400.235 9747.05 147.695
9694.54 346.863 9761.34 164.617
9709.13 383.312 9775.64 165.919
9722.25 340.354 9789.35 204.972
9737.13 346.863 9803.06 164.617
9751.42 354.674 9817.06 171.126
9764.55 363.786 9831.35 151.6
9777.97 418.46 9844.77 160.712
9792.26 365.088 9859.94 158.109
9806.85 393.726 9873.35 137.281
9821.14 363.786 9887.35 119.056
9834.27 376.804 9901.06 193.256
9849.43 358.579 9915.06 193.256
9862.56 358.579 9929.06 185.445
9876.27 336.449 9943.65 173.73
9891.44 382.011 9957.36 171.126
9905.15 379.407 9971.94 159.41
9918.56 376.804 9986.52 164.617
9932.56 409.347 9999.94 130.772
9946.85 395.028 10013.6 137.281
9960.57 396.33 10028.2 154.203
9974.27 393.726 10041.1 172.428
9989.44 406.744 10055.4 177.635
10003.4 365.088 10069.9 184.144
10017.4 396.33 10084.5 190.653
10030.6 415.856 10097.9 175.031
10044.9 410.649 10111.4 198.463
10059.4 405.442 10126.2 143.789
10072.6 398.933 10140.2 164.617
10087.4 378.105 10154.2 168.523
10100.6 392.425 10167.6 147.695
10114 388.519 10182.5 202.368
10129.1 418.46 10196.2 173.73
10142.3 409.347 10210.5 198.463
10156.6 436.684 10224.5 210.179
10170.9 418.46 10238.5 180.238
10184.5 458.814 10253.1 159.41
10198.3 452.305 10266.5 139.884
10212.8 411.951 10281.1 191.954
10226.8 415.856 10294.8 191.954
10241.7 431.477 10308.2 207.575
10255.4 410.649 10322.2 207.575
10268.3 409.347 10336.8 210.179
10282.8 432.779 10351.1 207.575
10296.5 452.305 10365.4 173.73
10311.4 460.116 10378.8 207.575
10324.8 458.814 10391.3 180.238
10338.5 434.081 10407.4 214.084
10353.1 454.909 10421.1 180.238
10367.1 445.797 10434.8 237.516
10380.5 439.288 10449.1 188.049
10395.1 475.737 10462.8 207.575
10409.4 482.246 10477.1 175.031
10422.5 470.53 10490.8 223.196
10436.8 478.341 10505.1 229.705
10450.5 484.849 10519.9 202.368
10465.1 482.246 10532.5 212.782
10478.2 473.134 10547.1 203.67
10493.4 449.702 10561.1 224.498
10507.1 453.607 10575.6 233.61
10521.1 445.797 10588.5 238.817
10535.7 487.453 10603.6 236.214
10548.8 469.228 10617.4 266.154
10563.4 501.772 10631.1 241.421
10577.1 499.169 10645.4 246.628
10591.7 523.902 10660.2 228.403
10604.5 522.6 10674.2 232.309
10619.7 506.979 10687.4 276.568
10632.8 492.66 10701.4 228.403
10646.8 462.719 10716.5 272.663
10660.8 479.642 10729.9 227.102
10675.7 457.512 10743.9 262.249
10689.4 490.056 10758.2 260.947
10702.8 533.014 10771.6 219.291
10717.1 534.316 10785.6 266.154
10730.5 530.411 10800.2 307.811
10745.4 530.411 10813.7 273.965
10758.5 514.79 10827.6 292.189
10773.1 469.228 10842.5 264.853
10787.4 479.642 10856.2 279.172
10800.5 518.695 10869.9 266.154
10815.1 527.807 10884.2 283.077
10829.1 517.393 10898.5 298.698
10842.5 534.316 10911.9 280.474
10856.5 565.558 10927.4 283.077
10870.8 564.256 10940.2 293.491
10884.2 583.783 10954.3 296.095
10898.8 547.334 10968.3 283.077
10912.8 530.411 10982.5 273.965
10927.1 500.47 10996.3 297.397
10940.8 523.902 11011.4 289.586
10955.4 508.281 11024.5 273.965
10969.1 538.221 11038.3 268.758
10982.8 624.137 11052.5 301.302
10996.8 575.972 11066.5 307.811
11011.1 621.534 11080.6 297.397
11024.8 595.499 11095.1 323.432
11039.4 519.997 11108.6 293.491
11053.4 568.162 11123.2 336.449
11066.5 564.256 11136.6 307.811
11080.6 534.316 11150.3 326.035
11094.8 572.067 11164 345.561
11109.1 620.232 11179.2 337.751
11123.2 612.421 11193.5 328.639
11137.1 618.93 11207.5 302.604
11150.9 615.025 11221.8 314.319
11165.5 625.439 11234.6 316.923
11179.2 572.067 11248.6 305.207
11193.2 570.765 11263.8 303.905
11208 578.576 11277.2 318.225
11222 626.741 11291.5 354.674
11235.5 639.758 11305.5 342.958
11248.6 622.835 11319.5 392.425
11262.6 631.948 11332.9 344.26
11276.6 638.456 11347.5 346.863
11290.9 631.948 11362.1 302.604
11305.2 612.421 11376.1 310.414
11319.5 643.664 11389.8 306.509
11333.5 586.386 11405 294.793
11347.2 615.025 11418.4 383.312
11361.2 625.439 11432.1 363.786
11374.1 661.888 11446.1 397.632
11388.4 685.32 11460.1 385.916
11403.5 674.906 11474.2 387.218
11418.1 668.397 11488.5 349.467
11430.7 659.285 11501.9 359.881
11445 668.397 11515.9 368.993
11459.3 638.456 11530.2 353.372
11473.3 644.965 11543.6 379.407
11486.7 652.776 11558.8 406.744
11501.3 681.414 11572.8 383.312
11515.3 704.846 11586.8 421.063
11529.6 741.295 11601.1 365.088
11542.5 707.45 11615.4 395.028
11557 700.941 11628.6 414.554
11572.2 702.243 11642.8 397.632
11584.8 734.786 11657.2 397.632
11598.8 715.26 11670.6 382.011
11613.4 747.804 11684.6 411.951
11627.1 762.123 11699.2 410.649
11642.3 775.141 11712.9 470.53
11655.1 775.141 11727.2 469.228
11668.8 758.218 11741.5 482.246
11683.1 779.046 11754.4 444.495
11697.2 762.123 11769.8 449.702
11711.7 781.65 11783.3 423.667
11724.9 743.899 11797.3 434.081
11739.2 773.839 11812.2 431.477
11752.9 717.864 11825 437.986
11767.2 753.011 11838.7 514.79
11780.9 808.987 11854.2 506.979
11795.5 831.116 11868.2 482.246
11809.3 851.944 11881.4 480.944
11822.7 838.927 11895.7 478.341
11838.2 823.306 11909.7 431.477
11851.6 781.65 11923.1 452.305
11864.7 781.65 11936.8 480.944
11879 782.951 11952.3 484.849
11893.3 803.78 11966.6 533.014
11907 854.548 11978.9 543.428
11921.1 866.264 11994.1 533.014
11935.4 897.506 12007.5 533.014
11950.3 877.98 12022.7 490.056
11962.8 861.057 12035.5 530.411
11976.8 859.755 12049.6 477.039
11991.7 857.151 12064.5 519.997
12004.9 825.909 12078.2 538.221
12018.9 867.565 12091.9 566.86
12034.1 913.127 12107.1 590.291
12047.2 959.99 12119.9 577.274
12061.8 971.706 12134.8 641.06
12074.7 957.387 12148.9 581.179
12088.7 967.801 12162.6 583.783
12103.6 941.766 12176.9 587.688
12117 910.523 12190 562.955
12131 883.187 12205.5 568.162
12145.6 943.067 12218.4 622.835
12158.8 935.257 12233 665.793
12173.4 993.836 12246.7 641.06
12186.8 1018.57 12261.6 642.362
12200.9 1043.3 12275.4 639.758
12215.8 1032.89 12290.5 604.611
12229.2 1005.55 12302.8 635.853
12243.2 991.232 12317.1 607.214
12257.2 967.801 12330.9 673.604
12271.5 961.292 12346.3 647.569
12285.3 980.818 12358.9 713.958
12298.7 1023.78 12372.6 685.32
12313 1060.23 12387.8 733.485
12327.3 1103.18 12401.9 706.148
12341.1 1124.01 12415 712.657
12355.4 1100.58 12430.2 715.26
12368.8 1071.94 12442.5 687.923
12383.5 1043.3 12458 644.965
12397.2 1023.78 12472.3 703.544
12411.5 1030.28 12484.9 708.751
12425.5 1051.11 12500.3 736.088
12439.8 1126.61 12514.1 803.78
12453.3 1183.89 12528.1 786.857
12467.3 1172.18 12541.8 781.65
12481.6 1190.4 12557 820.702
12494.8 1235.96 12569.6 767.33
12510 1156.56 12583.3 779.046
12523.4 1105.79 12598.5 776.443
12537.4 1086.26 12612 779.046
12551.2 1071.94 12626.6 820.702
12564 1134.43 12640.3 879.281
12578.7 1187.8 12654.9 887.092
12592.7 1232.06 12669.6 920.937
12607.3 1304.96 12682.1 910.523
12621 1336.2 12697.6 943.067
12635.4 1363.53 12710.5 928.748
12649.1 1302.35 12724.8 926.145
12662.8 1239.87 12738.6 909.222
12677.2 1185.19 12752.9 927.446
12690.9 1233.36 12767.5 986.025
12705.5 1277.62 12781.5 986.025
12718.7 1324.48 12795.6 999.043
12733.3 1401.29 12809.9 1047.21
12747 1445.55 12822.8 1087.56
12761.4 1448.15 12837.7 1071.94
12774.8 1435.13 12852 1062.83
12788.6 1368.74 12865.8 1068.04
12802.9 1342.71 12880.4 1066.73
12816.9 1336.2 12895.3 1057.62
12831.5 1396.08 12908.4 1105.79
12846.2 1376.55 12923.6 1117.5
12858.7 1475.49 12937.1 1186.5
12873.1 1536.67 12951.7 1258.09
12886.5 1557.5 12966.4 1302.35
12901.4 1573.12 12981.3 1370.04
12916.3 1540.57 12995 1358.33
12928.9 1528.86 12999.1 1334.9
12942.9 1488.5 12985.6 1325.78
12957.9 1407.79 12970.7 1364.84
