8011.52 -595.608 8025.56 -595.608
8005.67 -399.043 8037.55 -570.875
8001.87 -376.913 8049.25 -587.797
8006.55 -359.99 8060.66 -551.348
8017.08 -357.387 8073.53 -555.253
8029.66 -349.576 8084.93 -577.383
8041.94 -348.274 8096.63 -628.152
8053.35 -339.162 8109.5 -576.082
8066.22 -367.801 8122.36 -564.366
8077.33 -335.257 8133.18 -557.857
8090.19 -340.464 8145.75 -611.229
8101.89 -340.464 8158.62 -585.194
8114.17 -362.594 8169.73 -563.064
8125.58 -350.878 8181.43 -546.141
8138.15 -292.299 8194 -561.762
8149.56 -301.411 8205.4 -551.348
8161.54 -311.825 8217.1 -561.762
8174.7 -373.008 8230.25 -576.082
8185.23 -331.352 8242.24 -548.745
8198.68 -330.05 8253.64 -570.875
8210.37 -346.973 8266.5 -544.839
8222.07 -373.008 8277.61 -590.401
8234.34 -319.636 8290.47 -556.555
8246.33 -348.274 8303.04 -560.461
8258.61 -306.618 8314.44 -595.608
8270.59 -310.523 8326.72 -565.668
8281.99 -318.334 8338.41 -576.082
8294.56 -294.902 8349.8 -569.573
8306.26 -318.334 8362.37 -578.685
8319.11 -313.127 8374.06 -560.461
8330.81 -326.144 8386.05 -604.72
8342.79 -343.067 8398.03 -593.004
8355.65 -323.541 8410.6 -552.65
8366.76 -305.316 8422.58 -563.064
8379.03 -292.299 8434.56 -572.176
8391.89 -296.204 8446.54 -557.857
8403.29 -283.187 8457.94 -563.064
8414.98 -277.98 8470.5 -539.632
8426.96 -285.79 8482.48 -526.615
8438.94 -280.583 8494.75 -539.632
8450.92 -309.222 8506.44 -566.969
8462.9 -298.808 8518.13 -565.668
8474.88 -301.411 8530.69 -591.703
8487.45 -314.429 8542.38 -602.117
8499.14 -309.222 8554.36 -542.236
8510.53 -323.541 8566.63 -556.555
8521.93 -317.032 8579.48 -576.082
8535.37 -285.79 8590.87 -548.745
8547.64 -323.541 8602.85 -526.615
8558.74 -337.86 8615.41 -531.822
8571.59 -276.678 8627.39 -513.597
8583.28 -300.109 8638.49 -539.632
8594.67 -311.825 8651.34 -529.218
8607.23 -280.583 8662.74 -577.383
8619.8 -313.127 8674.71 -535.727
8631.19 -304.015 8687.27 -552.65
8643.75 -327.446 8698.96 -561.762
8655.43 -309.222 8710.93 -539.632
8667.41 -301.411 8723.2 -520.106
8679.39 -279.281 8734.88 -484.959
8691.95 -288.394 8747.44 -513.597
8702.75 -281.885 8759.12 -526.615
8715.31 -319.636 8771.1 -508.39
8727.58 -289.695 8783.07 -517.503
8739.26 -314.429 8795.04 -538.331
8751.24 -293.601 8807.02 -495.373
8764.67 -283.187 8819.57 -486.26
8775.48 -287.092 8831.26 -497.976
8787.45 -264.962 8843.23 -458.924
8799.42 -317.032 8854.62 -469.338
8811.4 -284.488 8867.17 -488.864
8822.79 -249.341 8878.27 -473.243
8835.05 -283.187 8891.99 -486.26
8848.19 -289.695 8903.67 -465.432
8860.45 -277.98 8915.35 -478.45
8871.55 -271.471 8927.61 -525.313
8883.52 -285.79 8939 -512.296
8894.91 -287.092 8951.26 -478.45
8907.76 -283.187 8962.94 -504.485
8919.73 -264.962 8976.08 -478.45
8931.41 -255.85 8986.88 -443.303
8943.38 -249.341 8999.43 -444.604
8955.93 -233.72 9012.28 -471.941
8967.61 -268.867 9023.96 -434.19
8980.17 -284.488 9035.93 -415.966
8992.43 -279.281 9047.9 -457.622
9003.81 -267.565 9060.16 -449.811
9015.2 -251.944 9071.54 -477.148
9027.46 -253.246 9083.8 -471.941
9040.01 -279.281 9096.06 -456.32
9051.69 -259.755 9108.03 -465.432
9064.53 -257.151 9119.41 -425.078
9075.63 -258.453 9131.96 -491.467
9088.76 -238.927 9144.22 -457.622
9100.44 -233.72 9156.19 -439.397
9111.53 -236.323 9168.74 -408.155
9124.08 -257.151 9179.83 -466.734
9135.47 -245.436 9192.38 -477.148
9148.02 -267.565 9204.64 -473.243
9159.4 -279.281 9216.9 -495.373
9172.53 -236.323 9227.99 -486.26
9184.5 -272.773 9239.95 -477.148
9195.59 -266.264 9251.92 -457.622
9207.85 -272.773 9264.18 -482.355
9220.11 -231.116 9275.85 -425.078
9232.07 -235.022 9288.4 -456.32
9244.62 -229.815 9300.66 -423.776
9256.01 -223.306 9313.5 -456.32
9267.68 -225.909 9325.17 -473.243
9279.94 -258.453 9336.55 -451.113
9292.49 -250.643 9347.64 -471.941
9304.45 -228.513 9360.77 -466.734
9315.83 -222.004 9372.44 -477.148
9328.38 -215.495 9384.12 -469.338
9339.76 -214.194 9396.37 -490.166
9353.18 -193.365 9408.04 -466.734
9364.27 -235.022 9421.47 -462.829
9376.82 -218.099 9432.26 -439.397
9388.2 -194.667 9445.1 -448.51
9399.58 -202.478 9456.48 -444.604
9412.13 -186.857 9468.73 -453.717
9424.09 -211.59 9480.4 -453.717
9436.35 -229.815 9493.82 -499.278
9448.31 -219.401 9504.33 -461.527
9459.69 -198.572 9516.58 -432.888
9472.23 -222.004 9529.42 -475.846
9484.2 -193.365 9541.09 -482.355
9496.16 -199.874 9553.64 -456.32
9508.41 -182.951 9564.72 -456.32
9520.67 -194.667 9576.97 -442.001
9532.05 -206.383 9588.94 -422.474
9544.59 -193.365 9600.61 -436.794
9556.55 -198.572 9613.44 -415.966
9568.22 -169.934 9625.4 -479.752
9580.48 -163.425 9637.95 -451.113
9594.19 -203.779 9649.62 -460.225
9604.69 -177.744 9661.29 -449.811
9616.65 -182.951 9672.95 -439.397
9628.32 -176.443 9685.5 -455.018
9639.99 -166.029 9698.04 -460.225
9652.53 -125.674 9709.13 -464.131
9664.2 -172.537 9721.38 -465.432
9676.75 -163.425 9733.63 -465.432
9689 -150.407 9745.3 -462.829
9700.38 -179.046 9757.55 -451.113
9712.34 -158.218 9770.68 -474.545
9724.3 -163.425 9780.89 -486.26
9735.97 -168.632 9793.72 -413.362
9748.51 -179.046 9805.1 -458.924
9760.18 -147.804 9817.93 -468.036
9773.31 -149.106 9829.89 -427.681
9784.97 -115.26 9840.39 -464.131
9796.93 -136.088 9853.81 -444.604
9808.6 -129.579 9866.06 -438.096
9819.68 -138.692 9878.02 -460.225
9833.1 -116.562 9889.69 -435.492
9844.19 -133.485 9902.23 -477.148
9857.02 -113.958 9913.6 -449.811
9869.56 -159.52 9925.27 -449.811
9880.35 -155.615 9937.81 -445.906
9893.48 -119.165 9950.36 -419.871
9904.85 -89.225 9962.61 -462.829
9916.23 -86.6215 9973.69 -415.966
9929.06 -108.751 9986.52 -455.018
9941.31 -110.053 9998.77 -438.096
9952.98 -85.3197 10010.1 -409.457
9964.94 -67.0951 10021.5 -452.415
9977.48 -102.243 10034.4 -427.681
9988.56 -103.544 10046.3 -455.018
10000.8 -89.225 10058.9 -436.794
10012.2 -99.639 10069.9 -448.51
10025 -76.2074 10082.2 -422.474
10036.1 -112.657 10094.7 -452.415
10048.9 -74.9056 10106.7 -405.552
10060.9 -61.8881 10117.5 -412.06
10072.3 -60.5863 10131.5 -436.794
10085.1 -59.2846 10142.6 -414.664
10096.5 -106.148 10154.8 -417.267
10108.4 -97.0355 10166.8 -393.836
10120.7 -104.846 10178.4 -440.699
10132.9 -94.432 10191 -445.906
10144.6 -57.9828 10203.5 -392.534
10157.1 -65.7934 10214.3 -440.699
10169.1 -57.9828 10226 -400.345
10181.4 -43.6635 10238.5 -397.741
10193 -11.1196 10250.8 -352.18
10205 -43.6635 10262.4 -399.043
10217.2 -41.06 10274.7 -392.534
10228.9 -35.853 10286.6 -408.155
10241.1 -43.6635 10298.3 -404.25
10253.1 -24.1372 10311.1 -383.422
10264.8 -89.225 10322.5 -417.267
10277.9 -50.1723 10335.3 -386.025
10288.7 -43.6635 10346.7 -397.741
10300.6 -57.9828 10359.5 -395.138
10312.3 -61.8881 10371.2 -379.516
10324.8 -48.8705 10383.2 -374.309
10337.1 -34.5512 10394.5 -352.18
10348.5 -5.91259 10406.8 -358.688
10361 -13.7231 10419.9 -369.102
10372.7 20.1225 10430.7 -352.18
10385.5 -12.4214 10443.2 -378.215
10398 -3.30908 10455.8 -384.723
10408.8 14.9155 10466.9 -350.878
10421.1 1.89794 10479.7 -376.913
10432.2 17.519 10490.8 -339.162
10444.7 1.89794 10503 -354.783
10457 50.0629 10515.6 -387.327
10469.2 35.7436 10527.5 -395.138
10481.5 31.8383 10539.2 -379.516
10492.5 22.726 10551.5 -380.818
10504.8 86.5121 10563.4 -397.741
10517.6 27.9331 10575.4 -393.836
10529.3 43.5541 10588.2 -400.345
10540.6 43.5541 10599 -405.552
10553.2 55.2699 10611.8 -400.345
10564 57.8734 10623.5 -423.776
10577.1 42.2524 10634.9 -432.888
10589.4 72.1928 10647.1 -384.723
10600.7 51.3647 10660.2 -414.664
10613.6 61.7787 10671.9 -400.345
10625.8 68.2875 10683 -426.38
10636.9 70.891 10696.1 -426.38
10649.7 61.7787 10707.8 -402.948
10661.7 113.849 10720 -431.587
10673.4 87.8138 10733.1 -378.215
10685 106.038 10744.2 -402.948
10697.3 91.7191 10755.3 -397.741
10709.5 98.2279 10768.1 -409.457
10721.2 89.1156 10780.1 -384.723
10733.1 73.4945 10792.6 -392.534
10745.1 82.6068 10803.7 -404.25
10757.1 139.884 10817.1 -395.138
10769.9 138.582 10828.8 -415.966
10780.7 160.712 10839.6 -414.664
10792.9 188.049 10853 -397.741
10804.9 180.238 10864.1 -387.327
10816.9 201.067 10876.1 -375.611
10829.7 180.238 10888.3 -386.025
10840.5 167.221 10900.6 -386.025
10853.3 146.393 10912.5 -367.801
10865.3 122.961 10924.8 -396.439
10878.1 122.961 10936.7 -373.008
10888.6 142.488 10948.7 -384.723
10901.2 151.6 10960.4 -373.008
10912.8 175.031 10972.6 -408.155
10925.4 186.747 10984 -409.457
10937.3 253.137 10996.8 -378.215
10950.2 286.982 11008.8 -371.706
10960.7 268.758 11021.3 -358.688
10972.9 249.232 11032.4 -373.008
10985.2 267.456 11045.8 -324.843
10997.4 225.8 11057.5 -301.411
11009.4 199.765 11069.5 -346.973
11021 190.653 11080.9 -396.439
11033.9 207.575 11092.8 -391.232
11045.3 237.516 11105.4 -404.25
11057.5 223.196 11118.2 -396.439
11069.2 310.414 11129.6 -402.948
11082 316.923 11140.7 -362.594
11093.4 314.319 11152.6 -350.878
11105.6 331.242 11165.7 -326.144
11117 348.165 11176.2 -357.387
11130.1 300 11189.4 -341.766
11141.5 283.077 11201 -367.801
11153.8 238.817 11213.3 -369.102
11166 238.817 11225.5 -375.611
11177.4 257.042 11238.1 -361.292
11190.5 273.965 11248.3 -339.162
11201.6 337.751 11261.7 -344.369
11213.3 385.916 11272.8 -322.239
11225.8 406.744 11286.8 -281.885
11237.8 423.667 11297 -272.773
11249.2 436.684 11309.3 -270.169
11261.4 402.839 11322.1 -266.264
11274.3 342.958 11333.5 -281.885
11285.9 352.07 11344.9 -285.79
11296.7 328.639 11358 -276.678
11309 331.242 11369.7 -284.488
11321.5 340.354 11382.2 -280.583
11332.9 405.442 11393.6 -305.316
11346 456.211 11405.6 -293.601
11357.1 529.109 11418.4 -266.264
11369.4 553.842 11429.5 -270.169
11381.4 536.92 11442.6 -262.358
11392.7 548.635 11453.4 -228.513
11406.5 496.565 11466.3 -227.211
11417.6 441.891 11478 -229.815
11429.5 437.986 11488.8 -215.495
11441.8 432.779 11501.6 -214.194
11453.7 473.134 11515 -215.495
11466 505.677 11526.7 -248.039
11478 577.274 11538.1 -227.211
11489.6 577.274 11550 -240.229
11500.7 655.379 11562.3 -215.495
11513.9 638.456 11574.9 -212.892
11525.2 628.042 11585.9 -173.839
11538.1 562.955 11598.5 -172.537
11549.2 570.765 11609.6 -146.502
11561.7 496.565 11622.7 -171.236
11573.7 513.488 11634.4 -143.899
11585.6 548.635 11646.1 -185.555
11597.9 618.93 11658.9 -182.951
11608.7 676.207 11670.9 -214.194
11621.5 738.692 11682.8 -227.211
11633.2 767.33 11694.8 -197.271
11645.8 768.632 11705.9 -219.401
11657.2 759.52 11718.8 -188.158
11669.7 700.941 11731 -173.839
11681.4 657.983 11743 -177.744
11693.6 620.232 11754.9 -133.485
11705.6 648.871 11766.6 -134.786
11717.3 669.699 11778.6 -126.976
11729.8 708.751 11791.1 -146.502
11740.9 773.839 11802.2 -184.253
11753.5 851.944 11815.1 -207.685
11765.2 845.436 11826.8 -202.478
11777.7 863.66 11839.6 -201.176
11789.7 864.962 11851 -176.443
11800.8 814.194 11863.3 -115.26
11814.2 816.797 11875.2 -77.5092
11825.6 742.597 11886.9 -90.5267
11837 756.916 11899.8 -34.5512
11849.8 754.313 11911.4 -69.6986
11861.8 758.218 11923.1 -63.1898
11873.5 806.383 11935.7 -85.3197
11885.7 885.79 11946.8 -106.148
11898 922.239 11958.7 -119.165
11910.3 984.724 11970.7 -128.278
11921.7 969.102 11983.9 -99.639
11934.5 923.541 11995.5 -41.06
11946.8 894.902 12007.5 -12.4214
11957.3 794.667 12019.5 33.1401
11969.5 849.341 12032 18.8208
11980.9 816.797 12043.7 24.0278
11993.2 841.53 12055.4 22.726
12005.8 862.358 12068.3 -5.91259
12017.1 954.783 12079.9 35.7436
12030 1027.68 12092.5 -30.646
12041.7 1015.97 12104.5 -33.2495
12053.9 1077.15 12116.1 -3.30908
12066.5 992.534 12127.8 20.1225
12077 966.499 12140.1 65.684
12089.9 889.695 12151.5 165.919
12101.5 863.66 12164 165.919
12113.8 863.66 12176 198.463
12125.8 868.867 12188.3 152.902
12138 945.671 12199.7 151.6
12149.4 1038.1 12212.3 113.849
12162 1095.37 12224.5 91.7191
12174 1169.57 12236.8 30.5366
12186.3 1224.25 12248.5 39.6489
12197.4 1196.91 12260.7 107.34
12209.9 1165.67 12271.5 121.659
12220.7 1131.82 12284.1 221.895
12233.9 1071.94 12296.4 267.456
12245.5 1048.51 12308.9 290.888
12257.2 1025.08 12321.2 311.716
12270.1 1042 12332.6 232.309
12281.8 1143.54 12344.9 197.161
12293.8 1222.94 12356.6 164.617
12306.3 1281.52 12368.8 135.979
12317.4 1341.4 12380.2 147.695
12330.3 1370.04 12392.8 159.41
12342.5 1347.91 12404.5 214.084
12353.6 1275.02 12416.8 286.982
12366.2 1191.7 12429.3 366.39
12377.9 1172.18 12441.3 361.182
12389.9 1168.27 12452.1 396.33
12402.7 1143.54 12465 370.295
12413.5 1215.13 12477 350.768
12425.8 1327.09 12488.4 332.544
12437.5 1422.11 12501.5 260.947
12449.8 1487.2 12512.6 284.379
12462.3 1532.76 12524.9 297.397
12474 1524.95 12537.4 342.958
12486 1487.2 12549.1 370.295
12498 1358.33 12561.7 465.323
12509.4 1310.16 12572.8 470.53
12523.1 1233.36 12584.5 469.228
12533.1 1225.55 12597.4 480.944
12545.3 1277.62 12609.6 464.021
12557.9 1353.12 12621.6 456.211
12569.6 1432.53 12634.5 406.744
12582.2 1530.16 12644.7 384.614
12594.2 1630.39 12658.2 408.046
12605.5 1629.09 12669 431.477
12617.8 1603.06 12681.5 457.512
12628.9 1540.57 12693.5 526.505
12642.7 1481.99 12705.8 557.748
12653.2 1376.55 12718.4 534.316
12665.2 1324.48 12729.2 565.558
12677.8 1362.23 12741.8 560.351
12689.7 1388.27 12754.6 561.653
12701.4 1484.6 12765.8 530.411
12714 1550.99 12778 508.281
12724.5 1674.65 12789.7 542.127
12738.3 1724.12 12802.6 542.127
12750 1746.25 12814.9 592.895
12762 1703.29 12826.9 608.516
12773.9 1604.36 12838.5 609.818
12785.9 1531.46 12850.5 664.492
12797.9 1479.39 12862.2 638.456
12809.6 1475.49 12874.5 716.562
12822.5 1540.57 12885.9 681.414
12833.6 1609.57 12898.2 715.26
12845.6 1703.29 12910.5 689.225
12858.1 1787.91 12922.8 713.958
12870.4 1836.07 12935.1 691.828
12881.5 1858.2 12945.9 694.432
12894.1 1869.92 12959.3 681.414
12906.1 1799.62 12971 710.053
12919 1720.22 12982.7 730.881
12930.1 1715.01 12995.9 793.365
12941.5 1685.07 13006.7 773.839
12954.4 1696.78 13019.3 820.702
12965.8 1744.95 13031 836.323
12978 1806.13 13042.4 840.229
12990.9 1897.25 13055.3 877.98
13001.7 1997.49 13066.7 857.151
13013.4 2011.81 13079.5 890.997
13025.7 2041.75 13090.9 926.145
13038.3 2040.45 13102.9 948.274
13049.4 1954.53 13115.8 965.197
13062.9 1911.57 13126.9 1014.66
13074.3 1860.81 13140.1 1022.47
13085.1 1869.92 13151.5 1036.79
13097.1 1901.16 13163.8 1075.85
13109.1 1916.78 13175.5 1069.34
13122 1962.34 13188.1 1087.56
13133.7 2037.84 13199.5 1118.8
13145.4 2037.84 13211.8 1143.54
13157.9 2091.22 13223.8 1151.35
13169.6 2071.69 13236.4 1160.46
13183.1 2061.28 13248.3 1146.14
13193.6 2006.6 13260 1186.5
13206.2 2020.92 13271.2 1161.76
13217.9 1993.58 13284.3 1232.06
13230.2 2002.7 13296 1256.79
13241.9 2026.13 13308.3 1254.19
13253.6 2074.29 13320.6 1256.79
13266.2 2100.33 13332.6 1294.54
13277.3 2128.97 13344.6 1310.16
13289.9 2130.27 13356.6 1329.69
13301.6 2149.79 13368.6 1325.78
13313.9 2140.68 13380.6 1333.59
13325.9 2141.98 13392.3 1327.09
13337.9 2162.81 13404.9 1304.96
13349.9 2126.36 13416.6 1359.63
13361.9 2122.46 13428.3 1345.31
13374.2 2162.81 13441.5 1334.9
13386.5 2149.79 13452.6 1325.78
13398.8 2214.88 13464 1371.34
13409.9 2217.49 13476.9 1414.3
13422.7 2261.75 13489.2 1450.75
13434.2 2287.78 13501.5 1481.99
13445.9 2300.8 13512.3 1483.3
13458.4 2338.55 13525.2 1496.31
13469.9 2309.91 13537.5 1501.52
13481.9 2322.93 13548.3 1518.44
13494.5 2339.85 13561.5 1476.79
13505.6 2348.96 13572.6 1530.16
13517.9 2338.55 13585.2 1565.31
13530.5 2337.25 13596.9 1577.02
13541.6 2378.9 13609.8 1590.04
13553.9 2398.43 13621.5 1638.2
13565.9 2442.69 13633.5 1691.58
13577.6 2470.03 13645.5 1711.1
13589.9 2492.16 13657.5 1687.67
13602.5 2501.27 13670.4 1739.74
13613.6 2511.68 13682.1 1761.87
13626.2 2505.17 13693.5 1765.78
13637.6 2558.55 13706.4 1820.45
13650.2 2526 13717.5 1866.01
13662.2 2571.56 13730.1 1914.18
13673.9 2597.6 13741.8 1948.02
13686.5 2591.09 13753.8 1974.06
13698.2 2635.35 13765.8 2001.39
13710.5 2618.43 13778.1 2011.81
13721.6 2654.88 13790.1 2080.8
13733.9 2623.63 13802.7 2071.69
13746.2 2657.48 13814.7 2083.41
13757.9 2666.59 13826.4 2078.2
13769.6 2667.89 13838.7 2158.91
13781.9 2674.4 13850.7 2210.98
13794.2 2718.66 13863.6 2264.35
13805.9 2717.36 13875 2270.86
13817.6 2759.02 13887 2342.45
13830.2 2786.35 13899.9 2371.09
13841.6 2794.16 13911.9 2421.86
13853.9 2821.5 13923.3 2471.33
13866.5 2825.41 13936.5 2505.17
13877.7 2807.18 13948.8 2502.57
13890 2828.01 13961.1 2497.36
13902 2820.2 13973.7 2548.13
13914 2855.35 13985.4 2557.24
13925.4 2900.91 13996.8 2662.69
13937.1 2925.64 13997.4 2677.01
13950.3 2868.36 13986 2738.19
13962.9 2854.04 13974.3 2781.15
