8011.82 -366.499 8024.98 -353.481
8005.38 -337.86 8038.14 -389.931
8001.29 -382.12 8049.84 -388.629
8006.84 -332.653 8060.95 -380.818
8017.37 -336.559 8072.36 -422.474
8029.37 -300.109 8084.93 -382.12
8041.65 -327.446 8097.8 -366.499
8053.35 -323.541 8109.5 -369.102
8064.75 -331.352 8122.07 -379.516
8077.91 -298.808 8133.77 -374.309
8090.49 -314.429 8146.05 -366.499
8101.6 -306.618 8157.16 -362.594
8114.17 -350.878 8169.73 -367.801
8125.58 -305.316 8181.43 -370.404
8137.86 -327.446 8193.71 -365.197
8150.14 -339.162 8205.99 -340.464
8161.84 -315.73 8218.26 -367.801
8174.12 -287.092 8229.67 -343.067
8184.93 -323.541 8241.94 -348.274
8198.68 -335.257 8253.64 -369.102
8210.08 -343.067 8266.79 -371.706
8221.77 -326.144 8278.49 -361.292
8234.34 -309.222 8289.59 -396.439
8246.33 -327.446 8302.45 -391.232
8258.32 -314.429 8314.15 -406.853
8270.3 -337.86 8326.13 -361.292
8282.28 -336.559 8338.11 -367.801
8294.85 -301.411 8350.68 -396.439
8306.84 -326.144 8362.96 -380.818
8318.24 -315.73 8373.77 -363.895
8331.39 -301.411 8386.34 -370.404
8342.5 -345.671 8398.61 -366.499
8354.77 -310.523 8409.43 -383.422
8367.34 -276.678 8421.7 -373.008
8378.45 -315.73 8435.14 -380.818
8391.01 -323.541 8446.54 -350.878
8402.41 -333.955 8458.23 -373.008
8414.98 -339.162 8469.92 -362.594
8426.96 -322.239 8482.48 -371.706
8438.65 -314.429 8494.75 -358.688
8451.51 -296.204 8506.44 -359.99
8462.61 -331.352 8519.3 -367.801
8475.47 -315.73 8530.4 -343.067
8486.86 -302.713 8542.38 -339.162
8499.14 -336.559 8555.23 -354.783
8511.11 -348.274 8567.5 -367.801
8522.8 -307.92 8579.48 -333.955
8535.66 -348.274 8591.46 -358.688
8546.18 -296.204 8601.68 -386.025
8559.03 -322.239 8614.54 -383.422
8571.3 -328.748 8626.81 -367.801
8583.28 -310.523 8639.08 -343.067
8595.55 -309.222 8650.18 -358.688
8607.53 -292.299 8663.03 -387.327
8618.92 -314.429 8675.01 -373.008
8631.48 -310.523 8688.15 -344.369
8643.75 -336.559 8698.37 -341.766
8654.85 -320.937 8710.64 -365.197
8667.99 -333.955 8722.61 -369.102
8679.09 -339.162 8734.59 -379.516
8690.78 -332.653 8747.15 -393.836
8703.34 -301.411 8759.12 -352.18
8715.6 -281.885 8771.68 -337.86
8726.7 -300.109 8782.78 -324.843
8739.26 -317.032 8795.63 -330.05
8751.82 -310.523 8807.02 -357.387
8763.5 -336.559 8818.41 -340.464
8774.89 -333.955 8831.26 -361.292
8787.16 -301.411 8843.81 -369.102
8799.42 -322.239 8855.2 -344.369
8811.69 -330.05 8867.17 -353.481
8823.95 -336.559 8878.27 -369.102
8835.64 -352.18 8891.99 -363.895
8847.32 -326.144 8903.38 -366.499
8859.87 -314.429 8915.35 -330.05
8872.14 -323.541 8927.03 -346.973
8883.52 -306.618 8939 -349.576
8895.79 -323.541 8951.26 -353.481
8908.05 -307.92 8964.4 -391.232
8920.31 -293.601 8975.2 -371.706
8931.12 -276.678 8988.34 -392.534
8943.96 -314.429 9000.31 -399.043
8955.93 -336.559 9011.4 -388.629
8967.32 -336.559 9023.66 -379.516
8979.58 -305.316 9036.51 -358.688
8991.55 -341.766 9047.31 -371.706
9004.1 -318.334 9060.45 -346.973
9015.78 -287.092 9072.42 -335.257
9028.04 -320.937 9083.22 -354.783
9040.31 -326.144 9095.77 -365.197
9051.4 -310.523 9108.32 -404.25
9063.66 -314.429 9120.29 -358.688
9075.63 -281.885 9132.26 -352.18
9088.18 -290.997 9144.51 -379.516
9100.73 -318.334 9155.9 -391.232
9111.24 -293.601 9167.87 -361.292
9124.38 -294.902 9180.71 -362.594
9135.76 -314.429 9191.51 -356.085
9148.31 -307.92 9203.47 -357.387
9159.69 -317.032 9215.44 -359.99
9173.12 -309.222 9227.99 -370.404
9184.5 -304.015 9240.54 -367.801
9196.47 -296.204 9252.5 -333.955
9207.85 -330.05 9264.18 -340.464
9220.11 -352.18 9276.14 -379.516
9232.07 -319.636 9288.69 -353.481
9243.75 -296.204 9300.07 -331.352
9256.59 -319.636 9313.2 -366.499
9267.97 -330.05 9324.29 -356.085
9280.52 -313.127 9336.26 -345.671
9292.19 -311.825 9347.06 -365.197
9303.57 -309.222 9361.06 -339.162
9315.83 -310.523 9373.32 -328.748
9327.8 -336.559 9383.53 -341.766
9340.64 -294.902 9396.95 -396.439
9353.77 -323.541 9408.92 -400.345
9365.15 -337.86 9420.88 -401.646
9376.53 -326.144 9433.43 -369.102
9387.91 -317.032 9444.81 -383.422
9399.87 -320.937 9456.19 -359.99
9412.13 -306.618 9469.32 -344.369
9424.68 -344.369 9481.57 -344.369
9436.64 -332.653 9492.95 -333.955
9448.31 -301.411 9505.49 -343.067
9460.56 -336.559 9516.58 -363.895
9472.82 -315.73 9528.54 -341.766
9483.9 -345.671 9541.38 -379.516
9497.33 -313.127 9553.05 -384.723
9508.71 -320.937 9565.31 -371.706
9519.79 -343.067 9576.97 -344.369
9532.63 -346.973 9588.94 -352.18
9544.88 -327.446 9601.48 -346.973
9556.26 -317.032 9613.15 -340.464
9568.51 -337.86 9625.11 -352.18
9580.48 -332.653 9637.07 -335.257
9593.31 -317.032 9649.32 -346.973
9604.4 -309.222 9661.58 -340.464
9616.94 -315.73 9673.83 -354.783
9628.61 -341.766 9684.63 -337.86
9640.57 -320.937 9697.46 -373.008
9653.12 -335.257 9710 -363.895
9665.37 -314.429 9720.8 -362.594
9676.75 -336.559 9733.05 -353.481
9688.71 -294.902 9745.59 -358.688
9699.79 -310.523 9757.84 -348.274
9712.63 -323.541 9769.22 -356.085
9724.59 -284.488 9781.76 -359.99
9736.26 -319.636 9794.01 -363.895
9749.97 -328.748 9806.26 -373.008
9760.18 -311.825 9817.64 -363.895
9773.01 -349.576 9829.6 -373.008
9784.68 -317.032 9841.85 -337.86
9796.06 -309.222 9853.81 -331.352
9809.18 -307.92 9865.77 -317.032
9819.97 -296.204 9877.15 -350.878
9833.39 -320.937 9889.98 -322.239
9845.06 -320.937 9901.94 -318.334
9856.44 -314.429 9912.73 -336.559
9868.98 -335.257 9926.15 -402.948
9879.48 -326.144 9937.23 -376.913
9893.48 -304.015 9949.48 -374.309
9904.27 -324.843 9962.02 -369.102
9916.23 -313.127 9972.82 -354.783
9929.06 -314.429 9987.11 -366.499
9941.31 -348.274 9997.9 -380.818
9952.69 -326.144 10009.6 -367.801
9965.23 -336.559 10023 -376.913
9976.61 -293.601 10034.1 -373.008
9988.86 -310.523 10046.3 -358.688
10000.8 -310.523 10058 -362.594
10012.5 -319.636 10069.9 -362.594
10024.4 -319.636 10082.2 -382.12
10036.7 -331.352 10094.1 -373.008
10049.2 -306.618 10106.7 -384.723
10061.5 -306.618 10118.9 -363.895
10072.9 -335.257 10130.9 -353.481
10085.1 -326.144 10142.8 -323.541
10096.5 -333.955 10154.5 -376.913
10108.1 -306.618 10166.5 -350.878
10121.3 -298.808 10178.4 -374.309
10132.9 -319.636 10190.7 -369.102
10144.3 -301.411 10202.9 -369.102
10157.4 -306.618 10213.7 -352.18
10169.1 -311.825 10226.5 -354.783
10180.8 -343.067 10238.8 -387.327
10192.7 -322.239 10251 -399.043
10204.7 -344.369 10263.3 -382.12
10216.6 -314.429 10275 -362.594
10229.2 -339.162 10286.9 -386.025
10241.7 -314.429 10298.9 -366.499
10252.2 -307.92 10310.8 -383.422
10264.8 -300.109 10322.5 -380.818
10277.3 -298.808 10335.3 -400.345
10288.7 -318.334 10347.9 -412.06
10300.9 -344.369 10359 -412.06
10312.9 -285.79 10371.5 -404.25
10325.4 -305.316 10383.8 -399.043
10337.4 -346.973 10395.7 -396.439
10349.3 -341.766 10407.4 -384.723
10360.7 -298.808 10419 -415.966
10372.7 -317.032 10431.9 -396.439
10384.3 -274.074 10442.9 -402.948
10397.5 -301.411 10455.8 -380.818
10409.1 -310.523 10466.9 -369.102
10421.1 -341.766 10479.4 -393.836
10432.2 -307.92 10491.4 -413.362
10445.3 -320.937 10503 -405.552
10457.8 -310.523 10515.3 -396.439
10469.2 -322.239 10527.8 -387.327
10480.6 -345.671 10539.8 -418.569
10493.1 -328.748 10550.9 -414.664
10504.5 -305.316 10564 -374.309
10516.5 -333.955 10575.6 -402.948
10528.7 -318.334 10586.7 -393.836
10541.5 -275.376 10599.6 -384.723
10554.1 -293.601 10611.8 -406.853
10564.9 -310.523 10624.1 -422.474
10576.8 -302.713 10635.7 -409.457
10589.1 -326.144 10648.3 -391.232
10600.7 -310.523 10660.2 -387.327
10613.6 -317.032 10671.3 -414.664
10624.7 -315.73 10683.6 -405.552
10637.5 -298.808 10696.1 -366.499
10649.7 -327.446 10708.1 -379.516
10661.7 -330.05 10719.4 -386.025
10673.6 -328.748 10731.7 -384.723
10684.4 -332.653 10743.4 -410.759
10697 -320.937 10756.8 -369.102
10708.6 -309.222 10768.7 -354.783
10721.2 -327.446 10780.1 -384.723
10733.4 -318.334 10792.1 -371.706
10745.4 -289.695 10804.9 -409.457
10756.8 -305.316 10815.7 -408.155
10769.6 -314.429 10828.8 -399.043
10781.6 -323.541 10840.5 -374.309
10792.9 -322.239 10852.7 -419.871
10804.9 -292.299 10863.8 -387.327
10816.6 -330.05 10877 -397.741
10829.1 -297.506 10888 -401.646
10841.9 -332.653 10900 -382.12
10852.7 -306.618 10911.9 -412.06
10865 -313.127 10924.2 -460.225
10877.8 -302.713 10936.2 -435.492
10889.5 -309.222 10949 -435.492
10900.6 -287.092 10960.4 -414.664
10913.4 -319.636 10971.8 -393.836
10925.4 -298.808 10985.2 -418.569
10937 -330.05 10996.8 -415.966
10949.6 -300.109 11009.1 -406.853
10961.8 -301.411 11020.5 -434.19
10972.3 -284.488 11034.2 -423.776
10985.8 -310.523 11044.7 -436.794
10997.1 -302.713 11056.9 -431.587
11008.8 -340.464 11069.2 -430.285
11021.6 -307.92 11081.4 -426.38
11033.3 -297.506 11092.2 -409.457
11045.8 -307.92 11105.4 -380.818
11058.4 -318.334 11116.7 -383.422
11069.8 -307.92 11129.6 -399.043
11081.7 -290.997 11141.2 -410.759
11092.5 -331.352 11153.2 -386.025
11105.9 -311.825 11165.5 -408.155
11117.6 -313.127 11177.1 -386.025
11129.6 -288.394 11188.2 -410.759
11141.5 -298.808 11201.3 -373.008
11152.9 -300.109 11213 -425.078
11166.3 -339.162 11224.7 -419.871
11176.8 -293.601 11236.6 -455.018
11188.8 -310.523 11249.5 -479.752
11201.9 -292.299 11261.7 -460.225
11213.6 -297.506 11274 -397.741
11225.5 -320.937 11285.6 -423.776
11237.8 -341.766 11297.6 -417.267
11249.5 -315.73 11309.3 -443.303
11261.4 -335.257 11320.7 -447.208
11273.1 -302.713 11333.5 -444.604
11285.6 -296.204 11345.8 -438.096
11297.3 -319.636 11358 -445.906
11309.6 -311.825 11370 -427.681
11321.5 -335.257 11381.9 -408.155
11333.2 -307.92 11393.9 -419.871
11345.8 -323.541 11406.5 -413.362
11357.1 -284.488 11417.3 -410.759
11370 -293.601 11429.8 -444.604
11381.9 -314.429 11442.6 -422.474
11394.5 -298.808 11454 -419.871
11405.6 -304.015 11466.3 -465.432
11418.1 -331.352 11478 -435.492
11429.8 -331.352 11490.2 -422.474
11441.5 -305.316 11501.3 -399.043
11453.7 -322.239 11514.1 -401.646
11465.7 -296.204 11526.1 -413.362
11477.7 -311.825 11538.1 -376.913
11489.3 -304.015 11550.3 -397.741
11501.9 -279.281 11562.9 -408.155
11513.3 -294.902 11574.6 -383.422
11525.2 -292.299 11586.2 -428.983
11537.8 -300.109 11598.5 -389.931
11549.8 -302.713 11611 -376.913
11561.7 -302.713 11622.7 -401.646
11573.1 -290.997 11635 -409.457
11585.9 -309.222 11646.9 -423.776
11597.6 -304.015 11658.6 -379.516
11609 -304.015 11670 -389.931
11622.4 -288.394 11682.6 -363.895
11634.1 -293.601 11694.5 -387.327
11645.2 -300.109 11706.5 -389.931
11656.9 -330.05 11718.8 -397.741
11669.4 -306.618 11730.7 -408.155
11682 -294.902 11742.7 -410.759
11693.4 -319.636 11755.2 -406.853
11706.2 -298.808 11766.9 -406.853
11717.6 -319.636 11778.9 -426.38
11731 -306.618 11790.9 -358.688
11740.9 -304.015 11803.1 -412.06
11753.8 -319.636 11814.8 -363.895
11765.5 -311.825 11826.5 -397.741
11777.7 -289.695 11839.3 -413.362
11790 -305.316 11850.7 -395.138
11801.4 -298.808 11863.3 -428.983
11813.6 -297.506 11874.9 -408.155
11825.6 -276.678 11887.2 -414.664
11837.3 -328.748 11899.2 -432.888
11850.7 -336.559 11911.1 -410.759
11861.2 -315.73 11923.4 -400.345
11874.4 -317.032 11935.1 -380.818
11886 -320.937 11947.1 -374.309
11897.4 -293.601 11959.3 -383.422
11909.7 -281.885 11971.3 -406.853
11921.7 -275.376 11983 -373.008
11934.2 -279.281 11995.5 -415.966
11946.2 -301.411 12008.1 -432.888
11957.3 -284.488 12018.9 -418.569
11970.1 -313.127 12031.7 -397.741
11981.8 -305.316 12043.7 -384.723
11993.5 -305.316 12055.7 -391.232
12005.2 -285.79 12067.7 -399.043
12016.9 -261.057 12079.9 -384.723
12030 -317.032 12091.9 -376.913
12041.7 -271.471 12103.6 -422.474
12053.6 -285.79 12115.9 -380.818
12065.9 -290.997 12127.8 -404.25
12077.3 -288.394 12140.1 -402.948
12089.6 -313.127 12152.7 -414.664
12101.8 -280.583 12164.6 -406.853
12112.9 -340.464 12176.3 -410.759
12126.1 -300.109 12188.9 -425.078
12137.2 -294.902 12199.7 -406.853
12150 -298.808 12212 -382.12
12161.4 -288.394 12224.5 -370.404
12172.8 -276.678 12236.8 -392.534
12186 -276.678 12247.9 -373.008
12197.9 -264.962 12260.7 -397.741
12209.6 -277.98 12272.1 -412.06
12221.9 -259.755 12284.1 -393.836
12233.3 -263.66 12296.7 -427.681
12245.8 -296.204 12308.1 -410.759
12258.1 -280.583 12320.6 -374.309
12268.9 -318.334 12332.3 -401.646
12281.5 -280.583 12344.9 -408.155
12293.8 -264.962 12357.7 -366.499
12305.4 -261.057 12368.8 -343.067
12318.3 -240.229 12380.5 -380.818
12329.4 -263.66 12394 -365.197
12342 -255.85 12404.5 -378.215
12353.6 -233.72 12416.5 -354.783
12365.3 -266.264 12429 -384.723
12377 -293.601 12441 -363.895
12389.3 -279.281 12452.7 -371.706
12401.6 -280.583 12466.1 -367.801
12413.3 -268.867 12476.7 -380.818
12425.8 -270.169 12488.9 -356.085
12437.8 -288.394 12501.5 -336.559
12450.1 -264.962 12513.2 -320.937
12461.8 -264.962 12524.9 -323.541
12473.7 -255.85 12537.2 -358.688
12485.7 -264.962 12549.1 -383.422
12497.7 -268.867 12561.1 -379.516
12509.4 -268.867 12573.1 -421.173
12521.7 -255.85 12585.1 -391.232
12533.1 -275.376 12597.7 -415.966
12545.9 -274.074 12609.1 -380.818
12557.9 -272.773 12621.6 -376.913
12569 -285.79 12633 -406.853
12582.8 -225.909 12645.3 -371.706
12594.2 -237.625 12657.6 -371.706
12605.8 -229.815 12670.1 -335.257
12618.1 -240.229 12681.9 -353.481
12629.8 -253.246 12693.8 -386.025
12642.4 -229.815 12705.5 -401.646
12653.8 -262.358 12718.1 -397.741
12666.1 -250.643 12730.1 -386.025
12677.5 -267.565 12741.8 -410.759
12689.5 -244.134 12754.1 -358.688
12701.7 -251.944 12765.8 -359.99
12714.3 -229.815 12778.9 -362.594
12726 -194.667 12789.1 -335.257
12738.6 -205.081 12802.6 -359.99
12749.7 -232.418 12813.7 -348.274
12762.2 -182.951 12826.3 -379.516
12774.5 -172.537 12838.3 -412.06
12785.6 -189.46 12849.1 -399.043
12797.9 -199.874 12862.5 -402.948
12809.3 -190.762 12874.8 -392.534
12822.2 -222.004 12886.2 -386.025
12834.5 -171.236 12898.5 -389.931
12845 -167.33 12911.1 -363.895
12858.1 -160.822 12922.2 -331.352
12870.4 -163.425 12934.8 -354.783
12881.8 -159.52 12946.2 -376.913
12894.1 -125.674 12958.7 -340.464
12905.2 -159.52 12971 -344.369
12917.5 -155.615 12981.9 -370.404
12930.1 -145.2 12994.4 -369.102
12941.8 -166.029 13006.4 -358.688
12954.4 -167.33 13019.3 -346.973
12966 -164.727 13031.9 -344.369
12977.8 -143.899 13042.7 -357.387
12990 -151.709 13055.6 -353.481
13001.7 -134.786 13067.3 -313.127
13013.4 -137.39 13078.7 -306.618
13026.9 -107.45 13090.9 -319.636
13037.4 -124.372 13103.2 -330.05
13050.3 -111.355 13114.6 -292.299
13062 -128.278 13127.2 -330.05
13073.4 -124.372 13139.5 -288.394
13086.6 -87.9232 13151.2 -292.299
13097.7 -80.1127 13163.2 -281.885
13111.1 -56.6811 13175.2 -270.169
13122 -61.8881 13187.8 -279.281
13133.1 -64.4916 13198.9 -253.246
13146.5 -48.8705 13211.8 -280.583
13158.2 -39.7582 13223.8 -249.341
13169.9 -56.6811 13235.5 -240.229
13181.6 -21.5337 13248.6 -275.376
13193.3 -35.853 13260.6 -258.453
13205.6 -8.5161 13271.5 -293.601
13218.8 14.9155 13284.3 -246.737
13230.2 -5.91259 13295.7 -259.755
13242.2 0.596186 13308.3 -262.358
13253.9 -9.81786 13320.3 -205.081
13265.6 13.6137 13332 -199.874
13278.2 -2.00733 13344.6 -245.436
13289.6 24.0278 13355.4 -184.253
13302.2 59.1752 13368 -214.194
13314.2 29.2348 13380.6 -246.737
13325.3 74.7963 13392.6 -246.737
13338.2 27.9331 13404 -198.572
13350.8 95.6243 13416.3 -205.081
13362.5 78.7015 13429.2 -175.141
13374.2 111.245 13441.2 -173.839
13386.2 141.186 13452.3 -139.993
13397.6 122.961 13464.9 -139.993
13409.9 134.677 13477.2 -156.916
13421.9 141.186 13488.6 -130.881
13433.6 154.203 13500.9 -123.071
13446.2 156.807 13513.8 -145.2
13457.6 138.582 13525.2 -139.993
13469.3 142.488 13537.2 -123.071
13481.9 143.789 13548.9 -123.071
13493.3 143.789 13561.8 -125.674
13505.3 177.635 13573.8 -84.0179
13517.9 152.902 13585.8 -67.0951
13529.6 141.186 13597.5 -52.7758
13542.2 188.049 13608.9 -33.2495
13553.9 215.386 13621.8 -41.06
13565.6 189.351 13633.5 -7.21435
13578.8 202.368 13645.5 -39.7582
13589.3 214.084 13657.8 -56.6811
13601.9 212.782 13669.2 -55.3793
13613.6 249.232 13681.8 -31.9477
13626.5 229.705 13693.8 -8.5161
13638.5 294.793 13705.5 4.50145
13650.5 273.965 13719 42.2524
13661.9 271.361 13730.4 56.5717
13674.2 300 13742.1 90.4173
13685.6 310.414 13754.1 78.7015
13697.9 310.414 13765.8 68.2875
13709.9 284.379 13778.7 89.1156
13722.5 305.207 13790.4 102.133
13733.6 314.319 13802.1 70.891
13745.9 310.414 13815 100.831
13758.2 297.397 13825.8 122.961
13769.3 322.13 13838.7 113.849
13781.9 324.733 13850.7 171.126
13794.2 349.467 13863.3 154.203
13805 339.053 13875 168.523
13817.6 349.467 13886.2 167.221
13829.4 370.295 13899.3 178.937
13842.2 388.519 13911.6 207.575
13853.9 424.969 13924.2 175.031
13866.8 374.2 13936.2 203.67
13877.7 398.933 13948.2 206.274
13890 402.839 13960.8 246.628
13901.7 422.365 13974.3 263.551
13914 400.235 13985.7 263.551
13925.4 400.235 13996 281.775
13938 427.572 13996.8 318.225
13949.4 392.425 13984.8 337.751
13961.7 362.484 13973.7 345.561
