7013.87 -184.253 7028.23 -188.158
7005.37 -124.372 7041.43 -186.857
7000.97 -108.751 7056.38 -177.744
7008.89 -106.148 7069.86 -223.306
7022.96 -107.45 7083.64 -179.046
7035.86 -129.579 7097.41 -189.46
7050.22 -124.372 7111.48 -190.762
7063.7 -73.6039 7124.38 -237.625
7077.78 -61.8881 7139.33 -210.288
7091.85 -85.3197 7152.52 -169.934
7105.04 -69.6986 7166.29 -190.762
7119.11 -100.941 7179.77 -211.59
7133.17 -112.657 7193.84 -158.218
7146.95 -91.8285 7208.2 -203.779
7161.02 -123.071 7221.38 -163.425
7173.62 -104.846 7235.74 -163.425
7188.27 -97.0355 7248.64 -194.667
7203.22 -82.7162 7263.29 -173.839
7215.82 -60.5863 7277.06 -192.064
7230.76 -100.941 7290.83 -176.443
7243.95 -94.432 7305.48 -150.407
7257.43 -81.4144 7318.66 -185.555
7271.2 -85.3197 7332.43 -153.011
7285.55 -59.2846 7345.9 -172.537
7299.32 -102.243 7359.67 -185.555
7312.8 -81.4144 7373.73 -169.934
7327.45 -82.7162 7387.5 -166.029
7340.34 -74.9056 7401.27 -149.106
7354.4 -98.3372 7414.74 -156.916
7368.17 -38.4565 7429.97 -136.088
7381.64 -47.5688 7443.15 -136.088
7396.29 -98.3372 7456.62 -162.123
7410.35 -97.0355 7470.38 -129.579
7424.11 -106.148 7484.15 -149.106
7436.7 -86.6215 7498.5 -180.348
7451.06 -81.4144 7510.8 -188.158
7465.7 -63.1898 7526.32 -169.934
7478.58 -90.5267 7539.49 -158.218
7494.11 -91.8285 7553.55 -123.071
7507.28 -97.0355 7567.89 -133.485
7520.46 -56.6811 7581.36 -156.916
7533.64 -60.5863 7595.41 -132.183
7547.98 -90.5267 7609.47 -119.165
7562.91 -123.071 7622.64 -123.071
7576.09 -86.6215 7635.52 -156.916
7590.14 -78.8109 7650.16 -160.822
7604.2 -71.0004 7665.09 -190.762
7616.49 -74.9056 7677.97 -158.218
7631.42 -61.8881 7691.72 -138.692
7645.18 -78.8109 7705.77 -129.579
7658.35 -74.9056 7718.94 -139.993
7672.4 -98.3372 7733.28 -133.485
7686.16 -107.45 7747.33 -132.183
7699.63 -84.0179 7760.5 -175.141
7713.38 -67.0951 7774.26 -181.65
7727.43 -102.243 7788.3 -168.632
7741.48 -76.2074 7801.76 -189.46
7755.23 -95.7337 7816.69 -153.011
7768.99 -99.639 7830.15 -153.011
7782.74 -64.4916 7844.48 -145.2
7796.5 -65.7934 7858.24 -146.502
7810.54 -97.0355 7871.11 -139.993
7824.88 -67.0951 7886.32 -128.278
7838.92 -119.165 7898.9 -168.632
7852.09 -78.8109 7912.36 -160.822
7865.26 -77.5092 7926.7 -176.443
7879.59 -43.6635 7941.61 -158.218
7893.93 -77.5092 7954.19 -138.692
7907.68 -63.1898 7967.94 -125.674
7921.43 -67.0951 7982.57 -115.26
7935.18 -64.4916 7996.02 -99.639
7948.05 -90.5267 8009.77 -89.225
7962.97 -74.9056 8024.1 -132.183
7977.6 -68.3969 8037.55 -106.148
7990.47 -100.941 8051.3 -136.088
8004.5 -85.3197 8065.05 -123.071
8017.96 -63.1898 8078.21 -108.751
8031.12 -50.1723 8092.24 -142.597
8045.74 -74.9056 8107.16 -100.941
8060.07 -84.0179 8120.61 -120.467
8072.94 -65.7934 8134.35 -97.0355
8087.56 -78.8109 8148.68 -108.751
8101.89 -112.657 8162.42 -125.674
8115.05 -103.544 8176.46 -147.804
8129.09 -89.225 8189.61 -145.2
8142.54 -90.5267 8203.35 -126.976
8156.57 -90.5267 8217.68 -116.562
8169.44 -68.3969 8231.71 -103.544
8183.47 -89.225 8245.45 -100.941
8198.09 -67.0951 8258.02 -117.864
8211.54 -76.2074 8272.64 -110.053
8224.7 -56.6811 8286.67 -116.562
8238.73 -82.7162 8299.53 -110.053
8252.76 -76.2074 8314.73 -134.786
8266.5 -90.5267 8329.05 -116.562
8280.53 -100.941 8341.91 -139.993
8294.85 -48.8705 8355.36 -90.5267
8308.89 -56.6811 8369.68 -111.355
8322.33 -72.3021 8383.12 -95.7337
8335.78 -81.4144 8397.44 -86.6215
8349.8 -97.0355 8410.89 -132.183
8363.54 -65.7934 8425.5 -125.674
8377.28 -85.3197 8438.06 -128.278
8390.43 -89.225 8452.97 -115.26
8404.17 -85.3197 8465.24 -87.9232
8418.19 -73.6039 8480.14 -104.846
8431.93 -72.3021 8493.58 -99.639
8446.54 -97.0355 8507.32 -120.467
8459.4 -84.0179 8521.93 -115.26
8474.88 -87.9232 8535.37 -104.846
8488.91 -64.4916 8549.97 -132.183
8501.18 -65.7934 8562.54 -115.26
8515.2 -67.0951 8577.14 -124.372
8529.52 -73.6039 8590.87 -103.544
8542.96 -73.6039 8604.9 -147.804
8557.28 -56.6811 8618.63 -77.5092
8571.01 -82.7162 8632.06 -85.3197
8584.45 -80.1127 8646.09 -111.355
8597.59 -78.8109 8659.82 -107.45
8612.2 -69.6986 8673.55 -132.183
8625.64 -110.053 8688.44 -143.899
8639.08 -78.8109 8700.71 -97.0355
8653.97 -52.7758 8715.02 -126.976
8667.41 -87.9232 8729.33 -126.976
8681.14 -78.8109 8743.06 -126.976
8694.87 -71.0004 8756.78 -91.8285
8709.18 -89.225 8770.22 -82.7162
8722.61 -112.657 8783.65 -98.3372
8736.05 -90.5267 8798.55 -104.846
8750.36 -102.243 8811.69 -99.639
8764.09 -73.6039 8826 -94.432
8777.52 -89.225 8839.72 -87.9232
8791.25 -63.1898 8853.45 -133.485
8805.27 -80.1127 8867.46 -113.958
8819.57 -94.432 8881.77 -113.958
8832.42 -74.9056 8894.91 -117.864
8847.02 -82.7162 8909.22 -111.355
8860.45 -86.6215 8923.23 -108.751
8874.18 -112.657 8936.37 -102.243
8888.2 -91.8285 8950.39 -112.657
8901.92 -61.8881 8964.69 -106.148
8915.64 -123.071 8978.12 -108.751
8929.95 -103.544 8992.72 -117.864
8944.26 -100.941 9006.15 -120.467
8957.1 -52.7758 9019.87 -85.3197
8971.12 -76.2074 9032.71 -134.786
8984.25 -115.26 9047.9 -73.6039
8999.43 -80.1127 9060.74 -80.1127
9013.15 -69.6986 9074.46 -124.372
9026.88 -97.0355 9089.64 -111.355
9039.43 -86.6215 9102.77 -130.881
9054.03 -72.3021 9116.2 -120.467
9067.75 -93.1302 9129.92 -94.432
9082.63 -65.7934 9144.22 -91.8285
9096.35 -77.5092 9157.36 -130.881
9108.9 -73.6039 9171.66 -146.502
9123.79 -106.148 9185.09 -134.786
9136.34 -89.225 9199.97 -115.26
9150.35 -57.9828 9212.81 -119.165
9164.36 -103.544 9227.11 -139.993
9177.79 -68.3969 9240.54 -133.485
9191.51 -80.1127 9254.55 -147.804
9205.81 -85.3197 9269.14 -120.467
9219.82 -84.0179 9281.4 -117.864
9232.95 -81.4144 9296.28 -112.657
9247.83 -84.0179 9309.41 -136.088
9260.38 -82.7162 9324.29 -123.071
9274.97 -104.846 9336.55 -125.674
9288.98 -65.7934 9351.72 -130.881
9302.99 -55.3793 9364.86 -113.958
9316.71 -51.474 9380.03 -124.372
9329.55 -65.7934 9393.45 -134.786
9343.84 -116.562 9406.88 -99.639
9358.73 -73.6039 9421.47 -137.39
9372.44 -59.2846 9434.59 -78.8109
9385.57 -78.8109 9447.72 -115.26
9399.29 -59.2846 9462.9 -137.39
9413.59 -87.9232 9476.03 -132.183
9425.84 -85.3197 9490.32 -132.183
9440.14 -86.6215 9504.04 -158.218
9455.31 -85.3197 9516.87 -145.2
9468.73 -98.3372 9532.63 -120.467
9482.44 -94.432 9544.88 -146.502
9497.33 -102.243 9559.76 -125.674
9510.16 -87.9232 9573.47 -134.786
9523.88 -86.6215 9586.31 -143.899
9536.71 -87.9232 9600.32 -141.295
9552.18 -59.2846 9614.61 -124.372
9565.31 -73.6039 9628.61 -116.562
9579.02 -77.5092 9641.45 -108.751
9591.85 -76.2074 9656.33 -126.976
9606.15 -63.1898 9669.75 -133.485
9619.28 -63.1898 9683.17 -137.39
9633.28 -60.5863 9697.46 -102.243
9648.16 -76.2074 9711.17 -132.183
9661.87 -81.4144 9725.75 -106.148
9675.29 -82.7162 9738.88 -116.562
9689.87 -59.2846 9752.3 -110.053
9703 -54.0776 9767.76 -153.011
9716.13 -87.9232 9780.01 -119.165
9730.42 -102.243 9794.01 -97.0355
9743.55 -98.3372 9808.6 -93.1302
9757.84 -98.3372 9822.6 -103.544
9772.43 -111.355 9836.02 -108.751
9786.43 -102.243 9849.73 -98.3372
9799.26 -108.751 9864.6 -97.0355
9813.26 -65.7934 9875.98 -133.485
9826.98 -95.7337 9891.15 -159.52
9840.69 -72.3021 9905.73 -142.597
9854.68 -77.5092 9918.27 -119.165
9868.4 -89.225 9933.44 -108.751
9882.69 -112.657 9947.44 -116.562
9895.81 -73.6039 9961.15 -139.993
9910.4 -81.4144 9973.98 -89.225
9923.81 -89.225 9987.69 -163.425
9937.81 -63.1898 10002.3 -91.8285
9951.81 -64.4916 10015.4 -132.183
9965.81 -82.7162 10030.3 -115.26
9978.07 -65.7934 10043.4 -116.562
9991.77 -104.846 10056.2 -130.881
10007.2 -94.432 10071.7 -126.976
10019.8 -82.7162 10085.4 -111.355
10034.1 -130.881 10100.3 -124.372
10047.8 -85.3197 10112.2 -111.355
10062.6 -107.45 10126.5 -137.39
10075.5 -59.2846 10140.8 -123.071
10090.1 -104.846 10153.6 -113.958
10102.9 -69.6986 10167.9 -98.3372
10117.5 -77.5092 10181.9 -110.053
10131.5 -80.1127 10195 -137.39
10144.3 -91.8285 10208.8 -113.958
10158 -68.3969 10223.6 -151.709
10172.6 -78.8109 10236.5 -124.372
10185.4 -110.053 10250.8 -110.053
10200.6 -87.9232 10264.5 -121.769
10213.1 -65.7934 10278.8 -120.467
10227.4 -100.941 10292.5 -117.864
10241.4 -108.751 10306.8 -111.355
10255.7 -102.243 10320.2 -129.579
10269.7 -74.9056 10333.9 -115.26
10282.6 -123.071 10347.3 -155.615
10296.8 -82.7162 10362.2 -138.692
10310.5 -86.6215 10376.2 -97.0355
10324 -86.6215 10389.9 -111.355
10338.3 -73.6039 10402.1 -129.579
10351.7 -94.432 10417.3 -132.183
10365.4 -100.941 10430.4 -129.579
10380 -126.976 10444.4 -102.243
10392.8 -82.7162 10459 -107.45
10407.1 -95.7337 10471.8 -106.148
10420.2 -98.3372 10486.4 -95.7337
10434.5 -94.432 10500.1 -123.071
10448.8 -97.0355 10513.5 -120.467
10462.8 -71.0004 10527.5 -100.941
10476.2 -65.7934 10541.8 -146.502
10489.6 -95.7337 10555.2 -115.26
10503.3 -55.3793 10569.2 -108.751
10517 -108.751 10583.2 -108.751
10532.5 -90.5267 10596.9 -160.822
10544.7 -93.1302 10610.6 -86.6215
10559.6 -72.3021 10624.1 -111.355
10572.7 -71.0004 10638.4 -95.7337
10585.6 -84.0179 10651.5 -125.674
10600.4 -84.0179 10665.8 -130.881
10614.1 -71.0004 10679.8 -85.3197
10627.3 -111.355 10693.8 -110.053
10641.6 -77.5092 10707.2 -123.071
10655.6 -123.071 10720.9 -107.45
10669.9 -82.7162 10735.2 -102.243
10682.7 -95.7337 10750.1 -98.3372
10697 -98.3372 10762.3 -120.467
10711.6 -59.2846 10776.6 -99.639
10725 -48.8705 10791.2 -97.0355
10738.4 -56.6811 10804.9 -126.976
10752.7 -69.6986 10818.3 -102.243
10765.2 -98.3372 10832.9 -90.5267
10780.7 -100.941 10845.7 -107.45
10793.2 -80.1127 10859.1 -99.639
10806.6 -90.5267 10873.4 -125.674
10820.9 -78.8109 10887.4 -112.657
10834.9 -68.3969 10901.2 -103.544
10848.9 -97.0355 10914.9 -129.579
10862.1 -69.6986 10929.4 -85.3197
10877 -90.5267 10942.3 -137.39
10890.7 -67.0951 10956.6 -119.165
10904.7 -71.0004 10970 -107.45
10918.4 -95.7337 10984.3 -104.846
10931.5 -107.45 10998.3 -117.864
10945.8 -112.657 11012.6 -98.3372
10958.6 -76.2074 11025.1 -115.26
10972.9 -82.7162 11040.6 -97.0355
10987.8 -90.5267 11053.1 -97.0355
11000.3 -84.0179 11066.5 -121.769
11014 -47.5688 11081.4 -100.941
11028 -80.1127 11094.8 -93.1302
11042 -76.2074 11109.4 -116.562
11056.1 -113.958 11122.9 -99.639
11070.3 -86.6215 11136.3 -97.0355
11083.2 -81.4144 11150.9 -120.467
11097.2 -91.8285 11163.4 -99.639
11110.6 -67.0951 11177.7 -121.769
11125.8 -63.1898 11191.7 -121.769
11137.7 -52.7758 11205.7 -95.7337
11151.7 -51.474 11220 -110.053
11166.3 -84.0179 11232.5 -95.7337
11179.2 -100.941 11246.9 -78.8109
11194.3 -80.1127 11261.2 -102.243
11207.8 -76.2074 11275.4 -98.3372
11222 -80.1127 11288.9 -130.881
11235.5 -91.8285 11302.6 -99.639
11248.6 -50.1723 11316.3 -151.709
11263.5 -86.6215 11329.4 -126.976
11276.9 -71.0004 11344 -112.657
11290.9 -86.6215 11356.9 -136.088
11303.4 -74.9056 11371.7 -125.674
11318.3 -72.3021 11385.7 -100.941
11332.9 -78.8109 11399.8 -129.579
11344.9 -41.06 11414 -110.053
11360.1 -84.0179 11426.6 -136.088
11373.2 -71.0004 11440.6 -117.864
11387.2 -98.3372 11454.6 -108.751
11400.9 -80.1127 11468.9 -112.657
11414.6 -94.432 11482.3 -136.088
11428.9 -60.5863 11496.3 -141.295
11442.6 -72.3021 11510.9 -104.846
11456.9 -100.941 11524.1 -128.278
11469.2 -61.8881 11538.1 -97.0355
11483.2 -87.9232 11551.5 -102.243
11497.2 -48.8705 11564.9 -142.597
11510.9 -71.0004 11579.2 -124.372
11525.5 -60.5863 11593.2 -171.236
11539.8 -74.9056 11606.9 -126.976
11552.7 -97.0355 11621.3 -136.088
11567 -76.2074 11634.4 -115.26
11580.7 -91.8285 11647.8 -108.751
11594.1 -59.2846 11662.4 -133.485
11607.8 -94.432 11676.4 -145.2
11622.1 -56.6811 11690.1 -108.751
11635.9 -111.355 11704.1 -87.9232
11649.6 -77.5092 11717.9 -147.804
11662.7 -94.432 11731.9 -121.769
11676.4 -68.3969 11745.3 -117.864
11691 -93.1302 11759.6 -126.976
11704.4 -81.4144 11773 -116.562
11719 -85.3197 11787.1 -121.769
11731.9 -43.6635 11800.8 -142.597
11745.9 -50.1723 11814.8 -159.52
11759.9 -71.0004 11828.2 -163.425
11774.2 -97.0355 11842.2 -184.253
11787.6 -72.3021 11856.8 -160.822
11801.1 -60.5863 11870 -145.2
11814.8 -63.1898 11883.4 -139.993
11828.8 -86.6215 11898 -169.934
11843.1 -46.267 11911.4 -181.65
11856 -51.474 11925.2 -173.839
11870.9 -77.5092 11938.9 -159.52
11883.1 -78.8109 11952.9 -166.029
11898 -67.0951 11966.3 -214.194
11911.7 -68.3969 11980.6 -179.046
11925.4 -51.474 11995.2 -175.141
11939.8 -57.9828 12007.5 -172.537
11953.5 -65.7934 12022.1 -181.65
11967.5 -60.5863 12036.4 -171.236
11980.1 -100.941 12049.8 -190.762
11994.7 -56.6811 12063.3 -156.916
12009 -56.6811 12076.7 -175.141
12022.1 -60.5863 12091.6 -171.236
12035.5 -93.1302 12105.1 -162.123
12049.8 -64.4916 12118.5 -173.839
12064.5 -65.7934 12132.2 -202.478
12077.6 -69.6986 12147.1 -180.348
12090.4 -64.4916 12161.1 -188.158
12104.8 -72.3021 12174.9 -167.33
12118.8 -67.0951 12189.2 -145.2
12132.8 -26.7407 12202.3 -159.52
12146.8 -42.3617 12215.5 -168.632
12159.7 -51.474 12230.4 -173.839
12174.3 -59.2846 12244.1 -171.236
12187.7 -68.3969 12257.5 -172.537
12201.7 -60.5863 12270.7 -154.313
12215.2 -55.3793 12285.3 -155.615
12228.6 -25.4389 12298.7 -159.52
12243.5 -54.0776 12313.6 -172.537
12256.4 -48.8705 12327.3 -171.236
12270.7 -77.5092 12339.9 -177.744
12284.4 -48.8705 12354.5 -172.537
12298.1 -46.267 12368.8 -206.383
12311.3 -65.7934 12382.3 -189.46
12325.9 -12.4214 12396 -155.615
12339.6 -28.0424 12410.3 -179.046
12353.4 -28.0424 12424.1 -149.106
12366.8 -11.1196 12437.5 -147.804
12380.8 -33.2495 12451.5 -171.236
12394.8 -48.8705 12465.3 -162.123
12408.6 -48.8705 12479 -177.744
12422.6 -47.5688 12492.5 -162.123
12435.5 -18.9302 12507.1 -162.123
12450.4 -24.1372 12521.4 -186.857
12464.1 9.70847 12534.2 -156.916
12478.4 -2.00733 12548.6 -128.278
12490.7 5.80321 12562.6 -151.709
12505 7.10496 12576 -136.088
12519.6 17.519 12589.5 -171.236
12531.9 -3.30908 12604.4 -185.555
12546.5 0.596186 12617.2 -138.692
12559.7 -7.21435 12630.7 -142.597
12574.3 -9.81786 12645.6 -129.579
12587.7 -21.5337 12659.3 -171.236
12602.3 22.726 12672.8 -146.502
12616.1 3.1997 12686.5 -153.011
12629.8 47.4594 12700.5 -123.071
12643 1.89794 12714.6 -129.579
12656.4 18.8208 12728.3 -141.295
12670.4 50.0629 12743 -99.639
12685.7 24.0278 12756.4 -153.011
12698.5 46.1576 12770.4 -120.467
12711.7 24.0278 12784.8 -124.372
12726.3 80.0033 12797.6 -97.0355
12740.3 64.3822 12811.6 -78.8109
12753.2 55.2699 12825.4 -104.846
12767.2 64.3822 12838.9 -102.243
12781.2 60.4769 12852.6 -107.45
12794.7 95.6243 12866.3 -86.6215
12808.4 74.7963 12881.3 -94.432
12822.2 77.3998 12894.7 -84.0179
12837.4 87.8138 12908.1 -110.053
12849.7 117.754 12922.5 -71.0004
12863.7 66.9857 12936.5 -76.2074
12877.7 103.435 12949.4 -85.3197
12891.5 99.5296 12963.1 -90.5267
12905.2 98.2279 12977.8 -93.1302
12918.4 122.961 12992.1 -94.432
12933.6 155.505 13006.1 -82.7162
12947 137.281 13019.9 -91.8285
12960.8 176.333 13033.6 -61.8881
12974.5 126.866 13047.4 -84.0179
12987.7 121.659 13060.2 -107.45
13001.2 120.358 13075.2 -57.9828
13016.1 138.582 13088.6 -60.5863
13029.8 137.281 13102.1 -42.3617
13043.6 148.996 13115.8 -25.4389
13057.6 145.091 13129.6 -51.474
13070.5 215.386 13143.6 -43.6635
13084.8 215.386 13158.2 -55.3793
13098.3 175.031 13171.7 -63.1898
13112.9 201.067 13184.9 -51.474
13126 216.688 13199.5 -43.6635
13140.4 193.256 13212.9 -29.3442
13153.8 195.86 13227.3 -12.4214
13167.9 232.309 13241 -20.2319
13181.3 245.326 13254.8 29.2348
13195.4 275.267 13268.8 18.8208
13209.1 268.758 13281.4 8.40672
13222.6 273.965 13295.7 25.3295
13236.9 277.87 13309.8 5.80321
13250.1 262.249 13324.4 -0.70557
13264.1 263.551 13336.7 16.2173
13278.5 242.723 13351 56.5717
13291.1 288.284 13366 76.098
13305.7 310.414 13378.9 89.1156
13319.4 336.449 13393.2 68.2875
13333.2 348.165 13407.8 78.7015
13346.9 354.674 13420.7 55.2699
13361 303.905 13435 81.305
13375 314.319 13449.1 69.5892
13388.8 302.604 13462 42.2524
13401.7 293.491 13475.7 68.2875
13415.7 283.077 13490.3 112.547
13429.8 294.793 13505 119.056
13444.1 313.018 13517.9 116.452
13457.6 376.804 13532.2 148.996
13470.7 395.028 13546 142.488
13485.4 392.425 13560.3 126.866
13499.1 396.33 13573.8 122.961
13512.3 389.821 13587.8 142.488
13526.6 376.804 13601.6 142.488
13540.1 350.768 13614.5 150.298
13553.9 354.674 13629.4 185.445
13567.6 387.218 13643.7 223.196
13581.7 413.253 13656.3 198.463
13594.8 441.891 13670.7 241.421
13609.8 461.418 13685.3 234.912
13622.9 449.702 13699.1 223.196
13637.9 441.891 13711.9 231.007
13650.5 400.235 13726.9 223.196
13663.9 440.59 13740.9 224.498
13677.4 411.951 13754.4 219.291
13692 441.891 13768.4 254.439
13705.8 482.246 13781.9 293.491
13718.7 509.583 13796 302.604
13733.3 506.979 13809.7 341.656
13747.4 523.902 13824.7 326.035
13760.8 549.937 13839 326.035
13774.6 516.091 13852.8 323.432
13788.4 477.039 13866.8 353.372
13802.1 487.453 13882 348.165
13816.5 508.281 13893.5 367.691
13829.6 556.446 13898.2 457.512
13843.1 553.842 13884.7 487.453
13858.3 522.6 13871.5 530.411
