7014.75 -216.797 7027.35 -216.797
7005.37 -146.502 7041.72 -202.478
7000.97 -124.372 7055.2 -185.555
7008.59 -104.846 7070.15 -208.986
7021.78 -121.769 7083.34 -194.667
7035.86 -110.053 7097.71 -224.608
7049.63 -139.993 7110.9 -207.685
7062.83 -129.579 7124.09 -182.951
7078.07 -158.218 7139.03 -182.951
7092.14 -128.278 7152.81 -195.969
7105.62 -99.639 7167.46 -182.951
7119.11 -133.485 7179.77 -177.744
7132.59 -97.0355 7193.84 -177.744
7146.66 -112.657 7207.61 -185.555
7161.02 -97.0355 7222.26 -188.158
7175.38 -117.864 7235.74 -149.106
7188.56 -117.864 7249.51 -171.236
7202.05 -115.26 7263.58 -159.52
7216.7 -106.148 7276.47 -189.46
7229.59 -137.39 7291.12 -160.822
7243.65 -72.3021 7305.18 -179.046
7258.31 -117.864 7318.07 -194.667
7272.37 -82.7162 7332.14 -176.443
7285.55 -89.225 7345.9 -171.236
7299.03 -91.8285 7359.67 -168.632
7313.09 -84.0179 7373.73 -180.348
7326.57 -120.467 7388.38 -137.39
7341.22 -100.941 7400.97 -180.348
7354.69 -99.639 7415.03 -185.555
7369.05 -100.941 7429.68 -149.106
7382.23 -60.5863 7442.27 -166.029
7395.7 -103.544 7456.91 -169.934
7409.76 -128.278 7470.38 -194.667
7424.7 -72.3021 7484.73 -206.383
7437.29 -86.6215 7497.91 -175.141
7451.06 -97.0355 7512.26 -180.348
7465.7 -61.8881 7526.32 -193.365
7478.29 -108.751 7539.2 -206.383
7492.64 -85.3197 7552.67 -138.692
7506.4 -108.751 7567.89 -163.425
7520.46 -110.053 7581.07 -199.874
7534.22 -123.071 7594.83 -159.52
7547.98 -94.432 7609.17 -133.485
7562.04 -93.1302 7623.23 -175.141
7575.51 -108.751 7636.4 -193.365
7590.14 -104.846 7651.04 -173.839
7604.2 -76.2074 7664.21 -205.081
7616.49 -100.941 7678.26 -172.537
7631.13 -94.432 7692.01 -154.313
7645.18 -124.372 7705.77 -158.218
7658.94 -99.639 7720.41 -171.236
7672.4 -72.3021 7732.11 -179.046
7686.45 -72.3021 7747.33 -163.425
7700.5 -77.5092 7760.79 -188.158
7714.26 -69.6986 7775.13 -198.572
7728.31 -76.2074 7788.89 -156.916
7742.06 -117.864 7802.64 -150.407
7755.53 -98.3372 7816.39 -158.218
7769.28 -80.1127 7830.15 -173.839
7782.74 -103.544 7844.48 -123.071
7797.08 -107.45 7857.36 -186.857
7810.83 -89.225 7871.99 -168.632
7824.29 -106.148 7885.45 -156.916
7839.22 -85.3197 7899.2 -194.667
7851.8 -112.657 7912.95 -192.064
7866.43 -106.148 7926.4 -166.029
7879.3 -108.751 7940.74 -156.916
7892.76 -82.7162 7954.49 -121.769
7907.68 -104.846 7969.11 -160.822
7921.43 -76.2074 7981.98 -149.106
7935.18 -103.544 7996.02 -137.39
7947.76 -90.5267 8010.35 -158.218
7962.09 -77.5092 8023.51 -138.692
7976.72 -82.7162 8038.14 -175.141
7990.17 -81.4144 8051.01 -185.555
8004.5 -69.6986 8065.34 -179.046
8017.67 -100.941 8079.08 -175.141
8032 -85.3197 8092.83 -158.218
8046.62 -89.225 8107.16 -136.088
8060.07 -97.0355 8120.61 -134.786
8073.53 -77.5092 8135.23 -190.762
8088.44 -63.1898 8148.97 -139.993
8101.31 -71.0004 8162.71 -150.407
8114.47 -71.0004 8176.46 -164.727
8128.21 -59.2846 8189.9 -160.822
8141.66 -99.639 8203.35 -147.804
8156.57 -95.7337 8217.68 -111.355
8170.02 -102.243 8231.13 -142.597
8183.76 -72.3021 8245.45 -149.106
8198.09 -68.3969 8258.9 -139.993
8210.95 -123.071 8272.93 -133.485
8225.28 -68.3969 8286.09 -151.709
8239.02 -86.6215 8300.99 -164.727
8253.34 -102.243 8314.15 -154.313
8266.79 -99.639 8326.72 -158.218
8280.82 -91.8285 8342.21 -176.443
8294.56 -95.7337 8355.65 -124.372
8307.42 -55.3793 8370.56 -143.899
8322.04 -84.0179 8382.54 -128.278
8335.19 -64.4916 8397.15 -113.958
8350.1 -113.958 8411.18 -130.881
8363.54 -87.9232 8424.91 -142.597
8377.28 -97.0355 8438.65 -134.786
8391.01 -82.7162 8452.68 -130.881
8404.75 -90.5267 8466.99 -142.597
8419.36 -87.9232 8480.14 -137.39
8432.51 -108.751 8493.88 -121.769
8446.25 -112.657 8507.61 -133.485
8459.69 -74.9056 8521.34 -132.183
8474.3 -78.8109 8534.78 -142.597
8487.16 -86.6215 8549.1 -164.727
8501.47 -67.0951 8563.12 -167.33
8515.2 -110.053 8576.85 -145.2
8529.23 -100.941 8591.46 -160.822
8542.67 -86.6215 8604.9 -203.779
8556.98 -100.941 8617.75 -160.822
8571.01 -86.6215 8633.23 -125.674
8585.03 -90.5267 8646.09 -142.597
8597.59 -76.2074 8660.4 -154.313
8611.91 -111.355 8674.13 -198.572
8625.93 -95.7337 8688.44 -162.123
8639.08 -91.8285 8700.71 -162.123
8653.97 -108.751 8715.6 -138.692
8667.41 -99.639 8728.46 -177.744
8680.85 -84.0179 8742.77 -145.2
8694.28 -67.0951 8756.78 -145.2
8708.3 -63.1898 8769.93 -141.295
8722.61 -107.45 8784.82 -137.39
8735.76 -93.1302 8799.13 -143.899
8750.36 -90.5267 8811.98 -138.692
8764.38 -68.3969 8826.29 -120.467
8777.81 -99.639 8840.31 -136.088
8791.83 -74.9056 8853.74 -166.029
8806.14 -61.8881 8867.76 -149.106
8820.16 -84.0179 8880.9 -107.45
8833.59 -99.639 8895.2 -141.295
8846.73 -69.6986 8908.93 -156.916
8860.75 -99.639 8922.36 -160.822
8874.76 -81.4144 8936.37 -149.106
8889.07 -93.1302 8950.39 -108.751
8902.5 -77.5092 8965.28 -137.39
8915.64 -98.3372 8977.83 -130.881
8929.95 -72.3021 8991.85 -137.39
8943.96 -104.846 9005.86 -166.029
8957.69 -82.7162 9019.58 -164.727
8971.41 -76.2074 9033.3 -129.579
8985.13 -103.544 9047.9 -111.355
8998.27 -61.8881 9061.32 -113.958
9012.86 -64.4916 9074.75 -133.485
9026.29 -34.5512 9088.47 -125.674
9040.01 -90.5267 9101.61 -167.33
9054.61 -84.0179 9116.79 -163.425
9068.04 -108.751 9130.5 -124.372
9081.76 -95.7337 9144.51 -129.579
9095.19 -106.148 9158.23 -136.088
9108.03 -80.1127 9171.95 -134.786
9123.5 -67.0951 9185.38 -145.2
9137.51 -81.4144 9199.68 -139.993
9150.65 -85.3197 9213.4 -128.278
9164.65 -71.0004 9227.99 -145.2
9178.37 -104.846 9240.83 -169.934
9192.09 -85.3197 9254.84 -164.727
9206.39 -106.148 9267.97 -137.39
9220.69 -86.6215 9282.56 -162.123
9233.83 -69.6986 9297.15 -126.976
9247.25 -64.4916 9309.7 -115.26
9261.55 -65.7934 9324.29 -128.278
9275.27 -48.8705 9337.72 -115.26
9288.69 -56.6811 9350.56 -169.934
9302.99 -116.562 9364.86 -138.692
9317 -97.0355 9380.03 -145.2
9330.72 -81.4144 9392.87 -158.218
9344.43 -115.26 9407.46 -169.934
9359.89 -84.0179 9421.47 -133.485
9371.28 -54.0776 9434.59 -133.485
9385.57 -94.432 9448.6 -137.39
9399.29 -103.544 9462.61 -126.976
9412.71 -81.4144 9475.74 -132.183
9426.42 -111.355 9490.03 -126.976
9440.43 -91.8285 9504.04 -116.562
9454.73 -54.0776 9517.75 -143.899
9468.15 -77.5092 9532.05 -121.769
9481.86 -80.1127 9545.47 -158.218
9496.16 -67.0951 9559.18 -113.958
9509.87 -67.0951 9572.31 -116.562
9523.29 -90.5267 9587.19 -136.088
9537.3 -65.7934 9600.61 -133.485
9551.59 -85.3197 9614.03 -168.632
9565.01 -60.5863 9628.61 -176.443
9578.43 -72.3021 9641.74 -164.727
9592.73 -95.7337 9657.2 -176.443
9605.86 -85.3197 9670.04 -130.881
9620.44 -84.0179 9683.17 -154.313
9633.86 -86.6215 9697.17 -158.218
9648.16 -56.6811 9711.75 -143.899
9661.87 -84.0179 9725.17 -185.555
9675.29 -63.1898 9738.88 -138.692
9689 -99.639 9752.88 -189.46
9702.71 -74.9056 9766.89 -186.857
9716.71 -56.6811 9780.31 -205.081
9730.42 -74.9056 9794.89 -159.52
9744.42 -91.8285 9807.72 -171.236
9758.43 -78.8109 9822.6 -150.407
9771.85 -84.0179 9836.02 -112.657
9786.14 -72.3021 9849.43 -130.881
9800.14 -68.3969 9864.02 -136.088
9812.97 -84.0179 9877.15 -150.407
9827.56 -95.7337 9892.31 -136.088
9841.56 -76.2074 9904.56 -151.709
9854.68 -74.9056 9918.27 -138.692
9868.4 -99.639 9933.15 -126.976
9882.39 -82.7162 9946.56 -156.916
9896.69 -94.432 9960.57 -99.639
9910.4 -20.2319 9973.98 -93.1302
9924.69 -65.7934 9988.27 -149.106
9938.1 -89.225 10001.4 -128.278
9951.52 -86.6215 10016.3 -143.899
9965.23 -94.432 10030 -134.786
9978.94 -55.3793 10043.7 -143.899
9992.36 -78.8109 10057.1 -168.632
10006.6 -100.941 10070.5 -124.372
10020.6 -90.5267 10084.8 -149.106
10034.4 -80.1127 10098.8 -121.769
10048.6 -81.4144 10111.6 -139.993
10062.1 -77.5092 10127.1 -154.313
10074.9 -90.5267 10140.5 -141.295
10089.5 -86.6215 10154.5 -168.632
10102.6 -67.0951 10167.4 -160.822
10116.9 -82.7162 10181.9 -141.295
10131.5 -77.5092 10195.9 -138.692
10145.5 -86.6215 10209.3 -137.39
10159.5 -93.1302 10223.9 -149.106
10172 -69.6986 10236.2 -160.822
10186 -85.3197 10250.2 -146.502
10199.7 -82.7162 10264.8 -162.123
10214 -89.225 10279 -136.088
10227.1 -93.1302 10293 -142.597
10242 -102.243 10305.6 -149.106
10255.1 -90.5267 10320.2 -151.709
10268.3 -111.355 10333.3 -129.579
10282.8 -93.1302 10347.3 -164.727
10296.5 -104.846 10361.6 -162.123
10309.7 -89.225 10375.6 -149.106
10324.5 -59.2846 10389 -147.804
10338.8 -73.6039 10402.7 -103.544
10352 -89.225 10417.3 -180.348
10365.4 -93.1302 10430.4 -154.313
10380 -77.5092 10445 -158.218
10393.1 -72.3021 10459 -136.088
10407.1 -80.1127 10472.1 -159.52
10420.8 -85.3197 10486.1 -163.425
10435.7 -81.4144 10499.8 -184.253
10448.2 -81.4144 10514.1 -164.727
10461.9 -57.9828 10527.2 -201.176
10476.8 -85.3197 10541.8 -149.106
10490.2 -77.5092 10555.8 -130.881
10503.3 -87.9232 10568.6 -190.762
10517.9 -73.6039 10582.6 -189.46
10531.3 -97.0355 10596.9 -158.218
10545 -56.6811 10610.6 -181.65
10559.3 -80.1127 10625.2 -153.011
10573.3 -97.0355 10638.4 -166.029
10586.4 -82.7162 10652.4 -175.141
10600.1 -113.958 10666.1 -163.425
10613.6 -61.8881 10679.2 -179.046
10628.7 -94.432 10693.2 -195.969
10642.4 -77.5092 10707.5 -179.046
10657 -76.2074 10721.5 -179.046
10670.1 -94.432 10734.6 -171.236
10682.7 -93.1302 10749.8 -171.236
10697.6 -90.5267 10762.3 -197.271
10710.7 -69.6986 10776 -134.786
10724.7 -86.6215 10791.2 -176.443
10738.4 -64.4916 10804.9 -153.011
10751.8 -55.3793 10817.7 -146.502
10766.1 -72.3021 10831.7 -164.727
10779.2 -63.1898 10845.7 -177.744
10793.5 -61.8881 10859.1 -146.502
10807.2 -115.26 10873.7 -181.65
10821.2 -104.846 10888.6 -175.141
10834.6 -78.8109 10901.2 -160.822
10848.6 -61.8881 10914.6 -180.348
10862.1 -72.3021 10928.9 -138.692
10876.4 -72.3021 10943.2 -156.916
10889.8 -95.7337 10956.3 -168.632
10904.9 -103.544 10970.6 -186.857
10918.4 -55.3793 10985.2 -133.485
10932.1 -64.4916 10997.7 -154.313
10945.8 -55.3793 11011.7 -155.615
10959.2 -64.4916 11026 -166.029
10972.6 -76.2074 11039.1 -149.106
10987.2 -61.8881 11054 -159.52
11000 -99.639 11068 -134.786
11015.2 -89.225 11081.1 -143.899
11028.3 -68.3969 11094.6 -106.148
11042.9 -108.751 11109.4 -123.071
11055.8 -80.1127 11122.6 -143.899
11069.8 -59.2846 11136.9 -179.046
11084.4 -52.7758 11151.5 -158.218
11096.9 -81.4144 11164 -155.615
11110.6 -54.0776 11177.4 -198.572
11124.9 -71.0004 11190.8 -173.839
11138.9 -87.9232 11205.7 -164.727
11152.9 -73.6039 11219.7 -172.537
11166 -90.5267 11233.1 -177.744
11180.9 -106.148 11248 -162.123
11193.8 -72.3021 11261.4 -172.537
11207.8 -64.4916 11274.9 -180.348
11221.8 -94.432 11288.6 -186.857
11234.6 -121.769 11302.9 -164.727
11249.5 -86.6215 11316.6 -153.011
11262.6 -99.639 11330.3 -179.046
11278.1 -90.5267 11344.3 -167.33
11290.3 -68.3969 11357.7 -171.236
11304 -80.1127 11371.7 -159.52
11318.6 -63.1898 11385.7 -207.685
11331.8 -76.2074 11399.5 -190.762
11346.3 -67.0951 11412.6 -173.839
11359.5 -78.8109 11426.6 -156.916
11373.2 -84.0179 11441.8 -167.33
11387.2 -78.8109 11454 -182.951
11402.1 -98.3372 11468.9 -182.951
11415.5 -95.7337 11482.6 -188.158
11427.2 -99.639 11496.3 -190.762
11442.6 -90.5267 11510 -184.253
11456.4 -78.8109 11524.1 -203.779
11469.2 -69.6986 11538.7 -219.401
11483.2 -82.7162 11551.5 -198.572
11497.8 -72.3021 11565.2 -205.081
11510.9 -90.5267 11578.9 -179.046
11525.5 -99.639 11593.5 -162.123
11539.2 -102.243 11607.5 -192.064
11553.3 -98.3372 11621 -158.218
11567.3 -84.0179 11635 -179.046
11579.5 -90.5267 11648.4 -190.762
11594.4 -59.2846 11661.8 -211.59
11608.4 -99.639 11677 -189.46
11622.1 -74.9056 11690.4 -168.632
11635.6 -74.9056 11703 -162.123
11649.3 -89.225 11716.7 -137.39
11663.6 -67.0951 11731 -180.348
11677 -68.3969 11745.6 -190.762
11691 -115.26 11758.7 -194.667
11703.9 -86.6215 11773.6 -172.537
11718.5 -98.3372 11786.8 -224.608
11732.8 -71.0004 11801.4 -216.797
11745.9 -86.6215 11814.8 -236.323
11759.6 -68.3969 11828.2 -201.176
11773 -80.1127 11842.2 -199.874
11787.6 -106.148 11856 -182.951
11801.4 -90.5267 11870.9 -167.33
11815.1 -108.751 11883.1 -206.383
11828.8 -63.1898 11897.4 -241.53
11842.8 -81.4144 11911.1 -235.022
11856 -84.0179 11925.2 -250.643
11870.3 -84.0179 11939.2 -245.436
11884.9 -56.6811 11952 -202.478
11898 -77.5092 11967.8 -233.72
11912 -37.1547 11980.9 -208.986
11926.3 -80.1127 11994.7 -166.029
11938.9 -77.5092 12008.4 -189.46
11953.2 -73.6039 12021.2 -202.478
11966.9 -89.225 12035.8 -210.288
11980.9 -65.7934 12049.8 -227.211
11994.9 -84.0179 12065 -215.495
12008.7 -63.1898 12077.6 -258.453
12021.8 -87.9232 12091.6 -202.478
12036.4 -41.06 12105.6 -168.632
12049.6 -100.941 12119.4 -194.667
12064.2 -100.941 12133.4 -215.495
12076.7 -57.9828 12147.1 -154.313
12091 -55.3793 12160.5 -201.176
12104.8 -80.1127 12174.6 -185.555
12119.4 -78.8109 12188.3 -228.513
12132.2 -78.8109 12201.7 -216.797
12146.2 -54.0776 12215.8 -197.271
12159.7 -72.3021 12230.4 -199.874
12173.1 -78.8109 12243.2 -202.478
12188 -68.3969 12256.9 -197.271
12201.4 -94.432 12271.5 -186.857
12215.8 -111.355 12285.3 -166.029
12229.5 -68.3969 12299.3 -180.348
12242.9 -65.7934 12313 -166.029
12256.6 -76.2074 12327.1 -206.383
12270.4 -57.9828 12340.8 -201.176
12284.1 -63.1898 12354.5 -203.779
12297.8 -52.7758 12368.6 -179.046
12312.7 -77.5092 12383.2 -188.158
12325.9 -81.4144 12396.6 -184.253
12339.6 -61.8881 12410 -145.2
12352.8 -72.3021 12423.8 -159.52
12367.4 -51.474 12437.2 -155.615
12381.4 -60.5863 12451.5 -192.064
12394.6 -15.0249 12465.3 -195.969
12408.6 -60.5863 12479 -177.744
12422.9 -47.5688 12492.5 -216.797
12436 -30.646 12507.1 -207.685
12450.1 -31.9477 12521.1 -218.099
12463.5 -60.5863 12534.2 -206.383
12478.1 -50.1723 12549.4 -192.064
12491.9 -52.7758 12562.6 -193.365
12504.7 -61.8881 12575.7 -198.572
12519.3 -47.5688 12589.8 -186.857
12532.8 5.80321 12603.5 -216.797
12547.1 -0.70557 12618.1 -203.779
12560 -13.7231 12631.3 -199.874
12574.3 -12.4214 12645.3 -210.288
12588 -12.4214 12659.3 -225.909
12602.3 -18.9302 12673.1 -210.288
12615.5 -16.3266 12685.9 -179.046
12629.2 14.9155 12700.9 -185.555
12643 16.2173 12714.6 -181.65
12656.7 35.7436 12728.3 -211.59
12670.7 39.6489 12741.8 -190.762
12683.9 76.098 12755.8 -197.271
12698.8 86.5121 12768.7 -159.52
12712.5 68.2875 12782.1 -185.555
12726 70.891 12798.2 -156.916
12739.7 56.5717 12811.4 -175.141
12753.8 46.1576 12824.5 -139.993
12766.9 65.684 12839.7 -162.123
12781.8 38.3471 12853.2 -137.39
12796.2 65.684 12866.3 -195.969
12809 80.0033 12880.4 -129.579
12822.2 68.2875 12895.6 -175.141
12836.5 72.1928 12907.9 -175.141
12850.8 51.3647 12921.3 -123.071
12863.7 30.5366 12936.8 -155.615
12878 42.2524 12949.1 -132.183
12891.2 48.7611 12964 -104.846
12906.1 95.6243 12976.9 -133.485
12919 99.5296 12992.1 -132.183
12933.9 85.2103 13005.8 -104.846
12946.5 115.151 13019.6 -87.9232
12960.2 137.281 13033 -81.4144
12974.8 162.014 13046.5 -100.941
12988 138.582 13060.8 -77.5092
13002 96.9261 13074.6 -95.7337
13015.8 133.375 13088 -104.846
13029.8 124.263 13101.8 -99.639
13043.9 147.695 13116.4 -93.1302
13057.9 151.6 13130.4 -102.243
13071.1 158.109 13143.9 -74.9056
13085.1 184.144 13158.2 -72.3021
13098.8 206.274 13171.7 -43.6635
13112.3 214.084 13185.1 -41.06
13126 217.989 13200.1 -63.1898
13140.4 185.445 13214.1 -41.06
13153.8 220.593 13227.3 -51.474
13167.9 215.386 13240.4 -34.5512
13180.2 231.007 13254.2 -28.0424
13196 271.361 13268.5 -8.5161
13208.8 267.456 13282 -24.1372
13222.9 283.077 13296.3 -22.8354
13236.6 279.172 13310.4 12.312
13250.4 306.509 13324.4 -15.0249
13265 297.397 13337.6 -12.4214
13277.9 331.242 13352.8 13.6137
13291.9 294.793 13365.7 3.1997
13306.6 300 13378.9 12.312
13319.7 251.835 13392.9 13.6137
13332.3 292.189 13407.2 16.2173
13347.5 320.828 13421 39.6489
13360.4 353.372 13434.5 35.7436
13374.8 358.579 13449.1 86.5121
13388.8 358.579 13462.6 106.038
13402.5 362.484 13476 121.659
13415.7 341.656 13490.3 95.6243
13429.8 337.751 13504.1 96.9261
13443.2 297.397 13519 89.1156
13457.3 298.698 13532.5 93.0208
13471 327.337 13545.7 120.358
13485.1 362.484 13560 121.659
13498.8 384.614 13573.8 121.659
13512.9 363.786 13587.5 116.452
13526.9 387.218 13601.3 146.393
13540.4 408.046 13614.8 175.031
13553.9 405.442 13628.8 163.316
13567.3 388.519 13643.1 178.937
13581.7 392.425 13656.6 206.274
13594.8 393.726 13670.9 176.333
13609.2 436.684 13685.3 169.824
13622.9 448.4 13698.5 185.445
13636.1 469.228 13712.2 223.196
13651.3 460.116 13726.3 202.368
13664.2 477.039 13740.3 249.232
13679.1 466.625 13754.1 257.042
13691.2 441.891 13769 290.888
13706.4 504.376 13782.5 260.947
13719.6 503.074 13796.3 272.663
13733.6 488.755 13809.7 301.302
13747.1 531.712 13823.8 311.716
13760.8 531.712 13838.1 328.639
13774.6 591.593 13851 331.242
13788.6 565.558 13867.4 391.123
13802.4 586.386 13881.2 435.383
13816.2 602.007 13894.9 423.667
13829.9 556.446 13899.3 460.116
13842.8 559.049 13885.3 436.684
13858 464.021 13871.2 465.323
