7013.87 -186.857 7027.35 -210.288
7005.37 -123.071 7042.31 -172.537
7000.97 -111.355 7055.79 -203.779
7008.59 -132.183 7069.86 -172.537
7021.2 -151.709 7083.34 -169.934
7035.86 -106.148 7098 -201.176
7049.05 -141.295 7110.9 -189.46
7064 -115.26 7124.67 -182.951
7078.36 -139.993 7139.03 -206.383
7091.26 -134.786 7152.81 -229.815
7105.04 -126.976 7166.88 -180.348
7119.98 -133.485 7178.6 -198.572
7133.76 -158.218 7194.72 -182.951
7146.95 -130.881 7207.03 -220.702
7160.43 -115.26 7221.97 -192.064
7174.2 -119.165 7236.04 -202.478
7188.86 -124.372 7249.51 -190.762
7202.05 -91.8285 7264.16 -201.176
7216.7 -108.751 7276.47 -198.572
7230.18 -107.45 7290.53 -190.762
7244.24 -107.45 7304.6 -188.158
7257.13 -108.751 7318.66 -171.236
7271.78 -121.769 7331.84 -162.123
7284.97 -119.165 7345.32 -190.762
7299.91 -110.053 7360.26 -166.029
7313.39 -133.485 7373.44 -202.478
7327.16 -112.657 7387.21 -205.081
7340.63 -93.1302 7400.97 -171.236
7354.98 -128.278 7414.45 -193.365
7367.87 -95.7337 7429.38 -176.443
7381.64 -103.544 7443.73 -192.064
7396.58 -129.579 7457.21 -199.874
7409.76 -130.881 7470.68 -168.632
7424.11 -108.751 7484.44 -190.762
7437.58 -107.45 7498.2 -185.555
7450.47 -112.657 7511.38 -214.194
7465.7 -108.751 7527.19 -195.969
7478.88 -120.467 7538.61 -208.986
7492.64 -111.355 7552.96 -202.478
7506.7 -115.26 7567.31 -192.064
7520.46 -117.864 7580.77 -166.029
7534.22 -120.467 7596 -180.348
7547.98 -120.467 7608.88 -188.158
7562.04 -103.544 7622.64 -182.951
7575.8 -129.579 7636.11 -215.495
7590.14 -119.165 7650.45 -208.986
7604.2 -98.3372 7664.21 -184.253
7616.79 -82.7162 7678.55 -192.064
7631.42 -147.804 7692.31 -199.874
7645.47 -110.053 7704.89 -193.365
7659.53 -110.053 7719.24 -184.253
7672.99 -107.45 7733.28 -162.123
7685.87 -124.372 7747.33 -218.099
7700.21 -112.657 7761.67 -188.158
7713.67 -117.864 7774.84 -205.081
7727.43 -86.6215 7788.6 -220.702
7741.77 -99.639 7803.52 -199.874
7754.36 -112.657 7816.39 -199.874
7769.57 -95.7337 7830.73 -190.762
7783.62 -143.899 7844.19 -192.064
7797.08 -142.597 7857.36 -195.969
7811.13 -104.846 7872.28 -244.134
7824.59 -132.183 7884.86 -188.158
7838.05 -102.243 7899.49 -207.685
7852.09 -98.3372 7912.65 -173.839
7866.43 -102.243 7926.7 -182.951
7880.47 -110.053 7941.32 -166.029
7893.64 -93.1302 7953.61 -177.744
7907.68 -125.674 7968.23 -171.236
7922.6 -111.355 7982.27 -188.158
7934.89 -102.243 7996.61 -192.064
7948.34 -110.053 8008.6 -203.779
7963.55 -107.45 8023.51 -155.615
7976.72 -78.8109 8037.26 -176.443
7990.47 -97.0355 8051.89 -215.495
8004.5 -94.432 8065.05 -194.667
8018.25 -139.993 8078.79 -185.555
8031.71 -116.562 8093.12 -195.969
8045.74 -130.881 8106.28 -192.064
8058.9 -94.432 8121.19 -188.158
8073.23 -123.071 8134.06 -175.141
8088.15 -103.544 8148.09 -189.46
8101.6 -123.071 8162.13 -138.692
8115.64 -113.958 8176.75 -201.176
8128.8 -113.958 8189.61 -180.348
8143.12 -116.562 8203.65 -177.744
8156.28 -90.5267 8217.97 -186.857
8170.9 -111.355 8232 -188.158
8184.06 -111.355 8245.45 -186.857
8198.38 -132.183 8258.02 -188.158
8211.83 -102.243 8273.51 -173.839
8224.99 -115.26 8286.38 -158.218
8239.02 -94.432 8300.99 -207.685
8253.93 -86.6215 8314.44 -186.857
8266.5 -102.243 8327.88 -214.194
8280.53 -103.544 8341.62 -194.667
8294.56 -130.881 8355.65 -233.72
8308.01 -110.053 8369.97 -199.874
8322.62 -115.26 8383.12 -202.478
8336.65 -107.45 8398.32 -215.495
8349.22 -125.674 8411.18 -220.702
8363.54 -120.467 8425.21 -188.158
8376.69 -120.467 8439.23 -236.323
8391.31 -113.958 8452.38 -218.099
8404.75 -91.8285 8467.29 -236.323
8419.07 -93.1302 8480.14 -208.986
8432.51 -113.958 8493.58 -240.229
8446.83 -116.562 8508.19 -181.65
8459.98 -97.0355 8521.05 -211.59
8473.72 -138.692 8535.07 -198.572
8488.03 -126.976 8549.39 -212.892
8501.18 -116.562 8562.25 -224.608
8515.2 -103.544 8576.56 -184.253
8528.94 -115.26 8591.17 -214.194
8542.67 -78.8109 8604.31 -222.004
8556.11 -108.751 8617.75 -180.348
8571.01 -113.958 8633.23 -205.081
8583.86 -124.372 8646.09 -182.951
8598.47 -130.881 8659.52 -220.702
8612.49 -108.751 8673.84 -242.832
8625.64 -126.976 8687.86 -202.478
8639.66 -91.8285 8701 -208.986
8653.97 -93.1302 8715.02 -160.822
8667.41 -124.372 8729.62 -179.046
8681.14 -99.639 8743.06 -194.667
8694.58 -99.639 8756.49 -228.513
8709.18 -100.941 8770.22 -182.951
8722.91 -69.6986 8784.82 -182.951
8736.34 -150.407 8797.67 -181.65
8749.78 -128.278 8811.69 -215.495
8762.92 -134.786 8826 -169.934
8777.81 -112.657 8840.31 -203.779
8791.25 -94.432 8854.32 -180.348
8805.56 -64.4916 8867.76 -167.33
8819.57 -115.26 8881.48 -195.969
8833.01 -97.0355 8895.2 -198.572
8847.02 -112.657 8908.64 -173.839
8859.87 -98.3372 8923.23 -158.218
8874.76 -104.846 8936.66 -171.236
8888.2 -106.148 8949.51 -188.158
8902.5 -107.45 8964.99 -181.65
8915.93 -129.579 8978.12 -159.52
8929.95 -104.846 8991.55 -176.443
8943.38 -93.1302 9005.86 -181.65
8957.39 -94.432 9019.87 -182.951
8971.41 -121.769 9033.59 -171.236
8984.84 -128.278 9048.48 -151.709
8999.43 -111.355 9060.45 -181.65
9012.57 -103.544 9074.46 -141.295
9026 -115.26 9089.06 -149.106
9040.6 -124.372 9102.48 -154.313
9053.73 -119.165 9116.79 -169.934
9068.04 -98.3372 9130.5 -177.744
9082.34 -124.372 9143.93 -176.443
9095.19 -134.786 9157.94 -177.744
9110.07 -125.674 9171.95 -173.839
9122.62 -110.053 9185.09 -194.667
9136.93 -95.7337 9200.55 -176.443
9150.65 -111.355 9213.4 -228.513
9163.78 -99.639 9226.82 -166.029
9178.08 -99.639 9241.41 -182.951
9192.09 -77.5092 9254.84 -177.744
9204.93 -123.071 9268.55 -220.702
9219.82 -100.941 9282.85 -197.271
9233.83 -86.6215 9296.86 -177.744
9247.25 -103.544 9309.7 -188.158
9260.68 -142.597 9324.59 -201.176
9275.27 -84.0179 9337.43 -172.537
9289.86 -102.243 9350.85 -167.33
9302.7 -93.1302 9364.56 -177.744
9316.41 -90.5267 9380.03 -171.236
9329.84 -102.243 9392.28 -160.822
9344.14 -102.243 9407.75 -168.632
9358.44 -137.39 9420.88 -218.099
9372.15 -107.45 9434.89 -185.555
9386.45 -93.1302 9448.31 -180.348
9399 -106.148 9461.44 -205.081
9413 -74.9056 9476.03 -155.615
9426.72 -112.657 9490.32 -156.916
9440.43 -98.3372 9504.33 -149.106
9454.43 -103.544 9517.17 -172.537
9467.86 -102.243 9532.34 -168.632
9482.15 -108.751 9545.47 -171.236
9496.74 -149.106 9558.59 -182.951
9509.29 -95.7337 9572.89 -186.857
9523.58 -84.0179 9586.02 -173.839
9538.17 -116.562 9600.32 -134.786
9551.59 -117.864 9614.61 -136.088
9564.72 -87.9232 9628.9 -156.916
9579.31 -115.26 9641.74 -180.348
9593.31 -116.562 9656.33 -169.934
9606.44 -108.751 9669.75 -169.934
9619.86 -128.278 9684.04 -182.951
9634.45 -117.864 9697.75 -163.425
9648.45 -98.3372 9710.88 -201.176
9661.29 -115.26 9725.17 -175.141
9674.41 -91.8285 9739.17 -205.081
9689 -93.1302 9753.18 -175.141
9703 -112.657 9766.89 -182.951
9716.71 -107.45 9780.31 -176.443
9731.59 -125.674 9794.89 -153.011
9744.72 -107.45 9808.31 -176.443
9758.14 -110.053 9822.31 -173.839
9772.43 -82.7162 9836.02 -192.064
9785.85 -94.432 9850.02 -193.365
9799.85 -111.355 9863.73 -207.685
9813.26 -91.8285 9877.15 -175.141
9828.14 -116.562 9890.85 -199.874
9841.56 -120.467 9905.44 -176.443
9854.1 -100.941 9919.44 -185.555
9868.4 -126.976 9932.86 -169.934
9883.56 -98.3372 9945.98 -166.029
9895.81 -110.053 9959.69 -182.951
9911.27 -97.0355 9973.69 -185.555
9924.11 -128.278 9987.98 -180.348
9937.23 -104.846 10003.1 -145.2
9952.4 -107.45 10016 -156.916
9965.81 -104.846 10029.7 -156.916
9979.23 -108.751 10043.1 -171.236
9993.23 -107.45 10056.8 -167.33
10006.6 -102.243 10071.1 -167.33
10020.1 -106.148 10084.5 -138.692
10034.4 -90.5267 10097.1 -151.709
10048.1 -89.225 10113.1 -168.632
10062.1 -113.958 10126.2 -172.537
10076.9 -103.544 10139.9 -160.822
10089.2 -150.407 10155.1 -162.123
10102.9 -119.165 10167.6 -154.313
10117.2 -143.899 10182.2 -159.52
10130.9 -82.7162 10195.9 -167.33
10144.3 -74.9056 10209.3 -167.33
10159.5 -95.7337 10223.3 -194.667
10172.6 -82.7162 10237.6 -179.046
10185.7 -81.4144 10250.8 -128.278
10200.3 -97.0355 10264.5 -160.822
10212.6 -80.1127 10279 -177.744
10227.1 -86.6215 10292.5 -162.123
10242.3 -126.976 10306.2 -129.579
10255.1 -129.579 10320.5 -189.46
10268.5 -87.9232 10334.5 -169.934
10283.1 -98.3372 10347.9 -184.253
10295.7 -72.3021 10361.6 -185.555
10310.3 -103.544 10376.2 -186.857
10324.5 -91.8285 10390.2 -180.348
10338.3 -85.3197 10402.7 -192.064
10351.7 -100.941 10417 -167.33
10365.4 -141.295 10430.7 -188.158
10379.4 -117.864 10445 -158.218
10394 -112.657 10458.7 -185.555
10406.5 -78.8109 10473 -185.555
10420.5 -94.432 10485.8 -167.33
10435.1 -93.1302 10500.1 -211.59
10448.8 -99.639 10513.8 -171.236
10462.2 -95.7337 10527.5 -172.537
10476.5 -102.243 10541.5 -175.141
10489.9 -116.562 10555.5 -182.951
10503.3 -102.243 10568.9 -169.934
10517.3 -99.639 10584.1 -202.478
10530.7 -145.2 10596.4 -199.874
10545 -85.3197 10610.1 -175.141
10559 -102.243 10623.5 -210.288
10572.7 -103.544 10638.4 -207.685
10586.4 -98.3372 10652.1 -175.141
10600.4 -86.6215 10665.8 -143.899
10614.1 -117.864 10680.1 -168.632
10628.1 -99.639 10694.1 -177.744
10641.6 -120.467 10708.4 -194.667
10655.9 -121.769 10721.5 -173.839
10669.6 -119.165 10736.1 -166.029
10683 -99.639 10748.9 -171.236
10697.6 -103.544 10763.5 -171.236
10711.3 -94.432 10776.9 -166.029
10724.7 -97.0355 10790.3 -162.123
10738.4 -73.6039 10804.6 -169.934
10752.4 -104.846 10817.7 -180.348
10766.7 -100.941 10832 -156.916
10779.5 -104.846 10846 -190.762
10794.1 -93.1302 10859.7 -189.46
10807.8 -110.053 10873.4 -188.158
10821.5 -123.071 10887.7 -199.874
10835.2 -97.0355 10900.9 -184.253
10848.6 -104.846 10914.6 -167.33
10862.4 -86.6215 10929.4 -182.951
10875.5 -94.432 10942.9 -186.857
10890.4 -98.3372 10955.7 -182.951
10904.1 -141.295 10970 -205.081
10917.8 -102.243 10984 -214.194
10931.2 -117.864 10998.3 -195.969
10946.4 -99.639 11012.3 -184.253
10958.9 -98.3372 11025.7 -201.176
10973.8 -86.6215 11039.7 -167.33
10986.9 -89.225 11053.4 -182.951
11000.3 -99.639 11066.8 -156.916
11014.9 -87.9232 11081.4 -156.916
11027.5 -77.5092 11094.6 -180.348
11042.6 -84.0179 11109.7 -190.762
11056.3 -90.5267 11122.6 -175.141
11069.8 -98.3372 11136.9 -149.106
11083.5 -110.053 11150 -182.951
11096.6 -94.432 11164.3 -173.839
11110.9 -94.432 11177.1 -159.52
11124.3 -73.6039 11191.4 -172.537
11139.5 -82.7162 11205.4 -166.029
11151.7 -99.639 11219.4 -186.857
11165.7 -103.544 11232.8 -172.537
11180.3 -104.846 11246.9 -167.33
11194.3 -77.5092 11261.7 -182.951
11207.5 -111.355 11274 -159.52
11222.3 -106.148 11288.9 -189.46
11234.6 -47.5688 11303.2 -169.934
11249.2 -85.3197 11316.6 -172.537
11263.5 -94.432 11330 -171.236
11276.6 -85.3197 11344 -188.158
11290.6 -93.1302 11358.3 -162.123
11304 -85.3197 11370.6 -162.123
11318.6 -107.45 11385.7 -143.899
11331.2 -120.467 11399.5 -192.064
11346.3 -112.657 11413.8 -189.46
11359.8 -123.071 11427.2 -186.857
11373.5 -84.0179 11441.2 -184.253
11386.6 -80.1127 11454.3 -182.951
11402.1 -87.9232 11468.6 -156.916
11414.3 -111.355 11483.2 -173.839
11428.3 -100.941 11495.8 -168.632
11442.9 -82.7162 11510 -171.236
11455.8 -68.3969 11523.8 -175.141
11469.2 -84.0179 11538.1 -167.33
11484.4 -107.45 11551.8 -163.425
11497.5 -100.941 11566.1 -180.348
11511.8 -108.751 11578.6 -192.064
11525.2 -94.432 11592.9 -172.537
11539.5 -93.1302 11607.2 -164.727
11552.4 -97.0355 11620.7 -154.313
11567.6 -59.2846 11635.9 -185.555
11580.1 -107.45 11648.1 -149.106
11594.1 -89.225 11663 -173.839
11608.4 -113.958 11676.1 -155.615
11621.3 -86.6215 11690.1 -166.029
11636.4 -90.5267 11704.1 -151.709
11649.6 -84.0179 11718.8 -166.029
11664.5 -94.432 11731.3 -176.443
11677.3 -64.4916 11745 -151.709
11690.7 -103.544 11758.7 -166.029
11704.1 -78.8109 11772.8 -193.365
11719.3 -106.148 11787.1 -146.502
11732.2 -115.26 11801.4 -160.822
11746.5 -91.8285 11815.4 -164.727
11760.2 -78.8109 11827.6 -185.555
11774.2 -56.6811 11841.6 -145.2
11788.2 -69.6986 11855.4 -162.123
11801.1 -71.0004 11869.7 -207.685
11814.8 -80.1127 11884.3 -198.572
11828.5 -74.9056 11898 -176.443
11842.8 -110.053 11912 -136.088
11856.8 -81.4144 11925.7 -185.555
11870.6 -68.3969 11938.9 -163.425
11884 -80.1127 11952.6 -156.916
11897.4 -64.4916 11966.6 -168.632
11912 -38.4565 11981.2 -197.271
11924.6 -46.267 11994.9 -182.951
11939.5 -69.6986 12008.1 -207.685
11953.5 -78.8109 12022.4 -180.348
11967.2 -73.6039 12035.5 -168.632
11980.4 -57.9828 12050.4 -189.46
11994.4 -90.5267 12064.5 -177.744
12009.8 -98.3372 12077 -202.478
12021.5 -74.9056 12092.2 -156.916
12035.8 -41.06 12105.9 -193.365
12049.6 -43.6635 12117.9 -223.306
12064.2 -63.1898 12132.8 -188.158
12076.4 14.9155 12146.8 -199.874
12091 -34.5512 12160.3 -197.271
12105.3 -55.3793 12175.1 -186.857
12119.1 -59.2846 12187.7 -158.218
12132.5 -65.7934 12201.7 -169.934
12146.8 -74.9056 12216.3 -205.081
12160.8 -37.1547 12230.1 -215.495
12173.7 -15.0249 12243.2 -181.65
12187.4 -38.4565 12256.6 -215.495
12201.4 -15.0249 12271.3 -177.744
12214.9 -11.1196 12285 -190.762
12228.3 -68.3969 12299 -163.425
12242.9 -37.1547 12313.3 -193.365
12256.9 -22.8354 12325.9 -179.046
12270.7 -35.853 12340.5 -203.779
12284.4 -31.9477 12353.9 -173.839
12298.4 -25.4389 12368 -175.141
12312.5 -24.1372 12382.6 -176.443
12325.9 -20.2319 12396 -153.011
12339.9 -4.61084 12409.2 -181.65
12353.9 -29.3442 12424.1 -211.59
12367.4 -9.81786 12436.6 -176.443
12382 -22.8354 12451 -156.916
12394 -61.8881 12465.6 -177.744
12408 -4.61084 12479.6 -153.011
12422.6 13.6137 12492.7 -167.33
12436.9 18.8208 12506.2 -159.52
12449.8 -3.30908 12520.2 -162.123
12464.1 47.4594 12534.2 -171.236
12477.5 33.1401 12548 -149.106
12490.7 26.6313 12562.6 -138.692
12504.7 20.1225 12576 -154.313
12520.2 27.9331 12589.8 -179.046
12533.1 25.3295 12603.5 -123.071
12546.2 11.0102 12616.9 -175.141
12560.3 64.3822 12631.3 -153.011
12574 38.3471 12644.7 -188.158
12588 51.3647 12660.2 -171.236
12601.8 68.2875 12672.8 -162.123
12615.8 74.7963 12687.1 -145.2
12628.9 85.2103 12700.5 -156.916
12644.4 66.9857 12714.6 -150.407
12656.7 61.7787 12727.4 -137.39
12671.6 53.9682 12742.6 -141.295
12684.8 72.1928 12756.7 -143.899
12698.5 124.263 12769 -137.39
12713.1 102.133 12783.6 -151.709
12726.3 98.2279 12797.3 -175.141
12739.1 100.831 12811.9 -168.632
12753.8 94.3226 12824.8 -149.106
12766.6 89.1156 12839.1 -142.597
12781.2 55.2699 12853.2 -116.562
12795.3 154.203 12868.1 -124.372
12809.3 99.5296 12880.7 -80.1127
12822.5 126.866 12895.6 -57.9828
12835.9 129.47 12908.7 -111.355
12850.5 119.056 12921.6 -106.148
12864.3 142.488 12935.1 -123.071
12878.3 119.056 12950.5 -119.165
12892.1 122.961 12964 -100.941
12904.9 142.488 12977.5 -93.1302
12918.7 142.488 12992.1 -110.053
12933.6 204.972 13005.2 -55.3793
12946.8 190.653 13019 -52.7758
12960.8 181.54 13032.7 -97.0355
12975.1 180.238 13046.8 -86.6215
12988 176.333 13060.2 -65.7934
13001.7 168.523 13075.2 -52.7758
13015.8 197.161 13088 -52.7758
13029.5 191.954 13102.4 -85.3197
13043.9 182.842 13116.1 -22.8354
13057.9 246.628 13129.6 -50.1723
13071.4 232.309 13143.3 -11.1196
13084.8 236.214 13156.5 3.1997
13099.1 233.61 13171.4 9.70847
13112.6 250.533 13185.7 -47.5688
13126.3 212.782 13199.5 -39.7582
13140.4 227.102 13213.2 -8.5161
13153.8 247.93 13227.3 3.1997
13168.2 264.853 13240.4 -29.3442
13181.3 258.344 13254.8 -9.81786
13195.1 294.793 13268.2 43.5541
13209.1 289.586 13283.2 39.6489
13222.6 339.053 13296.3 51.3647
13237.2 340.354 13310.7 73.4945
13250.1 297.397 13324.4 39.6489
13263.9 318.225 13337.6 0.596186
13277 283.077 13351.6 46.1576
13291.9 267.456 13365.4 66.9857
13305.7 336.449 13378.9 31.8383
13318.9 353.372 13392.9 94.3226
13333.8 354.674 13407.5 145.091
13346.7 396.33 13420.4 102.133
13360.4 397.632 13434.7 102.133
13374.5 341.656 13449.4 94.3226
13389.4 361.182 13462 81.305
13401.7 359.881 13476.3 91.7191
13416.3 332.544 13490.6 104.737
13429.2 382.011 13504.4 111.245
13443.5 397.632 13517.9 163.316
13457.6 430.176 13531.6 188.049
13471 431.477 13546.3 214.084
13484.5 432.779 13559.7 202.368
13498.8 451.004 13573.5 184.144
13512.3 430.176 13587.5 190.653
13526.4 406.744 13601.6 129.47
13540.7 409.347 13615 159.41
13554.7 453.607 13628.8 199.765
13567.9 461.418 13642.6 231.007
13581.4 477.039 13657.2 253.137
13596.3 517.393 13670.7 300
13608.9 501.772 13684.4 281.775
13623.2 538.221 13697.6 293.491
13636.4 557.748 13712.5 276.568
13650.2 521.298 13727.2 315.621
13665.1 501.772 13740.9 272.663
13678 510.884 13754.7 280.474
13691.7 518.695 13768.1 316.923
13705.8 544.73 13781.9 339.053
13719.8 559.049 13795.4 376.804
13733.3 591.593 13810 385.916
13747.4 579.878 13824.1 365.088
13760.5 586.386 13837.8 400.235
13774.9 569.463 13852.5 368.993
13788.4 552.541 13866.2 402.839
13803 585.084 13881.8 431.477
13815.6 553.842 13894.6 422.365
13830.2 595.499 13898.7 484.849
13843.7 616.327 13884.1 522.6
13857.5 579.878 13871.5 564.256
