7013.87 -270.169 7028.23 -245.436
7005.07 -225.909 7041.43 -274.074
7000.38 -185.555 7056.08 -277.98
7009.47 -147.804 7069.57 -257.151
7022.08 -163.425 7083.05 -288.394
7035.56 -154.313 7097.12 -267.565
7049.34 -169.934 7111.78 -255.85
7064 -189.46 7124.97 -298.808
7077.48 -171.236 7139.91 -249.341
7092.14 -173.839 7153.1 -271.471
7105.62 -176.443 7166 -289.695
7118.81 -202.478 7180.07 -268.867
7133.47 -158.218 7194.13 -283.187
7146.95 -189.46 7208.49 -259.755
7160.14 -176.443 7221.09 -277.98
7174.5 -212.892 7235.45 -257.151
7189.15 -163.425 7248.64 -236.323
7202.05 -159.52 7263.29 -245.436
7216.11 -197.271 7277.35 -251.944
7230.18 -201.176 7290.24 -250.643
7243.95 -175.141 7304.3 -267.565
7257.72 -180.348 7318.37 -275.376
7271.78 -186.857 7332.14 -251.944
7284.97 -168.632 7345.61 -261.057
7299.03 -201.176 7360.26 -245.436
7313.09 -192.064 7373.44 -248.039
7327.16 -162.123 7388.38 -262.358
7340.92 -186.857 7400.97 -248.039
7354.98 -130.881 7415.03 -203.779
7367.87 -173.839 7429.09 -274.074
7382.23 -169.934 7442.27 -253.246
7395.99 -162.123 7457.21 -251.944
7409.76 -142.597 7471.26 -227.211
7423.82 -155.615 7484.15 -255.85
7438.17 -162.123 7498.5 -219.401
7451.35 -173.839 7512.26 -264.962
7465.99 -147.804 7526.32 -237.625
7479.17 -139.993 7539.49 -233.72
7492.35 -189.46 7552.96 -240.229
7506.99 -167.33 7567.01 -238.927
7521.04 -167.33 7580.48 -245.436
7534.81 -197.271 7595.41 -244.134
7548.57 -168.632 7608 -220.702
7562.91 -162.123 7623.23 -216.797
7575.51 -177.744 7636.11 -219.401
7589.56 -160.822 7650.16 -228.513
7604.2 -149.106 7664.79 -188.158
7616.49 -156.916 7677.67 -218.099
7631.72 -149.106 7691.72 -245.436
7645.18 -184.253 7704.89 -240.229
7658.35 -142.597 7720.11 -208.986
7672.7 -167.33 7733.28 -215.495
7686.16 -198.572 7747.33 -214.194
7701.09 -171.236 7760.79 -228.513
7713.67 -180.348 7775.43 -193.365
7728.31 -167.33 7788.3 -220.702
7741.48 -163.425 7802.93 -236.323
7755.23 -168.632 7816.69 -242.832
7768.99 -172.537 7829.85 -219.401
7783.62 -190.762 7844.48 -242.832
7797.08 -175.141 7858.24 -227.211
7810.83 -193.365 7871.11 -197.271
7826.05 -168.632 7885.15 -233.72
7839.22 -199.874 7898.9 -225.909
7852.09 -168.632 7912.65 -210.288
7866.14 -182.951 7926.99 -224.608
7880.47 -173.839 7941.61 -238.927
7893.05 -145.2 7954.49 -232.418
7907.1 -162.123 7969.11 -222.004
7921.72 -156.916 7981.98 -223.306
7935.18 -151.709 7996.31 -175.141
7948.93 -160.822 8009.18 -199.874
7963.55 -149.106 8024.98 -194.667
7977.01 -203.779 8037.55 -194.667
7990.47 -169.934 8052.18 -201.176
8004.5 -149.106 8064.75 -210.288
8018.54 -146.502 8077.91 -199.874
8031.41 -172.537 8092.53 -218.099
8045.74 -168.632 8106.28 -236.323
8060.07 -149.106 8121.19 -185.555
8072.94 -189.46 8134.35 -214.194
8087.56 -150.407 8148.09 -195.969
8101.02 -159.52 8161.84 -188.158
8114.76 -168.632 8175.87 -215.495
8128.8 -149.106 8189.03 -201.176
8142.54 -175.141 8203.35 -233.72
8156.57 -185.555 8217.68 -215.495
8170.61 -194.667 8232 -195.969
8183.47 -136.088 8244.87 -181.65
8197.8 -153.011 8258.9 -193.365
8211.83 -184.253 8273.81 -201.176
8225.86 -158.218 8287.25 -199.874
8239.31 -162.123 8300.12 -181.65
8253.05 -164.727 8313.85 -214.194
8267.08 -150.407 8328.76 -181.65
8280.24 -167.33 8342.5 -233.72
8295.15 -154.313 8355.36 -231.116
8308.01 -160.822 8368.51 -202.478
8322.04 -167.33 8383.71 -214.194
8336.07 -153.011 8398.03 -211.59
8350.39 -175.141 8410.89 -207.685
8363.54 -133.485 8424.91 -179.046
8377.28 -184.253 8438.36 -202.478
8391.6 -177.744 8452.97 -195.969
8404.46 -194.667 8465.24 -233.72
8418.19 -166.029 8479.85 -185.555
8432.51 -180.348 8494.17 -179.046
8446.25 -145.2 8507.61 -185.555
8459.1 -154.313 8521.64 -201.176
8474.3 -175.141 8535.37 -167.33
8487.45 -166.029 8549.39 -171.236
8502.06 -198.572 8563.12 -202.478
8515.79 -180.348 8576.85 -177.744
8529.23 -159.52 8590.87 -188.158
8542.96 -134.786 8604.9 -198.572
8556.4 -173.839 8618.63 -192.064
8570.42 -169.934 8632.94 -210.288
8585.03 -168.632 8646.38 -181.65
8598.18 -167.33 8660.4 -193.365
8612.49 -146.502 8672.96 -211.59
8625.35 -169.934 8687.27 -181.65
8640.54 -199.874 8701.29 -206.383
8653.39 -139.993 8714.73 -177.744
8666.83 -150.407 8729.92 -215.495
8680.85 -175.141 8742.18 -198.572
8695.16 -171.236 8757.37 -186.857
8708.3 -184.253 8770.22 -185.555
8722.32 -166.029 8784.53 -186.857
8736.05 -171.236 8797.96 -214.194
8750.65 -190.762 8811.98 -188.158
8763.8 -159.52 8825.12 -189.46
8777.81 -188.158 8839.72 -184.253
8791.83 -185.555 8853.74 -184.253
8804.97 -184.253 8868.05 -206.383
8819.57 -149.106 8881.48 -210.288
8833.01 -158.218 8894.62 -189.46
8846.73 -149.106 8908.93 -227.211
8861.04 -177.744 8923.53 -188.158
8873.89 -153.011 8936.66 -190.762
8888.2 -166.029 8950.39 -188.158
8901.92 -206.383 8964.4 -199.874
8916.52 -207.685 8978.12 -210.288
8930.53 -150.407 8992.14 -197.271
8944.26 -158.218 9006.15 -197.271
8957.1 -172.537 9019.87 -210.288
8971.41 -192.064 9034.17 -227.211
8985.71 -172.537 9047.02 -205.081
8999.43 -149.106 9061.61 -202.478
9012.86 -168.632 9075.34 -207.685
9026 -164.727 9089.06 -245.436
9040.01 -149.106 9103.07 -203.779
9053.44 -139.993 9115.91 -206.383
9067.45 -167.33 9130.8 -224.608
9082.05 -137.39 9145.1 -218.099
9095.19 -167.33 9158.23 -205.081
9109.2 -195.969 9171.95 -205.081
9122.62 -166.029 9184.79 -236.323
9136.63 -167.33 9200.26 -238.927
9149.77 -159.52 9212.81 -192.064
9164.36 -179.046 9226.82 -235.022
9178.37 -171.236 9241.71 -212.892
9192.09 -138.692 9253.96 -218.099
9206.68 -159.52 9268.26 -182.951
9219.53 -167.33 9282.85 -231.116
9232.95 -147.804 9296.86 -214.194
9247.25 -177.744 9310.29 -212.892
9261.55 -186.857 9324 -202.478
9274.39 -181.65 9337.72 -233.72
9288.69 -175.141 9351.43 -264.962
9302.41 -197.271 9364.86 -251.944
9316.12 -142.597 9379.74 -245.436
9330.72 -172.537 9393.45 -235.022
9343.84 -147.804 9406.88 -201.176
9359.31 -129.579 9421.17 -210.288
9371.57 -151.709 9434.89 -214.194
9385.57 -155.615 9448.6 -223.306
9399 -133.485 9462.61 -245.436
9413.29 -160.822 9476.9 -222.004
9427.3 -138.692 9489.74 -225.909
9441.01 -166.029 9504.33 -267.565
9454.73 -142.597 9517.46 -235.022
9468.44 -163.425 9532.05 -249.341
9482.15 -177.744 9545.76 -207.685
9496.74 -160.822 9559.47 -238.927
9510.46 -173.839 9573.47 -254.548
9523.29 -110.053 9585.73 -232.418
9537.88 -158.218 9600.9 -296.204
9550.72 -163.425 9615.48 -266.264
9564.72 -143.899 9628.03 -241.53
9579.02 -156.916 9641.74 -237.625
9592.44 -163.425 9655.16 -245.436
9606.15 -151.709 9669.75 -290.997
9620.15 -136.088 9682.87 -237.625
9633.86 -180.348 9697.46 -242.832
9647.28 -154.313 9711.75 -223.306
9661.58 -133.485 9724.88 -263.66
9675.29 -150.407 9739.17 -251.944
9689.29 -171.236 9752.3 -246.737
9703.59 -121.769 9766.89 -224.608
9716.42 -124.372 9780.59 -233.72
9730.72 -166.029 9794.6 -202.478
9743.84 -139.993 9808.6 -207.685
9757.84 -169.934 9822.02 -215.495
9771.85 -177.744 9836.31 -238.927
9786.72 -171.236 9849.43 -244.134
9799.85 -139.993 9863.44 -240.229
9813.26 -155.615 9876.85 -245.436
9827.27 -147.804 9891.15 -257.151
9841.56 -158.218 9905.73 -212.892
9854.1 -117.864 9917.98 -223.306
9868.98 -171.236 9933.15 -218.099
9882.1 -141.295 9946.56 -235.022
9895.52 -167.33 9960.27 -229.815
9910.4 -192.064 9974.86 -238.927
9924.11 -184.253 9987.98 -225.909
9938.1 -120.467 10002 -229.815
9951.52 -130.881 10015.7 -214.194
9965.52 -158.218 10030.3 -245.436
9979.23 -128.278 10043.7 -231.116
9992.94 -193.365 10058.3 -215.495
10006.9 -172.537 10070.2 -229.815
10020.1 -141.295 10085.1 -238.927
10035.2 -146.502 10099.1 -235.022
10048.1 -160.822 10112.5 -211.59
10060.9 -124.372 10126.2 -210.288
10076.6 -138.692 10139.9 -241.53
10089.8 -145.2 10154.5 -211.59
10103.8 -166.029 10166.8 -228.513
10116.9 -142.597 10181.1 -205.081
10131.2 -136.088 10195.3 -251.944
10144.3 -164.727 10208.8 -219.401
10159.8 -160.822 10223.3 -216.797
10172.6 -132.183 10236.8 -250.643
10185.7 -133.485 10250.8 -232.418
10199.4 -177.744 10265.1 -237.625
10213.1 -146.502 10279 -208.986
10228 -119.165 10292.5 -223.306
10241.4 -136.088 10306.2 -194.667
10255.1 -128.278 10320.2 -237.625
10268.3 -189.46 10333.6 -228.513
10283.4 -139.993 10347.6 -231.116
10295.7 -186.857 10361.3 -242.832
10310.8 -136.088 10376.5 -263.66
10324 -138.692 10390.2 -249.341
10338 -126.976 10403.3 -264.962
10352.3 -151.709 10417 -268.867
10365.4 -180.348 10431.3 -228.513
10378.8 -153.011 10444.1 -250.643
10392.8 -156.916 10458.7 -235.022
10407.1 -145.2 10472.1 -245.436
10421.4 -153.011 10485.8 -254.548
10434.8 -151.709 10499.5 -250.643
10447.6 -155.615 10513.8 -261.057
10461.9 -167.33 10527.8 -254.548
10477.4 -137.39 10541.8 -205.081
10489.3 -141.295 10555.8 -250.643
10503.3 -126.976 10568.4 -240.229
10518.5 -153.011 10582.6 -220.702
10531.6 -142.597 10596.9 -227.211
10545 -185.555 10611.5 -249.341
10559 -166.029 10624.1 -245.436
10573 -139.993 10638.6 -236.323
10586.4 -162.123 10652.6 -216.797
10601.6 -163.425 10665.5 -233.72
10615 -153.011 10680.4 -246.737
10628.1 -153.011 10693.5 -210.288
10641.3 -149.106 10708.6 -238.927
10655.9 -171.236 10721.5 -212.892
10669.6 -146.502 10734.9 -222.004
10683 -166.029 10749.5 -227.211
10697.6 -164.727 10762.9 -205.081
10710.7 -142.597 10776.9 -225.909
10724.4 -153.011 10790.6 -214.194
10738.4 -132.183 10804.6 -207.685
10752.4 -181.65 10818.6 -224.608
10766.1 -136.088 10832 -240.229
10778.9 -121.769 10845.4 -248.039
10793.5 -151.709 10860.3 -242.832
10806.9 -176.443 10874.3 -224.608
10820.7 -134.786 10887.4 -232.418
10835.5 -154.313 10900.6 -242.832
10849.2 -142.597 10914.6 -257.151
10862.1 -176.443 10928.9 -245.436
10876.1 -154.313 10942.6 -222.004
10890.7 -179.046 10956.9 -238.927
10904.4 -145.2 10970 -261.057
10918.1 -167.33 10984.3 -251.944
10931.8 -145.2 10998 -244.134
10945.5 -136.088 11012.6 -206.383
10959.2 -188.158 11026 -245.436
10973.2 -132.183 11039.1 -240.229
10987.5 -112.657 11053.1 -231.116
11000 -151.709 11067.4 -212.892
11015.2 -116.562 11081.1 -216.797
11028.6 -139.993 11094.6 -241.53
11042.3 -134.786 11109.1 -220.702
11055.8 -155.615 11123.2 -236.323
11070.6 -138.692 11136.6 -266.264
11083.8 -139.993 11149.7 -246.737
11097.2 -146.502 11164.6 -259.755
11111.5 -134.786 11177.4 -248.039
11124.3 -125.674 11191.4 -244.134
11138.3 -128.278 11205.7 -251.944
11152.3 -119.165 11220 -229.815
11166.6 -163.425 11234 -236.323
11180 -129.579 11247.4 -270.169
11193.8 -159.52 11260.9 -235.022
11208.3 -133.485 11274.6 -281.885
11220.9 -138.692 11289.2 -253.246
11234.9 -138.692 11302.3 -215.495
11249.5 -133.485 11316.3 -257.151
11263.2 -132.183 11329.7 -251.944
11276.9 -121.769 11344.3 -235.022
11290.6 -129.579 11358.6 -220.702
11304.3 -143.899 11372 -253.246
11318.3 -164.727 11385.5 -271.471
11331.2 -115.26 11400.6 -244.134
11346.3 -138.692 11414 -249.341
11359.2 -129.579 11426.3 -214.194
11373.8 -141.295 11441.2 -240.229
11387.2 -124.372 11454.3 -241.53
11401.2 -126.976 11468 -219.401
11414.6 -160.822 11482.3 -238.927
11428.9 -119.165 11496.3 -267.565
11442.1 -159.52 11510.6 -264.962
11455.8 -166.029 11523.8 -266.264
11469.8 -149.106 11538.4 -261.057
11483.8 -111.355 11551.5 -263.66
11498.1 -142.597 11565.8 -249.341
11512.1 -145.2 11579.5 -250.643
11524.6 -139.993 11592.9 -254.548
11539 -121.769 11607.2 -254.548
11552.4 -129.579 11621 -254.548
11566.7 -141.295 11635 -259.755
11580.4 -125.674 11648.7 -257.151
11593.8 -177.744 11662.4 -267.565
11607.8 -133.485 11675.5 -257.151
11621.5 -107.45 11689.9 -255.85
11635.9 -139.993 11704.1 -248.039
11649.6 -134.786 11718.2 -284.488
11664.2 -136.088 11731.9 -238.927
11676.7 -93.1302 11745 -284.488
11691.6 -130.881 11759.3 -250.643
11704.7 -130.881 11773.3 -279.281
11718.8 -123.071 11787.1 -246.737
11732.8 -116.562 11800.5 -254.548
11745.3 -116.562 11815.1 -224.608
11760.2 -142.597 11828.2 -216.797
11773.3 -116.562 11842.8 -246.737
11787.1 -111.355 11856 -223.306
11800.8 -115.26 11869.7 -238.927
11815.4 -134.786 11883.1 -245.436
11829.1 -142.597 11897.4 -248.039
11842.8 -119.165 11912 -222.004
11856.5 -125.674 11925.2 -238.927
11870.3 -115.26 11938 -249.341
11883.7 -126.976 11952.6 -223.306
11898 -133.485 11967.2 -235.022
11911.1 -102.243 11981.2 -203.779
11924.9 -91.8285 11994.4 -251.944
11939.8 -84.0179 12008.4 -233.72
11953.8 -112.657 12021.5 -216.797
11967.2 -103.544 12036.4 -220.702
11980.9 -121.769 12049.8 -244.134
11994.9 -84.0179 12063.3 -289.695
12008.4 -81.4144 12077.6 -238.927
12022.4 -94.432 12091.6 -222.004
12035.3 -55.3793 12105.9 -219.401
12050.1 -112.657 12119.6 -194.667
12063.3 -77.5092 12132.8 -235.022
12077.3 -97.0355 12145.9 -238.927
12090.4 -72.3021 12160.5 -235.022
12104.8 -94.432 12174.9 -241.53
12118.8 -78.8109 12188.3 -223.306
12132.8 -46.267 12201.7 -219.401
12146.5 -55.3793 12216 -236.323
12161.1 -48.8705 12230.1 -249.341
12173.4 -65.7934 12244.4 -233.72
12188.3 7.10496 12257.8 -192.064
12201.1 -57.9828 12271.5 -201.176
12215.5 -55.3793 12285.3 -232.418
12228.6 -48.8705 12299.6 -220.702
12242.3 -64.4916 12312.2 -203.779
12257.2 -38.4565 12327.1 -236.323
12270.4 -67.0951 12340.5 -216.797
12285.3 -41.06 12354.2 -216.797
12298.7 -43.6635 12368.3 -195.969
12311.6 -44.9653 12382.6 -172.537
12325.9 -12.4214 12395.7 -179.046
12339.3 -22.8354 12409.8 -219.401
12353.1 -9.81786 12423.8 -188.158
12366.8 7.10496 12437.5 -224.608
12380.8 1.89794 12450.7 -216.797
12394.3 -7.21435 12464.7 -168.632
12408.9 5.80321 12479 -156.916
12421.7 -4.61084 12492.1 -166.029
12435.8 -34.5512 12506.2 -162.123
12450.1 40.9506 12521.4 -176.443
12464.4 4.50145 12533.6 -154.313
12477.3 61.7787 12548.6 -168.632
12492.5 34.4418 12562.6 -154.313
12505 40.9506 12576 -199.874
12519.9 24.0278 12589.2 -181.65
12532.5 70.891 12603.2 -149.106
12546.5 18.8208 12617.8 -145.2
12560.3 40.9506 12631.6 -138.692
12574 65.684 12645 -142.597
12587.7 72.1928 12659.6 -162.123
12602.3 99.5296 12673.4 -159.52
12615.8 89.1156 12686.8 -166.029
12628.9 99.5296 12701.1 -181.65
12643.8 95.6243 12714.3 -192.064
12657 95.6243 12727.7 -104.846
12671.3 96.9261 12743 -124.372
12683.9 111.245 12756.4 -104.846
12698.2 87.8138 12769.8 -115.26
12712 112.547 12783.6 -117.864
12726.3 129.47 12797.9 -137.39
12740 168.523 12811.1 -164.727
12753.5 152.902 12824.8 -142.597
12767.2 190.653 12839.1 -125.674
12781.5 178.937 12853.5 -107.45
12795.6 152.902 12867.5 -81.4144
12808.7 141.186 12881 -89.225
12822.2 124.263 12894.7 -102.243
12836.5 122.961 12907.9 -57.9828
12850.5 165.919 12921.9 -78.8109
12864.3 164.617 12936.8 -107.45
12878.3 195.86 12949.7 -115.26
12891.2 202.368 12963.7 -94.432
12905.2 194.558 12977.5 -103.544
12919 198.463 12991.8 -50.1723
12933.6 198.463 13005.5 -61.8881
12946.5 197.161 13019.3 11.0102
12960.2 184.144 13033.9 -5.91259
12974.8 167.221 13047.1 5.80321
12988.3 198.463 13060.8 -22.8354
13002.3 204.972 13074.3 -63.1898
13015.5 220.593 13088.3 -65.7934
13029.2 241.421 13102.1 -33.2495
13043.9 270.06 13116.4 -43.6635
13058.2 251.835 13130.1 -26.7407
13071.4 263.551 13143.9 -17.6284
13084.5 231.007 13157.3 -8.5161
13098.5 208.877 13172 16.2173
13112.3 253.137 13184.9 -17.6284
13126.3 296.095 13198.6 4.50145
13140.7 294.793 13212.6 16.2173
13153.8 320.828 13226.4 -4.61084
13167.6 320.828 13241.3 4.50145
13181.9 318.225 13254.5 44.8559
13195.1 301.302 13268.2 50.0629
13208.8 294.793 13282.3 47.4594
13222.6 288.284 13296.6 56.5717
13237.2 293.491 13309.5 60.4769
13250.7 323.432 13323.8 63.0805
13264.7 344.26 13338.5 50.0629
13277.9 331.242 13351.9 69.5892
13292.2 384.614 13365.7 96.9261
13305.1 352.07 13380.3 104.737
13319.1 371.597 13392.6 80.0033
13332.9 327.337 13406.9 121.659
13347.5 346.863 13421.6 138.582
13360.7 329.94 13433.9 156.807
13374.5 376.804 13448.8 151.6
13388.5 380.709 13463.7 147.695
13402 389.821 13476 151.6
13415.7 397.632 13490.3 165.919
13429.8 401.537 13504.7 159.41
13443.8 395.028 13516.7 156.807
13457.3 387.218 13532.5 177.635
13471 346.863 13545.7 171.126
13485.1 344.26 13559.7 175.031
13499.1 361.182 13574.1 254.439
13512.3 393.726 13587.5 220.593
13526.4 421.063 13600.7 240.119
13539.5 460.116 13615.3 236.214
13553.9 457.512 13629.4 224.498
13568.2 462.719 13642.6 202.368
13581.4 431.477 13656.9 260.947
13595.7 408.046 13670.4 234.912
13608.9 421.063 13684.7 263.551
13623.2 405.442 13697.6 290.888
13636.4 439.288 13712.8 294.793
13650.8 475.737 13726.6 339.053
13664.5 513.488 13739.5 288.284
13676.8 542.127 13754.1 298.698
13692 533.014 13768.4 285.681
13706.7 525.204 13782.2 284.379
13719.6 525.204 13795.4 305.207
13733.6 534.316 13810 354.674
13746.8 506.979 13823.2 341.656
13760.5 518.695 13838.1 378.105
13774.6 542.127 13852.2 419.762
13788.1 569.463 13866.2 427.572
13802.7 560.351 13881.8 404.14
13816.2 573.369 13894.1 410.649
13829.6 582.481 13898.2 385.916
13843.7 560.351 13884.1 426.27
13857.2 530.411 13871.5 453.607
