7013.87 -166.029 7028.23 -227.211
7005.37 -119.165 7042.31 -214.194
7001.55 -138.692 7055.79 -210.288
7008.89 -116.562 7068.69 -195.969
7022.08 -128.278 7083.05 -190.762
7034.98 -133.485 7098 -220.702
7050.22 -111.355 7111.19 -219.401
7063.12 -125.674 7124.38 -238.927
7078.07 -113.958 7139.33 -182.951
7092.14 -98.3372 7151.93 -180.348
7105.33 -141.295 7166.29 -218.099
7120.28 -132.183 7179.77 -212.892
7132.88 -158.218 7194.13 -216.797
7146.95 -153.011 7207.03 -210.288
7160.72 -120.467 7221.09 -235.022
7174.79 -117.864 7235.74 -231.116
7188.27 -120.467 7249.22 -205.081
7202.34 -124.372 7263.29 -168.632
7216.99 -141.295 7276.76 -184.253
7229.88 -147.804 7291.71 -197.271
7243.36 -141.295 7304.01 -232.418
7257.72 -123.071 7318.66 -202.478
7271.78 -100.941 7332.43 -186.857
7285.55 -136.088 7345.32 -189.46
7298.74 -134.786 7359.67 -201.176
7312.8 -116.562 7373.15 -202.478
7327.45 -108.751 7388.08 -154.313
7340.34 -107.45 7401.56 -189.46
7354.4 -129.579 7415.03 -177.744
7368.46 -136.088 7428.8 -193.365
7382.52 -129.579 7442.85 -166.029
7395.7 -158.218 7456.62 -159.52
7410.05 -98.3372 7470.97 -162.123
7423.82 -120.467 7485.03 -167.33
7437 -98.3372 7498.2 -155.615
7451.35 -98.3372 7511.38 -172.537
7465.11 -110.053 7526.02 -141.295
7478.29 -128.278 7539.2 -175.141
7493.52 -158.218 7553.25 -190.762
7507.28 -132.183 7567.6 -198.572
7520.46 -167.33 7581.95 -171.236
7534.22 -164.727 7595.12 -198.572
7548.28 -98.3372 7608.3 -164.727
7562.62 -102.243 7622.64 -173.839
7575.51 -98.3372 7635.52 -151.709
7589.56 -150.407 7650.74 -141.295
7603.32 -128.278 7664.79 -179.046
7617.37 -106.148 7677.38 -190.762
7631.72 -104.846 7691.72 -199.874
7645.18 -102.243 7705.48 -176.443
7658.35 -146.502 7719.82 -160.822
7672.4 -120.467 7732.7 -156.916
7686.75 -93.1302 7747.63 -168.632
7699.33 -120.467 7759.62 -188.158
7714.26 -99.639 7775.43 -177.744
7728.02 -108.751 7788.6 -143.899
7741.48 -120.467 7802.35 -166.029
7755.23 -128.278 7816.1 -171.236
7768.4 -145.2 7829.85 -185.555
7783.62 -139.993 7843.9 -164.727
7796.79 -128.278 7857.94 -159.52
7810.25 -129.579 7871.99 -172.537
7824.59 -104.846 7885.45 -149.106
7838.63 -108.751 7898.61 -171.236
7852.68 -133.485 7912.65 -171.236
7866.14 -128.278 7926.7 -195.969
7879.59 -123.071 7940.45 -146.502
7893.93 -124.372 7954.78 -167.33
7907.39 -130.881 7968.82 -158.218
7920.85 -111.355 7982.27 -147.804
7935.76 -125.674 7996.9 -124.372
7948.93 -91.8285 8009.48 -154.313
7962.97 -119.165 8023.51 -121.769
7976.42 -107.45 8037.55 -167.33
7989.88 -120.467 8050.72 -134.786
8004.5 -124.372 8065.63 -136.088
8018.54 -103.544 8078.5 -151.709
8031.41 -98.3372 8093.41 -138.692
8046.03 -113.958 8106.57 -168.632
8059.49 -119.165 8120.9 -150.407
8073.23 -117.864 8134.35 -182.951
8087.56 -108.751 8147.8 -129.579
8102.19 -155.615 8162.42 -173.839
8116.22 -98.3372 8175.87 -171.236
8127.33 -107.45 8190.2 -130.881
8142.25 -116.562 8202.77 -132.183
8156.57 -130.881 8217.39 -150.407
8170.61 -128.278 8231.42 -146.502
8183.76 -103.544 8244.87 -142.597
8198.38 -125.674 8259.19 -146.502
8212.12 -116.562 8273.81 -134.786
8223.82 -87.9232 8286.67 -132.183
8238.73 -86.6215 8300.7 -155.615
8253.05 -111.355 8314.44 -112.657
8266.79 -123.071 8327.88 -137.39
8280.82 -133.485 8342.21 -134.786
8295.44 -123.071 8355.36 -155.615
8308.3 -103.544 8369.97 -167.33
8321.45 -121.769 8383.12 -156.916
8336.07 -117.864 8397.74 -121.769
8349.51 -95.7337 8411.18 -147.804
8363.54 -128.278 8424.04 -130.881
8377.86 -128.278 8438.06 -129.579
8391.31 -110.053 8452.38 -121.769
8404.46 -95.7337 8466.12 -116.562
8419.36 -120.467 8479.56 -137.39
8432.8 -112.657 8493 -179.046
8446.54 -108.751 8507.61 -155.615
8459.98 -90.5267 8521.34 -136.088
8473.72 -117.864 8535.37 -155.615
8487.74 -94.432 8550.27 -100.941
8501.18 -91.8285 8563.7 -145.2
8515.5 -120.467 8576.27 -107.45
8529.81 -94.432 8591.17 -111.355
8542.38 -123.071 8604.02 -106.148
8556.98 -125.674 8618.04 -146.502
8570.72 -115.26 8631.77 -93.1302
8583.28 -116.562 8646.38 -134.786
8598.47 -149.106 8659.52 -164.727
8611.91 -108.751 8674.13 -145.2
8625.35 -113.958 8688.15 -136.088
8639.66 -117.864 8701.29 -147.804
8653.97 -117.864 8715.02 -113.958
8666.83 -129.579 8729.04 -113.958
8681.72 -128.278 8743.06 -107.45
8694.28 -142.597 8756.78 -136.088
8708.89 -137.39 8771.39 -171.236
8722.32 -130.881 8784.82 -146.502
8736.05 -116.562 8797.67 -125.674
8749.78 -139.993 8811.98 -150.407
8764.38 -103.544 8826.29 -106.148
8777.52 -100.941 8840.31 -119.165
8791.54 -98.3372 8853.45 -111.355
8805.27 -100.941 8867.46 -124.372
8818.7 -117.864 8881.77 -107.45
8832.42 -108.751 8894.62 -155.615
8846.44 -86.6215 8908.93 -107.45
8861.04 -123.071 8923.53 -149.106
8874.47 -123.071 8936.66 -107.45
8888.49 -74.9056 8949.8 -150.407
8902.8 -125.674 8964.69 -156.916
8915.64 -91.8285 8977.83 -124.372
8930.24 -111.355 8991.55 -110.053
8943.38 -84.0179 9006.44 -134.786
8956.81 -136.088 9018.99 -113.958
8971.41 -99.639 9033.88 -117.864
8984.55 -132.183 9047.9 -125.674
8999.14 -107.45 9061.32 -129.579
9012.57 -120.467 9074.17 -147.804
9026.29 -129.579 9089.35 -164.727
9040.31 -97.0355 9102.77 -153.011
9054.32 -97.0355 9117.37 -138.692
9068.04 -93.1302 9130.21 -159.52
9081.76 -103.544 9144.81 -149.106
9095.19 -90.5267 9157.36 -162.123
9109.2 -108.751 9171.37 -160.822
9123.5 -113.958 9185.96 -143.899
9136.93 -80.1127 9199.68 -193.365
9150.06 -126.976 9213.98 -155.615
9164.65 -98.3372 9227.11 -159.52
9178.37 -97.0355 9241.12 -113.958
9192.38 -126.976 9255.13 -149.106
9205.23 -102.243 9268.55 -150.407
9219.53 -64.4916 9281.98 -150.407
9233.24 -115.26 9297.15 -177.744
9247.54 -112.657 9310 -139.993
9261.84 -123.071 9324 -168.632
9274.1 -151.709 9337.72 -141.295
9289.27 -107.45 9350.85 -146.502
9301.82 -123.071 9366.31 -137.39
9316.71 -123.071 9380.03 -146.502
9329.84 -126.976 9394.04 -164.727
9344.43 -133.485 9407.17 -138.692
9359.02 -93.1302 9421.17 -154.313
9371.28 -116.562 9434.59 -133.485
9385.87 -102.243 9448.6 -146.502
9399.29 -128.278 9462.9 -153.011
9412.42 -110.053 9476.32 -156.916
9426.72 -108.751 9490.03 -169.934
9441.01 -111.355 9503.45 -141.295
9455.02 -108.751 9517.75 -163.425
9467.57 -107.45 9531.17 -195.969
9481.57 -112.657 9545.18 -172.537
9496.45 -112.657 9559.18 -162.123
9509.58 -112.657 9573.47 -185.555
9523.88 -115.26 9586.02 -193.365
9537.59 -130.881 9600.61 -137.39
9551.01 -121.769 9615.19 -129.579
9564.72 -112.657 9628.9 -141.295
9579.02 -106.148 9642.03 -133.485
9593.31 -108.751 9656.62 -138.692
9606.44 -147.804 9669.75 -136.088
9619.28 -99.639 9683.46 -156.916
9632.99 -100.941 9697.46 -169.934
9647.58 -126.976 9712.05 -137.39
9661.29 -111.355 9724.3 -164.727
9675.29 -110.053 9739.17 -158.218
9689.58 -103.544 9752.88 -155.615
9703.29 -108.751 9766.6 -177.744
9716.71 -125.674 9780.59 -117.864
9730.42 -116.562 9794.6 -134.786
9744.72 -130.881 9807.72 -138.692
9758.14 -113.958 9821.43 -121.769
9771.55 -115.26 9836.02 -143.899
9785.85 -117.864 9849.73 -116.562
9799.56 -123.071 9864.02 -141.295
9812.97 -116.562 9877.44 -142.597
9827.85 -121.769 9890.85 -130.881
9841.85 -110.053 9905.44 -120.467
9855.27 -128.278 9918.27 -115.26
9868.69 -108.751 9932.86 -112.657
9882.69 -141.295 9946.85 -120.467
9895.81 -98.3372 9960.27 -120.467
9910.4 -102.243 9973.69 -108.751
9923.81 -85.3197 9988.27 -112.657
9938.4 -95.7337 10002.3 -132.183
9951.52 -89.225 10015.7 -91.8285
9964.65 -128.278 10029.1 -120.467
9978.65 -106.148 10043.4 -139.993
9992.36 -116.562 10057.7 -129.579
10007.5 -126.976 10070.8 -156.916
10020.4 -102.243 10085.1 -142.597
10033.8 -99.639 10097.9 -155.615
10048.1 -85.3197 10113.1 -159.52
10062.1 -89.225 10126.8 -129.579
10075.5 -94.432 10140.5 -151.709
10089.5 -100.941 10154.2 -184.253
10103.2 -108.751 10167.6 -128.278
10117.2 -108.751 10181.9 -147.804
10130.9 -112.657 10195.6 -142.597
10144.6 -104.846 10208.8 -124.372
10159.2 -98.3372 10223.3 -136.088
10172 -98.3372 10236.8 -112.657
10186.3 -121.769 10250.2 -106.148
10200.3 -120.467 10264.5 -110.053
10214.3 -123.071 10279.6 -129.579
10227.1 -103.544 10291.6 -147.804
10241.1 -91.8285 10306.2 -121.769
10256.6 -110.053 10320.5 -128.278
10267.7 -102.243 10333.9 -120.467
10282.6 -87.9232 10348.5 -113.958
10296.5 -108.751 10361.9 -162.123
10309.7 -100.941 10375.9 -108.751
10324.3 -117.864 10389.3 -112.657
10338.5 -108.751 10403.6 -132.183
10351.7 -84.0179 10417.6 -139.993
10365.7 -147.804 10430.4 -142.597
10379.1 -108.751 10444.7 -168.632
10393.4 -129.579 10458.7 -94.432
10407.4 -108.751 10473 -130.881
10420.8 -111.355 10485.8 -110.053
10434.5 -102.243 10500.1 -103.544
10448.5 -128.278 10513.8 -130.881
10461.3 -115.26 10527.5 -136.088
10475.9 -128.278 10541.8 -120.467
10490.2 -104.846 10555.2 -123.071
10503.6 -98.3372 10568.9 -125.674
10517.9 -112.657 10583.8 -162.123
10531.6 -86.6215 10597.2 -119.165
10544.7 -95.7337 10610.4 -117.864
10559 -110.053 10624.7 -134.786
10572.2 -110.053 10638.4 -128.278
10586.1 -110.053 10652.4 -158.218
10599.9 -89.225 10666.7 -138.692
10614.7 -132.183 10679.8 -141.295
10629 -106.148 10693.5 -154.313
10641.6 -84.0179 10707.2 -126.976
10655.9 -71.0004 10721.5 -110.053
10669.9 -86.6215 10735.5 -141.295
10682.4 -100.941 10748.6 -126.976
10696.7 -97.0355 10762.6 -89.225
10711 -128.278 10776.6 -102.243
10723.8 -104.846 10790.9 -98.3372
10739 -87.9232 10804.3 -141.295
10753 -115.26 10817.7 -168.632
10766.4 -147.804 10831.7 -143.899
10780.1 -100.941 10846 -158.218
10792.9 -115.26 10859.7 -124.372
10807.5 -81.4144 10874.6 -103.544
10820.7 -64.4916 10886.9 -138.692
10835.2 -120.467 10900 -100.941
10849.5 -112.657 10915.5 -106.148
10862.6 -82.7162 10928.9 -142.597
10875.8 -113.958 10942 -141.295
10890.7 -129.579 10956.3 -145.2
10903.5 -110.053 10970.9 -123.071
10918.7 -82.7162 10983.1 -156.916
10931.8 -94.432 10998 -134.786
10946.1 -97.0355 11012 -159.52
10959.2 -84.0179 11025.7 -129.579
10972.6 -102.243 11039.4 -112.657
10987.5 -125.674 11054 -142.597
11000.3 -115.26 11066.8 -153.011
11013.5 -107.45 11080.3 -143.899
11029.2 -112.657 11095.7 -143.899
11042.3 -84.0179 11110 -123.071
11055.8 -115.26 11122.6 -132.183
11069.5 -72.3021 11136.6 -136.088
11084.1 -87.9232 11150 -155.615
11097.8 -68.3969 11164.9 -155.615
11110.3 -100.941 11178.3 -141.295
11125.5 -116.562 11190.8 -130.881
11138 -87.9232 11204.8 -128.278
11152.3 -106.148 11219.1 -124.372
11165.7 -115.26 11234 -139.993
11180.3 -98.3372 11247.1 -136.088
11193.8 -94.432 11260.9 -162.123
11207.2 -63.1898 11275.1 -146.502
11221.8 -90.5267 11288.6 -126.976
11236.4 -99.639 11302.3 -143.899
11249.2 -115.26 11314.8 -132.183
11263.5 -100.941 11330 -153.011
11277.2 -104.846 11344.3 -163.425
11290 -103.544 11358 -106.148
11304.3 -95.7337 11371.7 -136.088
11318.6 -80.1127 11385.5 -116.562
11332.3 -67.0951 11399.8 -177.744
11345.8 -60.5863 11413.2 -160.822
11359.8 -78.8109 11427.5 -129.579
11372.3 -100.941 11440.6 -104.846
11387.8 -76.2074 11454.3 -126.976
11400.9 -94.432 11468.6 -132.183
11416.1 -91.8285 11483.5 -130.881
11428.9 -85.3197 11495.5 -153.011
11442.3 -69.6986 11510 -139.993
11456.6 -69.6986 11524.1 -142.597
11469.5 -64.4916 11538.1 -142.597
11483.8 -73.6039 11551.5 -121.769
11497.5 -84.0179 11564.6 -153.011
11510.4 -87.9232 11579.5 -141.295
11525.2 -91.8285 11592.7 -104.846
11538.7 -80.1127 11607.2 -143.899
11553 -87.9232 11621.3 -125.674
11566.1 -100.941 11635.3 -133.485
11580.4 -59.2846 11647.8 -116.562
11594.7 -82.7162 11662.1 -158.218
11607.5 -65.7934 11675.5 -136.088
11621.8 -76.2074 11690.7 -151.709
11635.6 -80.1127 11703.6 -130.881
11649.6 -74.9056 11718.5 -126.976
11663 -106.148 11732.8 -142.597
11677.3 -76.2074 11744.7 -138.692
11690.7 -68.3969 11758.5 -184.253
11704.4 -78.8109 11773.6 -175.141
11717.9 -82.7162 11786.2 -190.762
11732.5 -91.8285 11801.1 -172.537
11746.8 -52.7758 11814.5 -189.46
11759.6 -72.3021 11828.8 -162.123
11774.2 -76.2074 11842.8 -163.425
11786.8 -94.432 11856.8 -128.278
11801.6 -95.7337 11869.7 -167.33
11815.7 -55.3793 11884.6 -156.916
11828.8 -68.3969 11898 -139.993
11843.1 -97.0355 11912 -162.123
11856 -52.7758 11925.4 -169.934
11870.3 -73.6039 11938.9 -159.52
11883.4 -42.3617 11953.2 -163.425
11897.7 -94.432 11967.8 -156.916
11912.3 -63.1898 11979.8 -147.804
11925.4 -59.2846 11994.7 -124.372
11940 -55.3793 12009.3 -143.899
11953.5 -67.0951 12022.4 -177.744
11967.2 -57.9828 12035.5 -182.951
11980.4 -63.1898 12050.1 -171.236
11994.9 -89.225 12063.3 -136.088
12008.7 -94.432 12077 -112.657
12022.4 -91.8285 12091 -162.123
12035.3 -78.8109 12105.3 -139.993
12050.1 -51.474 12118.8 -132.183
12063.9 -73.6039 12132.8 -106.148
12076.7 -39.7582 12147.1 -138.692
12091.9 -64.4916 12161.1 -160.822
12104.8 -67.0951 12175.1 -189.46
12119.1 -18.9302 12188.9 -130.881
12132.2 -64.4916 12202 -137.39
12147.1 -73.6039 12216 -143.899
12160.3 -68.3969 12229.5 -124.372
12173.1 -56.6811 12244.7 -142.597
12188 -78.8109 12257.8 -120.467
12201.1 -54.0776 12271.3 -134.786
12215.2 -33.2495 12285.3 -132.183
12228.9 -11.1196 12300.2 -138.692
12243.2 17.519 12311.9 -134.786
12257.2 -33.2495 12326.8 -172.537
12270.4 -44.9653 12340.5 -158.218
12284.4 -26.7407 12353.9 -133.485
12298.4 -60.5863 12368.3 -153.011
12311.6 -18.9302 12382.6 -177.744
12325.9 -8.5161 12396.3 -119.165
12339.3 -13.7231 12409.2 -163.425
12353.4 -2.00733 12424.1 -132.183
12366.5 13.6137 12437.2 -162.123
12380.2 -17.6284 12451.8 -159.52
12395.4 -17.6284 12465 -150.407
12408.9 -31.9477 12478.1 -173.839
12422.6 -16.3266 12492.5 -137.39
12436.3 -28.0424 12506.2 -106.148
12450.1 4.50145 12520.8 -166.029
12463.8 21.4243 12533.9 -149.106
12477.5 37.0453 12548.3 -120.467
12491.9 66.9857 12562 -159.52
12505.3 38.3471 12576 -147.804
12519.6 34.4418 12589.5 -168.632
12532.8 52.6664 12603.5 -172.537
12547.1 22.726 12617.8 -146.502
12561.1 46.1576 12631 -124.372
12573.4 30.5366 12645 -151.709
12588.3 56.5717 12658.8 -143.899
12602 55.2699 12672.5 -124.372
12615.2 46.1576 12686.5 -154.313
12629.2 61.7787 12700.3 -137.39
12643 65.684 12715.5 -142.597
12657.3 66.9857 12728.3 -139.993
12670.1 70.891 12742.1 -138.692
12684.2 80.0033 12755.8 -99.639
12699.1 77.3998 12769.6 -124.372
12712.5 80.0033 12783.3 -85.3197
12727.2 106.038 12797.3 -94.432
12740 128.168 12811.4 -142.597
12753.8 108.642 12824.5 -99.639
12767.2 139.884 12839.1 -95.7337
12781.5 73.4945 12852.9 -95.7337
12794.7 112.547 12867.2 -61.8881
12809.3 96.9261 12881 -87.9232
12822.8 129.47 12894.1 -85.3197
12836.8 133.375 12907.9 -90.5267
12850.3 151.6 12922.2 -67.0951
12863.7 198.463 12935.1 -74.9056
12877.4 162.014 12949.1 -87.9232
12891.8 199.765 12963.4 -77.5092
12905.8 176.333 12977.2 -84.0179
12918.7 152.902 12992.4 -71.0004
12933.3 181.54 13005.2 -33.2495
12945.9 185.445 13019.6 -25.4389
12960.8 185.445 13033.3 -21.5337
12974.2 186.747 13047.4 -29.3442
12988.9 259.646 13060.8 -9.81786
13002.3 231.007 13074.9 -54.0776
13016.6 273.965 13088.3 -64.4916
13029.2 255.74 13102.7 -29.3442
13043.6 236.214 13116.4 -47.5688
13056.4 231.007 13130.1 -3.30908
13070.2 237.516 13144.2 11.0102
13085.4 216.688 13157.3 21.4243
13098.8 236.214 13171.4 9.70847
13112.3 244.025 13185.1 11.0102
13126 305.207 13199.5 21.4243
13140.4 339.053 13213.2 3.1997
13153 270.06 13227.3 11.0102
13167.9 260.947 13241 -20.2319
13180.8 258.344 13254.5 55.2699
13195.4 220.593 13268.8 68.2875
13209.4 258.344 13282.6 102.133
13222.3 254.439 13296.3 76.098
13236.1 294.793 13309.5 73.4945
13251.6 281.775 13323.5 82.6068
13264.4 323.432 13337.6 52.6664
13277.6 357.277 13351.6 40.9506
13291.7 322.13 13364.8 73.4945
13306 339.053 13379.7 73.4945
13319.4 333.846 13393.5 108.642
13332.9 316.923 13406.7 82.6068
13346.7 339.053 13421.3 133.375
13361 361.182 13435 147.695
13374.8 352.07 13448.8 141.186
13388.2 398.933 13463.1 147.695
13402 384.614 13476.6 138.582
13415.1 395.028 13490.6 134.677
13429.8 380.709 13504.4 143.789
13444.1 391.123 13517.9 176.333
13456.4 404.14 13532.5 152.902
13472.2 402.839 13546 171.126
13485.1 417.158 13559.4 145.091
13498.5 437.986 13574.1 159.41
13511.1 462.719 13587.2 173.73
13526.6 473.134 13601.9 186.747
13539.2 435.383 13615.6 191.954
13554.4 449.702 13628.8 178.937
13568.2 458.814 13643.4 188.049
13581.7 466.625 13656 219.291
13595.4 464.021 13670.9 247.93
13608.9 474.435 13685 250.533
13623.2 484.849 13698.5 263.551
13637 513.488 13711.9 296.095
13650.2 519.997 13726.3 272.663
13664.2 495.263 13740.9 302.604
13677.7 517.393 13753.8 311.716
13692.3 508.281 13768.7 292.189
13705.8 477.039 13781.6 329.94
13720.4 495.263 13796 306.509
13732.4 493.962 13810.6 336.449
13747.1 484.849 13824.4 398.933
13760.8 518.695 13838.1 387.218
13774.6 514.79 13852.2 384.614
13787.5 526.505 13866.8 405.442
13802.4 531.712 13880.3 422.365
13816.5 543.428 13894.6 431.477
13829.6 526.505 13899 422.365
13843.1 547.334 13884.7 436.684
13857.5 508.281 13870.6 466.625
