7014.16 -193.365 7027.65 -167.33
7004.78 -100.941 7041.72 -173.839
7000.97 -120.467 7056.08 -190.762
7008.3 -129.579 7070.15 -212.892
7021.78 -138.692 7082.47 -242.832
7035.86 -123.071 7097.12 -215.495
7049.34 -137.39 7111.48 -210.288
7063.41 -107.45 7124.38 -186.857
7076.9 -106.148 7139.03 -160.822
7091.55 -84.0179 7152.52 -171.236
7105.33 -97.0355 7166.88 -185.555
7118.81 -86.6215 7180.07 -173.839
7133.47 -97.0355 7194.43 -176.443
7146.95 -125.674 7207.61 -189.46
7161.31 -107.45 7222.56 -202.478
7174.79 -121.769 7235.16 -188.158
7188.86 -89.225 7248.93 -185.555
7201.46 -120.467 7263.58 -189.46
7216.11 -112.657 7277.06 -198.572
7230.47 -86.6215 7290.83 -199.874
7243.36 -87.9232 7304.89 -206.383
7257.43 -72.3021 7318.37 -198.572
7271.78 -55.3793 7332.72 -179.046
7284.97 -97.0355 7345.9 -166.029
7298.74 -107.45 7359.67 -199.874
7313.09 -108.751 7373.44 -189.46
7327.16 -110.053 7387.79 -195.969
7340.92 -110.053 7401.27 -162.123
7355.28 -110.053 7414.45 -177.744
7368.17 -85.3197 7429.68 -181.65
7381.93 -63.1898 7443.44 -180.348
7395.7 -93.1302 7456.91 -169.934
7409.17 -73.6039 7470.38 -164.727
7424.11 -110.053 7484.15 -198.572
7437.88 -116.562 7498.2 -197.271
7451.35 -80.1127 7511.97 -172.537
7465.11 -64.4916 7526.32 -181.65
7478.29 -128.278 7539.49 -164.727
7492.64 -61.8881 7553.84 -169.934
7506.4 -81.4144 7567.31 -194.667
7521.34 -76.2074 7581.07 -172.537
7535.39 -115.26 7595.12 -168.632
7548.86 -78.8109 7608.3 -156.916
7562.04 -116.562 7622.93 -156.916
7576.38 -74.9056 7636.69 -164.727
7588.97 -100.941 7650.45 -153.011
7603.03 -142.597 7664.79 -149.106
7617.37 -94.432 7677.38 -151.709
7630.84 -93.1302 7692.01 -151.709
7645.47 -123.071 7705.77 -137.39
7658.65 -91.8285 7719.53 -176.443
7672.99 -60.5863 7732.99 -113.958
7686.16 -41.06 7747.63 -151.709
7700.21 -106.148 7760.79 -169.934
7714.26 -76.2074 7774.84 -160.822
7728.89 -95.7337 7788.3 -139.993
7742.36 -91.8285 7802.64 -133.485
7755.23 -84.0179 7816.39 -179.046
7769.87 -93.1302 7829.85 -139.993
7782.74 -68.3969 7844.19 -151.709
7796.5 -94.432 7857.94 -163.425
7810.54 -26.7407 7871.69 -145.2
7825.17 -77.5092 7884.86 -153.011
7838.63 -86.6215 7899.49 -156.916
7851.51 -91.8285 7912.36 -146.502
7866.43 -81.4144 7926.99 -147.804
7880.18 -117.864 7941.61 -139.993
7893.35 -103.544 7954.49 -138.692
7907.68 -59.2846 7968.53 -153.011
7921.72 -76.2074 7983.15 -146.502
7935.47 -81.4144 7996.31 -128.278
7949.22 -69.6986 8008.89 -133.485
7963.26 -56.6811 8024.1 -167.33
7977.01 -80.1127 8037.55 -151.709
7991.05 -60.5863 8051.59 -124.372
8004.5 -97.0355 8065.05 -99.639
8018.84 -97.0355 8078.5 -128.278
8032 -78.8109 8091.95 -156.916
8045.74 -98.3372 8106.57 -124.372
8060.37 -97.0355 8121.19 -185.555
8072.36 -73.6039 8134.06 -128.278
8088.15 -80.1127 8148.68 -142.597
8101.02 -77.5092 8161.84 -138.692
8115.34 -100.941 8175.29 -119.165
8128.8 -84.0179 8189.9 -147.804
8141.66 -74.9056 8203.06 -147.804
8155.99 -63.1898 8217.39 -98.3372
8169.44 -61.8881 8231.13 -120.467
8183.18 -64.4916 8245.16 -121.769
8197.8 -76.2074 8259.19 -132.183
8212.12 -90.5267 8272.35 -115.26
8224.4 -81.4144 8285.79 -120.467
8239.31 -87.9232 8300.7 -132.183
8253.05 -91.8285 8314.15 -134.786
8267.08 -98.3372 8327.59 -130.881
8281.12 -76.2074 8341.91 -149.106
8294.85 -77.5092 8355.94 -107.45
8307.42 -82.7162 8369.68 -98.3372
8322.33 -81.4144 8383.12 -146.502
8336.36 -110.053 8397.74 -99.639
8350.1 -76.2074 8411.18 -138.692
8363.25 -124.372 8425.21 -130.881
8376.4 -84.0179 8438.65 -123.071
8391.6 -106.148 8452.68 -133.485
8404.46 -78.8109 8466.12 -166.029
8418.78 -91.8285 8479.85 -156.916
8432.51 -78.8109 8494.17 -111.355
8446.83 -98.3372 8508.78 -123.071
8459.4 -77.5092 8521.34 -126.976
8474.3 -72.3021 8535.66 -119.165
8487.45 -55.3793 8548.81 -129.579
8501.47 -52.7758 8563.12 -121.769
8515.2 -48.8705 8577.14 -128.278
8529.52 -100.941 8591.17 -106.148
8543.25 -81.4144 8604.31 -117.864
8556.98 -57.9828 8618.04 -156.916
8571.01 -51.474 8632.65 -121.769
8584.45 -87.9232 8646.38 -120.467
8597.89 -103.544 8659.82 -113.958
8612.49 -38.4565 8674.71 -111.355
8626.51 -74.9056 8688.73 -155.615
8639.37 -63.1898 8701.58 -147.804
8653.68 -72.3021 8716.19 -126.976
8667.7 -111.355 8729.33 -111.355
8681.14 -78.8109 8742.18 -163.425
8695.16 -84.0179 8756.2 -149.106
8708.6 -52.7758 8771.1 -107.45
8723.2 -80.1127 8784.24 -104.846
8735.76 -78.8109 8799.72 -107.45
8750.94 -69.6986 8811.98 -124.372
8764.09 -97.0355 8826.58 -146.502
8777.52 -82.7162 8839.43 -125.674
8791.54 -85.3197 8853.74 -146.502
8804.97 -71.0004 8867.46 -155.615
8819.57 -42.3617 8881.48 -130.881
8833.3 -68.3969 8894.62 -150.407
8847.02 -81.4144 8909.22 -132.183
8860.75 -73.6039 8922.94 -149.106
8874.18 -67.0951 8935.79 -125.674
8888.2 -102.243 8950.68 -146.502
8902.21 -86.6215 8964.69 -112.657
8915.93 -48.8705 8977.83 -134.786
8929.95 -43.6635 8991.85 -130.881
8943.67 -74.9056 9005.27 -134.786
8957.98 -61.8881 9019.58 -113.958
8971.41 -87.9232 9033.88 -130.881
8984.84 -97.0355 9046.73 -102.243
8998.56 -57.9828 9061.32 -108.751
9012.57 -51.474 9074.17 -99.639
9026.58 -55.3793 9088.76 -129.579
9040.01 -77.5092 9102.77 -141.295
9054.03 -77.5092 9117.37 -162.123
9067.45 -59.2846 9129.92 -149.106
9082.63 -91.8285 9144.22 -150.407
9094.89 -97.0355 9157.36 -153.011
9108.9 -89.225 9172.24 -132.183
9122.33 -54.0776 9185.67 -104.846
9136.93 -61.8881 9199.97 -102.243
9150.94 -78.8109 9213.69 -116.562
9164.07 -74.9056 9227.11 -108.751
9178.08 -50.1723 9240.54 -130.881
9191.8 -51.474 9254.84 -159.52
9206.98 -82.7162 9268.26 -153.011
9220.11 -76.2074 9282.56 -130.881
9233.53 -81.4144 9296.86 -115.26
9247.54 -61.8881 9309.41 -120.467
9261.26 -94.432 9324.29 -123.071
9274.97 -85.3197 9337.43 -149.106
9288.4 -78.8109 9351.43 -132.183
9302.7 -84.0179 9365.73 -103.544
9315.83 -76.2074 9378.86 -128.278
9330.72 -86.6215 9393.16 -145.2
9343.84 -80.1127 9407.75 -145.2
9358.73 -99.639 9421.76 -137.39
9372.15 -80.1127 9435.18 -120.467
9384.41 -91.8285 9448.6 -108.751
9399.29 -48.8705 9462.02 -121.769
9413.59 -73.6039 9476.32 -117.864
9427.01 -71.0004 9490.03 -113.958
9440.14 -72.3021 9503.45 -129.579
9454.73 -104.846 9517.75 -133.485
9468.15 -71.0004 9531.46 -130.881
9481.57 -84.0179 9545.18 -139.993
9496.45 -73.6039 9559.18 -143.899
9510.75 -60.5863 9573.18 -106.148
9523.58 -60.5863 9586.6 -137.39
9537.01 -84.0179 9600.32 -103.544
9551.88 -71.0004 9614.32 -146.502
9564.14 -72.3021 9628.03 -139.993
9578.73 -68.3969 9642.03 -138.692
9592.44 -85.3197 9656.62 -132.183
9605.86 -89.225 9669.45 -133.485
9620.15 -71.0004 9684.04 -142.597
9632.41 -111.355 9698.04 -108.751
9647.87 -98.3372 9711.17 -68.3969
9661.29 -81.4144 9725.46 -133.485
9675.87 -71.0004 9738.01 -99.639
9688.71 -90.5267 9752.88 -91.8285
9703 -63.1898 9767.18 -134.786
9716.42 -67.0951 9780.59 -112.657
9730.72 -74.9056 9794.6 -111.355
9745.88 -35.853 9808.02 -139.993
9757.84 -97.0355 9822.02 -138.692
9771.55 -104.846 9836.02 -102.243
9786.72 -98.3372 9849.43 -141.295
9799.85 -76.2074 9864.02 -125.674
9812.97 -63.1898 9877.15 -123.071
9828.14 -82.7162 9891.15 -139.993
9841.27 -59.2846 9905.44 -123.071
9854.1 -59.2846 9918.27 -126.976
9868.69 -84.0179 9932.27 -103.544
9882.1 -80.1127 9946.85 -108.751
9896.1 -108.751 9960.27 -100.941
9910.4 -124.372 9973.98 -106.148
9923.52 -95.7337 9987.98 -120.467
9938.1 -72.3021 10002.3 -93.1302
9951.23 -59.2846 10014.8 -145.2
9965.81 -68.3969 10030 -117.864
9978.65 -56.6811 10044.3 -160.822
9993.23 -64.4916 10056.8 -90.5267
10006.9 -64.4916 10071.7 -116.562
10020.1 -98.3372 10085.1 -119.165
10034.1 -91.8285 10099.4 -134.786
10048.6 -78.8109 10112.8 -132.183
10061.8 -78.8109 10126.5 -108.751
10074.6 -86.6215 10140.2 -123.071
10089.8 -95.7337 10153.4 -130.881
10104.1 -86.6215 10167.9 -97.0355
10116.6 -87.9232 10181.9 -123.071
10130.9 -97.0355 10195.3 -125.674
10144.9 -78.8109 10209 -116.562
10159.2 -95.7337 10223.6 -107.45
10172.6 -86.6215 10236.8 -103.544
10186 -84.0179 10250.5 -126.976
10200 -50.1723 10264.5 -94.432
10213.4 -61.8881 10278.5 -139.993
10227.7 -61.8881 10292.2 -111.355
10242.3 -69.6986 10306.5 -116.562
10255.1 -64.4916 10320.2 -110.053
10269.1 -64.4916 10333.9 -139.993
10282.6 -51.474 10346.7 -149.106
10296.8 -91.8285 10361.6 -125.674
10310.5 -80.1127 10375.6 -141.295
10324 -74.9056 10389.9 -113.958
10338.8 -51.474 10402.7 -124.372
10351.1 -34.5512 10416.7 -95.7337
10364.5 -56.6811 10430.4 -110.053
10379.1 -78.8109 10444.4 -139.993
10393.7 -115.26 10459 -133.485
10407.7 -68.3969 10472.1 -132.183
10420.8 -102.243 10486.7 -137.39
10434.5 -97.0355 10499.8 -97.0355
10447.9 -121.769 10514.4 -134.786
10462.5 -85.3197 10528.4 -117.864
10476.5 -93.1302 10541.5 -120.467
10489.6 -72.3021 10555.5 -130.881
10503.6 -29.3442 10568.9 -104.846
10517.3 -86.6215 10583.5 -115.26
10531.3 -76.2074 10596.9 -115.26
10545.3 -72.3021 10611.2 -111.355
10559.3 -71.0004 10624.7 -136.088
10572.5 -60.5863 10637.2 -133.485
10586.4 -80.1127 10652.6 -126.976
10601 -80.1127 10666.1 -113.958
10614.7 -67.0951 10679.2 -87.9232
10628.1 -73.6039 10694.1 -146.502
10641.9 -60.5863 10706.9 -100.941
10655.6 -68.3969 10721.2 -138.692
10669.9 -77.5092 10735.2 -123.071
10683 -73.6039 10749.8 -94.432
10697.6 -52.7758 10762.9 -112.657
10710.4 -57.9828 10776 -100.941
10724.4 -78.8109 10791.5 -115.26
10738.1 -71.0004 10804.6 -121.769
10751.5 -115.26 10817.4 -136.088
10766.1 -78.8109 10832.6 -111.355
10780.7 -78.8109 10846 -85.3197
10793.2 -81.4144 10859.7 -133.485
10808.1 -60.5863 10874 -117.864
10820.7 -93.1302 10888 -128.278
10834.9 -82.7162 10900.9 -86.6215
10848.4 -54.0776 10915.2 -113.958
10862.4 -77.5092 10928.6 -110.053
10876.4 -57.9828 10942.6 -136.088
10890.4 -77.5092 10956.9 -112.657
10903.8 -85.3197 10970.3 -107.45
10917.5 -108.751 10984.3 -103.544
10931.5 -93.1302 10998.3 -94.432
10946.1 -81.4144 11011.4 -85.3197
10959.2 -74.9056 11025.7 -141.295
10972.6 -104.846 11039.1 -134.786
10987.2 -115.26 11052.8 -130.881
11000 -86.6215 11067.4 -106.148
11014.6 -89.225 11081.4 -115.26
11028.9 -78.8109 11095.4 -103.544
11042 -85.3197 11109.4 -107.45
11056.3 -72.3021 11122.6 -104.846
11069.5 -44.9653 11136.3 -98.3372
11083.8 -73.6039 11150 -164.727
11096.9 -93.1302 11164.3 -155.615
11111.5 -81.4144 11177.1 -149.106
11124.9 -106.148 11191.1 -124.372
11138.6 -87.9232 11206 -112.657
11152.6 -103.544 11218.8 -104.846
11166.3 -95.7337 11232.5 -81.4144
11180.3 -85.3197 11247.1 -137.39
11194.3 -97.0355 11261.2 -126.976
11208.3 -90.5267 11275.1 -146.502
11221.8 -74.9056 11289.2 -138.692
11234.9 -73.6039 11302.9 -151.709
11248.6 -116.562 11316.3 -139.993
11263.2 -104.846 11330.9 -108.751
11277.2 -78.8109 11343.7 -117.864
11290.3 -63.1898 11357.7 -116.562
11303.8 -110.053 11371.7 -115.26
11318.6 -52.7758 11386.3 -141.295
11331.8 -26.7407 11399.5 -160.822
11346.6 -56.6811 11413.2 -172.537
11360.1 -125.674 11427.2 -154.313
11373.2 -100.941 11441.2 -137.39
11386.9 -65.7934 11455.2 -156.916
11400.6 -57.9828 11468.3 -154.313
11415.2 -63.1898 11481.8 -166.029
11427.8 -56.6811 11496.3 -159.52
11442.9 -69.6986 11509.8 -214.194
11456.4 -61.8881 11524.1 -162.123
11469.8 -61.8881 11538.4 -158.218
11484.7 -95.7337 11551.8 -168.632
11497.8 -84.0179 11565.5 -163.425
11512.4 -67.0951 11579.5 -173.839
11524.9 -84.0179 11593.8 -164.727
11539 -74.9056 11606.7 -167.33
11552.4 -46.267 11620.7 -147.804
11565.5 -84.0179 11635 -154.313
11581.6 -94.432 11648.7 -180.348
11594.1 -52.7758 11661.5 -159.52
11608.4 -28.0424 11676.7 -193.365
11621.8 -42.3617 11689.6 -228.513
11636.7 -69.6986 11703.6 -189.46
11649.6 -64.4916 11717.3 -173.839
11662.4 -47.5688 11731 -176.443
11677.6 -65.7934 11745 -184.253
11690.7 -48.8705 11759.3 -143.899
11704.4 -46.267 11774.2 -164.727
11718.2 -50.1723 11787.1 -190.762
11732.5 -35.853 11800.2 -171.236
11745.6 -42.3617 11814.2 -173.839
11759.9 -54.0776 11828.5 -136.088
11773.6 -67.0951 11842.8 -185.555
11787.1 -51.474 11856.3 -143.899
11801.4 -72.3021 11870.6 -164.727
11815.1 -41.06 11883.4 -218.099
11829.4 -60.5863 11897.4 -227.211
11842.2 -59.2846 11912 -215.495
11856.8 -64.4916 11924.6 -215.495
11870 -56.6811 11938.9 -227.211
11884.3 -46.267 11953.2 -215.495
11898 -43.6635 11967.2 -197.271
11911.7 -46.267 11981.2 -206.383
11925.2 -72.3021 11994.7 -219.401
11939.5 -44.9653 12008.7 -189.46
11953.8 -61.8881 12021.8 -184.253
11965.8 -46.267 12036.4 -208.986
11980.1 -41.06 12049.8 -203.779
11994.4 -34.5512 12064.7 -215.495
12008.4 -25.4389 12077.6 -184.253
12021.8 -34.5512 12092.2 -216.797
12036.1 -30.646 12105.3 -212.892
12050.1 -35.853 12118.8 -185.555
12063.6 -55.3793 12132.8 -193.365
12077.3 -31.9477 12146.2 -192.064
12090.7 -52.7758 12160 -219.401
12105.3 -16.3266 12174.6 -179.046
12118.5 1.89794 12188.6 -166.029
12132.5 -16.3266 12202.6 -192.064
12146.2 14.9155 12215.2 -181.65
12160.5 -39.7582 12229.5 -211.59
12174 -42.3617 12243.2 -188.158
12188 -33.2495 12256.9 -168.632
12202 -39.7582 12271.3 -197.271
12214.6 -34.5512 12285 -189.46
12228.9 -33.2495 12299 -168.632
12243.2 -35.853 12313 -199.874
12257.5 -8.5161 12326.2 -197.271
12271.3 -7.21435 12340.8 -145.2
12283.8 -2.00733 12354.2 -173.839
12298.7 -16.3266 12368.3 -138.692
12311.9 -13.7231 12382.3 -179.046
12325.3 -13.7231 12395.1 -158.218
12339.6 -12.4214 12409.2 -164.727
12353.9 -4.61084 12423.8 -162.123
12367.4 -16.3266 12437.5 -193.365
12381.7 -0.70557 12451 -177.744
12395.4 -11.1196 12465.3 -173.839
12409.2 8.40672 12479.9 -176.443
12422.6 14.9155 12493.9 -192.064
12436.9 -28.0424 12506.2 -211.59
12450.1 -25.4389 12520.5 -160.822
12462.6 -28.0424 12533.9 -193.365
12478.1 -13.7231 12548.6 -185.555
12491.3 -4.61084 12562 -184.253
12504.1 -8.5161 12575.7 -172.537
12519.6 20.1225 12589.5 -192.064
12532.5 50.0629 12604.1 -184.253
12546.2 20.1225 12617.8 -186.857
12560.3 5.80321 12631.6 -182.951
12574.6 21.4243 12645.6 -133.485
12588.6 -3.30908 12658.8 -177.744
12601.5 18.8208 12673.7 -172.537
12615.8 63.0805 12687.1 -166.029
12629.2 26.6313 12701.1 -171.236
12643 33.1401 12714.3 -160.822
12656.4 51.3647 12728.6 -149.106
12670.4 38.3471 12741.8 -163.425
12684.5 55.2699 12756.4 -167.33
12698.5 40.9506 12769.3 -137.39
12711.4 14.9155 12784.2 -141.295
12725.4 24.0278 12797.3 -111.355
12739.7 56.5717 12810.5 -142.597
12754.6 68.2875 12825.1 -146.502
12767.5 61.7787 12839.4 -184.253
12781.8 50.0629 12853.5 -145.2
12794.4 77.3998 12866.3 -130.881
12809.6 81.305 12880.1 -141.295
12821.9 61.7787 12894.4 -117.864
12836.2 78.7015 12909 -141.295
12850.3 82.6068 12922.5 -138.692
12863.4 53.9682 12935.6 -98.3372
12877.7 66.9857 12950 -86.6215
12891.5 86.5121 12963.7 -130.881
12905.2 94.3226 12977.5 -130.881
12918.7 89.1156 12992.1 -87.9232
12933 112.547 13004.4 -104.846
12946.5 91.7191 13019 -87.9232
12960.8 103.435 13033.6 -89.225
12974.5 137.281 13046.8 -72.3021
12988.9 132.074 13060.2 -80.1127
13002.3 132.074 13074.9 -72.3021
13016.4 148.996 13088 -68.3969
13029.2 122.961 13101.8 -69.6986
13043 197.161 13115.8 -63.1898
13057.3 152.902 13130.1 -68.3969
13071.6 180.238 13144.5 -78.8109
13084.8 163.316 13158.2 -51.474
13098.8 142.488 13171.4 -57.9828
13112.6 178.937 13185.4 -44.9653
13125.2 171.126 13198.3 -48.8705
13141 165.919 13213.2 -46.267
13153.8 198.463 13226.7 -42.3617
13167.9 216.688 13241.3 -59.2846
13180.8 211.481 13255.4 -48.8705
13195.7 214.084 13268.2 -24.1372
13209.1 237.516 13282.9 -34.5512
13222.9 197.161 13295.7 -9.81786
13236.9 220.593 13309.2 -35.853
13250.4 266.154 13323.5 -18.9302
13265.6 214.084 13337.6 -29.3442
13277.9 254.439 13351.3 12.312
13291.4 264.853 13366.3 47.4594
13305.1 272.663 13379.4 29.2348
13320 293.491 13392.9 63.0805
13332.6 292.189 13406.7 43.5541
13347.2 314.319 13420.4 56.5717
13361 285.681 13434.5 8.40672
13375 263.551 13448.5 60.4769
13388.5 279.172 13462.8 63.0805
13403.1 314.319 13476 103.435
13415.4 337.751 13490.1 68.2875
13429.5 361.182 13504.4 128.168
13443.8 366.39 13518.7 95.6243
13457.6 372.898 13531.6 126.866
13471.3 378.105 13545.7 145.091
13485.7 391.123 13559.4 112.547
13498.5 378.105 13574.4 143.789
13512.3 355.975 13587.5 132.074
13526.4 402.839 13600.7 160.712
13540.1 383.312 13615.6 152.902
13555.3 415.856 13629.1 172.428
13567.3 391.123 13643.1 207.575
13581.7 453.607 13656.3 224.498
13596 474.435 13670.4 227.102
13608.9 500.47 13684.4 197.161
13622.9 458.814 13698.2 195.86
13636.7 465.323 13711.9 250.533
13650.2 477.039 13726 229.705
13665.1 460.116 13740 264.853
13678.3 458.814 13754.4 290.888
13691.4 451.004 13768.4 294.793
13706.1 516.091 13782.8 300
13720.1 509.583 13795.4 316.923
13733.9 562.955 13809.7 353.372
13746.5 559.049 13824.1 327.337
13760.8 551.239 13837.8 319.526
13774.3 552.541 13852.5 379.407
13787.8 544.73 13866.5 329.94
13801.5 534.316 13882 414.554
13816.5 536.92 13894.1 436.684
13829.9 570.765 13899 452.305
13844 573.369 13885.3 486.151
13857.8 543.428 13870.9 499.169
