7013.87 -206.383 7027.94 -197.271
7005.07 -120.467 7041.72 -210.288
7000.38 -153.011 7055.5 -208.986
7009.47 -146.502 7068.98 -197.271
7021.78 -143.899 7083.05 -201.176
7035.27 -104.846 7097.12 -202.478
7049.93 -116.562 7111.78 -203.779
7063.41 -159.52 7124.38 -215.495
7078.07 -155.615 7139.03 -220.702
7091.26 -115.26 7152.81 -205.081
7105.33 -124.372 7166.29 -219.401
7118.52 -136.088 7179.77 -202.478
7132.3 -160.822 7193.84 -184.253
7147.24 -137.39 7207.32 -189.46
7160.43 -85.3197 7220.8 -195.969
7174.2 -150.407 7235.74 -193.365
7187.98 -100.941 7248.64 -190.762
7201.75 -128.278 7263.29 -194.667
7216.4 -110.053 7277.06 -225.909
7230.18 -129.579 7291.12 -194.667
7244.53 -149.106 7304.6 -223.306
7257.72 -124.372 7317.49 -216.797
7271.78 -134.786 7333.01 -222.004
7285.26 -151.709 7346.49 -212.892
7300.2 -156.916 7359.67 -190.762
7313.09 -106.148 7373.44 -199.874
7326.28 -115.26 7387.79 -188.158
7340.92 -117.864 7401.85 -176.443
7354.4 -123.071 7415.03 -210.288
7369.05 -133.485 7429.68 -176.443
7382.23 -123.071 7442.85 -193.365
7396.29 -151.709 7456.91 -182.951
7409.47 -125.674 7470.68 -181.65
7424.4 -102.243 7483.86 -206.383
7437.29 -145.2 7498.2 -180.348
7451.64 -121.769 7512.55 -210.288
7466.28 -111.355 7526.32 -193.365
7479.17 -117.864 7539.49 -199.874
7493.52 -153.011 7552.96 -188.158
7506.7 -141.295 7567.31 -198.572
7520.75 -149.106 7581.07 -225.909
7533.93 -132.183 7594.83 -201.176
7548.28 -124.372 7608.59 -164.727
7562.33 -126.976 7622.93 -194.667
7575.51 -142.597 7636.69 -190.762
7589.27 -137.39 7650.45 -182.951
7603.61 -99.639 7663.91 -190.762
7617.37 -145.2 7677.67 -190.762
7631.13 -149.106 7692.01 -180.348
7645.77 -146.502 7705.19 -177.744
7658.65 -138.692 7719.53 -201.176
7671.82 -146.502 7732.7 -179.046
7686.75 -133.485 7747.33 -186.857
7699.04 -80.1127 7761.38 -195.969
7713.38 -146.502 7775.13 -168.632
7728.31 -100.941 7788.3 -195.969
7741.77 -116.562 7802.64 -189.46
7755.23 -147.804 7816.69 -195.969
7768.7 -151.709 7829.85 -158.218
7783.91 -125.674 7844.19 -203.779
7797.08 -149.106 7857.65 -182.951
7810.54 -113.958 7871.99 -176.443
7824.29 -138.692 7884.86 -185.555
7838.34 -103.544 7899.49 -186.857
7852.38 -116.562 7913.24 -184.253
7865.84 -142.597 7926.4 -193.365
7880.18 -134.786 7941.03 -185.555
7894.22 -132.183 7954.49 -171.236
7907.68 -112.657 7967.94 -171.236
7921.72 -139.993 7982.27 -159.52
7934.89 -130.881 7996.31 -158.218
7948.93 -125.674 8010.35 -188.158
7963.26 -104.846 8024.39 -208.986
7976.72 -129.579 8037.55 -203.779
7990.47 -115.26 8051.01 -171.236
8003.63 -128.278 8065.63 -189.46
8017.96 -115.26 8078.79 -160.822
8031.41 -117.864 8091.95 -179.046
8044.87 -150.407 8106.28 -179.046
8059.78 -107.45 8120.31 -224.608
8072.36 -93.1302 8134.64 -222.004
8087.27 -147.804 8148.39 -242.832
8101.89 -130.881 8162.71 -218.099
8115.64 -129.579 8176.46 -188.158
8128.8 -129.579 8190.2 -175.141
8143.12 -111.355 8203.65 -176.443
8155.99 -138.692 8218.26 -179.046
8169.73 -130.881 8230.54 -185.555
8183.76 -141.295 8245.16 -189.46
8198.38 -117.864 8258.61 -194.667
8213 -108.751 8273.51 -227.211
8224.99 -81.4144 8286.09 -182.951
8239.31 -98.3372 8300.99 -198.572
8252.18 -134.786 8314.44 -227.211
8266.5 -93.1302 8327.59 -189.46
8280.53 -110.053 8341.91 -155.615
8294.85 -143.899 8356.53 -185.555
8308.01 -160.822 8369.68 -190.762
8321.75 -106.148 8383.12 -172.537
8336.07 -136.088 8397.44 -186.857
8350.1 -95.7337 8411.18 -222.004
8362.67 -120.467 8424.33 -188.158
8377.86 -80.1127 8438.36 -227.211
8391.31 -132.183 8452.38 -270.169
8404.17 -120.467 8466.41 -189.46
8418.49 -149.106 8480.73 -199.874
8432.8 -141.295 8494.17 -216.797
8446.25 -137.39 8508.49 -223.306
8460.27 -143.899 8522.22 -198.572
8473.72 -106.148 8535.95 -208.986
8486.86 -116.562 8549.1 -250.643
8502.35 -102.243 8562.83 -240.229
8515.2 -125.674 8576.27 -222.004
8529.23 -107.45 8591.17 -192.064
8542.38 -110.053 8604.6 -192.064
8557.28 -111.355 8619.21 -207.685
8570.42 -121.769 8632.65 -216.797
8584.16 -91.8285 8646.96 -222.004
8597.89 -110.053 8659.52 -224.608
8611.91 -115.26 8673.25 -205.081
8625.35 -121.769 8688.44 -206.383
8640.54 -107.45 8700.71 -195.969
8653.68 -104.846 8715.9 -216.797
8667.12 -132.183 8728.75 -173.839
8680.85 -110.053 8743.06 -180.348
8695.16 -145.2 8756.49 -231.116
8709.18 -129.579 8770.8 -195.969
8723.49 -134.786 8784.24 -207.685
8736.34 -142.597 8798.55 -218.099
8750.07 -93.1302 8811.69 -184.253
8763.8 -107.45 8826.29 -177.744
8777.81 -95.7337 8840.31 -195.969
8791.54 -94.432 8853.74 -192.064
8804.97 -137.39 8867.46 -223.306
8819.87 -106.148 8882.06 -195.969
8832.72 -153.011 8895.5 -169.934
8846.73 -142.597 8908.93 -175.141
8860.16 -89.225 8922.65 -214.194
8874.47 -93.1302 8936.08 -194.667
8888.49 -102.243 8950.39 -219.401
8902.5 -128.278 8964.4 -203.779
8915.93 -104.846 8978.12 -169.934
8929.95 -104.846 8991.26 -177.744
8943.96 -151.709 9006.44 -189.46
8957.69 -145.2 9019.58 -175.141
8970.82 -97.0355 9033.88 -168.632
8984.84 -111.355 9047.6 -163.425
8999.14 -130.881 9061.03 -181.65
9012.28 -121.769 9075.34 -205.081
9026.58 -119.165 9089.06 -164.727
9040.01 -115.26 9102.77 -173.839
9054.32 -126.976 9115.91 -169.934
9067.75 -103.544 9129.92 -202.478
9082.05 -130.881 9144.51 -214.194
9094.6 -115.26 9157.07 -185.555
9109.2 -115.26 9171.95 -164.727
9123.21 -117.864 9185.67 -197.271
9137.51 -78.8109 9200.26 -185.555
9150.35 -104.846 9213.98 -180.348
9164.65 -132.183 9226.53 -175.141
9177.79 -115.26 9240.83 -173.839
9192.09 -128.278 9255.13 -169.934
9206.1 -116.562 9269.72 -156.916
9220.11 -98.3372 9281.98 -163.425
9233.83 -160.822 9296.28 -189.46
9247.83 -141.295 9310.29 -195.969
9260.97 -143.899 9324 -179.046
9274.39 -116.562 9337.43 -206.383
9289.27 -125.674 9351.14 -182.951
9303.28 -121.769 9365.44 -153.011
9316.41 -123.071 9379.15 -149.106
9329.55 -86.6215 9393.45 -160.822
9344.43 -113.958 9406.88 -158.218
9357.85 -116.562 9420.3 -171.236
9371.86 -137.39 9434.59 -159.52
9384.99 -110.053 9448.02 -201.176
9399 -98.3372 9462.31 -176.443
9413 -143.899 9476.03 -206.383
9425.84 -154.313 9489.74 -190.762
9440.43 -80.1127 9504.04 -173.839
9455.6 -137.39 9517.75 -163.425
9468.44 -60.5863 9530.88 -143.899
9482.15 -116.562 9545.47 -176.443
9496.45 -120.467 9558.89 -167.33
9509.58 -93.1302 9573.18 -151.709
9523.58 -129.579 9587.48 -154.313
9537.3 -108.751 9600.32 -141.295
9551.59 -129.579 9614.9 -176.443
9564.72 -143.899 9628.9 -149.106
9578.43 -111.355 9641.74 -146.502
9593.02 -112.657 9655.16 -163.425
9606.15 -111.355 9670.04 -160.822
9619.28 -107.45 9683.46 -175.141
9634.16 -121.769 9697.17 -181.65
9648.16 -153.011 9712.05 -207.685
9661.58 -117.864 9725.17 -150.407
9674.41 -132.183 9739.17 -185.555
9689 -102.243 9752.59 -167.33
9702.42 -121.769 9767.18 -189.46
9717.3 -120.467 9780.59 -194.667
9730.42 -120.467 9794.31 -211.59
9745.01 -110.053 9808.31 -186.857
9758.72 -158.218 9821.72 -189.46
9772.14 -150.407 9836.31 -220.702
9786.14 -145.2 9850.02 -199.874
9799.26 -158.218 9863.44 -198.572
9813.56 -137.39 9878.02 -184.253
9827.56 -102.243 9891.15 -188.158
9840.69 -124.372 9905.15 -198.572
9855.27 -137.39 9918.27 -194.667
9868.69 -117.864 9932.56 -198.572
9882.69 -100.941 9946.27 -166.029
9896.1 -123.071 9960.27 -190.762
9909.82 -106.148 9974.27 -201.176
9923.81 -111.355 9988.27 -199.874
9937.23 -107.45 10002 -208.986
9950.65 -138.692 10016.3 -190.762
9964.94 -111.355 10029.4 -188.158
9979.23 -125.674 10044.3 -222.004
9992.36 -89.225 10056.2 -169.934
10007.2 -115.26 10070.8 -159.52
10020.4 -95.7337 10085.4 -194.667
10033.8 -120.467 10099.1 -181.65
10048.1 -113.958 10112.8 -169.934
10062.1 -120.467 10125.9 -175.141
10076.4 -125.674 10140.5 -199.874
10089.8 -120.467 10153.9 -181.65
10102.6 -129.579 10167.9 -139.993
10117.2 -99.639 10182.2 -186.857
10131.5 -93.1302 10196.2 -182.951
10144.3 -91.8285 10209.3 -156.916
10158.6 -143.899 10223.3 -142.597
10172.6 -129.579 10237.6 -154.313
10185.4 -112.657 10249.9 -185.555
10200.6 -130.881 10265.3 -186.857
10213.7 -163.425 10279.3 -116.562
10227.7 -132.183 10292.2 -189.46
10241.7 -128.278 10306.2 -160.822
10255.4 -155.615 10320.2 -201.176
10268 -102.243 10333.9 -155.615
10282.8 -98.3372 10347 -176.443
10297.1 -100.941 10362.2 -150.407
10310 -123.071 10375.3 -163.425
10324.3 -120.467 10389.9 -186.857
10338.5 -142.597 10403.6 -147.804
10351.7 -106.148 10417.3 -181.65
10365.4 -117.864 10431.3 -199.874
10380 -129.579 10443.8 -188.158
10393.1 -139.993 10459 -146.502
10407.4 -99.639 10472.7 -190.762
10421.1 -115.26 10485.5 -185.555
10434.5 -103.544 10500.1 -197.271
10448.5 -138.692 10514.4 -146.502
10462.5 -123.071 10526.9 -153.011
10475.9 -142.597 10541.2 -146.502
10490.2 -128.278 10555.2 -147.804
10503.3 -125.674 10569.2 -177.744
10518.5 -91.8285 10583.2 -146.502
10531.3 -139.993 10597.8 -164.727
10544.7 -128.278 10610.9 -182.951
10558.7 -90.5267 10623.8 -176.443
10573.3 -102.243 10637.8 -154.313
10585.6 -129.579 10651.5 -195.969
10600.4 -87.9232 10666.1 -158.218
10614.4 -128.278 10680.4 -188.158
10627.9 -155.615 10694.1 -181.65
10642.7 -89.225 10706.6 -130.881
10655.6 -120.467 10721.2 -186.857
10670.1 -138.692 10735.5 -207.685
10682.4 -123.071 10748 -203.779
10696.7 -86.6215 10763.2 -188.158
10711 -155.615 10776.6 -164.727
10724.7 -104.846 10790 -150.407
10738.7 -108.751 10804.6 -154.313
10752.4 -134.786 10818.9 -197.271
10766.1 -126.976 10832.6 -168.632
10780.1 -115.26 10845.4 -203.779
10792.9 -126.976 10859.7 -203.779
10807.5 -103.544 10873.2 -166.029
10820.4 -90.5267 10887.4 -182.951
10834.9 -121.769 10900.9 -189.46
10849.2 -151.709 10915.5 -215.495
10862.9 -125.674 10929.2 -189.46
10876.4 -123.071 10942.3 -205.081
10890.7 -116.562 10956.9 -210.288
10903.8 -124.372 10970.6 -195.969
10917.2 -112.657 10984.6 -194.667
10931.8 -107.45 10998.3 -205.081
10945.5 -108.751 11012.3 -181.65
10958.6 -102.243 11026.3 -167.33
10973.5 -138.692 11039.4 -186.857
10987.5 -149.106 11053.1 -198.572
11000.3 -139.993 11067.7 -192.064
11013.8 -120.467 11081.7 -188.158
11028.6 -71.0004 11094 -210.288
11042.6 -86.6215 11109.1 -214.194
11056.1 -130.881 11123.2 -194.667
11070.3 -97.0355 11136.3 -193.365
11083.2 -95.7337 11149.7 -172.537
11097.2 -99.639 11164 -171.236
11110.3 -111.355 11178.6 -215.495
11125.2 -115.26 11191.1 -206.383
11138 -119.165 11205.7 -207.685
11152.6 -99.639 11220.6 -195.969
11166.3 -116.562 11232.5 -185.555
11180 -112.657 11247.4 -199.874
11194.6 -108.751 11261.7 -166.029
11207.5 -99.639 11274.9 -175.141
11220.3 -137.39 11288.3 -195.969
11235.2 -87.9232 11302.9 -150.407
11249.5 -125.674 11315.4 -181.65
11262.9 -95.7337 11330.6 -194.667
11276.6 -129.579 11343.7 -169.934
11290.3 -142.597 11359.2 -188.158
11304.9 -119.165 11371.7 -175.141
11317.8 -106.148 11385.5 -201.176
11332.6 -111.355 11400.3 -160.822
11345.8 -102.243 11413.2 -168.632
11359.5 -104.846 11427.2 -172.537
11373.5 -120.467 11441.5 -150.407
11387.5 -99.639 11454.9 -190.762
11401.5 -117.864 11468.9 -181.65
11414 -100.941 11482.6 -169.934
11428.6 -134.786 11496.9 -190.762
11442.9 -149.106 11510 -212.892
11455.8 -97.0355 11522.9 -179.046
11469.5 -112.657 11537.8 -171.236
11483.8 -115.26 11552.1 -167.33
11498.4 -67.0951 11564.3 -154.313
11510.6 -100.941 11579.2 -185.555
11526.1 -93.1302 11593.2 -210.288
11538.4 -108.751 11606.9 -158.218
11553 -164.727 11621 -181.65
11566.7 -142.597 11635 -190.762
11579.5 -116.562 11648.7 -195.969
11594.1 -132.183 11662.4 -192.064
11608.4 -74.9056 11676.7 -171.236
11621.5 -90.5267 11689.9 -182.951
11635.6 -86.6215 11704.4 -160.822
11649.3 -68.3969 11717.9 -194.667
11663.6 -125.674 11731.3 -198.572
11677.6 -99.639 11744.7 -203.779
11691.6 -102.243 11758.7 -232.418
11704.7 -121.769 11773.3 -190.762
11718.5 -124.372 11786.5 -166.029
11732.5 -89.225 11801.1 -181.65
11746.2 -102.243 11814.8 -160.822
11759.9 -98.3372 11828.5 -173.839
11774.5 -74.9056 11842.5 -177.744
11787.6 -110.053 11856 -171.236
11801.9 -93.1302 11869.7 -199.874
11814.8 -102.243 11883.4 -203.779
11828.2 -130.881 11897.7 -172.537
11842.8 -132.183 11912 -185.555
11857.1 -76.2074 11925.4 -166.029
11870.3 -99.639 11938.9 -198.572
11883.4 -76.2074 11953.2 -172.537
11898 -84.0179 11966.3 -136.088
11912.3 -85.3197 11980.4 -150.407
11925.2 -69.6986 11994.9 -190.762
11939.5 -71.0004 12008.7 -193.365
11953.2 -100.941 12023 -168.632
11966.6 -115.26 12035.8 -172.537
11980.6 -102.243 12049.8 -189.46
11994.4 -94.432 12063.3 -167.33
12008.4 -85.3197 12077.3 -151.709
12022.1 -61.8881 12092.2 -141.295
12035.5 -72.3021 12105.6 -149.106
12049.8 -77.5092 12118.5 -164.727
12063.6 -84.0179 12132.5 -188.158
12076.7 -69.6986 12146.2 -194.667
12090.7 -76.2074 12160.8 -166.029
12104.5 -81.4144 12174.9 -158.218
12119.6 -110.053 12188.6 -189.46
12131.9 -87.9232 12201.7 -156.916
12146.8 -69.6986 12215.8 -126.976
12159.4 -51.474 12229.5 -137.39
12174.3 -52.7758 12244.1 -149.106
12188 -39.7582 12257.2 -173.839
12201.1 -71.0004 12271.3 -179.046
12215.2 -43.6635 12284.7 -162.123
12229.5 -44.9653 12299.3 -180.348
12242.9 -11.1196 12312.7 -189.46
12256.6 -35.853 12326.5 -156.916
12271 -56.6811 12341.1 -166.029
12285 -41.06 12354.2 -155.615
12297.5 -2.00733 12367.7 -167.33
12312.2 -15.0249 12382.3 -150.407
12325.9 3.1997 12396 -195.969
12339.9 -46.267 12409.4 -177.744
12353.6 -3.30908 12423.2 -163.425
12368 -57.9828 12437.2 -185.555
12381.4 -37.1547 12451 -141.295
12394.3 -15.0249 12464.4 -146.502
12408 -4.61084 12478.4 -151.709
12422 -24.1372 12492.1 -160.822
12436.3 26.6313 12506.5 -151.709
12450.1 31.8383 12520.8 -149.106
12463.8 17.519 12533.9 -154.313
12477.5 17.519 12547.4 -139.993
12491.3 17.519 12562.6 -141.295
12505 44.8559 12575.7 -138.692
12519.6 9.70847 12589.2 -89.225
12532.5 18.8208 12603.2 -121.769
12546.5 56.5717 12617.2 -106.148
12561.1 60.4769 12631.3 -123.071
12574.6 80.0033 12645 -162.123
12587.7 73.4945 12659.3 -159.52
12602.3 63.0805 12673.4 -125.674
12615.2 73.4945 12686.5 -113.958
12628.9 91.7191 12701.4 -116.562
12643.8 64.3822 12714 -86.6215
12657 68.2875 12728.3 -73.6039
12670.4 77.3998 12742.4 -98.3372
12683.9 90.4173 12756.7 -110.053
12698.5 122.961 12769 -86.6215
12712.3 122.961 12783.3 -100.941
12726.3 117.754 12797.9 -111.355
12739.4 134.677 12812.2 -100.941
12753.2 121.659 12825.1 -86.6215
12767.5 160.712 12838.9 -64.4916
12780.7 135.979 12852.9 -80.1127
12794.4 124.263 12866.6 -80.1127
12808.7 181.54 12881.3 -77.5092
12822.8 175.031 12894.7 -78.8109
12836.5 178.937 12907.9 -78.8109
12850 202.368 12922.8 -73.6039
12864 188.049 12935.9 -57.9828
12877.1 182.842 12949.7 -46.267
12891.8 172.428 12963.4 -60.5863
12904.1 182.842 12978 -63.1898
12919 208.877 12992.1 -57.9828
12933.6 178.937 13004.1 -29.3442
12946.8 197.161 13019.3 -9.81786
12959.9 236.214 13032.7 -35.853
12974.2 246.628 13047.7 -16.3266
12988.9 249.232 13060.2 -16.3266
13001.2 246.628 13074.6 -16.3266
13015.8 253.137 13088.9 -24.1372
13029.8 279.172 13102.1 -16.3266
13043.6 245.326 13116.4 -13.7231
13057.3 240.119 13130.1 0.596186
13071.1 236.214 13143.6 -2.00733
13085.1 271.361 13157.6 34.4418
13098.3 280.474 13172.3 30.5366
13112.6 279.172 13185.7 26.6313
13125.5 296.095 13199.2 27.9331
13139.5 333.846 13212.9 57.8734
13153.5 286.982 13227 22.726
13167.3 323.432 13241 51.3647
13181.9 315.621 13255.4 56.5717
13195.4 319.526 13269.1 53.9682
13208.6 311.716 13281.7 70.891
13222.9 283.077 13296.6 90.4173
13236.1 345.561 13309.5 103.435
13251 333.846 13324.4 111.245
13264.7 374.2 13338.2 109.944
13278.2 388.519 13351.9 89.1156
13291.7 379.407 13365.1 115.151
13306 371.597 13379.7 104.737
13319.7 366.39 13393.2 137.281
13333.2 365.088 13407.2 96.9261
13347.8 389.821 13421.3 139.884
13360.4 365.088 13434.7 143.789
13374.8 383.312 13448.5 178.937
13387.6 421.063 13462.8 168.523
13401.7 423.667 13476.3 158.109
13415.7 400.235 13490.3 156.807
13429.8 457.512 13504.7 126.866
13444.4 424.969 13517 164.617
13457.6 448.4 13531.6 175.031
13471.3 408.046 13546.3 156.807
13484.5 392.425 13560.3 185.445
13498.3 410.649 13573.8 246.628
13512.9 413.253 13586.9 231.007
13526.6 453.607 13600.7 263.551
13539.5 462.719 13615.3 231.007
13553.6 512.186 13628.5 233.61
13568.2 508.281 13642.3 232.309
13581.4 484.849 13656 253.137
13595.4 464.021 13670.4 246.628
13610.1 491.358 13685 247.93
13623.8 458.814 13697.9 288.284
13636.7 488.755 13711.9 322.13
13650.5 491.358 13725.7 345.561
13664.5 540.825 13740.9 314.319
13678.6 560.351 13754.1 336.449
13691.7 564.256 13768.4 292.189
13706.4 557.748 13781.6 322.13
13719 590.291 13796 348.165
13733 518.695 13810.3 355.975
13747.4 503.074 13823.8 391.123
13760.5 526.505 13837.8 452.305
13774.3 546.032 13852.5 462.719
13788.4 577.274 13867.1 457.512
13802.1 635.853 13881.5 457.512
13815.3 644.965 13893.8 418.46
13829.6 620.232 13899 409.347
13844.9 634.551 13884.7 467.926
13856.9 543.428 13871.5 518.695
