7013.87 -262.358 7027.94 -201.176
7005.07 -166.029 7041.43 -242.832
7000.68 -186.857 7056.38 -206.383
7008.89 -186.857 7069.86 -227.211
7022.08 -164.727 7082.76 -203.779
7035.27 -190.762 7097.41 -222.004
7050.22 -142.597 7111.19 -206.383
7063.41 -188.158 7124.09 -143.899
7077.78 -147.804 7139.03 -194.667
7091.26 -132.183 7152.52 -199.874
7104.45 -151.709 7166.88 -195.969
7118.23 -142.597 7179.48 -223.306
7134.05 -173.839 7194.13 -190.762
7146.36 -175.141 7207.91 -218.099
7161.02 -179.046 7221.97 -181.65
7174.79 -160.822 7236.04 -216.797
7188.27 -176.443 7249.51 -193.365
7201.75 -172.537 7262.99 -210.288
7216.11 -185.555 7276.47 -208.986
7230.18 -162.123 7291.12 -188.158
7243.65 -156.916 7305.18 -199.874
7257.43 -177.744 7317.78 -197.271
7271.49 -173.839 7332.72 -223.306
7286.14 -206.383 7346.49 -219.401
7299.03 -160.822 7360.55 -205.081
7313.09 -159.52 7373.44 -216.797
7325.98 -186.857 7388.38 -214.194
7341.51 -153.011 7400.97 -220.702
7354.4 -171.236 7415.03 -195.969
7368.46 -133.485 7428.8 -190.762
7382.23 -128.278 7443.44 -177.744
7396.58 -149.106 7456.62 -199.874
7409.47 -166.029 7470.68 -231.116
7423.23 -150.407 7485.03 -181.65
7437.58 -162.123 7498.2 -193.365
7451.64 -182.951 7512.26 -193.365
7465.11 -145.2 7526.9 -195.969
7478.29 -163.425 7539.2 -176.443
7492.93 -160.822 7552.67 -194.667
7506.99 -158.218 7567.6 -207.685
7520.75 -142.597 7581.07 -203.779
7534.22 -168.632 7595.41 -188.158
7548.57 -154.313 7609.17 -160.822
7561.74 -166.029 7623.81 -172.537
7575.51 -151.709 7636.11 -173.839
7588.68 -146.502 7650.16 -186.857
7603.61 -154.313 7664.21 -175.141
7617.08 -120.467 7677.97 -133.485
7631.42 -155.615 7691.43 -179.046
7644.89 -124.372 7705.77 -181.65
7659.53 -160.822 7719.53 -195.969
7672.11 -155.615 7732.7 -147.804
7686.45 -145.2 7747.33 -159.52
7700.5 -137.39 7760.79 -162.123
7713.67 -91.8285 7774.26 -181.65
7728.31 -155.615 7788.01 -160.822
7742.36 -142.597 7802.64 -188.158
7754.94 -132.183 7816.39 -202.478
7769.28 -150.407 7829.85 -180.348
7783.33 -97.0355 7844.48 -154.313
7796.79 -153.011 7857.94 -154.313
7810.54 -117.864 7871.69 -141.295
7824.59 -137.39 7884.86 -125.674
7838.63 -156.916 7900.37 -185.555
7852.38 -166.029 7912.95 -133.485
7866.43 -137.39 7927.28 -181.65
7879.59 -120.467 7940.45 -159.52
7893.35 -162.123 7954.19 -176.443
7907.39 -150.407 7967.94 -147.804
7921.43 -128.278 7982.27 -188.158
7934.59 -158.218 7995.73 -164.727
7949.22 -189.46 8009.48 -132.183
7962.38 -158.218 8023.51 -177.744
7976.13 -133.485 8037.55 -156.916
7990.76 -139.993 8052.18 -143.899
8004.21 -106.148 8065.63 -169.934
8017.96 -141.295 8078.5 -168.632
8031.71 -133.485 8091.95 -173.839
8046.33 -134.786 8106.86 -151.709
8059.49 -160.822 8120.02 -175.141
8073.82 -179.046 8134.64 -158.218
8087.27 -121.769 8148.39 -116.562
8101.31 -119.165 8161.84 -153.011
8114.17 -164.727 8176.75 -169.934
8127.92 -124.372 8189.61 -155.615
8142.25 -134.786 8203.94 -142.597
8155.99 -142.597 8217.97 -167.33
8170.02 -120.467 8231.13 -180.348
8184.06 -138.692 8245.16 -182.951
8197.8 -162.123 8258.02 -179.046
8211.54 -155.615 8272.64 -169.934
8224.99 -147.804 8285.5 -167.33
8239.6 -136.088 8300.41 -180.348
8252.76 -136.088 8314.15 -181.65
8266.79 -150.407 8327.88 -179.046
8280.53 -116.562 8341.33 -156.916
8294.56 -138.692 8356.24 -145.2
8307.42 -117.864 8369.39 -150.407
8322.04 -124.372 8382.83 -171.236
8336.07 -150.407 8397.44 -192.064
8350.39 -150.407 8410.6 -215.495
8363.25 -147.804 8424.62 -199.874
8377.28 -141.295 8439.23 -194.667
8390.14 -136.088 8452.38 -167.33
8405.63 -147.804 8466.12 -197.271
8419.65 -166.029 8479.85 -193.365
8433.1 -156.916 8493.88 -218.099
8445.66 -139.993 8508.19 -184.253
8459.4 -103.544 8521.05 -172.537
8473.42 -169.934 8535.66 -192.064
8486.86 -130.881 8549.1 -158.218
8501.18 -139.993 8562.83 -205.081
8515.5 -162.123 8576.56 -182.951
8528.94 -159.52 8591.17 -216.797
8542.09 -119.165 8605.48 -205.081
8556.98 -133.485 8618.63 -218.099
8570.13 -102.243 8632.65 -206.383
8584.74 -137.39 8646.38 -203.779
8598.47 -128.278 8658.94 -222.004
8611.91 -158.218 8673.84 -203.779
8625.93 -141.295 8687.27 -203.779
8640.54 -142.597 8701 -223.306
8652.81 -143.899 8715.31 -216.797
8667.41 -150.407 8729.04 -228.513
8680.55 -117.864 8741.89 -251.944
8695.16 -116.562 8757.08 -225.909
8709.18 -139.993 8770.51 -197.271
8721.74 -137.39 8784.82 -194.667
8736.34 -150.407 8798.55 -168.632
8750.07 -104.846 8812.56 -156.916
8764.09 -143.899 8825.12 -194.667
8777.81 -153.011 8839.72 -222.004
8791.54 -139.993 8852.57 -199.874
8805.27 -128.278 8868.05 -215.495
8818.99 -147.804 8881.19 -205.081
8833.3 -128.278 8896.08 -206.383
8847.61 -132.183 8909.51 -189.46
8859.87 -112.657 8922.94 -208.986
8873.89 -149.106 8936.96 -169.934
8887.61 -162.123 8950.68 -169.934
8902.21 -117.864 8964.11 -181.65
8915.35 -121.769 8978.12 -211.59
8930.53 -134.786 8991.85 -215.495
8943.96 -107.45 9005.86 -236.323
8956.81 -129.579 9019.29 -227.211
8971.41 -126.976 9033.3 -223.306
8985.13 -166.029 9047.9 -182.951
8999.14 -149.106 9061.03 -188.158
9012.28 -129.579 9074.46 -153.011
9026 -124.372 9089.93 -175.141
9040.01 -163.425 9102.48 -214.194
9054.03 -121.769 9116.5 -207.685
9067.45 -117.864 9129.92 -237.625
9081.76 -145.2 9144.51 -206.383
9095.77 -121.769 9158.23 -223.306
9109.2 -158.218 9171.37 -214.194
9123.21 -154.313 9185.67 -206.383
9136.63 -158.218 9199.68 -169.934
9150.35 -141.295 9213.4 -210.288
9164.07 -126.976 9226.24 -202.478
9178.37 -130.881 9240.54 -175.141
9192.09 -110.053 9254.84 -212.892
9206.1 -123.071 9268.26 -237.625
9219.82 -124.372 9282.56 -210.288
9233.83 -136.088 9296.86 -216.797
9247.25 -124.372 9310.58 -193.365
9261.26 -160.822 9323.42 -223.306
9274.1 -142.597 9337.72 -215.495
9288.4 -108.751 9351.14 -184.253
9302.41 -141.295 9365.73 -194.667
9317 -137.39 9378.86 -190.762
9330.13 -139.993 9393.45 -205.081
9344.43 -107.45 9406.29 -218.099
9358.44 -137.39 9420.88 -203.779
9371.86 -134.786 9434.89 -215.495
9385.28 -115.26 9447.43 -169.934
9399.29 -128.278 9462.02 -199.874
9413.29 -134.786 9476.32 -198.572
9426.42 -112.657 9490.62 -195.969
9441.01 -121.769 9503.45 -199.874
9454.14 -106.148 9517.17 -218.099
9468.15 -121.769 9531.75 -214.194
9481.86 -98.3372 9545.18 -208.986
9496.45 -110.053 9558.89 -229.815
9510.46 -126.976 9573.77 -242.832
9523 -106.148 9587.19 -211.59
9536.71 -120.467 9600.02 -228.513
9551.01 -124.372 9614.9 -224.608
9564.72 -150.407 9628.61 -195.969
9578.14 -110.053 9642.91 -203.779
9593.02 -156.916 9656.03 -202.478
9606.73 -141.295 9670.04 -218.099
9620.15 -149.106 9683.17 -244.134
9633.86 -128.278 9697.17 -248.039
9647.87 -117.864 9711.46 -216.797
9660.99 -130.881 9725.17 -225.909
9675.58 -117.864 9739.17 -205.081
9689.58 -146.502 9753.47 -219.401
9703.29 -132.183 9766.3 -197.271
9717.3 -143.899 9780.59 -207.685
9731.01 -139.993 9794.89 -248.039
9743.55 -121.769 9809.18 -210.288
9757.26 -90.5267 9821.43 -220.702
9772.43 -136.088 9835.43 -215.495
9786.14 -142.597 9849.14 -215.495
9799.56 -142.597 9863.73 -211.59
9813.85 -137.39 9877.73 -202.478
9828.73 -158.218 9891.15 -206.383
9841.27 -169.934 9904.85 -171.236
9854.1 -111.355 9919.15 -201.176
9869.27 -112.657 9932.27 -211.59
9882.69 -133.485 9946.85 -193.365
9895.81 -133.485 9961.15 -208.986
9909.82 -115.26 9974.86 -168.632
9924.69 -124.372 9988.56 -195.969
9937.52 -103.544 10001.7 -214.194
9950.94 -113.958 10016 -182.951
9964.94 -112.657 10030 -195.969
9979.52 -124.372 10043.1 -198.572
9992.36 -134.786 10057.4 -193.365
10006.9 -90.5267 10071.7 -195.969
10020.4 -94.432 10084.5 -180.348
10034.1 -149.106 10099.1 -194.667
10048.3 -108.751 10112.2 -199.874
10061.8 -120.467 10126.5 -167.33
10075.8 -106.148 10140.8 -156.916
10089.5 -130.881 10153.9 -202.478
10104.1 -128.278 10167.6 -154.313
10116.9 -134.786 10181.9 -184.253
10131.2 -130.881 10194.8 -190.762
10144.3 -117.864 10209.3 -192.064
10158.9 -116.562 10222.5 -202.478
10172.3 -121.769 10236.8 -223.306
10186.3 -130.881 10251 -189.46
10199.4 -124.372 10265.1 -208.986
10213.7 -78.8109 10279 -180.348
10227.1 -106.148 10292.2 -156.916
10242 -121.769 10306.8 -216.797
10255.7 -130.881 10320.2 -202.478
10268.8 -145.2 10333.9 -202.478
10282.8 -98.3372 10348.2 -246.737
10296.3 -119.165 10361.9 -190.762
10309.7 -129.579 10375.3 -199.874
10324.5 -130.881 10389 -184.253
10338.8 -108.751 10403.3 -201.176
10351.7 -123.071 10417.6 -215.495
10365.4 -137.39 10431.3 -185.555
10379.7 -147.804 10443.8 -168.632
10391.9 -125.674 10458.1 -153.011
10407.4 -120.467 10472.4 -160.822
10421.1 -116.562 10486.4 -189.46
10434.8 -99.639 10499.8 -184.253
10448.2 -113.958 10514.1 -166.029
10461.9 -82.7162 10527.8 -163.425
10477.1 -116.562 10541 -201.176
10489.6 -128.278 10556.1 -171.236
10503.6 -76.2074 10569.2 -171.236
10518.5 -107.45 10582.9 -166.029
10531.9 -121.769 10596.9 -159.52
10544.4 -117.864 10610.9 -201.176
10559 -121.769 10624.1 -207.685
10573.9 -104.846 10638.4 -173.839
10586.1 -102.243 10651.5 -190.762
10600.1 -98.3372 10665.8 -162.123
10613.6 -102.243 10680.4 -190.762
10627.6 -106.148 10694.1 -169.934
10642.2 -124.372 10707.2 -184.253
10655.6 -130.881 10721.2 -173.839
10669.6 -111.355 10734.6 -175.141
10683.3 -116.562 10748.3 -158.218
10697 -120.467 10763.2 -202.478
10710.4 -102.243 10776.9 -158.218
10725 -99.639 10791.2 -147.804
10738.1 -112.657 10804.3 -189.46
10751.8 -102.243 10818 -156.916
10766.4 -117.864 10832 -162.123
10780.1 -110.053 10846.3 -182.951
10793.5 -138.692 10860 -169.934
10806.6 -141.295 10873.4 -168.632
10821.2 -102.243 10887.4 -160.822
10835.2 -107.45 10900.6 -162.123
10849.5 -141.295 10915.7 -169.934
10862.4 -98.3372 10929.2 -129.579
10875.8 -95.7337 10942.9 -173.839
10890.4 -108.751 10956.3 -156.916
10903.8 -123.071 10970.6 -155.615
10917.5 -136.088 10984 -163.425
10932.1 -126.976 10998 -182.951
10945.2 -128.278 11012.3 -212.892
10959.5 -90.5267 11025.7 -202.478
10973.2 -119.165 11038.8 -202.478
10988.1 -138.692 11052.5 -180.348
10999.2 -72.3021 11067.4 -192.064
11014.3 -95.7337 11080.9 -194.667
11028.3 -119.165 11094.8 -180.348
11041.8 -99.639 11108.3 -147.804
11056.1 -136.088 11122.3 -176.443
11069.8 -121.769 11136.6 -162.123
11083.2 -115.26 11149.4 -184.253
11098.4 -128.278 11164 -169.934
11111.5 -91.8285 11178.6 -177.744
11124.9 -123.071 11192 -159.52
11138.6 -98.3372 11205.7 -180.348
11152 -93.1302 11219.1 -176.443
11166.6 -111.355 11234 -214.194
11180.6 -100.941 11246.9 -177.744
11194.3 -120.467 11261.4 -168.632
11207.8 -129.579 11274.3 -180.348
11222 -81.4144 11288.9 -164.727
11235.2 -116.562 11303.8 -151.709
11248.6 -132.183 11316.6 -177.744
11263.8 -112.657 11329.1 -159.52
11276.9 -119.165 11344.9 -153.011
11290.3 -116.562 11358.6 -182.951
11305.2 -94.432 11372.6 -133.485
11318 -103.544 11385.7 -197.271
11331.5 -91.8285 11399.2 -246.737
11345.5 -116.562 11412.9 -208.986
11360.4 -94.432 11427.2 -197.271
11373.2 -85.3197 11441.5 -198.572
11387.5 -104.846 11454.9 -197.271
11400.9 -107.45 11468.6 -206.383
11414.9 -97.0355 11482.6 -205.081
11428.3 -102.243 11496.6 -198.572
11442.3 -91.8285 11509.5 -194.667
11456.6 -129.579 11522.9 -194.667
11469.8 -78.8109 11537.8 -201.176
11483.5 -106.148 11551.5 -190.762
11498.4 -126.976 11565.8 -189.46
11510.6 -123.071 11579.2 -210.288
11525.2 -110.053 11592.9 -198.572
11538.4 -97.0355 11606.9 -181.65
11553 -99.639 11621.3 -212.892
11566.4 -80.1127 11634.7 -212.892
11580.1 -110.053 11648.4 -186.857
11594.4 -106.148 11662.4 -185.555
11607.8 -81.4144 11676.4 -184.253
11622.1 -93.1302 11689.9 -189.46
11635.9 -73.6039 11703.9 -211.59
11649.6 -90.5267 11717.3 -193.365
11663.3 -84.0179 11731.6 -188.158
11676.7 -97.0355 11745 -222.004
11691.6 -94.432 11760.2 -210.288
11704.4 -65.7934 11773.6 -195.969
11719.6 -106.148 11786.8 -202.478
11732.5 -106.148 11801.4 -202.478
11746.5 -107.45 11814.8 -231.116
11759.6 -100.941 11827.9 -195.969
11773.6 -99.639 11842 -207.685
11787.9 -71.0004 11856.5 -186.857
11801.4 -103.544 11870.3 -202.478
11815.4 -103.544 11884.3 -181.65
11829.4 -74.9056 11897.1 -180.348
11843.4 -112.657 11910.9 -190.762
11857.1 -95.7337 11925.4 -169.934
11870.6 -94.432 11939.2 -173.839
11883.7 -112.657 11953.2 -159.52
11898 -91.8285 11966.6 -189.46
11912.3 -113.958 11980.4 -172.537
11924.9 -64.4916 11994.4 -186.857
11939.5 -86.6215 12008.7 -190.762
11953.2 -89.225 12022.1 -193.365
11966.9 -98.3372 12036.1 -175.141
11980.6 -67.0951 12050.7 -172.537
11994.4 -76.2074 12063.9 -206.383
12008.7 -93.1302 12077.9 -212.892
12022.1 -59.2846 12091.9 -210.288
12035.5 -38.4565 12105.1 -207.685
12049.3 -65.7934 12118.8 -208.986
12064.2 -73.6039 12133.4 -219.401
12076.4 -89.225 12146.5 -190.762
12091.3 -74.9056 12160.8 -222.004
12104.8 -77.5092 12174.6 -180.348
12118.8 -63.1898 12188 -163.425
12133.4 -65.7934 12202 -179.046
12145.4 -72.3021 12215.2 -160.822
12160 -63.1898 12230.4 -163.425
12173.4 -24.1372 12243.8 -180.348
12188 -38.4565 12258.4 -194.667
12200.9 -37.1547 12271.5 -186.857
12215.5 -33.2495 12285 -175.141
12229.5 -46.267 12299 -194.667
12242.9 -42.3617 12312.5 -186.857
12256.4 -17.6284 12326.2 -154.313
12270.1 -46.267 12341.1 -158.218
12285.3 -12.4214 12355.4 -149.106
12297.5 -38.4565 12368 -136.088
12311.3 -18.9302 12382.6 -176.443
12325 4.50145 12395.4 -168.632
12339.6 13.6137 12409.8 -194.667
12353.6 35.7436 12424.4 -156.916
12367.1 30.5366 12437.2 -146.502
12381.1 -17.6284 12451.2 -160.822
12395.1 9.70847 12465.6 -121.769
12408.6 16.2173 12479.3 -128.278
12422.3 33.1401 12492.7 -147.804
12434.9 40.9506 12506.5 -162.123
12449.2 34.4418 12519.9 -126.976
12463.8 55.2699 12533.6 -134.786
12477.8 70.891 12548.3 -137.39
12492.1 82.6068 12562.3 -126.976
12505.3 43.5541 12576 -145.2
12518.4 63.0805 12590.4 -160.822
12531.9 74.7963 12603.5 -108.751
12546.5 51.3647 12618.4 -136.088
12560.3 74.7963 12631.3 -125.674
12574 81.305 12645 -137.39
12588.6 56.5717 12659.6 -134.786
12601.8 103.435 12673.4 -128.278
12614.9 85.2103 12686.8 -138.692
12628.9 100.831 12700.9 -115.26
12643.5 90.4173 12715.2 -130.881
12656.7 70.891 12727.7 -121.769
12670.7 98.2279 12742.1 -100.941
12684.2 91.7191 12755.8 -136.088
12697.9 76.098 12770.4 -110.053
12712 107.34 12783.9 -108.751
12726 137.281 12797.6 -99.639
12740.3 158.109 12811.1 -123.071
12754.4 137.281 12824.5 -97.0355
12767.8 143.789 12839.1 -112.657
12781.2 158.109 12852.6 -63.1898
12795 165.919 12867.2 -86.6215
12809 143.789 12881 -72.3021
12823.1 128.168 12894.7 -76.2074
12835.9 159.41 12907.6 -59.2846
12850.5 165.919 12922.5 -103.544
12863.7 182.842 12936.5 -61.8881
12877.7 191.954 12950.3 -100.941
12891.8 219.291 12964 -56.6811
12904.9 185.445 12978.3 -67.0951
12919 180.238 12991.5 -56.6811
12933 186.747 13004.9 -31.9477
12946.5 202.368 13019.3 -25.4389
12960.8 172.428 13033.3 -12.4214
12975.1 202.368 13047.1 -44.9653
12987.7 191.954 13060.8 -42.3617
13001.7 232.309 13074.6 -52.7758
13014.9 247.93 13088.9 -34.5512
13030.1 253.137 13102.1 -9.81786
13043 268.758 13116.1 7.10496
13057.3 281.775 13130.1 11.0102
13070.8 262.249 13143.6 30.5366
13084.8 238.817 13157.9 18.8208
13099.4 231.007 13171.4 40.9506
13112.3 250.533 13185.1 38.3471
13126 238.817 13199.5 27.9331
13140.7 260.947 13213.8 4.50145
13154.4 279.172 13227.3 0.596186
13167.3 293.491 13241.3 34.4418
13181.1 275.267 13254.8 8.40672
13195.4 270.06 13268.8 46.1576
13208.8 271.361 13282.9 39.6489
13223.2 257.042 13296.3 78.7015
13236.4 267.456 13310.1 57.8734
13249.8 290.888 13324.1 39.6489
13264.1 280.474 13337.9 61.7787
13277.9 316.923 13352.2 66.9857
13292.2 336.449 13364.8 56.5717
13305.4 305.207 13379.1 90.4173
13320 315.621 13393.2 91.7191
13333.2 306.509 13407.2 130.772
13346.9 320.828 13421.3 95.6243
13360.7 281.775 13435 96.9261
13374.5 293.491 13449.1 122.961
13388.8 326.035 13463.1 80.0033
13402.3 341.656 13476.9 126.866
13415.7 393.726 13490.3 128.168
13428.9 385.916 13504.4 133.375
13443.5 380.709 13517.3 141.186
13456.7 384.614 13532.2 135.979
13471 368.993 13546 173.73
13484.8 370.295 13559.4 155.505
13498.5 362.484 13573.8 180.238
13512.6 348.165 13587.5 188.049
13526.6 368.993 13601.3 184.144
13540.1 380.709 13615 184.144
13553.6 391.123 13629.7 190.653
13568.2 397.632 13642.8 190.653
13582 432.779 13656 199.765
13595.7 418.46 13670.1 228.403
13609.8 434.081 13684.4 268.758
13622.6 413.253 13698.5 262.249
13636.4 408.046 13712.2 313.018
13650.8 401.537 13726 275.267
13664.5 434.081 13740.6 236.214
13677.7 441.891 13753.5 286.982
13690.9 460.116 13769 310.414
13706.1 486.151 13782.5 266.154
13720.1 486.151 13795.1 298.698
13732.7 441.891 13810 307.811
13747.7 482.246 13824.1 328.639
13761.1 473.134 13837.8 361.182
13774.3 451.004 13851.9 371.597
13788.4 479.642 13866.2 366.39
13802.1 477.039 13880.9 354.674
13815.6 496.565 13894.6 375.502
13829.6 480.944 13898.2 374.2
13843.7 529.109 13885 404.14
13858.6 469.228 13871.8 451.004
