7013.87 -190.762 7027.65 -203.779
7005.07 -171.236 7041.43 -218.099
7001.26 -169.934 7055.79 -246.737
7008.59 -167.33 7069.28 -276.678
7021.78 -168.632 7083.05 -270.169
7035.56 -156.916 7097.41 -270.169
7050.22 -184.253 7111.48 -270.169
7062.83 -133.485 7124.67 -238.927
7077.19 -145.2 7139.03 -251.944
7092.43 -154.313 7152.81 -244.134
7104.74 -138.692 7166.59 -246.737
7118.81 -160.822 7179.19 -244.134
7132.59 -139.993 7193.84 -210.288
7146.95 -136.088 7207.91 -228.513
7160.72 -125.674 7222.26 -264.962
7174.79 -128.278 7236.04 -250.643
7187.69 -154.313 7248.64 -242.832
7202.92 -150.407 7262.99 -262.358
7215.82 -163.425 7277.06 -231.116
7229.3 -138.692 7291.12 -229.815
7243.65 -146.502 7304.6 -225.909
7258.31 -173.839 7318.37 -233.72
7271.49 -159.52 7332.14 -266.264
7285.26 -124.372 7346.2 -245.436
7299.62 -190.762 7359.96 -229.815
7313.09 -156.916 7373.15 -210.288
7325.98 -126.976 7388.38 -222.004
7340.34 -108.751 7400.68 -206.383
7354.98 -137.39 7415.32 -228.513
7367.87 -150.407 7428.8 -214.194
7381.35 -130.881 7442.56 -219.401
7395.99 -132.183 7456.62 -235.022
7410.05 -143.899 7470.68 -240.229
7424.11 -121.769 7484.15 -245.436
7438.17 -141.295 7497.62 -212.892
7451.06 -160.822 7511.67 -215.495
7465.99 -156.916 7526.32 -251.944
7479.17 -113.958 7538.91 -231.116
7492.64 -179.046 7553.55 -201.176
7507.28 -164.727 7567.6 -195.969
7520.46 -143.899 7581.07 -212.892
7535.1 -138.692 7594.83 -198.572
7547.98 -193.365 7608.88 -241.53
7562.04 -142.597 7622.05 -223.306
7575.8 -159.52 7635.81 -216.797
7589.56 -166.029 7650.74 -218.099
7603.32 -125.674 7664.5 -194.667
7616.79 -175.141 7679.14 -189.46
7631.72 -120.467 7691.72 -205.081
7645.77 -129.579 7706.06 -242.832
7658.06 -120.467 7718.65 -214.194
7672.11 -153.011 7733.58 -218.099
7686.75 -126.976 7747.33 -189.46
7699.92 -113.958 7761.38 -219.401
7713.97 -154.313 7775.43 -225.909
7728.31 -129.579 7788.3 -202.478
7741.48 -123.071 7804.1 -219.401
7755.53 -129.579 7816.69 -190.762
7769.87 -141.295 7829.56 -189.46
7783.33 -130.881 7844.48 -229.815
7797.37 -138.692 7857.65 -220.702
7810.25 -173.839 7871.4 -220.702
7824 -134.786 7885.74 -192.064
7838.92 -155.615 7899.49 -207.685
7852.09 -134.786 7913.24 -228.513
7865.84 -139.993 7926.4 -232.418
7879.01 -132.183 7940.74 -215.495
7893.64 -150.407 7954.49 -190.762
7907.39 -133.485 7968.23 -199.874
7920.55 -133.485 7982.27 -189.46
7935.18 -132.183 7996.61 -222.004
7948.93 -139.993 8009.18 -186.857
7962.68 -120.467 8023.51 -212.892
7976.72 -138.692 8037.26 -205.081
7990.17 -134.786 8051.01 -210.288
8004.21 -142.597 8064.46 -201.176
8018.25 -121.769 8078.79 -184.253
8031.12 -153.011 8092.24 -231.116
8045.16 -138.692 8106.57 -185.555
8059.78 -149.106 8121.48 -220.702
8073.23 -117.864 8134.06 -249.341
8087.86 -142.597 8148.68 -229.815
8101.6 -160.822 8161.25 -237.625
8114.17 -121.769 8176.75 -220.702
8128.5 -189.46 8189.61 -229.815
8142.83 -156.916 8203.65 -248.039
8156.28 -139.993 8216.8 -236.323
8170.61 -169.934 8230.84 -215.495
8183.76 -134.786 8245.16 -232.418
8197.8 -137.39 8259.78 -214.194
8210.95 -124.372 8273.51 -225.909
8225.57 -155.615 8286.09 -236.323
8239.6 -111.355 8300.7 -231.116
8254.22 -115.26 8314.73 -231.116
8266.79 -138.692 8327.88 -218.099
8280.24 -151.709 8341.04 -210.288
8295.15 -142.597 8356.24 -245.436
8307.72 -111.355 8369.68 -223.306
8321.16 -130.881 8384 -242.832
8336.07 -124.372 8397.44 -271.471
8348.93 -154.313 8411.47 -262.358
8362.96 -143.899 8424.33 -251.944
8377.28 -138.692 8439.23 -279.281
8391.6 -169.934 8452.38 -245.436
8404.75 -145.2 8466.7 -249.341
8418.78 -163.425 8479.85 -207.685
8433.1 -129.579 8493.29 -244.134
8445.95 -159.52 8508.19 -253.246
8459.4 -166.029 8521.93 -262.358
8473.72 -136.088 8535.66 -290.997
8488.03 -100.941 8549.39 -305.316
8500.89 -124.372 8563.41 -267.565
8515.5 -125.674 8576.27 -253.246
8528.94 -110.053 8591.46 -270.169
8543.55 -137.39 8603.73 -223.306
8556.11 -138.692 8618.33 -250.643
8570.42 -129.579 8631.77 -288.394
8583.28 -166.029 8647.26 -259.755
8598.47 -163.425 8660.11 -283.187
8612.2 -143.899 8673.55 -245.436
8625.93 -98.3372 8688.15 -287.092
8639.08 -139.993 8701.58 -228.513
8653.68 -146.502 8714.73 -224.608
8668.29 -141.295 8729.04 -218.099
8682.01 -145.2 8742.47 -220.702
8694.28 -139.993 8757.37 -245.436
8709.47 -134.786 8771.1 -263.66
8722.32 -125.674 8784.53 -285.79
8736.34 -160.822 8798.84 -259.755
8749.78 -143.899 8812.27 -238.927
8764.38 -133.485 8825.12 -236.323
8777.52 -129.579 8840.6 -216.797
8791.54 -146.502 8853.16 -249.341
8805.56 -149.106 8866.3 -235.022
8818.99 -164.727 8881.48 -231.116
8833.3 -129.579 8895.5 -211.59
8847.9 -120.467 8909.51 -250.643
8860.75 -120.467 8923.82 -246.737
8874.18 -108.751 8936.37 -246.737
8888.49 -124.372 8951.85 -258.453
8902.21 -129.579 8964.4 -231.116
8915.64 -139.993 8978.41 -211.59
8929.66 -121.769 8991.85 -188.158
8943.09 -147.804 9007.02 -210.288
8956.81 -173.839 9018.99 -203.779
8971.12 -117.864 9033.59 -198.572
8984.84 -98.3372 9046.73 -248.039
8998.27 -128.278 9061.61 -214.194
9012.86 -151.709 9074.75 -223.306
9026.88 -146.502 9088.76 -212.892
9040.01 -163.425 9101.9 -197.271
9054.32 -137.39 9116.2 -208.986
9067.75 -136.088 9130.21 -194.667
9081.47 -150.407 9144.22 -248.039
9095.19 -100.941 9158.82 -229.815
9108.9 -129.579 9172.53 -238.927
9122.62 -126.976 9185.67 -232.418
9136.93 -146.502 9199.68 -218.099
9150.35 -136.088 9213.69 -224.608
9165.24 -168.632 9226.82 -215.495
9178.95 -133.485 9241.12 -212.892
9191.51 -162.123 9254.84 -245.436
9205.51 -126.976 9269.14 -189.46
9220.69 -151.709 9282.27 -197.271
9232.95 -156.916 9296.28 -224.608
9246.96 -163.425 9310.58 -251.944
9261.26 -130.881 9324 -208.986
9275.27 -150.407 9337.72 -228.513
9289.27 -141.295 9351.14 -185.555
9302.41 -137.39 9365.15 -237.625
9317 -171.236 9379.45 -197.271
9330.42 -149.106 9393.74 -218.099
9343.55 -138.692 9406.58 -188.158
9358.73 -151.709 9421.47 -172.537
9371.28 -155.615 9434.59 -189.46
9385.57 -141.295 9448.31 -215.495
9398.7 -145.2 9462.02 -232.418
9413.29 -129.579 9477.19 -188.158
9426.72 -110.053 9491.2 -220.702
9440.72 -143.899 9503.16 -219.401
9453.85 -149.106 9517.75 -216.797
9468.44 -149.106 9531.46 -211.59
9482.15 -117.864 9545.47 -225.909
9496.16 -143.899 9558.59 -201.176
9509.58 -142.597 9573.18 -211.59
9523 -136.088 9587.19 -192.064
9538.17 -137.39 9600.9 -233.72
9551.88 -160.822 9614.61 -207.685
9564.72 -134.786 9627.74 -205.081
9579.31 -163.425 9642.91 -194.667
9593.02 -113.958 9656.03 -182.951
9605.86 -119.165 9669.45 -205.081
9619.86 -166.029 9683.17 -181.65
9633.86 -164.727 9697.75 -212.892
9647.87 -151.709 9712.05 -215.495
9661.29 -133.485 9724.88 -171.236
9675 -147.804 9739.17 -160.822
9689.29 -116.562 9752.59 -231.116
9702.42 -119.165 9767.18 -199.874
9717.59 -149.106 9780.59 -202.478
9730.13 -133.485 9794.6 -227.211
9744.13 -149.106 9808.6 -197.271
9757.84 -143.899 9821.72 -179.046
9772.43 -142.597 9835.43 -199.874
9785.56 -130.881 9849.43 -198.572
9799.56 -123.071 9863.73 -197.271
9813.26 -133.485 9877.15 -194.667
9826.98 -133.485 9891.44 -188.158
9840.69 -173.839 9905.44 -210.288
9854.68 -175.141 9918.86 -193.365
9868.69 -145.2 9932.27 -167.33
9882.1 -128.278 9947.15 -180.348
9896.1 -151.709 9960.27 -184.253
9910.98 -141.295 9973.69 -177.744
9923.81 -145.2 9988.56 -141.295
9938.4 -146.502 10001.1 -167.33
9951.23 -153.011 10015.4 -173.839
9965.23 -138.692 10030 -163.425
9978.36 -136.088 10043.1 -167.33
9993.23 -139.993 10056.8 -201.176
10007.2 -177.744 10070.8 -198.572
10020.6 -117.864 10084.8 -198.572
10034.1 -155.615 10098.2 -175.141
10048.6 -147.804 10112.2 -177.744
10062.9 -146.502 10127.1 -181.65
10075.8 -141.295 10140.5 -198.572
10088.9 -141.295 10153.6 -235.022
10103.2 -119.165 10167.6 -188.158
10117.8 -175.141 10182.8 -223.306
10130.3 -129.579 10195.9 -218.099
10144.6 -173.839 10209.6 -206.383
10159.2 -108.751 10223.3 -207.685
10172.6 -145.2 10237.3 -212.892
10186 -154.313 10250.5 -180.348
10199.1 -145.2 10264.5 -201.176
10213.4 -128.278 10278.8 -193.365
10227.4 -150.407 10291.9 -224.608
10242.3 -160.822 10305.6 -236.323
10254.5 -129.579 10320.2 -208.986
10269.1 -117.864 10333.9 -231.116
10282.8 -128.278 10347.3 -224.608
10296.3 -108.751 10362.5 -199.874
10311.4 -133.485 10375.3 -195.969
10324 -124.372 10389.3 -212.892
10338.3 -112.657 10403.3 -212.892
10352 -159.52 10417 -219.401
10366 -133.485 10430.7 -240.229
10378.8 -158.218 10444.7 -210.288
10392.8 -151.709 10458.1 -198.572
10407.7 -130.881 10472.4 -198.572
10421.4 -151.709 10486.7 -228.513
10434.8 -156.916 10499 -169.934
10447.9 -136.088 10514.1 -215.495
10462.2 -154.313 10527.2 -181.65
10476.5 -132.183 10542.1 -188.158
10489.9 -125.674 10555.8 -223.306
10504.8 -137.39 10568.9 -218.099
10517.9 -136.088 10583.5 -201.176
10531.3 -147.804 10597.2 -212.892
10545 -120.467 10609.8 -203.779
10557.9 -119.165 10624.4 -199.874
10573.3 -111.355 10638.4 -208.986
10586.4 -113.958 10651.5 -214.194
10600.4 -155.615 10666.4 -205.081
10613.9 -130.881 10680.1 -210.288
10627.3 -145.2 10693.8 -225.909
10641.3 -159.52 10706.6 -208.986
10655.9 -158.218 10721.2 -210.288
10669.3 -130.881 10736.4 -222.004
10683.6 -147.804 10749.2 -229.815
10696.7 -155.615 10762.3 -205.081
10711.6 -159.52 10776.6 -190.762
10724.7 -138.692 10790.9 -203.779
10738.1 -145.2 10804.3 -203.779
10752.7 -167.33 10818.3 -224.608
10765.2 -107.45 10832 -220.702
10780.4 -130.881 10845.4 -195.969
10793.8 -139.993 10859.4 -195.969
10808.1 -151.709 10874 -195.969
10820.9 -133.485 10887.7 -195.969
10835.2 -134.786 10900.9 -185.555
10848.1 -141.295 10915.2 -227.211
10862.4 -142.597 10929.2 -228.513
10875.8 -134.786 10942.3 -216.797
10890.1 -113.958 10956.9 -214.194
10904.7 -137.39 10970.3 -222.004
10917.2 -156.916 10985.2 -188.158
10931.2 -146.502 10998.3 -202.478
10946.1 -133.485 11011.7 -158.218
10958.6 -124.372 11026 -208.986
10973.2 -177.744 11039.7 -180.348
10986.9 -133.485 11053.1 -167.33
11000.3 -150.407 11067.1 -173.839
11014 -116.562 11081.4 -186.857
11028.6 -139.993 11094.6 -195.969
11042 -143.899 11108.3 -193.365
11055.5 -142.597 11123.2 -182.951
11069.8 -179.046 11136.9 -180.348
11083.8 -173.839 11150 -190.762
11097.5 -132.183 11163.7 -212.892
11110.6 -139.993 11178.6 -198.572
11124.3 -121.769 11191.7 -208.986
11139.2 -121.769 11205.4 -205.081
11152.3 -119.165 11219.7 -188.158
11166 -132.183 11233.4 -232.418
11180.6 -156.916 11247.7 -192.064
11193.8 -133.485 11261.2 -212.892
11208.3 -147.804 11275.7 -182.951
11221.8 -180.348 11288.9 -214.194
11235.8 -151.709 11302 -216.797
11248.3 -137.39 11316.9 -214.194
11262.6 -154.313 11330.3 -201.176
11277.2 -138.692 11344 -180.348
11290 -123.071 11357.7 -236.323
11305.5 -116.562 11371.7 -218.099
11318.3 -103.544 11385.2 -211.59
11332.1 -120.467 11399.5 -220.702
11346 -141.295 11413.2 -219.401
11359.5 -143.899 11427.2 -205.081
11373.2 -145.2 11441.8 -232.418
11386.9 -124.372 11454.6 -216.797
11400.3 -146.502 11468.9 -177.744
11415.2 -106.148 11482.6 -218.099
11428.3 -123.071 11496.6 -220.702
11442.9 -137.39 11509.8 -240.229
11456.1 -137.39 11523.8 -237.625
11469.8 -150.407 11537.5 -216.797
11482.9 -129.579 11551.5 -238.927
11497.8 -141.295 11565.5 -206.383
11511.8 -141.295 11579.8 -242.832
11524.1 -119.165 11593.8 -237.625
11539.8 -129.579 11606.7 -242.832
11553.3 -136.088 11620.1 -205.081
11566.7 -102.243 11635 -224.608
11579.8 -103.544 11649 -207.685
11595 -123.071 11662.1 -222.004
11607.8 -119.165 11676.1 -211.59
11622.1 -125.674 11689.9 -250.643
11636.1 -129.579 11703 -224.608
11649.6 -133.485 11717.9 -220.702
11663 -162.123 11732.2 -222.004
11677.3 -133.485 11745.6 -224.608
11690.4 -113.958 11759 -216.797
11704.1 -142.597 11773.3 -241.53
11718.5 -126.976 11786.5 -268.867
11732.2 -87.9232 11800.2 -283.187
11745.3 -113.958 11814.2 -266.264
11760.2 -124.372 11828.5 -251.944
11773.3 -124.372 11842 -262.358
11787.9 -129.579 11856.8 -254.548
11800.8 -119.165 11870.3 -292.299
11814.8 -132.183 11883.1 -264.962
11828.8 -125.674 11897.4 -271.471
11842.2 -134.786 11912 -249.341
11856.5 -129.579 11925.7 -254.548
11870.6 -123.071 11938.3 -281.885
11884.6 -141.295 11952.9 -259.755
11897.4 -132.183 11966.3 -241.53
11912.6 -134.786 11980.6 -264.962
11925.7 -112.657 11994.1 -258.453
11939.2 -126.976 12008.1 -231.116
11952.9 -81.4144 12022.4 -254.548
11967.2 -102.243 12035.8 -207.685
11980.4 -56.6811 12050.4 -237.625
11994.7 -106.148 12063.9 -254.548
12008.7 -128.278 12077.6 -268.867
12022.4 -91.8285 12091.9 -271.471
12035.3 -87.9232 12105.3 -262.358
12049.8 -107.45 12119.9 -241.53
12063 -89.225 12133.1 -224.608
12077.3 -107.45 12146.8 -218.099
12091 -95.7337 12160.3 -228.513
12105.3 -84.0179 12174.6 -229.815
12118.8 -91.8285 12188.3 -218.099
12132.2 -71.0004 12201.7 -236.323
12146.2 -54.0776 12216 -245.436
12160.3 -56.6811 12230.1 -215.495
12174 -98.3372 12244.1 -203.779
12187.7 -87.9232 12257.8 -206.383
12202.3 -43.6635 12271.5 -192.064
12214.9 -52.7758 12285.9 -180.348
12228.9 -73.6039 12299.3 -203.779
12243.5 -56.6811 12312.5 -188.158
12256.6 -39.7582 12327.3 -219.401
12270.1 -12.4214 12341.1 -222.004
12284.7 -52.7758 12354.8 -246.737
12298.7 -44.9653 12369.1 -242.832
12312.5 -29.3442 12382.9 -203.779
12325.9 -54.0776 12395.4 -214.194
12339.6 -28.0424 12410 -153.011
12353.4 -18.9302 12423.2 -155.615
12367.4 -12.4214 12437.5 -188.158
12380.5 -33.2495 12451.2 -151.709
12394.6 -12.4214 12465.6 -156.916
12408.3 -29.3442 12479.9 -197.271
12422 5.80321 12492.7 -205.081
12436.3 22.726 12506.8 -180.348
12449.8 20.1225 12520.8 -171.236
12464.7 12.312 12534.2 -177.744
12478.1 1.89794 12548.6 -145.2
12491.9 25.3295 12562.9 -147.804
12505.3 39.6489 12576 -145.2
12519.3 33.1401 12588.6 -158.218
12533.1 61.7787 12603.5 -201.176
12546.2 72.1928 12617.2 -169.934
12560.5 57.8734 12631.6 -176.443
12574 63.0805 12645.3 -160.822
12588 64.3822 12659.3 -132.183
12601.5 70.891 12672.5 -138.692
12615.5 66.9857 12686.5 -142.597
12628.9 60.4769 12700.9 -136.088
12643.3 85.2103 12714.9 -128.278
12657.3 61.7787 12728.3 -134.786
12670.1 108.642 12741.5 -128.278
12684.5 93.0208 12755.5 -159.52
12698.2 86.5121 12768.7 -138.692
12712.5 70.891 12783.9 -111.355
12726.3 95.6243 12798.5 -132.183
12739.7 94.3226 12811.1 -73.6039
12753.8 87.8138 12824.2 -73.6039
12766.3 94.3226 12840 -95.7337
12781.2 113.849 12852.6 -86.6215
12795.6 115.151 12866.6 -113.958
12808.7 145.091 12880.7 -150.407
12822.8 132.074 12894.4 -102.243
12835.3 147.695 12909 -76.2074
12850.3 138.582 12922.8 -100.941
12864 171.126 12936.2 -65.7934
12877.4 141.186 12950.9 -87.9232
12891.8 143.789 12963.1 -65.7934
12905.2 159.41 12977.5 -67.0951
12920.1 169.824 12991.8 -117.864
12933.6 195.86 13004.7 -90.5267
12946.2 177.635 13019.6 -64.4916
12960.2 216.688 13033.6 -60.5863
12975.1 214.084 13046.5 -60.5863
12988.6 203.67 13060.5 -43.6635
13001.4 163.316 13074.9 -48.8705
13015.2 181.54 13088.3 -29.3442
13029.5 151.6 13101.8 -16.3266
13043 215.386 13116.1 -30.646
13057.9 219.291 13130.4 -21.5337
13070.5 228.403 13144.5 -35.853
13085.7 254.439 13157.1 -51.474
13098.8 202.368 13172.3 -18.9302
13112.6 238.817 13185.1 3.1997
13126.3 237.516 13198.3 -15.0249
13140.1 198.463 13213.5 7.10496
13153.5 225.8 13227 13.6137
13167.3 283.077 13240.7 -16.3266
13181.6 250.533 13255.1 0.596186
13195.7 268.758 13268.8 -24.1372
13209.4 260.947 13282 -4.61084
13222.9 264.853 13295.5 4.50145
13236.9 255.74 13311 22.726
13249.8 253.137 13324.4 46.1576
13264.1 250.533 13338.8 74.7963
13277.3 231.007 13351.6 68.2875
13291.9 288.284 13366.3 44.8559
13306 294.793 13380 39.6489
13318.6 303.905 13393.8 38.3471
13333.2 294.793 13406.9 39.6489
13347.2 332.544 13421.3 73.4945
13361.3 344.26 13434.7 65.684
13373.9 341.656 13448.8 78.7015
13388.5 290.888 13462.8 77.3998
13401.7 314.319 13476 76.098
13416.6 301.302 13490.3 145.091
13429.8 275.267 13504.7 111.245
13444.4 326.035 13517.3 98.2279
13457 348.165 13532.2 89.1156
13471 335.147 13545.4 106.038
13486 328.639 13559.7 87.8138
13498.3 336.449 13573.2 111.245
13512 329.94 13587.2 130.772
13526.4 353.372 13601.6 134.677
13540.7 358.579 13615.3 134.677
13553.3 333.846 13629.1 182.842
13567.6 328.639 13642.8 178.937
13581.7 361.182 13656.6 167.221
13594.8 371.597 13669.8 163.316
13609.5 389.821 13685.9 177.635
13623.5 375.502 13698.8 147.695
13637.9 423.667 13712.2 208.877
13650.2 398.933 13726.9 212.782
13663.6 417.158 13740 215.386
13678.6 375.502 13754.4 241.421
13692.3 387.218 13767.6 253.137
13706.7 400.235 13782.2 229.705
13719.8 389.821 13796 253.137
13733.6 418.46 13810.6 268.758
13747.1 456.211 13823.5 259.646
13761.7 434.081 13839.3 286.982
13774.9 465.323 13852.2 284.379
13788.1 451.004 13865.9 286.982
13802.4 456.211 13881.2 314.319
13815.9 434.081 13893.5 327.337
13829.1 458.814 13898.5 362.484
13843.7 427.572 13885.6 395.028
13858.3 410.649 13870.6 405.442
