7014.16 -207.685 7027.94 -199.874
7004.19 -117.864 7042.6 -184.253
7001.85 -133.485 7055.79 -216.797
7008.59 -154.313 7069.86 -225.909
7021.49 -168.632 7083.05 -207.685
7035.86 -99.639 7097.71 -229.815
7049.93 -133.485 7111.19 -222.004
7062.83 -119.165 7124.67 -182.951
7077.48 -181.65 7138.74 -210.288
7092.14 -160.822 7152.52 -223.306
7104.74 -125.674 7166 -206.383
7119.4 -137.39 7180.65 -193.365
7133.76 -150.407 7194.72 -227.211
7146.66 -142.597 7207.61 -206.383
7161.02 -128.278 7221.38 -179.046
7173.91 -147.804 7235.74 -210.288
7188.56 -149.106 7248.93 -215.495
7202.92 -130.881 7263.58 -203.779
7215.52 -141.295 7277.06 -222.004
7229.88 -155.615 7291.41 -194.667
7243.07 -120.467 7304.01 -216.797
7257.43 -138.692 7318.95 -179.046
7271.78 -128.278 7331.84 -208.986
7284.97 -163.425 7346.2 -246.737
7300.2 -137.39 7359.96 -235.022
7312.51 -112.657 7374.02 -188.158
7326.86 -128.278 7387.5 -195.969
7341.51 -141.295 7401.56 -215.495
7354.98 -158.218 7415.03 -195.969
7369.05 -153.011 7429.68 -189.46
7383.1 -120.467 7443.15 -210.288
7395.41 -126.976 7457.21 -176.443
7410.05 -162.123 7469.8 -193.365
7423.82 -145.2 7484.44 -222.004
7437.29 -166.029 7497.91 -222.004
7450.76 -125.674 7511.67 -225.909
7465.41 -137.39 7525.73 -222.004
7479.17 -136.088 7539.2 -248.039
7492.35 -125.674 7553.55 -202.478
7507.28 -154.313 7567.01 -197.271
7520.17 -143.899 7580.48 -195.969
7534.81 -138.692 7594.83 -182.951
7547.98 -158.218 7609.17 -205.081
7563.21 -151.709 7622.05 -220.702
7575.8 -137.39 7636.69 -207.685
7589.85 -128.278 7650.45 -220.702
7603.9 -115.26 7664.5 -231.116
7617.08 -133.485 7678.26 -228.513
7631.13 -133.485 7692.01 -205.081
7644.6 -107.45 7706.06 -195.969
7658.35 -113.958 7718.94 -184.253
7672.7 -113.958 7732.99 -185.555
7686.45 -142.597 7746.45 -208.986
7701.38 -113.958 7760.5 -205.081
7713.38 -158.218 7775.43 -205.081
7728.02 -106.148 7788.3 -198.572
7742.36 -145.2 7802.06 -214.194
7754.65 -116.562 7815.81 -180.348
7768.7 -107.45 7829.85 -211.59
7783.62 -143.899 7844.48 -207.685
7797.37 -158.218 7858.53 -169.934
7810.54 -133.485 7871.4 -194.667
7824 -145.2 7885.45 -198.572
7838.92 -156.916 7899.49 -201.176
7851.8 -134.786 7912.07 -195.969
7866.43 -143.899 7927.28 -208.986
7879.3 -149.106 7939.57 -211.59
7894.22 -117.864 7954.49 -215.495
7907.1 -129.579 7968.82 -208.986
7921.43 -108.751 7981.98 -175.141
7935.18 -115.26 7996.31 -164.727
7948.64 -104.846 8010.35 -189.46
7962.68 -137.39 8023.51 -182.951
7977.01 -104.846 8037.26 -190.762
7990.17 -162.123 8051.3 -207.685
8004.5 -125.674 8065.05 -205.081
8017.96 -138.692 8078.79 -215.495
8032 -111.355 8093.12 -190.762
8046.62 -150.407 8106.28 -179.046
8059.78 -89.225 8121.19 -203.779
8073.53 -107.45 8133.77 -190.762
8087.27 -117.864 8148.39 -241.53
8101.6 -123.071 8162.71 -220.702
8115.05 -133.485 8176.16 -227.211
8128.5 -113.958 8189.03 -176.443
8141.66 -137.39 8203.65 -202.478
8156.28 -112.657 8216.51 -143.899
8170.02 -125.674 8231.13 -184.253
8184.06 -117.864 8245.16 -208.986
8197.51 -149.106 8259.19 -180.348
8210.95 -94.432 8273.22 -208.986
8225.28 -112.657 8286.09 -206.383
8239.31 -162.123 8300.99 -202.478
8252.76 -133.485 8313.85 -229.815
8267.08 -137.39 8328.47 -207.685
8280.53 -110.053 8341.62 -211.59
8295.44 -138.692 8355.94 -189.46
8308.01 -128.278 8368.8 -168.632
8321.75 -98.3372 8383.12 -197.271
8335.78 -164.727 8396.86 -182.951
8349.8 -142.597 8412.93 -199.874
8363.83 -133.485 8424.33 -180.348
8377.57 -123.071 8439.52 -215.495
8391.6 -136.088 8452.97 -190.762
8404.75 -136.088 8465.83 -224.608
8418.78 -116.562 8479.56 -169.934
8432.22 -95.7337 8494.17 -190.762
8445.95 -100.941 8508.49 -186.857
8459.98 -117.864 8521.05 -155.615
8474.01 -126.976 8535.37 -163.425
8487.16 -104.846 8548.81 -194.667
8501.18 -124.372 8563.12 -155.615
8515.2 -145.2 8577.14 -199.874
8528.65 -141.295 8591.46 -206.383
8542.96 -95.7337 8605.19 -190.762
8557.57 -129.579 8618.92 -177.744
8571.59 -91.8285 8632.94 -149.106
8584.45 -130.881 8646.67 -167.33
8598.47 -130.881 8658.94 -167.33
8612.2 -155.615 8674.42 -215.495
8626.22 -113.958 8687.86 -184.253
8639.66 -138.692 8701.29 -192.064
8653.39 -84.0179 8714.44 -202.478
8667.12 -119.165 8729.33 -212.892
8681.14 -141.295 8743.35 -231.116
8695.16 -129.579 8756.78 -171.236
8708.89 -115.26 8770.22 -181.65
8722.91 -119.165 8784.53 -206.383
8736.05 -136.088 8798.84 -202.478
8750.07 -137.39 8811.98 -207.685
8764.38 -115.26 8825.41 -182.951
8777.81 -154.313 8840.01 -182.951
8791.83 -121.769 8853.16 -199.874
8805.56 -146.502 8867.76 -246.737
8819.87 -116.562 8881.19 -189.46
8832.72 -77.5092 8894.91 -184.253
8847.32 -119.165 8908.93 -207.685
8860.45 -104.846 8923.23 -192.064
8873.6 -136.088 8936.37 -179.046
8887.9 -116.562 8950.97 -206.383
8902.21 -108.751 8964.4 -199.874
8915.93 -126.976 8978.12 -210.288
8930.24 -141.295 8991.85 -206.383
8943.96 -137.39 9006.15 -190.762
8957.39 -124.372 9019.87 -207.685
8971.7 -115.26 9033.01 -194.667
8985.13 -125.674 9047.02 -199.874
8998.27 -106.148 9061.03 -203.779
9012.57 -132.183 9075.04 -197.271
9025.71 -134.786 9088.76 -195.969
9040.6 -125.674 9103.36 -197.271
9054.03 -97.0355 9115.91 -176.443
9067.45 -126.976 9130.21 -194.667
9081.76 -116.562 9144.22 -203.779
9095.19 -126.976 9158.23 -180.348
9108.61 -106.148 9171.66 -180.348
9123.5 -113.958 9185.96 -164.727
9137.22 -73.6039 9199.09 -203.779
9150.06 -139.993 9213.98 -202.478
9164.07 -104.846 9226.24 -179.046
9178.66 -108.751 9240.83 -159.52
9191.8 -91.8285 9255.71 -208.986
9205.81 -145.2 9267.97 -201.176
9220.11 -93.1302 9281.98 -181.65
9233.53 -102.243 9296.86 -189.46
9247.83 -147.804 9309.7 -167.33
9262.14 -103.544 9322.83 -185.555
9274.97 -126.976 9337.43 -190.762
9288.98 -126.976 9350.26 -194.667
9302.12 -87.9232 9365.44 -175.141
9317 -136.088 9379.15 -189.46
9329.25 -120.467 9393.16 -198.572
9343.55 -132.183 9406.88 -223.306
9359.02 -104.846 9421.17 -173.839
9372.44 -111.355 9434.89 -168.632
9385.28 -124.372 9448.6 -192.064
9399.29 -102.243 9462.02 -171.236
9413.29 -120.467 9476.32 -164.727
9426.42 -138.692 9490.62 -175.141
9440.14 -99.639 9502.58 -164.727
9454.14 -130.881 9517.75 -160.822
9468.15 -120.467 9532.05 -184.253
9482.15 -97.0355 9545.47 -181.65
9496.16 -81.4144 9559.18 -176.443
9509.87 -119.165 9573.18 -185.555
9524.17 -136.088 9586.6 -182.951
9537.3 -110.053 9600.32 -175.141
9551.3 -119.165 9614.9 -162.123
9565.01 -116.562 9628.61 -194.667
9578.73 -125.674 9641.74 -167.33
9591.85 -108.751 9655.74 -202.478
9606.15 -132.183 9669.45 -189.46
9619.86 -134.786 9683.75 -184.253
9633.86 -125.674 9697.75 -188.158
9647.58 -121.769 9712.05 -177.744
9661.58 -107.45 9724.88 -192.064
9675.29 -108.751 9739.76 -185.555
9689.87 -128.278 9752.88 -168.632
9703.59 -126.976 9766.6 -175.141
9717.3 -129.579 9780.01 -158.218
9731.3 -97.0355 9794.31 -189.46
9745.01 -113.958 9808.02 -164.727
9758.14 -112.657 9822.02 -218.099
9772.43 -156.916 9835.73 -192.064
9786.43 -128.278 9849.73 -195.969
9798.68 -113.958 9864.6 -181.65
9814.14 -128.278 9878.02 -179.046
9827.27 -133.485 9891.15 -168.632
9840.69 -107.45 9904.85 -182.951
9854.1 -104.846 9917.69 -206.383
9868.1 -142.597 9932.27 -167.33
9882.69 -117.864 9947.44 -229.815
9896.69 -125.674 9960.27 -193.365
9910.4 -123.071 9973.69 -192.064
9925.27 -132.183 9987.11 -154.313
9938.69 -117.864 10002 -179.046
9951.52 -106.148 10015.7 -190.762
9965.23 -113.958 10030 -185.555
9978.65 -94.432 10043.7 -172.537
9992.65 -69.6986 10056.8 -159.52
10006.9 -126.976 10070.5 -201.176
10021.2 -102.243 10085.1 -193.365
10034.1 -124.372 10098.2 -207.685
10048.6 -113.958 10112.8 -176.443
10062.4 -124.372 10127.1 -182.951
10075.8 -120.467 10139.9 -134.786
10089.5 -121.769 10153.9 -181.65
10103.5 -112.657 10167.9 -219.401
10116.6 -132.183 10181.4 -195.969
10131.5 -112.657 10195.9 -180.348
10145.5 -125.674 10208.8 -179.046
10158.6 -136.088 10223.6 -153.011
10171.7 -111.355 10237 -180.348
10186.6 -145.2 10250.5 -182.951
10199.7 -146.502 10264.8 -181.65
10214 -132.183 10279 -136.088
10226.5 -107.45 10292.8 -167.33
10240.8 -86.6215 10306.5 -151.709
10255.7 -126.976 10320.5 -177.744
10268.5 -106.148 10333.6 -188.158
10283.7 -91.8285 10347.9 -205.081
10296.8 -98.3372 10361.9 -197.271
10310.5 -125.674 10375.9 -181.65
10325.1 -124.372 10389.6 -159.52
10338.3 -125.674 10403.9 -185.555
10352 -124.372 10417.3 -168.632
10366 -121.769 10430.1 -147.804
10379.4 -104.846 10444.1 -193.365
10392.8 -116.562 10458.4 -169.934
10407.4 -132.183 10472.4 -190.762
10420.5 -129.579 10485.8 -176.443
10433.9 -137.39 10499.8 -166.029
10449.4 -103.544 10513.5 -171.236
10461.6 -95.7337 10527.2 -188.158
10476.5 -129.579 10540.4 -156.916
10489.3 -123.071 10556.1 -158.218
10503.6 -93.1302 10568.6 -156.916
10517.9 -98.3372 10583.2 -189.46
10532.2 -134.786 10597.2 -154.313
10545 -134.786 10610.4 -143.899
10559.3 -119.165 10623.8 -180.348
10573.3 -102.243 10638.6 -134.786
10585.6 -77.5092 10652.6 -158.218
10600.4 -102.243 10666.1 -186.857
10615.3 -117.864 10680.6 -175.141
10628.4 -128.278 10694.1 -176.443
10641.9 -104.846 10707.5 -176.443
10655.6 -106.148 10720.9 -142.597
10669.6 -119.165 10735.2 -188.158
10683.3 -151.709 10749.5 -171.236
10697.6 -134.786 10762.6 -147.804
10710.1 -107.45 10776.6 -176.443
10725 -149.106 10790.9 -164.727
10738.1 -136.088 10804.3 -181.65
10752.4 -90.5267 10818.3 -169.934
10765.5 -102.243 10832 -167.33
10780.4 -93.1302 10846 -145.2
10793.8 -106.148 10859.4 -151.709
10808.1 -86.6215 10873.7 -160.822
10821.5 -102.243 10886.9 -175.141
10834.6 -145.2 10900.9 -168.632
10849.5 -95.7337 10915.7 -171.236
10862.4 -124.372 10929.7 -163.425
10876.4 -100.941 10944 -173.839
10890.4 -84.0179 10956.9 -176.443
10903.8 -85.3197 10970.3 -172.537
10918.4 -125.674 10984.9 -182.951
10931.8 -123.071 10997.7 -164.727
10947.2 -137.39 11012.3 -182.951
10958.6 -137.39 11026 -169.934
10972.6 -93.1302 11039.1 -167.33
10987.2 -134.786 11053.7 -173.839
11000.6 -120.467 11067.1 -162.123
11015.5 -93.1302 11081.1 -171.236
11028 -120.467 11095.4 -130.881
11041.2 -89.225 11108.3 -177.744
11056.1 -139.993 11123.2 -179.046
11068.9 -134.786 11136.9 -166.029
11083.2 -117.864 11150.6 -159.52
11096.6 -134.786 11164.9 -192.064
11111.5 -113.958 11178 -192.064
11124.9 -108.751 11192.9 -158.218
11138.6 -100.941 11205.7 -186.857
11152.3 -117.864 11219.4 -194.667
11165.7 -133.485 11233.1 -173.839
11180.3 -138.692 11247.7 -169.934
11193.8 -116.562 11262 -167.33
11207.8 -98.3372 11274 -188.158
11222 -145.2 11288.6 -172.537
11234.9 -153.011 11302.3 -180.348
11249.5 -138.692 11315.7 -163.425
11263.2 -102.243 11330 -167.33
11275.7 -130.881 11343.7 -130.881
11290.9 -97.0355 11358 -155.615
11304.9 -107.45 11373.2 -164.727
11318.3 -111.355 11385.5 -137.39
11331.8 -116.562 11399.2 -155.615
11346 -117.864 11413.2 -192.064
11360.1 -128.278 11426.9 -136.088
11373.2 -129.579 11441.5 -137.39
11387.2 -98.3372 11454.9 -176.443
11401.5 -104.846 11468 -172.537
11414.9 -99.639 11482.3 -195.969
11428.6 -110.053 11496.9 -167.33
11442.1 -110.053 11510 -223.306
11456.4 -100.941 11524.1 -163.425
11469.2 -139.993 11537.8 -172.537
11484.1 -128.278 11552.4 -203.779
11498.1 -110.053 11565.5 -163.425
11511.8 -108.751 11579.8 -181.65
11525.5 -112.657 11593.2 -177.744
11538.1 -104.846 11607.2 -143.899
11552.4 -104.846 11620.1 -185.555
11566.4 -102.243 11635.3 -166.029
11580.7 -111.355 11649 -171.236
11593.8 -123.071 11662.4 -168.632
11608.4 -123.071 11676.1 -186.857
11621.5 -126.976 11690.1 -190.762
11635.3 -112.657 11703.9 -202.478
11649.9 -87.9232 11718.8 -205.081
11663.3 -129.579 11732.2 -205.081
11677.6 -95.7337 11745.9 -177.744
11689.6 -117.864 11759.6 -195.969
11704.4 -115.26 11773 -216.797
11718.5 -77.5092 11787.1 -188.158
11732.5 -91.8285 11800.2 -182.951
11745.9 -120.467 11814.5 -202.478
11759 -119.165 11829.7 -216.797
11774.2 -117.864 11842.8 -215.495
11787.4 -111.355 11856.3 -186.857
11801.9 -69.6986 11869.7 -220.702
11815.4 -111.355 11883.1 -197.271
11829.4 -104.846 11897.1 -198.572
11842.8 -64.4916 11912 -188.158
11856 -100.941 11925.7 -180.348
11870.6 -112.657 11939.2 -188.158
11883.7 -119.165 11952.9 -194.667
11898.6 -90.5267 11967.5 -198.572
11911.4 -117.864 11979.8 -198.572
11926 -98.3372 11994.7 -177.744
11938.9 -65.7934 12008.4 -193.365
11953.5 -89.225 12022.4 -192.064
11967.8 -72.3021 12036.7 -186.857
11980.9 -104.846 12049.8 -160.822
11994.4 -100.941 12064.2 -190.762
12008.4 -67.0951 12077.6 -184.253
12022.7 -90.5267 12092.2 -206.383
12035.5 -60.5863 12105.3 -201.176
12049.3 -87.9232 12118.5 -164.727
12063.9 -54.0776 12133.7 -206.383
12077 -52.7758 12146.8 -175.141
12091.3 -95.7337 12160.8 -154.313
12105.9 -54.0776 12174.6 -155.615
12118.5 -52.7758 12188 -192.064
12133.1 -77.5092 12202.3 -171.236
12146.2 -86.6215 12215.5 -155.615
12160 -51.474 12230.1 -177.744
12174.3 -63.1898 12243.8 -201.176
12187.4 -71.0004 12258.1 -159.52
12202.6 -47.5688 12271.8 -212.892
12214.6 -30.646 12284.7 -194.667
12229.8 -50.1723 12299 -193.365
12243.5 -35.853 12312.7 -201.176
12257.5 -21.5337 12327.1 -163.425
12271 -34.5512 12341.7 -167.33
12283.5 -35.853 12353.9 -177.744
12299 -13.7231 12368 -206.383
12311.9 -38.4565 12382.3 -215.495
12325 -48.8705 12396 -164.727
12339.6 -20.2319 12410 -163.425
12353.6 -9.81786 12424.1 -158.218
12366.5 -39.7582 12437.5 -188.158
12380.8 3.1997 12451.8 -167.33
12394.8 17.519 12464.7 -168.632
12407.7 -2.00733 12480.2 -169.934
12423.5 25.3295 12493 -153.011
12436 0.596186 12507.4 -150.407
12449.8 12.312 12520.8 -134.786
12463.2 34.4418 12533.9 -139.993
12477.8 29.2348 12547.7 -137.39
12490.7 69.5892 12562.3 -98.3372
12505.9 37.0453 12574.6 -130.881
12519.3 55.2699 12589.8 -146.502
12532.5 81.305 12603.2 -129.579
12546.5 56.5717 12617.5 -98.3372
12560.8 48.7611 12630.7 -115.26
12573.7 46.1576 12645.3 -160.822
12588.6 53.9682 12659 -132.183
12601.8 27.9331 12672.5 -145.2
12616.1 64.3822 12687.1 -106.148
12629.2 82.6068 12700.3 -106.148
12643.3 76.098 12714.3 -102.243
12656.7 68.2875 12728 -89.225
12670.1 69.5892 12742.1 -116.562
12685.4 95.6243 12756.7 -113.958
12699.1 81.305 12770.1 -115.26
12712.3 95.6243 12783.6 -125.674
12725.1 61.7787 12797.6 -76.2074
12739.7 64.3822 12811.4 -100.941
12753.5 94.3226 12825.1 -86.6215
12767.2 119.056 12838.9 -77.5092
12781.2 129.47 12852.9 -90.5267
12795 142.488 12866 -76.2074
12809 150.298 12880.1 -80.1127
12823.1 147.695 12894.4 -104.846
12836.8 137.281 12907.6 -99.639
12849.7 125.565 12922.2 -64.4916
12864 151.6 12936.8 -55.3793
12877.7 172.428 12950.3 -64.4916
12892.1 162.014 12963.1 -35.853
12905.5 177.635 12977.5 -95.7337
12919 207.575 12992.1 -31.9477
12933 185.445 13005.5 -104.846
12947.3 169.824 13019 -81.4144
12960.2 178.937 13033.6 -51.474
12974.8 181.54 13046.5 -91.8285
12987.7 169.824 13060.8 -78.8109
13001.4 145.091 13075.2 -42.3617
13015.8 188.049 13088.6 -43.6635
13030.1 204.972 13102.4 -28.0424
13042.7 242.723 13116.4 -44.9653
13057.6 244.025 13129.6 -13.7231
13071.1 251.835 13143.9 -29.3442
13084.2 227.102 13157.9 -20.2319
13099.1 229.705 13171.7 -18.9302
13111.4 216.688 13184.9 -50.1723
13126.3 215.386 13199.5 -22.8354
13140.1 227.102 13212.6 18.8208
13153.8 231.007 13227.3 8.40672
13167.6 245.326 13241.3 1.89794
13181.9 302.604 13254.2 37.0453
13195.1 233.61 13268.2 3.1997
13209.1 286.982 13283.2 27.9331
13222.6 244.025 13296.3 16.2173
13237.2 227.102 13310.1 21.4243
13250.7 240.119 13323.5 12.312
13263.9 237.516 13337.9 53.9682
13277.6 267.456 13351.6 48.7611
13291.7 284.379 13366 68.2875
13306.3 301.302 13379.7 93.0208
13319.4 280.474 13392.9 107.34
13333.5 320.828 13407.5 78.7015
13347.8 285.681 13421 52.6664
13360.7 270.06 13434.2 34.4418
13373.9 280.474 13448.2 82.6068
13388.8 288.284 13462.8 72.1928
13402 313.018 13476 83.9085
13416 327.337 13490.3 83.9085
13430.1 362.484 13504.4 109.944
13443.8 337.751 13517.9 99.5296
13456.4 371.597 13531.3 128.168
13470.7 349.467 13546.3 130.772
13485.4 344.26 13559.1 154.203
13499.1 327.337 13574.4 130.772
13512.9 367.691 13587.5 111.245
13525.8 337.751 13601.6 164.617
13539.8 354.674 13615 135.979
13554.4 363.786 13629.4 155.505
13568.5 358.579 13643.4 156.807
13581.4 366.39 13657.5 177.635
13596 385.916 13670.4 173.73
13608.9 401.537 13685 189.351
13623.2 387.218 13698.2 216.688
13636.7 375.502 13712.5 223.196
13650.8 398.933 13726 233.61
13664.2 375.502 13740.6 238.817
13677.4 365.088 13754.4 229.705
13691.4 422.365 13768.4 229.705
13705.8 428.874 13781.9 307.811
13719.8 398.933 13796.3 279.172
13733 415.856 13810.9 273.965
13747.7 396.33 13823.5 286.982
13760.8 451.004 13838.4 339.053
13774.9 404.14 13851.9 316.923
13788.4 437.986 13866.2 326.035
13802.7 445.797 13881.5 335.147
13815.6 469.228 13894.3 314.319
13829.6 452.305 13899.3 336.449
13844 478.341 13885 374.2
13857.5 424.969 13870.9 428.874
