7014.16 -237.625 7027.35 -274.074
7004.78 -206.383 7042.01 -255.85
7000.38 -179.046 7055.5 -238.927
7009.47 -171.236 7070.15 -255.85
7021.49 -132.183 7083.05 -248.039
7035.27 -192.064 7097.71 -251.944
7049.63 -149.106 7110.31 -249.341
7063.41 -150.407 7124.67 -253.246
7076.9 -171.236 7139.33 -255.85
7091.26 -173.839 7152.22 -249.341
7105.62 -153.011 7166.29 -262.358
7118.52 -175.141 7180.65 -250.643
7133.76 -162.123 7193.84 -240.229
7146.36 -154.313 7206.73 -244.134
7161.31 -180.348 7221.68 -238.927
7174.2 -139.993 7234.86 -241.53
7188.56 -139.993 7249.22 -250.643
7202.63 -167.33 7263.58 -235.022
7216.4 -175.141 7277.06 -262.358
7229.88 -151.709 7290.83 -251.944
7243.65 -207.685 7303.72 -267.565
7258.01 -186.857 7317.78 -248.039
7272.37 -169.934 7332.72 -231.116
7285.26 -138.692 7347.07 -215.495
7299.32 -180.348 7360.26 -264.962
7313.09 -158.218 7373.44 -228.513
7327.16 -160.822 7387.79 -211.59
7340.34 -171.236 7400.97 -220.702
7354.4 -169.934 7415.32 -245.436
7368.75 -184.253 7429.09 -222.004
7381.93 -180.348 7443.44 -263.66
7395.7 -171.236 7456.33 -211.59
7410.35 -147.804 7470.97 -245.436
7424.99 -162.123 7484.73 -211.59
7437.29 -155.615 7497.62 -225.909
7450.76 -145.2 7511.97 -233.72
7465.41 -162.123 7526.02 -203.779
7478.58 -168.632 7539.78 -229.815
7492.93 -156.916 7553.84 -229.815
7507.28 -197.271 7567.89 -215.495
7520.75 -179.046 7581.36 -225.909
7534.22 -163.425 7594.83 -227.211
7547.98 -168.632 7608.88 -237.625
7562.33 -158.218 7622.93 -238.927
7574.92 -150.407 7636.11 -199.874
7590.14 -167.33 7650.45 -210.288
7603.32 -139.993 7664.5 -203.779
7616.79 -151.709 7678.26 -218.099
7630.84 -141.295 7691.43 -219.401
7645.18 -139.993 7706.36 -215.495
7658.65 -147.804 7718.94 -205.081
7673.28 -129.579 7733.58 -207.685
7686.45 -173.839 7747.63 -233.72
7700.5 -155.615 7761.67 -263.66
7714.26 -166.029 7774.55 -231.116
7727.43 -138.692 7789.47 -236.323
7741.77 -113.958 7802.93 -229.815
7754.65 -194.667 7815.52 -236.323
7769.57 -146.502 7829.56 -236.323
7783.03 -169.934 7843.61 -238.927
7797.08 -155.615 7857.94 -215.495
7810.54 -167.33 7871.99 -222.004
7824.88 -172.537 7885.74 -231.116
7838.34 -169.934 7900.07 -203.779
7851.8 -179.046 7912.65 -203.779
7865.84 -181.65 7927.57 -181.65
7879.59 -160.822 7941.03 -220.702
7894.22 -142.597 7954.78 -179.046
7907.1 -139.993 7967.94 -202.478
7922.02 -147.804 7981.69 -203.779
7935.47 -172.537 7996.02 -223.306
7948.64 -134.786 8008.89 -237.625
7962.97 -125.674 8023.81 -218.099
7976.42 -150.407 8038.43 -212.892
7990.17 -158.218 8051.59 -215.495
8004.8 -136.088 8064.75 -198.572
8017.67 -136.088 8078.21 -189.46
8032.58 -141.295 8091.95 -223.306
8045.16 -167.33 8106.57 -225.909
8059.2 -151.709 8120.31 -198.572
8073.82 -163.425 8133.77 -197.271
8087.27 -164.727 8148.39 -210.288
8101.31 -166.029 8162.13 -215.495
8115.34 -158.218 8176.16 -184.253
8129.38 -188.158 8189.32 -211.59
8142.83 -173.839 8203.35 -195.969
8156.28 -172.537 8217.68 -214.194
8170.02 -166.029 8231.71 -186.857
8183.47 -156.916 8244.87 -198.572
8197.8 -104.846 8258.02 -154.313
8211.25 -154.313 8273.51 -169.934
8225.28 -153.011 8286.38 -186.857
8239.6 -133.485 8300.7 -189.46
8251.59 -169.934 8313.85 -194.667
8267.08 -189.46 8327.88 -203.779
8281.12 -137.39 8341.62 -205.081
8294.27 -153.011 8356.53 -231.116
8308.3 -138.692 8369.09 -225.909
8322.04 -124.372 8383.71 -249.341
8335.48 -168.632 8397.15 -235.022
8349.51 -153.011 8411.47 -193.365
8363.25 -145.2 8424.33 -180.348
8376.4 -151.709 8438.36 -211.59
8390.72 -132.183 8452.97 -229.815
8404.75 -150.407 8465.83 -231.116
8418.49 -154.313 8479.56 -180.348
8433.68 -139.993 8494.75 -205.081
8446.25 -172.537 8508.19 -193.365
8459.4 -156.916 8521.34 -228.513
8474.3 -172.537 8535.66 -155.615
8488.62 -141.295 8549.39 -190.762
8501.77 -125.674 8562.83 -199.874
8514.91 -166.029 8576.56 -186.857
8529.52 -172.537 8590.29 -202.478
8542.67 -177.744 8604.02 -205.081
8556.69 -167.33 8618.92 -197.271
8571.3 -147.804 8632.65 -223.306
8584.74 -108.751 8646.09 -207.685
8597.59 -146.502 8659.52 -197.271
8612.49 -145.2 8674.42 -207.685
8626.51 -137.39 8688.15 -215.495
8640.24 -175.141 8701 -235.022
8653.1 -123.071 8715.02 -192.064
8668.29 -162.123 8729.62 -212.892
8681.43 -182.951 8743.06 -241.53
8694.28 -154.313 8757.37 -225.909
8708.89 -139.993 8770.51 -248.039
8722.61 -162.123 8784.53 -272.773
8736.05 -172.537 8798.55 -237.625
8750.36 -150.407 8811.98 -231.116
8763.8 -138.692 8826.29 -250.643
8777.52 -110.053 8840.01 -241.53
8792.41 -128.278 8853.16 -240.229
8805.27 -162.123 8868.05 -207.685
8818.99 -126.976 8880.6 -208.986
8833.01 -159.52 8895.5 -224.608
8846.15 -138.692 8909.22 -259.755
8860.75 -125.674 8923.53 -257.151
8875.06 -139.993 8936.08 -237.625
8888.49 -126.976 8950.97 -238.927
8902.21 -147.804 8964.69 -233.72
8914.77 -141.295 8977.83 -241.53
8929.66 -146.502 8992.14 -231.116
8943.96 -182.951 9005.86 -222.004
8957.1 -198.572 9019.87 -246.737
8970.82 -138.692 9033.3 -251.944
8984.84 -134.786 9047.31 -253.246
8998.85 -126.976 9061.32 -231.116
9012.57 -146.502 9074.46 -261.057
9026.58 -153.011 9089.35 -272.773
9039.43 -164.727 9102.77 -236.323
9054.03 -117.864 9116.5 -257.151
9067.75 -163.425 9129.63 -184.253
9082.34 -139.993 9144.51 -202.478
9095.19 -145.2 9158.82 -205.081
9108.32 -102.243 9171.08 -229.815
9122.92 -145.2 9185.67 -232.418
9137.22 -146.502 9199.39 -268.867
9150.65 -160.822 9213.98 -267.565
9164.95 -142.597 9226.82 -257.151
9178.95 -149.106 9241.71 -232.418
9192.09 -162.123 9255.13 -228.513
9206.39 -129.579 9268.26 -257.151
9218.94 -143.899 9283.44 -232.418
9232.95 -125.674 9296.28 -245.436
9247.83 -164.727 9310 -231.116
9261.84 -143.899 9323.13 -240.229
9274.68 -154.313 9337.43 -261.057
9288.11 -147.804 9350.26 -259.755
9303.57 -162.123 9365.15 -244.134
9316.41 -142.597 9379.45 -229.815
9329.84 -139.993 9393.74 -201.176
9344.14 -141.295 9406.29 -222.004
9358.73 -160.822 9420.59 -184.253
9371.86 -133.485 9435.18 -233.72
9385.28 -151.709 9448.89 -231.116
9399 -162.123 9462.9 -255.85
9413.29 -123.071 9476.03 -244.134
9425.55 -159.52 9489.74 -283.187
9440.72 -159.52 9504.04 -227.211
9454.73 -147.804 9517.75 -223.306
9468.44 -138.692 9531.75 -245.436
9482.15 -121.769 9545.47 -224.608
9496.45 -136.088 9559.18 -211.59
9510.16 -160.822 9573.47 -214.194
9523.88 -173.839 9586.89 -241.53
9537.3 -156.916 9600.32 -192.064
9551.88 -154.313 9614.32 -248.039
9565.01 -141.295 9628.03 -249.341
9579.02 -145.2 9642.62 -198.572
9593.31 -136.088 9656.62 -225.909
9606.44 -133.485 9669.75 -245.436
9620.74 -121.769 9682.58 -193.365
9633.57 -130.881 9697.46 -177.744
9647.87 -137.39 9711.75 -227.211
9662.45 -123.071 9724.59 -238.927
9675 -142.597 9738.88 -225.909
9689.87 -141.295 9752.59 -253.246
9703.59 -143.899 9766.3 -242.832
9716.71 -164.727 9780.89 -228.513
9730.42 -156.916 9794.01 -223.306
9745.01 -158.218 9808.6 -240.229
9758.43 -115.26 9821.43 -246.737
9771.85 -132.183 9836.02 -238.927
9787.31 -142.597 9850.6 -287.092
9799.85 -139.993 9862.56 -242.832
9813.26 -173.839 9877.44 -253.246
9826.98 -163.425 9891.44 -240.229
9841.27 -139.993 9905.73 -259.755
9854.39 -136.088 9917.98 -248.039
9868.98 -146.502 9932.86 -195.969
9882.98 -134.786 9947.15 -212.892
9895.23 -133.485 9960.27 -232.418
9910.69 -110.053 9973.69 -223.306
9924.4 -136.088 9988.86 -240.229
9937.23 -153.011 10002 -224.608
9951.23 -182.951 10016.3 -212.892
9965.81 -166.029 10029.1 -242.832
9978.94 -153.011 10043.4 -224.608
9992.65 -168.632 10057.4 -240.229
10006.6 -177.744 10071.1 -251.944
10020.4 -102.243 10085.4 -232.418
10034.4 -93.1302 10099.1 -280.583
10048.6 -134.786 10111.9 -292.299
10062.1 -137.39 10126.8 -272.773
10076.6 -125.674 10139.9 -235.022
10090.1 -188.158 10154.5 -253.246
10102.9 -168.632 10167.4 -262.358
10117.2 -197.271 10182.2 -245.436
10131.2 -136.088 10195.3 -233.72
10144.9 -149.106 10209.3 -232.418
10158.9 -108.751 10223.1 -258.453
10172.6 -162.123 10237 -262.358
10186.6 -136.088 10250.5 -288.394
10200.3 -104.846 10264.5 -223.306
10213.7 -110.053 10279.6 -253.246
10226.5 -121.769 10291.9 -271.471
10242 -138.692 10306.2 -267.565
10255.7 -159.52 10320.8 -237.625
10268.8 -154.313 10334.2 -244.134
10282.8 -117.864 10347.3 -249.341
10297.1 -155.615 10361.9 -240.229
10310 -143.899 10375.9 -271.471
10324 -136.088 10389.3 -270.169
10338.3 -151.709 10403 -255.85
10351.4 -134.786 10417.6 -264.962
10366 -125.674 10431 -237.625
10379.7 -176.443 10444.7 -222.004
10393.7 -163.425 10458.7 -251.944
10406.5 -146.502 10473 -241.53
10420.5 -147.804 10485.2 -218.099
10434.5 -167.33 10499.8 -253.246
10448.2 -175.141 10514.1 -218.099
10462.2 -151.709 10527.8 -251.944
10476.5 -149.106 10541.5 -245.436
10490.8 -141.295 10555.2 -222.004
10503.3 -130.881 10569.2 -235.022
10517.3 -137.39 10582.6 -235.022
10530.7 -150.407 10596.9 -220.702
10544.7 -133.485 10610.4 -232.418
10559 -120.467 10624.4 -228.513
10572.7 -112.657 10637.8 -270.169
10586.4 -139.993 10652.4 -259.755
10600.4 -141.295 10665.5 -202.478
10614.4 -137.39 10679.8 -238.927
10627.3 -125.674 10694.1 -214.194
10642.4 -123.071 10707.2 -219.401
10655.6 -102.243 10720.9 -222.004
10669 -136.088 10735.2 -208.986
10683.3 -149.106 10749.8 -216.797
10696.7 -134.786 10762.6 -192.064
10711 -139.993 10776.9 -233.72
10723.8 -133.485 10791.2 -236.323
10738.4 -138.692 10804 -201.176
10752.1 -169.934 10818.6 -250.643
10765.8 -176.443 10832.3 -242.832
10779.8 -134.786 10846.3 -223.306
10793.8 -136.088 10860.3 -203.779
10807.5 -116.562 10873.4 -215.495
10821.5 -119.165 10887.4 -198.572
10834.9 -110.053 10900.6 -193.365
10848.9 -134.786 10915.2 -193.365
10862.9 -164.727 10928.9 -241.53
10875.5 -125.674 10942 -227.211
10890.7 -139.993 10956.6 -218.099
10903.5 -136.088 10970.6 -240.229
10917.8 -141.295 10984.9 -238.927
10932.1 -94.432 10998.3 -250.643
10945.5 -132.183 11011.7 -233.72
10959.8 -139.993 11026.9 -210.288
10973.2 -154.313 11039.7 -216.797
10986.6 -151.709 11053.4 -211.59
11000.6 -149.106 11066.8 -203.779
11014.3 -164.727 11081.4 -224.608
11028.3 -160.822 11094.8 -207.685
11042.3 -132.183 11108.3 -214.194
11056.1 -146.502 11122.9 -224.608
11070.3 -132.183 11136.3 -208.986
11083.8 -123.071 11150.6 -222.004
11097.5 -98.3372 11164.6 -211.59
11112.1 -136.088 11178 -192.064
11124 -155.615 11191.4 -211.59
11139.2 -130.881 11205.4 -211.59
11152.3 -168.632 11218.6 -195.969
11166.6 -168.632 11233.1 -232.418
11180 -125.674 11247.7 -206.383
11193.8 -142.597 11260.9 -236.323
11207.8 -175.141 11274.3 -194.667
11221.5 -142.597 11288.3 -190.762
11235.5 -160.822 11302.6 -207.685
11249.2 -124.372 11316.3 -208.986
11262.6 -153.011 11329.4 -216.797
11277.2 -138.692 11344 -216.797
11290.6 -169.934 11357.1 -216.797
11304 -134.786 11371.4 -212.892
11317.8 -139.993 11385.5 -203.779
11332.1 -136.088 11400 -242.832
11346.3 -129.579 11413.2 -212.892
11359.5 -147.804 11427.2 -199.874
11373.8 -107.45 11441.5 -197.271
11387.2 -95.7337 11455.2 -211.59
11401.2 -120.467 11468.9 -203.779
11414 -125.674 11482.3 -208.986
11428.6 -116.562 11496.6 -189.46
11441.8 -141.295 11509.5 -198.572
11456.1 -134.786 11524.1 -214.194
11469.2 -126.976 11538.4 -168.632
11483.5 -128.278 11551.2 -189.46
11498.7 -123.071 11565.8 -211.59
11511.2 -139.993 11580.1 -198.572
11525.2 -124.372 11593.2 -160.822
11539.5 -147.804 11606.7 -203.779
11552.4 -139.993 11621.3 -218.099
11567.6 -143.899 11635.9 -220.702
11580.1 -142.597 11648.4 -210.288
11593.8 -158.218 11661.8 -172.537
11608.1 -141.295 11676.1 -192.064
11621.5 -154.313 11690.4 -179.046
11636.1 -99.639 11704.1 -186.857
11649.6 -129.579 11717.9 -198.572
11663 -117.864 11731.9 -194.667
11677 -142.597 11745 -197.271
11690.7 -141.295 11758.7 -171.236
11703.9 -155.615 11773.3 -203.779
11719 -173.839 11787.6 -197.271
11733.1 -142.597 11801.1 -198.572
11746.5 -146.502 11814.5 -201.176
11759.9 -168.632 11828.5 -203.779
11774.2 -123.071 11842.2 -210.288
11787.1 -104.846 11857.1 -208.986
11800.8 -113.958 11869.7 -219.401
11815.7 -121.769 11883.4 -203.779
11828.2 -132.183 11897.7 -218.099
11842.2 -123.071 11911.7 -197.271
11856.5 -106.148 11923.7 -202.478
11870.9 -123.071 11939.5 -218.099
11884.6 -126.976 11952.9 -195.969
11897.7 -124.372 11966.6 -220.702
11911.7 -90.5267 11980.6 -195.969
11924.6 -132.183 11994.9 -227.211
11939.5 -99.639 12009.6 -235.022
11954.1 -102.243 12021.5 -244.134
11967.8 -126.976 12035.3 -253.246
11980.4 -94.432 12050.4 -242.832
11994.4 -94.432 12064.2 -201.176
12007.2 -107.45 12077.9 -186.857
12022.1 -116.562 12091.6 -184.253
12035.5 -84.0179 12105.3 -224.608
12049.8 -111.355 12119.1 -229.815
12063.9 -93.1302 12132.8 -244.134
12077.3 -69.6986 12146.2 -264.962
12091.3 -69.6986 12160.5 -248.039
12104.8 -90.5267 12174 -229.815
12118.8 -86.6215 12187.7 -236.323
12133.1 -71.0004 12202 -154.313
12146.2 -87.9232 12216 -202.478
12160.3 -81.4144 12230.1 -182.951
12173.7 -72.3021 12244.4 -231.116
12187.7 -85.3197 12257.8 -218.099
12200.9 -65.7934 12271.3 -251.944
12215.2 -74.9056 12285.3 -229.815
12228.9 -67.0951 12299 -225.909
12242.6 -48.8705 12312.5 -195.969
12256.9 -56.6811 12326.2 -188.158
12270.1 -61.8881 12341.1 -176.443
12284.4 -59.2846 12354.2 -212.892
12297.8 -38.4565 12368.3 -188.158
12311.9 -42.3617 12382.3 -185.555
12325.6 -34.5512 12394.8 -181.65
12339.6 -51.474 12409.2 -207.685
12353.6 -37.1547 12423.8 -223.306
12367.1 -21.5337 12437.2 -228.513
12380.8 -3.30908 12450.7 -198.572
12394.3 22.726 12465.9 -189.46
12408.3 -8.5161 12479.9 -193.365
12422 21.4243 12493 -163.425
12436.3 5.80321 12506.5 -137.39
12450.1 -55.3793 12520.2 -139.993
12462.9 -7.21435 12534.5 -190.762
12477.5 -0.70557 12548.3 -202.478
12491.3 1.89794 12561.7 -192.064
12505.6 17.519 12576 -156.916
12519.6 12.312 12589.8 -192.064
12532.2 38.3471 12603.2 -121.769
12546.5 46.1576 12618.1 -129.579
12560.8 50.0629 12631.6 -125.674
12574.6 38.3471 12645.3 -133.485
12586.9 24.0278 12659.9 -175.141
12601.5 -7.21435 12672.5 -167.33
12615.5 22.726 12686.8 -166.029
12628.3 27.9331 12701.1 -184.253
12644.1 50.0629 12714.6 -172.537
12656.7 18.8208 12727.7 -125.674
12671.3 61.7787 12741.8 -146.502
12684.5 35.7436 12756.4 -126.976
12698.5 78.7015 12769.8 -113.958
12712.8 52.6664 12783.9 -98.3372
12726.6 65.684 12797.3 -112.657
12739.1 61.7787 12812.2 -147.804
12754.6 86.5121 12826 -123.071
12767.2 74.7963 12839.4 -163.425
12781 78.7015 12853.8 -168.632
12794.7 95.6243 12866.6 -87.9232
12808.7 104.737 12881.3 -107.45
12822.5 103.435 12894.1 -74.9056
12836.2 117.754 12907.9 -59.2846
12850.5 143.789 12921.9 -93.1302
12863.7 108.642 12936.2 -54.0776
12878 143.789 12950 -77.5092
12891.8 124.263 12964 -80.1127
12904.9 115.151 12977.2 -120.467
12919.3 122.961 12990.9 -113.958
12933.3 116.452 13005.2 -67.0951
12947 130.772 13019.6 -59.2846
12960.2 126.866 13033 -34.5512
12974.8 169.824 13047.1 -28.0424
12987.4 134.677 13059.9 -37.1547
13001.7 150.298 13074.9 -34.5512
13015.2 167.221 13088.6 -26.7407
13029.8 177.635 13101.8 -39.7582
13043 167.221 13115.8 -38.4565
13057.6 190.653 13130.7 -22.8354
13071.1 177.635 13143.9 -52.7758
13084.8 186.747 13157.3 -37.1547
13099.1 167.221 13172 -22.8354
13112.6 184.144 13186.6 11.0102
13126.9 217.989 13198.6 9.70847
13140.1 217.989 13213.2 5.80321
13154.4 202.368 13226.7 -18.9302
13167.3 206.274 13241 30.5366
13181.9 237.516 13255.1 -9.81786
13195.1 227.102 13268.5 -3.30908
13209.4 216.688 13282.6 -31.9477
13223.2 207.575 13295.7 -11.1196
13236.4 227.102 13310.1 21.4243
13251 244.025 13324.7 39.6489
13263.6 214.084 13337.9 61.7787
13277.6 257.042 13352.5 53.9682
13291.9 284.379 13366 25.3295
13306.6 283.077 13379.7 53.9682
13319.4 280.474 13393.2 42.2524
13333.2 225.8 13407.8 24.0278
13345.5 193.256 13420.7 39.6489
13361 221.895 13434.7 70.891
13374.8 254.439 13449.4 91.7191
13388.5 237.516 13463.4 109.944
13401.4 266.154 13476.6 93.0208
13416.6 327.337 13490.3 96.9261
13428.9 302.604 13504.1 89.1156
13443.8 292.189 13518.2 106.038
13457.3 327.337 13531.9 106.038
13471 292.189 13545.4 70.891
13485.7 251.835 13559.7 165.919
13498.5 268.758 13573.5 103.435
13512 271.361 13587.5 138.582
13525.8 277.87 13601.9 133.375
13540.4 318.225 13614.8 128.168
13553.6 349.467 13628.8 134.677
13567.3 358.579 13643.1 169.824
13581.4 401.537 13657.2 182.842
13595.1 332.544 13670.7 180.238
13609.5 357.277 13685.6 203.67
13623.2 380.709 13698.8 208.877
13637 294.793 13712.5 207.575
13650.8 326.035 13726.6 197.161
13664.2 350.768 13740.6 263.551
13677.7 367.691 13754.1 251.835
13691.7 432.779 13767.9 216.688
13705.5 417.158 13782.5 206.274
13719.8 426.27 13796.5 264.853
13733.3 419.762 13810 305.207
13747.1 367.691 13824.7 276.568
13761.1 382.011 13837.8 285.681
13774.6 353.372 13851.9 276.568
13787.5 380.709 13866.8 271.361
13801.8 392.425 13881.2 290.888
13816.5 427.572 13894.6 327.337
13830.2 436.684 13898.2 306.509
13844 447.098 13884.4 368.993
13858 393.726 13871.8 410.649
