7014.45 -236.323 7028.23 -237.625
7005.07 -155.615 7042.31 -267.565
7001.55 -145.2 7056.38 -248.039
7009.76 -153.011 7068.98 -267.565
7021.78 -132.183 7083.34 -268.867
7035.56 -179.046 7097.41 -214.194
7049.05 -171.236 7111.19 -219.401
7063.41 -141.295 7125.26 -223.306
7076.9 -171.236 7138.74 -219.401
7091.85 -136.088 7152.81 -235.022
7105.33 -153.011 7166.29 -219.401
7118.52 -164.727 7180.07 -237.625
7133.76 -137.39 7194.13 -227.211
7147.54 -124.372 7208.2 -241.53
7161.31 -143.899 7221.97 -240.229
7174.2 -153.011 7235.16 -251.944
7188.27 -121.769 7249.51 -220.702
7202.05 -162.123 7263.58 -216.797
7215.82 -154.313 7276.76 -240.229
7229.88 -124.372 7291.41 -201.176
7243.07 -139.993 7304.6 -210.288
7257.43 -147.804 7318.66 -207.685
7271.78 -132.183 7331.55 -228.513
7285.26 -124.372 7346.2 -225.909
7299.91 -175.141 7360.55 -251.944
7312.51 -159.52 7373.15 -244.134
7327.45 -149.106 7387.79 -218.099
7340.34 -141.295 7401.27 -212.892
7354.11 -190.762 7415.03 -208.986
7369.34 -151.709 7430.26 -199.874
7382.81 -142.597 7442.56 -202.478
7396.29 -133.485 7456.62 -206.383
7410.64 -158.218 7470.97 -205.081
7424.99 -163.425 7484.44 -238.927
7437.29 -124.372 7498.2 -216.797
7451.64 -175.141 7511.67 -198.572
7464.82 -164.727 7525.44 -218.099
7478.88 -158.218 7540.66 -216.797
7492.64 -179.046 7552.96 -179.046
7506.99 -158.218 7567.31 -206.383
7521.04 -150.407 7581.07 -192.064
7533.93 -156.916 7594.83 -199.874
7548.57 -124.372 7609.17 -175.141
7562.33 -151.709 7622.93 -167.33
7576.38 -163.425 7635.81 -228.513
7589.56 -132.183 7651.04 -215.495
7604.49 -123.071 7664.21 -227.211
7617.96 -158.218 7677.97 -190.762
7631.13 -186.857 7691.43 -199.874
7644.6 -137.39 7706.06 -177.744
7658.35 -150.407 7718.36 -167.33
7671.23 -125.674 7733.87 -155.615
7686.16 -147.804 7747.33 -197.271
7699.63 -141.295 7760.79 -203.779
7714.55 -125.674 7775.13 -207.685
7728.6 -162.123 7788.89 -186.857
7741.48 -129.579 7802.06 -198.572
7755.53 -133.485 7816.39 -241.53
7768.7 -134.786 7829.27 -214.194
7783.62 -159.52 7843.9 -180.348
7797.37 -138.692 7858.24 -186.857
7811.13 -113.958 7871.69 -203.779
7824.59 -195.969 7885.45 -214.194
7838.63 -171.236 7900.07 -195.969
7852.38 -162.123 7912.65 -211.59
7866.14 -124.372 7926.99 -242.832
7880.18 -149.106 7941.03 -194.667
7893.93 -176.443 7954.78 -241.53
7907.39 -153.011 7967.94 -201.176
7921.72 -168.632 7982.86 -167.33
7934.89 -134.786 7996.02 -212.892
7948.93 -137.39 8009.48 -206.383
7962.09 -150.407 8023.81 -198.572
7977.01 -141.295 8038.14 -185.555
7990.47 -151.709 8051.59 -197.271
8004.5 -108.751 8065.05 -176.443
8017.67 -168.632 8078.5 -205.081
8031.71 -133.485 8092.53 -231.116
8046.03 -123.071 8105.99 -198.572
8060.07 -133.485 8121.19 -180.348
8072.94 -143.899 8133.77 -225.909
8087.86 -149.106 8148.09 -199.874
8101.6 -132.183 8162.42 -193.365
8116.22 -159.52 8176.46 -188.158
8129.38 -121.769 8189.32 -212.892
8142.83 -155.615 8203.65 -215.495
8155.99 -145.2 8217.97 -189.46
8169.73 -142.597 8231.42 -203.779
8184.64 -151.709 8244.57 -167.33
8198.09 -123.071 8259.19 -163.425
8212.42 -163.425 8272.93 -166.029
8225.57 -145.2 8286.67 -133.485
8239.31 -134.786 8300.12 -181.65
8252.47 -139.993 8313.85 -172.537
8265.91 -151.709 8327.59 -171.236
8280.53 -126.976 8341.91 -180.348
8293.98 -171.236 8356.82 -201.176
8308.59 -136.088 8369.68 -176.443
8321.45 -153.011 8383.71 -160.822
8336.07 -150.407 8396.86 -150.407
8349.8 -153.011 8410.01 -199.874
8362.96 -159.52 8424.33 -150.407
8377.86 -156.916 8439.23 -164.727
8390.72 -181.65 8452.09 -169.934
8404.75 -142.597 8466.99 -184.253
8419.65 -123.071 8479.85 -156.916
8432.8 -123.071 8494.17 -199.874
8446.25 -116.562 8507.02 -156.916
8460.57 -123.071 8521.34 -175.141
8473.72 -142.597 8536.24 -155.615
8487.16 -162.123 8549.68 -184.253
8501.18 -154.313 8563.12 -175.141
8515.5 -175.141 8576.85 -150.407
8529.81 -167.33 8591.17 -198.572
8542.38 -188.158 8604.31 -171.236
8556.4 -160.822 8618.33 -195.969
8570.42 -119.165 8632.65 -159.52
8584.16 -141.295 8646.38 -195.969
8597.59 -155.615 8659.23 -197.271
8611.91 -155.615 8673.84 -188.158
8626.51 -129.579 8688.15 -163.425
8639.66 -166.029 8701.88 -158.218
8653.68 -160.822 8714.44 -156.916
8667.41 -132.183 8729.33 -163.425
8681.43 -171.236 8743.64 -168.632
8695.45 -136.088 8756.78 -181.65
8709.47 -115.26 8771.1 -163.425
8722.03 -116.562 8785.11 -160.822
8736.34 -151.709 8797.67 -125.674
8750.36 -143.899 8812.27 -188.158
8764.38 -171.236 8825.71 -164.727
8777.52 -125.674 8839.72 -164.727
8792.12 -160.822 8854.03 -193.365
8805.27 -120.467 8867.76 -143.899
8819.57 -145.2 8881.48 -147.804
8833.3 -128.278 8896.08 -166.029
8847.61 -108.751 8908.93 -162.123
8860.16 -134.786 8922.65 -156.916
8874.76 -132.183 8936.08 -154.313
8888.2 -137.39 8950.39 -179.046
8901.92 -129.579 8964.4 -181.65
8915.93 -116.562 8979 -175.141
8930.24 -145.2 8992.14 -137.39
8944.26 -159.52 9005.86 -158.218
8957.1 -164.727 9020.45 -155.615
8970.82 -146.502 9033.59 -147.804
8985.13 -116.562 9047.9 -142.597
8999.43 -121.769 9061.61 -145.2
9012.28 -142.597 9074.46 -155.615
9026.58 -107.45 9087.6 -168.632
9039.43 -138.692 9103.36 -158.218
9052.86 -154.313 9116.2 -184.253
9068.04 -147.804 9130.5 -164.727
9081.47 -139.993 9144.51 -162.123
9095.19 -130.881 9158.23 -185.555
9108.9 -128.278 9170.78 -181.65
9122.92 -156.916 9185.67 -194.667
9136.34 -138.692 9200.26 -194.667
9150.35 -132.183 9213.4 -163.425
9164.65 -133.485 9227.11 -197.271
9178.37 -149.106 9240.25 -175.141
9192.09 -120.467 9254.84 -198.572
9205.81 -123.071 9268.26 -173.839
9220.4 -126.976 9282.56 -212.892
9233.24 -149.106 9296.28 -194.667
9247.25 -121.769 9310.58 -164.727
9260.97 -162.123 9323.71 -164.727
9274.68 -149.106 9338.3 -210.288
9288.98 -123.071 9350.85 -162.123
9302.7 -143.899 9365.44 -141.295
9316.71 -172.537 9379.15 -177.744
9330.42 -156.916 9393.74 -211.59
9344.43 -136.088 9406.29 -194.667
9358.14 -139.993 9420.88 -185.555
9371.57 -134.786 9434.59 -162.123
9385.87 -133.485 9449.18 -163.425
9398.7 -124.372 9461.73 -164.727
9413.29 -126.976 9476.32 -155.615
9426.42 -136.088 9490.32 -172.537
9440.72 -130.881 9503.75 -160.822
9454.43 -111.355 9518.33 -192.064
9467.86 -182.951 9532.05 -197.271
9481.57 -129.579 9544.88 -236.323
9496.74 -139.993 9559.47 -207.685
9510.16 -146.502 9573.47 -214.194
9523.58 -166.029 9587.19 -197.271
9537.88 -120.467 9600.9 -198.572
9551.88 -158.218 9615.48 -186.857
9563.85 -128.278 9628.61 -153.011
9579.02 -139.993 9642.32 -160.822
9592.15 -138.692 9656.91 -172.537
9606.15 -110.053 9669.45 -205.081
9620.74 -130.881 9683.75 -182.951
9634.16 -117.864 9697.75 -195.969
9647.28 -133.485 9711.75 -186.857
9661.87 -150.407 9725.17 -201.176
9675.58 -137.39 9739.17 -184.253
9689.87 -119.165 9753.18 -154.313
9702.42 -167.33 9766.6 -154.313
9717.3 -151.709 9780.89 -167.33
9731.3 -128.278 9794.6 -167.33
9743.26 -125.674 9808.89 -211.59
9758.14 -132.183 9822.02 -220.702
9771.85 -133.485 9836.31 -188.158
9786.14 -129.579 9850.02 -180.348
9800.14 -136.088 9863.14 -180.348
9813.26 -141.295 9877.15 -158.218
9826.39 -168.632 9891.73 -146.502
9840.69 -125.674 9905.15 -154.313
9854.39 -154.313 9919.44 -156.916
9868.98 -137.39 9931.69 -182.951
9881.81 -138.692 9947.44 -177.744
9896.69 -154.313 9960.86 -172.537
9910.11 -115.26 9973.98 -179.046
9923.23 -106.148 9988.86 -206.383
9937.52 -136.088 10002 -168.632
9951.23 -130.881 10014.8 -150.407
9964.94 -110.053 10030.3 -163.425
9978.65 -139.993 10042.8 -146.502
9993.23 -143.899 10057.7 -156.916
10007.2 -167.33 10071.4 -208.986
10020.4 -116.562 10085.1 -207.685
10034.1 -112.657 10098.5 -216.797
10048.1 -134.786 10113.1 -197.271
10062.6 -128.278 10126.8 -201.176
10075.5 -133.485 10139.9 -193.365
10089.2 -141.295 10154.2 -194.667
10103.8 -160.822 10167.6 -176.443
10117.8 -126.976 10181.9 -194.667
10130 -146.502 10195 -175.141
10144.9 -151.709 10209.3 -194.667
10158.3 -155.615 10223.3 -231.116
10172.6 -156.916 10236.8 -182.951
10186.9 -143.899 10250.8 -186.857
10200 -123.071 10265.1 -185.555
10213.4 -153.011 10278.8 -201.176
10227.7 -116.562 10292.8 -177.744
10241.7 -121.769 10305.9 -207.685
10254.8 -134.786 10321 -167.33
10269.7 -124.372 10333.9 -233.72
10283.7 -121.769 10347.3 -202.478
10296.8 -136.088 10361.6 -197.271
10310.3 -145.2 10374.7 -218.099
10324.3 -76.2074 10389 -180.348
10338.3 -100.941 10403.3 -175.141
10351.4 -98.3372 10417 -195.969
10366 -126.976 10430.1 -232.418
10380.8 -162.123 10444.4 -192.064
10392.5 -145.2 10458.1 -192.064
10406.8 -95.7337 10472.1 -201.176
10421.1 -142.597 10486.1 -188.158
10434.5 -143.899 10500.4 -169.934
10448.8 -128.278 10514.4 -179.046
10462.5 -87.9232 10527.2 -198.572
10475.9 -121.769 10541.2 -186.857
10489.3 -112.657 10555.5 -186.857
10504.2 -119.165 10568.9 -177.744
10517.9 -179.046 10582.4 -177.744
10531.3 -136.088 10596.6 -219.401
10545 -119.165 10610.6 -153.011
10558.7 -145.2 10624.1 -205.081
10572.7 -110.053 10637.8 -181.65
10586.1 -130.881 10652.6 -153.011
10600.7 -108.751 10666.1 -162.123
10614.7 -134.786 10679.8 -176.443
10627.9 -113.958 10694.1 -189.46
10642.2 -134.786 10708.1 -194.667
10655.6 -119.165 10720.9 -182.951
10669 -146.502 10734.9 -172.537
10683 -130.881 10748.6 -201.176
10696.7 -124.372 10762.3 -171.236
10711 -172.537 10776.9 -186.857
10724.4 -130.881 10790.6 -176.443
10738.1 -133.485 10804.3 -168.632
10752.7 -91.8285 10816.9 -137.39
10766.4 -128.278 10832.6 -154.313
10779.5 -110.053 10845.4 -160.822
10793.5 -123.071 10859.1 -139.993
10806.9 -134.786 10874.3 -163.425
10821.2 -129.579 10888.3 -163.425
10834.9 -130.881 10900.6 -147.804
10849.5 -126.976 10915.2 -156.916
10863.2 -160.822 10929.4 -175.141
10876.4 -117.864 10941.7 -158.218
10890.7 -103.544 10956.6 -160.822
10904.4 -116.562 10970.9 -113.958
10917.8 -155.615 10983.4 -159.52
10931.5 -146.502 10998 -126.976
10945.5 -111.355 11011.4 -171.236
10958.9 -133.485 11026 -177.744
10973.5 -90.5267 11039.4 -198.572
10987.2 -133.485 11052.8 -139.993
11000.3 -107.45 11067.1 -156.916
11014.6 -128.278 11081.7 -117.864
11028.3 -107.45 11095.1 -129.579
11041.8 -132.183 11108.3 -159.52
11055.5 -125.674 11123.2 -139.993
11069.8 -129.579 11137.1 -173.839
11083.8 -119.165 11150.3 -141.295
11098.1 -110.053 11164.6 -169.934
11110.9 -136.088 11178 -201.176
11124.9 -146.502 11191.4 -169.934
11138.3 -142.597 11205.7 -150.407
11152.6 -139.993 11219.7 -156.916
11166.9 -119.165 11232.8 -154.313
11180 -112.657 11247.4 -167.33
11194.9 -111.355 11261.2 -188.158
11207.2 -125.674 11274.9 -185.555
11221.8 -130.881 11288.6 -198.572
11235.2 -124.372 11302.6 -192.064
11249.2 -126.976 11316.3 -173.839
11263.2 -134.786 11330.3 -175.141
11276.9 -119.165 11343.7 -158.218
11290.6 -125.674 11358.9 -184.253
11304.3 -137.39 11372.6 -168.632
11318 -120.467 11385.2 -181.65
11331.8 -129.579 11399.2 -154.313
11345.5 -119.165 11412.3 -207.685
11360.9 -133.485 11427.2 -202.478
11373.2 -117.864 11441.5 -179.046
11387.5 -115.26 11454.6 -192.064
11401.2 -91.8285 11468.3 -188.158
11414.9 -121.769 11482.3 -150.407
11428.6 -104.846 11496.6 -167.33
11442.9 -146.502 11510.6 -190.762
11456.1 -104.846 11523.8 -192.064
11470.4 -100.941 11538.7 -169.934
11484.4 -97.0355 11551.2 -176.443
11497.5 -134.786 11565.8 -177.744
11511.2 -136.088 11578.9 -163.425
11524.9 -132.183 11593.2 -190.762
11539 -95.7337 11607.5 -168.632
11553.3 -117.864 11621 -160.822
11567.6 -134.786 11634.4 -185.555
11580.1 -115.26 11648.4 -197.271
11595.3 -138.692 11661.8 -173.839
11608.1 -142.597 11676.1 -160.822
11621.5 -134.786 11690.4 -162.123
11635 -99.639 11704.4 -222.004
11649.6 -119.165 11717 -180.348
11663.6 -116.562 11731.3 -199.874
11677.9 -116.562 11745.9 -219.401
11690.1 -108.751 11759.3 -190.762
11704.7 -124.372 11773.3 -180.348
11718.8 -108.751 11787.1 -180.348
11732.2 -112.657 11799.9 -188.158
11745.9 -121.769 11814.8 -154.313
11759.9 -95.7337 11828.8 -185.555
11774.5 -123.071 11842 -188.158
11787.4 -85.3197 11856.5 -192.064
11800.8 -141.295 11870.9 -231.116
11815.7 -94.432 11882.8 -236.323
11828.8 -81.4144 11898 -236.323
11843.4 -143.899 11911.1 -229.815
11856 -95.7337 11924.6 -203.779
11870.9 -106.148 11938.9 -228.513
11883.4 -124.372 11952.6 -206.383
11897.1 -87.9232 11967.2 -179.046
11911.7 -85.3197 11980.1 -194.667
11925.7 -60.5863 11994.9 -207.685
11940 -78.8109 12009 -212.892
11953.5 -86.6215 12021.5 -222.004
11968.1 -99.639 12035.8 -212.892
11980.4 -111.355 12049 -216.797
11994.4 -98.3372 12064.2 -216.797
12008.4 -115.26 12077.3 -160.822
12022.4 -85.3197 12092.2 -172.537
12035.5 -90.5267 12105.9 -175.141
12049.8 -84.0179 12119.4 -177.744
12063.3 -68.3969 12133.1 -175.141
12077 -69.6986 12147.4 -198.572
12091 -64.4916 12161.7 -205.081
12105.6 -91.8285 12174.9 -205.081
12118.8 -76.2074 12188.3 -177.744
12131.6 -77.5092 12202 -173.839
12146.5 -85.3197 12214.9 -153.011
12160 -86.6215 12229.8 -142.597
12174.3 -91.8285 12243.5 -163.425
12187.4 -78.8109 12256.9 -158.218
12201.4 -48.8705 12271.8 -171.236
12215.5 -35.853 12286.2 -166.029
12228.6 -44.9653 12299.6 -192.064
12242.9 -30.646 12313.3 -189.46
12255.8 -34.5512 12326.8 -168.632
12270.7 -20.2319 12340.5 -153.011
12284.4 -54.0776 12354.5 -155.615
12299.3 -68.3969 12368.6 -175.141
12312.2 -43.6635 12382.9 -162.123
12326.2 -42.3617 12396.3 -158.218
12340.2 -37.1547 12409.8 -181.65
12353.9 -12.4214 12424.1 -171.236
12367.1 -9.81786 12436.9 -163.425
12380.8 7.10496 12451.5 -151.709
12394.8 -25.4389 12465.6 -184.253
12408.9 13.6137 12479.3 -167.33
12422.9 -18.9302 12493 -215.495
12436.3 -29.3442 12507.1 -155.615
12450.1 -18.9302 12520.8 -123.071
12463.8 -4.61084 12534.5 -142.597
12477.5 21.4243 12548.6 -139.993
12491 47.4594 12562 -115.26
12505 20.1225 12576 -134.786
12519 74.7963 12589.8 -137.39
12533.6 16.2173 12604.4 -128.278
12546.5 33.1401 12617.8 -117.864
12561.1 9.70847 12631.3 -155.615
12574 1.89794 12645 -147.804
12587.4 42.2524 12659 -151.709
12601.8 18.8208 12673.1 -87.9232
12615.5 47.4594 12686.8 -106.148
12629.5 72.1928 12701.4 -94.432
12643 68.2875 12715.2 -102.243
12657.3 113.849 12727.7 -121.769
12669.6 93.0208 12742.1 -134.786
12684.5 98.2279 12756.4 -119.165
12698.2 83.9085 12770.4 -121.769
12712 52.6664 12784.2 -104.846
12725.7 35.7436 12797.6 -115.26
12740.6 56.5717 12811.9 -100.941
12754.4 87.8138 12825.7 -72.3021
12766.9 125.565 12838.9 -74.9056
12781 112.547 12852.6 -81.4144
12795.6 113.849 12866.3 -56.6811
12808.4 162.014 12881.3 -95.7337
12822.8 104.737 12894.4 -111.355
12836.8 112.547 12908.1 -108.751
12850.3 82.6068 12921.9 -112.657
12864 124.263 12935.9 -119.165
12877.7 104.737 12949.7 -85.3197
12891.8 103.435 12962.8 -29.3442
12905.8 145.091 12977.8 -29.3442
12919.3 155.505 12992.1 -30.646
12933.3 148.996 13005.5 -64.4916
12946.8 172.428 13019.6 -74.9056
12960.8 152.902 13033 -55.3793
12975.4 141.186 13046.5 -97.0355
12987.4 164.617 13060.8 -86.6215
13002.3 160.712 13075.2 -31.9477
13016.4 154.203 13088.6 17.519
13029.5 167.221 13101.8 9.70847
13044.1 203.67 13115.5 39.6489
13057 177.635 13129.8 27.9331
13071.6 244.025 13143.3 -11.1196
13085.1 217.989 13157.6 -30.646
13098.8 216.688 13172.3 -65.7934
13112.6 224.498 13185.1 -52.7758
13126.6 201.067 13199.2 -29.3442
13139.8 210.179 13213.2 -16.3266
13154.4 212.782 13227 40.9506
13167.9 177.635 13240.7 14.9155
13181.3 177.635 13255.1 39.6489
13195.1 215.386 13268.8 35.7436
13209.4 233.61 13282.9 31.8383
13221.7 211.481 13295.7 31.8383
13236.6 253.137 13309.5 20.1225
13250.7 260.947 13323.5 0.596186
13264.7 258.344 13337.9 16.2173
13277.9 241.421 13351.6 39.6489
13291.4 259.646 13366.6 57.8734
13305.4 233.61 13379.1 104.737
13319.1 251.835 13392.9 93.0208
13333.2 223.196 13407.5 59.1752
13346.9 258.344 13421.3 90.4173
13360.7 302.604 13435.3 78.7015
13374.5 277.87 13448.8 70.891
13388.8 292.189 13462.3 83.9085
13402 297.397 13476.6 87.8138
13415.1 292.189 13491.2 95.6243
13429.5 292.189 13503.8 109.944
13443.8 303.905 13518.2 132.074
13457.9 311.716 13532.5 129.47
13471.3 323.432 13546.3 156.807
13485.1 279.172 13560 156.807
13498.3 302.604 13574.1 143.789
13512.9 374.2 13587.2 132.074
13526.9 320.828 13601.6 141.186
13540.1 355.975 13615.3 155.505
13553.9 314.319 13629.1 138.582
13568.5 367.691 13643.4 130.772
13582 315.621 13657.2 164.617
13594.8 340.354 13671.5 186.747
13609.2 345.561 13684.4 202.368
13622.6 335.147 13697.9 219.291
13636.7 378.105 13712.2 207.575
13650.2 395.028 13726.9 225.8
13664.5 411.951 13740 233.61
13677.4 408.046 13753.2 214.084
13691.2 389.821 13767.9 212.782
13705.8 384.614 13782.5 208.877
13719.3 395.028 13796.3 257.042
13733.9 379.407 13809.1 244.025
13746.8 393.726 13824.1 294.793
13761.4 393.726 13837.6 298.698
13774.3 393.726 13852.8 290.888
13788.1 458.814 13867.1 319.526
13801.5 432.779 13881.8 310.414
13816.2 434.081 13893.8 327.337
13829.9 462.719 13898.7 329.94
13843.4 424.969 13884.7 328.639
13858.3 375.502 13870.6 367.691
