7013.87 -244.134 7027.94 -216.797
7005.07 -149.106 7042.01 -302.713
7001.55 -123.071 7055.5 -268.867
7009.18 -112.657 7070.15 -266.264
7021.49 -130.881 7083.34 -305.316
7034.98 -155.615 7097.12 -253.246
7049.93 -145.2 7111.48 -297.506
7063.7 -168.632 7125.26 -253.246
7077.48 -145.2 7139.03 -251.944
7091.55 -167.33 7152.81 -227.211
7103.86 -153.011 7165.41 -259.755
7119.11 -151.709 7179.77 -261.057
7132.88 -137.39 7193.84 -262.358
7147.54 -147.804 7208.2 -276.678
7160.43 -158.218 7221.97 -237.625
7175.67 -138.692 7236.33 -258.453
7188.56 -181.65 7249.51 -238.927
7201.16 -154.313 7262.11 -244.134
7216.7 -153.011 7277.06 -254.548
7229.88 -137.39 7291.41 -238.927
7243.65 -163.425 7304.6 -264.962
7258.01 -142.597 7318.07 -270.169
7271.49 -125.674 7331.84 -254.548
7284.97 -149.106 7345.9 -279.281
7298.74 -128.278 7360.26 -270.169
7312.51 -159.52 7374.32 -279.281
7327.16 -149.106 7388.38 -222.004
7340.34 -136.088 7400.97 -225.909
7354.98 -159.52 7415.03 -227.211
7368.46 -159.52 7428.8 -231.116
7382.52 -151.709 7442.56 -238.927
7396.29 -125.674 7455.74 -249.341
7409.47 -138.692 7470.38 -272.773
7423.52 -126.976 7484.15 -236.323
7437 -104.846 7497.03 -237.625
7451.64 -147.804 7513.14 -214.194
7464.82 -129.579 7526.02 -229.815
7478.58 -175.141 7538.61 -205.081
7493.23 -160.822 7553.25 -222.004
7507.28 -164.727 7567.31 -238.927
7520.17 -94.432 7581.07 -240.229
7535.1 -143.899 7594.54 -227.211
7548.57 -151.709 7609.47 -258.453
7562.04 -158.218 7622.35 -194.667
7575.51 -125.674 7636.69 -224.608
7590.14 -137.39 7650.74 -207.685
7603.32 -146.502 7664.21 -218.099
7616.79 -119.165 7677.67 -216.797
7630.54 -138.692 7691.72 -237.625
7645.77 -149.106 7706.36 -276.678
7658.65 -136.088 7718.65 -253.246
7672.7 -153.011 7733.58 -254.548
7686.45 -150.407 7747.33 -227.211
7700.21 -136.088 7760.5 -244.134
7713.97 -123.071 7774.84 -218.099
7728.31 -121.769 7788.89 -210.288
7742.36 -153.011 7802.93 -215.495
7755.82 -133.485 7816.1 -240.229
7769.28 -166.029 7830.44 -244.134
7782.74 -154.313 7843.02 -223.306
7797.08 -160.822 7857.94 -242.832
7810.25 -136.088 7871.11 -263.66
7824.29 -147.804 7886.03 -254.548
7839.22 -149.106 7899.78 -235.022
7852.38 -159.52 7912.95 -215.495
7866.72 -155.615 7926.7 -201.176
7880.18 -163.425 7940.74 -199.874
7892.76 -111.355 7954.78 -203.779
7907.97 -168.632 7968.23 -233.72
7921.43 -166.029 7982.57 -227.211
7935.47 -116.562 7995.14 -227.211
7949.51 -116.562 8009.18 -254.548
7963.26 -116.562 8024.39 -223.306
7977.3 -147.804 8038.14 -195.969
7989.88 -163.425 8051.89 -192.064
8004.21 -150.407 8065.34 -207.685
8018.54 -147.804 8078.79 -210.288
8032.29 -99.639 8091.66 -215.495
8046.62 -163.425 8106.28 -228.513
8059.49 -138.692 8121.19 -237.625
8073.82 -139.993 8134.35 -245.436
8087.56 -137.39 8148.39 -242.832
8101.31 -146.502 8162.13 -219.401
8114.47 -163.425 8175.29 -233.72
8127.63 -124.372 8189.61 -210.288
8141.95 -150.407 8203.06 -236.323
8156.57 -177.744 8217.68 -190.762
8169.73 -150.407 8231.42 -223.306
8184.06 -136.088 8245.16 -189.46
8197.22 -154.313 8259.19 -202.478
8210.95 -145.2 8272.93 -219.401
8225.86 -112.657 8286.67 -188.158
8239.02 -107.45 8301.58 -194.667
8253.05 -150.407 8315.02 -189.46
8266.21 -139.993 8327.88 -175.141
8280.53 -132.183 8341.91 -162.123
8293.98 -141.295 8355.94 -205.081
8308.01 -153.011 8369.09 -210.288
8321.75 -123.071 8382.83 -195.969
8336.07 -120.467 8397.15 -211.59
8350.39 -138.692 8411.76 -198.572
8363.25 -162.123 8424.33 -211.59
8377.57 -155.615 8438.94 -208.986
8390.72 -160.822 8452.38 -182.951
8405.04 -154.313 8466.12 -223.306
8419.65 -142.597 8480.14 -208.986
8432.22 -166.029 8494.17 -168.632
8445.95 -128.278 8507.32 -190.762
8460.27 -155.615 8522.22 -205.081
8473.72 -143.899 8535.66 -220.702
8487.45 -129.579 8549.39 -171.236
8501.18 -134.786 8562.83 -185.555
8515.5 -136.088 8577.14 -166.029
8529.52 -123.071 8591.17 -189.46
8542.38 -141.295 8604.9 -201.176
8556.69 -150.407 8618.33 -197.271
8570.72 -155.615 8632.36 -208.986
8584.74 -139.993 8646.09 -177.744
8598.76 -153.011 8659.82 -231.116
8612.2 -137.39 8673.84 -169.934
8624.76 -149.106 8687.56 -232.418
8639.66 -151.709 8701.58 -195.969
8653.68 -129.579 8715.9 -180.348
8666.83 -141.295 8729.62 -205.081
8681.43 -133.485 8742.47 -210.288
8694.58 -149.106 8756.2 -195.969
8708.89 -154.313 8771.39 -223.306
8722.61 -146.502 8784.53 -185.555
8736.63 -142.597 8798.26 -177.744
8750.36 -120.467 8812.27 -172.537
8763.5 -171.236 8826.29 -182.951
8776.94 -169.934 8839.72 -173.839
8791.83 -139.993 8853.45 -212.892
8806.14 -181.65 8868.34 -173.839
8819.28 -146.502 8881.48 -181.65
8832.13 -143.899 8895.5 -179.046
8847.32 -150.407 8908.93 -171.236
8860.45 -141.295 8923.53 -146.502
8873.89 -132.183 8937.25 -171.236
8887.61 -115.26 8950.68 -208.986
8901.63 -132.183 8964.99 -180.348
8915.06 -146.502 8977.54 -180.348
8929.66 -158.218 8991.55 -199.874
8943.96 -169.934 9006.44 -219.401
8957.1 -172.537 9019.87 -197.271
8970.53 -153.011 9033.3 -188.158
8985.13 -137.39 9047.9 -168.632
8998.85 -146.502 9060.74 -192.064
9012.86 -153.011 9075.04 -190.762
9025.71 -110.053 9088.18 -198.572
9040.89 -146.502 9103.36 -197.271
9054.03 -153.011 9115.62 -220.702
9068.33 -142.597 9130.8 -197.271
9082.05 -125.674 9144.22 -192.064
9095.77 -159.52 9157.36 -205.081
9108.61 -137.39 9171.66 -212.892
9123.21 -132.183 9186.25 -188.158
9136.93 -173.839 9199.68 -194.667
9150.65 -139.993 9213.69 -210.288
9164.65 -124.372 9226.82 -212.892
9178.66 -160.822 9240.54 -220.702
9192.38 -132.183 9255.13 -189.46
9206.1 -145.2 9268.55 -190.762
9219.82 -115.26 9282.27 -205.081
9232.95 -153.011 9296.86 -202.478
9247.83 -134.786 9310.58 -172.537
9261.55 -158.218 9323.13 -180.348
9275.27 -146.502 9338.01 -180.348
9288.4 -137.39 9350.85 -229.815
9303.28 -146.502 9365.15 -194.667
9316.12 -150.407 9379.15 -195.969
9328.67 -145.2 9392.87 -189.46
9344.43 -149.106 9406.88 -214.194
9358.73 -142.597 9420.88 -182.951
9372.15 -181.65 9435.18 -186.857
9384.12 -104.846 9448.6 -194.667
9398.7 -146.502 9462.61 -190.762
9413.59 -130.881 9475.74 -190.762
9426.42 -145.2 9490.62 -205.081
9440.72 -125.674 9504.04 -188.158
9454.73 -151.709 9518.04 -192.064
9467.57 -128.278 9532.05 -211.59
9481.86 -147.804 9545.47 -172.537
9496.16 -146.502 9559.47 -194.667
9509 -133.485 9573.18 -207.685
9523 -138.692 9587.48 -193.365
9537.01 -132.183 9600.32 -220.702
9551.3 -147.804 9614.9 -181.65
9564.43 -159.52 9628.32 -192.064
9578.73 -167.33 9642.91 -176.443
9592.15 -173.839 9655.45 -169.934
9606.15 -136.088 9669.75 -173.839
9620.15 -133.485 9683.17 -190.762
9632.99 -179.046 9698.04 -181.65
9648.74 -163.425 9711.46 -158.218
9661.58 -125.674 9725.17 -173.839
9675.29 -139.993 9737.72 -188.158
9689.29 -175.141 9753.18 -214.194
9703.29 -128.278 9765.72 -199.874
9716.71 -141.295 9781.18 -220.702
9730.13 -172.537 9794.31 -179.046
9745.3 -132.183 9808.02 -195.969
9757.84 -158.218 9821.72 -181.65
9771.85 -137.39 9835.14 -181.65
9786.43 -128.278 9849.73 -141.295
9799.56 -172.537 9863.14 -180.348
9814.14 -160.822 9877.15 -159.52
9827.56 -139.993 9890.56 -219.401
9840.98 -137.39 9905.44 -180.348
9855.56 -155.615 9918.56 -202.478
9869.27 -132.183 9932.27 -179.046
9882.1 -130.881 9946.56 -164.727
9896.69 -138.692 9960.27 -181.65
9910.69 -143.899 9973.69 -179.046
9924.69 -154.313 9988.56 -171.236
9937.81 -163.425 10000.8 -153.011
9951.23 -162.123 10016.3 -193.365
9966.69 -139.993 10030 -193.365
9979.23 -130.881 10043.4 -214.194
9993.23 -123.071 10057.4 -205.081
10007.8 -177.744 10070.8 -205.081
10019.8 -123.071 10084.8 -188.158
10033.2 -129.579 10099.4 -162.123
10048.6 -108.751 10111.9 -169.934
10061.8 -149.106 10126.5 -176.443
10075.5 -132.183 10140.8 -173.839
10090.6 -146.502 10154.2 -142.597
10103.2 -149.106 10168.2 -218.099
10116.6 -137.39 10181.9 -195.969
10131.2 -150.407 10195.9 -188.158
10144.3 -155.615 10209.3 -201.176
10159.2 -147.804 10223.1 -181.65
10172.6 -181.65 10236.5 -173.839
10186 -125.674 10250.5 -129.579
10200 -154.313 10265.1 -192.064
10214.3 -141.295 10279 -207.685
10227.4 -117.864 10292.8 -162.123
10241.4 -125.674 10306.2 -181.65
10255.7 -142.597 10320.5 -206.383
10268.5 -141.295 10334.2 -189.46
10283.1 -137.39 10347.6 -150.407
10297.1 -129.579 10362.2 -176.443
10309.7 -136.088 10374.4 -155.615
10324.5 -138.692 10389.3 -176.443
10338 -128.278 10402.7 -192.064
10350.5 -162.123 10417.3 -167.33
10365.4 -126.976 10430.4 -199.874
10379.4 -151.709 10445 -145.2
10392.5 -160.822 10458.4 -193.365
10407.7 -155.615 10471.2 -176.443
10420.5 -124.372 10486.1 -201.176
10434.8 -156.916 10499.5 -181.65
10448.8 -172.537 10513.8 -147.804
10461.9 -163.425 10527.5 -194.667
10476.5 -125.674 10541.2 -154.313
10489.9 -108.751 10555 -164.727
10503.3 -132.183 10568.4 -188.158
10517.6 -176.443 10582.4 -179.046
10531.6 -168.632 10597.2 -203.779
10544.2 -139.993 10610.6 -156.916
10559 -158.218 10624.4 -167.33
10573 -160.822 10638.6 -155.615
10586.7 -124.372 10652.6 -143.899
10600.1 -184.253 10664.9 -169.934
10613.6 -142.597 10680.1 -137.39
10628.1 -110.053 10694.1 -155.615
10641.6 -132.183 10707.2 -160.822
10655.9 -159.52 10721.2 -168.632
10669.9 -146.502 10734.9 -155.615
10683.6 -137.39 10748.6 -192.064
10697.6 -158.218 10763.2 -119.165
10710.7 -163.425 10776.9 -173.839
10724.1 -151.709 10791.2 -154.313
10738.7 -176.443 10804.9 -163.425
10752.1 -123.071 10818.3 -173.839
10766.4 -132.183 10832 -173.839
10779.8 -120.467 10846.3 -184.253
10793.5 -112.657 10859.7 -173.839
10806.6 -130.881 10874 -167.33
10821.2 -163.425 10887.7 -151.709
10835.2 -121.769 10901.5 -162.123
10849.2 -168.632 10914.9 -160.822
10862.9 -176.443 10928.6 -169.934
10876.6 -166.029 10942 -159.52
10889.8 -137.39 10955.7 -171.236
10904.4 -95.7337 10970.6 -159.52
10918.1 -125.674 10984.6 -194.667
10931.8 -147.804 10998 -173.839
10945.8 -132.183 11012 -150.407
10958.6 -134.786 11025.7 -173.839
10972.9 -158.218 11039.1 -169.934
10987.2 -153.011 11052.5 -171.236
11000.9 -142.597 11067.7 -151.709
11014.9 -146.502 11081.4 -180.348
11028 -153.011 11095.1 -155.615
11042 -121.769 11108.3 -154.313
11056.1 -123.071 11121.7 -192.064
11069.2 -123.071 11136.6 -182.951
11084.1 -99.639 11150.9 -180.348
11096.6 -108.751 11164.6 -155.615
11110.6 -153.011 11176.8 -149.106
11125.5 -164.727 11192.6 -176.443
11138 -150.407 11205.7 -182.951
11152.6 -132.183 11219.1 -154.313
11166 -149.106 11233.1 -171.236
11180.3 -90.5267 11246.9 -177.744
11194.3 -85.3197 11261.4 -184.253
11207.2 -110.053 11275.1 -169.934
11221.5 -159.52 11288 -184.253
11234.9 -134.786 11302.9 -198.572
11248.6 -149.106 11315.7 -171.236
11262.9 -160.822 11328.8 -151.709
11276.6 -143.899 11344.3 -179.046
11290.6 -159.52 11357.1 -146.502
11304.9 -151.709 11371.7 -142.597
11317.5 -121.769 11385.7 -136.088
11331.5 -139.993 11399.8 -202.478
11346 -111.355 11413.8 -199.874
11359.8 -141.295 11427.5 -159.52
11372.6 -171.236 11440.9 -168.632
11387.5 -129.579 11454.6 -201.176
11400.6 -154.313 11467.7 -194.667
11414.6 -143.899 11482.6 -171.236
11428.1 -153.011 11496.6 -198.572
11442.1 -117.864 11509.8 -182.951
11456.4 -124.372 11524.4 -193.365
11470.4 -100.941 11537.8 -207.685
11483.8 -160.822 11551.5 -216.797
11497.2 -149.106 11565.5 -168.632
11511.5 -119.165 11579.2 -179.046
11524.6 -167.33 11592.9 -169.934
11539 -149.106 11607.2 -211.59
11552.4 -168.632 11621.3 -163.425
11566.7 -150.407 11634.4 -160.822
11580.7 -133.485 11649 -167.33
11595 -130.881 11662.1 -188.158
11608.7 -121.769 11676.1 -198.572
11621.8 -137.39 11690.1 -194.667
11636.4 -164.727 11704.4 -163.425
11649 -141.295 11717.3 -219.401
11663 -151.709 11731.6 -179.046
11677.3 -147.804 11745.6 -208.986
11690.7 -130.881 11759.3 -184.253
11704.7 -146.502 11774.2 -172.537
11718.2 -149.106 11787.4 -211.59
11733.1 -141.295 11800.5 -197.271
11746.2 -126.976 11814.5 -225.909
11759.6 -156.916 11828.2 -236.323
11774.2 -145.2 11842.5 -169.934
11786.2 -154.313 11856 -219.401
11801.6 -169.934 11870.3 -188.158
11815.1 -132.183 11883.4 -168.632
11829.1 -124.372 11898.6 -181.65
11842.5 -126.976 11910.9 -199.874
11856.5 -113.958 11924.6 -190.762
11870.6 -124.372 11938.3 -197.271
11884 -132.183 11953.8 -189.46
11898 -132.183 11966 -189.46
11911.1 -128.278 11980.6 -199.874
11926.9 -137.39 11994.4 -158.218
11939.8 -126.976 12009 -201.176
11953.8 -86.6215 12022.1 -189.46
11966.6 -124.372 12036.1 -163.425
11981.2 -108.751 12050.7 -185.555
11995.2 -120.467 12063.3 -205.081
12007.8 -112.657 12077.9 -188.158
12021.8 -124.372 12091.6 -208.986
12035.3 -108.751 12105.9 -215.495
12050.4 -102.243 12117.9 -176.443
12063.9 -103.544 12132.8 -224.608
12077.6 -110.053 12146.8 -198.572
12091.3 -112.657 12160.8 -153.011
12105.3 -78.8109 12174 -206.383
12119.1 -65.7934 12188.9 -172.537
12132.2 -94.432 12202.3 -198.572
12146.8 -80.1127 12216 -224.608
12159.7 -95.7337 12229.5 -227.211
12174 -73.6039 12243.8 -207.685
12187.4 -78.8109 12256.6 -216.797
12202.6 -74.9056 12271.3 -188.158
12214.6 -84.0179 12285.6 -194.667
12229.2 -61.8881 12299.3 -194.667
12242.9 -30.646 12312.7 -219.401
12257.5 -22.8354 12327.1 -216.797
12271 -20.2319 12340.2 -225.909
12284.1 -50.1723 12354.5 -189.46
12298.4 -42.3617 12368.6 -172.537
12311.6 -31.9477 12382.9 -190.762
12326.5 -55.3793 12395.7 -211.59
12339.9 -55.3793 12409.2 -181.65
12353.1 -28.0424 12423.8 -184.253
12366.5 -25.4389 12437.5 -189.46
12381.7 0.596186 12451.5 -199.874
12394.6 14.9155 12465.9 -206.383
12408.9 1.89794 12479.6 -164.727
12422 -5.91259 12492.1 -193.365
12436.9 16.2173 12507.1 -153.011
12449.5 -5.91259 12521.1 -166.029
12464.4 -3.30908 12533.9 -176.443
12478.1 31.8383 12548.9 -169.934
12491.6 -8.5161 12562.9 -141.295
12505 14.9155 12575.7 -167.33
12519 35.7436 12588.9 -182.951
12532.2 43.5541 12604.1 -177.744
12545.9 31.8383 12616.7 -154.313
12560.8 60.4769 12631.6 -143.899
12573.7 57.8734 12644.7 -151.709
12589.2 48.7611 12659.9 -119.165
12601.8 14.9155 12672.8 -142.597
12615.8 42.2524 12686.2 -134.786
12629.2 64.3822 12700.5 -155.615
12643.5 81.305 12714 -145.2
12657.6 80.0033 12728.3 -158.218
12670.7 103.435 12742.6 -138.692
12684.5 142.488 12755.8 -121.769
12697.9 119.056 12769.6 -117.864
12712.5 103.435 12784.2 -107.45
12726.6 91.7191 12798.5 -112.657
12740 59.1752 12811.1 -153.011
12752.9 35.7436 12825.1 -111.355
12767.5 60.4769 12839.4 -149.106
12780.1 77.3998 12852.3 -119.165
12794.7 120.358 12866.3 -129.579
12808.7 145.091 12880.7 -113.958
12822.8 143.789 12895 -107.45
12837.1 178.937 12908.1 -107.45
12849.4 145.091 12922.5 -69.6986
12864 146.393 12936.5 -74.9056
12878 122.961 12950.3 -110.053
12892.1 125.565 12963.4 -108.751
12904.9 108.642 12977.5 -103.544
12919.3 129.47 12992.4 -95.7337
12932.7 125.565 13005.8 -111.355
12947.3 177.635 13018.7 -61.8881
12961.7 227.102 13033 -81.4144
12974.8 210.179 13046.8 -74.9056
12988.3 211.481 13060.8 -33.2495
13001.2 178.937 13074.3 -22.8354
13015.8 168.523 13088.6 -15.0249
13028.6 177.635 13102.7 -46.267
13043.6 180.238 13115.5 -72.3021
13057 162.014 13130.1 -76.2074
13071.4 164.617 13143.6 -33.2495
13084.8 206.274 13157.6 -37.1547
13098.8 253.137 13171.1 -22.8354
13111.7 233.61 13184.6 17.519
13126 199.765 13199.2 -13.7231
13139.5 177.635 13213.2 21.4243
13153.8 215.386 13226.4 34.4418
13167.9 195.86 13241.3 -28.0424
13181.3 197.161 13255.1 -21.5337
13195.1 214.084 13268.5 -21.5337
13208.6 217.989 13282 3.1997
13222.6 237.516 13295.7 -20.2319
13236.4 259.646 13310.1 38.3471
13250.7 276.568 13324.4 35.7436
13263.9 251.835 13337.3 51.3647
13277.9 238.817 13352.5 33.1401
13291.4 260.947 13365.7 38.3471
13304.8 238.817 13379.4 35.7436
13319.4 254.439 13393.5 30.5366
13333.8 277.87 13407.2 61.7787
13347.2 284.379 13421 17.519
13361.6 271.361 13434.2 55.2699
13374.5 313.018 13448.8 85.2103
13389.1 303.905 13462 50.0629
13402.8 307.811 13476 91.7191
13415.1 313.018 13490.9 61.7787
13429.2 314.319 13504.1 85.2103
13443.2 327.337 13518.2 100.831
13457.9 329.94 13531.6 102.133
13470.1 313.018 13546.3 129.47
13484.8 331.242 13559.7 96.9261
13498.5 341.656 13573.5 99.5296
13512.9 314.319 13587.8 148.996
13525.5 314.319 13601 125.565
13540.1 354.674 13615 146.393
13554.4 345.561 13628.5 132.074
13568.2 388.519 13643.1 211.481
13582 361.182 13657.2 181.54
13594.8 385.916 13670.7 190.653
13609.2 379.407 13685 162.014
13622.6 384.614 13698.8 184.144
13636.1 393.726 13711.9 207.575
13650.8 361.182 13726.3 164.617
13664.8 346.863 13740.9 233.61
13678.3 392.425 13753.8 236.214
13692 417.158 13767.6 257.042
13706.4 411.951 13781.6 276.568
13720.1 410.649 13796.8 260.947
13732.4 385.916 13809.4 270.06
13747.1 393.726 13824.4 257.042
13762 431.477 13838.7 262.249
13774.3 408.046 13852.8 280.474
13788.6 404.14 13867.4 277.87
13802.4 417.158 13880.9 266.154
13815.3 421.063 13894.1 327.337
13829.4 449.702 13898.5 342.958
13844 447.098 13885 344.26
13857.2 404.14 13870.9 414.554
