7013.87 -231.116 7027.94 -240.229
7004.49 -167.33 7042.6 -232.418
7000.97 -139.993 7056.08 -251.944
7009.18 -184.253 7070.45 -262.358
7021.49 -149.106 7082.76 -237.625
7035.56 -138.692 7098 -241.53
7049.93 -180.348 7111.19 -207.685
7064.29 -138.692 7124.67 -212.892
7076.6 -129.579 7139.03 -193.365
7091.26 -137.39 7152.22 -222.004
7104.45 -151.709 7166 -253.246
7118.52 -153.011 7180.07 -222.004
7132.88 -128.278 7194.43 -253.246
7146.95 -151.709 7207.03 -238.927
7161.02 -138.692 7221.97 -237.625
7173.91 -151.709 7236.04 -218.099
7188.27 -141.295 7249.51 -210.288
7202.34 -167.33 7263.29 -216.797
7216.4 -142.597 7276.47 -186.857
7230.18 -143.899 7292 -212.892
7243.65 -147.804 7304.89 -228.513
7257.43 -188.158 7318.66 -220.702
7271.78 -111.355 7331.84 -194.667
7285.85 -125.674 7346.78 -227.211
7298.74 -110.053 7359.67 -225.909
7313.09 -133.485 7374.32 -175.141
7326.57 -134.786 7388.38 -158.218
7340.05 -158.218 7400.97 -175.141
7354.98 -168.632 7415.32 -184.253
7369.05 -147.804 7429.09 -172.537
7381.93 -117.864 7442.85 -184.253
7395.7 -145.2 7456.62 -192.064
7410.64 -150.407 7470.38 -181.65
7423.82 -143.899 7484.15 -211.59
7437 -128.278 7498.79 -215.495
7452.23 -143.899 7512.26 -197.271
7465.7 -167.33 7525.73 -186.857
7479.17 -201.176 7539.49 -173.839
7492.93 -212.892 7552.96 -177.744
7506.99 -159.52 7567.01 -194.667
7519.87 -153.011 7581.36 -182.951
7533.93 -139.993 7594.83 -220.702
7549.45 -129.579 7608 -212.892
7562.04 -137.39 7621.76 -203.779
7575.8 -137.39 7636.11 -194.667
7590.14 -142.597 7650.74 -186.857
7602.73 -158.218 7664.5 -149.106
7616.2 -137.39 7677.67 -195.969
7630.84 -194.667 7692.01 -166.029
7644.89 -153.011 7705.19 -169.934
7657.77 -146.502 7719.53 -199.874
7672.7 -146.502 7734.16 -193.365
7686.75 -151.709 7747.04 -171.236
7699.92 -123.071 7760.5 -210.288
7714.26 -123.071 7775.43 -197.271
7728.6 -125.674 7788.89 -205.081
7741.77 -160.822 7802.64 -156.916
7754.94 -205.081 7815.52 -184.253
7769.57 -184.253 7830.15 -168.632
7783.91 -155.615 7843.61 -158.218
7797.08 -153.011 7857.65 -192.064
7810.54 -133.485 7871.11 -185.555
7824.29 -130.881 7886.62 -219.401
7838.92 -151.709 7899.49 -203.779
7851.8 -125.674 7912.65 -168.632
7867.31 -132.183 7927.57 -171.236
7880.47 -181.65 7940.45 -175.141
7893.05 -150.407 7954.78 -185.555
7906.51 -176.443 7969.4 -184.253
7922.31 -162.123 7982.27 -173.839
7934.59 -151.709 7996.02 -163.425
7948.93 -137.39 8009.77 -184.253
7963.55 -102.243 8023.22 -153.011
7977.01 -107.45 8037.85 -190.762
7990.17 -126.976 8052.18 -195.969
8004.21 -149.106 8064.75 -164.727
8017.96 -153.011 8079.08 -138.692
8032 -179.046 8093.12 -146.502
8046.03 -188.158 8107.16 -185.555
8059.78 -134.786 8121.19 -166.029
8072.65 -155.615 8134.94 -193.365
8088.15 -145.2 8148.68 -180.348
8101.6 -146.502 8162.13 -164.727
8114.47 -153.011 8176.75 -194.667
8128.21 -147.804 8189.9 -160.822
8142.54 -163.425 8203.94 -164.727
8155.99 -137.39 8217.1 -193.365
8169.44 -160.822 8230.54 -156.916
8184.35 -176.443 8245.45 -146.502
8197.51 -155.615 8259.48 -186.857
8211.83 -181.65 8272.93 -175.141
8225.28 -162.123 8285.79 -172.537
8239.31 -149.106 8300.41 -173.839
8252.47 -154.313 8314.44 -199.874
8267.08 -138.692 8327.88 -179.046
8280.24 -155.615 8342.21 -134.786
8294.56 -149.106 8355.94 -156.916
8307.42 -153.011 8369.68 -212.892
8322.04 -176.443 8384.29 -199.874
8336.36 -150.407 8397.15 -190.762
8349.51 -168.632 8410.89 -181.65
8364.13 -143.899 8425.21 -186.857
8376.99 -115.26 8438.94 -205.081
8391.31 -124.372 8452.38 -146.502
8404.46 -141.295 8466.99 -162.123
8418.49 -143.899 8480.14 -154.313
8432.8 -164.727 8493.88 -185.555
8446.25 -166.029 8508.19 -153.011
8459.98 -143.899 8521.64 -167.33
8474.01 -137.39 8535.66 -192.064
8487.45 -120.467 8549.39 -188.158
8501.77 -119.165 8562.25 -167.33
8515.2 -134.786 8576.85 -176.443
8528.94 -162.123 8591.75 -181.65
8542.67 -139.993 8604.9 -121.769
8557.28 -150.407 8618.04 -151.709
8571.3 -147.804 8632.36 -154.313
8584.16 -149.106 8646.38 -167.33
8598.76 -130.881 8659.82 -214.194
8612.2 -129.579 8674.71 -199.874
8625.05 -134.786 8688.15 -201.176
8640.24 -192.064 8701 -185.555
8653.1 -176.443 8714.73 -172.537
8667.41 -150.407 8729.33 -185.555
8680.85 -142.597 8742.77 -116.562
8694.58 -132.183 8757.66 -150.407
8709.47 -141.295 8770.51 -171.236
8723.49 -150.407 8784.24 -181.65
8736.05 -141.295 8798.55 -188.158
8750.65 -124.372 8812.27 -199.874
8763.5 -167.33 8825.41 -175.141
8777.52 -151.709 8840.31 -190.762
8791.54 -132.183 8853.16 -184.253
8805.56 -119.165 8868.05 -136.088
8819.28 -121.769 8880.9 -113.958
8833.59 -113.958 8894.62 -171.236
8847.02 -104.846 8908.93 -171.236
8860.16 -154.313 8923.23 -185.555
8874.47 -154.313 8937.25 -212.892
8887.9 -132.183 8950.1 -179.046
8902.21 -151.709 8964.99 -216.797
8915.93 -159.52 8978.41 -179.046
8929.95 -159.52 8991.85 -184.253
8943.09 -173.839 9006.44 -166.029
8957.39 -111.355 9021.04 -149.106
8971.12 -163.425 9033.01 -132.183
8985.13 -134.786 9047.31 -167.33
8997.68 -151.709 9061.03 -159.52
9011.11 -166.029 9075.04 -172.537
9026.29 -158.218 9088.76 -181.65
9040.6 -141.295 9103.07 -189.46
9054.32 -154.313 9115.62 -177.744
9067.75 -176.443 9131.38 -137.39
9082.05 -145.2 9143.64 -162.123
9096.06 -136.088 9158.23 -130.881
9109.49 -141.295 9171.66 -134.786
9122.62 -158.218 9185.09 -168.632
9136.63 -111.355 9200.55 -189.46
9150.65 -120.467 9213.4 -184.253
9164.36 -143.899 9227.7 -171.236
9178.95 -151.709 9240.54 -212.892
9191.51 -136.088 9254.84 -186.857
9206.1 -166.029 9268.55 -136.088
9220.69 -145.2 9283.14 -155.615
9233.83 -180.348 9296.28 -158.218
9247.25 -167.33 9310.87 -167.33
9261.55 -143.899 9324 -149.106
9274.68 -115.26 9337.72 -184.253
9288.4 -142.597 9350.85 -193.365
9302.12 -155.615 9366.31 -172.537
9315.54 -123.071 9378.86 -150.407
9330.72 -184.253 9392.87 -125.674
9345.01 -133.485 9406.88 -136.088
9358.14 -113.958 9420.88 -138.692
9372.15 -145.2 9435.47 -171.236
9385.28 -123.071 9447.72 -160.822
9398.12 -136.088 9462.02 -194.667
9413 -146.502 9476.03 -180.348
9427.01 -154.313 9490.62 -164.727
9441.01 -146.502 9503.75 -141.295
9454.43 -107.45 9518.33 -179.046
9468.15 -121.769 9532.05 -146.502
9481.86 -90.5267 9545.47 -162.123
9495.87 -160.822 9559.18 -147.804
9509.58 -150.407 9572.6 -141.295
9523.88 -143.899 9586.89 -184.253
9536.71 -155.615 9600.61 -185.555
9550.72 -120.467 9615.19 -208.986
9564.72 -154.313 9628.03 -160.822
9578.73 -136.088 9643.2 -158.218
9592.44 -117.864 9656.33 -160.822
9606.73 -154.313 9670.04 -128.278
9620.15 -119.165 9684.33 -163.425
9634.16 -154.313 9697.17 -189.46
9647.87 -160.822 9711.17 -163.425
9661.29 -143.899 9725.75 -189.46
9675.29 -133.485 9738.59 -219.401
9689 -128.278 9753.18 -188.158
9702.42 -137.39 9766.01 -175.141
9717 -146.502 9780.31 -175.141
9730.72 -106.148 9794.6 -160.822
9743.55 -119.165 9807.43 -181.65
9758.72 -126.976 9822.6 -154.313
9772.43 -166.029 9836.02 -156.916
9785.26 -151.709 9850.02 -175.141
9799.85 -176.443 9863.73 -166.029
9813.56 -137.39 9876.85 -202.478
9827.85 -166.029 9891.44 -195.969
9840.39 -113.958 9904.56 -159.52
9854.98 -151.709 9919.15 -171.236
9868.98 -104.846 9931.69 -116.562
9882.39 -123.071 9946.85 -139.993
9896.1 -132.183 9960.86 -146.502
9909.82 -120.467 9974.27 -194.667
9924.11 -159.52 9988.56 -169.934
9937.52 -143.899 10001.7 -184.253
9951.81 -158.218 10015.4 -203.779
9964.65 -159.52 10030 -192.064
9978.94 -173.839 10043.1 -198.572
9992.94 -90.5267 10057.7 -176.443
10006.9 -111.355 10069.6 -182.951
10021.5 -117.864 10085.1 -151.709
10034.4 -136.088 10099.4 -169.934
10048.9 -142.597 10112.2 -224.608
10062.4 -130.881 10125.9 -228.513
10076.1 -202.478 10140.2 -195.969
10089.5 -153.011 10153.6 -202.478
10104.4 -126.976 10167.9 -182.951
10117.8 -130.881 10182.5 -179.046
10130.9 -129.579 10195.9 -159.52
10144.9 -100.941 10209.3 -171.236
10158.9 -147.804 10223.1 -188.158
10171.7 -129.579 10237 -176.443
10186.9 -133.485 10250.2 -207.685
10200.6 -134.786 10265.1 -176.443
10213.1 -146.502 10279.6 -190.762
10227.7 -156.916 10291.6 -180.348
10241.1 -141.295 10305.6 -190.762
10254.8 -143.899 10319.6 -203.779
10268.8 -156.916 10334.2 -168.632
10283.4 -142.597 10347.9 -150.407
10296.5 -100.941 10362.5 -180.348
10309.7 -132.183 10376.2 -184.253
10324 -136.088 10389.6 -185.555
10337.7 -207.685 10403.3 -205.081
10352.3 -193.365 10417 -189.46
10365.7 -182.951 10430.7 -197.271
10379.7 -159.52 10445 -192.064
10394 -117.864 10458.4 -156.916
10408 -141.295 10471.2 -193.365
10421.1 -143.899 10487.3 -184.253
10435.1 -136.088 10500.1 -211.59
10449.1 -120.467 10514.1 -215.495
10462.2 -124.372 10527.5 -233.72
10476.5 -167.33 10541.2 -189.46
10489 -164.727 10555.5 -203.779
10503.3 -166.029 10569.5 -184.253
10518.2 -123.071 10583.8 -192.064
10531.3 -156.916 10596.4 -205.081
10545.3 -145.2 10610.6 -219.401
10558.7 -120.467 10624.1 -211.59
10573.6 -132.183 10638.1 -215.495
10586.1 -132.183 10653.5 -223.306
10600.1 -162.123 10665.8 -197.271
10614.4 -146.502 10680.1 -215.495
10628.4 -125.674 10693.2 -215.495
10641.6 -155.615 10706.9 -180.348
10655.9 -143.899 10721.2 -180.348
10668.4 -123.071 10735.5 -173.839
10683.9 -147.804 10749.8 -179.046
10696.4 -158.218 10762.9 -172.537
10711 -116.562 10776.3 -223.306
10725.6 -133.485 10790.9 -222.004
10738.7 -142.597 10804.6 -203.779
10752.4 -137.39 10817.4 -182.951
10765.5 -141.295 10832 -164.727
10779.5 -125.674 10846 -158.218
10793.8 -138.692 10859.7 -173.839
10808.1 -119.165 10874 -192.064
10821.2 -163.425 10887.7 -225.909
10834.9 -111.355 10900.6 -244.134
10848.6 -153.011 10914.6 -228.513
10863.5 -139.993 10929.4 -220.702
10876.4 -138.692 10942.6 -198.572
10890.1 -106.148 10956.6 -202.478
10904.4 -134.786 10970.3 -199.874
10917.2 -136.088 10984 -207.685
10932.7 -134.786 10998.3 -198.572
10945.5 -159.52 11012 -168.632
10959.5 -121.769 11025.7 -184.253
10973.2 -163.425 11040.3 -198.572
10986 -159.52 11053.1 -203.779
11000.6 -139.993 11067.4 -201.176
11014 -139.993 11081.4 -197.271
11028 -141.295 11094.6 -189.46
11041.8 -123.071 11108.6 -186.857
11056.1 -146.502 11122.9 -190.762
11069.8 -149.106 11136.3 -197.271
11083.5 -119.165 11150 -192.064
11096.9 -116.562 11164.9 -203.779
11110.9 -119.165 11178.9 -184.253
11124.6 -159.52 11191.4 -189.46
11139.5 -156.916 11206.3 -192.064
11152 -149.106 11219.4 -199.874
11166 -136.088 11232.3 -171.236
11180.3 -168.632 11246.9 -153.011
11193.5 -119.165 11262.3 -192.064
11208.6 -133.485 11274.9 -171.236
11221.8 -103.544 11288.9 -182.951
11235.2 -129.579 11302.6 -201.176
11248.9 -129.579 11316.6 -188.158
11263.2 -163.425 11329.4 -188.158
11276.9 -124.372 11344.6 -188.158
11290.3 -154.313 11358 -182.951
11304 -120.467 11371.4 -203.779
11318.3 -124.372 11385.5 -189.46
11331.5 -112.657 11400.3 -193.365
11345.8 -115.26 11412 -214.194
11360.1 -116.562 11426.9 -168.632
11372.6 -121.769 11441.8 -202.478
11386.9 -156.916 11454.9 -208.986
11401.2 -139.993 11468.9 -189.46
11415.5 -111.355 11482.9 -166.029
11428.3 -169.934 11496.3 -166.029
11442.6 -119.165 11510.4 -184.253
11455.5 -115.26 11524.4 -190.762
11470.4 -111.355 11537.5 -192.064
11484.4 -142.597 11551.5 -186.857
11497.2 -138.692 11565.5 -156.916
11511.5 -134.786 11579.8 -194.667
11524.9 -149.106 11593.5 -218.099
11539.5 -186.857 11607.5 -193.365
11553 -100.941 11620.4 -205.081
11566.7 -130.881 11634.7 -177.744
11580.1 -130.881 11649 -172.537
11594.4 -129.579 11662.7 -185.555
11608.1 -107.45 11675.8 -185.555
11622.1 -111.355 11688.7 -155.615
11635.9 -124.372 11703.6 -199.874
11649.3 -130.881 11717.6 -184.253
11663.3 -89.225 11731.9 -202.478
11676.4 -142.597 11745.6 -198.572
11690.7 -150.407 11759.6 -179.046
11705 -137.39 11773.3 -189.46
11717.9 -139.993 11786.5 -180.348
11732.8 -132.183 11800.5 -155.615
11747.1 -113.958 11815.1 -181.65
11760.2 -115.26 11828.5 -197.271
11774.2 -125.674 11842.2 -168.632
11787.1 -120.467 11856.3 -198.572
11801.4 -155.615 11870 -216.797
11815.4 -123.071 11883.7 -192.064
11828.2 -110.053 11898.3 -207.685
11841.6 -134.786 11911.7 -169.934
11856.3 -134.786 11926 -189.46
11870.6 -132.183 11938.9 -154.313
11884.3 -103.544 11953.2 -146.502
11897.7 -116.562 11967.2 -154.313
11912 -126.976 11980.6 -180.348
11925.4 -134.786 11994.7 -201.176
11939.8 -120.467 12008.7 -220.702
11953.5 -78.8109 12022.4 -231.116
11967.2 -90.5267 12036.1 -186.857
11980.9 -93.1302 12049.6 -199.874
11993.8 -84.0179 12063.6 -206.383
12009.3 -85.3197 12077.3 -199.874
12022.1 -129.579 12091.3 -155.615
12035.3 -77.5092 12105.1 -158.218
12049.6 -86.6215 12119.6 -164.727
12063.6 -95.7337 12132.2 -186.857
12077.6 -142.597 12147.7 -244.134
12091 -112.657 12160.8 -197.271
12105.3 -103.544 12174 -224.608
12118.2 -102.243 12188.6 -172.537
12133.1 -90.5267 12202.3 -175.141
12145.9 -115.26 12216.3 -156.916
12160.3 -133.485 12230.4 -137.39
12173.7 -108.751 12243.2 -154.313
12187.1 -91.8285 12257.5 -138.692
12202 -64.4916 12271 -206.383
12215.2 -82.7162 12285.3 -214.194
12229.5 -69.6986 12299.3 -201.176
12242.3 -74.9056 12312.7 -205.081
12256.6 -71.0004 12326.8 -160.822
12271 -78.8109 12341.4 -143.899
12285.6 -52.7758 12353.9 -143.899
12297.3 -73.6039 12368 -151.709
12312.5 -80.1127 12382.9 -175.141
12326.2 -50.1723 12395.7 -160.822
12339 -51.474 12409.4 -192.064
12353.4 -38.4565 12424.1 -207.685
12366.8 -0.70557 12437.2 -198.572
12381.1 -21.5337 12452.1 -186.857
12393.7 -18.9302 12465 -167.33
12408.6 -24.1372 12479.6 -142.597
12422.6 -50.1723 12493.6 -126.976
12436.9 -42.3617 12506.8 -136.088
12450.1 -29.3442 12520.8 -179.046
12464.1 -68.3969 12534.5 -181.65
12477.8 -0.70557 12548.6 -184.253
12490.4 21.4243 12562.9 -210.288
12504.7 34.4418 12576.3 -167.33
12519.9 20.1225 12589.5 -153.011
12532.5 18.8208 12604.1 -138.692
12546.2 -5.91259 12617.2 -110.053
12560.8 17.519 12631.6 -139.993
12574 -33.2495 12645 -137.39
12587.7 17.519 12659 -149.106
12602.6 20.1225 12672.5 -136.088
12616.1 55.2699 12685.7 -184.253
12628.9 68.2875 12700.9 -146.502
12642.7 78.7015 12715.2 -143.899
12656.7 63.0805 12728.6 -77.5092
12670.7 52.6664 12741.5 -120.467
12684.8 66.9857 12755.8 -115.26
12699.1 29.2348 12769.3 -104.846
12711.4 21.4243 12783 -151.709
12725.4 14.9155 12797.3 -147.804
12739.7 48.7611 12811.9 -146.502
12753.8 107.34 12825.4 -97.0355
12767.5 91.7191 12839.1 -142.597
12781.2 111.245 12852.9 -108.751
12795.3 113.849 12866.9 -119.165
12808.7 89.1156 12881 -35.853
12822.5 98.2279 12895.3 -102.243
12836.2 91.7191 12908.4 -133.485
12850.8 107.34 12922.2 -86.6215
12864 100.831 12935.9 -106.148
12878 148.996 12950.3 -107.45
12891.2 188.049 12964 -80.1127
12904.6 125.565 12977.2 -100.941
12919.3 186.747 12992.4 -78.8109
12933.3 152.902 13004.9 -107.45
12947.3 109.944 13019.6 -77.5092
12960.2 98.2279 13033 -100.941
12975.1 119.056 13046.5 -78.8109
12987.7 138.582 13059.4 -87.9232
13002 146.393 13074.9 -74.9056
13016.9 181.54 13088.3 -51.474
13030.4 203.67 13102.4 -16.3266
13043.6 211.481 13116.4 -11.1196
13057 194.558 13130.4 -7.21435
13071.4 202.368 13143.9 -24.1372
13083.9 185.445 13157.6 -30.646
13099.4 181.54 13171.1 -26.7407
13112.6 190.653 13185.7 -34.5512
13125.8 217.989 13199.2 -51.474
13139.5 225.8 13212.9 -43.6635
13153.8 249.232 13227 4.50145
13167.9 221.895 13240.7 17.519
13181.9 231.007 13254.8 61.7787
13194.5 208.877 13268.8 47.4594
13209.4 208.877 13282 51.3647
13222.9 220.593 13296.9 39.6489
13237.2 246.628 13310.7 -42.3617
13250.1 257.042 13324.4 3.1997
13263.9 285.681 13337.6 7.10496
13277.9 284.379 13352.2 20.1225
13292.5 289.586 13366.3 55.2699
13305.1 266.154 13379.1 78.7015
13319.1 262.249 13393.5 89.1156
13333.5 247.93 13407.2 96.9261
13346.4 279.172 13421.3 94.3226
13360.7 254.439 13434.2 85.2103
13374.5 277.87 13449.1 70.891
13389.4 316.923 13462.3 50.0629
13402 370.295 13476.3 48.7611
13416 384.614 13490.3 73.4945
13429.5 350.768 13504.4 85.2103
13443.8 332.544 13518.4 133.375
13458.2 357.277 13531.9 124.263
13470.7 305.207 13545.7 165.919
13485.4 286.982 13559.7 147.695
13498.8 279.172 13573.5 135.979
13512.3 346.863 13587.5 163.316
13526.1 350.768 13601 163.316
13540.4 413.253 13615 132.074
13553.6 401.537 13628.8 150.298
13568.2 406.744 13642.8 155.505
13581.4 379.407 13656.3 177.635
13595.1 329.94 13671.3 184.144
13609.2 352.07 13683.8 254.439
13622.6 337.751 13698.8 233.61
13636.7 363.786 13711.9 266.154
13649.6 398.933 13727.2 241.421
13664.2 432.779 13740.3 233.61
13679.1 447.098 13754.1 237.516
13692.9 482.246 13768.1 221.895
13705.8 475.737 13781.3 237.516
13719.3 426.27 13795.1 247.93
13733 388.519 13810 271.361
13747.4 397.632 13824.1 324.733
13761.4 380.709 13838.1 344.26
13774.9 379.407 13852.2 355.975
13789.2 461.418 13866.5 387.218
13802.4 456.211 13882 339.053
13816.5 483.548 13894.1 313.018
13828.8 491.358 13898.7 328.639
13843.7 469.228 13885.3 339.053
13857.5 385.916 13871.5 359.881
