7012.99 -250.643 7028.23 -215.495
7004.78 -177.744 7042.01 -219.401
7000.97 -150.407 7056.08 -214.194
7008.89 -192.064 7069.28 -216.797
7021.78 -156.916 7083.34 -248.039
7036.15 -155.615 7098 -236.323
7049.34 -137.39 7110.9 -267.565
7063.41 -173.839 7124.09 -257.151
7077.48 -143.899 7139.62 -271.471
7091.85 -166.029 7153.1 -257.151
7104.74 -137.39 7166.29 -231.116
7118.81 -172.537 7180.07 -249.341
7134.05 -171.236 7194.43 -197.271
7146.95 -176.443 7207.32 -211.59
7161.02 -160.822 7221.38 -235.022
7173.91 -147.804 7235.16 -222.004
7188.27 -164.727 7249.51 -251.944
7201.16 -151.709 7263.29 -238.927
7216.4 -134.786 7277.35 -222.004
7230.47 -168.632 7291.41 -248.039
7243.65 -138.692 7304.3 -249.341
7258.01 -147.804 7318.66 -195.969
7271.78 -159.52 7332.43 -208.986
7286.14 -151.709 7347.07 -210.288
7299.03 -153.011 7360.26 -212.892
7312.8 -181.65 7374.02 -215.495
7327.45 -139.993 7387.5 -232.418
7341.22 -146.502 7400.97 -223.306
7354.4 -143.899 7415.32 -212.892
7367.87 -172.537 7429.09 -215.495
7381.93 -167.33 7442.85 -201.176
7396.29 -153.011 7456.33 -169.934
7410.05 -159.52 7470.09 -192.064
7423.82 -137.39 7484.44 -205.081
7437 -160.822 7498.2 -246.737
7451.06 -146.502 7512.26 -185.555
7465.99 -158.218 7526.02 -198.572
7478.88 -154.313 7539.2 -222.004
7492.05 -146.502 7553.25 -202.478
7506.99 -129.579 7567.01 -193.365
7519.87 -181.65 7580.77 -171.236
7533.93 -133.485 7594.83 -207.685
7548.57 -150.407 7608.3 -179.046
7561.74 -147.804 7622.05 -189.46
7575.21 -147.804 7636.4 -215.495
7590.14 -171.236 7650.45 -188.158
7603.03 -167.33 7664.21 -188.158
7616.79 -162.123 7678.26 -177.744
7631.42 -138.692 7691.72 -222.004
7645.18 -142.597 7706.36 -166.029
7658.65 -116.562 7718.94 -171.236
7671.82 -156.916 7733.28 -145.2
7686.75 -125.674 7747.04 -188.158
7699.33 -123.071 7761.09 -195.969
7713.38 -142.597 7774.84 -198.572
7728.31 -149.106 7788.6 -163.425
7741.48 -150.407 7802.06 -205.081
7754.94 -162.123 7816.39 -179.046
7769.57 -158.218 7829.85 -173.839
7782.74 -175.141 7844.48 -175.141
7796.79 -184.253 7857.36 -208.986
7810.54 -162.123 7871.4 -203.779
7824.59 -184.253 7885.74 -151.709
7838.92 -138.692 7900.37 -212.892
7852.09 -156.916 7912.95 -179.046
7865.84 -133.485 7927.57 -169.934
7879.89 -149.106 7940.45 -182.951
7893.93 -138.692 7955.07 -173.839
7907.68 -145.2 7968.23 -189.46
7921.72 -128.278 7982.27 -155.615
7935.18 -154.313 7995.73 -194.667
7948.93 -141.295 8009.18 -145.2
7963.55 -176.443 8024.39 -175.141
7976.72 -164.727 8037.55 -169.934
7990.17 -139.993 8051.01 -188.158
8003.92 -151.709 8065.34 -190.762
8018.84 -164.727 8078.5 -176.443
8032.29 -138.692 8092.24 -164.727
8046.33 -134.786 8105.99 -182.951
8059.49 -141.295 8121.19 -167.33
8072.36 -149.106 8134.35 -168.632
8087.86 -155.615 8147.8 -190.762
8101.02 -158.218 8162.13 -192.064
8114.17 -138.692 8176.16 -195.969
8128.21 -136.088 8189.61 -184.253
8142.54 -156.916 8203.35 -155.615
8156.28 -110.053 8217.97 -154.313
8169.73 -115.26 8231.42 -192.064
8183.76 -137.39 8244.57 -164.727
8197.8 -130.881 8259.48 -151.709
8211.54 -176.443 8272.64 -160.822
8225.86 -158.218 8286.09 -179.046
8239.02 -134.786 8299.82 -180.348
8253.05 -129.579 8313.85 -182.951
8265.91 -129.579 8328.18 -206.383
8280.82 -126.976 8341.33 -185.555
8293.98 -125.674 8356.24 -207.685
8308.3 -142.597 8369.39 -212.892
8322.33 -151.709 8383.71 -201.176
8336.36 -136.088 8397.74 -184.253
8349.8 -168.632 8411.76 -198.572
8363.25 -164.727 8423.75 -159.52
8377.57 -156.916 8439.23 -179.046
8390.14 -147.804 8452.38 -188.158
8405.04 -129.579 8466.41 -184.253
8419.07 -123.071 8479.85 -195.969
8432.8 -141.295 8494.17 -182.951
8445.95 -151.709 8507.61 -160.822
8460.27 -138.692 8521.34 -184.253
8473.72 -121.769 8536.24 -182.951
8487.74 -154.313 8549.68 -156.916
8500.89 -124.372 8564.29 -180.348
8515.2 -147.804 8576.56 -185.555
8528.94 -121.769 8591.46 -172.537
8542.38 -136.088 8605.19 -186.857
8557.86 -139.993 8618.63 -180.348
8570.42 -156.916 8632.65 -215.495
8584.16 -155.615 8646.96 -184.253
8598.47 -166.029 8659.23 -176.443
8611.62 -145.2 8674.42 -142.597
8626.51 -160.822 8687.56 -172.537
8639.08 -145.2 8701.29 -195.969
8653.39 -143.899 8714.44 -171.236
8667.99 -90.5267 8729.62 -192.064
8681.43 -115.26 8742.77 -159.52
8694.58 -84.0179 8757.37 -179.046
8709.18 -155.615 8771.39 -167.33
8723.2 -150.407 8784.24 -162.123
8737.51 -145.2 8798.26 -168.632
8750.65 -121.769 8812.86 -194.667
8763.8 -123.071 8826 -155.615
8777.81 -164.727 8840.31 -159.52
8791.25 -149.106 8853.16 -185.555
8805.56 -134.786 8867.46 -163.425
8820.45 -121.769 8880.9 -177.744
8833.88 -129.579 8894.91 -195.969
8846.44 -143.899 8909.22 -155.615
8860.16 -128.278 8923.23 -186.857
8874.18 -147.804 8936.08 -150.407
8887.9 -136.088 8950.39 -167.33
8902.5 -126.976 8964.11 -159.52
8915.93 -142.597 8978.71 -193.365
8929.66 -99.639 8991.55 -155.615
8942.8 -155.615 9006.15 -192.064
8956.81 -116.562 9019.58 -166.029
8970.82 -125.674 9033.88 -179.046
8985.13 -128.278 9047.02 -171.236
8999.14 -142.597 9061.91 -155.615
9013.15 -149.106 9074.75 -167.33
9026.58 -145.2 9088.76 -172.537
9040.01 -99.639 9103.65 -171.236
9053.44 -115.26 9116.5 -150.407
9067.75 -133.485 9130.8 -167.33
9082.05 -100.941 9143.64 -186.857
9095.48 -113.958 9158.23 -159.52
9109.2 -103.544 9171.95 -179.046
9123.21 -149.106 9186.25 -163.425
9136.93 -143.899 9199.68 -168.632
9150.65 -156.916 9213.98 -201.176
9164.95 -113.958 9226.24 -186.857
9178.37 -134.786 9241.41 -173.839
9191.8 -142.597 9255.13 -132.183
9205.51 -126.976 9268.85 -179.046
9220.4 -153.011 9282.85 -158.218
9232.66 -126.976 9295.7 -169.934
9246.67 -111.355 9311.16 -184.253
9261.26 -139.993 9324.59 -176.443
9274.1 -133.485 9337.43 -181.65
9288.11 -106.148 9350.85 -177.744
9302.7 -116.562 9365.44 -172.537
9316.71 -137.39 9378.57 -143.899
9330.13 -146.502 9393.16 -173.839
9342.97 -133.485 9406.58 -149.106
9359.31 -132.183 9421.17 -141.295
9371.57 -149.106 9434.59 -185.555
9385.57 -138.692 9448.02 -166.029
9399.29 -139.993 9462.61 -202.478
9413.59 -124.372 9475.74 -176.443
9426.72 -108.751 9490.03 -188.158
9440.43 -163.425 9503.45 -162.123
9454.73 -108.751 9518.04 -177.744
9468.44 -137.39 9531.46 -164.727
9482.44 -121.769 9545.47 -186.857
9495.87 -133.485 9558.89 -159.52
9509.87 -115.26 9573.18 -192.064
9523 -115.26 9586.31 -146.502
9537.3 -119.165 9600.32 -164.727
9551.3 -115.26 9615.19 -153.011
9564.43 -139.993 9628.03 -172.537
9579.6 -132.183 9642.62 -186.857
9592.44 -153.011 9655.74 -154.313
9606.73 -149.106 9669.75 -142.597
9619.57 -141.295 9683.46 -167.33
9634.16 -150.407 9697.75 -125.674
9647.87 -126.976 9711.75 -145.2
9661.58 -106.148 9724.88 -163.425
9675.29 -126.976 9739.46 -155.615
9689.29 -126.976 9752.88 -171.236
9702.71 -99.639 9766.01 -158.218
9716.71 -123.071 9780.59 -145.2
9730.13 -138.692 9794.89 -185.555
9744.13 -128.278 9808.89 -180.348
9758.14 -153.011 9822.02 -192.064
9771.55 -173.839 9835.43 -155.615
9785.56 -130.881 9850.6 -147.804
9798.68 -146.502 9863.73 -162.123
9812.97 -141.295 9877.73 -124.372
9827.27 -124.372 9892.02 -156.916
9840.69 -150.407 9905.15 -162.123
9854.68 -138.692 9918.86 -141.295
9869.27 -126.976 9932.27 -141.295
9881.52 -139.993 9947.44 -155.615
9895.81 -129.579 9959.98 -147.804
9910.4 -104.846 9974.27 -156.916
9922.94 -142.597 9988.86 -128.278
9937.52 -117.864 10001.4 -136.088
9951.23 -111.355 10015.1 -146.502
9965.81 -100.941 10030 -158.218
9979.23 -132.183 10044.3 -130.881
9993.23 -86.6215 10056.8 -124.372
10007.2 -94.432 10070.8 -186.857
10020.9 -120.467 10084.8 -181.65
10034.6 -143.899 10098.5 -146.502
10048.9 -136.088 10112.5 -156.916
10062.4 -139.993 10126.8 -172.537
10076.6 -134.786 10140.8 -147.804
10090.1 -98.3372 10153.4 -141.295
10103.5 -89.225 10167.9 -128.278
10117.8 -119.165 10182.2 -110.053
10130.6 -111.355 10195.3 -132.183
10145.2 -99.639 10209.3 -147.804
10158.6 -117.864 10223.9 -154.313
10172.3 -123.071 10236.8 -151.709
10186.6 -107.45 10251 -146.502
10200.3 -108.751 10264.2 -155.615
10213.7 -78.8109 10279 -132.183
10227.7 -71.0004 10292.2 -141.295
10242.3 -93.1302 10306.2 -126.976
10254.8 -112.657 10320.5 -132.183
10269.1 -117.864 10333.6 -145.2
10282.8 -124.372 10348.2 -128.278
10296.3 -99.639 10361.9 -146.502
10310.3 -89.225 10375 -137.39
10324 -120.467 10389.9 -189.46
10338.3 -100.941 10403.3 -163.425
10351.4 -81.4144 10416.7 -132.183
10365.4 -91.8285 10430.4 -166.029
10379.7 -149.106 10444.4 -145.2
10394 -117.864 10457.8 -166.029
10407.1 -128.278 10473 -149.106
10421.1 -81.4144 10486.4 -139.993
10434.5 -104.846 10500.1 -164.727
10448.8 -98.3372 10514.4 -179.046
10462.5 -126.976 10527.8 -153.011
10476.8 -98.3372 10541 -158.218
10489.9 -115.26 10555.8 -162.123
10503.6 -125.674 10568.6 -119.165
10517.9 -125.674 10583.2 -141.295
10530.7 -113.958 10596.4 -158.218
10544.2 -107.45 10610.4 -143.899
10558.5 -120.467 10624.1 -182.951
10573.3 -104.846 10636.9 -189.46
10586.4 -107.45 10652.9 -188.158
10600.4 -111.355 10665.2 -155.615
10614.4 -110.053 10680.1 -145.2
10627.6 -99.639 10694.1 -126.976
10642.2 -102.243 10707.2 -167.33
10655 -134.786 10720.9 -168.632
10669.3 -129.579 10735.8 -150.407
10683.3 -110.053 10749.2 -164.727
10697 -117.864 10763.2 -120.467
10710.4 -125.674 10776.9 -176.443
10725.6 -117.864 10791.5 -147.804
10737.8 -117.864 10804.3 -189.46
10752.7 -136.088 10818.3 -175.141
10765.8 -120.467 10832 -171.236
10779.5 -121.769 10846 -175.141
10793.8 -99.639 10859.7 -149.106
10807.2 -113.958 10874 -168.632
10821.2 -111.355 10887.4 -172.537
10835.8 -117.864 10900.9 -192.064
10848.9 -113.958 10914.9 -173.839
10862.9 -126.976 10929.4 -167.33
10876.6 -113.958 10942.9 -193.365
10889.8 -84.0179 10956.6 -136.088
10904.7 -106.148 10970.6 -134.786
10917.5 -121.769 10984 -168.632
10932.1 -142.597 10997.7 -154.313
10945.8 -115.26 11012 -180.348
10959.2 -145.2 11026 -142.597
10973.8 -115.26 11040 -154.313
10986.6 -107.45 11052.5 -147.804
11001.2 -104.846 11066.5 -130.881
11014.6 -100.941 11081.1 -116.562
11028.3 -123.071 11095.1 -141.295
11042 -78.8109 11109.1 -160.822
11056.1 -112.657 11122.9 -151.709
11068.6 -120.467 11136.6 -149.106
11083.5 -126.976 11150.3 -188.158
11097.5 -89.225 11163.7 -139.993
11110.9 -138.692 11178 -154.313
11124.3 -95.7337 11191.4 -160.822
11138.9 -104.846 11206.6 -149.106
11152.3 -128.278 11219.1 -130.881
11166.6 -91.8285 11233.7 -141.295
11180.3 -137.39 11248 -164.727
11194.3 -126.976 11261.2 -186.857
11207.8 -158.218 11275.1 -167.33
11221.8 -111.355 11288.3 -160.822
11235.8 -141.295 11303.2 -133.485
11249.5 -141.295 11316.3 -188.158
11262.6 -77.5092 11330 -120.467
11277.5 -108.751 11344 -138.692
11290.3 -113.958 11358.6 -147.804
11304.3 -119.165 11371.4 -179.046
11317.8 -126.976 11385.7 -169.934
11331.8 -128.278 11400 -168.632
11346 -124.372 11412.9 -137.39
11359.5 -132.183 11426.6 -141.295
11373.5 -116.562 11440.6 -151.709
11387.2 -84.0179 11454.9 -173.839
11402.1 -110.053 11468.3 -151.709
11414.3 -93.1302 11481.8 -159.52
11428.3 -91.8285 11497.2 -130.881
11442.6 -115.26 11510.4 -132.183
11456.1 -123.071 11523.8 -179.046
11470.4 -126.976 11537.5 -159.52
11483.2 -107.45 11551.5 -168.632
11498.1 -68.3969 11565.2 -179.046
11511.2 -108.751 11579.2 -194.667
11524.6 -82.7162 11593.8 -163.425
11540.1 -111.355 11606.9 -195.969
11552.4 -110.053 11620.7 -189.46
11567.3 -108.751 11634.7 -159.52
11579.5 -120.467 11648.4 -197.271
11594.4 -110.053 11662.7 -171.236
11608.1 -125.674 11675.8 -167.33
11621.5 -102.243 11689.9 -167.33
11636.1 -107.45 11703.6 -180.348
11649.6 -93.1302 11717.6 -177.744
11664.2 -112.657 11731.3 -168.632
11677 -91.8285 11745.6 -149.106
11691 -89.225 11758.5 -186.857
11704.4 -97.0355 11772.5 -173.839
11718.2 -137.39 11786.5 -181.65
11732.2 -119.165 11800.8 -185.555
11745.9 -110.053 11814.5 -190.762
11760.2 -103.544 11828.5 -166.029
11773.3 -120.467 11841.6 -208.986
11787.6 -84.0179 11856.3 -173.839
11801.1 -102.243 11869.7 -171.236
11815.1 -78.8109 11883.1 -137.39
11829.4 -110.053 11897.4 -153.011
11842 -81.4144 11911.4 -181.65
11857.4 -104.846 11924.6 -168.632
11870.6 -78.8109 11939.5 -156.916
11883.7 -59.2846 11953.5 -182.951
11898.3 -111.355 11966.9 -176.443
11910.9 -85.3197 11980.9 -175.141
11925.4 -94.432 11994.9 -172.537
11940 -72.3021 12009.3 -188.158
11952.9 -77.5092 12021.5 -195.969
11966.9 -91.8285 12035.5 -180.348
11980.9 -72.3021 12049.6 -156.916
11994.7 -89.225 12063 -179.046
12009 -123.071 12077.9 -176.443
12021.8 -94.432 12091.6 -147.804
12036.1 -102.243 12104.8 -154.313
12049.6 -95.7337 12118.5 -163.425
12064.2 -61.8881 12133.1 -166.029
12076.7 -86.6215 12147.1 -163.425
12090.4 -71.0004 12160.8 -176.443
12104.8 -46.267 12174.3 -166.029
12119.1 -69.6986 12188.3 -172.537
12131.9 -72.3021 12202 -154.313
12146.5 -48.8705 12215.8 -125.674
12160.3 -65.7934 12230.1 -137.39
12174 -59.2846 12244.1 -141.295
12188.6 -87.9232 12257.8 -172.537
12201.1 -4.61084 12271.3 -164.727
12215.5 -54.0776 12285.6 -151.709
12229.2 -51.474 12299.6 -201.176
12242.6 -30.646 12313.3 -192.064
12256.4 -43.6635 12327.6 -160.822
12270.7 -17.6284 12341.1 -128.278
12284.7 -44.9653 12353.6 -91.8285
12297.5 -41.06 12368.3 -155.615
12312.2 -12.4214 12382.3 -132.183
12324.7 -26.7407 12396 -147.804
12339.9 -30.646 12410 -185.555
12352.8 -41.06 12424.4 -153.011
12366.8 -15.0249 12436.3 -171.236
12381.1 -13.7231 12451.2 -166.029
12395.4 -7.21435 12465.3 -125.674
12408 -13.7231 12479 -143.899
12422.9 24.0278 12493.6 -133.485
12436 -51.474 12506.8 -134.786
12449.8 -5.91259 12520.8 -175.141
12463.5 13.6137 12534.5 -177.744
12477.5 1.89794 12548.3 -171.236
12491.6 66.9857 12561.1 -164.727
12505 37.0453 12576 -184.253
12519.9 38.3471 12589.5 -156.916
12532.2 43.5541 12604.1 -111.355
12546.5 57.8734 12617.8 -108.751
12560.3 16.2173 12631.3 -134.786
12574.3 30.5366 12645.3 -139.993
12588.6 39.6489 12659.6 -124.372
12601.8 56.5717 12672.2 -158.218
12615.8 50.0629 12686.8 -156.916
12629.2 66.9857 12700.3 -136.088
12643 59.1752 12714.9 -108.751
12657.3 51.3647 12728 -117.864
12670.7 70.891 12741.8 -95.7337
12684.2 68.2875 12757 -97.0355
12699.1 77.3998 12769.6 -108.751
12711.4 86.5121 12783.6 -102.243
12726 85.2103 12797.6 -125.674
12740 106.038 12811.6 -149.106
12752.9 68.2875 12825.4 -132.183
12767.8 65.684 12838.9 -89.225
12781.2 107.34 12852.9 -102.243
12794.7 129.47 12866 -90.5267
12808.7 99.5296 12880.4 -89.225
12823.1 89.1156 12895 -77.5092
12836.5 99.5296 12907.6 -48.8705
12850 94.3226 12922.5 -72.3021
12863.7 148.996 12935.9 -67.0951
12877.7 147.695 12950 -69.6986
12891.5 138.582 12963.1 -64.4916
12904.6 178.937 12977.5 -93.1302
12919.3 175.031 12991.5 -71.0004
12933.3 126.866 13005.5 -71.0004
12946.2 126.866 13019 -18.9302
12960.8 117.754 13033.3 -73.6039
12974.2 165.919 13046.8 -43.6635
12987.7 156.807 13060.5 -39.7582
13002 159.41 13074.9 -7.21435
13016.1 195.86 13088 -22.8354
13030.1 189.351 13101.8 16.2173
13043.3 184.144 13116.4 -28.0424
13057.9 198.463 13130.4 11.0102
13071.1 204.972 13143.9 -29.3442
13084.8 163.316 13157.9 -15.0249
13098.5 167.221 13170.8 20.1225
13112.6 202.368 13185.4 -41.06
13126.6 207.575 13199.2 -4.61084
13140.7 223.196 13213.2 14.9155
13154.1 255.74 13227 1.89794
13167 215.386 13240.4 20.1225
13181.6 227.102 13254.8 -18.9302
13194.8 254.439 13269.1 -0.70557
13209.1 221.895 13283.5 39.6489
13223.2 201.067 13295.7 31.8383
13236.9 194.558 13310.1 38.3471
13250.4 212.782 13325 26.6313
13265 245.326 13338.2 89.1156
13277.6 271.361 13350.8 44.8559
13291.9 313.018 13366 106.038
13306 326.035 13379.4 76.098
13318.6 306.509 13393.8 109.944
13333.5 249.232 13407.8 82.6068
13347.8 246.628 13420.4 81.305
13360.7 240.119 13434.5 76.098
13374.2 259.646 13448.8 86.5121
13387.6 254.439 13462 111.245
13402.3 285.681 13476 119.056
13416.3 324.733 13490.6 148.996
13429.8 302.604 13503.8 151.6
13444.4 345.561 13517.9 139.884
13457.6 357.277 13532.2 164.617
13470.7 320.828 13545.4 163.316
13485.7 305.207 13559.7 130.772
13498.5 289.586 13574.1 146.393
13512.9 302.604 13588.1 154.203
13526.1 326.035 13601.3 121.659
13540.4 336.449 13614.8 129.47
13554.2 367.691 13629.4 164.617
13567.3 404.14 13643.4 182.842
13581.7 379.407 13656.9 214.084
13595.1 383.312 13671.3 229.705
13609.8 401.537 13685.9 238.817
13622.6 368.993 13698.5 216.688
13636.7 359.881 13712.2 221.895
13650.2 372.898 13726.9 237.516
13664.2 395.028 13740.3 221.895
13678.3 388.519 13753.8 245.326
13692.3 413.253 13767.6 264.853
13705.8 434.081 13781.6 266.154
13720.1 471.832 13796.5 302.604
13732.4 452.305 13810.9 286.982
13746.8 414.554 13824.7 307.811
13760.8 444.495 13838.1 288.284
13774.6 413.253 13852.2 315.621
13788.1 409.347 13866.5 279.172
13802.1 408.046 13881.5 307.811
13815.6 443.193 13893.8 289.586
13829.9 460.116 13898.5 333.846
13843.4 486.151 13885.6 404.14
13857.8 458.814 13870.9 453.607
