7012.99 -134.786 7027.35 -160.822
7004.49 -99.639 7042.6 -163.425
6999.8 -116.562 7055.5 -201.176
7009.18 -110.053 7069.28 -189.46
7021.49 -59.2846 7084.23 -189.46
7035.86 -120.467 7097.41 -192.064
7050.22 -98.3372 7110.31 -189.46
7063.7 -134.786 7124.38 -163.425
7076.6 -123.071 7139.33 -149.106
7090.97 -87.9232 7153.1 -130.881
7105.04 -76.2074 7166.88 -145.2
7118.52 -111.355 7180.36 -176.443
7133.47 -115.26 7193.84 -186.857
7146.95 -81.4144 7207.03 -201.176
7160.72 -116.562 7222.26 -171.236
7174.79 -98.3372 7235.74 -181.65
7188.56 -102.243 7248.93 -166.029
7201.75 -80.1127 7263.87 -195.969
7216.4 -97.0355 7276.76 -154.313
7231.05 -84.0179 7290.83 -166.029
7243.65 -125.674 7304.89 -169.934
7258.31 -84.0179 7317.78 -197.271
7271.49 -106.148 7332.72 -177.744
7284.97 -97.0355 7345.61 -179.046
7299.62 -89.225 7359.96 -151.709
7312.8 -80.1127 7372.85 -169.934
7327.45 -95.7337 7387.21 -173.839
7340.34 -111.355 7401.56 -141.295
7354.4 -63.1898 7415.03 -125.674
7368.75 -125.674 7429.97 -158.218
7382.23 -99.639 7442.85 -145.2
7395.7 -78.8109 7456.91 -130.881
7409.76 -91.8285 7470.68 -176.443
7423.52 -113.958 7483.86 -177.744
7437 -106.148 7498.5 -169.934
7451.64 -104.846 7511.38 -175.141
7466.28 -107.45 7525.73 -149.106
7478.29 -86.6215 7539.49 -154.313
7492.35 -115.26 7552.96 -158.218
7506.99 -106.148 7567.31 -139.993
7520.46 -98.3372 7581.07 -151.709
7534.81 -94.432 7595.12 -162.123
7547.98 -78.8109 7609.76 -181.65
7562.04 -141.295 7622.35 -151.709
7575.21 -99.639 7635.52 -124.372
7590.14 -99.639 7651.04 -167.33
7603.61 -76.2074 7664.5 -141.295
7617.66 -93.1302 7678.26 -138.692
7632.01 -73.6039 7692.01 -129.579
7644.89 -85.3197 7705.77 -117.864
7658.65 -69.6986 7718.94 -129.579
7671.53 -82.7162 7733.28 -141.295
7686.16 -125.674 7747.63 -185.555
7700.21 -108.751 7761.38 -186.857
7714.55 -120.467 7774.84 -153.011
7727.72 -117.864 7788.89 -134.786
7741.77 -112.657 7802.35 -150.407
7756.4 -85.3197 7816.69 -129.579
7769.57 -95.7337 7829.56 -115.26
7783.33 -85.3197 7844.19 -147.804
7795.91 -110.053 7857.36 -193.365
7811.42 -93.1302 7871.4 -176.443
7824.29 -85.3197 7885.74 -173.839
7838.63 -90.5267 7899.2 -134.786
7852.97 -115.26 7912.95 -138.692
7866.14 -99.639 7926.7 -120.467
7880.18 -84.0179 7940.74 -123.071
7892.76 -108.751 7953.61 -124.372
7907.1 -81.4144 7968.53 -98.3372
7921.72 -99.639 7982.27 -126.976
7934.89 -44.9653 7995.73 -147.804
7948.34 -64.4916 8010.06 -154.313
7962.97 -90.5267 8024.39 -167.33
7976.72 -136.088 8037.85 -154.313
7990.76 -124.372 8051.59 -146.502
8004.5 -106.148 8065.05 -121.769
8018.54 -113.958 8078.21 -124.372
8031.71 -103.544 8093.12 -134.786
8046.33 -107.45 8106.28 -150.407
8059.78 -99.639 8120.31 -147.804
8073.23 -61.8881 8134.94 -143.899
8086.69 -95.7337 8148.39 -132.183
8101.89 -73.6039 8162.42 -138.692
8114.76 -106.148 8175.87 -119.165
8129.38 -133.485 8189.61 -134.786
8142.25 -116.562 8203.06 -107.45
8156.57 -121.769 8217.68 -104.846
8169.15 -55.3793 8231.13 -98.3372
8183.76 -89.225 8244.57 -126.976
8197.51 -52.7758 8258.9 -110.053
8211.54 -84.0179 8272.64 -100.941
8226.16 -110.053 8286.38 -143.899
8238.44 -97.0355 8300.41 -166.029
8252.47 -134.786 8313.85 -173.839
8266.79 -119.165 8327.59 -124.372
8280.53 -97.0355 8342.21 -129.579
8295.15 -81.4144 8356.24 -150.407
8308.59 -94.432 8369.68 -139.993
8322.04 -95.7337 8383.42 -112.657
8335.48 -128.278 8397.15 -139.993
8348.34 -110.053 8410.3 -136.088
8363.25 -80.1127 8425.5 -149.106
8377.28 -116.562 8438.94 -136.088
8391.89 -108.751 8453.55 -133.485
8405.33 -123.071 8466.7 -119.165
8419.07 -117.864 8480.14 -134.786
8433.1 -128.278 8493 -123.071
8446.54 -104.846 8507.9 -139.993
8460.86 -91.8285 8521.64 -121.769
8474.01 -64.4916 8535.37 -107.45
8488.03 -124.372 8549.39 -111.355
8501.47 -120.467 8563.12 -155.615
8515.2 -97.0355 8577.14 -130.881
8529.81 -90.5267 8591.17 -129.579
8542.96 -87.9232 8604.31 -136.088
8556.69 -100.941 8619.5 -134.786
8570.72 -99.639 8632.36 -116.562
8584.45 -106.148 8646.67 -129.579
8598.76 -93.1302 8659.52 -106.148
8612.49 -78.8109 8674.13 -133.485
8626.22 -71.0004 8688.15 -107.45
8639.95 -126.976 8701.58 -111.355
8652.81 -119.165 8715.9 -139.993
8667.99 -107.45 8729.92 -123.071
8681.14 -121.769 8742.47 -132.183
8694.28 -82.7162 8756.49 -85.3197
8709.18 -112.657 8770.22 -120.467
8722.91 -57.9828 8784.53 -151.709
8736.93 -72.3021 8799.13 -126.976
8749.78 -61.8881 8811.98 -134.786
8763.5 -78.8109 8826.29 -168.632
8777.23 -117.864 8840.01 -150.407
8791.54 -106.148 8853.74 -137.39
8806.14 -110.053 8867.17 -108.751
8818.41 -86.6215 8881.19 -112.657
8833.59 -126.976 8895.79 -130.881
8846.73 -55.3793 8908.93 -151.709
8860.45 -77.5092 8922.94 -128.278
8874.47 -44.9653 8936.66 -155.615
8887.61 -100.941 8951.26 -154.313
8902.21 -86.6215 8964.11 -171.236
8915.35 -145.2 8977.83 -158.218
8929.66 -128.278 8991.85 -150.407
8943.38 -102.243 9006.44 -106.148
8956.52 -130.881 9018.99 -143.899
8971.12 -106.148 9033.01 -108.751
8985.13 -77.5092 9047.6 -86.6215
8998.85 -108.751 9061.32 -126.976
9012.57 -94.432 9075.34 -128.278
9027.17 -68.3969 9088.47 -138.692
9040.31 -81.4144 9102.77 -139.993
9053.73 -104.846 9116.5 -179.046
9067.75 -98.3372 9129.63 -142.597
9081.76 -93.1302 9144.22 -158.218
9095.19 -67.0951 9157.94 -124.372
9109.49 -99.639 9171.95 -119.165
9123.5 -86.6215 9185.96 -136.088
9135.76 -116.562 9200.26 -126.976
9150.65 -71.0004 9213.4 -154.313
9164.95 -87.9232 9227.11 -164.727
9178.95 -103.544 9240.83 -168.632
9191.51 -73.6039 9255.13 -163.425
9205.81 -100.941 9269.43 -177.744
9219.82 -119.165 9281.98 -150.407
9233.83 -104.846 9297.15 -136.088
9246.96 -86.6215 9310 -137.39
9261.26 -95.7337 9324.29 -154.313
9274.68 -63.1898 9337.43 -143.899
9288.98 -95.7337 9350.56 -176.443
9302.12 -98.3372 9365.15 -172.537
9316.41 -98.3372 9379.74 -184.253
9330.13 -100.941 9393.45 -149.106
9344.72 -90.5267 9407.46 -143.899
9359.02 -77.5092 9420.59 -182.951
9371.86 -103.544 9434.59 -166.029
9385.57 -91.8285 9448.31 -136.088
9400.45 -111.355 9462.02 -124.372
9412.13 -106.148 9476.61 -160.822
9427.01 -98.3372 9489.16 -132.183
9440.43 -95.7337 9503.45 -138.692
9454.73 -80.1127 9517.75 -149.106
9468.44 -86.6215 9531.75 -149.106
9481.57 -84.0179 9545.47 -146.502
9495.87 -90.5267 9558.89 -182.951
9509.58 -120.467 9572.6 -143.899
9523.58 -102.243 9586.89 -150.407
9538.17 -102.243 9600.61 -158.218
9551.3 -117.864 9614.61 -142.597
9564.43 -94.432 9628.32 -166.029
9578.73 -82.7162 9641.45 -169.934
9592.44 -107.45 9655.16 -177.744
9606.15 -100.941 9671.2 -169.934
9619.28 -97.0355 9683.17 -133.485
9633.86 -106.148 9698.04 -141.295
9648.16 -113.958 9710.88 -179.046
9660.7 -80.1127 9725.46 -172.537
9675.58 -99.639 9739.17 -168.632
9690.17 -106.148 9752.3 -160.822
9702.71 -60.5863 9767.18 -137.39
9717 -84.0179 9780.59 -138.692
9730.72 -78.8109 9794.89 -151.709
9744.13 -104.846 9808.31 -177.744
9757.84 -71.0004 9822.02 -155.615
9772.14 -112.657 9836.31 -162.123
9786.43 -102.243 9849.73 -154.313
9799.26 -72.3021 9863.73 -158.218
9813.56 -68.3969 9877.44 -173.839
9827.56 -85.3197 9890.85 -134.786
9840.69 -82.7162 9905.73 -190.762
9854.98 -85.3197 9917.98 -156.916
9868.69 -97.0355 9933.15 -166.029
9882.1 -107.45 9946.85 -111.355
9896.1 -89.225 9960.86 -164.727
9911.27 -85.3197 9974.27 -163.425
9924.4 -112.657 9988.27 -155.615
9937.23 -85.3197 10001.7 -160.822
9950.94 -108.751 10016 -177.744
9966.11 -94.432 10029.7 -168.632
9978.94 -89.225 10044.6 -123.071
9992.94 -76.2074 10056.2 -155.615
10006.9 -86.6215 10070.8 -192.064
10020.1 -108.751 10084.2 -150.407
10034.9 -94.432 10099.1 -130.881
10048.3 -143.899 10112.5 -136.088
10061.8 -87.9232 10126.5 -126.976
10076.1 -87.9232 10140.5 -133.485
10089.2 -67.0951 10153.6 -138.692
10103.8 -52.7758 10167.6 -125.674
10117.8 -86.6215 10182.5 -115.26
10130.9 -93.1302 10195.3 -146.502
10144 -97.0355 10209.6 -110.053
10158.9 -133.485 10223.1 -159.52
10172.3 -108.751 10237.3 -119.165
10186 -104.846 10250.5 -139.993
10200.6 -106.148 10265.1 -124.372
10213.1 -107.45 10278.8 -90.5267
10227.1 -90.5267 10292.2 -111.355
10241.7 -76.2074 10305.6 -123.071
10254.5 -64.4916 10319.9 -124.372
10268.8 -91.8285 10334.5 -133.485
10283.4 -74.9056 10347.6 -129.579
10296.5 -123.071 10361.9 -123.071
10309.4 -115.26 10374.7 -145.2
10325.1 -68.3969 10389.6 -84.0179
10337.1 -106.148 10403 -110.053
10351.7 -81.4144 10417.6 -99.639
10365.4 -84.0179 10431.3 -91.8285
10379.4 -82.7162 10444.7 -74.9056
10393.7 -64.4916 10458.1 -87.9232
10405.9 -82.7162 10473 -107.45
10421.1 -80.1127 10486.1 -119.165
10434.8 -57.9828 10500.1 -124.372
10449.1 -110.053 10514.4 -119.165
10461.9 -73.6039 10527.5 -80.1127
10476.5 -106.148 10541 -86.6215
10489.3 -84.0179 10555.8 -128.278
10503.3 -76.2074 10568.6 -102.243
10517.6 -43.6635 10583.5 -110.053
10531.6 -69.6986 10597.5 -125.674
10545.3 -68.3969 10610.6 -126.976
10558.1 -86.6215 10623.8 -103.544
10572.7 -69.6986 10638.1 -107.45
10586.7 -99.639 10652.4 -111.355
10600.1 -91.8285 10666.4 -103.544
10614.7 -104.846 10680.6 -98.3372
10628.7 -98.3372 10692.9 -103.544
10641 -107.45 10707.2 -123.071
10655.3 -115.26 10720.9 -102.243
10669.9 -94.432 10734.6 -107.45
10683 -91.8285 10748.6 -107.45
10697 -100.941 10762.6 -112.657
10711 -82.7162 10776.6 -124.372
10725 -78.8109 10790.3 -117.864
10738.1 -93.1302 10804.3 -108.751
10751.8 -82.7162 10818.3 -85.3197
10766.4 -110.053 10832.3 -132.183
10780.4 -102.243 10846 -106.148
10792.6 -107.45 10859.1 -93.1302
10807.8 -112.657 10872.9 -102.243
10820.9 -84.0179 10887.7 -103.544
10834.6 -103.544 10901.5 -100.941
10849.5 -104.846 10915.5 -141.295
10862.9 -113.958 10928.9 -100.941
10875.5 -117.864 10942.3 -137.39
10891.2 -93.1302 10956.6 -110.053
10902.9 -97.0355 10970.6 -97.0355
10918.1 -104.846 10984.3 -104.846
10930.9 -108.751 10998.3 -120.467
10946.1 -111.355 11011.4 -94.432
10958.9 -89.225 11026.6 -95.7337
10974.1 -103.544 11040 -120.467
10987.8 -86.6215 11053.1 -120.467
11000 -103.544 11068 -91.8285
11013.8 -123.071 11081.1 -85.3197
11028.6 -68.3969 11095.1 -110.053
11042.9 -64.4916 11108.9 -102.243
11056.1 -86.6215 11123.2 -94.432
11069.2 -121.769 11136.3 -139.993
11084.4 -90.5267 11149.4 -117.864
11096.6 -98.3372 11164.6 -111.355
11110.3 -102.243 11177.7 -113.958
11125.2 -100.941 11191.7 -121.769
11138.6 -93.1302 11205.7 -128.278
11152.6 -93.1302 11220 -111.355
11166.3 -69.6986 11233.7 -110.053
11180 -85.3197 11247.1 -90.5267
11194.3 -71.0004 11260.9 -104.846
11206.9 -97.0355 11275.1 -121.769
11222.6 -74.9056 11288.9 -86.6215
11235.5 -91.8285 11302.6 -116.562
11249.2 -121.769 11316.9 -137.39
11263.2 -129.579 11329.4 -102.243
11276.6 -106.148 11344 -98.3372
11290.9 -85.3197 11357.1 -100.941
11304.3 -90.5267 11371.4 -97.0355
11318.3 -100.941 11385.2 -138.692
11331.2 -89.225 11399.8 -130.881
11346.3 -136.088 11413.8 -111.355
11359.8 -102.243 11426.6 -115.26
11373.2 -116.562 11441.2 -98.3372
11387.8 -87.9232 11454.9 -137.39
11400.6 -133.485 11468.3 -102.243
11414 -98.3372 11483.2 -90.5267
11428.6 -90.5267 11495.8 -99.639
11441.8 -89.225 11509.8 -103.544
11456.6 -94.432 11524.4 -119.165
11469.2 -74.9056 11538.1 -116.562
11483.8 -95.7337 11551.5 -86.6215
11496.6 -77.5092 11566.1 -128.278
11510.9 -108.751 11579.8 -124.372
11524.6 -103.544 11592.9 -145.2
11539 -107.45 11606.9 -104.846
11553 -94.432 11621 -129.579
11566.7 -104.846 11635 -110.053
11580.4 -112.657 11649 -107.45
11593.8 -73.6039 11662.4 -84.0179
11607.8 -81.4144 11676.4 -112.657
11621.8 -98.3372 11689.9 -124.372
11635.9 -81.4144 11704.1 -86.6215
11649 -52.7758 11718.8 -119.165
11662.7 -117.864 11731 -124.372
11677.9 -112.657 11745.6 -99.639
11690.1 -102.243 11758.7 -95.7337
11704.1 -110.053 11773 -112.657
11718.8 -93.1302 11786.8 -95.7337
11732.5 -100.941 11801.1 -94.432
11745.9 -63.1898 11814.5 -113.958
11760.5 -73.6039 11828.5 -94.432
11774.5 -100.941 11842.2 -93.1302
11786.8 -94.432 11856.3 -108.751
11801.1 -90.5267 11870 -98.3372
11815.7 -94.432 11883.4 -125.674
11828.5 -67.0951 11898 -129.579
11842.8 -61.8881 11911.4 -119.165
11856.5 -93.1302 11924.6 -112.657
11871.1 -48.8705 11939.5 -86.6215
11884.3 -52.7758 11952.6 -100.941
11897.7 -67.0951 11966.6 -103.544
11912.3 -73.6039 11981.2 -99.639
11925.4 -90.5267 11995.2 -80.1127
11939.2 -100.941 12009 -128.278
11953.2 -102.243 12022.4 -167.33
11967.8 -93.1302 12035.5 -100.941
11980.1 -68.3969 12050.7 -129.579
11994.4 -60.5863 12063.9 -86.6215
12009 -103.544 12077.9 -133.485
12021.5 -76.2074 12091.3 -85.3197
12036.1 -89.225 12105.6 -76.2074
12049.8 -111.355 12118.8 -102.243
12063.6 -110.053 12131.9 -102.243
12077 -90.5267 12146.5 -103.544
12091 -81.4144 12160.5 -113.958
12105.1 -67.0951 12175.1 -125.674
12118.8 -87.9232 12188.6 -146.502
12133.1 -89.225 12201.7 -138.692
12146.5 -97.0355 12215.5 -90.5267
12160 -69.6986 12230.1 -72.3021
12174.6 -104.846 12243.8 -103.544
12187.1 -120.467 12257.5 -121.769
12202.3 -97.0355 12271.5 -125.674
12215.2 -113.958 12285 -123.071
12228.9 -94.432 12299.6 -141.295
12243.2 -84.0179 12313 -129.579
12256.4 -90.5267 12327.3 -132.183
12270.7 -65.7934 12341.1 -133.485
12285 -64.4916 12354.2 -94.432
12298.4 -25.4389 12368.3 -99.639
12311.3 -103.544 12382 -112.657
12326.5 -95.7337 12395.1 -128.278
12339 -112.657 12410.3 -125.674
12353.4 -97.0355 12423.2 -134.786
12367.7 -110.053 12437.2 -115.26
12380.8 -91.8285 12451 -113.958
12394.6 -89.225 12465.6 -108.751
12408 -51.474 12479.3 -125.674
12422.3 -68.3969 12492.5 -89.225
12436.6 -80.1127 12506.2 -119.165
12449.8 -89.225 12520.5 -103.544
12464.1 -126.976 12534.2 -103.544
12477.5 -125.674 12548.3 -98.3372
12491.6 -72.3021 12562 -128.278
12504.7 -73.6039 12576 -116.562
12519 -71.0004 12589.8 -123.071
12532.5 -65.7934 12603.5 -99.639
12546.2 -91.8285 12617.2 -124.372
12560.5 -52.7758 12631.3 -123.071
12574 -78.8109 12645 -100.941
12587.1 -54.0776 12659.9 -94.432
12602.3 -67.0951 12672.8 -93.1302
12616.1 -91.8285 12686.8 -106.148
12629.8 -115.26 12700.9 -82.7162
12643 -111.355 12715.2 -108.751
12657.6 -60.5863 12728.6 -100.941
12669.9 -47.5688 12743 -76.2074
12684.8 -76.2074 12755.5 -151.709
12697.9 -67.0951 12769.6 -126.976
12712.5 -64.4916 12783.3 -99.639
12725.4 -82.7162 12797.6 -102.243
12740.3 -71.0004 12811.4 -132.183
12753.8 -87.9232 12825.1 -110.053
12767.5 -64.4916 12839.1 -100.941
12781.5 -76.2074 12853.5 -106.148
12794.7 -69.6986 12866.3 -125.674
12808.4 -44.9653 12881.3 -113.958
12822.5 -65.7934 12895.3 -123.071
12835.9 -55.3793 12908.1 -102.243
12850 -48.8705 12921.9 -120.467
12864 -51.474 12935.9 -153.011
12878.6 -51.474 12949.7 -91.8285
12891.5 -68.3969 12964 -97.0355
12905.2 -41.06 12977.2 -168.632
12919 -21.5337 12991.5 -154.313
12933.6 -68.3969 13004.9 -133.485
12946.8 -56.6811 13019 -128.278
12960.2 -38.4565 13033.3 -133.485
12974.2 -82.7162 13047.1 -115.26
12987.7 3.1997 13060.5 -98.3372
13001.4 -29.3442 13074.9 -138.692
13016.6 -37.1547 13089.5 -126.976
13030.4 -46.267 13101.5 -151.709
13044.1 -25.4389 13115.5 -150.407
13058.2 -12.4214 13130.1 -136.088
13071.6 -9.81786 13143.9 -151.709
13084.5 -12.4214 13157.1 -99.639
13099.1 9.70847 13171.4 -134.786
13112.6 -34.5512 13185.1 -133.485
13125.8 -7.21435 13199.8 -111.355
13139.8 -7.21435 13213.2 -130.881
13153.8 -5.91259 13227.3 -91.8285
13167.9 -16.3266 13241 -149.106
13181.1 -20.2319 13255.6 -97.0355
13196.6 21.4243 13269.4 -139.993
13209.4 -21.5337 13282.3 -137.39
13222.9 -3.30908 13296.6 -125.674
13236.9 5.80321 13309.8 -106.148
13250.7 12.312 13324.4 -87.9232
13264.1 46.1576 13338.5 -55.3793
13278.5 47.4594 13351.9 -104.846
13291.7 9.70847 13364.8 -87.9232
13305.7 25.3295 13379.1 -113.958
13318.3 7.10496 13393.5 -149.106
13332.9 0.596186 13406.9 -119.165
13347.5 53.9682 13421 -110.053
13360.7 40.9506 13434.7 -134.786
13374.5 94.3226 13448.8 -97.0355
13387.9 106.038 13462.6 -87.9232
13402.3 86.5121 13476.9 -43.6635
13415.7 104.737 13490.1 -51.474
13429.8 78.7015 13505.9 -76.2074
13444.4 64.3822 13517.9 -78.8109
13457.3 80.0033 13532.5 -103.544
13471 56.5717 13545.7 -80.1127
13484.8 85.2103 13560 -56.6811
13498.5 142.488 13573.2 -43.6635
13512.3 141.186 13587.5 -59.2846
13526.6 190.653 13601.3 -22.8354
13539.8 225.8 13615.6 -8.5161
13553.9 182.842 13628.8 -13.7231
13567.3 191.954 13642.6 -38.4565
13582.3 148.996 13656.9 -22.8354
13594.8 160.712 13671.5 8.40672
13609.5 156.807 13683.8 22.726
13622.6 156.807 13698.8 44.8559
13636.7 219.291 13711.7 53.9682
13650.8 247.93 13726 85.2103
13664.5 267.456 13740.3 51.3647
13677.7 259.646 13754.4 51.3647
13692.6 266.154 13768.4 63.0805
13705.8 294.793 13781.9 48.7611
13719.3 267.456 13795.7 46.1576
13734.2 214.084 13809.4 103.435
13747.4 224.498 13824.1 163.316
13761.1 245.326 13837.3 172.428
13775.2 258.344 13852.5 197.161
13788.1 333.846 13867.1 231.007
13802.4 345.561 13881.2 195.86
13815.9 388.519 13893.8 195.86
13829.6 401.537 13898.5 152.902
13843.7 370.295 13884.7 150.298
13858 286.982 13870.3 210.179
