7013.58 -132.183 7028.23 -146.502
7005.07 -117.864 7042.01 -129.579
7000.38 -78.8109 7056.08 -123.071
7009.18 -85.3197 7070.15 -120.467
7022.37 -47.5688 7083.05 -111.355
7034.98 -72.3021 7097.71 -110.053
7049.63 -41.06 7110.9 -124.372
7063.41 -94.432 7125.26 -163.425
7078.36 -74.9056 7138.16 -130.881
7091.26 -84.0179 7152.81 -149.106
7104.45 -102.243 7166.29 -130.881
7119.4 -91.8285 7180.65 -155.615
7133.47 -80.1127 7194.43 -120.467
7147.54 -73.6039 7207.61 -162.123
7161.02 -52.7758 7222.56 -154.313
7175.38 -12.4214 7235.74 -163.425
7188.56 -71.0004 7248.34 -154.313
7201.46 -64.4916 7263.29 -146.502
7216.11 -56.6811 7277.94 -153.011
7230.47 -94.432 7290.24 -138.692
7243.95 -48.8705 7304.3 -151.709
7258.01 -64.4916 7318.37 -134.786
7271.78 -71.0004 7332.14 -142.597
7286.43 -82.7162 7346.49 -132.183
7298.74 -69.6986 7360.55 -95.7337
7313.09 -51.474 7373.44 -129.579
7327.45 -55.3793 7387.79 -128.278
7340.63 -82.7162 7400.97 -120.467
7354.69 -80.1127 7415.62 -120.467
7368.75 -111.355 7429.09 -106.148
7381.64 -33.2495 7441.98 -142.597
7395.7 -43.6635 7456.33 -145.2
7409.17 -28.0424 7470.68 -163.425
7424.4 -87.9232 7485.03 -150.407
7437.58 -54.0776 7497.91 -120.467
7450.76 -46.267 7512.85 -132.183
7465.41 -20.2319 7526.9 -112.657
7479.17 -57.9828 7539.2 -115.26
7492.05 -51.474 7553.55 -116.562
7507.28 -81.4144 7567.6 -134.786
7520.46 -63.1898 7581.65 -112.657
7534.22 -71.0004 7594.83 -111.355
7548.57 -81.4144 7609.17 -136.088
7562.33 -85.3197 7622.35 -128.278
7575.21 -59.2846 7636.98 -117.864
7589.56 -74.9056 7650.45 -110.053
7602.73 -44.9653 7664.21 -108.751
7617.08 -60.5863 7678.26 -98.3372
7631.42 -55.3793 7691.43 -124.372
7645.77 -73.6039 7705.77 -128.278
7658.94 -95.7337 7718.65 -153.011
7672.7 -67.0951 7732.99 -147.804
7686.75 -81.4144 7747.33 -103.544
7700.21 -93.1302 7760.79 -133.485
7713.09 -76.2074 7775.43 -103.544
7728.31 -46.267 7788.89 -99.639
7742.06 -73.6039 7802.93 -120.467
7755.23 -67.0951 7815.81 -113.958
7769.57 -69.6986 7831.02 -86.6215
7783.33 -65.7934 7844.78 -107.45
7797.37 -60.5863 7856.77 -112.657
7810.83 -69.6986 7871.4 -102.243
7824.88 -77.5092 7885.15 -111.355
7838.92 -44.9653 7899.49 -111.355
7852.68 -63.1898 7913.24 -81.4144
7865.84 -50.1723 7926.7 -121.769
7879.3 -69.6986 7940.74 -124.372
7894.22 -57.9828 7953.32 -146.502
7907.68 -44.9653 7968.53 -133.485
7921.72 -89.225 7982.57 -94.432
7935.47 -73.6039 7996.9 -121.769
7949.51 -81.4144 8009.48 -100.941
7962.68 -82.7162 8023.51 -94.432
7976.72 -64.4916 8037.85 -90.5267
7990.47 -57.9828 8050.72 -80.1127
8003.63 -85.3197 8065.05 -102.243
8018.54 -48.8705 8077.91 -128.278
8032 -86.6215 8092.24 -98.3372
8046.33 -99.639 8106.57 -107.45
8058.61 -67.0951 8122.07 -108.751
8072.65 -102.243 8134.35 -100.941
8087.86 -71.0004 8148.97 -99.639
8101.6 -52.7758 8162.42 -46.267
8114.47 -60.5863 8176.16 -97.0355
8128.8 -63.1898 8188.74 -91.8285
8142.83 -46.267 8203.65 -103.544
8156.28 -65.7934 8217.68 -97.0355
8170.02 -60.5863 8230.84 -151.709
8183.47 -90.5267 8244.28 -102.243
8197.51 -76.2074 8259.19 -117.864
8211.83 -84.0179 8272.35 -99.639
8224.7 -46.267 8285.79 -67.0951
8239.6 -72.3021 8300.7 -55.3793
8252.47 -65.7934 8315.02 -99.639
8267.08 -60.5863 8328.18 -85.3197
8280.24 -39.7582 8342.21 -95.7337
8294.56 -63.1898 8355.65 -108.751
8307.42 -110.053 8369.09 -120.467
8322.62 -95.7337 8384 -81.4144
8336.94 -90.5267 8396.57 -123.071
8350.1 -153.011 8411.18 -85.3197
8362.96 -84.0179 8424.33 -67.0951
8377.86 -29.3442 8438.65 -93.1302
8391.6 -26.7407 8452.68 -77.5092
8405.63 -52.7758 8466.12 -71.0004
8418.78 -56.6811 8480.14 -99.639
8432.51 -35.853 8493.58 -93.1302
8446.54 -67.0951 8508.49 -86.6215
8459.98 -110.053 8520.76 -80.1127
8474.88 -81.4144 8535.95 -97.0355
8488.32 -106.148 8549.68 -84.0179
8502.35 -50.1723 8563.7 -55.3793
8515.2 -72.3021 8576.56 -84.0179
8529.23 -57.9828 8591.75 -94.432
8542.67 -63.1898 8604.9 -130.881
8558.15 -50.1723 8617.75 -87.9232
8571.59 -84.0179 8632.65 -94.432
8585.03 -106.148 8646.09 -78.8109
8598.47 -85.3197 8659.52 -86.6215
8611.91 -98.3372 8673.55 -87.9232
8626.22 -84.0179 8687.86 -89.225
8640.54 -94.432 8701.58 -87.9232
8653.39 -50.1723 8715.9 -99.639
8667.99 -17.6284 8729.92 -81.4144
8680.85 -64.4916 8743.06 -84.0179
8694.28 -80.1127 8757.66 -100.941
8708.3 -65.7934 8770.22 -81.4144
8722.32 -87.9232 8785.11 -72.3021
8736.34 -76.2074 8797.96 -99.639
8749.78 -61.8881 8812.86 -91.8285
8764.67 -73.6039 8826 -55.3793
8776.94 -86.6215 8839.72 -106.148
8791.83 -42.3617 8853.74 -111.355
8805.27 -93.1302 8867.46 -97.0355
8819.57 -47.5688 8880.31 -87.9232
8833.59 -59.2846 8896.08 -89.225
8846.73 -78.8109 8908.64 -87.9232
8860.75 -67.0951 8924.11 -71.0004
8875.06 -106.148 8936.66 -97.0355
8889.07 -77.5092 8950.39 -120.467
8901.92 -63.1898 8964.99 -110.053
8915.64 -64.4916 8977.54 -78.8109
8929.66 -72.3021 8992.72 -123.071
8943.38 -82.7162 9005.57 -111.355
8957.39 -64.4916 9019.58 -106.148
8970.82 -72.3021 9033.01 -110.053
8985.71 -63.1898 9047.31 -98.3372
8999.14 -84.0179 9061.32 -110.053
9012.28 -91.8285 9074.17 -64.4916
9026.29 -89.225 9088.76 -104.846
9040.31 -56.6811 9103.65 -81.4144
9054.61 -61.8881 9116.5 -117.864
9067.75 -42.3617 9130.8 -82.7162
9082.92 -85.3197 9143.93 -99.639
9094.89 -61.8881 9157.36 -107.45
9108.9 -67.0951 9171.08 -86.6215
9124.08 -46.267 9185.38 -97.0355
9136.63 -71.0004 9199.68 -115.26
9151.23 -86.6215 9212.81 -61.8881
9164.65 -50.1723 9226.82 -84.0179
9178.37 -55.3793 9241.71 -100.941
9191.21 -38.4565 9254.55 -85.3197
9205.51 -59.2846 9269.43 -116.562
9220.4 -91.8285 9282.27 -100.941
9234.7 -97.0355 9297.45 -59.2846
9247.83 -94.432 9310.87 -117.864
9260.68 -81.4144 9324 -103.544
9274.39 -111.355 9337.72 -126.976
9288.4 -50.1723 9351.43 -121.769
9302.99 -50.1723 9364.86 -99.639
9316.12 -55.3793 9380.03 -76.2074
9330.42 -42.3617 9392.87 -51.474
9345.31 -81.4144 9407.46 -104.846
9358.14 -80.1127 9421.47 -91.8285
9371.57 -78.8109 9434.59 -107.45
9384.99 -95.7337 9448.02 -111.355
9399.29 -90.5267 9462.02 -102.243
9413.29 -39.7582 9475.44 -78.8109
9426.13 -63.1898 9490.32 -80.1127
9441.31 -68.3969 9504.04 -69.6986
9454.14 -59.2846 9517.46 -72.3021
9468.44 -95.7337 9531.46 -104.846
9482.74 -78.8109 9545.76 -69.6986
9496.74 -69.6986 9559.18 -93.1302
9510.46 -97.0355 9574.06 -102.243
9523.58 -87.9232 9586.31 -133.485
9537.3 -56.6811 9600.32 -103.544
9551.01 -47.5688 9614.9 -106.148
9564.14 -73.6039 9628.9 -98.3372
9578.73 -81.4144 9643.49 -91.8285
9592.44 -65.7934 9655.74 -82.7162
9606.15 -72.3021 9670.33 -100.941
9620.74 -64.4916 9682.87 -69.6986
9633.86 -93.1302 9697.75 -106.148
9647.87 -95.7337 9711.17 -89.225
9661.58 -80.1127 9725.17 -94.432
9675.29 -61.8881 9739.46 -81.4144
9689.29 -78.8109 9752.59 -123.071
9702.42 -50.1723 9766.6 -111.355
9717 -47.5688 9780.31 -100.941
9730.72 -48.8705 9794.01 -68.3969
9744.13 -100.941 9809.77 -97.0355
9757.84 -84.0179 9821.72 -132.183
9771.55 -107.45 9835.73 -61.8881
9786.43 -84.0179 9849.43 -89.225
9800.14 -72.3021 9863.44 -85.3197
9813.85 -84.0179 9877.44 -150.407
9827.56 -61.8881 9891.44 -87.9232
9840.69 -77.5092 9905.44 -74.9056
9855.27 -78.8109 9918.56 -68.3969
9868.69 -44.9653 9932.56 -87.9232
9882.98 -59.2846 9946.27 -86.6215
9896.1 -90.5267 9959.69 -102.243
9910.98 -54.0776 9973.98 -99.639
9923.81 -102.243 9988.56 -89.225
9938.1 -81.4144 10002 -98.3372
9951.52 -63.1898 10016 -111.355
9965.52 -44.9653 10029.4 -64.4916
9979.52 -60.5863 10043.1 -97.0355
9993.23 -86.6215 10057.7 -67.0951
10006.3 -77.5092 10071.1 -67.0951
10020.1 -81.4144 10085.1 -87.9232
10034.9 -64.4916 10098.5 -71.0004
10047.8 -90.5267 10112.2 -100.941
10062.1 -61.8881 10127.1 -103.544
10076.6 -69.6986 10140.2 -71.0004
10090.1 -82.7162 10153.9 -76.2074
10103.8 -78.8109 10168.8 -97.0355
10117.8 -77.5092 10181.9 -111.355
10131.5 -80.1127 10195.6 -69.6986
10145.2 -102.243 10208.8 -76.2074
10158.3 -102.243 10222.8 -80.1127
10172.3 -90.5267 10236.5 -95.7337
10186.3 -50.1723 10250.8 -74.9056
10200.3 -59.2846 10265.3 -107.45
10214 -68.3969 10279.3 -113.958
10227.4 -30.646 10291.9 -94.432
10241.7 -37.1547 10306.5 -52.7758
10254.8 -65.7934 10320.5 -73.6039
10269.4 -103.544 10333.9 -67.0951
10282.3 -80.1127 10347.6 -108.751
10297.7 -97.0355 10361.3 -112.657
10310.5 -82.7162 10375.3 -100.941
10324.3 -69.6986 10389.6 -103.544
10338.3 -47.5688 10403 -110.053
10351.7 -61.8881 10417 -91.8285
10365.7 -43.6635 10430.4 -120.467
10379.4 -89.225 10444.1 -120.467
10393.1 -87.9232 10458.4 -95.7337
10407.1 -104.846 10473 -72.3021
10421.4 -108.751 10485.8 -94.432
10434.2 -74.9056 10499.8 -85.3197
10448.5 -59.2846 10514.1 -74.9056
10462.5 -56.6811 10528.1 -117.864
10475.6 -54.0776 10541 -113.958
10490.8 -41.06 10555.8 -102.243
10504.5 -50.1723 10569.5 -89.225
10517.3 -57.9828 10582.4 -90.5267
10531.3 -85.3197 10597.2 -99.639
10545.3 -84.0179 10611.2 -91.8285
10559.3 -110.053 10623.5 -87.9232
10573.3 -60.5863 10638.4 -108.751
10586.1 -78.8109 10652.6 -89.225
10600.1 -77.5092 10666.4 -106.148
10614.4 -73.6039 10680.1 -134.786
10627.6 -60.5863 10693.8 -163.425
10642.2 -48.8705 10708.4 -155.615
10655.9 -51.474 10721.5 -107.45
10669.3 -85.3197 10735.8 -138.692
10682.1 -103.544 10749.2 -113.958
10697 -98.3372 10762.6 -137.39
10711 -102.243 10776.9 -126.976
10724.1 -63.1898 10790.9 -155.615
10737.8 -64.4916 10804.6 -150.407
10752.7 -63.1898 10818.6 -153.011
10765.5 -77.5092 10832 -176.443
10781 -73.6039 10845.4 -141.295
10793.8 -74.9056 10859.7 -150.407
10806.9 -64.4916 10874 -132.183
10821.5 -102.243 10887.4 -162.123
10834.9 -98.3372 10901.2 -153.011
10848.6 -100.941 10916 -125.674
10862.9 -91.8285 10928.6 -153.011
10876.6 -87.9232 10943.2 -154.313
10890.7 -82.7162 10956 -146.502
10904.7 -48.8705 10970.9 -149.106
10917.2 -74.9056 10984 -156.916
10931.2 -48.8705 10997.7 -154.313
10945.5 -84.0179 11012 -159.52
10959.2 -74.9056 11026.3 -177.744
10973.5 -74.9056 11040 -142.597
10987.2 -99.639 11052.8 -177.744
11000.6 -64.4916 11068 -167.33
11014.6 -80.1127 11081.1 -147.804
11028.6 -71.0004 11095.1 -162.123
11042 -59.2846 11108 -141.295
11056.3 -55.3793 11123.4 -146.502
11070.3 -84.0179 11137.1 -168.632
11083.8 -99.639 11150 -160.822
11098.1 -59.2846 11164.3 -186.857
11110.9 -81.4144 11177.1 -168.632
11125.5 -63.1898 11192.6 -162.123
11138.9 -54.0776 11205.7 -128.278
11151.7 -85.3197 11219.4 -145.2
11166.6 -76.2074 11232.5 -117.864
11180.6 -50.1723 11247.1 -126.976
11194.6 -67.0951 11261.2 -116.562
11207.5 -78.8109 11274.3 -126.976
11222 -95.7337 11288.9 -147.804
11235.8 -47.5688 11303.2 -145.2
11248.9 -103.544 11316.3 -89.225
11263.2 -78.8109 11330 -108.751
11276 -51.474 11344 -164.727
11290.6 -74.9056 11359.2 -134.786
11304.6 -63.1898 11371.4 -106.148
11318 -87.9232 11384.9 -107.45
11332.1 -99.639 11400 -107.45
11346 -78.8109 11412.6 -106.148
11359.2 -104.846 11427.8 -134.786
11372.9 -84.0179 11441.2 -137.39
11387.5 -44.9653 11454.6 -173.839
11400.6 -76.2074 11468.6 -136.088
11414.6 -73.6039 11482.6 -162.123
11429.2 -74.9056 11496.1 -133.485
11441.8 -77.5092 11509.5 -107.45
11456.9 -44.9653 11522.6 -98.3372
11470.4 -64.4916 11537.5 -119.165
11484.1 -85.3197 11552.1 -121.769
11497.2 -106.148 11566.1 -126.976
11511.8 -63.1898 11580.7 -130.881
11525.5 -91.8285 11593.2 -119.165
11538.7 -55.3793 11607.2 -119.165
11553.3 -69.6986 11620.4 -134.786
11565.8 -54.0776 11635.6 -86.6215
11579.8 -71.0004 11648.7 -138.692
11594.4 -72.3021 11662.7 -117.864
11608.1 -59.2846 11676.7 -95.7337
11621.8 -65.7934 11690.1 -129.579
11636.4 -61.8881 11704.1 -133.485
11648.4 -78.8109 11717.9 -154.313
11662.7 -54.0776 11732.2 -115.26
11677.6 -33.2495 11745 -149.106
11690.7 -42.3617 11759.6 -129.579
11705 -33.2495 11773.3 -129.579
11717.9 -54.0776 11785.9 -147.804
11732.5 -43.6635 11800.8 -136.088
11745.9 -89.225 11814.8 -106.148
11760.8 -80.1127 11829.1 -103.544
11774.2 -77.5092 11842 -117.864
11787.9 -87.9232 11855.7 -126.976
11801.4 -68.3969 11869.4 -111.355
11814.5 -59.2846 11883.7 -99.639
11829.4 -11.1196 11898.6 -104.846
11842.5 -33.2495 11912 -123.071
11856.5 -51.474 11925.4 -119.165
11869.4 -61.8881 11939.2 -143.899
11884 -89.225 11953.2 -93.1302
11897.4 -72.3021 11965.5 -87.9232
11912 -93.1302 11980.6 -124.372
11925.7 -54.0776 11994.7 -103.544
11939.5 -61.8881 12008.1 -90.5267
11953.8 -77.5092 12022.4 -117.864
11967.8 -20.2319 12035.5 -132.183
11980.9 -18.9302 12049.8 -139.993
11994.7 -22.8354 12063.9 -108.751
12008.4 -29.3442 12077 -104.846
12022.4 -48.8705 12090.7 -113.958
12035 -87.9232 12105.3 -123.071
12050.7 -84.0179 12119.1 -102.243
12063.6 -56.6811 12133.1 -113.958
12077.6 -54.0776 12146.8 -111.355
12090.4 -52.7758 12160.3 -98.3372
12105.1 -57.9828 12174.9 -126.976
12118.2 -31.9477 12188 -86.6215
12133.4 -60.5863 12202.3 -116.562
12145.9 -50.1723 12214.9 -124.372
12159.1 -81.4144 12230.4 -116.562
12174.3 -94.432 12243.2 -102.243
12188 -54.0776 12258.1 -78.8109
12201.7 -95.7337 12271.5 -90.5267
12215.2 -52.7758 12285.3 -85.3197
12229.5 -16.3266 12299.3 -115.26
12242.9 -47.5688 12313.3 -113.958
12256.9 -37.1547 12326.8 -72.3021
12271 -73.6039 12340.8 -104.846
12283.5 -44.9653 12354.2 -120.467
12298.1 -73.6039 12368.3 -85.3197
12311.9 -43.6635 12382.3 -82.7162
12326.2 -71.0004 12396.3 -87.9232
12339 -77.5092 12410 -126.976
12353.4 -72.3021 12424.4 -91.8285
12366.8 -47.5688 12436.9 -93.1302
12380.8 -15.0249 12451.5 -107.45
12394.8 -47.5688 12465.6 -120.467
12409.4 -56.6811 12478.4 -110.053
12421.7 -54.0776 12492.7 -120.467
12436.6 -50.1723 12506.2 -111.355
12450.1 -44.9653 12521.1 -104.846
12463.5 -63.1898 12534.2 -85.3197
12477.8 -21.5337 12548.9 -108.751
12491 -37.1547 12562.6 -76.2074
12506.2 -13.7231 12576.6 -98.3372
12519 -51.474 12589.8 -106.148
12532.5 -41.06 12602.9 -117.864
12546.5 -41.06 12616.7 -146.502
12561.7 -63.1898 12631.9 -116.562
12574.3 -38.4565 12645.6 -112.657
12588.3 -60.5863 12658.8 -93.1302
12602 -26.7407 12673.1 -107.45
12615.8 -13.7231 12686.5 -86.6215
12629.2 -37.1547 12700.9 -110.053
12644.1 -16.3266 12714.6 -133.485
12657 -30.646 12728.3 -130.881
12670.7 -55.3793 12741.5 -181.65
12683.9 -30.646 12756.4 -167.33
12698.8 -54.0776 12769.8 -150.407
12712.5 -3.30908 12783.6 -125.674
12725.4 -63.1898 12797.3 -123.071
12740.3 -48.8705 12811.1 -126.976
12753.2 -0.70557 12824.8 -106.148
12767.8 -15.0249 12839.1 -102.243
12781.2 -11.1196 12853.2 -104.846
12794.4 -37.1547 12867.2 -141.295
12808.7 -30.646 12880.4 -141.295
12822.8 -25.4389 12894.4 -146.502
12836.5 -37.1547 12908.7 -145.2
12851.1 -30.646 12922.5 -149.106
12863.7 -15.0249 12935.9 -106.148
12878 -12.4214 12949.7 -84.0179
12892.1 -5.91259 12964.3 -104.846
12905.8 22.726 12978.3 -100.941
12919 0.596186 12991.5 -91.8285
12932.7 0.596186 13005.2 -138.692
12947.3 -21.5337 13019 -150.407
12959.9 -20.2319 13033 -155.615
12974.2 -38.4565 13047.4 -147.804
12987.4 -5.91259 13061.4 -146.502
13002.3 -26.7407 13074.6 -100.941
13015.8 14.9155 13088.6 -98.3372
13029.8 42.2524 13102.4 -77.5092
13043.3 38.3471 13116.4 -82.7162
13057.6 47.4594 13130.7 -72.3021
13071.6 47.4594 13143.3 -87.9232
13085.1 20.1225 13157.1 -113.958
13098.3 53.9682 13171.7 -141.295
13112.6 29.2348 13185.4 -136.088
13126.6 13.6137 13199.2 -125.674
13140.4 -3.30908 13212.6 -84.0179
13154.4 34.4418 13227.9 -71.0004
13167.9 51.3647 13241 -67.0951
13181.6 78.7015 13254.5 -72.3021
13194.8 55.2699 13269.1 -71.0004
13208.8 51.3647 13282.3 -82.7162
13222.9 80.0033 13296 -89.225
13236.4 37.0453 13310.4 -90.5267
13250.4 42.2524 13324.4 -119.165
13265.3 69.5892 13337.3 -119.165
13277.6 40.9506 13352.2 -94.432
13292.2 52.6664 13366 -47.5688
13305.1 104.737 13379.4 -28.0424
13319.1 60.4769 13393.2 -64.4916
13332.9 128.168 13407.2 -80.1127
13347.5 145.091 13421.3 -67.0951
13360.7 147.695 13435 -39.7582
13375.3 159.41 13448.2 -90.5267
13388.2 162.014 13462.8 -77.5092
13402.5 135.979 13477.5 -72.3021
13415.7 104.737 13490.6 -22.8354
13429.2 148.996 13503.8 -3.30908
13444.1 112.547 13517.3 -8.5161
13457 164.617 13531.9 13.6137
13470.7 197.161 13545.7 35.7436
13486 225.8 13560.9 -8.5161
13499.1 210.179 13572.9 51.3647
13512.3 232.309 13588.1 39.6489
13526.9 244.025 13602.2 -22.8354
13540.7 219.291 13614.8 8.40672
13553.9 215.386 13629.1 -22.8354
13567.9 210.179 13642.6 20.1225
13581.1 193.256 13657.5 25.3295
13595.1 188.049 13670.4 50.0629
13608.9 223.196 13684.4 99.5296
13623.2 247.93 13699.4 139.884
13637 310.414 13712.8 120.358
13650.5 313.018 13726.9 147.695
13664.2 331.242 13740.9 128.168
13678 319.526 13754.4 115.151
13692.6 322.13 13767.9 94.3226
13705.8 270.06 13782.2 111.245
13720.1 244.025 13795.4 111.245
13733.3 279.172 13810.6 130.772
13747.1 284.379 13823.8 181.54
13761.1 283.077 13837.6 238.817
13774.6 353.372 13852.5 259.646
13788.1 358.579 13866.8 277.87
13802.1 449.702 13882 296.095
13816.2 431.477 13894.3 253.137
13829.6 393.726 13898.7 233.61
13843.7 357.277 13884.7 237.516
13858.3 288.284 13871.5 264.853
