7013.87 -137.39 7028.23 -205.081
7005.66 -133.485 7041.43 -181.65
7001.26 -132.183 7055.5 -228.513
7009.18 -115.26 7069.57 -186.857
7021.49 -126.976 7083.64 -172.537
7035.27 -130.881 7097.41 -201.176
7049.05 -116.562 7111.19 -179.046
7062.53 -150.407 7123.8 -197.271
7078.07 -142.597 7139.33 -208.986
7092.14 -124.372 7153.1 -210.288
7104.74 -107.45 7166 -225.909
7118.52 -102.243 7180.36 -227.211
7133.47 -136.088 7193.55 -181.65
7146.36 -133.485 7208.49 -219.401
7160.43 -112.657 7221.38 -186.857
7174.5 -126.976 7235.74 -190.762
7188.56 -146.502 7248.93 -206.383
7202.34 -98.3372 7262.99 -168.632
7217.28 -103.544 7277.35 -210.288
7229.88 -121.769 7291.12 -222.004
7243.36 -130.881 7304.6 -193.365
7258.01 -119.165 7318.07 -197.271
7272.08 -98.3372 7333.01 -179.046
7284.38 -107.45 7345.9 -177.744
7299.03 -94.432 7359.09 -172.537
7312.51 -94.432 7374.61 -198.572
7328.03 -113.958 7388.38 -179.046
7341.51 -115.26 7401.27 -207.685
7354.4 -116.562 7415.03 -201.176
7368.75 -132.183 7429.38 -180.348
7381.93 -98.3372 7442.56 -198.572
7395.99 -97.0355 7456.03 -219.401
7410.64 -97.0355 7471.26 -176.443
7423.82 -100.941 7484.15 -190.762
7437.88 -95.7337 7498.2 -162.123
7450.76 -97.0355 7511.09 -186.857
7465.41 -125.674 7526.02 -176.443
7478.88 -137.39 7540.08 -201.176
7492.64 -154.313 7552.67 -175.141
7507.28 -136.088 7568.19 -190.762
7521.04 -117.864 7580.77 -206.383
7533.34 -90.5267 7595.41 -193.365
7547.98 -107.45 7608.59 -158.218
7562.62 -99.639 7622.93 -177.744
7575.21 -128.278 7636.4 -139.993
7589.56 -104.846 7650.74 -179.046
7603.61 -104.846 7663.91 -141.295
7616.2 -123.071 7677.38 -167.33
7631.42 -130.881 7691.72 -199.874
7645.47 -133.485 7705.19 -214.194
7658.35 -137.39 7718.65 -250.643
7672.99 -128.278 7733.58 -245.436
7686.75 -64.4916 7747.63 -193.365
7700.5 -77.5092 7761.09 -208.986
7714.26 -115.26 7773.96 -219.401
7727.72 -95.7337 7788.89 -206.383
7741.18 -123.071 7802.64 -227.211
7755.23 -154.313 7816.39 -231.116
7768.99 -146.502 7830.73 -229.815
7783.03 -167.33 7843.61 -259.755
7797.08 -139.993 7857.94 -192.064
7811.13 -110.053 7871.99 -215.495
7824 -100.941 7885.15 -237.625
7838.05 -95.7337 7899.78 -206.383
7852.38 -115.26 7912.95 -199.874
7865.55 -81.4144 7926.7 -189.46
7879.89 -134.786 7941.03 -198.572
7893.05 -124.372 7954.78 -180.348
7907.39 -117.864 7968.53 -215.495
7921.43 -115.26 7982.86 -228.513
7934.59 -142.597 7995.73 -195.969
7948.64 -98.3372 8010.94 -224.608
7962.09 -91.8285 8023.81 -201.176
7976.72 -146.502 8037.85 -190.762
7990.47 -124.372 8051.3 -195.969
8004.5 -113.958 8066.22 -215.495
8018.54 -78.8109 8078.79 -194.667
8031.71 -95.7337 8092.83 -184.253
8046.33 -143.899 8106.28 -218.099
8059.49 -130.881 8120.31 -223.306
8073.23 -107.45 8134.64 -216.797
8088.44 -115.26 8148.09 -172.537
8101.31 -85.3197 8163.01 -189.46
8115.05 -93.1302 8176.46 -154.313
8128.21 -81.4144 8190.49 -166.029
8143.12 -121.769 8203.06 -176.443
8155.4 -120.467 8217.97 -182.951
8170.61 -128.278 8231.13 -210.288
8184.35 -112.657 8245.16 -240.229
8197.51 -112.657 8259.48 -242.832
8210.66 -103.544 8272.64 -227.211
8225.57 -93.1302 8286.09 -210.288
8239.02 -99.639 8299.53 -225.909
8252.76 -91.8285 8314.15 -199.874
8266.21 -85.3197 8327.88 -207.685
8280.82 -89.225 8342.5 -188.158
8294.27 -113.958 8355.65 -185.555
8308.3 -121.769 8369.39 -205.081
8322.33 -81.4144 8383.42 -190.762
8336.65 -150.407 8397.74 -218.099
8350.1 -91.8285 8410.89 -228.513
8363.54 -102.243 8425.21 -197.271
8376.99 -82.7162 8438.36 -194.667
8390.72 -97.0355 8453.26 -193.365
8404.46 -103.544 8466.12 -172.537
8418.19 -110.053 8480.43 -179.046
8432.8 -100.941 8493.58 -216.797
8446.54 -104.846 8507.61 -202.478
8459.98 -119.165 8521.05 -214.194
8472.84 -121.769 8535.95 -203.779
8487.74 -90.5267 8549.39 -182.951
8501.18 -120.467 8562.83 -179.046
8515.5 -80.1127 8576.56 -195.969
8529.52 -117.864 8591.75 -182.951
8542.67 -80.1127 8604.02 -166.029
8556.98 -91.8285 8618.33 -185.555
8571.01 -106.148 8631.77 -169.934
8583.86 -115.26 8645.8 -150.407
8598.47 -120.467 8660.11 -163.425
8611.62 -145.2 8674.42 -207.685
8625.93 -125.674 8688.15 -210.288
8639.66 -86.6215 8700.71 -192.064
8653.39 -104.846 8716.48 -172.537
8668.29 -77.5092 8729.04 -169.934
8680.85 -117.864 8742.77 -179.046
8694.58 -103.544 8756.49 -176.443
8708.6 -104.846 8770.51 -130.881
8721.74 -113.958 8783.65 -195.969
8736.93 -100.941 8798.84 -149.106
8750.36 -91.8285 8811.98 -162.123
8763.5 -97.0355 8825.71 -182.951
8777.81 -119.165 8840.31 -139.993
8791.83 -103.544 8854.03 -142.597
8805.85 -52.7758 8868.05 -159.52
8819.28 -137.39 8880.9 -171.236
8832.13 -99.639 8894.91 -180.348
8847.02 -132.183 8908.64 -193.365
8861.33 -95.7337 8922.65 -214.194
8874.47 -94.432 8936.37 -207.685
8888.78 -89.225 8950.1 -173.839
8901.92 -103.544 8964.99 -175.141
8915.93 -106.148 8978.12 -163.425
8929.95 -119.165 8991.26 -164.727
8943.38 -115.26 9006.15 -147.804
8957.1 -104.846 9019.29 -177.744
8970.82 -137.39 9033.01 -180.348
8985.13 -112.657 9047.6 -188.158
8998.85 -102.243 9061.32 -175.141
9012.57 -111.355 9074.17 -216.797
9026.29 -111.355 9089.06 -154.313
9040.6 -115.26 9102.19 -166.029
9053.44 -59.2846 9116.5 -146.502
9068.04 -115.26 9130.8 -151.709
9081.47 -119.165 9144.81 -136.088
9095.48 -102.243 9156.48 -155.615
9108.32 -94.432 9172.24 -192.064
9123.5 -100.941 9185.96 -201.176
9137.22 -102.243 9199.68 -193.365
9149.77 -98.3372 9213.69 -156.916
9164.36 -102.243 9227.99 -158.218
9178.37 -94.432 9241.41 -171.236
9192.38 -63.1898 9254.84 -147.804
9205.81 -126.976 9268.55 -119.165
9219.53 -137.39 9283.14 -156.916
9233.53 -67.0951 9295.99 -179.046
9247.83 -106.148 9310.29 -146.502
9261.26 -93.1302 9324.88 -173.839
9274.68 -100.941 9337.43 -180.348
9288.4 -89.225 9351.14 -155.615
9302.99 -89.225 9364.86 -182.951
9315.54 -110.053 9379.15 -189.46
9329.84 -89.225 9393.16 -153.011
9344.43 -117.864 9407.46 -180.348
9358.73 -112.657 9420.88 -145.2
9372.15 -111.355 9434.59 -180.348
9384.7 -126.976 9449.18 -181.65
9399.29 -115.26 9462.02 -160.822
9413.29 -111.355 9476.61 -182.951
9426.72 -98.3372 9490.03 -169.934
9441.31 -77.5092 9504.33 -172.537
9454.43 -99.639 9517.17 -176.443
9467.86 -95.7337 9532.05 -139.993
9481.86 -97.0355 9545.18 -163.425
9496.16 -90.5267 9559.18 -150.407
9509 -146.502 9574.35 -180.348
9523.29 -132.183 9587.19 -132.183
9536.42 -146.502 9600.61 -173.839
9551.3 -93.1302 9615.19 -185.555
9565.01 -115.26 9628.61 -169.934
9577.85 -82.7162 9642.91 -169.934
9593.02 -97.0355 9656.03 -176.443
9606.73 -145.2 9669.75 -153.011
9619.86 -86.6215 9682.87 -155.615
9633.86 -121.769 9696.88 -142.597
9647.87 -121.769 9712.05 -180.348
9661.87 -121.769 9725.17 -128.278
9675.58 -99.639 9739.76 -177.744
9690.17 -110.053 9752.88 -156.916
9703 -84.0179 9766.6 -156.916
9715.84 -81.4144 9779.72 -134.786
9731.3 -67.0951 9794.89 -182.951
9744.42 -98.3372 9808.31 -166.029
9757.26 -67.0951 9821.72 -169.934
9771.85 -97.0355 9836.02 -149.106
9786.43 -151.709 9850.02 -164.727
9799.85 -133.485 9863.14 -154.313
9812.68 -116.562 9877.44 -163.425
9827.56 -106.148 9891.44 -193.365
9840.39 -84.0179 9905.15 -164.727
9854.68 -87.9232 9918.86 -188.158
9868.4 -107.45 9932.27 -150.407
9883.27 -126.976 9946.85 -159.52
9896.1 -111.355 9960.57 -177.744
9909.52 -104.846 9974.57 -132.183
9923.81 -116.562 9988.56 -162.123
9937.23 -97.0355 10002.3 -156.916
9951.52 -112.657 10015.7 -171.236
9965.23 -141.295 10029.7 -150.407
9979.82 -115.26 10043.7 -164.727
9993.23 -87.9232 10057.1 -198.572
10006.3 -113.958 10071.4 -159.52
10020.6 -90.5267 10084.5 -153.011
10034.6 -94.432 10098.5 -163.425
10048.9 -73.6039 10112.5 -181.65
10062.4 -120.467 10127.1 -162.123
10076.1 -106.148 10139.9 -171.236
10089.8 -115.26 10154.5 -149.106
10102.6 -116.562 10167.6 -146.502
10117.8 -112.657 10181.6 -145.2
10131.2 -112.657 10195.3 -155.615
10144.9 -104.846 10209.3 -156.916
10158.9 -113.958 10223.3 -138.692
10172 -99.639 10237 -155.615
10186.3 -103.544 10251 -128.278
10200 -89.225 10265.1 -176.443
10212.8 -103.544 10277.6 -164.727
10227.7 -93.1302 10291.6 -160.822
10241.7 -125.674 10307.1 -146.502
10255.1 -126.976 10319.6 -158.218
10269.4 -113.958 10334.5 -145.2
10282.8 -110.053 10348.2 -143.899
10296.8 -93.1302 10361.3 -142.597
10310.5 -93.1302 10375.9 -162.123
10324.5 -98.3372 10389.6 -146.502
10337.7 -113.958 10403 -159.52
10352 -121.769 10417.6 -192.064
10366.3 -86.6215 10430.7 -163.425
10379.1 -98.3372 10444.1 -163.425
10393.1 -141.295 10458.7 -169.934
10407.1 -104.846 10472.4 -133.485
10421.4 -119.165 10485.5 -138.692
10434.2 -130.881 10500.7 -156.916
10448.8 -98.3372 10514.1 -133.485
10462.2 -77.5092 10527.5 -156.916
10475.3 -103.544 10541 -142.597
10489.9 -74.9056 10556.1 -173.839
10503.6 -93.1302 10568.6 -167.33
10518.2 -130.881 10582.6 -185.555
10531 -115.26 10596.9 -162.123
10545.3 -93.1302 10610.6 -162.123
10560.2 -103.544 10624.4 -133.485
10573 -141.295 10638.9 -125.674
10586.4 -103.544 10652.1 -184.253
10600.7 -108.751 10665.5 -160.822
10614.4 -115.26 10679.8 -167.33
10628.4 -93.1302 10693.2 -177.744
10641.6 -81.4144 10707.2 -167.33
10656.4 -73.6039 10720.9 -142.597
10669 -100.941 10735.8 -132.183
10682.7 -106.148 10749.2 -126.976
10696.7 -86.6215 10762.6 -130.881
10710.7 -137.39 10776.3 -138.692
10725 -111.355 10790.9 -111.355
10739 -89.225 10804.3 -151.709
10752.1 -94.432 10818 -171.236
10766.4 -126.976 10832.6 -150.407
10779.5 -77.5092 10845.7 -188.158
10794.1 -116.562 10859.7 -164.727
10807.5 -89.225 10874.3 -159.52
10821.8 -112.657 10888 -146.502
10834.6 -100.941 10901.5 -120.467
10849.2 -129.579 10915.2 -129.579
10862.6 -95.7337 10929.4 -129.579
10876.1 -71.0004 10942.9 -155.615
10889.5 -73.6039 10956.6 -166.029
10904.1 -89.225 10969.7 -172.537
10918.1 -98.3372 10984 -147.804
10932.4 -82.7162 10998.3 -166.029
10945.5 -107.45 11011.4 -184.253
10959.2 -112.657 11026 -139.993
10972.9 -137.39 11038.8 -102.243
10987.5 -124.372 11052.8 -117.864
11000.6 -110.053 11067.4 -149.106
11015.2 -90.5267 11081.4 -138.692
11028 -61.8881 11094.6 -141.295
11042 -68.3969 11109.1 -182.951
11055.8 -99.639 11122 -169.934
11069.5 -103.544 11136.6 -173.839
11084.1 -69.6986 11151.7 -164.727
11096.9 -104.846 11164 -154.313
11110.9 -111.355 11177.1 -150.407
11125.2 -89.225 11192 -137.39
11138.9 -86.6215 11205.7 -106.148
11153.2 -108.751 11219.4 -138.692
11165.5 -97.0355 11234 -173.839
11180 -74.9056 11247.7 -192.064
11194.6 -91.8285 11260.9 -182.951
11207.2 -100.941 11274.6 -156.916
11222.6 -126.976 11289.2 -142.597
11236.1 -107.45 11302.3 -145.2
11249.2 -150.407 11316 -137.39
11263.5 -102.243 11329.7 -133.485
11277.2 -107.45 11344 -145.2
11290.6 -50.1723 11358 -120.467
11304 -71.0004 11371.7 -163.425
11318.9 -52.7758 11385.5 -154.313
11332.3 -117.864 11400.3 -162.123
11345.8 -103.544 11413.2 -137.39
11359.8 -150.407 11427.2 -156.916
11373.5 -130.881 11440.9 -168.632
11387.2 -110.053 11454.9 -104.846
11400.3 -104.846 11468.3 -106.148
11414 -72.3021 11483.2 -139.993
11428.6 -69.6986 11496.3 -150.407
11443.2 -72.3021 11509.5 -158.218
11456.6 -85.3197 11524.1 -149.106
11469.5 -90.5267 11537.2 -166.029
11484.4 -107.45 11552.4 -139.993
11498.4 -155.615 11565.5 -163.425
11511.5 -136.088 11579.2 -139.993
11525.5 -123.071 11592.4 -117.864
11539 -102.243 11606.9 -156.916
11553.8 -82.7162 11621.3 -119.165
11566.7 -76.2074 11635 -129.579
11581.3 -106.148 11649.3 -168.632
11593.8 -99.639 11661.8 -163.425
11607.5 -121.769 11677.3 -185.555
11622.1 -97.0355 11689.6 -159.52
11635.9 -145.2 11703.3 -142.597
11649.3 -104.846 11717.3 -133.485
11662.7 -95.7337 11732.2 -168.632
11677.3 -86.6215 11745.3 -138.692
11691 -59.2846 11759.3 -137.39
11704.4 -89.225 11772.5 -146.502
11719 -85.3197 11787.6 -155.615
11732.5 -89.225 11800.8 -138.692
11745.9 -76.2074 11815.1 -159.52
11759.3 -121.769 11829.1 -162.123
11773.6 -98.3372 11842 -155.615
11787.1 -120.467 11856.3 -154.313
11801.1 -98.3372 11870 -119.165
11816 -104.846 11884 -150.407
11828.5 -94.432 11898 -167.33
11843.1 -65.7934 11911.1 -123.071
11856 -85.3197 11925.2 -113.958
11871.1 -94.432 11938.6 -141.295
11883.7 -126.976 11952.6 -151.709
11897.7 -132.183 11967.5 -163.425
11911.4 -95.7337 11980.6 -137.39
11925.7 -103.544 11994.4 -156.916
11939.8 -74.9056 12008.7 -180.348
11953.8 -94.432 12021.8 -159.52
11967.5 -117.864 12036.4 -176.443
11980.9 -81.4144 12049.6 -176.443
11994.7 -93.1302 12063.6 -167.33
12008.4 -151.709 12077.3 -169.934
12021.8 -99.639 12092.2 -192.064
12035.5 -99.639 12105.1 -149.106
12049.8 -69.6986 12119.4 -188.158
12063.3 -80.1127 12133.4 -172.537
12077 -90.5267 12147.4 -169.934
12091.3 -112.657 12160.3 -139.993
12105.1 -91.8285 12174 -142.597
12118.2 -81.4144 12188.9 -168.632
12132.2 -87.9232 12202.9 -180.348
12146.8 -142.597 12216.3 -166.029
12160.8 -124.372 12230.4 -173.839
12174.6 -134.786 12244.4 -185.555
12187.7 -89.225 12257.5 -188.158
12200.9 -82.7162 12271.5 -194.667
12215.2 -86.6215 12285.3 -207.685
12228.9 -74.9056 12299.6 -192.064
12243.5 -76.2074 12312.7 -195.969
12255.8 -67.0951 12326.5 -156.916
12270.1 -76.2074 12341.1 -164.727
12283.8 -136.088 12353.9 -184.253
12297.8 -72.3021 12368.6 -155.615
12311.6 -110.053 12382.3 -166.029
12325.6 -110.053 12396.3 -156.916
12339.6 -97.0355 12409.4 -146.502
12353.1 -77.5092 12424.1 -186.857
12366.5 -74.9056 12436.9 -159.52
12380.8 -39.7582 12450.7 -164.727
12394.8 -85.3197 12465 -167.33
12407.7 -106.148 12478.4 -199.874
12422.6 -104.846 12492.7 -137.39
12436 -107.45 12506.2 -171.236
12451 -103.544 12520.2 -136.088
12463.8 -74.9056 12534.2 -115.26
12477.8 -76.2074 12548.3 -145.2
12491.3 -98.3372 12562.6 -164.727
12505.9 -63.1898 12575.7 -176.443
12518.8 -69.6986 12589.2 -186.857
12532.5 -82.7162 12603.5 -167.33
12547.4 -98.3372 12617.8 -169.934
12560.8 -77.5092 12631.3 -115.26
12573.7 -76.2074 12645.3 -146.502
12587.1 -93.1302 12658.8 -138.692
12601.8 -91.8285 12672.2 -126.976
12615.8 -41.06 12686.2 -153.011
12629.8 -60.5863 12700.5 -146.502
12643.3 -22.8354 12715.2 -138.692
12657.6 -39.7582 12728.3 -179.046
12670.4 -16.3266 12741.8 -175.141
12684.5 -37.1547 12755.8 -166.029
12698.5 -16.3266 12769.6 -171.236
12711.7 -35.853 12783 -149.106
12725.7 -100.941 12797.9 -128.278
12739.7 -104.846 12811.6 -125.674
12753.8 -63.1898 12825.1 -100.941
12767.5 -59.2846 12838.9 -124.372
12781.2 -39.7582 12852.9 -158.218
12795.3 -31.9477 12866.9 -177.744
12808.4 -38.4565 12881 -201.176
12821.9 -42.3617 12895 -206.383
12836.2 -43.6635 12908.4 -151.709
12850.3 -54.0776 12921.9 -160.822
12864.3 -67.0951 12936.2 -133.485
12878 -60.5863 12950.5 -113.958
12892.1 -72.3021 12964 -104.846
12905.2 -43.6635 12977.5 -132.183
12919 -29.3442 12991.5 -137.39
12933.3 -55.3793 13005.2 -169.934
12947 -71.0004 13019 -203.779
12961.4 -51.474 13032.7 -202.478
12974.2 -18.9302 13047.7 -190.762
12988.3 -47.5688 13060.2 -149.106
13001.7 -65.7934 13074 -110.053
13014.9 -54.0776 13088.3 -60.5863
13028.9 -46.267 13101.8 -113.958
13043.9 -25.4389 13116.4 -104.846
13057.3 -11.1196 13130.1 -124.372
13071.4 -8.5161 13144.2 -153.011
13084.8 -4.61084 13157.9 -184.253
13098 11.0102 13171.1 -199.874
13112.9 8.40672 13185.1 -171.236
13125.5 -21.5337 13198.9 -128.278
13140.1 -29.3442 13212.9 -100.941
13153.5 -41.06 13227.6 -111.355
13168.2 -13.7231 13241 -107.45
13181.1 -35.853 13255.4 -117.864
13195.7 18.8208 13268.8 -86.6215
13209.1 8.40672 13282 -166.029
13222.9 21.4243 13295.7 -173.839
13235.8 24.0278 13309.2 -141.295
13250.1 9.70847 13324.1 -151.709
13264.1 1.89794 13337 -97.0355
13277.3 29.2348 13352.8 -115.26
13291.7 25.3295 13365.7 -81.4144
13306.6 42.2524 13380.3 -71.0004
13319.1 5.80321 13392.6 -116.562
13332.9 27.9331 13407.2 -67.0951
13346.9 34.4418 13421 -97.0355
13361 85.2103 13434.7 -99.639
13374.5 50.0629 13449.1 -126.976
13389.1 80.0033 13463.1 -99.639
13402.5 76.098 13476.3 -97.0355
13416 73.4945 13490.6 -87.9232
13429.2 94.3226 13504.4 -15.0249
13443.5 111.245 13518.2 -67.0951
13457.6 111.245 13532.2 -52.7758
13471 146.393 13545.4 -38.4565
13486 120.358 13559.1 -72.3021
13498.8 139.884 13573.8 -61.8881
13512.6 156.807 13587.2 -72.3021
13526.4 129.47 13601 -48.8705
13540.4 94.3226 13615.6 -24.1372
13554.7 126.866 13629.1 20.1225
13568.2 159.41 13642.6 30.5366
13581.7 184.144 13656.6 50.0629
13595.4 160.712 13670.7 37.0453
13609.5 231.007 13683.5 48.7611
13622.9 255.74 13698.8 24.0278
13636.4 258.344 13713.1 66.9857
13650.5 224.498 13726 48.7611
13664.2 234.912 13740.3 61.7787
13678.3 240.119 13753.2 94.3226
13691.4 225.8 13768.1 99.5296
13706.1 270.06 13782.2 124.263
13719.8 305.207 13797.1 121.659
13733.3 309.112 13810.6 141.186
13747.4 337.751 13823.8 117.754
13761.1 345.561 13838.4 112.547
13774.9 350.768 13851.6 142.488
13788.4 320.828 13866.8 185.445
13802.4 297.397 13880.9 214.084
13815.9 320.828 13894.1 237.516
13829.6 313.018 13898.7 296.095
13843.4 365.088 13884.7 320.828
13857.5 331.242 13870.6 332.544
