7013.87 -176.443 7027.94 -168.632
7005.07 -78.8109 7041.72 -160.822
7000.09 -97.0355 7055.79 -182.951
7008.59 -115.26 7069.28 -141.295
7021.2 -80.1127 7083.34 -137.39
7034.98 -94.432 7097.71 -133.485
7050.22 -110.053 7110.9 -173.839
7063.12 -106.148 7124.38 -180.348
7076.9 -116.562 7138.45 -150.407
7091.55 -136.088 7152.52 -162.123
7105.04 -139.993 7166.29 -195.969
7118.81 -59.2846 7180.36 -162.123
7133.17 -87.9232 7194.13 -180.348
7146.66 -64.4916 7206.73 -151.709
7160.14 -97.0355 7221.68 -149.106
7174.79 -102.243 7235.16 -156.916
7188.56 -93.1302 7249.22 -162.123
7202.34 -104.846 7263.58 -171.236
7216.11 -143.899 7276.76 -166.029
7230.18 -89.225 7290.24 -211.59
7243.36 -123.071 7304.3 -193.365
7258.01 -120.467 7318.37 -193.365
7271.2 -91.8285 7332.43 -156.916
7284.97 -86.6215 7345.9 -168.632
7298.74 -99.639 7360.26 -111.355
7313.97 -91.8285 7373.44 -160.822
7327.45 -112.657 7387.5 -159.52
7340.92 -93.1302 7400.68 -186.857
7354.11 -95.7337 7415.32 -151.709
7368.46 -102.243 7429.38 -164.727
7381.64 -68.3969 7442.56 -185.555
7396.58 -99.639 7456.91 -181.65
7409.47 -107.45 7470.38 -154.313
7423.82 -57.9828 7484.15 -150.407
7437.58 -76.2074 7497.91 -133.485
7451.93 -71.0004 7512.26 -130.881
7466.28 -110.053 7526.32 -117.864
7478.58 -134.786 7540.08 -147.804
7493.23 -129.579 7553.55 -190.762
7507.28 -128.278 7567.01 -188.158
7520.46 -94.432 7581.65 -206.383
7533.93 -97.0355 7595.41 -173.839
7548.86 -112.657 7608.88 -150.407
7562.04 -78.8109 7622.93 -173.839
7574.92 -69.6986 7636.4 -159.52
7589.27 -90.5267 7650.16 -130.881
7603.61 -76.2074 7664.5 -116.562
7617.08 -112.657 7677.09 -149.106
7631.72 -110.053 7692.01 -185.555
7645.47 -89.225 7705.48 -162.123
7658.35 -108.751 7718.94 -172.537
7672.7 -94.432 7732.7 -202.478
7686.16 -102.243 7747.33 -190.762
7700.21 -100.941 7760.5 -172.537
7713.67 -97.0355 7775.13 -189.46
7728.02 -73.6039 7788.89 -181.65
7742.06 -81.4144 7801.47 -175.141
7754.65 -71.0004 7816.39 -158.218
7768.99 -95.7337 7829.27 -160.822
7783.33 -98.3372 7844.48 -186.857
7796.5 -99.639 7857.65 -163.425
7810.25 -108.751 7871.69 -168.632
7824.59 -90.5267 7884.86 -156.916
7838.92 -84.0179 7899.78 -125.674
7851.8 -113.958 7913.24 -172.537
7865.55 -65.7934 7926.7 -123.071
7879.89 -68.3969 7939.86 -132.183
7893.64 -77.5092 7953.61 -162.123
7906.51 -68.3969 7969.11 -158.218
7921.43 -94.432 7982.27 -138.692
7934.89 -71.0004 7996.02 -181.65
7948.64 -82.7162 8009.48 -133.485
7962.38 -78.8109 8023.81 -186.857
7976.72 -106.148 8038.14 -172.537
7990.76 -110.053 8051.89 -151.709
8003.33 -71.0004 8065.34 -167.33
8018.84 -81.4144 8078.5 -153.011
8031.71 -91.8285 8092.24 -151.709
8045.45 -72.3021 8106.57 -150.407
8059.49 -102.243 8120.61 -155.615
8074.11 -89.225 8135.23 -119.165
8087.86 -98.3372 8148.09 -139.993
8100.72 -57.9828 8161.54 -151.709
8114.76 -76.2074 8175.87 -167.33
8128.5 -84.0179 8189.32 -134.786
8142.54 -100.941 8203.06 -154.313
8156.57 -91.8285 8217.97 -136.088
8170.32 -80.1127 8231.13 -136.088
8183.76 -82.7162 8244.87 -166.029
8197.8 -98.3372 8258.9 -126.976
8211.54 -115.26 8272.64 -136.088
8225.86 -77.5092 8286.96 -149.106
8240.19 -91.8285 8299.82 -94.432
8253.05 -76.2074 8314.15 -121.769
8267.38 -74.9056 8326.72 -150.407
8280.53 -94.432 8342.5 -145.2
8294.56 -85.3197 8355.94 -120.467
8308.3 -80.1127 8369.68 -155.615
8321.75 -82.7162 8384.29 -142.597
8335.19 -133.485 8397.15 -149.106
8349.22 -103.544 8410.6 -141.295
8363.25 -107.45 8424.91 -125.674
8377.86 -81.4144 8439.23 -95.7337
8391.6 -89.225 8452.68 -155.615
8404.17 -80.1127 8465.83 -116.562
8419.07 -77.5092 8480.73 -108.751
8432.51 -112.657 8493.88 -153.011
8445.66 -89.225 8508.78 -160.822
8459.98 -73.6039 8521.05 -119.165
8473.72 -115.26 8535.66 -156.916
8488.32 -99.639 8549.1 -113.958
8501.18 -100.941 8563.12 -151.709
8515.79 -80.1127 8576.56 -137.39
8528.94 -51.474 8590.87 -139.993
8542.09 -90.5267 8604.31 -155.615
8556.69 -80.1127 8618.63 -134.786
8570.42 -100.941 8632.36 -121.769
8583.86 -102.243 8646.96 -94.432
8598.18 -100.941 8659.52 -137.39
8613.08 -90.5267 8673.84 -142.597
8625.93 -94.432 8688.15 -145.2
8639.08 -86.6215 8701.29 -129.579
8653.1 -78.8109 8715.31 -125.674
8666.83 -84.0179 8729.33 -138.692
8681.72 -86.6215 8742.77 -117.864
8694.87 -69.6986 8757.08 -99.639
8708.89 -87.9232 8771.1 -116.562
8722.32 -82.7162 8783.95 -134.786
8736.93 -121.769 8798.26 -128.278
8750.65 -115.26 8811.98 -142.597
8763.8 -80.1127 8826 -103.544
8777.52 -81.4144 8840.31 -151.709
8792.12 -69.6986 8853.45 -125.674
8805.85 -81.4144 8868.34 -117.864
8818.7 -87.9232 8881.19 -128.278
8832.72 -95.7337 8895.5 -182.951
8846.44 -78.8109 8909.22 -167.33
8859.87 -99.639 8923.23 -197.271
8874.47 -111.355 8936.66 -162.123
8888.2 -104.846 8950.1 -182.951
8901.92 -112.657 8963.53 -185.555
8915.93 -85.3197 8978.41 -194.667
8929.66 -73.6039 8991.55 -134.786
8943.67 -72.3021 9007.32 -145.2
8957.1 -113.958 9019.58 -162.123
8971.41 -85.3197 9033.59 -153.011
8984.55 -123.071 9047.31 -138.692
8999.73 -116.562 9061.91 -173.839
9011.99 -103.544 9074.17 -149.106
9026.29 -73.6039 9088.76 -153.011
9040.89 -89.225 9102.77 -158.218
9054.32 -87.9232 9116.2 -179.046
9067.16 -94.432 9130.21 -149.106
9080.88 -93.1302 9144.22 -150.407
9095.77 -78.8109 9157.94 -172.537
9108.9 -76.2074 9171.95 -150.407
9123.21 -136.088 9185.67 -145.2
9136.93 -68.3969 9199.39 -177.744
9150.35 -80.1127 9213.98 -177.744
9164.65 -95.7337 9226.53 -179.046
9177.5 -87.9232 9241.41 -172.537
9191.8 -98.3372 9255.13 -110.053
9205.51 -84.0179 9269.14 -164.727
9220.11 -71.0004 9282.56 -151.709
9232.66 -97.0355 9297.15 -153.011
9247.83 -67.0951 9309.7 -162.123
9261.55 -117.864 9324 -185.555
9274.68 -133.485 9338.01 -160.822
9288.69 -80.1127 9350.56 -189.46
9302.7 -107.45 9365.44 -167.33
9317 -85.3197 9378.86 -185.555
9330.42 -100.941 9392.58 -166.029
9345.01 -89.225 9407.46 -155.615
9358.44 -72.3021 9422.05 -146.502
9372.15 -81.4144 9435.18 -166.029
9384.99 -120.467 9448.6 -176.443
9398.7 -120.467 9462.61 -169.934
9413.29 -99.639 9476.03 -177.744
9426.42 -116.562 9490.03 -190.762
9440.43 -80.1127 9503.75 -162.123
9454.14 -94.432 9516.87 -150.407
9468.44 -54.0776 9532.05 -145.2
9482.74 -68.3969 9544.88 -168.632
9496.16 -65.7934 9558.89 -138.692
9509.58 -91.8285 9573.77 -123.071
9523.58 -132.183 9587.19 -145.2
9538.46 -104.846 9600.61 -162.123
9550.13 -74.9056 9614.9 -168.632
9565.01 -128.278 9627.74 -175.141
9579.6 -94.432 9642.32 -167.33
9592.73 -99.639 9656.62 -154.313
9605.86 -91.8285 9670.04 -177.744
9620.74 -78.8109 9683.17 -128.278
9634.74 -81.4144 9698.04 -139.993
9647.87 -81.4144 9711.17 -160.822
9662.16 -21.5337 9724.01 -162.123
9676.16 -94.432 9739.17 -177.744
9689.58 -128.278 9753.18 -199.874
9702.13 -106.148 9767.18 -162.123
9716.71 -98.3372 9779.72 -147.804
9731.01 -86.6215 9794.01 -133.485
9743.84 -73.6039 9808.02 -151.709
9759.01 -64.4916 9822.6 -155.615
9772.14 -73.6039 9835.73 -132.183
9786.14 -84.0179 9850.89 -104.846
9799.85 -91.8285 9864.02 -172.537
9813.56 -91.8285 9877.15 -169.934
9826.98 -119.165 9890.27 -199.874
9840.69 -76.2074 9905.15 -158.218
9854.68 -95.7337 9918.56 -124.372
9868.69 -76.2074 9933.15 -112.657
9881.81 -86.6215 9947.15 -121.769
9896.1 -61.8881 9959.98 -143.899
9910.4 -85.3197 9974.57 -134.786
9923.52 -60.5863 9987.98 -167.33
9937.81 -94.432 10002.3 -110.053
9952.11 -111.355 10016 -159.52
9965.52 -119.165 10029.4 -142.597
9979.52 -112.657 10044.3 -138.692
9992.36 -77.5092 10057.7 -156.916
10006.9 -98.3372 10070.8 -99.639
10020.9 -84.0179 10085.7 -151.709
10034.9 -34.5512 10099.4 -132.183
10048.1 -89.225 10112.5 -136.088
10062.4 -69.6986 10126.2 -145.2
10075.5 -86.6215 10139.9 -166.029
10089.2 -95.7337 10154.5 -145.2
10103.8 -121.769 10167.4 -145.2
10116.9 -100.941 10182.2 -134.786
10130.9 -125.674 10195.6 -117.864
10144.9 -107.45 10209.3 -103.544
10158.9 -119.165 10223.9 -112.657
10172 -93.1302 10236.8 -143.899
10186 -85.3197 10250.2 -107.45
10200.6 -113.958 10265.1 -160.822
10212.8 -67.0951 10279 -112.657
10228.6 -81.4144 10292.5 -116.562
10241.4 -108.751 10306.5 -129.579
10255.7 -107.45 10319.6 -137.39
10269.1 -90.5267 10333.9 -95.7337
10282.6 -126.976 10347.9 -132.183
10297.1 -77.5092 10361.6 -103.544
10310.3 -80.1127 10375 -129.579
10323.7 -84.0179 10389.6 -155.615
10338.5 -100.941 10403.3 -156.916
10352.5 -77.5092 10416.7 -137.39
10365.7 -100.941 10430.7 -132.183
10380 -103.544 10444.4 -160.822
10393.1 -80.1127 10458.7 -111.355
10406.5 -119.165 10471.8 -128.278
10420.8 -86.6215 10486.4 -112.657
10435.1 -89.225 10500.4 -104.846
10448.5 -120.467 10514.1 -163.425
10462.8 -99.639 10527.2 -123.071
10476.5 -85.3197 10541.5 -126.976
10489.9 -93.1302 10555.8 -132.183
10503.9 -108.751 10569.5 -115.26
10517.6 -89.225 10582.4 -124.372
10531.9 -113.958 10596.9 -123.071
10545 -104.846 10610.6 -124.372
10559.3 -107.45 10624.4 -133.485
10573.6 -90.5267 10638.4 -133.485
10585.9 -119.165 10652.1 -150.407
10599.3 -93.1302 10665.2 -104.846
10614.7 -82.7162 10680.4 -133.485
10627.9 -103.544 10693.5 -111.355
10641.9 -138.692 10707.8 -132.183
10655.9 -94.432 10721.5 -121.769
10669 -86.6215 10735.5 -113.958
10682.7 -86.6215 10748 -97.0355
10697.3 -99.639 10762.9 -120.467
10711.3 -104.846 10776.9 -120.467
10725 -102.243 10790 -76.2074
10738.4 -56.6811 10804.6 -99.639
10752.1 -95.7337 10818 -100.941
10765.8 -95.7337 10832 -102.243
10779.5 -110.053 10846 -119.165
10793.2 -91.8285 10859.7 -112.657
10807.2 -99.639 10873.4 -121.769
10821.5 -117.864 10887.4 -137.39
10835.2 -91.8285 10901.2 -125.674
10849.2 -63.1898 10914.9 -97.0355
10862.4 -67.0951 10928.9 -123.071
10875.8 -82.7162 10941.7 -111.355
10891.2 -95.7337 10956.3 -113.958
10904.7 -74.9056 10970.6 -136.088
10917.5 -98.3372 10983.7 -98.3372
10932.4 -74.9056 10997.7 -106.148
10946.1 -113.958 11012.6 -119.165
10959.5 -87.9232 11026 -110.053
10973.2 -81.4144 11039.1 -113.958
10986.6 -108.751 11053.1 -89.225
11000 -91.8285 11067.4 -95.7337
11013.8 -61.8881 11080.9 -126.976
11028.9 -99.639 11094.8 -113.958
11042.9 -102.243 11108.9 -124.372
11054.9 -86.6215 11122.6 -117.864
11069.5 -106.148 11136 -126.976
11083.8 -97.0355 11150.3 -143.899
11097.2 -87.9232 11164.6 -102.243
11111.2 -86.6215 11177.4 -146.502
11125.2 -97.0355 11192.3 -137.39
11138.3 -94.432 11206.3 -132.183
11152.6 -84.0179 11219.7 -110.053
11166.3 -72.3021 11233.1 -95.7337
11180 -86.6215 11246.9 -107.45
11193.8 -95.7337 11260.9 -110.053
11207.8 -107.45 11275.1 -124.372
11221.8 -99.639 11288.6 -110.053
11235.5 -91.8285 11302.3 -120.467
11249.2 -85.3197 11316 -110.053
11263.2 -81.4144 11329.4 -89.225
11276.9 -81.4144 11344 -104.846
11290.6 -73.6039 11358 -97.0355
11303.4 -65.7934 11371.4 -111.355
11317.8 -78.8109 11385.2 -120.467
11332.1 -84.0179 11400 -99.639
11346.3 -48.8705 11412.9 -116.562
11360.1 -93.1302 11427.8 -89.225
11373.2 -69.6986 11440.3 -115.26
11387.2 -93.1302 11454 -121.769
11401.8 -124.372 11468 -103.544
11414.6 -74.9056 11482.9 -111.355
11428.9 -116.562 11496.9 -125.674
11442.6 -104.846 11509.5 -134.786
11457.2 -87.9232 11524.1 -106.148
11469.8 -106.148 11538.1 -99.639
11483.5 -110.053 11552.1 -128.278
11498.1 -104.846 11565.2 -99.639
11510.9 -93.1302 11579.8 -99.639
11524.9 -113.958 11593.5 -130.881
11540.1 -99.639 11607.2 -107.45
11553.3 -100.941 11621.3 -100.941
11566.1 -85.3197 11635 -141.295
11579.8 -89.225 11648.4 -93.1302
11595.6 -91.8285 11662.7 -123.071
11608.1 -121.769 11675.8 -97.0355
11621.5 -102.243 11690.4 -111.355
11636.4 -84.0179 11704.1 -143.899
11649.3 -95.7337 11718.2 -121.769
11663.6 -77.5092 11731.3 -120.467
11677 -98.3372 11745.6 -91.8285
11691.3 -59.2846 11758.7 -111.355
11705 -80.1127 11773.9 -99.639
11717.9 -85.3197 11787.1 -112.657
11733.1 -104.846 11800.2 -102.243
11745.9 -89.225 11815.1 -110.053
11759.9 -98.3372 11829.1 -119.165
11773.9 -103.544 11842.5 -113.958
11787.1 -76.2074 11856 -111.355
11801.4 -64.4916 11870 -110.053
11815.4 -73.6039 11883.7 -82.7162
11828.8 -81.4144 11897.7 -97.0355
11842.2 -82.7162 11912.3 -121.769
11856.5 -102.243 11924.9 -82.7162
11870.3 -84.0179 11939.2 -136.088
11884.3 -120.467 11953.2 -121.769
11898 -110.053 11967.2 -137.39
11911.1 -94.432 11980.6 -73.6039
11924.9 -98.3372 11995.2 -95.7337
11939.8 -72.3021 12009 -107.45
11953.8 -65.7934 12022.7 -113.958
11967.5 -56.6811 12035.5 -120.467
11980.1 -54.0776 12050.1 -129.579
11995.2 -111.355 12063.6 -104.846
12008.1 -119.165 12077.6 -119.165
12021.5 -112.657 12091 -126.976
12036.1 -120.467 12105.3 -136.088
12049.6 -74.9056 12118.5 -142.597
12064.2 -71.0004 12132.5 -113.958
12077.3 -68.3969 12147.1 -99.639
12091.3 -48.8705 12161.1 -100.941
12105.6 -67.0951 12174.3 -104.846
12117.9 -80.1127 12188.6 -103.544
12133.1 -85.3197 12202.3 -137.39
12146.5 -117.864 12216.3 -147.804
12160 -80.1127 12229.8 -106.148
12174.3 -108.751 12243.8 -124.372
12187.4 -68.3969 12257.5 -116.562
12201.4 -90.5267 12271.8 -154.313
12215.5 -65.7934 12285.3 -147.804
12228.6 -65.7934 12298.7 -162.123
12243.5 -56.6811 12313 -123.071
12256.9 -68.3969 12327.1 -139.993
12271.3 -61.8881 12340.8 -141.295
12284.1 -90.5267 12354.8 -158.218
12297.5 -78.8109 12367.7 -137.39
12311.9 -84.0179 12382.3 -159.52
12325.3 -94.432 12396 -136.088
12339.6 -78.8109 12410 -173.839
12353.6 -78.8109 12423.8 -156.916
12367.4 -90.5267 12436.6 -155.615
12380.2 -82.7162 12451.2 -175.141
12395.4 -60.5863 12465 -164.727
12407.7 -84.0179 12479.3 -142.597
12422.9 -77.5092 12492.5 -134.786
12435.8 -115.26 12506.2 -166.029
12450.7 -64.4916 12520.5 -163.425
12463.8 -63.1898 12534.8 -173.839
12477.3 -68.3969 12547.4 -173.839
12491.3 -56.6811 12561.4 -119.165
12505.3 -48.8705 12576.3 -117.864
12519.3 -42.3617 12590.4 -133.485
12532.8 -17.6284 12603.2 -126.976
12546.8 -54.0776 12617.8 -129.579
12560.3 -57.9828 12630.7 -138.692
12574.9 -73.6039 12645 -169.934
12586.9 -59.2846 12659 -156.916
12602 -52.7758 12673.1 -151.709
12615.5 -76.2074 12686.8 -137.39
12629.5 -43.6635 12702 -168.632
12643.3 -42.3617 12714.6 -146.502
12657 -63.1898 12727.7 -134.786
12671.6 -59.2846 12743 -129.579
12684.5 -73.6039 12756.1 -137.39
12698.2 -76.2074 12769.8 -164.727
12712.5 -44.9653 12782.7 -128.278
12725.4 -46.267 12797.6 -132.183
12739.4 -24.1372 12810.5 -136.088
12754.1 -37.1547 12825.4 -136.088
12767.2 -55.3793 12839.4 -124.372
12781.5 -59.2846 12853.5 -125.674
12795 -43.6635 12866.6 -130.881
12808.7 -46.267 12881 -110.053
12821.9 -61.8881 12894.7 -117.864
12836.8 -74.9056 12908.7 -116.562
12850.3 -54.0776 12922.2 -123.071
12864 3.1997 12935.9 -164.727
12877.4 -60.5863 12950.3 -108.751
12891.8 -18.9302 12964 -133.485
12905.5 -8.5161 12977.8 -107.45
12919.3 -7.21435 12992.4 -110.053
12933.6 -46.267 13005.5 -116.562
12945.9 -44.9653 13018.7 -95.7337
12960.2 -35.853 13033.3 -141.295
12975.4 -47.5688 13047.4 -137.39
12988.3 14.9155 13060.2 -100.941
13001.7 -16.3266 13074.3 -162.123
13015.8 14.9155 13088.3 -107.45
13029.5 13.6137 13102.4 -156.916
13043.3 -3.30908 13115.8 -116.562
13057.6 -8.5161 13130.4 -103.544
13070.8 -4.61084 13144.5 -106.148
13084.5 -29.3442 13157.1 -117.864
13098.5 -2.00733 13172 -142.597
13112.3 -24.1372 13185.4 -84.0179
13125.8 3.1997 13199.8 -107.45
13139.8 18.8208 13213.2 -147.804
13153.5 33.1401 13227 -110.053
13167.6 26.6313 13240.7 -102.243
13181.3 57.8734 13255.1 -112.657
13196 63.0805 13268.2 -103.544
13208.6 39.6489 13282.6 -132.183
13223.2 3.1997 13296 -108.751
13236.6 5.80321 13310.4 -137.39
13250.1 21.4243 13324.1 -108.751
13265.3 38.3471 13338.2 -93.1302
13277.3 16.2173 13351.6 -116.562
13292.5 37.0453 13366 -85.3197
13305.1 78.7015 13379.4 -86.6215
13319.4 69.5892 13394.1 -103.544
13333.5 107.34 13407.2 -94.432
13346.4 90.4173 13421 -97.0355
13360.7 111.245 13435 -103.544
13375.9 96.9261 13448.8 -116.562
13388.8 78.7015 13462 -69.6986
13402.3 96.9261 13477.2 -97.0355
13416 90.4173 13490.3 -84.0179
13430.4 108.642 13504.1 -46.267
13444.4 119.056 13517.9 -68.3969
13457.3 146.393 13531.9 -68.3969
13470.7 182.842 13545.4 -13.7231
13484.8 163.316 13560 -29.3442
13497.7 203.67 13573.2 -44.9653
13512.6 155.505 13587.8 -34.5512
13526.9 186.747 13601.6 -42.3617
13539.8 182.842 13615.6 -25.4389
13553.9 162.014 13629.1 11.0102
13567 145.091 13642.8 3.1997
13580.8 238.817 13657.2 -0.70557
13595.4 260.947 13670.7 8.40672
13608.9 271.361 13684.4 21.4243
13622.9 290.888 13698.2 30.5366
13636.7 283.077 13712.2 30.5366
13651 285.681 13727.2 68.2875
13664.2 264.853 13740 87.8138
13678 246.628 13754.4 148.996
13691.7 242.723 13767.6 133.375
13706.4 245.326 13782.2 147.695
13719.6 283.077 13796 137.281
13733 331.242 13809.7 137.281
13747.4 328.639 13824.1 175.031
13761.1 374.2 13837.8 159.41
13774.6 385.916 13852.5 129.47
13788.4 345.561 13867.4 184.144
13802.7 375.502 13881.2 212.782
13816.2 324.733 13894.3 242.723
13829.9 353.372 13899.3 270.06
13843.1 382.011 13884.4 290.888
13857.5 310.414 13871.2 302.604
