7014.45 -159.52 7028.23 -151.709
7004.19 -100.941 7042.31 -164.727
7001.26 -80.1127 7055.79 -156.916
7008.89 -85.3197 7068.98 -166.029
7022.08 -129.579 7083.64 -177.744
7035.86 -100.941 7097.41 -153.011
7050.22 -67.0951 7111.48 -175.141
7063.7 -106.148 7124.97 -210.288
7078.07 -129.579 7138.74 -182.951
7091.26 -136.088 7152.52 -180.348
7105.04 -128.278 7166.59 -175.141
7118.81 -95.7337 7180.65 -176.443
7132.88 -115.26 7193.84 -155.615
7146.95 -93.1302 7208.49 -202.478
7160.72 -116.562 7221.09 -177.744
7175.38 -73.6039 7235.16 -163.425
7188.86 -97.0355 7249.22 -195.969
7202.92 -139.993 7262.99 -175.141
7216.11 -124.372 7277.06 -181.65
7229.88 -80.1127 7290.53 -201.176
7243.95 -82.7162 7304.3 -136.088
7257.43 -98.3372 7318.37 -138.692
7271.49 -98.3372 7332.72 -154.313
7285.85 -71.0004 7345.61 -155.615
7299.62 -98.3372 7360.26 -175.141
7312.8 -117.864 7373.15 -167.33
7327.16 -94.432 7387.5 -166.029
7340.63 -125.674 7400.68 -166.029
7354.98 -97.0355 7415.32 -166.029
7368.46 -121.769 7429.68 -160.822
7382.23 -77.5092 7442.56 -125.674
7396.29 -95.7337 7456.62 -139.993
7409.17 -64.4916 7470.38 -141.295
7424.4 -76.2074 7484.73 -149.106
7437.58 -98.3372 7498.5 -194.667
7451.06 -108.751 7512.85 -147.804
7464.82 -125.674 7525.73 -164.727
7478.58 -112.657 7538.91 -158.218
7492.35 -98.3372 7553.25 -164.727
7506.99 -72.3021 7568.19 -166.029
7520.75 -100.941 7580.77 -133.485
7533.93 -116.562 7594.83 -163.425
7548.86 -59.2846 7608.3 -160.822
7562.33 -97.0355 7622.64 -153.011
7575.21 -89.225 7636.4 -137.39
7589.56 -133.485 7650.45 -167.33
7603.32 -117.864 7663.91 -121.769
7616.79 -72.3021 7677.38 -147.804
7631.13 -119.165 7691.14 -146.502
7645.47 -102.243 7705.19 -138.692
7658.35 -76.2074 7719.53 -126.976
7672.11 -85.3197 7732.7 -162.123
7686.45 -69.6986 7747.33 -138.692
7700.5 -69.6986 7760.79 -160.822
7714.26 -80.1127 7774.84 -167.33
7728.31 -77.5092 7788.3 -141.295
7742.94 -98.3372 7802.35 -124.372
7754.65 -113.958 7816.39 -154.313
7769.28 -71.0004 7829.85 -147.804
7783.03 -99.639 7843.9 -176.443
7797.37 -69.6986 7857.07 -137.39
7811.13 -63.1898 7871.69 -130.881
7824.29 -56.6811 7885.15 -125.674
7838.34 -78.8109 7899.78 -141.295
7852.09 -67.0951 7912.65 -112.657
7865.84 -76.2074 7927.57 -132.183
7880.47 -95.7337 7941.03 -134.786
7893.35 -89.225 7954.49 -117.864
7907.68 -85.3197 7969.11 -125.674
7921.72 -80.1127 7981.4 -162.123
7934.89 -82.7162 7995.44 -143.899
7948.64 -98.3372 8009.18 -160.822
7962.68 -86.6215 8023.81 -151.709
7977.01 -126.976 8037.55 -136.088
7989.59 -63.1898 8051.59 -142.597
8005.09 -104.846 8065.05 -108.751
8018.84 -90.5267 8077.91 -136.088
8032 -132.183 8092.83 -141.295
8046.33 -78.8109 8106.86 -116.562
8059.49 -106.148 8120.9 -167.33
8072.94 -97.0355 8135.23 -175.141
8086.39 -61.8881 8148.39 -132.183
8101.6 -91.8285 8161.84 -158.218
8114.47 -59.2846 8175.58 -141.295
8128.5 -69.6986 8190.2 -143.899
8143.12 -73.6039 8203.06 -139.993
8155.11 -84.0179 8217.68 -113.958
8169.15 -115.26 8230.84 -134.786
8183.76 -94.432 8244.57 -143.899
8197.8 -97.0355 8258.32 -150.407
8212.12 -73.6039 8272.93 -149.106
8225.28 -87.9232 8285.5 -149.106
8239.02 -91.8285 8300.7 -143.899
8253.05 -87.9232 8314.73 -125.674
8267.08 -80.1127 8328.18 -145.2
8280.82 -111.355 8342.79 -132.183
8294.27 -81.4144 8356.24 -126.976
8307.72 -90.5267 8369.68 -134.786
8322.04 -107.45 8383.42 -121.769
8336.36 -106.148 8397.44 -139.993
8349.8 -95.7337 8410.3 -136.088
8363.25 -43.6635 8425.79 -186.857
8378.15 -117.864 8439.23 -126.976
8391.01 -121.769 8452.68 -133.485
8404.75 -86.6215 8466.41 -90.5267
8419.36 -90.5267 8480.43 -139.993
8431.93 -55.3793 8493.88 -150.407
8445.95 -108.751 8507.9 -147.804
8459.69 -94.432 8521.93 -115.26
8473.72 -91.8285 8535.66 -123.071
8487.16 -89.225 8549.1 -146.502
8501.77 -95.7337 8562.54 -134.786
8515.2 -91.8285 8576.56 -147.804
8529.23 -98.3372 8590.58 -133.485
8542.96 -82.7162 8605.19 -130.881
8555.52 -106.148 8618.92 -146.502
8570.72 -48.8705 8632.65 -150.407
8585.32 -77.5092 8646.67 -133.485
8597.59 -74.9056 8659.52 -129.579
8611.62 -98.3372 8674.13 -133.485
8625.93 -78.8109 8688.15 -146.502
8639.95 -103.544 8701.88 -134.786
8653.97 -64.4916 8716.19 -138.692
8667.7 -93.1302 8729.92 -125.674
8681.43 -87.9232 8742.18 -143.899
8694.58 -100.941 8756.49 -132.183
8708.6 -94.432 8770.22 -145.2
8722.61 -113.958 8783.95 -163.425
8736.63 -80.1127 8799.13 -141.295
8750.65 -67.0951 8811.98 -132.183
8764.09 -91.8285 8826 -147.804
8777.52 -68.3969 8840.6 -154.313
8792.71 -93.1302 8854.03 -138.692
8806.14 -84.0179 8867.17 -160.822
8819.28 -107.45 8881.77 -150.407
8833.59 -98.3372 8894.91 -149.106
8847.02 -110.053 8908.64 -137.39
8860.75 -97.0355 8922.94 -117.864
8875.64 -63.1898 8936.96 -132.183
8888.2 -98.3372 8949.22 -124.372
8902.21 -81.4144 8964.69 -125.674
8915.93 -60.5863 8978.41 -113.958
8929.37 -91.8285 8991.55 -147.804
8943.38 -63.1898 9006.15 -132.183
8957.69 -111.355 9019.58 -108.751
8971.12 -78.8109 9033.3 -123.071
8983.96 -87.9232 9047.31 -121.769
8997.98 -99.639 9061.61 -162.123
9012.57 -72.3021 9074.75 -136.088
9026.29 -95.7337 9089.35 -132.183
9040.31 -73.6039 9102.77 -134.786
9053.73 -59.2846 9116.79 -100.941
9067.16 -98.3372 9130.5 -119.165
9082.05 -78.8109 9144.81 -113.958
9095.77 -87.9232 9156.77 -123.071
9109.49 -73.6039 9171.37 -111.355
9123.21 -120.467 9185.09 -130.881
9136.93 -57.9828 9200.26 -113.958
9151.23 -87.9232 9213.1 -142.597
9163.49 -81.4144 9227.7 -129.579
9178.08 -69.6986 9241.12 -160.822
9191.8 -97.0355 9254.84 -153.011
9206.68 -81.4144 9268.55 -121.769
9219.82 -78.8109 9282.56 -121.769
9233.83 -102.243 9296.86 -134.786
9247.25 -100.941 9310 -106.148
9261.55 -99.639 9324.88 -99.639
9274.68 -90.5267 9337.43 -108.751
9288.98 -102.243 9352.01 -134.786
9302.99 -98.3372 9365.44 -121.769
9317 -86.6215 9379.45 -120.467
9329.84 -107.45 9393.16 -126.976
9344.14 -64.4916 9407.46 -145.2
9359.6 -65.7934 9420.88 -130.881
9371.86 -56.6811 9434.89 -117.864
9384.99 -89.225 9448.89 -129.579
9399.29 -126.976 9462.61 -138.692
9413.29 -106.148 9476.61 -115.26
9426.72 -68.3969 9490.32 -150.407
9440.43 -106.148 9504.33 -124.372
9454.14 -74.9056 9518.04 -112.657
9468.44 -90.5267 9531.46 -149.106
9481.86 -78.8109 9545.18 -107.45
9495.58 -102.243 9559.18 -151.709
9509.58 -86.6215 9574.06 -103.544
9523.29 -97.0355 9586.31 -143.899
9537.88 -99.639 9600.9 -110.053
9551.59 -113.958 9614.9 -113.958
9564.43 -89.225 9628.03 -121.769
9579.02 -67.0951 9642.03 -138.692
9592.73 -113.958 9655.74 -129.579
9606.73 -117.864 9669.75 -103.544
9620.15 -87.9232 9682.87 -134.786
9634.74 -99.639 9697.75 -124.372
9646.99 -77.5092 9711.46 -103.544
9661.58 -60.5863 9724.3 -143.899
9675.29 -97.0355 9739.17 -142.597
9689.58 -113.958 9752.88 -128.278
9703.29 -80.1127 9766.3 -117.864
9717.3 -99.639 9780.59 -116.562
9730.13 -99.639 9794.6 -113.958
9744.42 -104.846 9807.72 -117.864
9757.84 -85.3197 9822.02 -136.088
9771.55 -89.225 9835.73 -138.692
9785.26 -103.544 9850.6 -159.52
9799.85 -136.088 9864.31 -163.425
9812.97 -113.958 9876.85 -137.39
9827.56 -97.0355 9890.85 -169.934
9841.56 -73.6039 9905.15 -150.407
9855.27 -84.0179 9919.44 -137.39
9868.98 -60.5863 9933.73 -153.011
9882.1 -69.6986 9947.15 -146.502
9895.81 -68.3969 9960.27 -139.993
9909.23 -73.6039 9974.27 -154.313
9923.81 -113.958 9987.98 -151.709
9937.81 -115.26 10002.3 -164.727
9950.65 -98.3372 10016.3 -151.709
9965.23 -86.6215 10029.1 -177.744
9979.23 -111.355 10044 -177.744
9992.65 -71.0004 10056.8 -179.046
10007.5 -69.6986 10071.1 -139.993
10020.6 -91.8285 10085.4 -160.822
10033.5 -65.7934 10099.1 -168.632
10048.1 -71.0004 10113.4 -142.597
10062.1 -91.8285 10126.5 -153.011
10075.8 -91.8285 10139.9 -125.674
10090.1 -87.9232 10153.6 -154.313
10102.9 -93.1302 10168.2 -202.478
10117.2 -85.3197 10182.2 -166.029
10130.9 -90.5267 10195.3 -136.088
10144.9 -73.6039 10209.3 -153.011
10158.9 -87.9232 10223.1 -162.123
10172.3 -106.148 10236.8 -164.727
10186 -47.5688 10250.5 -158.218
10200.3 -91.8285 10265.1 -151.709
10213.4 -63.1898 10278.8 -155.615
10227.7 -78.8109 10291.6 -143.899
10242 -93.1302 10306.5 -139.993
10255.1 -59.2846 10320.2 -159.52
10267.7 -77.5092 10333.3 -158.218
10283.1 -72.3021 10347.6 -143.899
10296.3 -85.3197 10361.3 -146.502
10309.4 -63.1898 10375 -139.993
10323.7 -106.148 10389 -158.218
10338.3 -116.562 10402.7 -156.916
10351.4 -102.243 10417 -130.881
10365.7 -84.0179 10430.7 -134.786
10379.4 -76.2074 10443.8 -126.976
10392.8 -82.7162 10459.6 -155.615
10407.4 -107.45 10472.7 -173.839
10421.4 -99.639 10485.8 -156.916
10434.5 -80.1127 10501 -142.597
10448.2 -112.657 10514.7 -180.348
10462.2 -85.3197 10527.2 -172.537
10475.9 -100.941 10541.8 -129.579
10490.5 -73.6039 10555.8 -125.674
10503.9 -128.278 10568.9 -100.941
10517 -74.9056 10583.5 -108.751
10531 -82.7162 10597.5 -146.502
10545 -107.45 10610.6 -151.709
10558.7 -81.4144 10624.7 -194.667
10572.7 -74.9056 10638.1 -173.839
10586.7 -94.432 10652.6 -163.425
10601 -84.0179 10666.1 -180.348
10614.4 -126.976 10679.8 -123.071
10628.1 -121.769 10693.2 -129.579
10641.9 -72.3021 10707.5 -125.674
10655.9 -106.148 10721.5 -99.639
10669.9 -99.639 10735.2 -129.579
10682.7 -107.45 10748.9 -149.106
10697 -95.7337 10762.9 -113.958
10711 -106.148 10776.9 -175.141
10724.4 -85.3197 10790.6 -149.106
10738.1 -112.657 10803.7 -147.804
10751.8 -154.313 10818 -149.106
10766.1 -80.1127 10832.3 -134.786
10779.8 -97.0355 10845.7 -102.243
10793.5 -95.7337 10860.3 -149.106
10808.1 -98.3372 10873.7 -132.183
10820.9 -116.562 10887.7 -128.278
10834.9 -123.071 10900.6 -145.2
10848.9 -121.769 10916 -158.218
10862.6 -87.9232 10928.9 -160.822
10876.1 -77.5092 10942.3 -126.976
10890.7 -63.1898 10956.6 -142.597
10904.1 -104.846 10970.6 -113.958
10917.2 -81.4144 10984.6 -103.544
10931.2 -73.6039 10998 -126.976
10946.1 -112.657 11012.6 -156.916
10958.9 -91.8285 11026.3 -128.278
10972.9 -72.3021 11038.6 -153.011
10986.9 -93.1302 11053.4 -133.485
11001.2 -82.7162 11067.4 -139.993
11014 -117.864 11081.1 -128.278
11028.9 -115.26 11094.8 -137.39
11042.6 -112.657 11110 -151.709
11055.8 -71.0004 11123.2 -133.485
11070 -68.3969 11136.9 -143.899
11083.2 -93.1302 11149.4 -111.355
11097.8 -90.5267 11164.3 -120.467
11110.9 -116.562 11177.4 -153.011
11124.6 -87.9232 11191.7 -128.278
11138.3 -119.165 11206.3 -146.502
11151.7 -117.864 11219.4 -107.45
11166.9 -128.278 11233.1 -124.372
11180.9 -65.7934 11247.1 -134.786
11194.6 -104.846 11260.6 -158.218
11208 -84.0179 11275.4 -139.993
11221.5 -111.355 11288.9 -139.993
11234.9 -61.8881 11302.6 -102.243
11248.6 -71.0004 11316.6 -128.278
11263.2 -141.295 11329.1 -126.976
11276.3 -117.864 11344 -112.657
11290.6 -115.26 11358.3 -130.881
11304.3 -103.544 11371.7 -111.355
11318.3 -111.355 11385.5 -121.769
11332.9 -78.8109 11400 -129.579
11346.6 -98.3372 11414.3 -130.881
11359.8 -80.1127 11426.6 -120.467
11373.5 -72.3021 11441.2 -125.674
11387.5 -84.0179 11454.9 -121.769
11400.9 -84.0179 11469.5 -99.639
11414 -89.225 11482.9 -130.881
11428.3 -125.674 11496.6 -120.467
11442.3 -78.8109 11509.2 -150.407
11456.1 -68.3969 11524.1 -141.295
11469.8 -90.5267 11538.1 -154.313
11483.2 -60.5863 11551.2 -150.407
11498.4 -78.8109 11565.5 -158.218
11510.6 -67.0951 11579.8 -153.011
11525.5 -76.2074 11593.5 -129.579
11538.7 -94.432 11606.7 -137.39
11553 -126.976 11621.3 -166.029
11566.7 -103.544 11634.1 -121.769
11580.1 -128.278 11648.7 -147.804
11595.6 -94.432 11662.1 -153.011
11607.5 -77.5092 11676.7 -172.537
11622.1 -93.1302 11690.4 -134.786
11635.6 -115.26 11703.6 -160.822
11649.6 -71.0004 11717.3 -158.218
11663.9 -80.1127 11731.3 -145.2
11677.3 -81.4144 11745 -137.39
11691 -74.9056 11759.3 -141.295
11704.4 -84.0179 11773.3 -149.106
11718.8 -93.1302 11786.8 -119.165
11732.2 -120.467 11801.1 -139.993
11746.2 -113.958 11814.8 -141.295
11759.3 -84.0179 11828.2 -176.443
11774.2 -116.562 11842.2 -159.52
11787.4 -94.432 11855.4 -146.502
11801.4 -78.8109 11870.9 -145.2
11815.1 -73.6039 11883.7 -139.993
11827.9 -71.0004 11897.7 -143.899
11843.4 -99.639 11912.3 -128.278
11856.3 -94.432 11924.9 -134.786
11870.3 -95.7337 11938.3 -163.425
11884 -124.372 11952.6 -130.881
11897.4 -111.355 11966.6 -167.33
11912.9 -98.3372 11980.4 -137.39
11924.6 -86.6215 11994.7 -156.916
11940 -80.1127 12008.4 -163.425
11953.2 -104.846 12021.5 -156.916
11967.5 -104.846 12035.8 -136.088
11980.6 -107.45 12050.1 -120.467
11993.8 -93.1302 12064.2 -121.769
12008.7 -102.243 12078.2 -130.881
12022.4 -113.958 12091.6 -126.976
12036.1 -104.846 12105.1 -119.165
12049.6 -52.7758 12118.8 -130.881
12064.2 -106.148 12132.5 -129.579
12077 -84.0179 12146.8 -115.26
12091.3 -55.3793 12160.3 -125.674
12104.8 -104.846 12174.3 -150.407
12118.2 -102.243 12188.3 -111.355
12132.2 -97.0355 12202 -110.053
12146.2 -104.846 12216.3 -97.0355
12160.8 -81.4144 12230.4 -158.218
12174.6 -112.657 12243.5 -139.993
12188.6 -112.657 12258.4 -147.804
12201.1 -60.5863 12271.5 -128.278
12215.5 -99.639 12285.3 -90.5267
12228.6 -50.1723 12299.9 -111.355
12243.5 -78.8109 12313 -124.372
12256.9 -73.6039 12326.5 -104.846
12270.7 -78.8109 12341.1 -95.7337
12283.8 -68.3969 12354.5 -164.727
12298.1 -94.432 12368.8 -116.562
12311.9 -100.941 12382.3 -146.502
12325.6 -51.474 12396 -160.822
12340.2 -98.3372 12409.8 -149.106
12352.5 -68.3969 12423.2 -146.502
12368 -72.3021 12437.2 -119.165
12380.8 -93.1302 12451 -146.502
12395.4 -95.7337 12465.3 -129.579
12408.6 -100.941 12479 -137.39
12422.3 -82.7162 12492.7 -141.295
12436 -97.0355 12507.1 -184.253
12450.1 -61.8881 12520.5 -145.2
12463.5 -100.941 12534.2 -150.407
12477.8 -61.8881 12547.7 -126.976
12491.3 -60.5863 12561.7 -113.958
12504.4 -69.6986 12576.9 -141.295
12519.3 -80.1127 12590.1 -103.544
12532.5 -98.3372 12603.5 -121.769
12546.2 -93.1302 12617.2 -111.355
12560.5 -93.1302 12630.7 -129.579
12574 -108.751 12645 -124.372
12589.2 -97.0355 12658.8 -136.088
12602 -63.1898 12672.8 -117.864
12615.2 -47.5688 12686.5 -143.899
12628.9 -46.267 12701.1 -141.295
12643.3 -74.9056 12714.3 -126.976
12656.4 -67.0951 12727.7 -107.45
12670.4 -115.26 12741.8 -113.958
12684.8 -106.148 12757 -113.958
12698.5 -84.0179 12769 -115.26
12712.3 -91.8285 12783.3 -112.657
12726 -61.8881 12797.9 -136.088
12739.4 -103.544 12811.1 -159.52
12753.8 -65.7934 12825.4 -120.467
12767.5 -41.06 12838.3 -133.485
12782.1 -84.0179 12853.2 -132.183
12795.6 -67.0951 12867.2 -107.45
12809.3 -68.3969 12881.3 -120.467
12822.5 -110.053 12894.7 -100.941
12836.8 -80.1127 12907.9 -121.769
12850.3 -80.1127 12921.9 -120.467
12863.7 -76.2074 12936.2 -153.011
12878 -38.4565 12950 -160.822
12891.8 -22.8354 12963.7 -153.011
12904.6 -28.0424 12977.8 -128.278
12919 -34.5512 12991.2 -99.639
12933 -78.8109 13004.4 -107.45
12947 -61.8881 13018.7 -133.485
12960.2 -71.0004 13033.3 -133.485
12974.8 -67.0951 13046.5 -138.692
12988.9 -106.148 13061.1 -113.958
13001.4 -81.4144 13074.9 -128.278
13015.8 -63.1898 13088.3 -128.278
13029.5 -86.6215 13101.8 -104.846
13043 -38.4565 13116.4 -133.485
13057.3 -25.4389 13131 -100.941
13071.4 -56.6811 13143.3 -100.941
13083.9 -37.1547 13158.2 -97.0355
13098.3 -51.474 13171.7 -177.744
13112.6 -46.267 13185.4 -117.864
13125.5 -39.7582 13199.8 -163.425
13140.7 -33.2495 13212.9 -145.2
13153.5 -33.2495 13227.6 -147.804
13168.2 -37.1547 13240.4 -139.993
13182.5 1.89794 13254.5 -162.123
13195.4 0.596186 13269.4 -108.751
13208.6 -21.5337 13283.2 -133.485
13222.9 -54.0776 13296 -124.372
13236.4 -37.1547 13309.8 -106.148
13249.8 -47.5688 13324.4 -113.958
13264.4 -11.1196 13338.2 -166.029
13277.3 3.1997 13352.5 -106.148
13291.7 1.89794 13366 -134.786
13305.4 26.6313 13379.1 -133.485
13319.7 20.1225 13393.5 -139.993
13333.2 -17.6284 13407.2 -130.881
13346.7 -28.0424 13421.3 -117.864
13360.7 -22.8354 13435 -108.751
13374.8 9.70847 13449.1 -104.846
13388.5 17.519 13462.6 -108.751
13401.1 63.0805 13476.3 -123.071
13416.3 80.0033 13490.3 -90.5267
13430.1 76.098 13504.4 -73.6039
13444.1 102.133 13517.9 -77.5092
13457 108.642 13532.2 -41.06
13471 51.3647 13546 -33.2495
13485.4 56.5717 13560 -69.6986
13498.8 52.6664 13574.1 -77.5092
13512 81.305 13587.2 -87.9232
13526.4 99.5296 13600.7 -71.0004
13540.7 154.203 13615.3 -55.3793
13553.9 186.747 13629.1 -82.7162
13567 177.635 13642.8 -18.9302
13582.3 173.73 13656.9 -11.1196
13595.7 167.221 13670.9 16.2173
13609.2 109.944 13684.4 24.0278
13623.2 126.866 13698.5 27.9331
13636.4 124.263 13712.5 -0.70557
13650.5 148.996 13726.3 -8.5161
13664.8 138.582 13740.6 -42.3617
13678.9 223.196 13753.8 -7.21435
13691.2 211.481 13768.1 0.596186
13706.1 289.586 13782.8 48.7611
13719.6 263.551 13796 74.7963
13733 254.439 13809.4 95.6243
13747.1 204.972 13823.8 91.7191
13762 163.316 13839 106.038
13774.9 184.144 13852.8 87.8138
13788.1 171.126 13866.8 60.4769
13802.1 199.765 13881.5 70.891
13815.6 228.403 13894.6 91.7191
13829.6 298.698 13899.3 151.6
13843.7 293.491 13885.3 193.256
13858.3 268.758 13870.9 232.309
