7014.75 -218.099 7028.53 -150.407
7005.07 -117.864 7041.13 -169.934
7000.38 -87.9232 7055.79 -145.2
7008.89 -111.355 7069.57 -189.46
7021.78 -121.769 7083.34 -153.011
7035.27 -119.165 7097.71 -189.46
7049.34 -91.8285 7111.78 -169.934
7062.83 -86.6215 7125.26 -179.046
7077.48 -87.9232 7139.03 -158.218
7091.26 -82.7162 7152.52 -158.218
7105.62 -123.071 7165.41 -151.709
7119.11 -76.2074 7179.77 -155.615
7133.47 -120.467 7194.13 -153.011
7146.36 -119.165 7207.91 -193.365
7160.43 -102.243 7221.68 -203.779
7174.79 -90.5267 7235.16 -177.744
7189.44 -82.7162 7248.93 -142.597
7201.75 -113.958 7263.29 -156.916
7216.4 -120.467 7277.94 -141.295
7229.88 -112.657 7290.53 -162.123
7243.36 -115.26 7304.6 -132.183
7257.13 -120.467 7318.95 -146.502
7272.08 -98.3372 7331.84 -154.313
7285.55 -120.467 7345.9 -139.993
7299.32 -116.562 7360.26 -141.295
7312.51 -107.45 7373.44 -119.165
7326.86 -97.0355 7387.79 -102.243
7340.63 -78.8109 7401.27 -160.822
7354.69 -68.3969 7415.03 -134.786
7368.75 -90.5267 7429.68 -142.597
7381.64 -119.165 7441.98 -168.632
7395.7 -106.148 7456.91 -147.804
7409.47 -94.432 7470.68 -151.709
7423.52 -93.1302 7483.86 -151.709
7437.58 -89.225 7498.2 -169.934
7451.35 -80.1127 7512.26 -177.744
7465.7 -93.1302 7526.02 -156.916
7478.58 -64.4916 7538.91 -123.071
7492.64 -108.751 7552.38 -156.916
7506.99 -95.7337 7567.31 -182.951
7519.87 -124.372 7581.07 -133.485
7534.22 -99.639 7595.12 -168.632
7547.98 -102.243 7609.17 -156.916
7562.33 -85.3197 7622.35 -143.899
7575.51 -94.432 7636.4 -172.537
7589.56 -115.26 7650.45 -149.106
7604.2 -113.958 7664.21 -159.52
7616.49 -103.544 7677.97 -147.804
7631.13 -85.3197 7692.31 -124.372
7644.3 -110.053 7706.06 -110.053
7658.35 -94.432 7718.65 -116.562
7672.99 -111.355 7732.7 -143.899
7686.75 -99.639 7747.92 -172.537
7699.92 -139.993 7760.79 -155.615
7713.97 -99.639 7774.55 -151.709
7727.72 -90.5267 7790.06 -128.278
7741.77 -80.1127 7802.93 -100.941
7755.23 -108.751 7816.39 -111.355
7769.87 -98.3372 7829.27 -113.958
7784.2 -107.45 7844.19 -150.407
7797.08 -115.26 7857.36 -163.425
7810.83 -86.6215 7871.69 -154.313
7824.59 -90.5267 7885.74 -129.579
7838.34 -104.846 7898.9 -136.088
7852.09 -111.355 7912.36 -110.053
7866.72 -99.639 7926.7 -129.579
7880.47 -78.8109 7941.03 -111.355
7894.81 -98.3372 7953.9 -111.355
7907.68 -69.6986 7968.82 -142.597
7921.72 -93.1302 7982.27 -102.243
7934.59 -91.8285 7996.31 -132.183
7949.81 -67.0951 8009.77 -146.502
7963.55 -98.3372 8023.22 -125.674
7977.01 -115.26 8038.43 -136.088
7990.17 -124.372 8051.3 -125.674
8003.33 -73.6039 8065.63 -125.674
8017.67 -93.1302 8078.79 -76.2074
8031.12 -63.1898 8092.24 -91.8285
8046.03 -86.6215 8106.86 -130.881
8059.78 -100.941 8120.61 -119.165
8073.23 -100.941 8134.94 -125.674
8088.15 -136.088 8148.09 -149.106
8101.89 -112.657 8162.71 -132.183
8114.76 -90.5267 8175.87 -133.485
8128.5 -99.639 8189.61 -130.881
8141.95 -98.3372 8203.06 -121.769
8156.57 -94.432 8217.39 -93.1302
8170.61 -94.432 8231.13 -123.071
8183.76 -93.1302 8245.16 -139.993
8197.51 -84.0179 8258.32 -132.183
8211.83 -110.053 8273.22 -162.123
8225.57 -82.7162 8285.5 -129.579
8239.02 -80.1127 8300.7 -143.899
8253.64 -106.148 8314.15 -94.432
8266.79 -82.7162 8328.18 -130.881
8280.53 -80.1127 8342.21 -110.053
8294.56 -86.6215 8355.65 -128.278
8308.59 -107.45 8370.56 -128.278
8322.92 -98.3372 8382.25 -130.881
8336.07 -87.9232 8397.44 -111.355
8349.51 -89.225 8410.3 -120.467
8363.83 -117.864 8424.91 -153.011
8376.99 -67.0951 8438.06 -128.278
8390.72 -97.0355 8452.38 -132.183
8405.04 -106.148 8466.12 -117.864
8417.9 -91.8285 8480.14 -133.485
8432.22 -63.1898 8494.17 -95.7337
8446.54 -102.243 8507.9 -111.355
8459.98 -103.544 8521.05 -117.864
8474.01 -74.9056 8536.24 -124.372
8488.03 -87.9232 8549.1 -123.071
8501.77 -98.3372 8563.12 -128.278
8514.62 -74.9056 8576.56 -110.053
8529.23 -110.053 8591.46 -137.39
8542.67 -95.7337 8604.02 -108.751
8556.98 -124.372 8618.33 -133.485
8571.01 -100.941 8631.48 -97.0355
8584.45 -69.6986 8646.38 -113.958
8598.76 -72.3021 8660.4 -116.562
8612.2 -81.4144 8673.84 -95.7337
8625.35 -128.278 8688.15 -113.958
8639.08 -103.544 8701.29 -137.39
8653.97 -86.6215 8715.31 -119.165
8667.7 -84.0179 8729.04 -112.657
8682.01 -95.7337 8743.35 -132.183
8694.58 -93.1302 8757.08 -108.751
8709.47 -108.751 8771.1 -98.3372
8722.03 -130.881 8784.53 -123.071
8736.05 -91.8285 8798.26 -103.544
8750.07 -89.225 8811.98 -115.26
8764.67 -77.5092 8826.58 -146.502
8777.81 -126.976 8839.43 -137.39
8791.25 -126.976 8854.03 -125.674
8805.56 -112.657 8867.46 -130.881
8819.28 -74.9056 8881.48 -159.52
8832.72 -77.5092 8894.62 -112.657
8847.02 -82.7162 8909.51 -124.372
8861.33 -63.1898 8922.94 -141.295
8873.89 -98.3372 8936.96 -111.355
8889.65 -129.579 8950.97 -108.751
8902.21 -110.053 8964.69 -97.0355
8915.64 -120.467 8977.54 -147.804
8929.37 -113.958 8991.55 -115.26
8944.26 -116.562 9005.86 -117.864
8957.69 -102.243 9019.58 -136.088
8970.53 -94.432 9033.01 -120.467
8984.84 -117.864 9047.31 -134.786
8998.56 -60.5863 9060.74 -98.3372
9012.57 -78.8109 9075.04 -121.769
9025.71 -74.9056 9088.76 -104.846
9040.01 -100.941 9102.77 -115.26
9054.61 -71.0004 9116.5 -121.769
9066.87 -117.864 9130.5 -155.615
9081.47 -93.1302 9144.51 -133.485
9095.77 -110.053 9157.94 -138.692
9108.32 -90.5267 9171.95 -149.106
9122.92 -65.7934 9185.96 -125.674
9137.51 -103.544 9200.26 -117.864
9151.23 -99.639 9213.4 -99.639
9164.07 -136.088 9227.11 -119.165
9178.08 -120.467 9241.12 -112.657
9191.51 -111.355 9254.84 -100.941
9206.98 -100.941 9268.55 -146.502
9219.23 -113.958 9282.27 -113.958
9232.66 -94.432 9295.7 -98.3372
9246.96 -104.846 9309.7 -132.183
9261.84 -103.544 9324.88 -136.088
9275.27 -74.9056 9338.3 -115.26
9288.69 -108.751 9351.14 -107.45
9303.28 -90.5267 9365.73 -134.786
9316.71 -112.657 9379.45 -113.958
9329.84 -99.639 9393.45 -95.7337
9344.43 -102.243 9406.88 -115.26
9358.44 -86.6215 9421.17 -137.39
9371.57 -112.657 9435.18 -120.467
9384.99 -87.9232 9447.72 -134.786
9398.7 -72.3021 9462.02 -102.243
9413.59 -91.8285 9476.32 -116.562
9426.13 -120.467 9489.74 -97.0355
9439.85 -98.3372 9503.75 -82.7162
9455.31 -87.9232 9517.75 -89.225
9467.57 -90.5267 9532.63 -115.26
9481.86 -130.881 9545.18 -112.657
9495.87 -77.5092 9558.3 -119.165
9509.87 -78.8109 9573.18 -121.769
9523.58 -115.26 9586.02 -136.088
9537.3 -56.6811 9600.32 -120.467
9551.01 -93.1302 9614.9 -106.148
9565.31 -102.243 9628.32 -81.4144
9578.43 -97.0355 9642.32 -113.958
9593.02 -94.432 9656.62 -137.39
9606.73 -106.148 9669.45 -125.674
9619.57 -90.5267 9684.33 -78.8109
9633.86 -82.7162 9697.75 -97.0355
9647.87 -77.5092 9711.46 -113.958
9662.16 -38.4565 9724.3 -119.165
9675.29 -107.45 9739.46 -108.751
9688.71 -106.148 9753.47 -124.372
9703.29 -110.053 9767.47 -137.39
9716.42 -86.6215 9780.89 -111.355
9731.01 -85.3197 9794.6 -123.071
9743.55 -149.106 9808.31 -108.751
9758.43 -113.958 9822.31 -107.45
9771.26 -68.3969 9836.31 -115.26
9785.85 -81.4144 9849.43 -104.846
9799.56 -90.5267 9863.73 -97.0355
9813.26 -86.6215 9877.73 -113.958
9827.27 -80.1127 9891.15 -126.976
9841.56 -84.0179 9905.44 -119.165
9855.56 -126.976 9918.27 -132.183
9868.98 -108.751 9933.15 -124.372
9883.27 -125.674 9946.85 -134.786
9896.4 -100.941 9959.69 -119.165
9909.82 -93.1302 9973.69 -132.183
9923.81 -51.474 9987.4 -113.958
9938.69 -39.7582 10001.4 -91.8285
9951.52 -104.846 10015.7 -91.8285
9965.81 -72.3021 10028.8 -115.26
9979.23 -97.0355 10044.6 -128.278
9992.06 -102.243 10056.2 -86.6215
10006.6 -117.864 10070.8 -137.39
10020.6 -125.674 10084.5 -97.0355
10033.5 -113.958 10098.2 -129.579
10048.1 -80.1127 10112.8 -100.941
10062.1 -110.053 10126.2 -108.751
10076.1 -74.9056 10140.5 -94.432
10088.9 -80.1127 10153.9 -86.6215
10103.5 -50.1723 10167.4 -130.881
10117.2 -120.467 10181.4 -91.8285
10131.2 -137.39 10195 -112.657
10144.9 -120.467 10209.6 -143.899
10159.2 -111.355 10223.1 -111.355
10172.6 -123.071 10236.8 -137.39
10186.3 -102.243 10249.9 -139.993
10199.4 -64.4916 10265.3 -56.6811
10213.7 -82.7162 10278.8 -78.8109
10228.3 -82.7162 10292.2 -97.0355
10242 -80.1127 10306.8 -95.7337
10255.1 -102.243 10320.5 -97.0355
10269.1 -129.579 10334.2 -110.053
10282.8 -69.6986 10347.9 -107.45
10297.1 -117.864 10361.6 -133.485
10310.8 -107.45 10375.9 -146.502
10324.3 -81.4144 10389.3 -115.26
10338.5 -108.751 10403 -102.243
10352 -67.0951 10417.6 -100.941
10365.7 -97.0355 10430.7 -55.3793
10380.3 -103.544 10444.7 -126.976
10391.9 -80.1127 10459.6 -111.355
10407.1 -113.958 10473 -145.2
10420.5 -106.148 10485.5 -153.011
10434.8 -104.846 10501 -139.993
10449.1 -108.751 10514.1 -129.579
10462.8 -104.846 10527.5 -129.579
10476.8 -125.674 10541.5 -116.562
10489.9 -97.0355 10555.8 -111.355
10503.3 -85.3197 10569.2 -106.148
10516.7 -86.6215 10583.2 -117.864
10532.2 -102.243 10596.9 -111.355
10545.3 -102.243 10610.9 -130.881
10559 -115.26 10623.8 -142.597
10573.6 -87.9232 10637.8 -123.071
10585.9 -82.7162 10652.1 -147.804
10600.1 -102.243 10666.1 -123.071
10614.1 -87.9232 10680.1 -134.786
10627.9 -111.355 10693.2 -85.3197
10641.6 -119.165 10707.5 -106.148
10656.1 -85.3197 10721.5 -106.148
10670.1 -77.5092 10734.9 -108.751
10683 -95.7337 10749.5 -98.3372
10695.8 -124.372 10762.3 -139.993
10710.4 -112.657 10776.6 -104.846
10724.7 -128.278 10789.7 -126.976
10738.4 -121.769 10804.6 -164.727
10752.4 -76.2074 10819.2 -128.278
10765.8 -56.6811 10832.6 -126.976
10779.8 -72.3021 10846 -123.071
10793.8 -93.1302 10859.7 -99.639
10807.2 -130.881 10873.7 -120.467
10821.5 -106.148 10887.1 -111.355
10835.2 -99.639 10900.6 -115.26
10849.8 -112.657 10914.9 -108.751
10863.5 -87.9232 10929.2 -108.751
10876.6 -78.8109 10942.3 -124.372
10890.7 -85.3197 10956.9 -129.579
10903.8 -116.562 10970.3 -121.769
10917.8 -72.3021 10984.9 -106.148
10931.5 -142.597 10998.6 -137.39
10945.5 -116.562 11012.6 -129.579
10959.5 -97.0355 11026.3 -142.597
10972.6 -120.467 11040 -112.657
10987.5 -86.6215 11053.7 -132.183
11000.6 -91.8285 11067.1 -117.864
11015.2 -93.1302 11080.9 -106.148
11028 -106.148 11094.6 -80.1127
11041.8 -89.225 11109.7 -115.26
11056.3 -94.432 11122.9 -126.976
11069.8 -112.657 11135.7 -137.39
11083.8 -115.26 11150.3 -102.243
11097.5 -68.3969 11164.6 -133.485
11111.5 -89.225 11177.7 -147.804
11124.6 -121.769 11192.3 -124.372
11139.5 -103.544 11205.4 -102.243
11152 -93.1302 11219.4 -126.976
11166 -99.639 11233.4 -111.355
11180.3 -72.3021 11247.7 -95.7337
11194.3 -74.9056 11260.9 -116.562
11208 -106.148 11274.9 -123.071
11221.2 -136.088 11288.6 -81.4144
11234.9 -132.183 11302.6 -111.355
11248.3 -120.467 11315.7 -115.26
11263.5 -80.1127 11330 -116.562
11276 -89.225 11344 -100.941
11290 -97.0355 11358.3 -112.657
11304.3 -82.7162 11371.7 -111.355
11319.2 -80.1127 11384.3 -97.0355
11332.1 -91.8285 11399.8 -76.2074
11345.8 -107.45 11413.5 -108.751
11360.4 -123.071 11426.3 -94.432
11372.9 -125.674 11441.2 -103.544
11387.2 -115.26 11454.9 -116.562
11400.6 -97.0355 11469.5 -100.941
11414.3 -67.0951 11482.3 -133.485
11428.3 -73.6039 11496.3 -141.295
11442.3 -97.0355 11509.5 -132.183
11456.9 -93.1302 11523.8 -113.958
11469.2 -120.467 11537.8 -106.148
11483.8 -111.355 11551.2 -124.372
11496.9 -97.0355 11566.1 -120.467
11511.5 -84.0179 11578.6 -90.5267
11525.8 -93.1302 11593.2 -87.9232
11539 -76.2074 11606.9 -112.657
11553.3 -78.8109 11621 -87.9232
11567 -85.3197 11635 -125.674
11580.7 -85.3197 11648.7 -90.5267
11594.1 -74.9056 11662.4 -106.148
11608.1 -89.225 11675.3 -130.881
11622.1 -95.7337 11690.4 -124.372
11635.6 -100.941 11704.4 -113.958
11649 -111.355 11717.3 -115.26
11664.2 -129.579 11731.9 -91.8285
11676.4 -108.751 11745.3 -108.751
11691.3 -104.846 11759.3 -72.3021
11703.9 -73.6039 11772.8 -125.674
11718.8 -84.0179 11786.2 -116.562
11732.8 -128.278 11800.8 -78.8109
11746.2 -130.881 11814.5 -115.26
11760.2 -137.39 11828.5 -102.243
11773.9 -103.544 11842.8 -119.165
11787.9 -113.958 11856 -130.881
11801.9 -116.562 11870 -93.1302
11815.1 -69.6986 11883.4 -163.425
11829.4 -56.6811 11897.4 -113.958
11842.2 -98.3372 11911.7 -117.864
11855.7 -74.9056 11925.4 -89.225
11870.6 -103.544 11939.2 -95.7337
11884.3 -120.467 11952.9 -89.225
11897.4 -103.544 11965.8 -119.165
11912 -146.502 11980.1 -89.225
11926.3 -104.846 11994.4 -121.769
11939.2 -91.8285 12008.7 -115.26
11953.5 -85.3197 12022.4 -121.769
11967.2 -97.0355 12036.4 -124.372
11979.5 -99.639 12050.1 -104.846
11994.9 -102.243 12063 -98.3372
12008.4 -73.6039 12077.6 -102.243
12021.8 -94.432 12091.3 -132.183
12036.1 -95.7337 12105.3 -112.657
12050.1 -119.165 12119.1 -115.26
12063.3 -73.6039 12132.5 -129.579
12077.3 -54.0776 12147.4 -100.941
12091.3 -95.7337 12160 -113.958
12105.1 -78.8109 12174.3 -84.0179
12118.5 -80.1127 12188.6 -108.751
12131.9 -110.053 12202 -106.148
12146.5 -99.639 12216.3 -103.544
12160.5 -104.846 12230.1 -130.881
12173.4 -116.562 12243.5 -129.579
12188 -117.864 12257.2 -100.941
12200.6 -113.958 12271.3 -130.881
12215.8 -76.2074 12285 -126.976
12228.9 -80.1127 12299.3 -81.4144
12242.9 -50.1723 12313.3 -115.26
12256.6 -59.2846 12327.1 -107.45
12270.4 -73.6039 12340.8 -125.674
12284.7 -78.8109 12353.9 -106.148
12298.4 -73.6039 12368.6 -124.372
12311.3 -82.7162 12382 -125.674
12326.2 -84.0179 12395.7 -159.52
12340.5 -85.3197 12409.8 -113.958
12353.1 -82.7162 12423.5 -90.5267
12367.1 -87.9232 12437.5 -85.3197
12380.5 -68.3969 12450.4 -90.5267
12394.8 -57.9828 12465.3 -82.7162
12408.6 -67.0951 12478.4 -94.432
12422 -90.5267 12492.7 -95.7337
12436 -89.225 12507.1 -132.183
12451 -72.3021 12521.1 -142.597
12463.5 -87.9232 12535.1 -143.899
12477.5 -77.5092 12548 -132.183
12490.7 -77.5092 12562 -108.751
12505.3 -68.3969 12576 -129.579
12519.9 -61.8881 12590.4 -110.053
12533.4 -73.6039 12603.5 -97.0355
12546.8 -38.4565 12617.5 -112.657
12560.3 -25.4389 12631.3 -104.846
12574.6 -20.2319 12644.7 -111.355
12588 -42.3617 12658.8 -110.053
12601.8 -54.0776 12673.4 -91.8285
12615.8 -54.0776 12687.1 -141.295
12629.2 -56.6811 12700.3 -139.993
12643 -78.8109 12714.6 -111.355
12657.3 -65.7934 12729.5 -124.372
12670.7 -46.267 12743 -112.657
12684.8 -76.2074 12756.1 -99.639
12698.5 -20.2319 12770.1 -151.709
12711.4 -55.3793 12783 -181.65
12726.6 -60.5863 12797 -177.744
12739.7 -42.3617 12811.6 -192.064
12753.5 -55.3793 12824.8 -168.632
12768.1 -54.0776 12839.4 -149.106
12781 -43.6635 12852.3 -155.615
12794.7 -48.8705 12866.9 -125.674
12809.3 -47.5688 12880.7 -130.881
12823.1 -42.3617 12895 -115.26
12836.8 -20.2319 12909.3 -129.579
12850.3 -20.2319 12922.8 -176.443
12863.7 -42.3617 12936.5 -162.123
12877.4 -59.2846 12950 -160.822
12891.8 -41.06 12963.7 -180.348
12905.5 -39.7582 12976.9 -150.407
12919.3 -42.3617 12991.8 -143.899
12933.6 -68.3969 13005.5 -167.33
12946.8 -76.2074 13018.4 -142.597
12960.2 -63.1898 13034.2 -153.011
12974.5 -28.0424 13047.1 -130.881
12988.9 -26.7407 13060.8 -160.822
13002 -24.1372 13075.2 -181.65
13016.6 -56.6811 13088.3 -138.692
13030.1 -41.06 13101.8 -166.029
13043.3 -30.646 13115.8 -155.615
13057.3 -28.0424 13130.1 -154.313
13070.8 -18.9302 13143.9 -129.579
13084.8 -30.646 13157.1 -158.218
13099.4 -30.646 13171.4 -126.976
13112.6 -4.61084 13185.1 -120.467
13125.2 -11.1196 13199.5 -128.278
13140.1 21.4243 13212.6 -134.786
13154.1 11.0102 13227.3 -138.692
13167.6 9.70847 13241 -145.2
13181.6 16.2173 13255.1 -154.313
13195.4 20.1225 13267.9 -134.786
13209.1 33.1401 13282 -136.088
13223.5 24.0278 13296.3 -108.751
13236.4 9.70847 13310.4 -137.39
13251.3 7.10496 13323.5 -126.976
13264.4 43.5541 13338.2 -132.183
13278.2 27.9331 13351.9 -121.769
13291.9 55.2699 13365.4 -90.5267
13306 57.8734 13379.1 -123.071
13318.6 64.3822 13393.2 -97.0355
13332.9 78.7015 13407.5 -110.053
13347.5 90.4173 13421.9 -94.432
13360.7 81.305 13435.3 -98.3372
13375 66.9857 13447.6 -99.639
13389.1 93.0208 13462 -120.467
13402.3 78.7015 13476.6 -64.4916
13415.4 78.7015 13489.8 -74.9056
13430.4 85.2103 13504.4 -56.6811
13443.8 111.245 13517.6 -59.2846
13457.3 104.737 13531.6 -77.5092
13471 126.866 13545.7 -42.3617
13484.5 138.582 13559.7 -51.474
13498.8 151.6 13573.5 -28.0424
13512.3 173.73 13587.2 -47.5688
13526.9 142.488 13601.3 7.10496
13539.8 160.712 13615.6 -9.81786
13553.6 164.617 13628.5 -20.2319
13567.3 155.505 13642.8 25.3295
13582 142.488 13656.6 40.9506
13594.8 176.333 13670.7 12.312
13609.5 220.593 13684.1 33.1401
13622.6 227.102 13698.5 66.9857
13636.7 238.817 13711.7 48.7611
13651 254.439 13726.3 111.245
13663.6 238.817 13740.9 77.3998
13678.3 254.439 13754.1 107.34
13692.6 244.025 13768.1 83.9085
13706.4 264.853 13781.9 104.737
13719 254.439 13796 95.6243
13734.2 300 13809.4 132.074
13747.1 337.751 13824.4 134.677
13760.5 359.881 13838.1 158.109
13774.3 357.277 13852.5 212.782
13788.4 358.579 13866.2 215.386
13803 380.709 13881.2 241.421
13815.3 389.821 13894.3 277.87
13829.9 368.993 13899.3 271.361
13843.7 357.277 13884.4 246.628
13858 285.681 13870.9 319.526
