7013.87 -146.502 7028.82 -169.934
7005.07 -119.165 7042.31 -197.271
7001.26 -110.053 7056.67 -198.572
7008.89 -115.26 7069.28 -210.288
7021.78 -95.7337 7083.34 -168.632
7035.27 -116.562 7097.41 -192.064
7049.63 -91.8285 7110.6 -141.295
7063.41 -94.432 7124.97 -136.088
7077.48 -84.0179 7138.74 -182.951
7090.67 -130.881 7152.81 -145.2
7105.33 -117.864 7166.29 -203.779
7118.52 -87.9232 7180.65 -171.236
7133.47 -110.053 7193.55 -198.572
7146.95 -82.7162 7208.2 -219.401
7160.14 -134.786 7220.8 -193.365
7173.91 -64.4916 7235.74 -192.064
7189.15 -60.5863 7248.64 -202.478
7202.05 -98.3372 7263.58 -158.218
7216.7 -106.148 7276.76 -188.158
7230.18 -103.544 7291.12 -168.632
7244.24 -111.355 7305.18 -206.383
7257.43 -108.751 7318.37 -206.383
7272.08 -90.5267 7332.43 -223.306
7285.26 -124.372 7346.49 -219.401
7299.91 -113.958 7360.26 -197.271
7312.8 -93.1302 7373.73 -182.951
7326.57 -76.2074 7388.08 -169.934
7340.63 -74.9056 7401.85 -192.064
7354.69 -113.958 7415.03 -145.2
7368.75 -99.639 7429.68 -153.011
7382.23 -87.9232 7442.56 -222.004
7396.58 -97.0355 7457.5 -203.779
7409.76 -108.751 7470.97 -214.194
7424.11 -85.3197 7484.44 -220.702
7437 -91.8285 7498.2 -205.081
7451.06 -87.9232 7511.97 -190.762
7466.58 -98.3372 7526.32 -168.632
7478.58 -85.3197 7538.91 -208.986
7493.81 -82.7162 7552.67 -194.667
7506.7 -93.1302 7568.19 -232.418
7519.58 -113.958 7580.77 -190.762
7533.93 -100.941 7595.12 -180.348
7547.98 -103.544 7609.17 -195.969
7563.21 -116.562 7622.64 -194.667
7575.21 -89.225 7635.81 -182.951
7589.56 -117.864 7650.45 -180.348
7603.32 -113.958 7664.5 -173.839
7616.79 -84.0179 7677.97 -220.702
7631.42 -103.544 7692.31 -177.744
7645.18 -87.9232 7705.77 -206.383
7658.35 -81.4144 7719.53 -171.236
7672.99 -102.243 7732.7 -192.064
7687.04 -102.243 7747.63 -194.667
7699.92 -98.3372 7761.67 -206.383
7714.26 -59.2846 7774.55 -193.365
7728.31 -100.941 7788.6 -179.046
7742.06 -99.639 7801.76 -236.323
7755.53 -99.639 7816.39 -176.443
7769.57 -94.432 7830.15 -179.046
7783.33 -116.562 7844.19 -176.443
7797.08 -78.8109 7857.65 -181.65
7811.42 -85.3197 7870.82 -173.839
7824.59 -81.4144 7885.45 -181.65
7837.46 -112.657 7899.49 -151.709
7852.38 -112.657 7912.95 -175.141
7866.14 -76.2074 7926.4 -179.046
7880.76 -125.674 7941.91 -159.52
7893.64 -112.657 7954.19 -193.365
7907.68 -98.3372 7968.53 -219.401
7921.72 -117.864 7982.57 -193.365
7936.06 -100.941 7996.31 -189.46
7949.22 -93.1302 8010.06 -185.555
7962.97 -91.8285 8023.81 -149.106
7976.72 -108.751 8038.14 -180.348
7990.17 -125.674 8051.3 -194.667
8003.92 -85.3197 8065.05 -181.65
8017.67 -103.544 8079.08 -208.986
8031.12 -132.183 8092.53 -195.969
8046.62 -99.639 8106.57 -177.744
8059.49 -121.769 8120.31 -207.685
8072.94 -82.7162 8134.35 -210.288
8087.27 -108.751 8147.8 -190.762
8101.89 -103.544 8162.13 -184.253
8114.76 -84.0179 8176.16 -171.236
8127.92 -115.26 8189.9 -160.822
8142.83 -106.148 8203.94 -162.123
8156.28 -120.467 8217.39 -192.064
8170.02 -84.0179 8231.13 -188.158
8184.06 -97.0355 8244.57 -206.383
8197.8 -78.8109 8258.9 -155.615
8211.54 -78.8109 8273.81 -146.502
8226.16 -99.639 8285.79 -190.762
8238.73 -60.5863 8300.12 -171.236
8253.05 -93.1302 8314.15 -164.727
8266.21 -77.5092 8327.59 -182.951
8279.65 -119.165 8341.91 -154.313
8293.68 -74.9056 8355.94 -211.59
8307.42 -91.8285 8370.56 -186.857
8320.58 -77.5092 8383.42 -190.762
8336.65 -81.4144 8397.15 -169.934
8349.8 -84.0179 8410.89 -203.779
8363.83 -81.4144 8424.91 -193.365
8378.15 -93.1302 8438.94 -192.064
8391.01 -115.26 8453.26 -198.572
8404.17 -82.7162 8466.12 -149.106
8418.78 -116.562 8480.14 -214.194
8432.51 -111.355 8494.17 -167.33
8445.66 -111.355 8507.9 -180.348
8460.27 -74.9056 8521.34 -184.253
8474.01 -73.6039 8535.37 -169.934
8487.74 -85.3197 8549.39 -158.218
8501.47 -71.0004 8562.83 -179.046
8514.33 -71.0004 8576.85 -177.744
8528.94 -78.8109 8591.17 -159.52
8542.96 -95.7337 8604.31 -164.727
8556.11 -86.6215 8618.04 -155.615
8571.3 -99.639 8632.65 -177.744
8585.03 -78.8109 8646.38 -171.236
8597.89 -85.3197 8660.11 -219.401
8611.91 -73.6039 8673.84 -208.986
8626.81 -97.0355 8688.73 -176.443
8639.37 -43.6635 8701 -173.839
8653.68 -74.9056 8715.02 -149.106
8667.7 -113.958 8728.75 -153.011
8680.85 -107.45 8743.35 -197.271
8694.28 -90.5267 8756.49 -194.667
8708.89 -121.769 8771.1 -189.46
8722.61 -104.846 8784.24 -190.762
8736.93 -87.9232 8799.13 -219.401
8750.94 -78.8109 8811.69 -167.33
8764.67 -65.7934 8826.58 -184.253
8777.23 -74.9056 8839.72 -177.744
8791.54 -100.941 8853.74 -173.839
8805.85 -63.1898 8867.76 -172.537
8820.16 -86.6215 8881.48 -179.046
8833.01 -60.5863 8894.62 -197.271
8846.44 -117.864 8908.93 -220.702
8860.75 -65.7934 8923.53 -198.572
8874.18 -74.9056 8937.83 -199.874
8888.78 -82.7162 8950.39 -166.029
8902.5 -100.941 8964.69 -199.874
8915.35 -69.6986 8978.41 -156.916
8929.66 -90.5267 8991.55 -190.762
8943.67 -97.0355 9005.57 -167.33
8957.98 -138.692 9019.87 -169.934
8971.41 -68.3969 9033.3 -139.993
8985.42 -67.0951 9047.31 -145.2
8997.98 -106.148 9061.61 -167.33
9012.28 -85.3197 9074.75 -171.236
9027.17 -80.1127 9089.35 -163.425
9040.01 -97.0355 9103.07 -168.632
9054.61 -81.4144 9116.5 -156.916
9067.16 -130.881 9129.92 -155.615
9081.76 -98.3372 9144.51 -147.804
9094.89 -108.751 9158.53 -175.141
9109.49 -76.2074 9172.24 -120.467
9122.92 -64.4916 9185.38 -176.443
9136.63 -65.7934 9199.97 -160.822
9150.06 -90.5267 9213.69 -172.537
9164.95 -72.3021 9227.11 -160.822
9177.5 -93.1302 9240.54 -169.934
9191.8 -125.674 9254.26 -160.822
9206.1 -99.639 9269.14 -162.123
9219.82 -116.562 9281.69 -155.615
9233.24 -112.657 9297.15 -175.141
9246.67 -72.3021 9310 -163.425
9261.55 -85.3197 9324 -190.762
9274.39 -103.544 9337.13 -171.236
9288.98 -87.9232 9350.85 -143.899
9302.7 -99.639 9364.86 -186.857
9315.83 -73.6039 9380.61 -151.709
9329.84 -111.355 9392.28 -156.916
9343.55 -116.562 9406.88 -147.804
9357.56 -108.751 9420.88 -126.976
9371.57 -93.1302 9434.3 -159.52
9385.57 -125.674 9447.43 -160.822
9398.41 -59.2846 9461.44 -160.822
9413.59 -85.3197 9476.61 -137.39
9426.72 -55.3793 9490.03 -141.295
9440.14 -63.1898 9504.04 -153.011
9454.73 -67.0951 9517.17 -146.502
9469.02 -77.5092 9531.46 -162.123
9482.44 -107.45 9545.18 -173.839
9496.16 -91.8285 9558.89 -173.839
9509 -142.597 9574.06 -143.899
9523.58 -143.899 9586.89 -182.951
9538.17 -137.39 9600.9 -160.822
9550.43 -73.6039 9614.32 -160.822
9564.72 -80.1127 9628.03 -162.123
9579.31 -84.0179 9642.32 -139.993
9592.73 -98.3372 9656.62 -146.502
9605.57 -81.4144 9669.75 -172.537
9620.15 -82.7162 9683.17 -169.934
9633.28 -108.751 9697.17 -190.762
9647.28 -108.751 9711.46 -215.495
9661.58 -85.3197 9725.46 -201.176
9675.58 -78.8109 9738.88 -208.986
9689 -91.8285 9752.59 -197.271
9702.42 -71.0004 9766.89 -188.158
9717.59 -50.1723 9780.31 -175.141
9730.42 -90.5267 9794.6 -171.236
9744.42 -84.0179 9808.6 -188.158
9758.43 -110.053 9822.02 -166.029
9771.85 -143.899 9836.02 -228.513
9785.85 -113.958 9849.43 -207.685
9799.56 -113.958 9864.02 -227.211
9813.56 -103.544 9877.44 -194.667
9827.56 -100.941 9891.44 -224.608
9840.39 -98.3372 9904.27 -188.158
9854.1 -63.1898 9918.56 -195.969
9868.1 -67.0951 9932.56 -189.46
9881.81 -74.9056 9946.85 -195.969
9895.81 -97.0355 9959.69 -216.797
9909.52 -100.941 9973.4 -222.004
9924.69 -138.692 9988.27 -219.401
9938.1 -102.243 10002.3 -228.513
9951.23 -94.432 10015.7 -205.081
9965.52 -98.3372 10029.4 -207.685
9978.65 -93.1302 10044 -203.779
9992.94 -65.7934 10056.8 -203.779
10006.3 -65.7934 10070.5 -205.081
10019.8 -68.3969 10085.1 -207.685
10034.9 -77.5092 10098.2 -184.253
10048.3 -125.674 10112.5 -192.064
10061.8 -111.355 10126.5 -218.099
10076.1 -99.639 10140.5 -212.892
10088.9 -78.8109 10153.9 -208.986
10103.8 -95.7337 10167.6 -189.46
10116.6 -82.7162 10182.8 -166.029
10131.2 -61.8881 10195 -160.822
10145.2 -94.432 10209 -194.667
10159.2 -85.3197 10223.3 -179.046
10172.3 -102.243 10237.3 -159.52
10186.9 -121.769 10251 -195.969
10200.3 -104.846 10265.9 -168.632
10213.7 -126.976 10278.2 -186.857
10228.3 -94.432 10292.5 -193.365
10241.4 -104.846 10306.8 -163.425
10254.8 -103.544 10320.2 -186.857
10268.8 -55.3793 10334.8 -162.123
10283.1 -91.8285 10348.8 -164.727
10296.5 -85.3197 10361.6 -167.33
10309.7 -98.3372 10375 -186.857
10324.3 -89.225 10389 -166.029
10338.5 -102.243 10402.7 -222.004
10351.7 -112.657 10417 -233.72
10365.7 -93.1302 10431.3 -208.986
10379.4 -55.3793 10445 -201.176
10393.4 -76.2074 10458.7 -201.176
10406.8 -108.751 10473.3 -193.365
10421.4 -115.26 10485.5 -154.313
10434.5 -93.1302 10500.1 -155.615
10447.9 -97.0355 10514.1 -195.969
10462.8 -124.372 10527.2 -195.969
10476.5 -80.1127 10541.5 -203.779
10489.3 -61.8881 10555.5 -227.211
10503 -89.225 10569.2 -190.762
10517 -112.657 10583.5 -232.418
10531.6 -77.5092 10597.5 -245.436
10545.3 -94.432 10610.6 -236.323
10558.7 -77.5092 10624.1 -228.513
10572.2 -89.225 10637.8 -193.365
10586.7 -99.639 10652.6 -171.236
10599.6 -93.1302 10666.1 -220.702
10614.4 -78.8109 10679.5 -185.555
10628.4 -112.657 10694.4 -212.892
10641.3 -89.225 10707.2 -202.478
10656.1 -93.1302 10720.9 -194.667
10669 -85.3197 10734.9 -198.572
10683 -77.5092 10749.5 -208.986
10697 -90.5267 10761.7 -192.064
10710.4 -80.1127 10776.3 -192.064
10725 -119.165 10791.2 -155.615
10738.4 -128.278 10804 -206.383
10752.4 -81.4144 10818.6 -197.271
10764.9 -120.467 10831.7 -184.253
10780.1 -78.8109 10846 -199.874
10794.4 -86.6215 10859.7 -164.727
10808.4 -107.45 10874.6 -177.744
10820.9 -71.0004 10886.9 -214.194
10834.9 -104.846 10901.5 -202.478
10849.5 -98.3372 10915.2 -169.934
10862.9 -108.751 10929.2 -188.158
10877.2 -115.26 10943.2 -198.572
10889.8 -110.053 10955.7 -150.407
10903.8 -91.8285 10970.6 -168.632
10917.8 -77.5092 10984.3 -193.365
10931.8 -90.5267 10998.6 -158.218
10946.1 -90.5267 11012.3 -171.236
10959.2 -84.0179 11025.7 -164.727
10972.6 -125.674 11038.8 -206.383
10987.5 -111.355 11053.4 -172.537
11000.3 -103.544 11068.3 -168.632
11014.6 -104.846 11080.9 -194.667
11028.3 -94.432 11094.3 -158.218
11043.2 -52.7758 11108.9 -172.537
11055.8 -77.5092 11122.3 -142.597
11069.5 -73.6039 11136.9 -139.993
11083.2 -71.0004 11150 -172.537
11096.3 -89.225 11164.6 -162.123
11111.5 -94.432 11178 -171.236
11125.5 -119.165 11191.7 -169.934
11139.2 -158.218 11205.7 -197.271
11152.6 -95.7337 11219.4 -150.407
11166 -125.674 11234 -166.029
11180.6 -106.148 11247.4 -151.709
11193.8 -77.5092 11261.2 -117.864
11206.9 -89.225 11274.6 -168.632
11221.8 -89.225 11288.6 -166.029
11235.2 -111.355 11302.9 -164.727
11248.9 -94.432 11315.7 -133.485
11262.9 -106.148 11330.6 -175.141
11277.2 -94.432 11344.3 -169.934
11290.3 -128.278 11358.3 -181.65
11304.6 -65.7934 11371.7 -128.278
11318.3 -73.6039 11385.2 -164.727
11331.8 -110.053 11400.6 -125.674
11346.6 -78.8109 11413.2 -134.786
11359.8 -108.751 11426.3 -143.899
11373.2 -98.3372 11440.9 -134.786
11387.5 -91.8285 11454.9 -182.951
11400.9 -121.769 11468.3 -145.2
11415.2 -100.941 11482.6 -168.632
11427.8 -82.7162 11496.6 -179.046
11442.9 -104.846 11510 -134.786
11456.6 -65.7934 11523.8 -160.822
11469.5 -112.657 11537.8 -129.579
11484.4 -80.1127 11552.4 -112.657
11497.8 -108.751 11566.1 -177.744
11511.8 -84.0179 11579.5 -163.425
11525.2 -76.2074 11593.5 -149.106
11539 -124.372 11606.1 -167.33
11552.7 -117.864 11620.7 -158.218
11566.4 -104.846 11635 -156.916
11580.1 -84.0179 11648.7 -132.183
11595 -87.9232 11661.8 -129.579
11608.1 -78.8109 11675.8 -160.822
11621.5 -69.6986 11689.6 -132.183
11636.4 -60.5863 11704.1 -121.769
11649 -97.0355 11717.3 -151.709
11663.3 -100.941 11732.2 -150.407
11677 -132.183 11744.7 -176.443
11690.4 -137.39 11758.7 -163.425
11704.7 -90.5267 11773 -113.958
11719.3 -102.243 11787.1 -124.372
11733.1 -138.692 11800.2 -139.993
11745.6 -90.5267 11815.1 -139.993
11759.3 -100.941 11829.4 -166.029
11773.9 -89.225 11842 -180.348
11787.6 -90.5267 11856 -160.822
11801.9 -95.7337 11870 -146.502
11815.4 -143.899 11884 -145.2
11829.7 -111.355 11897.1 -167.33
11841.6 -123.071 11912.6 -155.615
11856.8 -120.467 11924.6 -108.751
11870.9 -104.846 11938.3 -108.751
11883.7 -94.432 11953.2 -172.537
11898 -81.4144 11967.5 -162.123
11912.3 -68.3969 11980.4 -202.478
11926.9 -108.751 11994.7 -177.744
11939.8 -129.579 12009 -169.934
11953.8 -106.148 12021.8 -153.011
11966.9 -107.45 12035.5 -167.33
11981.2 -119.165 12049.3 -134.786
11993.5 -97.0355 12064.2 -143.899
12008.1 -110.053 12077.6 -110.053
12021.5 -73.6039 12091.3 -160.822
12036.4 -91.8285 12105.1 -163.425
12049.6 -67.0951 12118.5 -173.839
12063.3 -95.7337 12133.1 -151.709
12077.6 -110.053 12147.7 -159.52
12091.3 -123.071 12160.3 -162.123
12105.3 -112.657 12174.6 -159.52
12119.4 -115.26 12188.3 -142.597
12132.2 -98.3372 12202 -117.864
12146.2 -61.8881 12215.5 -145.2
12159.7 -85.3197 12230.4 -141.295
12174.6 -56.6811 12243.5 -158.218
12187.4 -95.7337 12257.5 -149.106
12201.7 -115.26 12271.5 -133.485
12215.5 -112.657 12284.4 -149.106
12228.6 -99.639 12299 -162.123
12243.2 -129.579 12312.2 -129.579
12257.5 -138.692 12326.5 -162.123
12270.4 -85.3197 12340.8 -123.071
12284.4 -72.3021 12354.5 -139.993
12298.1 -78.8109 12368.6 -166.029
12312.5 -76.2074 12381.7 -119.165
12325 -69.6986 12396.6 -134.786
12339.9 -61.8881 12410.3 -158.218
12353.4 -123.071 12423.8 -155.615
12366.8 -107.45 12437.5 -163.425
12380.8 -94.432 12451 -154.313
12394.3 -132.183 12464.4 -158.218
12408 -97.0355 12479.6 -141.295
12422.3 -102.243 12492.1 -138.692
12436.3 -115.26 12506.8 -176.443
12450.7 -37.1547 12520.5 -163.425
12464.1 -87.9232 12533.4 -125.674
12477.8 -68.3969 12548.3 -132.183
12490.7 -54.0776 12562.3 -153.011
12505.6 -100.941 12575.5 -153.011
12519.6 -74.9056 12589.2 -172.537
12533.1 -73.6039 12603.8 -124.372
12545.9 -85.3197 12616.9 -159.52
12561.1 -71.0004 12631.9 -172.537
12574.3 -73.6039 12645 -143.899
12587.4 -15.0249 12659.3 -164.727
12602.6 -84.0179 12672.8 -154.313
12615.2 -73.6039 12686.8 -125.674
12628.6 -60.5863 12700.9 -142.597
12643.8 -82.7162 12715.2 -128.278
12656.7 -72.3021 12727.2 -141.295
12670.4 -60.5863 12742.4 -142.597
12684.5 -31.9477 12756.4 -143.899
12698.2 -44.9653 12770.7 -162.123
12712.5 -46.267 12783.9 -177.744
12726 -74.9056 12798.2 -172.537
12739.7 -64.4916 12811.1 -123.071
12754.1 -76.2074 12825.1 -115.26
12767.2 -60.5863 12839.1 -121.769
12781 -91.8285 12853.5 -87.9232
12795.6 -54.0776 12866.9 -100.941
12808.7 -25.4389 12880.4 -129.579
12821.9 -24.1372 12894.4 -128.278
12836.8 5.80321 12908.4 -159.52
12850.3 -59.2846 12921.6 -123.071
12863.4 -42.3617 12935.9 -142.597
12878 -76.2074 12949.4 -129.579
12892.1 -33.2495 12963.7 -130.881
12904.6 -48.8705 12978 -143.899
12919.9 -21.5337 12991.8 -124.372
12933.3 0.596186 13004.4 -102.243
12947.3 -0.70557 13019.3 -125.674
12959.9 -8.5161 13033 -103.544
12974.2 -17.6284 13046.5 -139.993
12989.2 -9.81786 13060.5 -104.846
13001.4 -25.4389 13075.2 -126.976
13016.1 -42.3617 13088.6 -128.278
13029.2 -28.0424 13102.4 -123.071
13043.3 -21.5337 13115.5 -121.769
13057 -55.3793 13130.1 -110.053
13071.9 -29.3442 13144.8 -99.639
13084.5 -2.00733 13158.2 -77.5092
13098.8 -21.5337 13171.4 -61.8881
13112.3 -3.30908 13185.4 -99.639
13125.8 -15.0249 13199.8 -124.372
13140.4 -16.3266 13213.2 -123.071
13153.5 -20.2319 13226.7 -159.52
13167.9 -24.1372 13240.4 -130.881
13181.3 -22.8354 13255.4 -137.39
13195.7 -12.4214 13269.1 -142.597
13208.8 44.8559 13282 -86.6215
13222.9 -8.5161 13296.6 -85.3197
13235.8 5.80321 13309.8 -81.4144
13251.3 4.50145 13324.1 -81.4144
13263.3 14.9155 13338.2 -115.26
13278.8 25.3295 13351.3 -129.579
13291.7 1.89794 13365.7 -138.692
13305.1 29.2348 13377.7 -125.674
13320 40.9506 13393.2 -141.295
13332.6 12.312 13406.9 -119.165
13346.7 13.6137 13421.3 -85.3197
13360.7 44.8559 13435 -59.2846
13374.5 69.5892 13448.8 -43.6635
13388.5 56.5717 13462.3 -68.3969
13402 77.3998 13476 -85.3197
13415.7 74.7963 13490.3 -110.053
13429.8 66.9857 13505 -150.407
13443.8 77.3998 13517.9 -120.467
13457.3 108.642 13531.9 -113.958
13471.3 117.754 13545.7 -57.9828
13484.8 141.186 13559.1 -48.8705
13499.1 135.979 13574.1 -34.5512
13512.3 150.298 13587.2 -5.91259
13526.4 168.523 13601.3 -24.1372
13540.4 135.979 13615.3 -52.7758
13553.9 167.221 13628.5 -72.3021
13568.2 135.979 13642.6 -82.7162
13581.7 172.428 13656.6 -110.053
13595.4 148.996 13670.9 -72.3021
13608.6 163.316 13684.1 -5.91259
13622.6 177.635 13698.2 69.5892
13636.4 199.765 13711.9 85.2103
13651.6 211.481 13726.3 80.0033
13664.2 229.705 13740.6 59.1752
13678.6 260.947 13753.8 38.3471
13692 254.439 13767.9 11.0102
13706.1 279.172 13782.2 20.1225
13719.6 225.8 13796.8 25.3295
13733 240.119 13809.7 33.1401
13747.1 245.326 13823.8 102.133
13760.5 245.326 13838.1 164.617
13774.3 296.095 13852.8 169.824
13788.1 300 13867.1 214.084
13802.4 303.905 13882 186.747
13815.3 358.579 13894.1 188.049
13829.9 327.337 13899 199.765
13844 309.112 13884.1 152.902
13858.3 244.025 13871.2 171.126
