7013.87 -94.432 7028.23 -132.183
7004.78 -78.8109 7041.13 -149.106
7001.55 -71.0004 7056.38 -146.502
7008.3 -94.432 7069.86 -113.958
7021.78 -86.6215 7083.34 -78.8109
7034.68 -85.3197 7096.83 -117.864
7049.34 -112.657 7111.48 -145.2
7063.41 -35.853 7124.97 -106.148
7076.31 -63.1898 7137.86 -147.804
7091.55 -71.0004 7152.22 -115.26
7105.33 -89.225 7166.59 -100.941
7118.23 -98.3372 7180.65 -107.45
7133.17 -81.4144 7194.13 -112.657
7146.36 -98.3372 7208.49 -117.864
7161.02 -100.941 7221.38 -130.881
7174.5 -104.846 7235.16 -133.485
7188.56 -84.0179 7249.51 -78.8109
7201.46 -65.7934 7262.99 -98.3372
7215.82 -74.9056 7276.76 -108.751
7231.05 -93.1302 7291.12 -123.071
7243.36 -100.941 7304.6 -106.148
7257.43 -60.5863 7318.07 -82.7162
7272.66 -81.4144 7332.14 -124.372
7285.55 -63.1898 7346.2 -98.3372
7299.32 -85.3197 7359.67 -90.5267
7312.51 -91.8285 7373.15 -104.846
7326.86 -51.474 7388.08 -137.39
7340.63 -50.1723 7400.68 -112.657
7354.4 -65.7934 7414.74 -121.769
7368.17 -60.5863 7428.8 -138.692
7381.35 -85.3197 7443.15 -112.657
7396.29 -81.4144 7456.03 -87.9232
7410.35 -86.6215 7469.8 -130.881
7423.52 -108.751 7484.73 -108.751
7437.58 -56.6811 7497.62 -90.5267
7451.06 -123.071 7512.55 -61.8881
7465.99 -68.3969 7525.73 -98.3372
7478.88 -51.474 7539.78 -126.976
7492.93 -65.7934 7552.38 -124.372
7506.7 -98.3372 7566.43 -108.751
7520.46 -85.3197 7581.95 -108.751
7533.34 -67.0951 7594.54 -86.6215
7548.57 -74.9056 7609.17 -78.8109
7562.62 -71.0004 7621.47 -89.225
7575.8 -73.6039 7636.11 -80.1127
7589.85 -93.1302 7649.86 -95.7337
7603.32 -98.3372 7664.21 -100.941
7617.08 -61.8881 7677.97 -93.1302
7630.84 -39.7582 7691.72 -100.941
7645.18 -74.9056 7706.06 -113.958
7658.65 -71.0004 7719.24 -103.544
7673.28 -34.5512 7733.87 -89.225
7686.45 -61.8881 7747.33 -100.941
7700.5 -87.9232 7761.09 -72.3021
7714.26 -68.3969 7774.26 -98.3372
7728.02 -37.1547 7788.01 -121.769
7741.48 -67.0951 7802.64 -103.544
7755.53 -100.941 7816.39 -100.941
7769.57 -59.2846 7830.44 -97.0355
7783.03 -57.9828 7844.48 -102.243
7796.79 -65.7934 7857.65 -87.9232
7811.13 -80.1127 7870.82 -67.0951
7824 -87.9232 7885.45 -93.1302
7838.92 -51.474 7900.07 -89.225
7852.68 -61.8881 7912.65 -84.0179
7866.43 -50.1723 7926.4 -72.3021
7880.18 -71.0004 7941.03 -91.8285
7894.22 -89.225 7954.49 -60.5863
7907.39 -55.3793 7967.94 -65.7934
7921.72 -72.3021 7982.57 -69.6986
7935.47 -60.5863 7996.02 -81.4144
7948.93 -44.9653 8009.77 -121.769
7962.97 -41.06 8023.81 -68.3969
7977.01 -69.6986 8037.85 -111.355
7990.47 -43.6635 8051.3 -94.432
8004.5 -86.6215 8064.75 -102.243
8017.96 -77.5092 8078.21 -106.148
8031.41 -57.9828 8092.83 -130.881
8045.45 -77.5092 8106.57 -73.6039
8060.37 -86.6215 8120.61 -87.9232
8072.36 -60.5863 8133.47 -119.165
8088.15 -85.3197 8148.39 -78.8109
8101.31 -64.4916 8161.84 -95.7337
8115.05 -69.6986 8176.46 -86.6215
8129.09 -47.5688 8189.9 -100.941
8142.54 -84.0179 8204.23 -65.7934
8156.87 -42.3617 8216.51 -54.0776
8170.02 -73.6039 8231.42 -125.674
8183.76 -86.6215 8244.57 -102.243
8197.22 -99.639 8259.19 -117.864
8211.25 -73.6039 8272.93 -76.2074
8225.28 -65.7934 8286.96 -56.6811
8239.6 -85.3197 8300.7 -81.4144
8253.05 -74.9056 8314.73 -107.45
8266.79 -54.0776 8327.59 -85.3197
8280.24 -72.3021 8341.62 -102.243
8294.56 -76.2074 8355.94 -124.372
8307.72 -68.3969 8368.8 -81.4144
8322.04 -57.9828 8384 -99.639
8336.65 -81.4144 8396.86 -98.3372
8349.51 -64.4916 8410.89 -63.1898
8363.54 -61.8881 8424.33 -87.9232
8376.99 -60.5863 8438.65 -110.053
8391.31 -65.7934 8452.68 -91.8285
8404.46 -86.6215 8465.53 -112.657
8418.49 -80.1127 8481.02 -95.7337
8432.8 -69.6986 8494.17 -124.372
8447.12 -59.2846 8508.49 -106.148
8459.98 -76.2074 8521.93 -113.958
8474.01 -76.2074 8535.37 -65.7934
8488.32 -50.1723 8549.68 -85.3197
8500.89 -67.0951 8563.12 -106.148
8516.37 -74.9056 8576.27 -80.1127
8528.94 -86.6215 8590.58 -91.8285
8542.38 -90.5267 8604.9 -85.3197
8556.69 -82.7162 8618.92 -108.751
8570.72 -69.6986 8633.23 -80.1127
8584.45 -64.4916 8646.67 -69.6986
8598.18 -67.0951 8659.82 -108.751
8612.2 -93.1302 8674.13 -94.432
8626.22 -72.3021 8688.73 -69.6986
8639.95 -73.6039 8701.29 -107.45
8653.39 -86.6215 8715.6 -86.6215
8667.41 -51.474 8730.21 -54.0776
8681.43 -82.7162 8742.47 -104.846
8694.58 -73.6039 8756.78 -94.432
8708.01 -69.6986 8771.39 -65.7934
8722.32 -97.0355 8785.41 -93.1302
8736.05 -95.7337 8798.26 -73.6039
8751.24 -65.7934 8811.4 -85.3197
8763.21 -72.3021 8826 -65.7934
8778.1 -34.5512 8840.31 -111.355
8790.95 -78.8109 8853.45 -76.2074
8806.14 -60.5863 8867.46 -102.243
8818.99 -65.7934 8881.19 -91.8285
8832.72 -90.5267 8895.2 -81.4144
8846.15 -68.3969 8908.64 -74.9056
8860.75 -46.267 8923.53 -93.1302
8874.47 -72.3021 8936.08 -115.26
8888.49 -97.0355 8950.39 -76.2074
8902.5 -99.639 8964.69 -86.6215
8915.93 -69.6986 8978.41 -57.9828
8930.53 -39.7582 8992.72 -68.3969
8943.67 -71.0004 9006.44 -99.639
8957.1 -86.6215 9019.87 -60.5863
8970.82 -74.9056 9033.88 -63.1898
8985.13 -69.6986 9047.6 -69.6986
8999.14 -89.225 9060.74 -46.267
9012.28 -78.8109 9075.04 -67.0951
9026.29 -111.355 9089.35 -97.0355
9040.31 -60.5863 9102.77 -76.2074
9053.73 -61.8881 9115.62 -97.0355
9068.04 -57.9828 9129.92 -71.0004
9082.34 -73.6039 9144.22 -89.225
9095.19 -33.2495 9157.94 -68.3969
9109.2 -81.4144 9171.95 -72.3021
9123.21 -63.1898 9185.96 -78.8109
9136.93 -64.4916 9200.26 -74.9056
9150.65 -64.4916 9213.69 -107.45
9164.36 -55.3793 9226.24 -97.0355
9179.25 -68.3969 9240.54 -95.7337
9191.8 -104.846 9254.26 -84.0179
9206.1 -48.8705 9268.85 -55.3793
9219.82 -76.2074 9282.56 -104.846
9233.53 -51.474 9296.86 -116.562
9247.25 -65.7934 9310.58 -120.467
9260.68 -86.6215 9324.59 -98.3372
9275.56 -55.3793 9337.13 -137.39
9289.27 -71.0004 9351.14 -123.071
9303.28 -82.7162 9365.73 -126.976
9316.12 -71.0004 9379.45 -121.769
9330.42 -80.1127 9393.45 -115.26
9344.72 -55.3793 9406.58 -95.7337
9357.85 -69.6986 9421.17 -134.786
9372.15 -69.6986 9435.47 -143.899
9386.45 -97.0355 9448.89 -136.088
9398.7 -80.1127 9461.73 -182.951
9411.83 -55.3793 9476.9 -108.751
9426.13 -56.6811 9490.32 -130.881
9440.72 -73.6039 9504.33 -156.916
9455.31 -77.5092 9517.75 -134.786
9468.15 -54.0776 9531.75 -129.579
9481.86 -74.9056 9545.76 -146.502
9497.03 -84.0179 9559.18 -120.467
9510.46 -60.5863 9573.77 -134.786
9523 -89.225 9586.89 -136.088
9537.88 -76.2074 9600.02 -134.786
9551.3 -57.9828 9614.9 -116.562
9564.72 -72.3021 9628.61 -121.769
9578.43 -71.0004 9641.74 -141.295
9592.73 -76.2074 9655.45 -129.579
9606.44 -56.6811 9670.62 -123.071
9620.44 -60.5863 9683.75 -86.6215
9633.57 -67.0951 9697.17 -103.544
9647.87 -80.1127 9712.34 -111.355
9660.99 -106.148 9724.3 -160.822
9675.29 -73.6039 9739.46 -129.579
9689.29 -94.432 9752.59 -138.692
9703 -59.2846 9766.89 -130.881
9717.3 -56.6811 9780.31 -98.3372
9731.01 -54.0776 9794.6 -134.786
9743.55 -50.1723 9809.18 -124.372
9758.14 -90.5267 9822.02 -151.709
9771.85 -84.0179 9835.43 -107.45
9785.56 -61.8881 9850.31 -116.562
9799.26 -61.8881 9862.85 -111.355
9813.85 -67.0951 9877.15 -107.45
9828.73 -76.2074 9891.44 -112.657
9840.98 -67.0951 9904.85 -108.751
9854.98 -74.9056 9917.98 -126.976
9869.27 -51.474 9932.56 -95.7337
9881.81 -95.7337 9947.44 -93.1302
9896.69 -76.2074 9959.98 -120.467
9910.98 -67.0951 9974.27 -85.3197
9924.4 -77.5092 9988.86 -107.45
9937.23 -80.1127 10002 -107.45
9951.52 -56.6811 10016 -129.579
9964.94 -50.1723 10029.4 -128.278
9979.23 -59.2846 10043.4 -103.544
9993.23 -17.6284 10056.5 -102.243
10007.2 -24.1372 10070.8 -82.7162
10020.6 -72.3021 10085.4 -90.5267
10034.9 -50.1723 10098.8 -121.769
10048.1 -87.9232 10112.5 -117.864
10062.1 -91.8285 10126.2 -112.657
10075.5 -102.243 10140.5 -106.148
10089.2 -85.3197 10154.8 -124.372
10103.8 -51.474 10167.6 -80.1127
10116.9 -33.2495 10181.9 -104.846
10131.5 -91.8285 10195.3 -85.3197
10144.9 -65.7934 10209.6 -112.657
10158.6 -72.3021 10223.1 -120.467
10172.6 -81.4144 10237 -93.1302
10187.5 -108.751 10250.5 -94.432
10200 -55.3793 10265.1 -143.899
10213.1 -86.6215 10279 -106.148
10227.4 -74.9056 10291.6 -113.958
10242 -59.2846 10306.2 -123.071
10254.8 -41.06 10319.9 -97.0355
10268.8 -65.7934 10334.2 -120.467
10282.6 -60.5863 10348.5 -91.8285
10296.3 -84.0179 10361.6 -149.106
10310.3 -76.2074 10375 -139.993
10324 -67.0951 10389 -115.26
10338.8 -73.6039 10403 -138.692
10352.8 -51.474 10416.7 -138.692
10364.8 -35.853 10431 -126.976
10379.7 -42.3617 10444.4 -128.278
10393.1 -76.2074 10458.1 -94.432
10406.5 -55.3793 10472.4 -94.432
10421.1 -71.0004 10486.4 -93.1302
10434.8 -84.0179 10500.1 -93.1302
10448.5 -65.7934 10514.4 -158.218
10462.2 -34.5512 10527.5 -108.751
10475.6 -64.4916 10541.5 -134.786
10489.3 -17.6284 10555.5 -113.958
10503 -89.225 10568.4 -110.053
10517.9 -48.8705 10582.9 -132.183
10531.6 -46.267 10597.2 -108.751
10544.7 -61.8881 10611.2 -98.3372
10559.6 -48.8705 10623.8 -143.899
10573.3 -76.2074 10638.4 -125.674
10586.1 -110.053 10652.9 -142.597
10600.1 -52.7758 10665.5 -150.407
10614.7 -61.8881 10679.8 -90.5267
10627.9 -63.1898 10693.5 -139.993
10642.4 -35.853 10706.9 -117.864
10655.3 -43.6635 10720.6 -110.053
10669.6 -46.267 10734.9 -119.165
10683 -69.6986 10749.2 -107.45
10697.3 -85.3197 10762.6 -71.0004
10711.9 -80.1127 10776.9 -102.243
10723.8 -97.0355 10791.2 -125.674
10737.2 -86.6215 10803.7 -126.976
10751.8 -56.6811 10817.4 -141.295
10766.4 -64.4916 10832.6 -141.295
10780.1 -57.9828 10846 -120.467
10793.5 -39.7582 10860.3 -142.597
10807.2 -85.3197 10874.6 -87.9232
10821.2 -81.4144 10887.1 -84.0179
10834.9 -46.267 10900.6 -121.769
10849.2 -90.5267 10915.5 -94.432
10862.6 -65.7934 10928.9 -149.106
10876.6 -86.6215 10941.7 -90.5267
10890.4 -69.6986 10957.2 -120.467
10904.4 -73.6039 10970.9 -128.278
10917.2 -51.474 10984.6 -146.502
10932.4 -43.6635 10997.7 -76.2074
10945.8 -74.9056 11011.7 -97.0355
10958.9 -64.4916 11025.7 -116.562
10973.8 -104.846 11039.7 -64.4916
10986.9 -104.846 11053.4 -108.751
11000.9 -74.9056 11067.4 -80.1127
11013.8 -80.1127 11081.7 -134.786
11028.6 -48.8705 11094.8 -110.053
11042 -68.3969 11108.3 -138.692
11056.1 -43.6635 11122.9 -111.355
11070.3 -71.0004 11136.3 -94.432
11083.5 -71.0004 11150.3 -90.5267
11097.2 -81.4144 11164 -93.1302
11111.5 -77.5092 11178.6 -94.432
11125.2 -80.1127 11192 -116.562
11138.9 -57.9828 11205.4 -95.7337
11151.5 -63.1898 11220.3 -121.769
11166 -59.2846 11233.7 -108.751
11179.4 -41.06 11247.4 -142.597
11194.6 -52.7758 11261.2 -106.148
11207.8 -95.7337 11274.3 -108.751
11221.2 -91.8285 11288.9 -86.6215
11235.2 -91.8285 11302.9 -116.562
11249.5 -89.225 11316.9 -102.243
11262.9 -51.474 11328.8 -128.278
11276.6 -82.7162 11344.3 -112.657
11290 -82.7162 11358.6 -117.864
11305.5 -82.7162 11371.7 -91.8285
11318 -52.7758 11386 -95.7337
11331.8 -52.7758 11399.8 -85.3197
11346 -44.9653 11413.2 -149.106
11359.2 -77.5092 11426.9 -108.751
11373.2 -60.5863 11440.9 -73.6039
11387.5 -42.3617 11454.9 -68.3969
11401.5 -91.8285 11468.3 -97.0355
11415.2 -76.2074 11483.5 -91.8285
11427.2 -60.5863 11496.9 -89.225
11442.6 -69.6986 11510.4 -125.674
11456.6 -35.853 11523.5 -97.0355
11469.5 -63.1898 11538.7 -106.148
11483.2 -69.6986 11552.1 -100.941
11497.8 -43.6635 11566.1 -93.1302
11511.5 -77.5092 11579.2 -100.941
11525.5 -59.2846 11593.2 -56.6811
11538.4 -44.9653 11606.9 -99.639
11553.5 -84.0179 11620.4 -113.958
11566.1 -57.9828 11635.3 -108.751
11580.4 -55.3793 11648.1 -121.769
11593.8 -34.5512 11661.8 -97.0355
11608.4 -43.6635 11676.4 -97.0355
11622.1 -29.3442 11689.6 -98.3372
11635.3 -35.853 11703 -100.941
11649.3 -46.267 11718.8 -95.7337
11663.3 -16.3266 11732.2 -99.639
11677.6 -41.06 11744.4 -90.5267
11691.3 -64.4916 11759.9 -107.45
11704.7 -47.5688 11773 -121.769
11718.5 -38.4565 11787.4 -123.071
11732.5 -60.5863 11801.1 -85.3197
11746.2 -37.1547 11814.2 -123.071
11760.2 5.80321 11828.5 -94.432
11774.2 -26.7407 11842.8 -56.6811
11787.6 -12.4214 11856 -91.8285
11801.6 -63.1898 11870.3 -85.3197
11815.1 -59.2846 11882.8 -112.657
11828.5 -102.243 11898.3 -90.5267
11842 -50.1723 11911.7 -111.355
11856 -55.3793 11925.2 -90.5267
11870.6 -34.5512 11938.9 -117.864
11883.7 -54.0776 11953.8 -95.7337
11898.3 -30.646 11967.2 -84.0179
11912.3 -41.06 11980.6 -74.9056
11925.2 -50.1723 11994.7 -94.432
11939.5 -52.7758 12008.1 -97.0355
11953.2 -55.3793 12021.2 -111.355
11966 -77.5092 12036.4 -116.562
11980.9 -44.9653 12050.1 -89.225
11994.7 -47.5688 12063.6 -89.225
12008.1 -44.9653 12077.3 -106.148
12022.4 -42.3617 12091.9 -63.1898
12035.3 -34.5512 12105.9 -110.053
12050.4 -57.9828 12118.8 -81.4144
12064.7 -44.9653 12133.4 -99.639
12077.3 -64.4916 12147.1 -99.639
12090.7 -78.8109 12161.1 -98.3372
12104.8 -89.225 12174.6 -89.225
12118.2 -82.7162 12188.6 -89.225
12132.2 -46.267 12202.3 -82.7162
12145.9 -37.1547 12216 -112.657
12159.4 -31.9477 12229.8 -78.8109
12174.9 -39.7582 12244.1 -67.0951
12188.3 -81.4144 12257.5 -81.4144
12202.3 -77.5092 12271.8 -95.7337
12214.9 -81.4144 12285 -82.7162
12229.2 -143.899 12299 -71.0004
12242.9 -55.3793 12312.2 -107.45
12257.2 -56.6811 12326.8 -107.45
12270.4 -22.8354 12340.8 -67.0951
12285 -30.646 12354.5 -86.6215
12298.4 -42.3617 12368 -84.0179
12311.9 -54.0776 12382 -86.6215
12325.9 -28.0424 12395.7 -76.2074
12339.6 -57.9828 12409.4 -97.0355
12353.4 -64.4916 12424.1 -98.3372
12365.9 -65.7934 12437.2 -103.544
12381.1 -63.1898 12451 -74.9056
12394.8 -64.4916 12465 -74.9056
12409.2 -39.7582 12479.3 -61.8881
12422.3 -38.4565 12492.7 -47.5688
12435.2 -20.2319 12506.5 -59.2846
12451 -30.646 12520.5 -72.3021
12463.2 -37.1547 12533.6 -91.8285
12478.1 -73.6039 12548 -89.225
12491 -51.474 12561.7 -72.3021
12505.6 -50.1723 12575.5 -78.8109
12518.8 -39.7582 12590.1 -111.355
12531.6 -9.81786 12603.8 -93.1302
12545.9 -18.9302 12617.2 -74.9056
12561.1 21.4243 12631 -52.7758
12574.6 -9.81786 12644.7 -85.3197
12588 -13.7231 12659 -63.1898
12602.9 -29.3442 12672.8 -78.8109
12615.8 -18.9302 12687.1 -99.639
12628.6 -9.81786 12700.3 -107.45
12643 8.40672 12714.9 -90.5267
12657.3 -30.646 12727.7 -65.7934
12671 39.6489 12741.8 -81.4144
12685.4 0.596186 12756.7 -78.8109
12698.8 65.684 12770.4 -81.4144
12712.3 37.0453 12783.3 -102.243
12725.7 18.8208 12797.6 -95.7337
12739.7 14.9155 12810.5 -99.639
12753.2 -4.61084 12825.1 -82.7162
12768.4 22.726 12839.4 -86.6215
12781.5 26.6313 12852.6 -86.6215
12795.3 11.0102 12867.2 -61.8881
12808.4 55.2699 12880.7 -89.225
12822.2 80.0033 12894.4 -67.0951
12836.5 43.5541 12908.4 -77.5092
12850.5 78.7015 12921.9 -48.8705
12864 26.6313 12936.2 -73.6039
12878.6 33.1401 12950.3 -95.7337
12891.5 56.5717 12964 -95.7337
12904.6 52.6664 12977.8 -77.5092
12919.3 40.9506 12991.5 -102.243
12932.7 61.7787 13005.2 -76.2074
12947.3 63.0805 13018.1 -39.7582
12960.5 85.2103 13033 -94.432
12974.8 80.0033 13046.5 -59.2846
12988.3 86.5121 13061.4 -56.6811
13002.9 56.5717 13074.6 -50.1723
13015.5 98.2279 13088.3 -39.7582
13030.1 69.5892 13102.7 -60.5863
13042.7 50.0629 13115.8 -52.7758
13057.6 86.5121 13129.6 -61.8881
13071.1 81.305 13143.9 -78.8109
13084.5 130.772 13157.9 -76.2074
13098.5 151.6 13171.1 -43.6635
13112.3 164.617 13185.1 -16.3266
13126 108.642 13198.9 -39.7582
13139.5 146.393 13213.2 -7.21435
13154.1 129.47 13227 8.40672
13167.9 129.47 13241 -5.91259
13181.9 104.737 13255.6 -56.6811
13195.1 103.435 13268.2 -34.5512
13208.8 159.41 13282.3 -18.9302
13221.7 156.807 13296 -50.1723
13236.9 171.126 13309.8 -26.7407
13250.1 151.6 13324.1 16.2173
13264.7 171.126 13337.9 3.1997
13277.6 176.333 13352.2 47.4594
13291.9 198.463 13366 44.8559
13304.8 169.824 13379.1 8.40672
13319.1 159.41 13393.2 -5.91259
13333.5 162.014 13407.2 -12.4214
13347.2 189.351 13421.3 3.1997
13361.3 212.782 13435 52.6664
13374.5 254.439 13449.1 52.6664
13388.5 267.456 13462.8 70.891
13402 233.61 13476.6 82.6068
13416.3 232.309 13490.6 66.9857
13430.1 204.972 13504.4 90.4173
13444.4 214.084 13518.2 73.4945
13457.3 233.61 13532.5 34.4418
13471.9 245.326 13545.7 43.5541
13485.1 232.309 13559.4 52.6664
13498.8 258.344 13573.5 98.2279
13512.3 276.568 13587.5 115.151
13526.6 288.284 13601.9 156.807
13540.7 310.414 13615 128.168
13554.7 305.207 13628.8 117.754
13568.5 276.568 13643.4 137.281
13581.7 302.604 13657.8 100.831
13595.1 309.112 13670.9 146.393
13609.2 289.586 13684.4 124.263
13623.5 297.397 13698.8 167.221
13636.4 357.277 13711.9 167.221
13650.8 367.691 13726.6 225.8
13664.5 382.011 13740.6 225.8
13678.3 370.295 13754.1 231.007
13691.7 380.709 13768.4 228.403
13705.8 354.674 13782.5 206.274
13719.3 362.484 13795.4 221.895
13733.6 376.804 13809.4 233.61
13747.1 402.839 13823.5 251.835
13760.3 418.46 13838.1 327.337
13775.2 427.572 13853.1 326.035
13788.6 423.667 13865.7 339.053
13802.1 477.039 13881.5 346.863
13816.2 479.642 13893.8 362.484
13831.1 457.512 13898.5 367.691
13843.4 422.365 13885 361.182
13858.3 405.442 13871.8 379.407
