7014.75 -173.839 7028.53 -166.029
7005.37 -95.7337 7042.31 -167.33
7001.26 -111.355 7055.5 -133.485
7009.18 -102.243 7069.28 -182.951
7021.2 -116.562 7083.64 -206.383
7035.27 -97.0355 7098.29 -199.874
7049.05 -113.958 7111.19 -199.874
7063.41 -91.8285 7124.67 -169.934
7077.19 -85.3197 7138.74 -173.839
7091.26 -100.941 7152.81 -179.046
7105.33 -95.7337 7166.59 -149.106
7118.23 -99.639 7180.07 -188.158
7133.47 -116.562 7193.84 -149.106
7146.66 -104.846 7207.61 -134.786
7161.31 -119.165 7221.09 -160.822
7174.79 -102.243 7236.33 -168.632
7188.56 -113.958 7249.22 -195.969
7202.05 -126.976 7262.99 -151.709
7216.11 -121.769 7276.76 -177.744
7230.47 -107.45 7290.24 -168.632
7243.36 -95.7337 7305.18 -175.141
7258.01 -98.3372 7318.07 -156.916
7271.49 -102.243 7332.43 -158.218
7285.55 -102.243 7345.61 -197.271
7299.62 -72.3021 7359.96 -202.478
7313.39 -103.544 7373.15 -159.52
7326.57 -90.5267 7386.91 -168.632
7340.92 -136.088 7401.27 -184.253
7354.69 -71.0004 7415.32 -199.874
7369.05 -94.432 7429.38 -207.685
7381.93 -65.7934 7443.73 -158.218
7395.11 -85.3197 7456.33 -179.046
7410.35 -65.7934 7469.51 -158.218
7424.4 -91.8285 7484.73 -147.804
7437.29 -86.6215 7498.5 -138.692
7450.76 -91.8285 7511.38 -168.632
7465.99 -107.45 7526.32 -158.218
7479.17 -65.7934 7539.49 -202.478
7492.35 -117.864 7552.96 -167.33
7506.7 -111.355 7567.89 -162.123
7520.17 -76.2074 7580.77 -146.502
7533.93 -94.432 7594.83 -155.615
7548.57 -54.0776 7608.3 -181.65
7562.04 -93.1302 7622.93 -163.425
7576.38 -134.786 7636.69 -192.064
7590.14 -110.053 7650.45 -179.046
7603.03 -81.4144 7663.91 -179.046
7616.79 -90.5267 7678.26 -147.804
7631.13 -80.1127 7692.01 -116.562
7645.18 -68.3969 7705.19 -156.916
7658.65 -85.3197 7720.7 -160.822
7672.4 -93.1302 7733.28 -159.52
7686.75 -85.3197 7748.21 -147.804
7699.63 -107.45 7760.5 -146.502
7713.67 -100.941 7774.84 -156.916
7728.31 -117.864 7789.18 -177.744
7741.77 -91.8285 7802.35 -168.632
7755.82 -90.5267 7816.98 -158.218
7770.16 -56.6811 7830.44 -188.158
7782.16 -56.6811 7845.36 -132.183
7797.08 -98.3372 7857.94 -133.485
7810.54 -67.0951 7871.99 -117.864
7824.59 -117.864 7885.74 -137.39
7839.22 -112.657 7899.78 -143.899
7852.38 -99.639 7912.95 -166.029
7866.14 -123.071 7926.4 -164.727
7880.76 -112.657 7941.03 -168.632
7893.64 -95.7337 7954.49 -164.727
7908.27 -100.941 7968.82 -123.071
7922.02 -81.4144 7982.86 -145.2
7935.76 -72.3021 7997.19 -155.615
7948.93 -60.5863 8009.77 -99.639
7962.68 -56.6811 8023.81 -115.26
7976.42 -82.7162 8037.26 -107.45
7989.88 -119.165 8051.3 -117.864
8004.5 -123.071 8064.75 -162.123
8018.54 -115.26 8078.79 -153.011
8032 -89.225 8092.53 -177.744
8046.03 -111.355 8106.57 -112.657
8060.07 -90.5267 8120.9 -149.106
8073.53 -98.3372 8134.64 -151.709
8087.27 -73.6039 8148.09 -110.053
8101.6 -87.9232 8161.54 -138.692
8114.76 -102.243 8176.16 -146.502
8127.92 -103.544 8189.61 -134.786
8142.25 -97.0355 8203.06 -123.071
8157.16 -86.6215 8218.85 -106.148
8170.32 -74.9056 8230.84 -141.295
8183.76 -89.225 8244.28 -167.33
8197.51 -82.7162 8258.9 -147.804
8211.54 -78.8109 8273.22 -126.976
8225.28 -76.2074 8286.09 -130.881
8239.31 -90.5267 8300.7 -124.372
8252.18 -99.639 8313.85 -115.26
8266.5 -110.053 8327.3 -124.372
8280.82 -73.6039 8341.91 -143.899
8293.98 -67.0951 8355.65 -145.2
8307.72 -98.3372 8369.68 -158.218
8322.04 -77.5092 8383.71 -150.407
8335.78 -51.474 8398.03 -130.881
8349.51 -87.9232 8411.47 -117.864
8362.37 -97.0355 8424.62 -121.769
8377.28 -97.0355 8438.65 -100.941
8390.43 -73.6039 8452.97 -121.769
8404.75 -91.8285 8466.41 -151.709
8418.78 -116.562 8479.85 -164.727
8432.22 -89.225 8493.58 -103.544
8445.66 -97.0355 8508.19 -147.804
8460.57 -98.3372 8521.34 -167.33
8474.59 -89.225 8535.66 -150.407
8488.03 -104.846 8549.39 -121.769
8501.18 -78.8109 8563.12 -142.597
8515.5 -80.1127 8576.85 -74.9056
8529.23 -99.639 8590.87 -124.372
8543.55 -106.148 8604.02 -143.899
8557.86 -97.0355 8618.92 -124.372
8571.3 -77.5092 8632.94 -158.218
8584.45 -102.243 8646.38 -146.502
8598.18 -107.45 8659.82 -94.432
8612.2 -74.9056 8672.96 -136.088
8625.93 -97.0355 8687.56 -110.053
8639.66 -73.6039 8701.88 -136.088
8653.68 -97.0355 8715.31 -139.993
8667.99 -85.3197 8729.04 -107.45
8681.43 -104.846 8742.18 -146.502
8693.7 -111.355 8756.78 -129.579
8709.18 -134.786 8770.8 -120.467
8722.61 -97.0355 8784.24 -82.7162
8736.34 -89.225 8798.26 -106.148
8750.65 -111.355 8811.69 -115.26
8763.5 -93.1302 8825.41 -119.165
8777.23 -91.8285 8840.31 -99.639
8790.95 -89.225 8853.45 -121.769
8805.56 -52.7758 8867.46 -136.088
8819.28 -93.1302 8881.19 -153.011
8833.01 -99.639 8895.5 -139.993
8846.73 -89.225 8908.34 -116.562
8860.75 -74.9056 8923.23 -121.769
8874.76 -73.6039 8936.37 -123.071
8888.78 -77.5092 8950.1 -111.355
8901.63 -90.5267 8964.4 -76.2074
8915.06 -71.0004 8977.83 -107.45
8929.37 -81.4144 8991.26 -108.751
8943.38 -81.4144 9005.57 -126.976
8956.52 -84.0179 9019.29 -153.011
8970.53 -99.639 9033.59 -100.941
8985.42 -86.6215 9046.44 -115.26
8999.43 -78.8109 9061.32 -112.657
9012.57 -97.0355 9074.46 -100.941
9026 -102.243 9089.64 -132.183
9039.72 -68.3969 9103.07 -80.1127
9054.61 -111.355 9117.08 -116.562
9067.45 -81.4144 9130.8 -130.881
9082.34 -69.6986 9143.93 -113.958
9094.89 -80.1127 9158.23 -126.976
9109.2 -68.3969 9171.95 -125.674
9122.92 -98.3372 9184.79 -115.26
9136.34 -95.7337 9199.39 -113.958
9150.35 -90.5267 9213.1 -111.355
9164.07 -63.1898 9227.4 -80.1127
9178.37 -50.1723 9241.12 -119.165
9191.8 -63.1898 9254.55 -112.657
9205.23 -102.243 9268.26 -111.355
9219.82 -98.3372 9283.14 -149.106
9233.53 -80.1127 9297.15 -139.993
9248.13 -84.0179 9310 -143.899
9260.97 -94.432 9324.88 -115.26
9274.39 -100.941 9336.84 -97.0355
9288.69 -65.7934 9351.43 -126.976
9302.99 -93.1302 9365.44 -91.8285
9316.41 -65.7934 9378.86 -98.3372
9330.13 -91.8285 9393.45 -138.692
9344.72 -94.432 9407.17 -134.786
9358.44 -82.7162 9421.17 -134.786
9372.15 -86.6215 9434.89 -137.39
9385.28 -90.5267 9449.48 -124.372
9399.29 -100.941 9462.02 -150.407
9412.42 -97.0355 9477.19 -110.053
9426.72 -76.2074 9490.03 -111.355
9441.31 -59.2846 9504.62 -116.562
9455.02 -93.1302 9517.75 -119.165
9467.86 -61.8881 9531.46 -120.467
9481.57 -81.4144 9545.18 -134.786
9495.58 -104.846 9558.59 -145.2
9509.58 -55.3793 9572.89 -106.148
9523.29 -95.7337 9586.89 -126.976
9537.59 -99.639 9600.9 -124.372
9551.88 -80.1127 9614.03 -107.45
9564.72 -54.0776 9628.61 -69.6986
9579.6 -60.5863 9642.03 -107.45
9592.44 -61.8881 9656.03 -130.881
9605.27 -77.5092 9670.33 -133.485
9620.74 -84.0179 9683.17 -141.295
9634.16 -99.639 9698.04 -98.3372
9647.58 -93.1302 9711.75 -139.993
9661.87 -108.751 9724.59 -86.6215
9675 -116.562 9739.17 -116.562
9689.29 -51.474 9752.59 -119.165
9703 -97.0355 9766.89 -129.579
9716.71 -76.2074 9780.89 -102.243
9730.72 -55.3793 9794.6 -116.562
9745.59 -56.6811 9808.6 -141.295
9758.14 -41.06 9821.43 -98.3372
9772.43 -67.0951 9836.6 -128.278
9786.14 -86.6215 9850.6 -121.769
9799.56 -71.0004 9863.73 -134.786
9813.85 -76.2074 9877.44 -112.657
9827.85 -72.3021 9890.56 -103.544
9840.39 -99.639 9905.15 -159.52
9854.98 -113.958 9918.56 -113.958
9868.98 -84.0179 9932.56 -117.864
9882.1 -82.7162 9946.56 -126.976
9895.81 -100.941 9960.57 -129.579
9909.52 -80.1127 9974.27 -99.639
9924.69 -91.8285 9988.27 -102.243
9936.65 -72.3021 10001.7 -99.639
9951.52 -91.8285 10016.6 -93.1302
9964.94 -51.474 10028.8 -85.3197
9979.23 -63.1898 10044 -98.3372
9993.52 -99.639 10057.1 -128.278
10007.2 -104.846 10070.5 -97.0355
10019.8 -103.544 10085.1 -112.657
10033.5 -76.2074 10098.8 -132.183
10048.6 -89.225 10112.5 -113.958
10062.1 -69.6986 10126.5 -93.1302
10076.4 -82.7162 10140.2 -91.8285
10089.8 -81.4144 10154.8 -123.071
10103.5 -94.432 10167.6 -107.45
10118.1 -90.5267 10182.5 -128.278
10130.9 -90.5267 10195.3 -115.26
10144 -91.8285 10209.9 -145.2
10159.8 -103.544 10222.8 -132.183
10172.6 -97.0355 10237.6 -117.864
10185.4 -89.225 10250.8 -72.3021
10200.6 -89.225 10265.1 -113.958
10213.7 -94.432 10278.8 -121.769
10227.1 -63.1898 10291.9 -119.165
10242.3 -67.0951 10306.5 -113.958
10255.4 -102.243 10320.2 -120.467
10268.5 -82.7162 10333.9 -126.976
10283.1 -74.9056 10347.6 -111.355
10296.3 -68.3969 10361.6 -113.958
10310.8 -97.0355 10375.6 -90.5267
10324.8 -93.1302 10389.9 -136.088
10338.5 -87.9232 10402.7 -107.45
10352 -80.1127 10417.6 -100.941
10365.4 -94.432 10430.7 -73.6039
10379.4 -77.5092 10443.8 -116.562
10392.8 -85.3197 10459 -110.053
10406.8 -87.9232 10472.4 -126.976
10421.7 -74.9056 10486.4 -124.372
10435.4 -80.1127 10500.4 -125.674
10448.2 -94.432 10513.5 -103.544
10462.2 -71.0004 10527.5 -125.674
10476.8 -107.45 10541.8 -97.0355
10489.9 -93.1302 10556.1 -94.432
10503.9 -94.432 10568.9 -111.355
10516.2 -73.6039 10583.5 -107.45
10531.3 -103.544 10596.9 -121.769
10545.6 -82.7162 10610.4 -160.822
10559 -74.9056 10624.1 -85.3197
10573 -31.9477 10638.1 -113.958
10586.4 -68.3969 10652.1 -106.148
10599.6 -82.7162 10664.9 -116.562
10615 -93.1302 10680.4 -100.941
10627.3 -91.8285 10693.8 -116.562
10641.3 -89.225 10706.9 -115.26
10656.4 -107.45 10721.2 -100.941
10670.1 -115.26 10735.5 -111.355
10683 -94.432 10749.5 -119.165
10696.1 -94.432 10762.6 -100.941
10711.3 -69.6986 10776.9 -128.278
10725 -76.2074 10790 -123.071
10737.5 -43.6635 10804 -112.657
10751.5 -100.941 10818.6 -97.0355
10765.8 -71.0004 10831.7 -108.751
10779.8 -121.769 10845.7 -162.123
10793.5 -104.846 10860.3 -146.502
10807.5 -90.5267 10873.4 -117.864
10820.9 -61.8881 10887.7 -133.485
10834.9 -73.6039 10901.5 -115.26
10848.1 -86.6215 10915.5 -132.183
10862.6 -64.4916 10928.6 -120.467
10876.1 -74.9056 10942.3 -120.467
10890.1 -71.0004 10956.6 -143.899
10903.8 -94.432 10971.2 -115.26
10917.5 -82.7162 10984.3 -97.0355
10932.4 -80.1127 10997.1 -151.709
10944.6 -89.225 11011.1 -112.657
10959.5 -61.8881 11025.7 -115.26
10973.5 -106.148 11039.1 -116.562
10986.9 -81.4144 11053.4 -97.0355
11000.3 -74.9056 11067.7 -120.467
11014.6 -81.4144 11081.1 -95.7337
11028.3 -89.225 11094.8 -128.278
11042.3 -76.2074 11108.9 -91.8285
11055.5 -115.26 11123.7 -136.088
11069.8 -91.8285 11136.3 -117.864
11083.8 -112.657 11150.9 -113.958
11096.9 -103.544 11164.3 -100.941
11111.2 -98.3372 11177.7 -124.372
11124.6 -94.432 11191.4 -132.183
11139.2 -78.8109 11205.4 -151.709
11152 -59.2846 11219.4 -141.295
11165.7 -119.165 11233.7 -160.822
11179.8 -74.9056 11247.4 -147.804
11193.8 -98.3372 11260.6 -141.295
11208 -108.751 11274.3 -143.899
11222 -113.958 11288.6 -142.597
11235.8 -86.6215 11302.9 -137.39
11248.9 -95.7337 11316.3 -126.976
11262.6 -64.4916 11330.6 -136.088
11276.9 -76.2074 11344 -158.218
11290.6 -78.8109 11358 -125.674
11304.6 -90.5267 11371.7 -160.822
11318.3 -93.1302 11385.2 -150.407
11332.3 -77.5092 11399.2 -115.26
11346.3 -115.26 11413.5 -150.407
11358.9 -119.165 11426.9 -100.941
11373.5 -86.6215 11441.2 -130.881
11388.1 -65.7934 11454.6 -138.692
11401.8 -69.6986 11468.3 -153.011
11414.3 -57.9828 11482.3 -137.39
11428.1 -60.5863 11496.6 -189.46
11443.2 -82.7162 11510.4 -133.485
11456.4 -87.9232 11524.1 -136.088
11470.1 -89.225 11537.8 -158.218
11483.5 -108.751 11551.5 -138.692
11499 -93.1302 11566.1 -97.0355
11511.2 -110.053 11579.5 -119.165
11524.1 -94.432 11592.9 -147.804
11538.7 -94.432 11606.1 -147.804
11552.4 -69.6986 11620.7 -163.425
11567 -50.1723 11635.3 -113.958
11580.1 -22.8354 11648.4 -147.804
11594.4 -98.3372 11662.4 -126.976
11609 -139.993 11675.8 -137.39
11621.8 -71.0004 11689.9 -113.958
11636.4 -97.0355 11704.1 -121.769
11649 -89.225 11717.9 -162.123
11663 -69.6986 11732.2 -104.846
11677 -57.9828 11745.3 -136.088
11691.6 -73.6039 11758.7 -111.355
11704.1 -74.9056 11773 -128.278
11718.8 -99.639 11786.8 -136.088
11732.8 -95.7337 11800.8 -154.313
11746.2 -68.3969 11814.5 -147.804
11760.2 -91.8285 11828.5 -133.485
11773.3 -67.0951 11842.5 -116.562
11787.1 -71.0004 11855.4 -129.579
11801.6 -56.6811 11870.3 -94.432
11815.1 -65.7934 11884 -130.881
11829.1 -89.225 11898 -145.2
11842.8 -67.0951 11911.7 -137.39
11856.5 -86.6215 11924 -119.165
11870.9 -113.958 11938.9 -119.165
11884.3 -86.6215 11952.3 -121.769
11898 -98.3372 11967.2 -139.993
11911.1 -93.1302 11980.6 -120.467
11926 -67.0951 11994.4 -108.751
11939.2 -50.1723 12009 -78.8109
11952.9 -76.2074 12022.1 -100.941
11966.3 -60.5863 12036.1 -116.562
11981.2 -38.4565 12049.8 -116.562
11994.1 -73.6039 12064.2 -119.165
12008.7 -111.355 12078.2 -155.615
12021.5 -91.8285 12091.3 -134.786
12035.5 -110.053 12104.8 -137.39
12050.1 -82.7162 12119.4 -134.786
12063.3 -72.3021 12132.8 -111.355
12077 -60.5863 12146.8 -112.657
12090.4 -46.267 12160 -102.243
12104.5 -73.6039 12175.4 -93.1302
12118.8 -63.1898 12189.2 -120.467
12132.5 -111.355 12202 -156.916
12146.5 -89.225 12216 -113.958
12159.7 -115.26 12230.1 -160.822
12173.4 -125.674 12243.5 -128.278
12188.6 -86.6215 12257.5 -121.769
12201.4 -73.6039 12271.5 -110.053
12215.2 -61.8881 12285.3 -117.864
12229.5 -52.7758 12299.3 -117.864
12243.5 -59.2846 12312.5 -104.846
12256.1 -106.148 12327.6 -132.183
12270.4 -106.148 12340.5 -102.243
12284.7 -128.278 12354.2 -142.597
12298.4 -112.657 12368 -128.278
12312.5 -55.3793 12382.9 -150.407
12325.9 -80.1127 12396.3 -115.26
12339.6 -87.9232 12409.8 -164.727
12353.6 -78.8109 12423.2 -132.183
12367.7 -35.853 12437.5 -123.071
12381.1 -89.225 12450.4 -121.769
12395.1 -98.3372 12465.6 -159.52
12408.6 -84.0179 12479 -104.846
12422.9 -100.941 12491.6 -129.579
12436.6 -97.0355 12506.8 -120.467
12449.8 -82.7162 12520.5 -129.579
12464.1 -91.8285 12534.2 -117.864
12477.5 -82.7162 12548.3 -130.881
12491.9 -52.7758 12562.3 -141.295
12505.3 -67.0951 12575.5 -112.657
12519.3 -56.6811 12590.4 -125.674
12532.5 -89.225 12604.1 -117.864
12546.8 -93.1302 12618.1 -110.053
12560 -86.6215 12630.7 -154.313
12574.3 -87.9232 12645.3 -125.674
12587.7 -106.148 12659.3 -130.881
12602.3 -86.6215 12673.4 -130.881
12616.1 -48.8705 12686.2 -125.674
12629.2 -30.646 12700.9 -151.709
12643.5 -47.5688 12714.9 -129.579
12655.8 -61.8881 12728.6 -132.183
12670.7 -93.1302 12742.6 -153.011
12684.5 -86.6215 12756.4 -111.355
12698.2 -120.467 12769.8 -132.183
12712.3 -67.0951 12783 -129.579
12725.1 -102.243 12797.6 -163.425
12740 -63.1898 12811.4 -119.165
12754.9 -44.9653 12824.5 -132.183
12767.8 -57.9828 12838 -113.958
12781.2 -67.0951 12853.2 -164.727
12795 -78.8109 12867.5 -146.502
12808.1 -82.7162 12881.3 -120.467
12822.8 -63.1898 12894.7 -106.148
12835.3 -65.7934 12908.1 -138.692
12849.7 -97.0355 12922.5 -104.846
12864 -28.0424 12936.5 -116.562
12878 -48.8705 12949.4 -98.3372
12892.6 -21.5337 12963.7 -103.544
12905.5 -37.1547 12977.8 -110.053
12919 -55.3793 12991.8 -129.579
12933.9 -85.3197 13005.2 -72.3021
12946.2 -82.7162 13019.3 -103.544
12959.9 -100.941 13033.6 -155.615
12974.8 -54.0776 13047.1 -154.313
12988.3 -57.9828 13061.1 -137.39
13001.7 -74.9056 13074.9 -117.864
13016.1 1.89794 13088.6 -119.165
13029.8 -56.6811 13101.8 -125.674
13043.3 11.0102 13116.7 -115.26
13057.3 -50.1723 13130.4 -95.7337
13071.4 -73.6039 13143.6 -167.33
13084.5 -43.6635 13157.6 -123.071
13098 -86.6215 13171.7 -134.786
13112.3 -50.1723 13185.4 -145.2
13125.5 -61.8881 13199.5 -149.106
13140.1 16.2173 13212.9 -130.881
13153.5 -12.4214 13227.6 -158.218
13168.2 16.2173 13241 -155.615
13180.8 3.1997 13254.8 -130.881
13195.4 1.89794 13268.8 -137.39
13209.4 7.10496 13281.7 -130.881
13222.3 -25.4389 13296.3 -154.313
13237.5 -55.3793 13310.1 -134.786
13250.4 -2.00733 13323.5 -130.881
13264.4 -35.853 13337.9 -159.52
13277.9 3.1997 13351.9 -113.958
13292.5 22.726 13366 -142.597
13305.4 34.4418 13379.7 -106.148
13319.4 51.3647 13394.1 -99.639
13333.5 52.6664 13407.2 -99.639
13347.8 29.2348 13420.4 -107.45
13360.7 27.9331 13435 -72.3021
13375.3 60.4769 13448.8 -90.5267
13389.4 12.312 13463.1 -77.5092
13402.3 7.10496 13476 -73.6039
13415.1 69.5892 13490.3 -107.45
13429.8 61.7787 13504.7 -82.7162
13443.8 96.9261 13518.2 -94.432
13457.9 91.7191 13531.6 -76.2074
13471.3 99.5296 13546.8 -106.148
13485.7 158.109 13559.4 -31.9477
13498.8 132.074 13573.2 -84.0179
13513.2 126.866 13587.2 -56.6811
13526.1 109.944 13601.9 -41.06
13539.5 74.7963 13615.3 -15.0249
13554.4 89.1156 13628.8 -12.4214
13568.5 129.47 13643.1 -30.646
13582.5 158.109 13657.5 -42.3617
13594.8 182.842 13670.4 12.312
13608.9 198.463 13685.3 0.596186
13623.2 232.309 13698.8 9.70847
13637 204.972 13711.7 -16.3266
13650.8 168.523 13726.3 16.2173
13664.5 204.972 13740.9 38.3471
13678.9 171.126 13754.4 51.3647
13692.3 164.617 13767.9 55.2699
13705.8 152.902 13782.2 50.0629
13720.1 165.919 13796.3 47.4594
13732.7 191.954 13810.3 69.5892
13747.4 247.93 13824.4 85.2103
13760.8 263.551 13838.1 53.9682
13774.9 273.965 13852.2 111.245
13788.4 272.663 13866.8 112.547
13802.4 271.361 13880.9 151.6
13816.2 258.344 13893.2 182.842
13829.9 216.688 13899 165.919
13844 216.688 13884.7 185.445
13857.8 202.368 13871.5 206.274
