7013.58 -98.3372 7028.82 -113.958
7005.37 -54.0776 7041.72 -89.225
7001.26 -34.5512 7055.79 -84.0179
7008.3 -44.9653 7070.74 -76.2074
7021.49 -51.474 7083.34 -87.9232
7035.56 -30.646 7098 -73.6039
7049.63 -42.3617 7110.9 -59.2846
7063.41 -80.1127 7124.97 -89.225
7077.48 -37.1547 7138.45 -67.0951
7091.26 -54.0776 7153.4 -102.243
7104.74 -86.6215 7166.59 -104.846
7119.4 -54.0776 7179.77 -91.8285
7133.47 -42.3617 7193.84 -103.544
7146.66 -38.4565 7207.61 -90.5267
7160.43 -37.1547 7221.09 -94.432
7175.08 -68.3969 7235.45 -52.7758
7187.69 -69.6986 7250.1 -98.3372
7202.05 -103.544 7262.11 -86.6215
7216.11 -65.7934 7277.35 -104.846
7230.47 -46.267 7291.41 -69.6986
7243.07 -61.8881 7304.01 -91.8285
7258.01 -41.06 7318.66 -106.148
7271.49 -20.2319 7331.55 -91.8285
7284.67 -68.3969 7346.78 -102.243
7297.86 -59.2846 7359.67 -113.958
7313.09 -46.267 7373.44 -87.9232
7326.28 -56.6811 7388.08 -90.5267
7340.63 -48.8705 7400.39 -50.1723
7354.4 -31.9477 7415.62 -47.5688
7368.75 -43.6635 7428.8 -91.8285
7381.93 -35.853 7442.56 -74.9056
7397.16 -60.5863 7456.91 -82.7162
7409.76 -54.0776 7470.97 -94.432
7424.7 -68.3969 7485.32 -90.5267
7436.7 -67.0951 7497.91 -54.0776
7451.64 -104.846 7512.26 -84.0179
7464.53 -43.6635 7525.73 -85.3197
7478.58 -56.6811 7540.66 -68.3969
7492.64 -38.4565 7553.84 -76.2074
7506.99 -37.1547 7567.6 -93.1302
7520.46 -30.646 7581.36 -77.5092
7534.51 -9.81786 7594.54 -65.7934
7548.28 -47.5688 7608.3 -97.0355
7562.04 -42.3617 7622.64 -73.6039
7575.51 -48.8705 7636.98 -87.9232
7590.14 -44.9653 7651.04 -65.7934
7603.03 -84.0179 7663.62 -42.3617
7617.08 -50.1723 7677.97 -81.4144
7631.13 -37.1547 7691.14 -110.053
7645.47 -18.9302 7706.06 -72.3021
7658.65 -11.1196 7720.11 -61.8881
7672.7 -64.4916 7732.99 -86.6215
7686.45 -48.8705 7748.21 -94.432
7700.5 -65.7934 7761.38 -81.4144
7713.67 -43.6635 7775.13 -85.3197
7727.72 -46.267 7788.3 -73.6039
7741.48 -97.0355 7802.35 -68.3969
7754.94 -71.0004 7816.1 -73.6039
7769.28 -48.8705 7830.73 -43.6635
7783.33 -22.8354 7843.31 -91.8285
7797.37 -22.8354 7858.53 -93.1302
7810.25 -35.853 7871.69 -82.7162
7824.29 -39.7582 7884.86 -68.3969
7838.63 -54.0776 7899.78 -48.8705
7852.68 -56.6811 7913.24 -68.3969
7866.14 -46.267 7926.4 -106.148
7880.18 -73.6039 7941.03 -61.8881
7893.35 -80.1127 7955.07 -64.4916
7907.39 -51.474 7968.23 -44.9653
7922.02 -38.4565 7981.98 -89.225
7935.18 -38.4565 7996.02 -82.7162
7949.81 -51.474 8009.48 -104.846
7962.97 -30.646 8023.81 -69.6986
7976.72 -44.9653 8038.43 -74.9056
7990.17 -31.9477 8051.89 -103.544
8003.63 -48.8705 8065.34 -91.8285
8018.84 -69.6986 8078.5 -78.8109
8032 -63.1898 8092.53 -80.1127
8045.16 -81.4144 8106.57 -65.7934
8059.49 -52.7758 8121.19 -73.6039
8072.94 -51.474 8134.94 -46.267
8087.86 -63.1898 8148.39 -74.9056
8101.02 -33.2495 8162.42 -56.6811
8115.05 -59.2846 8176.16 -73.6039
8129.67 -47.5688 8189.03 -80.1127
8142.25 -39.7582 8203.94 -76.2074
8155.11 -34.5512 8217.1 -89.225
8170.02 -52.7758 8232 -93.1302
8183.76 -69.6986 8244.87 -67.0951
8197.51 -38.4565 8258.9 -67.0951
8210.95 -51.474 8272.35 -52.7758
8225.86 -41.06 8285.79 -34.5512
8239.02 -17.6284 8300.7 -74.9056
8253.64 -12.4214 8314.15 -72.3021
8266.21 -42.3617 8327.59 -47.5688
8280.82 -57.9828 8341.33 -102.243
8294.56 -42.3617 8355.94 -116.562
8308.01 -74.9056 8368.8 -76.2074
8321.16 -50.1723 8384 -72.3021
8335.48 -59.2846 8396.86 -80.1127
8350.39 -54.0776 8411.47 -43.6635
8362.96 -60.5863 8424.62 -37.1547
8376.69 -37.1547 8438.36 -24.1372
8391.31 -28.0424 8451.8 -89.225
8404.17 -51.474 8466.7 -71.0004
8419.65 -29.3442 8479.85 -60.5863
8433.1 -25.4389 8495.04 -65.7934
8446.25 -41.06 8507.9 -78.8109
8460.27 -25.4389 8521.64 -80.1127
8474.59 -68.3969 8535.37 -59.2846
8487.16 -50.1723 8550.27 -81.4144
8502.35 -57.9828 8563.12 -46.267
8516.37 -78.8109 8576.56 -71.0004
8528.65 -64.4916 8590.87 -47.5688
8542.67 -42.3617 8604.9 -55.3793
8556.4 -21.5337 8619.21 -65.7934
8570.42 -31.9477 8632.06 -65.7934
8584.16 -47.5688 8646.67 -63.1898
8598.76 -7.21435 8659.52 -78.8109
8612.49 -61.8881 8673.55 -82.7162
8625.64 -57.9828 8687.56 -94.432
8639.66 -69.6986 8701.88 -56.6811
8653.68 -63.1898 8715.02 -47.5688
8667.7 -43.6635 8729.33 -80.1127
8681.43 -39.7582 8743.06 -22.8354
8695.74 -55.3793 8756.49 -59.2846
8708.6 -61.8881 8770.22 -74.9056
8722.91 -59.2846 8785.41 -89.225
8736.34 -52.7758 8797.96 -64.4916
8749.78 -41.06 8811.4 -72.3021
8764.09 -56.6811 8826 -112.657
8777.81 -39.7582 8840.31 -91.8285
8790.95 -47.5688 8853.45 -69.6986
8805.27 -56.6811 8867.46 -57.9828
8819.28 -51.474 8880.9 -51.474
8833.59 -48.8705 8895.2 -59.2846
8846.73 -65.7934 8908.93 -73.6039
8860.16 -50.1723 8923.53 -55.3793
8873.6 -34.5512 8936.37 -74.9056
8888.49 -61.8881 8950.1 -52.7758
8902.5 -30.646 8964.69 -76.2074
8916.23 -44.9653 8979 -56.6811
8929.95 -52.7758 8990.68 -39.7582
8943.38 -39.7582 9006.15 -56.6811
8957.98 -41.06 9019.58 -72.3021
8971.12 -44.9653 9033.59 -24.1372
8985.42 -73.6039 9047.31 -55.3793
8998.85 -56.6811 9061.61 -64.4916
9012.28 -42.3617 9074.46 -64.4916
9026.58 -31.9477 9089.06 -54.0776
9040.89 -33.2495 9103.07 -77.5092
9053.73 -43.6635 9116.5 -99.639
9067.45 -28.0424 9130.8 -94.432
9082.63 -16.3266 9143.64 -46.267
9096.06 -41.06 9158.53 -50.1723
9109.2 -33.2495 9172.24 -77.5092
9123.21 -51.474 9185.38 -74.9056
9137.22 -42.3617 9199.39 -51.474
9150.94 -31.9477 9214.27 -72.3021
9164.95 -35.853 9227.4 -81.4144
9178.37 -9.81786 9240.83 -80.1127
9191.51 -44.9653 9255.13 -64.4916
9205.23 -57.9828 9268.26 -64.4916
9219.23 -46.267 9282.27 -77.5092
9233.53 -55.3793 9296.57 -61.8881
9247.54 -54.0776 9310.29 -48.8705
9261.55 -51.474 9323.71 -67.0951
9275.56 -60.5863 9337.72 -31.9477
9288.69 -31.9477 9351.14 -87.9232
9302.12 -67.0951 9366.31 -56.6811
9316.41 -59.2846 9379.15 -51.474
9329.55 -24.1372 9393.74 -64.4916
9344.72 -48.8705 9406.29 -38.4565
9358.14 -67.0951 9420.59 -68.3969
9372.15 -35.853 9434.89 -63.1898
9384.99 -69.6986 9449.18 -76.2074
9399 -56.6811 9462.02 -56.6811
9412.71 -52.7758 9476.9 -37.1547
9426.72 -87.9232 9490.32 -116.562
9440.14 -54.0776 9503.75 -57.9828
9454.43 -34.5512 9517.46 -89.225
9468.44 -37.1547 9531.46 -65.7934
9481.86 -39.7582 9545.18 -56.6811
9495.58 -63.1898 9558.89 -51.474
9509.29 -54.0776 9572.6 -95.7337
9523 -64.4916 9586.31 -69.6986
9537.01 -41.06 9600.32 -25.4389
9551.3 -64.4916 9614.61 -63.1898
9565.31 -69.6986 9628.32 -69.6986
9578.73 -46.267 9641.74 -51.474
9592.44 -25.4389 9656.62 -94.432
9605.86 -30.646 9669.75 -73.6039
9620.44 -42.3617 9682.87 -63.1898
9633.86 -20.2319 9698.04 -84.0179
9646.99 -21.5337 9711.75 -57.9828
9662.16 -47.5688 9724.59 -80.1127
9674.7 -60.5863 9739.17 -77.5092
9689.29 -41.06 9753.18 -57.9828
9703.59 -90.5267 9766.6 -87.9232
9717 -15.0249 9780.31 -74.9056
9730.42 -51.474 9793.14 -35.853
9743.84 -33.2495 9808.31 -74.9056
9757.84 -41.06 9822.31 -42.3617
9772.14 -69.6986 9836.02 -72.3021
9785.85 -63.1898 9850.02 -80.1127
9800.14 -41.06 9863.44 -60.5863
9812.68 -50.1723 9877.15 -74.9056
9827.85 -48.8705 9890.85 -102.243
9841.27 -59.2846 9906.02 -91.8285
9854.1 -51.474 9918.86 -72.3021
9868.69 -77.5092 9931.69 -57.9828
9882.98 -51.474 9946.85 -71.0004
9895.52 -77.5092 9958.81 -37.1547
9910.11 -25.4389 9974.86 -65.7934
9924.11 -31.9477 9987.69 -76.2074
9937.52 -76.2074 10001.7 -73.6039
9950.65 -37.1547 10016.6 -100.941
9965.81 -31.9477 10029.4 -76.2074
9979.23 -0.70557 10043.7 -106.148
9992.06 -65.7934 10057.1 -84.0179
10006.9 -56.6811 10070.2 -77.5092
10021.5 -38.4565 10085.7 -34.5512
10034.6 -29.3442 10099.1 -29.3442
10047.8 -65.7934 10112.2 -67.0951
10062.4 -59.2846 10126.5 -68.3969
10075.8 -42.3617 10141.1 -74.9056
10090.1 -37.1547 10154.5 -80.1127
10103.5 -52.7758 10167.6 -97.0355
10117.2 -42.3617 10181.6 -67.0951
10131.2 -39.7582 10195.3 -77.5092
10144.9 -94.432 10209.3 -100.941
10158.3 -39.7582 10223.9 -78.8109
10172.6 -64.4916 10237.3 -76.2074
10186.6 -57.9828 10250.8 -52.7758
10200 -64.4916 10264.8 -73.6039
10213.7 -48.8705 10279.3 -56.6811
10227.1 -34.5512 10292.8 -90.5267
10241.7 -28.0424 10306.2 -84.0179
10255.7 -34.5512 10320.5 -89.225
10268.8 -69.6986 10333.9 -80.1127
10282.3 -52.7758 10348.2 -54.0776
10296.8 -38.4565 10361.3 -59.2846
10310.3 -41.06 10375.6 -26.7407
10324 -56.6811 10389.3 -46.267
10337.4 -65.7934 10403.3 -93.1302
10351.7 -59.2846 10416.7 -55.3793
10366 -52.7758 10431.6 -77.5092
10379.7 -28.0424 10445 -100.941
10393.1 -64.4916 10457.8 -64.4916
10407.7 -47.5688 10472.4 -94.432
10421.7 -59.2846 10486.1 -51.474
10434.5 -35.853 10501 -82.7162
10448.5 -51.474 10514.4 -106.148
10461.3 -28.0424 10527.8 -57.9828
10476.8 -61.8881 10541 -85.3197
10490.2 -73.6039 10555.8 -38.4565
10503.9 -54.0776 10568.4 -98.3372
10517.6 -43.6635 10582.6 -61.8881
10531.3 -15.0249 10596.6 -76.2074
10544.4 -28.0424 10611.2 -102.243
10559.9 -52.7758 10623.8 -68.3969
10573 -61.8881 10638.9 -55.3793
10586.1 -77.5092 10651.8 -99.639
10600.1 -72.3021 10665.5 -56.6811
10615 -51.474 10679.5 -51.474
10627.6 -72.3021 10693.5 -69.6986
10641.6 -26.7407 10708.1 -64.4916
10655.9 -42.3617 10720.6 -87.9232
10670.1 -26.7407 10735.5 -81.4144
10683.3 -15.0249 10748.3 -72.3021
10697 -29.3442 10762.3 -86.6215
10711.6 -50.1723 10776.6 -67.0951
10724.4 -55.3793 10790.6 -84.0179
10739 -57.9828 10804.9 -77.5092
10752.1 -67.0951 10818.3 -86.6215
10766.4 -37.1547 10832 -64.4916
10780.4 -39.7582 10845.4 -60.5863
10794.1 -43.6635 10860.6 -48.8705
10807.8 -63.1898 10873.7 -76.2074
10821.2 -16.3266 10886.9 -102.243
10834.9 -35.853 10901.7 -57.9828
10849.5 -43.6635 10914.3 -104.846
10862.1 -65.7934 10929.2 -91.8285
10877.2 -87.9232 10942.3 -103.544
10890.1 -60.5863 10956.6 -113.958
10904.1 -18.9302 10970.3 -85.3197
10918.4 -67.0951 10983.7 -77.5092
10931.2 -35.853 10997.1 -86.6215
10945.8 -51.474 11011.4 -126.976
10958.9 8.40672 11026.6 -104.846
10973.5 -37.1547 11039.1 -139.993
10987.5 -52.7758 11053.7 -106.148
11001.2 -34.5512 11067.4 -116.562
11014.6 -51.474 11081.1 -80.1127
11028.9 -51.474 11094.6 -63.1898
11042 -54.0776 11108.9 -64.4916
11056.3 -76.2074 11122.6 -97.0355
11069.8 -44.9653 11137.1 -98.3372
11084.4 -42.3617 11150 -115.26
11097.5 -25.4389 11164.3 -91.8285
11110.9 -59.2846 11177.4 -128.278
11125.2 -29.3442 11192.9 -115.26
11138 -42.3617 11205.4 -86.6215
11153.2 -68.3969 11220 -80.1127
11166.3 -52.7758 11233.1 -81.4144
11180.6 -61.8881 11247.1 -34.5512
11194.6 -59.2846 11260.6 -76.2074
11207.8 -24.1372 11274.9 -106.148
11221.8 -33.2495 11288.6 -106.148
11235.5 -38.4565 11302.6 -106.148
11249.2 -46.267 11316 -76.2074
11262.9 -51.474 11329.7 -76.2074
11276 -76.2074 11343.4 -68.3969
11290.3 -51.474 11358.3 -52.7758
11304 -57.9828 11371.7 -25.4389
11318 -43.6635 11385.7 -64.4916
11331.8 -57.9828 11399.8 -78.8109
11346.6 -44.9653 11414.3 -72.3021
11360.1 -77.5092 11427.5 -110.053
11373.2 -63.1898 11440.3 -80.1127
11387.8 -38.4565 11454.6 -93.1302
11401.5 -46.267 11468.9 -84.0179
11415.2 -47.5688 11482.6 -72.3021
11428.3 -38.4565 11496.3 -69.6986
11442.3 -50.1723 11510 -89.225
11455.8 -44.9653 11524.1 -103.544
11468.9 -71.0004 11538.4 -91.8285
11485 -47.5688 11551.5 -89.225
11497.8 -47.5688 11565.8 -84.0179
11511.5 -60.5863 11579.5 -73.6039
11524.4 -68.3969 11592.9 -50.1723
11539.2 -80.1127 11607.5 -89.225
11553.5 -42.3617 11621.3 -56.6811
11566.4 -63.1898 11635.3 -56.6811
11581 -21.5337 11648.1 -89.225
11594.4 -35.853 11662.7 -46.267
11608.4 -25.4389 11676.1 -90.5267
11621.8 -63.1898 11691 -119.165
11636.1 -30.646 11703.9 -74.9056
11649.3 -81.4144 11718.2 -98.3372
11663.3 -46.267 11732.5 -76.2074
11678.2 -31.9477 11745 -73.6039
11691 -22.8354 11758.5 -35.853
11704.1 -57.9828 11773.3 -84.0179
11718.2 -17.6284 11786.5 -61.8881
11732.8 -9.81786 11801.1 -50.1723
11745.6 -20.2319 11814.5 -103.544
11759.6 -16.3266 11829.1 -81.4144
11773.9 1.89794 11842 -99.639
11786.8 -35.853 11856.3 -71.0004
11801.4 -56.6811 11869.7 -72.3021
11815.1 -39.7582 11883.4 -54.0776
11828.8 -39.7582 11897.7 -39.7582
11842.2 -67.0951 11911.4 -41.06
11856.5 -42.3617 11925.4 -73.6039
11870.3 -17.6284 11938.9 -64.4916
11883.1 -21.5337 11952.9 -93.1302
11898 -13.7231 11966.6 -136.088
11911.4 -4.61084 11980.4 -84.0179
11926 -44.9653 11994.1 -69.6986
11939.2 -48.8705 12009 -71.0004
11953.8 -46.267 12022.4 -71.0004
11967.5 -71.0004 12036.1 -78.8109
11981.2 -44.9653 12050.4 -54.0776
11994.1 -21.5337 12063.9 -63.1898
12009 1.89794 12077.6 -82.7162
12022.1 -8.5161 12091.3 -80.1127
12036.1 -18.9302 12105.1 -78.8109
12051 -18.9302 12118.8 -80.1127
12063.6 -41.06 12132.5 -124.372
12077.3 -41.06 12146.8 -65.7934
12090.7 -29.3442 12161.1 -44.9653
12105.1 -56.6811 12174.9 -55.3793
12118.2 -57.9828 12188.6 -37.1547
12132.8 -51.474 12202.6 -67.0951
12146.5 -21.5337 12216.3 -43.6635
12159.4 -16.3266 12229.8 -86.6215
12173.7 7.10496 12244.1 -81.4144
12188.3 11.0102 12258.1 -95.7337
12201.1 1.89794 12271.8 -100.941
12215.2 -16.3266 12284.7 -60.5863
12229.2 -8.5161 12298.4 -89.225
12244.1 -44.9653 12312.5 -78.8109
12256.6 -42.3617 12326.8 -80.1127
12270.4 -30.646 12340.5 -100.941
12284.7 -9.81786 12354.8 -104.846
12297.8 -26.7407 12368.3 -99.639
12311.6 -3.30908 12381.7 -91.8285
12326.5 -13.7231 12396 -106.148
12339.3 18.8208 12409.4 -102.243
12352.8 -24.1372 12423.2 -99.639
12367.1 -9.81786 12436.6 -99.639
12382.3 -22.8354 12451 -81.4144
12394 -51.474 12465 -69.6986
12409.8 -30.646 12479 -54.0776
12421.7 -48.8705 12492.5 -64.4916
12436.6 -17.6284 12506.8 -81.4144
12449.8 7.10496 12520.2 -85.3197
12464.1 11.0102 12534.2 -81.4144
12477.3 1.89794 12548 -90.5267
12491 -0.70557 12561.7 -71.0004
12504.7 9.70847 12575.7 -73.6039
12519.3 -18.9302 12590.1 -82.7162
12533.4 -0.70557 12604.1 -63.1898
12546.5 -12.4214 12616.9 -108.751
12560.8 5.80321 12631.9 -103.544
12574.6 20.1225 12644.7 -81.4144
12588.6 24.0278 12658.8 -106.148
12601.8 37.0453 12672.5 -111.355
12616.1 13.6137 12686.5 -106.148
12628.9 38.3471 12700.5 -93.1302
12643.5 12.312 12714.9 -98.3372
12657.6 17.519 12727.7 -80.1127
12671 40.9506 12741.5 -89.225
12683.9 -16.3266 12756.7 -78.8109
12698.2 -5.91259 12769.8 -64.4916
12712.3 7.10496 12783.9 -82.7162
12726.3 17.519 12797.6 -69.6986
12740 34.4418 12811.9 -77.5092
12754.1 65.684 12825.7 -76.2074
12768.4 82.6068 12839.1 -61.8881
12781 77.3998 12852.9 -54.0776
12795 40.9506 12867.2 -33.2495
12809 55.2699 12880.7 -74.9056
12822.8 46.1576 12895.3 -63.1898
12836.5 35.7436 12907 -55.3793
12850.5 35.7436 12922.5 -39.7582
12863.7 42.2524 12936.2 -69.6986
12878.3 99.5296 12950.3 -42.3617
12891.8 87.8138 12963.7 -61.8881
12907 90.4173 12978 -54.0776
12918.4 94.3226 12992.4 -39.7582
12933.3 77.3998 13005.2 -61.8881
12946.8 73.4945 13018.4 -57.9828
12960.5 52.6664 13032.7 -77.5092
12974.8 70.891 13046.5 -34.5512
12988.3 56.5717 13060.8 -51.474
13001.4 61.7787 13075.4 -5.91259
13016.1 66.9857 13088.3 -16.3266
13029.8 86.5121 13101.5 -35.853
13043 112.547 13116.1 -4.61084
13057.6 96.9261 13131 -9.81786
13071.9 117.754 13143.3 -29.3442
13084.8 111.245 13157.9 -47.5688
13097.7 111.245 13172 -22.8354
13113.5 121.659 13186 -37.1547
13126 133.375 13199.8 -33.2495
13140.1 106.038 13212.9 13.6137
13154.4 141.186 13227.6 20.1225
13167.9 162.014 13241 34.4418
13181.1 164.617 13254.2 5.80321
13195.1 173.73 13268.8 -4.61084
13209.1 181.54 13283.2 -41.06
13222.3 171.126 13296.6 -39.7582
13236.6 147.695 13309.8 -12.4214
13250.1 182.842 13324.4 -21.5337
13264.7 181.54 13337.9 13.6137
13277.6 169.824 13351.6 17.519
13292.2 163.316 13365.7 52.6664
13306 155.505 13379.4 48.7611
13320 197.161 13393.5 65.684
13332.6 191.954 13407.2 53.9682
13346.9 186.747 13420.7 27.9331
13359.8 227.102 13435 -28.0424
13374.5 259.646 13448.8 -21.5337
13388.5 259.646 13463.1 -8.5161
13402.8 267.456 13476.9 4.50145
13416.3 270.06 13490.3 47.4594
13430.1 236.214 13503.5 80.0033
13444.4 246.628 13517.9 93.0208
13456.7 207.575 13531 100.831
13471.3 268.758 13545.4 116.452
13484.8 267.456 13559.7 80.0033
13499.7 279.172 13574.4 77.3998
13512.3 319.526 13587.5 74.7963
13526.4 326.035 13601 87.8138
13539.5 339.053 13614.5 104.737
13553.9 352.07 13628.8 106.038
13568.5 315.621 13642.8 152.902
13581.4 293.491 13657.5 173.73
13595.4 331.242 13670.7 191.954
13609.2 306.509 13684.7 191.954
13623.5 313.018 13698.8 204.972
13636.4 350.768 13712.8 172.428
13650.8 328.639 13726.6 177.635
13664.5 366.39 13740 167.221
13678 391.123 13754.1 185.445
13691.7 401.537 13767 220.593
13706.1 396.33 13782.2 251.835
13719.8 432.779 13796 286.982
13733.9 418.46 13809.4 303.905
13747.1 401.537 13824.1 296.095
13761.1 413.253 13838.7 307.811
13774.3 391.123 13852.2 309.112
13788.6 414.554 13866.5 286.982
13803.6 457.512 13881.5 272.663
13815.6 434.081 13894.3 289.586
13829.1 479.642 13899.6 307.811
13843.7 509.583 13884.7 370.295
13858 451.004 13871.2 441.891
