7013.58 -208.986 7027.35 -175.141
7004.49 -125.674 7041.43 -167.33
7000.68 -90.5267 7055.5 -211.59
7010.06 -141.295 7069.86 -205.081
7020.9 -124.372 7084.23 -193.365
7036.44 -119.165 7097.71 -215.495
7049.93 -136.088 7111.48 -188.158
7063.7 -136.088 7124.09 -184.253
7077.78 -139.993 7138.45 -166.029
7091.26 -115.26 7152.81 -151.709
7105.04 -151.709 7166.88 -172.537
7119.11 -104.846 7179.48 -154.313
7133.17 -121.769 7194.13 -166.029
7146.36 -126.976 7207.61 -195.969
7160.14 -117.864 7221.97 -188.158
7175.08 -116.562 7235.74 -182.951
7188.86 -117.864 7248.64 -155.615
7201.75 -125.674 7263.29 -194.667
7216.11 -129.579 7276.47 -164.727
7230.18 -120.467 7290.53 -184.253
7244.53 -164.727 7304.89 -167.33
7257.43 -128.278 7318.66 -159.52
7271.78 -133.485 7332.72 -160.822
7286.14 -137.39 7345.61 -169.934
7299.62 -149.106 7359.67 -173.839
7313.68 -113.958 7374.32 -167.33
7327.16 -108.751 7387.79 -136.088
7340.34 -108.751 7401.56 -156.916
7353.81 -121.769 7415.03 -172.537
7368.75 -120.467 7429.09 -149.106
7382.23 -156.916 7442.56 -153.011
7395.99 -124.372 7456.33 -175.141
7410.05 -139.993 7470.09 -164.727
7423.23 -99.639 7485.03 -197.271
7437.88 -104.846 7498.2 -173.839
7451.35 -130.881 7512.55 -188.158
7465.99 -84.0179 7526.02 -172.537
7479.46 -103.544 7538.91 -154.313
7492.05 -113.958 7553.25 -159.52
7506.7 -146.502 7567.31 -162.123
7520.46 -100.941 7580.77 -180.348
7533.93 -129.579 7595.71 -177.744
7547.98 -124.372 7608.3 -207.685
7562.62 -115.26 7622.05 -156.916
7575.8 -115.26 7636.4 -168.632
7589.85 -100.941 7651.04 -194.667
7603.61 -120.467 7664.21 -197.271
7617.08 -81.4144 7677.97 -163.425
7630.84 -93.1302 7691.43 -173.839
7644.89 -82.7162 7706.06 -193.365
7658.35 -128.278 7718.65 -180.348
7672.4 -110.053 7732.99 -181.65
7686.45 -80.1127 7748.5 -181.65
7699.33 -93.1302 7761.09 -156.916
7713.67 -116.562 7775.13 -194.667
7727.72 -106.148 7788.01 -160.822
7742.06 -104.846 7802.35 -164.727
7754.06 -108.751 7816.69 -158.218
7768.4 -121.769 7830.15 -158.218
7783.33 -111.355 7844.48 -163.425
7796.2 -126.976 7857.07 -193.365
7811.42 -103.544 7871.11 -181.65
7824.59 -113.958 7884.86 -173.839
7838.63 -112.657 7900.07 -175.141
7852.09 -116.562 7913.24 -147.804
7866.43 -108.751 7927.57 -146.502
7880.18 -103.544 7941.03 -164.727
7893.64 -89.225 7955.36 -155.615
7908.56 -87.9232 7968.82 -163.425
7921.72 -117.864 7982.27 -153.011
7934.89 -119.165 7995.73 -169.934
7949.22 -106.148 8009.18 -162.123
7962.97 -107.45 8023.81 -173.839
7976.72 -110.053 8037.55 -163.425
7990.47 -106.148 8051.01 -138.692
8005.09 -85.3197 8065.34 -171.236
8018.25 -74.9056 8077.91 -175.141
8032 -120.467 8092.83 -151.709
8044.57 -126.976 8105.4 -128.278
8060.37 -91.8285 8120.61 -120.467
8073.53 -138.692 8134.06 -163.425
8087.56 -121.769 8148.09 -169.934
8101.89 -124.372 8161.84 -121.769
8115.05 -85.3197 8176.16 -171.236
8129.09 -112.657 8189.61 -163.425
8142.83 -86.6215 8202.77 -179.046
8157.16 -110.053 8218.26 -150.407
8170.32 -116.562 8231.13 -125.674
8184.06 -99.639 8245.16 -142.597
8196.92 -130.881 8259.19 -146.502
8210.95 -95.7337 8272.64 -169.934
8225.28 -130.881 8286.96 -163.425
8238.73 -111.355 8300.41 -175.141
8252.47 -100.941 8313.85 -171.236
8266.79 -116.562 8327.01 -136.088
8281.12 -103.544 8341.91 -180.348
8294.27 -97.0355 8355.94 -168.632
8308.01 -107.45 8369.09 -143.899
8321.75 -108.751 8382.25 -138.692
8335.48 -95.7337 8398.03 -153.011
8349.8 -163.425 8410.6 -125.674
8362.96 -116.562 8425.5 -147.804
8377.57 -108.751 8438.36 -177.744
8391.31 -110.053 8452.97 -158.218
8405.04 -102.243 8466.41 -173.839
8418.19 -106.148 8480.14 -172.537
8432.8 -111.355 8494.75 -151.709
8446.25 -69.6986 8507.9 -147.804
8459.98 -111.355 8521.34 -136.088
8474.01 -65.7934 8535.37 -181.65
8488.03 -130.881 8549.39 -110.053
8501.18 -119.165 8563.12 -160.822
8515.5 -116.562 8577.44 -162.123
8529.23 -64.4916 8590.29 -159.52
8542.38 -85.3197 8603.15 -150.407
8556.98 -115.26 8618.92 -166.029
8570.42 -94.432 8632.65 -146.502
8585.03 -95.7337 8646.38 -133.485
8598.18 -91.8285 8659.52 -171.236
8611.62 -119.165 8673.84 -137.39
8624.76 -125.674 8687.86 -167.33
8639.66 -124.372 8701.29 -123.071
8653.97 -134.786 8714.73 -155.615
8667.7 -128.278 8729.62 -153.011
8681.14 -102.243 8742.77 -149.106
8695.16 -82.7162 8756.2 -142.597
8708.6 -115.26 8770.22 -154.313
8722.61 -81.4144 8784.53 -179.046
8735.17 -81.4144 8798.26 -177.744
8750.36 -103.544 8811.69 -163.425
8764.38 -100.941 8826.58 -159.52
8778.1 -85.3197 8840.31 -158.218
8791.54 -90.5267 8853.16 -146.502
8805.85 -93.1302 8868.34 -137.39
8819.28 -128.278 8881.48 -124.372
8833.3 -133.485 8894.91 -121.769
8846.73 -90.5267 8908.64 -153.011
8861.33 -124.372 8922.07 -136.088
8873.31 -82.7162 8936.37 -141.295
8888.2 -87.9232 8951.26 -159.52
8902.21 -117.864 8964.69 -160.822
8915.35 -110.053 8978.12 -116.562
8931.12 -115.26 8991.55 -149.106
8943.67 -112.657 9006.15 -142.597
8955.93 -77.5092 9019.29 -95.7337
8970.82 -68.3969 9033.3 -121.769
8985.71 -143.899 9046.73 -138.692
8999.43 -124.372 9061.32 -153.011
9012.86 -116.562 9074.75 -138.692
9026.58 -93.1302 9088.76 -163.425
9040.6 -137.39 9103.07 -136.088
9054.32 -113.958 9116.79 -150.407
9067.75 -91.8285 9131.09 -124.372
9082.05 -102.243 9143.93 -171.236
9096.06 -98.3372 9157.65 -125.674
9109.49 -99.639 9171.66 -115.26
9122.33 -141.295 9185.96 -146.502
9136.63 -71.0004 9199.97 -146.502
9150.65 -110.053 9213.1 -150.407
9164.95 -72.3021 9226.82 -142.597
9178.08 -95.7337 9242 -138.692
9191.8 -124.372 9254.55 -129.579
9206.1 -93.1302 9269.43 -171.236
9219.82 -110.053 9281.98 -143.899
9233.24 -95.7337 9297.45 -151.709
9247.54 -125.674 9310.29 -97.0355
9261.26 -103.544 9324.29 -147.804
9274.97 -100.941 9338.3 -177.744
9288.4 -116.562 9351.72 -125.674
9302.7 -80.1127 9364.86 -154.313
9316.12 -130.881 9379.74 -146.502
9329.84 -103.544 9392.87 -171.236
9343.84 -86.6215 9406.88 -138.692
9359.6 -103.544 9420.88 -143.899
9370.98 -50.1723 9434.59 -121.769
9385.57 -99.639 9448.31 -98.3372
9399 -100.941 9461.44 -163.425
9414.46 -77.5092 9476.9 -167.33
9426.72 -95.7337 9490.62 -116.562
9440.43 -106.148 9503.75 -155.615
9454.43 -136.088 9517.75 -129.579
9469.02 -86.6215 9531.75 -129.579
9482.15 -90.5267 9545.18 -153.011
9495.87 -97.0355 9558.89 -153.011
9509.87 -93.1302 9573.18 -139.993
9522.71 -119.165 9586.89 -106.148
9537.01 -116.562 9601.19 -145.2
9551.88 -93.1302 9614.32 -154.313
9564.72 -117.864 9628.32 -167.33
9579.31 -124.372 9641.74 -126.976
9593.02 -90.5267 9656.33 -106.148
9605.86 -108.751 9670.62 -142.597
9619.86 -106.148 9682.87 -117.864
9633.86 -93.1302 9697.75 -103.544
9647.87 -81.4144 9712.05 -99.639
9661.29 -100.941 9725.46 -112.657
9675.29 -97.0355 9739.17 -172.537
9689.87 -78.8109 9753.18 -116.562
9702.71 -113.958 9766.6 -145.2
9717 -129.579 9780.01 -108.751
9731.01 -99.639 9794.01 -142.597
9745.01 -119.165 9808.31 -117.864
9757.84 -89.225 9820.56 -138.692
9772.14 -51.474 9836.02 -133.485
9786.14 -97.0355 9850.31 -151.709
9798.97 -98.3372 9864.31 -136.088
9813.56 -98.3372 9877.15 -163.425
9828.43 -95.7337 9891.44 -153.011
9840.69 -91.8285 9905.44 -169.934
9854.39 -128.278 9918.56 -149.106
9868.69 -111.355 9932.56 -139.993
9882.39 -100.941 9946.85 -133.485
9896.69 -121.769 9960.27 -128.278
9910.69 -71.0004 9974.27 -179.046
9923.81 -93.1302 9987.98 -159.52
9937.23 -98.3372 10002 -108.751
9951.52 -91.8285 10016 -138.692
9965.52 -78.8109 10029.4 -176.443
9978.94 -108.751 10044 -143.899
9993.23 -102.243 10057.4 -158.218
10006.9 -97.0355 10070.8 -143.899
10020.1 -99.639 10084.8 -150.407
10034.4 -120.467 10098.2 -145.2
10048.6 -113.958 10112.8 -134.786
10061.5 -82.7162 10126.2 -128.278
10076.4 -107.45 10140.2 -124.372
10089.5 -93.1302 10154.2 -130.881
10103.2 -124.372 10167.9 -176.443
10116.9 -108.751 10181.9 -159.52
10129.7 -100.941 10195.3 -164.727
10144.6 -103.544 10208.8 -145.2
10159.2 -87.9232 10223.6 -149.106
10172.3 -119.165 10237.3 -177.744
10186.3 -71.0004 10250.2 -154.313
10200.3 -94.432 10265.1 -166.029
10213.7 -82.7162 10277.9 -156.916
10226.8 -97.0355 10292.2 -156.916
10242.6 -95.7337 10306.8 -180.348
10255.7 -107.45 10319.6 -192.064
10269.4 -87.9232 10333.9 -180.348
10282.8 -95.7337 10348.5 -198.572
10296.3 -103.544 10361.9 -182.951
10311.4 -103.544 10374.7 -186.857
10324.5 -81.4144 10389.9 -156.916
10338.5 -93.1302 10403 -169.934
10351.7 -104.846 10416.4 -146.502
10366.3 -87.9232 10431.3 -169.934
10378.8 -82.7162 10445.3 -182.951
10392.5 -86.6215 10457.5 -192.064
10408 -87.9232 10472.1 -150.407
10421.4 -65.7934 10485.5 -138.692
10435.1 -121.769 10500.1 -186.857
10448.5 -110.053 10514.1 -158.218
10462.5 -69.6986 10526.9 -185.555
10477.7 -104.846 10542.1 -162.123
10490.2 -100.941 10555.8 -176.443
10503.6 -99.639 10569.2 -173.839
10517.9 -103.544 10582.6 -151.709
10531.3 -89.225 10597.5 -142.597
10545 -86.6215 10610.6 -180.348
10558.7 -111.355 10624.4 -181.65
10573 -103.544 10638.6 -147.804
10586.7 -86.6215 10652.4 -185.555
10600.4 -72.3021 10665.5 -188.158
10614.4 -59.2846 10680.6 -180.348
10627.9 -81.4144 10693.8 -158.218
10641.9 -80.1127 10707.2 -153.011
10655.9 -87.9232 10721.2 -168.632
10669.6 -108.751 10735.2 -141.295
10683 -110.053 10748 -143.899
10697 -139.993 10762.3 -179.046
10710.4 -113.958 10776.3 -156.916
10724.1 -108.751 10790.9 -172.537
10739 -90.5267 10804.6 -162.123
10752.1 -106.148 10818.3 -238.927
10765.8 -93.1302 10832 -195.969
10780.4 -80.1127 10845.4 -188.158
10793.5 -84.0179 10860 -205.081
10807.8 -77.5092 10873.7 -211.59
10821.2 -120.467 10886.9 -180.348
10834.6 -143.899 10900.3 -166.029
10848.9 -112.657 10915.5 -159.52
10862.4 -108.751 10929.4 -190.762
10876.1 -97.0355 10942 -208.986
10889.8 -86.6215 10956 -193.365
10903.8 -89.225 10971.2 -193.365
10916.9 -89.225 10984.3 -199.874
10931.2 -94.432 10998 -123.071
10946.4 -102.243 11011.7 -167.33
10959.2 -130.881 11025.4 -143.899
10973.8 -147.804 11039.7 -132.183
10987.2 -117.864 11053.7 -181.65
11000.9 -90.5267 11067.4 -184.253
11013.2 -116.562 11081.7 -188.158
11028.3 -81.4144 11094.3 -197.271
11042 -95.7337 11107.7 -216.797
11056.1 -104.846 11122.9 -219.401
11070.6 -60.5863 11136.3 -197.271
11083.2 -111.355 11150 -188.158
11096.9 -124.372 11163.7 -189.46
11111.2 -91.8285 11177.7 -156.916
11125.5 -126.976 11190.8 -158.218
11139.2 -116.562 11205.7 -181.65
11152.9 -93.1302 11218.8 -190.762
11165.7 -78.8109 11233.1 -193.365
11180 -73.6039 11247.1 -205.081
11193.2 -102.243 11261.2 -180.348
11208 -73.6039 11274 -158.218
11220.9 -94.432 11288.9 -160.822
11235.2 -143.899 11303.4 -169.934
11249.8 -137.39 11317.2 -176.443
11262.9 -104.846 11330.3 -188.158
11277.2 -86.6215 11344.3 -186.857
11290.6 -120.467 11358.6 -160.822
11304.6 -108.751 11372 -169.934
11318.6 -65.7934 11385.2 -202.478
11331.8 -74.9056 11398.9 -164.727
11346.9 -121.769 11412.9 -197.271
11360.4 -93.1302 11427.5 -194.667
11373.2 -91.8285 11440.3 -175.141
11386.9 -128.278 11454.6 -160.822
11401.5 -95.7337 11468.3 -193.365
11414.9 -125.674 11482.9 -182.951
11428.6 -77.5092 11495.8 -164.727
11442.3 -93.1302 11509.8 -193.365
11456.1 -98.3372 11524.4 -177.744
11470.4 -98.3372 11538.4 -156.916
11483.8 -106.148 11551.2 -184.253
11497.2 -113.958 11565.5 -177.744
11512.4 -98.3372 11578.9 -167.33
11524.9 -93.1302 11593.5 -166.029
11539.5 -98.3372 11606.7 -219.401
11552.7 -104.846 11621 -203.779
11566.4 -95.7337 11635 -198.572
11580.4 -110.053 11649.3 -207.685
11594.1 -73.6039 11662.7 -184.253
11608.4 -102.243 11676.4 -180.348
11621.3 -68.3969 11689.9 -195.969
11635.3 -87.9232 11702.7 -177.744
11649.3 -98.3372 11717.6 -197.271
11663.3 -87.9232 11732.5 -206.383
11676.7 -98.3372 11745.3 -237.625
11691 -87.9232 11758.7 -238.927
11704.4 -120.467 11773.3 -207.685
11719.6 -97.0355 11786.8 -238.927
11733.1 -93.1302 11800.2 -216.797
11746.5 -98.3372 11814.8 -202.478
11759.6 -99.639 11829.4 -232.418
11774.2 -116.562 11841.4 -184.253
11787.4 -116.562 11856.3 -231.116
11801.6 -103.544 11870 -216.797
11815.1 -106.148 11883.7 -214.194
11829.1 -80.1127 11898 -240.229
11842.2 -69.6986 11911.4 -205.081
11856.3 -85.3197 11924.9 -211.59
11870.3 -91.8285 11939.5 -189.46
11884.9 -82.7162 11952.9 -195.969
11897.1 -125.674 11966.9 -205.081
11911.4 -110.053 11980.1 -193.365
11925.4 -125.674 11994.9 -185.555
11939.5 -86.6215 12009 -197.271
11952.9 -64.4916 12022.4 -211.59
11967.8 -73.6039 12036.4 -225.909
11979.8 -89.225 12051 -194.667
11994.4 -91.8285 12063.6 -195.969
12007.8 -71.0004 12077.6 -212.892
12021.2 -113.958 12091.6 -189.46
12036.1 -108.751 12105.1 -195.969
12049.8 -108.751 12118.8 -179.046
12063.6 -97.0355 12133.4 -189.46
12076.7 -116.562 12146.5 -192.064
12091.6 -64.4916 12160.8 -177.744
12104.2 -51.474 12173.7 -190.762
12118.2 -68.3969 12188.3 -223.306
12132.8 -76.2074 12201.7 -192.064
12146.2 -59.2846 12216 -203.779
12160.3 -103.544 12229.8 -194.667
12173.1 -129.579 12244.4 -176.443
12188.9 -74.9056 12257.5 -185.555
12201.4 -89.225 12271.5 -173.839
12215.5 -99.639 12285.3 -193.365
12229.5 -81.4144 12298.7 -197.271
12243.5 -90.5267 12312.7 -206.383
12256.9 -48.8705 12327.1 -244.134
12270.1 -17.6284 12341.1 -219.401
12284.1 -31.9477 12354.5 -255.85
12298.1 -38.4565 12367.7 -233.72
12312.5 -54.0776 12382.6 -192.064
12325.3 -37.1547 12395.7 -172.537
12339.6 -47.5688 12409.8 -193.365
12353.6 -78.8109 12423.5 -159.52
12367.1 -55.3793 12437.8 -173.839
12382.3 -46.267 12451 -147.804
12394.8 -2.00733 12464.4 -244.134
12408.6 -12.4214 12479.9 -222.004
12422 17.519 12493.3 -219.401
12436 -21.5337 12507.1 -205.081
12450.4 -17.6284 12520.8 -199.874
12464.7 -29.3442 12534.8 -171.236
12477.3 -8.5161 12548.3 -158.218
12491.3 -57.9828 12561.7 -167.33
12504.4 -37.1547 12575.7 -169.934
12519.6 1.89794 12589.8 -171.236
12532.2 35.7436 12603.8 -245.436
12546.8 73.4945 12618.1 -214.194
12560.3 39.6489 12631.9 -225.909
12574.6 63.0805 12645.3 -231.116
12588.6 21.4243 12659.6 -201.176
12602 20.1225 12672.8 -166.029
12616.1 7.10496 12687.7 -126.976
12628.9 18.8208 12700.5 -139.993
12642.7 31.8383 12715.2 -130.881
12657.9 60.4769 12728 -168.632
12670.7 78.7015 12742.1 -189.46
12683.9 85.2103 12756.1 -199.874
12698.8 93.0208 12769.3 -215.495
12712 119.056 12783.9 -205.081
12725.7 95.6243 12798.5 -158.218
12739.1 69.5892 12811.9 -111.355
12753.5 61.7787 12825.4 -121.769
12766.6 108.642 12839.4 -123.071
12781 93.0208 12852.6 -159.52
12795 143.789 12867.2 -201.176
12808.4 134.677 12880.4 -199.874
12822.2 164.617 12895 -210.288
12836.2 186.747 12907.3 -166.029
12850.5 178.937 12922.5 -155.615
12863.4 139.884 12936.2 -115.26
12878.3 121.659 12949.7 -102.243
12892.4 126.866 12963.7 -121.769
12905.5 155.505 12977.2 -117.864
12918.7 190.653 12991.8 -155.615
12933.3 244.025 13005.5 -172.537
12947.3 236.214 13019 -177.744
12961.1 300 13033 -132.183
12974.8 293.491 13046.5 -80.1127
12988.9 258.344 13060.5 -24.1372
13001.4 260.947 13074.3 -13.7231
13016.1 234.912 13088.9 -18.9302
13029.2 262.249 13102.7 -52.7758
13043 263.551 13116.1 -106.148
13057.6 283.077 13129.8 -159.52
13071.6 322.13 13143.9 -164.727
13084.8 348.165 13157.3 -130.881
13098 404.14 13172 -50.1723
13112.6 388.519 13186 -44.9653
13126 352.07 13198.9 65.684
13139.2 323.432 13213.2 59.1752
13153.8 340.354 13227.3 33.1401
13167.6 311.716 13241.3 -12.4214
13181.3 346.863 13254.5 -68.3969
13195.4 365.088 13268.8 -63.1898
13209.7 400.235 13282 -77.5092
13222.6 430.176 13297.2 -102.243
13236.9 447.098 13310.1 4.50145
13250.1 439.288 13324.4 34.4418
13264.7 428.874 13337.3 128.168
13277.9 411.951 13351.6 147.695
13291.9 375.502 13366.3 132.074
13305.7 355.975 13379.7 72.1928
13319.4 378.105 13393.5 39.6489
13332.3 419.762 13407.5 -20.2319
13346.9 487.453 13420.7 -5.91259
13360.7 497.867 13434.5 48.7611
13374.5 546.032 13448.8 122.961
13387.6 553.842 13462.3 180.238
13402 523.902 13475.7 296.095
13416.3 488.755 13490.1 279.172
13429.2 465.323 13504.1 228.403
13444.1 467.926 13517.6 217.989
13457.6 487.453 13532.5 141.186
13471.3 492.66 13545.4 138.582
13485.4 530.411 13560 95.6243
13499.1 573.369 13574.1 145.091
13512 585.084 13586.9 247.93
13526.6 604.611 13602.2 322.13
13540.4 625.439 13613.6 367.691
13553.9 613.723 13629.1 413.253
13567.6 574.67 13643.1 368.993
13580.8 604.611 13656.9 332.544
13595.4 616.327 13670.4 314.319
13609.5 624.137 13684.4 255.74
13623.2 660.586 13698.2 244.025
13636.1 657.983 13712.2 310.414
13650.2 711.355 13726.3 357.277
13664.2 710.053 13740.3 414.554
13678.3 723.071 13753.5 474.435
13691.4 700.941 13768.4 496.565
13705.8 703.544 13782.2 483.548
13719.3 711.355 13795.7 487.453
13733.3 758.218 13810.6 443.193
13746.8 784.253 13823.5 435.383
13760.8 794.667 13838.1 464.021
13775.2 795.969 13853.1 510.884
13788.9 810.288 13866.5 556.446
13802.4 784.253 13881.2 620.232
13816.8 818.099 13893.8 637.155
13829.6 766.029 13899.6 660.586
13843.1 768.632 13885 680.113
13857.8 695.734 13870.9 702.243
