7014.16 -138.692 7028.53 -202.478
7005.37 -128.278 7041.43 -168.632
7000.09 -76.2074 7056.08 -188.158
7009.76 -107.45 7069.28 -177.744
7021.78 -99.639 7084.52 -182.951
7034.98 -107.45 7098.29 -168.632
7050.22 -77.5092 7111.19 -168.632
7063.12 -74.9056 7124.09 -182.951
7077.48 -128.278 7139.33 -206.383
7092.14 -80.1127 7153.1 -192.064
7104.74 -81.4144 7165.12 -173.839
7119.11 -104.846 7180.36 -156.916
7132.88 -129.579 7193.84 -190.762
7147.54 -82.7162 7208.78 -162.123
7160.43 -86.6215 7221.97 -172.537
7174.79 -99.639 7235.45 -179.046
7188.56 -97.0355 7249.22 -169.934
7202.05 -108.751 7262.99 -168.632
7215.82 -97.0355 7277.06 -160.822
7230.18 -125.674 7290.53 -147.804
7243.65 -98.3372 7304.89 -147.804
7257.72 -93.1302 7318.37 -207.685
7271.2 -139.993 7332.43 -146.502
7285.85 -78.8109 7346.2 -171.236
7299.32 -125.674 7359.38 -159.52
7313.09 -102.243 7373.73 -164.727
7326.86 -99.639 7387.79 -172.537
7340.92 -71.0004 7400.97 -199.874
7353.81 -108.751 7415.03 -155.615
7367.87 -86.6215 7429.68 -168.632
7382.52 -120.467 7442.85 -184.253
7395.7 -117.864 7456.03 -164.727
7409.76 -82.7162 7470.38 -182.951
7423.23 -100.941 7483.86 -164.727
7437.58 -121.769 7498.5 -198.572
7451.35 -74.9056 7512.85 -153.011
7464.82 -73.6039 7526.61 -167.33
7478.88 -54.0776 7538.61 -169.934
7492.64 -108.751 7552.67 -167.33
7507.28 -82.7162 7567.31 -129.579
7520.17 -120.467 7580.77 -179.046
7533.93 -106.148 7594.83 -164.727
7547.98 -85.3197 7609.17 -166.029
7562.04 -104.846 7622.35 -145.2
7575.51 -56.6811 7635.81 -133.485
7590.44 -97.0355 7649.86 -146.502
7603.9 -90.5267 7664.79 -145.2
7617.08 -74.9056 7677.67 -133.485
7630.84 -85.3197 7692.31 -186.857
7645.18 -74.9056 7705.77 -141.295
7658.35 -47.5688 7719.82 -153.011
7672.99 -115.26 7732.7 -119.165
7685.87 -124.372 7746.45 -167.33
7700.8 -102.243 7761.38 -142.597
7713.67 -85.3197 7774.84 -150.407
7728.02 -98.3372 7788.3 -136.088
7741.77 -108.751 7802.93 -156.916
7755.23 -81.4144 7816.39 -167.33
7768.11 -98.3372 7829.56 -153.011
7783.91 -67.0951 7844.48 -134.786
7796.79 -99.639 7857.36 -153.011
7810.54 -99.639 7871.4 -158.218
7824.59 -98.3372 7886.03 -188.158
7839.51 -116.562 7899.78 -169.934
7852.09 -111.355 7913.24 -216.797
7867.01 -87.9232 7926.7 -179.046
7880.47 -84.0179 7941.03 -177.744
7894.22 -80.1127 7953.9 -192.064
7907.1 -65.7934 7968.82 -156.916
7921.72 -72.3021 7982.57 -159.52
7935.18 -80.1127 7996.31 -176.443
7948.93 -129.579 8009.18 -180.348
7962.97 -93.1302 8023.51 -224.608
7977.6 -95.7337 8038.43 -177.744
7990.47 -112.657 8051.59 -171.236
8004.21 -91.8285 8065.34 -164.727
8017.96 -87.9232 8078.5 -169.934
8032.29 -89.225 8093.41 -155.615
8045.74 -82.7162 8106.28 -186.857
8059.2 -115.26 8120.61 -160.822
8073.23 -102.243 8134.94 -169.934
8086.98 -102.243 8148.09 -173.839
8101.31 -85.3197 8162.13 -185.555
8114.47 -55.3793 8175.29 -182.951
8128.5 -82.7162 8190.2 -173.839
8142.83 -63.1898 8202.77 -176.443
8156.57 -99.639 8217.97 -150.407
8170.02 -119.165 8230.84 -172.537
8184.35 -69.6986 8244.87 -210.288
8197.22 -80.1127 8259.19 -141.295
8211.54 -76.2074 8272.93 -155.615
8225.57 -97.0355 8285.5 -141.295
8239.31 -57.9828 8300.7 -172.537
8253.64 -85.3197 8314.44 -153.011
8266.21 -64.4916 8328.18 -162.123
8280.53 -81.4144 8341.91 -130.881
8294.85 -95.7337 8355.65 -159.52
8308.01 -85.3197 8369.97 -153.011
8322.04 -93.1302 8383.71 -151.709
8336.07 -107.45 8397.74 -168.632
8349.8 -76.2074 8410.6 -177.744
8363.25 -106.148 8425.5 -143.899
8376.69 -68.3969 8438.65 -151.709
8391.89 -63.1898 8452.68 -125.674
8404.75 -97.0355 8466.12 -168.632
8419.36 -82.7162 8479.85 -150.407
8432.22 -64.4916 8494.46 -123.071
8446.25 -80.1127 8508.19 -169.934
8459.4 -82.7162 8521.64 -155.615
8473.72 -117.864 8534.78 -176.443
8487.45 -78.8109 8549.68 -162.123
8501.77 -77.5092 8563.41 -150.407
8515.5 -78.8109 8577.44 -169.934
8529.81 -81.4144 8591.17 -159.52
8543.25 -73.6039 8604.31 -132.183
8556.69 -72.3021 8618.63 -146.502
8570.72 -85.3197 8632.65 -159.52
8584.74 -111.355 8645.8 -169.934
8597.89 -89.225 8659.52 -188.158
8611.91 -90.5267 8673.84 -153.011
8626.22 -113.958 8688.44 -141.295
8639.37 -94.432 8701.58 -149.106
8653.1 -124.372 8715.9 -185.555
8667.7 -80.1127 8729.04 -124.372
8681.14 -67.0951 8742.47 -124.372
8694.28 -44.9653 8757.08 -128.278
8708.89 -44.9653 8771.39 -121.769
8722.32 -84.0179 8784.82 -151.709
8736.34 -86.6215 8797.96 -156.916
8750.36 -82.7162 8812.56 -175.141
8763.5 -98.3372 8825.41 -158.218
8777.81 -91.8285 8839.43 -146.502
8791.54 -71.0004 8854.03 -136.088
8805.56 -77.5092 8868.05 -153.011
8819.57 -68.3969 8881.77 -150.407
8833.01 -71.0004 8894.62 -120.467
8847.02 -63.1898 8909.22 -115.26
8860.75 -104.846 8922.94 -146.502
8873.89 -87.9232 8936.37 -166.029
8888.78 -108.751 8950.68 -138.692
8902.21 -108.751 8964.4 -166.029
8914.77 -107.45 8978.41 -134.786
8930.53 -93.1302 8991.85 -133.485
8943.09 -108.751 9006.15 -117.864
8957.69 -85.3197 9019.87 -117.864
8971.41 -67.0951 9033.59 -85.3197
8984.55 -89.225 9047.02 -142.597
8998.56 -90.5267 9061.32 -132.183
9011.99 -93.1302 9074.46 -154.313
9026 -126.976 9089.06 -168.632
9040.89 -111.355 9103.07 -175.141
9054.32 -93.1302 9116.79 -149.106
9067.75 -71.0004 9129.92 -123.071
9081.76 -52.7758 9144.81 -125.674
9094.6 -86.6215 9157.65 -133.485
9108.32 -95.7337 9171.95 -142.597
9123.5 -71.0004 9185.96 -120.467
9137.51 -107.45 9199.39 -133.485
9150.35 -74.9056 9213.4 -146.502
9164.07 -90.5267 9226.53 -162.123
9178.66 -119.165 9241.12 -162.123
9191.8 -90.5267 9255.13 -129.579
9206.68 -81.4144 9268.85 -125.674
9220.11 -77.5092 9282.27 -125.674
9233.24 -81.4144 9297.15 -120.467
9246.96 -102.243 9309.7 -132.183
9261.26 -78.8109 9323.71 -123.071
9274.97 -111.355 9337.13 -132.183
9288.11 -91.8285 9351.43 -133.485
9302.99 -84.0179 9365.44 -115.26
9316.71 -99.639 9379.74 -136.088
9330.42 -87.9232 9393.16 -137.39
9344.43 -68.3969 9407.46 -193.365
9357.56 -77.5092 9421.76 -177.744
9372.44 -63.1898 9434.59 -184.253
9385.28 -89.225 9449.18 -189.46
9399 -100.941 9461.44 -182.951
9413 -91.8285 9476.32 -192.064
9427.01 -102.243 9490.91 -192.064
9440.43 -123.071 9504.04 -195.969
9454.73 -116.562 9518.04 -176.443
9468.73 -106.148 9532.34 -150.407
9481.86 -103.544 9544.3 -185.555
9495.28 -78.8109 9558.01 -186.857
9509.87 -102.243 9574.06 -195.969
9523.58 -86.6215 9586.02 -168.632
9538.17 -76.2074 9600.32 -155.615
9551.59 -104.846 9615.19 -177.744
9564.43 -93.1302 9628.03 -155.615
9578.43 -98.3372 9642.62 -216.797
9592.44 -107.45 9656.91 -197.271
9605.86 -72.3021 9670.33 -171.236
9621.03 -61.8881 9683.46 -138.692
9633.86 -63.1898 9698.33 -137.39
9648.45 -67.0951 9711.46 -162.123
9662.45 -63.1898 9724.88 -195.969
9675.29 -72.3021 9739.17 -180.348
9688.71 -69.6986 9753.47 -186.857
9703 -146.502 9767.76 -145.2
9716.71 -124.372 9781.18 -188.158
9731.01 -128.278 9794.31 -169.934
9744.42 -67.0951 9808.02 -155.615
9758.14 -50.1723 9822.31 -166.029
9771.26 -98.3372 9836.02 -172.537
9785.85 -55.3793 9849.73 -132.183
9799.85 -74.9056 9864.02 -159.52
9813.85 -113.958 9877.15 -159.52
9827.56 -85.3197 9891.73 -160.822
9841.27 -59.2846 9905.44 -142.597
9854.68 -82.7162 9917.98 -188.158
9868.98 -115.26 9933.15 -132.183
9882.39 -78.8109 9946.85 -158.218
9896.69 -91.8285 9959.69 -111.355
9910.11 -82.7162 9974.86 -136.088
9923.81 -68.3969 9988.56 -163.425
9937.81 -115.26 10001.7 -177.744
9950.94 -116.562 10016 -139.993
9965.23 -117.864 10029.7 -203.779
9979.82 -103.544 10044 -194.667
9992.94 -116.562 10057.1 -202.478
10006.6 -103.544 10070.8 -198.572
10020.9 -113.958 10085.7 -177.744
10034.1 -73.6039 10097.9 -186.857
10047.5 -61.8881 10112.2 -164.727
10062.4 -71.0004 10126.5 -163.425
10075.8 -110.053 10140.5 -173.839
10089.5 -72.3021 10153.6 -164.727
10103.5 -61.8881 10167.9 -198.572
10116.9 -99.639 10181.6 -180.348
10130.3 -120.467 10195.9 -186.857
10145.5 -106.148 10208.8 -189.46
10159.8 -98.3372 10223.1 -171.236
10172 -90.5267 10237 -133.485
10185.7 -72.3021 10250.5 -113.958
10200.6 -71.0004 10264.8 -151.709
10214 -84.0179 10278.5 -177.744
10227.1 -38.4565 10292.2 -155.615
10241.4 -69.6986 10306.5 -172.537
10255.4 -111.355 10320.2 -193.365
10269.1 -97.0355 10333.9 -201.176
10283.1 -100.941 10348.2 -149.106
10296 -86.6215 10361.6 -184.253
10310.8 -84.0179 10375.6 -136.088
10324.3 -110.053 10389.9 -158.218
10338 -78.8109 10403.3 -119.165
10351.7 -102.243 10417 -181.65
10365.4 -98.3372 10430.1 -146.502
10379.7 -94.432 10444.7 -189.46
10394.3 -102.243 10458.7 -173.839
10406.8 -116.562 10472.1 -171.236
10420.2 -99.639 10485.8 -158.218
10435.1 -94.432 10500.1 -193.365
10448.2 -86.6215 10513.5 -175.141
10462.5 -84.0179 10527.8 -192.064
10476.2 -91.8285 10541.2 -149.106
10489.3 -99.639 10555.5 -166.029
10503.6 -100.941 10569.8 -198.572
10517.3 -84.0179 10582.9 -214.194
10531.3 -103.544 10597.2 -182.951
10545 -74.9056 10610.4 -190.762
10558.7 -84.0179 10623.8 -186.857
10571.9 -93.1302 10638.1 -168.632
10586.1 -81.4144 10651.8 -155.615
10599.6 -95.7337 10665.8 -169.934
10615 -67.0951 10679.8 -180.348
10628.4 -116.562 10694.1 -197.271
10641.6 -112.657 10708.1 -222.004
10656.1 -110.053 10721.5 -192.064
10668.7 -128.278 10735.5 -198.572
10683 -90.5267 10748.3 -166.029
10697.6 -137.39 10762.9 -172.537
10710.7 -89.225 10776.6 -180.348
10725 -90.5267 10790 -173.839
10738.4 -99.639 10804.6 -184.253
10751.5 -76.2074 10818.3 -173.839
10765.8 -60.5863 10832.6 -189.46
10779.5 -95.7337 10845.4 -224.608
10793.5 -100.941 10859.7 -202.478
10807.8 -85.3197 10873.7 -205.081
10820.9 -71.0004 10886.9 -206.383
10835.2 -111.355 10900 -177.744
10848.1 -103.544 10915.7 -182.951
10862.6 -102.243 10929.4 -192.064
10876.1 -91.8285 10942.6 -206.383
10889.8 -90.5267 10956.6 -167.33
10903.8 -120.467 10971.5 -208.986
10918.1 -136.088 10984.9 -203.779
10930.6 -120.467 10998 -182.951
10946.1 -107.45 11012.3 -202.478
10959.2 -97.0355 11025.4 -173.839
10973.8 -87.9232 11039.7 -172.537
10986.3 -48.8705 11052.8 -134.786
11000.3 -84.0179 11068.3 -179.046
11014.9 -90.5267 11081.1 -194.667
11028.3 -89.225 11094 -190.762
11041.2 -67.0951 11108.6 -206.383
11055.2 -94.432 11122.6 -194.667
11068.6 -110.053 11136.6 -250.643
11083.2 -102.243 11149.7 -185.555
11096.3 -103.544 11164.3 -214.194
11111.5 -123.071 11177.4 -168.632
11125.2 -116.562 11191.1 -188.158
11138.3 -73.6039 11205.4 -121.769
11152.9 -67.0951 11218.8 -198.572
11165.7 -68.3969 11233.4 -207.685
11180.3 -89.225 11247.1 -211.59
11193.8 -98.3372 11261.7 -225.909
11207.2 -91.8285 11274 -198.572
11221.8 -119.165 11288.3 -203.779
11234.9 -111.355 11303.2 -184.253
11248.3 -100.941 11315.7 -154.313
11263.2 -102.243 11329.7 -171.236
11276.9 -74.9056 11344.6 -175.141
11290.3 -77.5092 11357.4 -159.52
11304.6 -89.225 11371.7 -172.537
11318.9 -99.639 11385.7 -181.65
11331.8 -97.0355 11399.5 -171.236
11346.3 -113.958 11413.2 -189.46
11359.2 -117.864 11426.6 -201.176
11373.8 -107.45 11441.2 -175.141
11387.2 -61.8881 11454.9 -214.194
11400.6 -64.4916 11468.9 -188.158
11415.8 -38.4565 11482.6 -172.537
11428.6 -82.7162 11496.3 -164.727
11442.9 -90.5267 11510.4 -173.839
11456.1 -80.1127 11524.1 -180.348
11469.8 -107.45 11538.1 -189.46
11483.8 -97.0355 11551.2 -198.572
11497.5 -112.657 11564.9 -223.306
11511.8 -100.941 11579.5 -193.365
11525.2 -91.8285 11593.5 -193.365
11539.8 -87.9232 11606.9 -159.52
11552.7 -85.3197 11620.7 -197.271
11566.4 -103.544 11635 -184.253
11580.4 -113.958 11648.4 -194.667
11593.8 -100.941 11662.1 -192.064
11607.8 -103.544 11676.4 -172.537
11622.1 -90.5267 11689.9 -173.839
11636.7 -110.053 11703.6 -166.029
11648.7 -102.243 11717.9 -186.857
11663 -85.3197 11732.2 -189.46
11676.4 -85.3197 11745.6 -173.839
11691 -59.2846 11759.9 -154.313
11705.3 -97.0355 11773.3 -159.52
11719 -78.8109 11786.8 -172.537
11732.5 -129.579 11800.8 -146.502
11745.6 -98.3372 11814.2 -159.52
11759.6 -95.7337 11828.8 -145.2
11773.3 -61.8881 11842.8 -158.218
11787.6 -73.6039 11857.1 -159.52
11801.6 -60.5863 11870.3 -201.176
11815.1 -61.8881 11882.8 -176.443
11829.7 -71.0004 11897.1 -176.443
11841.6 -69.6986 11910.6 -146.502
11856.5 -74.9056 11925.2 -151.709
11871.1 -132.183 11938.3 -115.26
11883.1 -111.355 11953.2 -142.597
11898 -99.639 11966.9 -158.218
11912 -95.7337 11979.5 -180.348
11925.2 -61.8881 11994.1 -155.615
11939.5 -76.2074 12007.8 -193.365
11953.5 -67.0951 12022.7 -166.029
11968.1 -57.9828 12035.8 -139.993
11980.4 -77.5092 12051 -129.579
11994.1 -87.9232 12063.6 -173.839
12008.7 -80.1127 12078.2 -171.236
12022.1 -102.243 12091 -197.271
12036.1 -104.846 12105.9 -211.59
12049.8 -104.846 12118.5 -167.33
12063.3 -78.8109 12133.4 -180.348
12077.9 -29.3442 12147.7 -163.425
12091.3 -56.6811 12160.5 -150.407
12105.3 -38.4565 12174.6 -146.502
12119.1 -55.3793 12188 -134.786
12132.8 -77.5092 12202.3 -189.46
12146.2 -81.4144 12216 -195.969
12159.4 -76.2074 12230.1 -199.874
12174.3 -90.5267 12243.8 -168.632
12187.7 -74.9056 12257.5 -173.839
12201.7 -56.6811 12271 -155.615
12215.2 -38.4565 12285 -136.088
12229.8 -37.1547 12299 -146.502
12242.6 -38.4565 12313 -190.762
12256.9 -65.7934 12326.8 -181.65
12270.4 -55.3793 12341.1 -181.65
12284.4 -48.8705 12354.8 -188.158
12298.4 -48.8705 12368 -197.271
12311.6 -94.432 12381.7 -171.236
12325.6 -61.8881 12396 -154.313
12339 -64.4916 12410 -188.158
12352.8 -43.6635 12423.2 -175.141
12367.1 -15.0249 12437.8 -175.141
12381.1 -63.1898 12450.7 -189.46
12393.7 -46.267 12464.7 -220.702
12408.3 -22.8354 12478.4 -241.53
12422.9 -41.06 12492.5 -235.022
12436 -3.30908 12506.2 -240.229
12449.5 -22.8354 12521.1 -224.608
12464.1 -30.646 12534.8 -223.306
12477.8 0.596186 12548.6 -168.632
12491.6 -4.61084 12562.3 -155.615
12505.9 -43.6635 12575.5 -155.615
12518.4 -0.70557 12589.2 -166.029
12532.5 -9.81786 12603.5 -151.709
12546.8 1.89794 12617.5 -201.176
12560.5 13.6137 12630.7 -192.064
12574.6 27.9331 12645.9 -235.022
12588.3 30.5366 12658.8 -241.53
12602 80.0033 12673.4 -231.116
12615.5 65.684 12686.5 -216.797
12628.6 21.4243 12700.3 -216.797
12643.3 60.4769 12714.9 -176.443
12657.9 53.9682 12728.3 -151.709
12670.4 65.684 12742.1 -153.011
12684.8 26.6313 12756.4 -188.158
12699.1 47.4594 12769.3 -201.176
12713.1 59.1752 12783.3 -176.443
12725.1 55.2699 12797.3 -208.986
12739.4 117.754 12811.4 -159.52
12753.5 113.849 12825.1 -141.295
12767.2 122.961 12839.4 -124.372
12781.5 120.358 12852.9 -126.976
12795.6 133.375 12867.5 -147.804
12809.3 145.091 12880.4 -124.372
12822.2 106.038 12894.4 -112.657
12836.8 126.866 12908.7 -133.485
12849.7 164.617 12921.9 -150.407
12864.3 169.824 12935.6 -147.804
12878.3 167.221 12949.7 -138.692
12892.1 210.179 12963.7 -108.751
12905.2 241.421 12976.9 -91.8285
12919.9 236.214 12991.8 -69.6986
12932.4 233.61 13004.9 -80.1127
12946.2 221.895 13018.7 -121.769
12960.5 212.782 13033 -107.45
12974.8 194.558 13046.8 -121.769
12989.2 203.67 13060.8 -120.467
13001.4 203.67 13074.6 -100.941
13016.6 259.646 13088.3 -87.9232
13029.5 300 13102.1 -89.225
13043.3 318.225 13114.9 -68.3969
13057 324.733 13130.4 -65.7934
13071.6 355.975 13143.6 -65.7934
13084.5 337.751 13157.1 -84.0179
13098.5 316.923 13171.4 -87.9232
13113.2 293.491 13185.1 -72.3021
13125.5 290.888 13199.2 -55.3793
13139.8 272.663 13213.5 8.40672
13154.4 316.923 13227.3 7.10496
13167.6 358.579 13240.1 4.50145
13181.3 406.744 13254.5 39.6489
13195.1 424.969 13268.5 4.50145
13208.6 454.909 13282.3 25.3295
13222.6 453.607 13296 -13.7231
13236.1 415.856 13309.8 -2.00733
13249.8 362.484 13324.7 17.519
13264.1 344.26 13338.2 55.2699
13278.2 345.561 13351.6 89.1156
13291.9 370.295 13365.1 132.074
13305.7 435.383 13379.4 160.712
13319.1 460.116 13393.2 152.902
13332 518.695 13407.2 132.074
13347.2 521.298 13420.7 139.884
13361 505.677 13435 47.4594
13375 503.074 13447.9 73.4945
13388.5 451.004 13463.1 55.2699
13402.8 435.383 13476.3 135.979
13415.7 419.762 13490.3 175.031
13430.4 467.926 13504.1 246.628
13443.2 533.014 13517.6 264.853
13457 557.748 13531.9 290.888
13471.6 634.551 13546.3 259.646
13484.8 618.93 13559.4 175.031
13498.8 621.534 13573.8 164.617
13511.7 594.197 13587.2 147.695
13527.2 546.032 13601.3 154.203
13539.8 517.393 13614.2 210.179
13554.4 542.127 13629.4 286.982
13567.6 534.316 13643.1 357.277
13582.3 646.267 13656.9 415.856
13595.1 694.432 13670.1 417.158
13608.9 719.165 13684.4 346.863
13622.6 707.45 13698.5 310.414
13636.7 685.32 13711.9 280.474
13650.5 633.249 13726 277.87
13664.5 625.439 13740.3 290.888
13677.7 629.344 13753.5 370.295
13692 652.776 13768.1 428.874
13706.4 743.899 13782.2 538.221
13720.1 759.52 13796 577.274
13733 794.667 13810.3 578.576
13747.1 805.081 13824.1 527.807
13760.8 745.2 13838.4 486.151
13774.6 710.053 13852.5 414.554
13788.4 695.734 13866.8 444.495
13802.4 682.716 13880.9 488.755
13816.2 681.414 13894.1 551.239
13829.1 745.2 13899.6 686.621
13842.8 829.815 13884.7 762.123
13857.2 805.081 13871.2 840.229
