7013.87 -210.288 7027.65 -263.66
7004.19 -134.786 7042.01 -267.565
7000.97 -173.839 7055.79 -270.169
7009.18 -143.899 7070.15 -270.169
7022.08 -137.39 7083.34 -270.169
7035.56 -120.467 7097.41 -259.755
7049.34 -151.709 7112.07 -240.229
7063.41 -168.632 7125.26 -250.643
7077.19 -124.372 7139.03 -237.625
7092.14 -151.709 7153.1 -228.513
7105.33 -129.579 7165.7 -250.643
7118.81 -120.467 7180.36 -257.151
7133.17 -156.916 7193.84 -254.548
7147.24 -110.053 7208.2 -254.548
7160.72 -115.26 7221.38 -235.022
7174.5 -139.993 7235.45 -236.323
7188.86 -86.6215 7248.64 -258.453
7202.63 -159.52 7263.58 -258.453
7216.7 -145.2 7276.18 -268.867
7229.59 -132.183 7291.12 -280.583
7243.65 -137.39 7305.18 -268.867
7258.31 -155.615 7318.66 -255.85
7271.78 -141.295 7331.84 -249.341
7285.26 -134.786 7345.61 -254.548
7299.91 -132.183 7360.26 -225.909
7312.21 -103.544 7373.73 -267.565
7327.74 -120.467 7387.5 -245.436
7340.34 -147.804 7401.56 -240.229
7353.81 -151.709 7415.32 -229.815
7367.87 -166.029 7429.38 -238.927
7382.23 -128.278 7442.27 -225.909
7396.29 -133.485 7456.33 -244.134
7409.76 -146.502 7470.38 -267.565
7422.94 -116.562 7484.73 -228.513
7437.88 -141.295 7498.5 -229.815
7450.76 -110.053 7511.97 -201.176
7465.41 -121.769 7526.9 -218.099
7479.46 -139.993 7539.2 -227.211
7493.23 -142.597 7553.55 -254.548
7507.28 -142.597 7567.31 -228.513
7520.46 -121.769 7580.77 -233.72
7533.93 -138.692 7595.12 -242.832
7547.98 -132.183 7609.47 -222.004
7562.62 -138.692 7622.35 -242.832
7575.51 -129.579 7636.11 -236.323
7589.56 -138.692 7650.74 -225.909
7603.9 -117.864 7664.21 -232.418
7617.08 -125.674 7677.09 -199.874
7631.42 -136.088 7692.01 -261.057
7644.89 -180.348 7705.19 -232.418
7658.06 -133.485 7719.82 -261.057
7673.28 -134.786 7733.28 -253.246
7686.45 -119.165 7747.33 -223.306
7700.21 -99.639 7760.79 -245.436
7713.67 -113.958 7774.84 -216.797
7727.43 -117.864 7788.3 -240.229
7742.65 -111.355 7802.93 -249.341
7754.65 -163.425 7815.52 -216.797
7768.99 -146.502 7830.15 -245.436
7783.33 -132.183 7843.61 -245.436
7797.08 -171.236 7858.24 -251.944
7810.83 -143.899 7871.11 -228.513
7824.59 -138.692 7885.45 -232.418
7838.34 -103.544 7900.37 -254.548
7851.8 -100.941 7913.24 -222.004
7866.72 -146.502 7926.7 -205.081
7880.18 -139.993 7941.03 -227.211
7893.93 -137.39 7953.61 -215.495
7907.1 -117.864 7968.23 -255.85
7922.31 -89.225 7982.27 -229.815
7935.47 -153.011 7996.31 -241.53
7948.64 -134.786 8010.06 -223.306
7963.55 -103.544 8024.39 -220.702
7977.6 -146.502 8037.85 -189.46
7990.17 -141.295 8051.01 -206.383
8004.21 -102.243 8065.34 -235.022
8017.67 -133.485 8078.21 -194.667
8031.41 -153.011 8092.24 -255.85
8046.03 -113.958 8106.57 -272.773
8059.78 -142.597 8120.61 -218.099
8073.23 -133.485 8133.77 -222.004
8086.69 -143.899 8147.8 -222.004
8101.31 -188.158 8161.54 -228.513
8114.47 -149.106 8175.87 -223.306
8129.09 -171.236 8190.2 -245.436
8141.37 -126.976 8203.65 -238.927
8156.28 -124.372 8217.97 -228.513
8169.44 -108.751 8230.84 -229.815
8183.47 -147.804 8244.87 -214.194
8198.38 -139.993 8258.02 -224.608
8210.66 -141.295 8273.22 -270.169
8224.99 -132.183 8286.09 -222.004
8240.19 -142.597 8300.12 -229.815
8252.47 -124.372 8314.15 -212.892
8266.5 -137.39 8328.76 -201.176
8279.95 -128.278 8341.91 -238.927
8294.85 -121.769 8355.94 -238.927
8308.3 -138.692 8369.09 -253.246
8321.45 -116.562 8382.83 -241.53
8336.65 -141.295 8397.15 -241.53
8349.51 -125.674 8410.89 -267.565
8363.83 -125.674 8424.62 -242.832
8376.99 -117.864 8438.36 -225.909
8391.01 -129.579 8452.38 -244.134
8404.17 -121.769 8466.12 -237.625
8418.19 -115.26 8480.43 -241.53
8432.51 -120.467 8494.75 -222.004
8446.25 -151.709 8507.32 -242.832
8460.57 -143.899 8521.64 -241.53
8474.3 -158.218 8535.95 -233.72
8487.45 -106.148 8549.68 -242.832
8502.35 -117.864 8563.41 -220.702
8515.5 -121.769 8576.85 -236.323
8529.52 -98.3372 8590.87 -222.004
8542.96 -104.846 8604.6 -207.685
8556.98 -111.355 8618.63 -212.892
8570.42 -126.976 8632.94 -198.572
8583.86 -99.639 8646.96 -232.418
8597.89 -162.123 8659.82 -214.194
8611.62 -142.597 8672.96 -225.909
8625.64 -147.804 8687.86 -249.341
8639.66 -119.165 8701.88 -241.53
8653.68 -132.183 8715.31 -212.892
8667.41 -100.941 8729.33 -202.478
8680.55 -103.544 8742.47 -218.099
8694.28 -132.183 8756.49 -189.46
8709.47 -163.425 8771.39 -211.59
8722.91 -121.769 8784.53 -210.288
8736.93 -154.313 8797.09 -214.194
8750.07 -126.976 8811.98 -189.46
8763.5 -139.993 8826.87 -212.892
8777.23 -113.958 8838.85 -211.59
8793 -94.432 8853.45 -222.004
8805.56 -104.846 8867.46 -190.762
8819.57 -121.769 8881.48 -199.874
8833.3 -112.657 8894.62 -201.176
8846.44 -117.864 8909.22 -195.969
8860.75 -119.165 8922.94 -246.737
8874.18 -164.727 8936.08 -231.116
8888.78 -137.39 8950.97 -235.022
8901.33 -136.088 8964.69 -212.892
8915.64 -121.769 8978.71 -235.022
8929.95 -95.7337 8991.85 -225.909
8943.38 -113.958 9006.44 -224.608
8957.39 -129.579 9019.29 -227.211
8970.82 -93.1302 9033.59 -194.667
8984.25 -136.088 9047.02 -173.839
8999.43 -141.295 9061.91 -232.418
9012.57 -134.786 9074.75 -216.797
9026 -158.218 9089.06 -215.495
9039.72 -129.579 9102.77 -238.927
9054.03 -128.278 9117.08 -215.495
9067.45 -115.26 9129.92 -245.436
9082.92 -151.709 9144.22 -216.797
9094.89 -120.467 9158.82 -222.004
9108.32 -132.183 9171.66 -246.737
9122.62 -136.088 9186.25 -236.323
9136.93 -143.899 9199.09 -222.004
9150.94 -119.165 9212.81 -229.815
9164.07 -143.899 9226.82 -238.927
9178.66 -119.165 9241.71 -229.815
9191.8 -107.45 9255.13 -229.815
9205.51 -142.597 9268.55 -220.702
9220.11 -103.544 9283.44 -224.608
9233.53 -141.295 9296.86 -219.401
9247.54 -177.744 9310.58 -228.513
9261.26 -139.993 9323.13 -240.229
9274.68 -163.425 9337.43 -237.625
9288.4 -138.692 9350.85 -208.986
9302.7 -134.786 9365.15 -237.625
9317 -134.786 9379.15 -229.815
9329.25 -104.846 9393.74 -219.401
9344.14 -111.355 9407.46 -212.892
9359.6 -106.148 9421.17 -233.72
9371.28 -137.39 9434.59 -249.341
9384.99 -125.674 9448.31 -227.211
9399.29 -126.976 9462.31 -210.288
9413.29 -102.243 9475.74 -194.667
9427.59 -119.165 9490.32 -232.418
9440.72 -116.562 9503.45 -212.892
9455.02 -115.26 9518.63 -267.565
9468.15 -106.148 9531.17 -214.194
9481.86 -99.639 9545.47 -198.572
9496.45 -133.485 9558.89 -188.158
9509.87 -169.934 9573.77 -231.116
9523 -158.218 9586.6 -219.401
9536.71 -136.088 9600.32 -179.046
9551.59 -136.088 9615.48 -235.022
9564.72 -147.804 9628.32 -238.927
9578.43 -107.45 9642.03 -186.857
9593.02 -125.674 9656.33 -205.081
9606.44 -124.372 9669.75 -179.046
9619.86 -124.372 9684.33 -182.951
9633.86 -107.45 9697.46 -184.253
9647.58 -138.692 9711.17 -177.744
9660.99 -171.236 9724.88 -194.667
9675.58 -145.2 9738.88 -220.702
9689 -136.088 9753.18 -224.608
9703.59 -149.106 9766.3 -202.478
9716.13 -120.467 9780.59 -193.365
9730.42 -129.579 9794.01 -216.797
9745.01 -143.899 9808.31 -206.383
9757.55 -138.692 9821.72 -176.443
9772.14 -141.295 9835.43 -186.857
9785.26 -163.425 9849.73 -180.348
9799.26 -136.088 9863.73 -222.004
9813.26 -156.916 9877.15 -189.46
9827.56 -137.39 9890.85 -223.306
9841.56 -125.674 9905.15 -214.194
9854.68 -141.295 9919.15 -182.951
9868.98 -129.579 9932.27 -205.081
9882.69 -112.657 9946.85 -151.709
9895.81 -130.881 9959.69 -216.797
9910.4 -132.183 9973.98 -175.141
9924.11 -141.295 9988.56 -158.218
9937.81 -153.011 10002 -203.779
9951.52 -125.674 10016.6 -180.348
9965.23 -125.674 10029.4 -216.797
9978.65 -123.071 10043.4 -198.572
9992.36 -133.485 10057.1 -214.194
10006.6 -119.165 10070.5 -175.141
10020.4 -111.355 10086 -179.046
10034.9 -123.071 10099.1 -182.951
10047.8 -124.372 10112.2 -193.365
10062.1 -149.106 10127.1 -194.667
10075.2 -125.674 10139.9 -197.271
10089.8 -139.993 10154.5 -189.46
10102.6 -120.467 10167.9 -195.969
10116.3 -113.958 10181.9 -175.141
10130.9 -125.674 10195.9 -188.158
10144.6 -116.562 10209.6 -181.65
10158.3 -120.467 10223.1 -163.425
10172.9 -110.053 10237.3 -198.572
10185.4 -124.372 10251 -195.969
10199.7 -147.804 10264.5 -218.099
10213.4 -111.355 10278.8 -171.236
10227.7 -117.864 10292.2 -195.969
10241.7 -125.674 10306.2 -167.33
10255.1 -117.864 10320.5 -155.615
10268.5 -125.674 10334.2 -177.744
10282.8 -146.502 10347.6 -159.52
10297.1 -124.372 10361.9 -206.383
10310.5 -128.278 10375.6 -179.046
10324.5 -132.183 10389.9 -227.211
10338.5 -167.33 10403.3 -232.418
10351.7 -141.295 10416.4 -218.099
10366 -136.088 10431 -176.443
10379.4 -124.372 10444.4 -182.951
10392.8 -89.225 10457.8 -168.632
10406.8 -128.278 10472.1 -167.33
10421.4 -121.769 10485.2 -175.141
10435.1 -126.976 10500.1 -185.555
10448.5 -138.692 10514.4 -201.176
10461.9 -158.218 10527.2 -235.022
10476.2 -138.692 10541.2 -207.685
10489.6 -158.218 10556.1 -207.685
10503.3 -108.751 10569.2 -224.608
10517.6 -98.3372 10582.6 -218.099
10531.9 -110.053 10596.6 -211.59
10545 -145.2 10610.6 -211.59
10559.6 -129.579 10624.7 -228.513
10572.5 -155.615 10638.9 -202.478
10585.3 -125.674 10652.4 -207.685
10601 -141.295 10665.2 -223.306
10614.4 -141.295 10680.1 -237.625
10628.4 -121.769 10693.8 -198.572
10641.9 -142.597 10706.6 -231.116
10655.6 -95.7337 10721.5 -206.383
10669.6 -141.295 10735.5 -181.65
10682.7 -133.485 10749.5 -188.158
10696.7 -132.183 10762.6 -190.762
10711.3 -117.864 10776.9 -211.59
10725.6 -142.597 10791.5 -227.211
10738.7 -136.088 10804.3 -208.986
10752.1 -142.597 10818 -203.779
10765.2 -145.2 10832.3 -229.815
10780.4 -137.39 10844.6 -194.667
10794.1 -147.804 10859.1 -223.306
10807.8 -126.976 10873.4 -181.65
10821.8 -149.106 10886.9 -189.46
10834.6 -124.372 10901.5 -218.099
10849.5 -151.709 10915.5 -180.348
10862.4 -176.443 10929.4 -195.969
10876.1 -149.106 10943.2 -203.779
10891.2 -126.976 10956 -201.176
10903.5 -121.769 10970.6 -207.685
10917.2 -128.278 10983.7 -216.797
10931.8 -132.183 10998 -199.874
10945.5 -104.846 11011.4 -206.383
10959.2 -137.39 11026.3 -198.572
10972.9 -137.39 11039.7 -186.857
10988.1 -111.355 11053.1 -172.537
11000 -136.088 11067.1 -227.211
11013.2 -123.071 11081.1 -203.779
11028.9 -134.786 11095.4 -211.59
11042 -133.485 11108.6 -190.762
11056.1 -123.071 11122.3 -231.116
11069.5 -143.899 11136 -211.59
11083.5 -133.485 11150.6 -211.59
11097.5 -153.011 11164.6 -223.306
11111.5 -155.615 11177.4 -237.625
11124.9 -125.674 11191.4 -214.194
11139.5 -163.425 11206 -210.288
11152.3 -141.295 11219.1 -212.892
11166.3 -136.088 11233.1 -203.779
11179.8 -99.639 11246.9 -181.65
11194.3 -139.993 11261.4 -192.064
11207.8 -136.088 11274.9 -198.572
11222 -129.579 11288 -229.815
11234.9 -164.727 11302.9 -224.608
11248.6 -126.976 11317.2 -208.986
11262.9 -146.502 11329.4 -211.59
11277.2 -139.993 11344.3 -202.478
11290.6 -136.088 11357.4 -180.348
11304.6 -130.881 11372.3 -197.271
11317.5 -103.544 11384.9 -177.744
11333.5 -103.544 11400 -205.081
11345.2 -117.864 11413.2 -176.443
11359.8 -137.39 11427.5 -220.702
11373.5 -126.976 11440.9 -202.478
11386.6 -126.976 11455.5 -185.555
11401.2 -158.218 11468.3 -186.857
11415.2 -119.165 11483.8 -182.951
11428.3 -134.786 11496.1 -212.892
11442.3 -124.372 11510 -175.141
11455.8 -145.2 11523.8 -190.762
11469.2 -124.372 11538.4 -195.969
11483.8 -136.088 11551.5 -203.779
11498.1 -107.45 11566.7 -222.004
11511.5 -145.2 11579.2 -199.874
11525.5 -172.537 11592.4 -184.253
11539 -121.769 11606.9 -194.667
11553.3 -160.822 11620.7 -220.702
11566.4 -143.899 11634.1 -201.176
11579.8 -106.148 11648.4 -176.443
11594.4 -141.295 11662.7 -212.892
11607.5 -73.6039 11676.1 -184.253
11622.4 -120.467 11690.4 -189.46
11635.3 -130.881 11703.3 -203.779
11649.3 -129.579 11717.6 -219.401
11662.4 -167.33 11732.8 -175.141
11676.7 -155.615 11745 -186.857
11691.3 -141.295 11759.6 -185.555
11704.7 -133.485 11773 -195.969
11718.8 -130.881 11786.2 -197.271
11732.5 -86.6215 11801.4 -201.176
11746.2 -134.786 11813.9 -199.874
11759.3 -112.657 11828.8 -198.572
11773.6 -129.579 11842.8 -214.194
11787.4 -124.372 11856.5 -188.158
11801.1 -77.5092 11870.9 -205.081
11814.8 -116.562 11883.1 -198.572
11829.1 -93.1302 11897.7 -197.271
11842.5 -103.544 11911.7 -216.797
11856.5 -143.899 11924.9 -222.004
11870.6 -126.976 11939.2 -185.555
11884.6 -113.958 11952.9 -201.176
11897.7 -117.864 11966.9 -211.59
11912.3 -125.674 11980.4 -235.022
11925.4 -117.864 11995.2 -207.685
11940 -147.804 12009.3 -180.348
11953.2 -123.071 12021.2 -195.969
11967.5 -99.639 12036.4 -206.383
11980.6 -136.088 12050.1 -220.702
11994.7 -145.2 12063.6 -206.383
12008.7 -107.45 12077.9 -208.986
12022.4 -126.976 12092.2 -225.909
12036.1 -94.432 12105.1 -225.909
12049.3 -123.071 12118.8 -218.099
12063.9 -116.562 12133.4 -210.288
12077 -82.7162 12147.1 -210.288
12091.6 -108.751 12160.8 -199.874
12105.6 -121.769 12175.4 -246.737
12119.1 -111.355 12188.3 -238.927
12132.8 -138.692 12202.3 -257.151
12146.5 -123.071 12215.5 -227.211
12159.4 -149.106 12229.5 -208.986
12174.6 -125.674 12243.8 -232.418
12187.7 -85.3197 12257.5 -220.702
12201.7 -56.6811 12271.5 -236.323
12216 -87.9232 12285.3 -190.762
12228.6 -73.6039 12299.3 -240.229
12243.5 -97.0355 12313 -214.194
12256.9 -106.148 12327.3 -250.643
12270.1 -107.45 12341.1 -261.057
12285 -77.5092 12354.2 -264.962
12297.5 -115.26 12368.6 -244.134
12312.7 -74.9056 12382.6 -218.099
12325.6 -117.864 12395.4 -203.779
12339.6 -71.0004 12409.8 -235.022
12352.8 -65.7934 12423.8 -215.495
12367.1 -86.6215 12437.8 -238.927
12382 -37.1547 12451 -214.194
12394.8 -63.1898 12464.7 -225.909
12407.7 -85.3197 12478.7 -229.815
12423.2 -74.9056 12492.7 -223.306
12436 -71.0004 12506.2 -231.116
12449.8 -102.243 12520.2 -246.737
12464.4 -29.3442 12534.8 -220.702
12477.5 -84.0179 12548 -207.685
12491.3 -51.474 12562 -241.53
12505.9 -76.2074 12576 -212.892
12519.6 -38.4565 12590.4 -208.986
12531.9 -29.3442 12604.1 -215.495
12546.5 0.596186 12618.1 -215.495
12560.5 -25.4389 12631.3 -177.744
12574 7.10496 12645.3 -163.425
12588 8.40672 12659 -171.236
12602 29.2348 12673.4 -228.513
12615.8 -20.2319 12686.8 -206.383
12628.6 -30.646 12700.5 -220.702
12643.3 -29.3442 12713.7 -185.555
12657 -31.9477 12728.3 -185.555
12671.9 -18.9302 12742.6 -197.271
12684.8 9.70847 12755.5 -173.839
12698.5 17.519 12769 -180.348
12711.7 51.3647 12782.4 -151.709
12726.3 50.0629 12797 -202.478
12739.7 33.1401 12811.6 -154.313
12753.8 33.1401 12824.8 -176.443
12767.2 -3.30908 12840 -177.744
12781.5 24.0278 12853.5 -166.029
12795.3 11.0102 12866.3 -156.916
12809.9 26.6313 12880.4 -146.502
12822.2 76.098 12893.8 -156.916
12835.3 69.5892 12908.1 -153.011
12850.3 99.5296 12922.8 -133.485
12863.7 89.1156 12936.8 -141.295
12877.4 109.944 12950 -136.088
12890.9 90.4173 12963.4 -99.639
12905.2 95.6243 12976.9 -158.218
12918.7 74.7963 12991.8 -110.053
12934.5 70.891 13005.8 -142.597
12946.8 78.7015 13019 -185.555
12961.1 91.7191 13033.3 -143.899
12974 99.5296 13046.5 -139.993
12987.7 211.481 13060.2 -125.674
13002.9 178.937 13074.6 -134.786
13016.1 190.653 13088.3 -104.846
13029.5 182.842 13102.1 -87.9232
13043.6 171.126 13116.1 -68.3969
13057 139.884 13130.1 -116.562
13071.1 134.677 13143.9 -86.6215
13085.7 160.712 13157.6 -111.355
13099.1 169.824 13171.7 -117.864
13112.6 208.877 13185.4 -97.0355
13126.9 234.912 13198.6 -47.5688
13139.2 268.758 13213.2 -21.5337
13153.8 275.267 13227 -37.1547
13168.2 272.663 13240.4 -9.81786
13181.3 241.421 13254.5 -12.4214
13194.5 247.93 13268.5 -13.7231
13208.8 240.119 13281.7 -18.9302
13221.7 298.698 13296.3 -24.1372
13236.6 302.604 13310.4 -61.8881
13250.7 333.846 13324.4 -39.7582
13263.9 340.354 13338.2 -11.1196
13277.9 342.958 13351 12.312
13292.2 359.881 13365.4 65.684
13305.4 340.354 13379.7 35.7436
13319.7 366.39 13392.9 72.1928
13332.9 350.768 13407.5 66.9857
13346.4 400.235 13421.6 24.0278
13361.3 423.667 13434.5 50.0629
13374.5 480.944 13449.4 27.9331
13388.8 453.607 13463.4 53.9682
13401.1 458.814 13476.3 111.245
13415.7 452.305 13490.3 116.452
13429.5 452.305 13503.8 162.014
13443.5 426.27 13518.4 155.505
13457.3 482.246 13532.8 180.238
13471.6 517.393 13545.4 189.351
13485.4 506.979 13560 145.091
13499.1 555.144 13573.8 191.954
13512.6 582.481 13587.8 201.067
13526.4 560.351 13601.6 219.291
13539.8 561.653 13614.8 227.102
13553.6 523.902 13630 249.232
13568.2 506.979 13643.7 254.439
13581.7 526.505 13657.2 267.456
13594.8 547.334 13670.9 270.06
13609.5 617.628 13684.7 286.982
13622.9 654.078 13697.6 315.621
13636.1 706.148 13712.2 333.846
13650.5 695.734 13726.6 376.804
13664.2 668.397 13740 398.933
13677.7 634.551 13753.8 415.856
13692 595.499 13767.6 457.512
13706.1 587.688 13781.6 464.021
13718.7 621.534 13796.8 431.477
13733.6 651.474 13809.1 443.193
13746.5 698.337 13823.8 484.849
13760.8 736.088 13837.3 510.884
13774.9 792.064 13852.8 529.109
13787.8 832.418 13865.9 587.688
13802.1 790.762 13881.2 611.12
13816.5 785.555 13893.5 659.285
13829.6 745.2 13897.9 680.113
13844 760.821 13884.4 665.793
13857.5 713.958 13871.2 660.586
