7013.58 -111.355 7028.23 -84.0179
7004.78 -81.4144 7041.43 -73.6039
7000.68 -93.1302 7056.08 -112.657
7008.59 -78.8109 7070.15 -89.225
7022.08 -121.769 7083.34 -85.3197
7035.56 -69.6986 7097.41 -104.846
7049.93 -90.5267 7110.9 -116.562
7064 -64.4916 7124.97 -124.372
7077.19 -54.0776 7138.74 -124.372
7092.14 -60.5863 7151.93 -123.071
7105.04 -82.7162 7166.59 -138.692
7119.4 -95.7337 7179.77 -123.071
7133.17 -78.8109 7194.13 -86.6215
7146.95 -76.2074 7208.2 -97.0355
7160.14 -110.053 7222.26 -89.225
7175.08 -112.657 7236.04 -89.225
7187.98 -97.0355 7249.81 -97.0355
7201.75 -100.941 7263.58 -129.579
7216.11 -102.243 7276.76 -108.751
7230.47 -73.6039 7290.24 -85.3197
7243.36 -64.4916 7304.3 -110.053
7258.31 -94.432 7317.78 -86.6215
7271.2 -38.4565 7332.14 -106.148
7285.26 -72.3021 7345.61 -82.7162
7298.74 -98.3372 7359.38 -48.8705
7312.8 -91.8285 7373.44 -59.2846
7327.74 -100.941 7388.08 -18.9302
7340.92 -128.278 7400.97 -99.639
7354.11 -98.3372 7414.74 -78.8109
7368.17 -86.6215 7429.38 -113.958
7381.93 -87.9232 7442.85 -115.26
7395.99 -44.9653 7456.91 -106.148
7410.35 -74.9056 7469.8 -93.1302
7423.82 -102.243 7485.03 -80.1127
7437.88 -112.657 7497.62 -89.225
7451.64 -97.0355 7512.55 -99.639
7465.41 -81.4144 7526.02 -67.0951
7478.29 -123.071 7539.49 -106.148
7492.64 -115.26 7553.55 -91.8285
7506.99 -103.544 7567.01 -94.432
7520.75 -76.2074 7580.77 -85.3197
7533.64 -102.243 7593.95 -78.8109
7548.57 -65.7934 7608.88 -113.958
7562.62 -84.0179 7623.23 -81.4144
7576.09 -112.657 7636.4 -93.1302
7590.14 -121.769 7650.45 -61.8881
7603.03 -100.941 7664.21 -80.1127
7617.96 -94.432 7678.55 -99.639
7631.42 -90.5267 7690.85 -80.1127
7644.89 -112.657 7705.77 -94.432
7658.94 -94.432 7719.82 -82.7162
7672.4 -73.6039 7733.58 -112.657
7686.45 -107.45 7747.04 -99.639
7700.8 -55.3793 7761.09 -59.2846
7714.55 -74.9056 7775.13 -52.7758
7728.31 -100.941 7788.6 -68.3969
7741.77 -103.544 7803.23 -39.7582
7755.53 -85.3197 7816.69 -57.9828
7769.57 -102.243 7830.73 -77.5092
7784.2 -110.053 7843.9 -60.5863
7796.79 -116.562 7857.94 -87.9232
7810.54 -76.2074 7871.69 -99.639
7824.59 -65.7934 7885.74 -52.7758
7838.63 -77.5092 7899.78 -71.0004
7852.09 -67.0951 7912.65 -74.9056
7866.43 -43.6635 7927.57 -69.6986
7879.89 -72.3021 7940.15 -78.8109
7892.76 -76.2074 7954.78 -64.4916
7907.39 -82.7162 7967.94 -69.6986
7921.14 -89.225 7982.27 -54.0776
7935.47 -47.5688 7996.61 -63.1898
7949.22 -87.9232 8009.77 -61.8881
7963.26 -74.9056 8023.22 -87.9232
7977.01 -69.6986 8037.85 -99.639
7989.59 -103.544 8051.3 -57.9828
8004.5 -54.0776 8065.34 -78.8109
8017.67 -34.5512 8078.5 -64.4916
8032 -57.9828 8093.12 -52.7758
8046.33 -95.7337 8106.57 -54.0776
8059.49 -73.6039 8120.9 -71.0004
8073.53 -52.7758 8133.77 -94.432
8087.86 -97.0355 8148.39 -54.0776
8101.6 -71.0004 8161.84 -100.941
8115.34 -74.9056 8174.99 -65.7934
8129.09 -87.9232 8189.32 -80.1127
8142.54 -64.4916 8203.65 -73.6039
8155.7 -43.6635 8217.68 -77.5092
8169.44 -60.5863 8231.42 -61.8881
8183.76 -51.474 8244.28 -42.3617
8197.8 -74.9056 8258.61 -68.3969
8211.54 -60.5863 8272.93 -59.2846
8225.28 -46.267 8286.09 -52.7758
8238.44 -73.6039 8300.41 -80.1127
8252.47 -89.225 8314.44 -100.941
8266.79 -64.4916 8327.88 -80.1127
8280.82 -69.6986 8342.21 -80.1127
8294.85 -57.9828 8355.94 -51.474
8307.42 -63.1898 8369.97 -48.8705
8321.45 -59.2846 8383.12 -123.071
8335.78 -48.8705 8397.44 -76.2074
8349.8 -71.0004 8411.47 -64.4916
8363.83 -77.5092 8425.21 -41.06
8377.28 -120.467 8439.23 -84.0179
8391.31 -100.941 8452.09 -42.3617
8405.04 -94.432 8467.29 -76.2074
8419.07 -71.0004 8480.14 -65.7934
8432.8 -82.7162 8494.17 -41.06
8446.54 -63.1898 8507.9 -68.3969
8460.27 -37.1547 8521.93 -41.06
8474.59 -72.3021 8535.66 -63.1898
8488.32 -61.8881 8549.97 -77.5092
8500.89 -110.053 8563.41 -43.6635
8515.79 -87.9232 8576.56 -22.8354
8529.81 -82.7162 8591.17 -72.3021
8542.38 -74.9056 8604.02 -78.8109
8556.11 -97.0355 8618.92 -69.6986
8571.59 -46.267 8632.65 -80.1127
8584.74 -63.1898 8646.67 -74.9056
8598.47 -54.0776 8659.82 -72.3021
8612.2 -42.3617 8673.84 -87.9232
8625.93 -71.0004 8687.56 -85.3197
8639.37 -95.7337 8701.29 -54.0776
8653.97 -93.1302 8715.9 -59.2846
8667.41 -93.1302 8729.62 -47.5688
8681.72 -89.225 8742.47 -48.8705
8695.16 -104.846 8756.78 -68.3969
8709.47 -50.1723 8770.51 -86.6215
8722.91 -65.7934 8784.24 -82.7162
8736.34 -50.1723 8797.96 -82.7162
8749.78 -54.0776 8812.27 -46.267
8763.8 -34.5512 8825.41 -91.8285
8777.81 -104.846 8839.14 -68.3969
8791.54 -74.9056 8853.16 -54.0776
8805.27 -95.7337 8867.46 -48.8705
8818.7 -90.5267 8880.9 -48.8705
8833.59 -82.7162 8894.91 -37.1547
8846.44 -43.6635 8908.93 -69.6986
8860.45 -47.5688 8923.53 -51.474
8874.47 -80.1127 8935.79 -86.6215
8888.78 -78.8109 8951.26 -102.243
8901.92 -52.7758 8964.4 -43.6635
8915.06 -67.0951 8978.12 -48.8705
8929.95 -85.3197 8991.85 -68.3969
8944.55 -85.3197 9006.44 -56.6811
8956.81 -73.6039 9018.99 -41.06
8971.7 -90.5267 9033.3 -67.0951
8985.42 -59.2846 9047.02 -71.0004
8997.98 -86.6215 9061.61 -90.5267
9012.86 -63.1898 9075.34 -104.846
9026 -56.6811 9089.06 -73.6039
9040.31 -60.5863 9103.36 -82.7162
9053.73 -93.1302 9116.79 -81.4144
9068.04 -72.3021 9129.63 -34.5512
9081.76 -48.8705 9144.22 -52.7758
9095.48 -81.4144 9157.36 -43.6635
9110.07 -93.1302 9171.66 -50.1723
9123.5 -81.4144 9185.38 -60.5863
9136.93 -82.7162 9200.26 -59.2846
9150.35 -65.7934 9213.69 -99.639
9163.78 -91.8285 9226.82 -34.5512
9178.95 -63.1898 9241.12 -81.4144
9191.8 -63.1898 9255.13 -67.0951
9205.81 -61.8881 9268.26 -82.7162
9219.82 -90.5267 9282.56 -57.9828
9233.53 -100.941 9297.45 -52.7758
9247.25 -55.3793 9310 -59.2846
9261.84 -60.5863 9323.71 -84.0179
9274.97 -80.1127 9336.55 -72.3021
9288.69 -73.6039 9351.14 -56.6811
9302.99 -56.6811 9365.73 -68.3969
9316.41 -72.3021 9380.03 -85.3197
9330.13 -51.474 9392.87 -71.0004
9344.43 -73.6039 9406.58 -99.639
9358.14 -42.3617 9420.88 -44.9653
9370.4 -74.9056 9434.3 -65.7934
9384.41 -85.3197 9448.89 -54.0776
9399.58 -112.657 9462.02 -37.1547
9413 -71.0004 9476.61 -76.2074
9426.42 -93.1302 9490.62 -41.06
9440.72 -95.7337 9504.04 -89.225
9455.31 -71.0004 9517.75 -87.9232
9467.86 -47.5688 9531.46 -100.941
9481.57 -34.5512 9545.18 -89.225
9495.87 -56.6811 9558.59 -43.6635
9509.58 -71.0004 9573.18 -59.2846
9523.29 -104.846 9586.6 -59.2846
9537.3 -80.1127 9600.61 -43.6635
9550.72 -63.1898 9614.9 -65.7934
9565.31 -91.8285 9628.03 -80.1127
9578.43 -59.2846 9641.16 -84.0179
9592.15 -74.9056 9655.74 -71.0004
9605.57 -65.7934 9670.62 -78.8109
9620.44 -84.0179 9683.75 -94.432
9633.28 -65.7934 9698.04 -55.3793
9648.45 -69.6986 9711.46 -80.1127
9660.7 -65.7934 9724.59 -91.8285
9675 -59.2846 9739.17 -82.7162
9688.71 -50.1723 9752.59 -68.3969
9703.29 -61.8881 9766.6 -68.3969
9717.3 -57.9828 9781.18 -67.0951
9731.3 -74.9056 9795.18 -95.7337
9745.01 -99.639 9808.89 -47.5688
9758.43 -72.3021 9822.02 -82.7162
9771.85 -39.7582 9836.02 -56.6811
9785.85 -76.2074 9849.73 -73.6039
9799.85 -73.6039 9863.73 -73.6039
9813.26 -51.474 9876.85 -57.9828
9827.85 -91.8285 9891.15 -87.9232
9842.14 -48.8705 9904.85 -54.0776
9854.1 -80.1127 9918.56 -85.3197
9868.98 -110.053 9931.4 -65.7934
9882.69 -98.3372 9947.15 -65.7934
9895.52 -98.3372 9959.11 -68.3969
9909.52 -99.639 9973.98 -55.3793
9924.98 -63.1898 9988.86 -77.5092
9937.23 -46.267 10002 -71.0004
9951.23 -52.7758 10015.4 -85.3197
9965.23 -37.1547 10029.7 -102.243
9978.36 -46.267 10043.1 -55.3793
9992.06 -86.6215 10057.4 -72.3021
10007.2 -89.225 10070.5 -56.6811
10021.2 -72.3021 10085.4 -77.5092
10033.8 -57.9828 10099.7 -80.1127
10047.8 -89.225 10112.2 -71.0004
10061.8 -64.4916 10126.8 -72.3021
10075.5 -68.3969 10138.8 -68.3969
10089.8 -72.3021 10153.6 -84.0179
10102.6 -82.7162 10167.9 -64.4916
10117.5 -78.8109 10181.6 -89.225
10130.6 -59.2846 10195.3 -73.6039
10144.3 -77.5092 10209.3 -57.9828
10158.9 -71.0004 10224.5 -67.0951
10172.6 -48.8705 10236.2 -29.3442
10187.5 -85.3197 10250.5 -87.9232
10200 -89.225 10264.8 -30.646
10213.4 -38.4565 10279 -71.0004
10227.4 -71.0004 10292.2 -72.3021
10241.7 -60.5863 10306.5 -91.8285
10255.1 -74.9056 10320.8 -61.8881
10268 -97.0355 10333.9 -48.8705
10283.1 -91.8285 10348.5 -93.1302
10297.1 -87.9232 10361.9 -12.4214
10310.8 -95.7337 10375.9 -93.1302
10324.5 -81.4144 10389 -119.165
10337.7 -77.5092 10403.3 -103.544
10351.7 -56.6811 10416.1 -113.958
10365.4 -84.0179 10431 -142.597
10379.1 -34.5512 10444.1 -130.881
10393.4 -44.9653 10458.7 -146.502
10407.4 -100.941 10472.4 -90.5267
10421.4 -80.1127 10486.1 -121.769
10434.8 -104.846 10500.4 -107.45
10448.2 -85.3197 10514.4 -67.0951
10462.2 -68.3969 10527.2 -78.8109
10475.9 -94.432 10542.1 -100.941
10490.2 -57.9828 10555.8 -91.8285
10503.9 -63.1898 10568.9 -149.106
10518.2 -60.5863 10583.5 -139.993
10531.6 -48.8705 10596.4 -136.088
10544.7 -65.7934 10611.2 -150.407
10558.7 -37.1547 10623.5 -84.0179
10573.6 -55.3793 10638.4 -94.432
10586.4 -103.544 10651.8 -76.2074
10599.6 -74.9056 10666.1 -106.148
10613.9 -86.6215 10680.4 -107.45
10628.1 -87.9232 10694.1 -110.053
10641.9 -72.3021 10707.2 -115.26
10656.1 -74.9056 10721.5 -98.3372
10669.9 -60.5863 10734.6 -120.467
10682.4 -76.2074 10749.2 -108.751
10697 -38.4565 10762.6 -123.071
10711 -77.5092 10776.9 -90.5267
10725 -102.243 10790.6 -100.941
10738.7 -71.0004 10804.3 -100.941
10752.1 -73.6039 10818 -115.26
10766.1 -87.9232 10832 -80.1127
10779.5 -78.8109 10846.6 -112.657
10793.5 -64.4916 10860 -108.751
10807.8 -57.9828 10873.4 -103.544
10820.9 -31.9477 10887.4 -126.976
10835.5 -60.5863 10901.2 -137.39
10848.9 -67.0951 10915.2 -104.846
10862.1 -97.0355 10928.9 -64.4916
10877 -68.3969 10942.9 -104.846
10890.1 -82.7162 10956.6 -86.6215
10904.1 -61.8881 10970.9 -86.6215
10918.4 -68.3969 10984.6 -103.544
10932.7 -51.474 10997.1 -73.6039
10945.5 -65.7934 11012.3 -106.148
10958.6 -73.6039 11025.4 -113.958
10972.9 -65.7934 11039.4 -90.5267
10987.2 -69.6986 11054 -106.148
10999.8 -61.8881 11067.4 -106.148
11014.9 -78.8109 11080.3 -91.8285
11028.6 -77.5092 11094.6 -90.5267
11042 -55.3793 11109.4 -76.2074
11055.5 -82.7162 11122.6 -117.864
11070.3 -73.6039 11136.6 -80.1127
11084.1 -65.7934 11149.7 -89.225
11096.9 -82.7162 11164.6 -97.0355
11112.1 -71.0004 11178.3 -107.45
11124 -38.4565 11191.4 -111.355
11137.7 -84.0179 11205.1 -113.958
11153.2 -103.544 11219.4 -104.846
11166.3 -56.6811 11233.1 -110.053
11181.5 -55.3793 11247.4 -98.3372
11194.3 -65.7934 11261.4 -65.7934
11207.5 -78.8109 11275.1 -72.3021
11221.8 -55.3793 11289.5 -71.0004
11235.2 -46.267 11302.9 -97.0355
11248.6 -57.9828 11315.4 -128.278
11262.3 -72.3021 11329.7 -81.4144
11276.6 -78.8109 11343.4 -77.5092
11290.3 -54.0776 11357.7 -86.6215
11304.6 -78.8109 11371.7 -89.225
11318.9 -93.1302 11385.7 -110.053
11332.3 -65.7934 11399.5 -71.0004
11345.8 -47.5688 11413.2 -73.6039
11359.2 -55.3793 11426.6 -74.9056
11373.2 -61.8881 11440.6 -68.3969
11386.9 -90.5267 11455.5 -57.9828
11401.2 -95.7337 11468.9 -116.562
11414.6 -89.225 11483.2 -106.148
11428.3 -68.3969 11496.3 -85.3197
11442.9 -59.2846 11510 -76.2074
11455.8 -76.2074 11523.8 -74.9056
11469.2 -65.7934 11538.1 -102.243
11484.4 -55.3793 11551.5 -106.148
11498.1 -47.5688 11565.2 -73.6039
11512.7 -74.9056 11578.6 -80.1127
11524.9 -46.267 11593.5 -56.6811
11539 -89.225 11606.9 -91.8285
11553.3 -69.6986 11621 -63.1898
11567 -51.474 11633.8 -74.9056
11581.3 -82.7162 11648.7 -76.2074
11594.4 -55.3793 11662.1 -76.2074
11608.4 -43.6635 11675.8 -91.8285
11620.4 -48.8705 11689.9 -72.3021
11635.9 -59.2846 11703.6 -97.0355
11649 -90.5267 11718.5 -80.1127
11662.4 -100.941 11732.2 -55.3793
11677.9 -97.0355 11745.9 -59.2846
11691 -84.0179 11758.7 -104.846
11705.3 -89.225 11772.8 -126.976
11718.5 -93.1302 11786.8 -111.355
11732.8 -51.474 11801.1 -107.45
11745.6 -64.4916 11814.8 -104.846
11760.8 -37.1547 11828.8 -107.45
11773.3 -48.8705 11841.6 -67.0951
11787.9 -77.5092 11856 -77.5092
11801.1 -80.1127 11870.6 -67.0951
11814.5 -112.657 11884 -68.3969
11828.8 -99.639 11897.4 -60.5863
11842.8 -97.0355 11911.4 -82.7162
11856.3 -65.7934 11924.9 -115.26
11870.6 -54.0776 11938.6 -107.45
11884 -38.4565 11952.3 -76.2074
11898.3 -47.5688 11967.5 -100.941
11912 -21.5337 11980.9 -115.26
11927.2 -68.3969 11994.9 -63.1898
11939.5 -71.0004 12008.7 -86.6215
11953.2 -74.9056 12022.4 -51.474
11966.9 -95.7337 12035.8 -74.9056
11981.2 -89.225 12049.6 -63.1898
11994.7 -71.0004 12064.5 -111.355
12009.3 -86.6215 12077 -119.165
12021.8 -51.474 12091.9 -115.26
12035.8 -38.4565 12105.9 -102.243
12050.1 -48.8705 12119.1 -81.4144
12063.9 -51.474 12132.5 -77.5092
12077.6 -73.6039 12146.8 -85.3197
12091.3 -74.9056 12160.8 -39.7582
12105.3 -94.432 12174.9 -56.6811
12118.5 -100.941 12188 -89.225
12132.5 -63.1898 12202.3 -116.562
12146.5 -48.8705 12216 -128.278
12160 -64.4916 12229.8 -136.088
12173.7 -15.0249 12243.8 -95.7337
12188.3 -44.9653 12258.4 -110.053
12202 -44.9653 12271 -102.243
12214.9 -34.5512 12285 -77.5092
12229.5 -74.9056 12299.3 -72.3021
12242.6 -69.6986 12312.7 -48.8705
12257.2 -71.0004 12326.8 -116.562
12271 -82.7162 12341.1 -102.243
12285.6 -38.4565 12353.9 -116.562
12299 -39.7582 12367.7 -143.899
12312.5 -21.5337 12382 -137.39
12325.9 -0.70557 12395.7 -137.39
12340.2 -47.5688 12409.4 -121.769
12353.1 -34.5512 12423.2 -86.6215
12367.1 -65.7934 12436.9 -73.6039
12381.1 -57.9828 12451.8 -77.5092
12394 -91.8285 12465.3 -60.5863
12409.4 -60.5863 12478.7 -94.432
12422.6 -47.5688 12493 -78.8109
12436.9 -39.7582 12506.2 -85.3197
12449.5 -0.70557 12520.8 -86.6215
12464.1 -17.6284 12533.9 -84.0179
12478.4 -30.646 12548 -124.372
12491.6 -54.0776 12562.3 -117.864
12505.9 -24.1372 12576.3 -73.6039
12519.6 -25.4389 12589.5 -73.6039
12532.5 -51.474 12603.2 -86.6215
12546.2 -24.1372 12618.4 -106.148
12560.5 1.89794 12631.3 -60.5863
12574 -16.3266 12644.7 -102.243
12588.9 -17.6284 12659.3 -85.3197
12602.6 -7.21435 12673.1 -99.639
12615.5 -37.1547 12686.5 -104.846
12629.2 -26.7407 12700 -81.4144
12642.7 -24.1372 12714.9 -47.5688
12656.7 -12.4214 12728.3 -85.3197
12671 -15.0249 12742.1 -106.148
12684.5 1.89794 12756.1 -26.7407
12698.5 26.6313 12769.8 -43.6635
12712.5 -16.3266 12783.6 -81.4144
12726.3 25.3295 12797 -97.0355
12739.4 12.312 12811.4 -106.148
12754.4 0.596186 12824.5 -85.3197
12766.9 -22.8354 12839.7 -91.8285
12781 -4.61084 12853.2 -98.3372
12793.8 1.89794 12867.2 -97.0355
12808.1 21.4243 12880.4 -59.2846
12823.4 12.312 12894.7 -104.846
12836.2 21.4243 12908.4 -56.6811
12851.1 14.9155 12922.5 -69.6986
12864.3 33.1401 12936.5 -63.1898
12878.3 30.5366 12950 -84.0179
12891.2 1.89794 12964 -86.6215
12905.5 1.89794 12977.5 -76.2074
12918.7 -22.8354 12991.2 -113.958
12933.6 -16.3266 13005.2 -65.7934
12946.2 35.7436 13019 -67.0951
12960.8 61.7787 13032.7 -39.7582
12974.5 96.9261 13046.8 -41.06
12988.9 77.3998 13060.8 -43.6635
13002.6 48.7611 13074.6 -50.1723
13014.6 56.5717 13088.3 -87.9232
13030.1 9.70847 13102.4 -80.1127
13043.3 26.6313 13115.5 -104.846
13057.6 -13.7231 13130.7 -95.7337
13070.5 53.9682 13143.9 -80.1127
13084.5 51.3647 13157.9 -89.225
13098.3 119.056 13172 -44.9653
13112.6 132.074 13185.1 -52.7758
13126 163.316 13198.6 -15.0249
13140.4 142.488 13212.9 -11.1196
13153.3 66.9857 13226.4 -46.267
13167.9 29.2348 13240.7 -71.0004
13181.1 30.5366 13255.1 -73.6039
13195.1 25.3295 13267.9 -106.148
13209.1 52.6664 13282.6 -84.0179
13222.6 87.8138 13296.3 -82.7162
13236.4 150.298 13310.4 -31.9477
13250.1 181.54 13323.8 -25.4389
13264.4 206.274 13338.2 25.3295
13277.9 201.067 13352.2 -9.81786
13291.9 117.754 13364.8 -26.7407
13306 85.2103 13378.9 -15.0249
13319.4 55.2699 13393.5 -31.9477
13333.2 65.684 13407.5 -41.06
13346.9 73.4945 13420.4 -60.5863
13360.4 137.281 13435 -30.646
13375 225.8 13449.1 -0.70557
13388.2 219.291 13462.8 46.1576
13402.8 258.344 13475.7 65.684
13416 236.214 13490.3 33.1401
13429.5 186.747 13503.8 51.3647
13444.4 146.393 13518.2 39.6489
13457 98.2279 13532.2 -3.30908
13471 77.3998 13545.7 -18.9302
13485.7 87.8138 13559.7 33.1401
13498.5 154.203 13573.5 33.1401
13512 216.688 13586.9 44.8559
13526.9 293.491 13601.3 111.245
13540.4 332.544 13615 109.944
13553.9 306.509 13628.8 117.754
13567.9 273.965 13643.4 115.151
13581.7 210.179 13656.3 98.2279
13595.1 156.807 13671.3 52.6664
13608.3 148.996 13683.8 104.737
13622.9 227.102 13699.1 102.133
13637 257.042 13711.7 83.9085
13650.8 309.112 13726.9 151.6
13664.5 362.484 13740 150.298
13677.4 365.088 13754.4 180.238
13692 359.881 13767.9 173.73
13705.8 355.975 13781.9 189.351
13719.6 315.621 13796 191.954
13733.3 297.397 13809.7 163.316
13747.1 322.13 13824.1 190.653
13761.1 305.207 13837.8 198.463
13774 368.993 13852.2 231.007
13788.6 398.933 13867.1 273.965
13802.4 448.4 13881.8 258.344
13816.2 458.814 13894.3 279.172
13829.9 449.702 13899.3 262.249
13843.7 411.951 13885 296.095
13857.5 331.242 13871.2 327.337
