7013.28 -215.495 7028.23 -211.59
7005.07 -155.615 7042.01 -206.383
7000.97 -160.822 7055.79 -216.797
7009.18 -179.046 7069.86 -263.66
7020.9 -181.65 7083.05 -245.436
7035.27 -163.425 7097.12 -238.927
7049.34 -185.555 7110.9 -257.151
7064 -154.313 7124.67 -216.797
7077.78 -166.029 7139.03 -224.608
7091.85 -176.443 7152.81 -253.246
7104.45 -164.727 7166 -261.057
7118.81 -154.313 7179.77 -257.151
7133.17 -169.934 7193.84 -268.867
7146.66 -150.407 7207.32 -222.004
7161.31 -179.046 7221.68 -232.418
7175.08 -176.443 7236.91 -228.513
7188.86 -215.495 7248.64 -240.229
7202.05 -128.278 7262.41 -211.59
7216.7 -164.727 7276.47 -258.453
7230.47 -171.236 7291.12 -249.341
7243.95 -176.443 7303.13 -246.737
7257.72 -134.786 7318.37 -250.643
7271.78 -163.425 7332.43 -251.944
7285.55 -192.064 7345.9 -248.039
7299.03 -177.744 7360.55 -224.608
7312.21 -133.485 7373.15 -245.436
7326.57 -163.425 7387.5 -244.134
7340.63 -185.555 7401.27 -218.099
7354.4 -155.615 7414.45 -281.885
7368.46 -160.822 7429.38 -248.039
7382.52 -160.822 7442.56 -233.72
7396.58 -164.727 7456.91 -244.134
7409.76 -154.313 7470.68 -236.323
7424.11 -156.916 7484.15 -244.134
7436.7 -181.65 7498.5 -237.625
7450.76 -137.39 7512.55 -248.039
7464.82 -155.615 7526.02 -210.288
7478.88 -141.295 7538.91 -222.004
7493.81 -147.804 7553.84 -195.969
7506.4 -203.779 7566.72 -212.892
7520.46 -136.088 7581.36 -251.944
7534.81 -138.692 7595.71 -208.986
7548.28 -133.485 7608.88 -251.944
7561.74 -134.786 7623.52 -211.59
7574.92 -156.916 7636.11 -192.064
7590.14 -143.899 7651.04 -232.418
7603.32 -126.976 7663.62 -202.478
7616.79 -172.537 7677.97 -163.425
7631.13 -121.769 7691.72 -194.667
7645.77 -185.555 7705.48 -149.106
7658.35 -181.65 7719.82 -179.046
7673.28 -133.485 7732.99 -195.969
7686.16 -162.123 7747.33 -211.59
7699.63 -149.106 7761.38 -235.022
7714.26 -143.899 7775.13 -225.909
7727.72 -155.615 7788.3 -215.495
7741.77 -151.709 7803.23 -205.081
7756.11 -162.123 7816.69 -175.141
7769.57 -123.071 7830.15 -193.365
7783.03 -158.218 7843.9 -194.667
7796.5 -162.123 7857.65 -179.046
7810.54 -162.123 7870.82 -186.857
7824.29 -180.348 7885.15 -194.667
7838.92 -179.046 7899.78 -184.253
7852.68 -166.029 7912.65 -181.65
7865.84 -137.39 7927.28 -210.288
7879.89 -153.011 7940.74 -177.744
7893.35 -129.579 7954.19 -163.425
7907.1 -133.485 7968.53 -184.253
7921.43 -159.52 7983.15 -134.786
7934.89 -175.141 7995.73 -177.744
7948.64 -153.011 8010.35 -193.365
7963.26 -129.579 8024.39 -179.046
7977.01 -147.804 8037.85 -158.218
7989.59 -160.822 8051.3 -202.478
8004.5 -182.951 8064.75 -177.744
8017.67 -138.692 8078.5 -186.857
8032 -142.597 8092.83 -189.46
8046.03 -190.762 8106.28 -168.632
8060.07 -132.183 8119.73 -169.934
8073.82 -147.804 8133.77 -194.667
8088.15 -154.313 8147.8 -180.348
8101.6 -141.295 8161.25 -189.46
8115.34 -205.081 8177.33 -169.934
8128.21 -158.218 8189.32 -201.176
8141.95 -138.692 8203.35 -189.46
8156.57 -168.632 8217.97 -151.709
8169.44 -167.33 8232 -156.916
8183.47 -154.313 8244.57 -163.425
8197.22 -150.407 8258.9 -212.892
8211.54 -147.804 8273.81 -151.709
8224.7 -159.52 8286.38 -212.892
8238.73 -180.348 8299.53 -164.727
8253.34 -158.218 8314.44 -179.046
8266.21 -162.123 8327.59 -179.046
8280.24 -155.615 8342.21 -189.46
8293.68 -207.685 8355.65 -172.537
8308.01 -195.969 8369.68 -146.502
8321.75 -137.39 8384 -182.951
8335.48 -167.33 8396.57 -203.779
8349.8 -176.443 8411.47 -180.348
8362.96 -188.158 8424.33 -212.892
8377.28 -195.969 8437.77 -181.65
8391.31 -137.39 8452.97 -177.744
8404.75 -145.2 8466.7 -147.804
8419.07 -188.158 8480.14 -147.804
8432.8 -199.874 8492.71 -166.029
8446.25 -186.857 8508.78 -149.106
8460.27 -176.443 8521.93 -179.046
8474.01 -160.822 8535.07 -211.59
8486.57 -151.709 8549.39 -186.857
8501.18 -166.029 8563.41 -218.099
8515.5 -136.088 8577.14 -210.288
8528.65 -160.822 8591.75 -201.176
8542.67 -168.632 8605.19 -201.176
8556.4 -149.106 8618.33 -141.295
8570.13 -188.158 8632.36 -154.313
8583.86 -186.857 8646.38 -203.779
8597.89 -154.313 8660.11 -207.685
8612.78 -184.253 8673.25 -163.425
8626.51 -156.916 8687.86 -214.194
8639.37 -149.106 8701 -195.969
8653.1 -150.407 8715.02 -185.555
8666.24 -154.313 8729.04 -177.744
8681.14 -181.65 8742.47 -201.176
8694.87 -199.874 8757.08 -189.46
8709.18 -171.236 8771.1 -168.632
8722.91 -186.857 8783.95 -169.934
8735.76 -143.899 8797.67 -160.822
8750.36 -149.106 8811.69 -205.081
8764.09 -172.537 8825.71 -194.667
8778.1 -153.011 8840.01 -219.401
8791.83 -199.874 8852.86 -201.176
8805.56 -180.348 8867.17 -163.425
8819.87 -130.881 8880.6 -160.822
8832.72 -147.804 8894.62 -175.141
8847.32 -128.278 8908.64 -197.271
8861.92 -154.313 8923.23 -172.537
8873.89 -141.295 8936.37 -195.969
8888.2 -149.106 8950.1 -211.59
8901.63 -163.425 8964.4 -182.951
8916.52 -171.236 8978.41 -180.348
8929.07 -113.958 8991.85 -207.685
8943.96 -154.313 9007.02 -203.779
8957.69 -173.839 9019.58 -158.218
8971.12 -146.502 9033.59 -169.934
8985.42 -153.011 9047.02 -151.709
8999.14 -164.727 9061.32 -201.176
9012.28 -125.674 9075.63 -208.986
9025.71 -163.425 9089.06 -160.822
9040.31 -151.709 9103.07 -182.951
9054.03 -138.692 9116.5 -207.685
9067.75 -160.822 9130.21 -211.59
9081.17 -167.33 9143.64 -185.555
9094.89 -141.295 9157.65 -176.443
9109.49 -156.916 9171.95 -184.253
9123.79 -172.537 9185.09 -185.555
9137.22 -151.709 9199.09 -192.064
9150.65 -129.579 9213.98 -175.141
9164.65 -129.579 9226.82 -195.969
9178.66 -154.313 9241.71 -168.632
9191.51 -160.822 9254.55 -171.236
9205.81 -173.839 9269.14 -194.667
9220.11 -155.615 9282.85 -190.762
9232.95 -134.786 9296.57 -141.295
9246.96 -145.2 9310.29 -175.141
9261.55 -167.33 9323.13 -176.443
9274.68 -137.39 9338.3 -166.029
9288.4 -162.123 9350.26 -177.744
9302.99 -139.993 9365.44 -185.555
9316.12 -134.786 9379.15 -186.857
9330.72 -143.899 9393.45 -177.744
9344.14 -159.52 9406 -151.709
9358.44 -166.029 9420.88 -193.365
9371.86 -141.295 9434.89 -153.011
9385.87 -166.029 9448.02 -185.555
9399.58 -155.615 9462.61 -162.123
9413.29 -139.993 9476.32 -192.064
9426.72 -133.485 9490.62 -194.667
9440.43 -160.822 9503.45 -166.029
9454.43 -156.916 9518.04 -189.46
9469.32 -176.443 9532.05 -173.839
9481.86 -168.632 9545.47 -162.123
9496.45 -168.632 9559.18 -172.537
9509.29 -150.407 9573.47 -208.986
9522.71 -130.881 9586.89 -180.348
9537.59 -136.088 9600.61 -150.407
9551.59 -158.218 9614.9 -189.46
9564.72 -141.295 9628.32 -176.443
9577.85 -151.709 9641.74 -163.425
9593.02 -147.804 9656.03 -171.236
9606.44 -164.727 9669.75 -159.52
9620.74 -142.597 9683.75 -166.029
9634.16 -179.046 9697.17 -192.064
9646.99 -137.39 9711.46 -167.33
9661.58 -150.407 9725.75 -156.916
9675 -116.562 9739.17 -162.123
9689 -156.916 9753.18 -168.632
9703 -132.183 9766.3 -182.951
9716.42 -164.727 9780.59 -169.934
9730.72 -154.313 9794.31 -151.709
9744.72 -160.822 9808.31 -184.253
9758.72 -155.615 9822.31 -227.211
9771.85 -150.407 9835.43 -186.857
9785.85 -162.123 9850.6 -155.615
9799.85 -125.674 9863.44 -181.65
9812.97 -171.236 9877.44 -154.313
9828.43 -179.046 9890.85 -189.46
9840.98 -166.029 9906.02 -176.443
9854.98 -175.141 9918.27 -188.158
9868.69 -158.218 9932.86 -197.271
9882.69 -160.822 9946.85 -193.365
9896.1 -146.502 9959.69 -176.443
9910.4 -156.916 9973.69 -215.495
9923.52 -151.709 9988.56 -169.934
9937.81 -171.236 10001.7 -190.762
9952.4 -153.011 10016 -158.218
9965.23 -156.916 10029.4 -164.727
9979.23 -153.011 10043.4 -169.934
9993.23 -172.537 10057.1 -203.779
10007.2 -156.916 10071.1 -189.46
10020.1 -166.029 10085.1 -193.365
10034.4 -126.976 10099.1 -212.892
10048.6 -150.407 10113.1 -211.59
10062.1 -126.976 10125.9 -189.46
10075.8 -159.52 10140.8 -188.158
10089.8 -164.727 10153.6 -180.348
10103.5 -155.615 10167.9 -192.064
10117.5 -171.236 10182.8 -163.425
10130.9 -164.727 10195.3 -177.744
10145.2 -156.916 10209 -211.59
10157.4 -181.65 10223.1 -206.383
10172.9 -146.502 10237.3 -172.537
10185.7 -173.839 10251 -163.425
10200.6 -143.899 10265.3 -185.555
10214 -142.597 10278.8 -169.934
10227.7 -163.425 10291.9 -190.762
10242 -137.39 10305.9 -202.478
10254.8 -143.899 10320.8 -193.365
10269.1 -141.295 10333 -189.46
10283.4 -147.804 10348.8 -203.779
10296.3 -177.744 10361.6 -173.839
10310.3 -169.934 10375.3 -208.986
10324.3 -162.123 10389 -173.839
10338.3 -151.709 10403 -166.029
10351.7 -143.899 10417.6 -190.762
10366.3 -136.088 10431 -175.141
10380.3 -121.769 10444.4 -176.443
10394.3 -164.727 10458.1 -207.685
10408.3 -117.864 10473 -202.478
10420.5 -155.615 10485.8 -182.951
10434.5 -155.615 10499.5 -171.236
10448.8 -167.33 10514.4 -188.158
10461.6 -136.088 10528.1 -172.537
10476.2 -137.39 10540.6 -197.271
10489.6 -155.615 10555.2 -166.029
10503.3 -132.183 10569.8 -185.555
10517.3 -136.088 10582.9 -194.667
10531 -129.579 10596.9 -194.667
10544.7 -111.355 10610.4 -198.572
10559.6 -146.502 10623.5 -176.443
10572.5 -160.822 10638.9 -168.632
10586.7 -181.65 10652.6 -211.59
10600.7 -149.106 10665.5 -180.348
10614.1 -155.615 10679.5 -181.65
10628.4 -149.106 10693.8 -175.141
10642.2 -133.485 10707.8 -201.176
10656.4 -108.751 10721.2 -198.572
10669.9 -143.899 10735.8 -182.951
10683.3 -104.846 10748.6 -193.365
10696.1 -134.786 10762.6 -216.797
10711 -155.615 10776.6 -184.253
10724.1 -150.407 10791.2 -201.176
10738.7 -171.236 10804.6 -203.779
10751.8 -158.218 10818 -160.822
10765.8 -145.2 10832.6 -185.555
10778.9 -159.52 10845.7 -208.986
10793.5 -177.744 10858.9 -185.555
10808.1 -167.33 10873.7 -222.004
10820.4 -141.295 10887.7 -214.194
10834.6 -145.2 10901.2 -210.288
10848.6 -147.804 10915.2 -188.158
10862.9 -143.899 10929.4 -168.632
10876.4 -160.822 10943.5 -190.762
10890.4 -112.657 10956 -202.478
10903.2 -151.709 10971.2 -203.779
10918.1 -179.046 10985.5 -197.271
10930.9 -150.407 10998 -198.572
10945.8 -180.348 11011.4 -219.401
10959.2 -151.709 11025.7 -202.478
10973.2 -163.425 11038.8 -212.892
10987.5 -150.407 11053.1 -175.141
11000.9 -154.313 11067.7 -197.271
11014.3 -142.597 11082.6 -203.779
11029.2 -119.165 11094.8 -181.65
11042 -125.674 11108.9 -205.081
11056.9 -147.804 11122.3 -219.401
11068.9 -166.029 11136.6 -206.383
11083.8 -150.407 11150.3 -218.099
11097.2 -139.993 11164.6 -188.158
11110.9 -141.295 11177.7 -198.572
11124.9 -143.899 11192.3 -197.271
11138.3 -155.615 11205.7 -177.744
11152 -125.674 11219.4 -185.555
11166 -166.029 11232.5 -197.271
11180 -124.372 11247.4 -198.572
11194.6 -164.727 11260.9 -171.236
11207.8 -149.106 11275.4 -177.744
11222 -192.064 11288.6 -180.348
11235.5 -146.502 11302.3 -182.951
11249.2 -158.218 11316.3 -211.59
11263.5 -123.071 11329.7 -211.59
11276.9 -120.467 11343.4 -192.064
11290.9 -130.881 11358.6 -201.176
11304.6 -139.993 11372.3 -192.064
11317.8 -147.804 11385.7 -199.874
11331.5 -117.864 11399.8 -206.383
11346 -149.106 11412.9 -172.537
11360.1 -181.65 11427.5 -184.253
11372.3 -166.029 11440.9 -162.123
11387.5 -159.52 11454.6 -185.555
11401.8 -166.029 11468.3 -197.271
11414.3 -128.278 11482 -186.857
11428.1 -124.372 11496.9 -242.832
11442.9 -143.899 11510 -206.383
11456.1 -146.502 11523.8 -175.141
11469.5 -130.881 11537.8 -205.081
11484.1 -137.39 11551.2 -216.797
11497.5 -176.443 11565.8 -207.685
11511.2 -166.029 11579.2 -205.081
11525.5 -150.407 11593.8 -203.779
11538.7 -155.615 11606.4 -210.288
11553.3 -150.407 11620.7 -207.685
11565.8 -125.674 11635 -203.779
11580.4 -155.615 11648.1 -220.702
11593.8 -149.106 11662.1 -211.59
11608.1 -158.218 11676.7 -207.685
11622.1 -142.597 11689.9 -216.797
11635.3 -160.822 11704.4 -192.064
11649.3 -160.822 11717.3 -188.158
11662.7 -160.822 11731.9 -205.081
11677 -119.165 11745.3 -169.934
11691 -136.088 11759 -203.779
11704.4 -150.407 11772.5 -240.229
11718.2 -123.071 11787.4 -219.401
11731.9 -143.899 11800.5 -195.969
11746.5 -151.709 11814.5 -233.72
11760.2 -158.218 11829.1 -198.572
11774.8 -133.485 11843.4 -188.158
11787.4 -143.899 11856.3 -158.218
11801.1 -146.502 11870.6 -172.537
11814.8 -117.864 11883.4 -211.59
11828.5 -149.106 11897.1 -189.46
11843.1 -145.2 11912 -175.141
11856.8 -169.934 11924.9 -229.815
11870.9 -129.579 11938.9 -195.969
11884 -113.958 11952.9 -198.572
11897.7 -138.692 11966.9 -189.46
11912 -129.579 11980.4 -159.52
11924.9 -95.7337 11994.7 -197.271
11939.2 -156.916 12008.4 -192.064
11953.8 -115.26 12021.5 -229.815
11967.2 -130.881 12035.5 -195.969
11979.8 -112.657 12050.1 -198.572
11994.4 -164.727 12064.7 -188.158
12007.5 -107.45 12077.3 -219.401
12022.7 -119.165 12091.9 -195.969
12035.5 -113.958 12106.2 -184.253
12049.8 -115.26 12118.8 -193.365
12062.7 -123.071 12132.8 -188.158
12076.4 -104.846 12148 -199.874
12091 -100.941 12160 -186.857
12105.3 -107.45 12174.9 -155.615
12118.2 -89.225 12188.9 -163.425
12133.1 -132.183 12202.6 -205.081
12146.8 -125.674 12215.8 -153.011
12160 -129.579 12230.1 -197.271
12174 -112.657 12243.5 -205.081
12187.7 -117.864 12257.5 -199.874
12201.7 -108.751 12271.3 -162.123
12215.8 -68.3969 12285.6 -177.744
12228.9 -110.053 12299.3 -162.123
12243.2 -100.941 12313.3 -172.537
12256.1 -107.45 12327.1 -149.106
12270.4 -107.45 12340.8 -202.478
12284.4 -93.1302 12354.8 -172.537
12297.8 -93.1302 12368.6 -194.667
12311.6 -103.544 12382 -207.685
12325.9 -116.562 12395.4 -218.099
12340.2 -87.9232 12409.4 -242.832
12352.5 -110.053 12424.1 -185.555
12367.1 -99.639 12437.2 -160.822
12381.4 -89.225 12451.2 -166.029
12394.6 -94.432 12465.6 -168.632
12407.4 -100.941 12479.3 -190.762
12422.6 -82.7162 12492.5 -179.046
12436.6 -72.3021 12507.1 -211.59
12450.1 -107.45 12520.5 -219.401
12464.4 -108.751 12534.5 -215.495
12477.8 -71.0004 12548.3 -210.288
12491.6 -86.6215 12562 -156.916
12504.4 -81.4144 12576.6 -203.779
12519.3 -47.5688 12589.2 -214.194
12533.4 -4.61084 12604.1 -222.004
12545.9 -33.2495 12618.1 -192.064
12560 -33.2495 12631.9 -190.762
12574.6 -16.3266 12645.3 -220.702
12588.6 -47.5688 12658.8 -190.762
12601.8 -67.0951 12673.4 -218.099
12615.5 -28.0424 12686.8 -184.253
12629.5 -42.3617 12700 -194.667
12643.3 -28.0424 12715.2 -205.081
12656.4 -12.4214 12727.4 -184.253
12670.4 -55.3793 12742.6 -202.478
12684.8 5.80321 12756.1 -198.572
12699.4 25.3295 12769.6 -176.443
12712 5.80321 12783.3 -185.555
12725.7 -7.21435 12797.9 -214.194
12739.4 -17.6284 12811.9 -173.839
12754.6 25.3295 12826 -175.141
12767.5 26.6313 12839.7 -171.236
12781.8 35.7436 12852.9 -181.65
12795.3 47.4594 12865.5 -130.881
12808.7 40.9506 12881 -128.278
12822.2 39.6489 12894.7 -159.52
12836.5 37.0453 12908.7 -171.236
12850 48.7611 12921.6 -192.064
12863.7 65.684 12936.2 -139.993
12878 43.5541 12949.7 -158.218
12892.1 52.6664 12964.3 -143.899
12905.2 73.4945 12977.2 -166.029
12919 86.5121 12991.5 -143.899
12933 100.831 13004.7 -147.804
12946.8 98.2279 13018.4 -142.597
12961.1 113.849 13033.6 -156.916
12974 160.712 13047.1 -179.046
12987.7 99.5296 13060.8 -134.786
13001.4 103.435 13074.6 -145.2
13016.1 145.091 13088 -136.088
13029.5 129.47 13102.4 -106.148
13043 151.6 13115.2 -87.9232
13057.3 155.505 13129.6 -81.4144
13071.1 217.989 13143.9 -78.8109
13084.2 156.807 13158.5 -119.165
13098 171.126 13171.4 -102.243
13112.9 168.523 13185.1 -113.958
13125.8 194.558 13198.3 -125.674
13140.4 191.954 13213.5 -99.639
13154.4 224.498 13227.3 -77.5092
13167.6 234.912 13239.9 -64.4916
13181.1 280.474 13254.5 -15.0249
13194.8 276.568 13268.8 -38.4565
13209.1 289.586 13282.3 -30.646
13222.9 316.923 13296.6 0.596186
13236.4 285.681 13310.4 -60.5863
13250.1 258.344 13324.4 -57.9828
13265 267.456 13337.3 -30.646
13277.6 255.74 13351 -7.21435
13291.7 303.905 13366 9.70847
13305.7 352.07 13379.7 85.2103
13319.7 402.839 13393.5 76.098
13332.9 419.762 13407.5 96.9261
13348.1 452.305 13421 86.5121
13360.7 418.46 13435 78.7015
13374.5 409.347 13449.4 64.3822
13388.8 379.407 13462.6 35.7436
13402.3 358.579 13476.3 70.891
13415.4 382.011 13491.5 100.831
13429.2 384.614 13503.8 102.133
13445 479.642 13518.4 150.298
13457 480.944 13532.8 160.712
13471.6 534.316 13546.3 152.902
13485.1 559.049 13560 197.161
13498.8 536.92 13573.5 231.007
13512.3 493.962 13586.7 176.333
13527.2 506.979 13600.7 156.807
13540.4 471.832 13615.3 180.238
13553.3 451.004 13629.4 216.688
13568.2 519.997 13644 241.421
13581.7 536.92 13656.9 285.681
13595.1 600.706 13670.7 341.656
13609.2 629.344 13684.4 309.112
13623.2 652.776 13698.2 323.432
13636.4 638.456 13712.2 353.372
13650.8 638.456 13726.3 333.846
13664.2 600.706 13740 370.295
13677.4 608.516 13753.5 353.372
13692.3 615.025 13768.4 378.105
13706.4 644.965 13782.5 441.891
13719.3 708.751 13795.4 470.53
13732.7 730.881 13810.6 457.512
13747.1 780.348 13824.7 514.79
13760.8 764.727 13838.4 492.66
13775.5 784.253 13851.9 529.109
13788.4 759.52 13866.5 562.955
13801.8 734.786 13881.2 598.102
13816.8 745.2 13894.1 592.895
13829.6 725.674 13898.7 672.302
13844.3 766.029 13883.8 681.414
13858 716.562 13871.5 708.751
