7014.45 -232.418 7027.65 -263.66
7004.49 -173.839 7041.43 -301.411
7000.97 -186.857 7056.08 -244.134
7009.18 -199.874 7069.28 -244.134
7021.78 -182.951 7083.34 -266.264
7036.15 -180.348 7098 -274.074
7050.22 -156.916 7110.9 -274.074
7063.41 -162.123 7125.26 -283.187
7077.19 -181.65 7139.33 -262.358
7092.14 -194.667 7152.22 -264.962
7105.62 -202.478 7166.59 -280.583
7118.81 -220.702 7180.07 -259.755
7133.47 -153.011 7194.43 -261.057
7146.36 -137.39 7207.61 -290.997
7159.84 -197.271 7221.97 -275.376
7173.62 -132.183 7235.16 -263.66
7187.98 -149.106 7249.81 -290.997
7202.34 -167.33 7262.99 -300.109
7216.11 -186.857 7276.76 -274.074
7230.18 -173.839 7291.71 -285.79
7242.48 -205.081 7303.72 -267.565
7258.31 -164.727 7318.07 -251.944
7271.78 -181.65 7331.55 -259.755
7285.26 -172.537 7346.49 -270.169
7299.03 -171.236 7359.67 -264.962
7313.68 -149.106 7372.85 -280.583
7327.45 -185.555 7388.08 -277.98
7340.63 -172.537 7400.39 -266.264
7354.4 -177.744 7415.03 -271.471
7368.17 -166.029 7429.68 -306.618
7382.23 -164.727 7442.56 -296.204
7396.29 -158.218 7456.62 -259.755
7410.64 -188.158 7470.38 -255.85
7423.82 -164.727 7484.15 -249.341
7437.58 -146.502 7498.2 -263.66
7451.06 -154.313 7511.67 -259.755
7464.53 -146.502 7525.73 -293.601
7479.17 -185.555 7540.08 -240.229
7492.35 -147.804 7553.25 -242.832
7506.4 -181.65 7567.31 -292.299
7519.87 -158.218 7580.77 -246.737
7534.22 -139.993 7595.12 -242.832
7548.57 -184.253 7609.17 -274.074
7562.33 -181.65 7622.35 -251.944
7575.8 -184.253 7636.69 -271.471
7590.44 -169.934 7650.45 -259.755
7603.61 -156.916 7663.91 -251.944
7616.49 -176.443 7677.97 -309.222
7631.42 -154.313 7691.43 -280.583
7644.3 -192.064 7706.06 -270.169
7658.06 -173.839 7719.24 -246.737
7672.11 -146.502 7733.28 -248.039
7687.04 -171.236 7746.75 -289.695
7700.21 -177.744 7761.38 -280.583
7713.97 -179.046 7775.13 -244.134
7728.31 -123.071 7788.3 -271.471
7741.77 -160.822 7803.52 -240.229
7755.53 -175.141 7816.39 -250.643
7768.99 -163.425 7829.85 -246.737
7783.03 -141.295 7844.19 -235.022
7797.08 -143.899 7857.94 -285.79
7810.83 -185.555 7871.69 -289.695
7824.29 -146.502 7885.45 -305.316
7838.92 -134.786 7899.49 -289.695
7852.38 -163.425 7912.95 -283.187
7866.72 -160.822 7926.7 -270.169
7879.89 -164.727 7940.74 -246.737
7893.93 -137.39 7954.49 -268.867
7907.39 -186.857 7969.11 -266.264
7921.72 -149.106 7982.27 -264.962
7934.89 -167.33 7996.02 -276.678
7949.22 -137.39 8009.77 -284.488
7962.97 -159.52 8022.93 -249.341
7976.42 -158.218 8037.26 -287.092
7990.47 -177.744 8051.59 -264.962
8004.21 -192.064 8065.34 -288.394
8018.25 -169.934 8077.91 -255.85
8031.71 -159.52 8091.66 -249.341
8046.03 -163.425 8106.57 -253.246
8060.07 -162.123 8120.61 -263.66
8073.53 -173.839 8134.94 -276.678
8087.86 -146.502 8148.39 -284.488
8101.6 -153.011 8162.13 -263.66
8115.05 -147.804 8176.16 -284.488
8128.8 -182.951 8189.61 -257.151
8141.95 -172.537 8203.35 -232.418
8155.7 -139.993 8217.39 -254.548
8170.61 -162.123 8231.13 -253.246
8183.76 -189.46 8244.57 -264.962
8197.51 -150.407 8258.02 -274.074
8211.54 -154.313 8272.93 -254.548
8225.28 -137.39 8286.38 -227.211
8237.85 -123.071 8299.82 -292.299
8253.34 -156.916 8314.15 -229.815
8267.08 -133.485 8327.59 -248.039
8280.82 -163.425 8342.21 -238.927
8294.56 -175.141 8356.24 -242.832
8307.72 -159.52 8369.68 -228.513
8321.75 -164.727 8384.29 -263.66
8335.78 -159.52 8397.44 -246.737
8350.1 -164.727 8410.3 -246.737
8362.96 -156.916 8424.04 -255.85
8377.86 -186.857 8438.65 -266.264
8391.6 -189.46 8453.26 -251.944
8405.33 -155.615 8466.7 -228.513
8419.07 -192.064 8480.14 -262.358
8432.51 -139.993 8494.17 -249.341
8446.25 -167.33 8507.9 -207.685
8459.69 -158.218 8521.64 -262.358
8473.72 -188.158 8535.95 -236.323
8487.74 -160.822 8549.97 -208.986
8501.47 -130.881 8563.12 -214.194
8515.79 -175.141 8576.27 -232.418
8529.81 -171.236 8590.29 -238.927
8542.09 -208.986 8604.31 -238.927
8556.98 -147.804 8618.33 -241.53
8570.42 -155.615 8633.53 -223.306
8584.16 -164.727 8646.38 -259.755
8597.89 -172.537 8659.23 -241.53
8611.62 -119.165 8673.84 -227.211
8625.35 -143.899 8688.15 -261.057
8639.66 -164.727 8701 -212.892
8653.39 -142.597 8714.44 -207.685
8667.7 -185.555 8729.33 -215.495
8681.14 -175.141 8743.35 -227.211
8695.16 -138.692 8757.66 -215.495
8709.18 -167.33 8770.8 -201.176
8723.2 -146.502 8784.53 -241.53
8736.34 -172.537 8797.67 -268.867
8750.36 -169.934 8811.98 -272.773
8764.09 -176.443 8826.87 -257.151
8776.64 -185.555 8839.72 -249.341
8792.12 -172.537 8853.74 -258.453
8804.97 -143.899 8867.46 -189.46
8819.28 -141.295 8881.19 -231.116
8832.72 -142.597 8895.5 -218.099
8847.02 -171.236 8907.76 -223.306
8860.75 -156.916 8922.65 -235.022
8874.76 -173.839 8937.54 -235.022
8888.2 -150.407 8950.39 -220.702
8901.92 -153.011 8964.69 -201.176
8915.93 -171.236 8977.54 -210.288
8929.95 -168.632 8992.14 -231.116
8944.26 -142.597 9006.15 -229.815
8957.1 -173.839 9019.87 -218.099
8971.99 -167.33 9033.3 -207.685
8985.42 -168.632 9047.6 -189.46
8998.27 -175.141 9061.03 -203.779
9013.15 -164.727 9075.34 -216.797
9026.58 -188.158 9088.76 -216.797
9040.01 -160.822 9103.07 -227.211
9054.03 -164.727 9116.79 -225.909
9068.33 -156.916 9129.92 -202.478
9081.47 -145.2 9144.81 -216.797
9094.89 -143.899 9158.23 -192.064
9110.07 -149.106 9171.66 -189.46
9123.5 -126.976 9185.96 -190.762
9136.93 -162.123 9199.68 -218.099
9149.77 -139.993 9212.81 -216.797
9164.07 -167.33 9227.4 -236.323
9178.37 -173.839 9240.54 -215.495
9192.09 -155.615 9256.01 -224.608
9205.51 -182.951 9268.85 -192.064
9219.53 -130.881 9282.56 -171.236
9233.24 -130.881 9296.86 -192.064
9246.08 -163.425 9310.29 -210.288
9261.55 -190.762 9323.42 -218.099
9274.97 -172.537 9338.01 -207.685
9289.27 -139.993 9351.14 -186.857
9302.99 -145.2 9365.44 -214.194
9316.71 -208.986 9379.45 -212.892
9330.42 -194.667 9392.87 -168.632
9343.84 -172.537 9406.88 -184.253
9358.14 -132.183 9421.17 -193.365
9371.86 -130.881 9435.18 -182.951
9384.7 -158.218 9448.31 -198.572
9399.58 -163.425 9463.19 -203.779
9412.13 -156.916 9475.74 -197.271
9426.72 -169.934 9490.32 -206.383
9441.01 -173.839 9503.75 -184.253
9453.85 -145.2 9517.46 -216.797
9468.15 -162.123 9531.46 -202.478
9481.57 -146.502 9544.88 -222.004
9496.45 -141.295 9560.05 -190.762
9509.29 -137.39 9572.89 -172.537
9523 -162.123 9586.6 -201.176
9537.3 -179.046 9600.02 -179.046
9550.43 -169.934 9614.9 -189.46
9565.01 -167.33 9628.32 -199.874
9579.02 -184.253 9641.45 -181.65
9593.02 -154.313 9656.62 -180.348
9606.44 -180.348 9669.45 -186.857
9619.57 -137.39 9684.04 -201.176
9633.57 -145.2 9697.17 -169.934
9648.74 -119.165 9711.75 -198.572
9660.99 -141.295 9725.17 -182.951
9675.87 -180.348 9739.17 -216.797
9689.87 -162.123 9753.18 -237.625
9703 -189.46 9766.6 -202.478
9717.3 -182.951 9780.59 -182.951
9730.42 -166.029 9794.89 -205.081
9744.42 -163.425 9808.02 -189.46
9758.43 -166.029 9821.72 -193.365
9771.55 -155.615 9835.43 -181.65
9786.43 -162.123 9849.73 -198.572
9799.26 -156.916 9864.02 -201.176
9813.56 -150.407 9877.15 -202.478
9827.85 -158.218 9891.73 -205.081
9841.56 -190.762 9905.44 -198.572
9854.68 -185.555 9919.44 -169.934
9869.27 -151.709 9932.56 -182.951
9882.98 -171.236 9946.56 -203.779
9896.1 -153.011 9960.57 -190.762
9910.69 -171.236 9973.4 -146.502
9923.81 -180.348 9987.69 -172.537
9938.1 -143.899 10002 -197.271
9951.81 -173.839 10014.8 -208.986
9965.81 -149.106 10029.4 -212.892
9979.23 -192.064 10043.7 -208.986
9992.65 -186.857 10055.9 -212.892
10006.3 -171.236 10070.5 -172.537
10020.4 -150.407 10084.8 -180.348
10034.6 -154.313 10099.1 -207.685
10047.5 -160.822 10112.2 -220.702
10062.1 -192.064 10126.5 -167.33
10076.4 -181.65 10141.1 -232.418
10089.2 -158.218 10153.9 -219.401
10104.4 -192.064 10167.6 -185.555
10118.1 -171.236 10181.1 -215.495
10130.3 -199.874 10194.8 -195.969
10144.9 -172.537 10209.6 -218.099
10159.2 -129.579 10223.1 -227.211
10172 -160.822 10236.5 -240.229
10186.3 -173.839 10251.9 -225.909
10200 -190.762 10265.1 -287.092
10213.7 -175.141 10278.5 -237.625
10227.4 -164.727 10292.8 -253.246
10241.4 -172.537 10306.5 -245.436
10255.4 -182.951 10320.8 -257.151
10269.1 -133.485 10334.2 -227.211
10283.1 -145.2 10347.9 -251.944
10296.3 -168.632 10362.5 -271.471
10310.3 -171.236 10375.6 -290.997
10324 -202.478 10387.8 -224.608
10338.3 -159.52 10403 -271.471
10351.7 -179.046 10417.6 -259.755
10365.4 -172.537 10431.3 -218.099
10380.5 -173.839 10444.7 -257.151
10392.5 -160.822 10457.8 -240.229
10406.2 -177.744 10472.4 -227.211
10421.1 -128.278 10485.8 -245.436
10434.5 -168.632 10500.1 -244.134
10449.1 -175.141 10513.8 -248.039
10462.5 -154.313 10528.7 -298.808
10476.5 -162.123 10541.8 -288.394
10489.6 -169.934 10555.2 -280.583
10503.6 -181.65 10569.5 -264.962
10517.6 -147.804 10583.8 -261.057
10531.9 -177.744 10596.6 -255.85
10545.3 -175.141 10610.4 -281.885
10559.3 -156.916 10624.1 -276.678
10573 -163.425 10637.8 -264.962
10585.9 -181.65 10652.4 -263.66
10600.4 -150.407 10666.7 -272.773
10615 -182.951 10679.8 -283.187
10627.3 -164.727 10693.5 -266.264
10642.4 -156.916 10707.5 -257.151
10655.6 -155.615 10720.9 -241.53
10668.4 -173.839 10735.2 -229.815
10683.6 -168.632 10749.8 -246.737
10697.3 -151.709 10763.2 -253.246
10711 -159.52 10776.6 -261.057
10724.1 -141.295 10790.6 -284.488
10737.8 -171.236 10803.7 -264.962
10753 -180.348 10818.3 -250.643
10766.1 -171.236 10832.6 -266.264
10780.1 -212.892 10846.6 -255.85
10793.2 -175.141 10859.4 -215.495
10807.5 -134.786 10873.4 -244.134
10822.1 -145.2 10887.1 -241.53
10835.5 -186.857 10900.9 -235.022
10848.6 -158.218 10914.9 -248.039
10862.6 -173.839 10928.9 -257.151
10876.1 -211.59 10943.2 -236.323
10890.1 -177.744 10957.4 -263.66
10904.4 -149.106 10970 -246.737
10918.1 -182.951 10983.7 -227.211
10932.1 -159.52 10997.7 -222.004
10945.8 -133.485 11012 -227.211
10959.8 -115.26 11026.3 -218.099
10973.8 -166.029 11040 -245.436
10986.3 -175.141 11053.4 -267.565
11000.3 -173.839 11066.8 -246.737
11014.3 -166.029 11081.1 -255.85
11028.3 -203.779 11095.4 -235.022
11042 -181.65 11109.1 -227.211
11055.8 -160.822 11122.9 -229.815
11070 -172.537 11136 -229.815
11083.8 -175.141 11150.3 -228.513
11097.2 -192.064 11163.4 -241.53
11110.9 -205.081 11177.4 -238.927
11125.5 -169.934 11192 -255.85
11138.6 -208.986 11206.3 -249.341
11152.6 -166.029 11219.1 -224.608
11166.9 -175.141 11232.3 -229.815
11179.8 -173.839 11247.7 -219.401
11193.8 -160.822 11261.4 -266.264
11207.2 -185.555 11274.3 -237.625
11221.8 -168.632 11288.3 -227.211
11235.5 -169.934 11302.6 -248.039
11249.2 -147.804 11316 -258.453
11262.6 -155.615 11330.9 -228.513
11276.6 -185.555 11344 -249.341
11290.6 -202.478 11357.4 -227.211
11304.3 -150.407 11371.4 -218.099
11317.5 -176.443 11385.2 -195.969
11332.1 -155.615 11399.8 -250.643
11345.8 -172.537 11413.5 -233.72
11360.4 -160.822 11426.3 -248.039
11372.6 -145.2 11441.5 -250.643
11387.5 -121.769 11454.9 -245.436
11400.9 -158.218 11468.3 -240.229
11414.9 -147.804 11482.3 -241.53
11428.9 -173.839 11495.5 -216.797
11442.6 -155.615 11509.8 -220.702
11456.4 -173.839 11524.4 -220.702
11470.4 -177.744 11537.8 -180.348
11483.5 -149.106 11551.2 -215.495
11497.2 -188.158 11564.6 -205.081
11511.5 -137.39 11578.9 -216.797
11524.9 -167.33 11593.8 -203.779
11539 -142.597 11607.2 -232.418
11552.7 -136.088 11620.7 -222.004
11566.7 -156.916 11635.9 -210.288
11580.4 -192.064 11648.7 -199.874
11593.8 -181.65 11662.1 -188.158
11607.8 -175.141 11677 -205.081
11621.8 -142.597 11689.6 -231.116
11635.9 -139.993 11703.6 -192.064
11649.3 -179.046 11717.6 -231.116
11663.6 -141.295 11730.7 -218.099
11677.3 -121.769 11745.6 -210.288
11691.3 -159.52 11759 -220.702
11704.7 -138.692 11773.9 -208.986
11717.9 -159.52 11786.8 -220.702
11733.3 -160.822 11801.1 -216.797
11745.3 -166.029 11814.2 -232.418
11759.9 -188.158 11828.5 -246.737
11773.6 -128.278 11843.1 -264.962
11787.6 -125.674 11856.3 -231.116
11801.4 -133.485 11871.1 -224.608
11814.8 -125.674 11884.6 -231.116
11828.5 -132.183 11897.1 -228.513
11843.1 -154.313 11912 -244.134
11856.3 -168.632 11925.4 -211.59
11869.7 -141.295 11938 -236.323
11884 -151.709 11953.5 -220.702
11896.8 -163.425 11967.8 -215.495
11911.4 -141.295 11980.1 -231.116
11926.3 -134.786 11994.4 -206.383
11939.8 -103.544 12009.3 -255.85
11953.8 -138.692 12022.1 -236.323
11966.9 -133.485 12035.8 -224.608
11980.6 -154.313 12049.6 -258.453
11994.4 -155.615 12063 -258.453
12008.4 -149.106 12077 -227.211
12022.1 -121.769 12091.6 -231.116
12035.5 -129.579 12105.3 -229.815
12049.8 -117.864 12119.9 -216.797
12063.9 -123.071 12132.8 -214.194
12077.6 -104.846 12147.1 -211.59
12091.6 -129.579 12160.5 -250.643
12105.3 -136.088 12175.1 -241.53
12118.8 -175.141 12188.9 -242.832
12131.9 -147.804 12202.3 -240.229
12145.9 -134.786 12216 -228.513
12160.3 -129.579 12230.1 -210.288
12174.6 -106.148 12243.8 -210.288
12187.4 -111.355 12257.5 -208.986
12201.7 -107.45 12270.4 -211.59
12214.9 -121.769 12285.3 -232.418
12230.1 -120.467 12298.7 -262.358
12243.2 -123.071 12313 -264.962
12257.2 -145.2 12327.1 -249.341
12271 -119.165 12340.8 -298.808
12284.1 -110.053 12353.6 -248.039
12298.4 -112.657 12368.6 -266.264
12312.2 -69.6986 12382.3 -251.944
12327.3 -76.2074 12396 -250.643
12339.6 -68.3969 12410.3 -241.53
12353.9 -90.5267 12424.6 -238.927
12367.1 -94.432 12437.5 -246.737
12381.1 -110.053 12451.2 -229.815
12394.8 -119.165 12465.3 -279.281
12408.6 -129.579 12478.4 -296.204
12422.3 -67.0951 12492.1 -242.832
12435.5 -59.2846 12507.6 -224.608
12449.5 -37.1547 12520.8 -218.099
12464.1 -15.0249 12535.4 -215.495
12477.3 -30.646 12548.3 -201.176
12491 -37.1547 12562 -214.194
12505.9 -65.7934 12575.7 -212.892
12518.8 -100.941 12590.4 -203.779
12533.1 -134.786 12604.1 -211.59
12546.8 -63.1898 12617.5 -242.832
12560.3 -31.9477 12630.7 -240.229
12574.6 -12.4214 12644.7 -222.004
12587.7 21.4243 12659.9 -235.022
12602.3 5.80321 12672.8 -232.418
12615.8 29.2348 12686.8 -193.365
12628.9 40.9506 12700.9 -237.625
12643.5 -20.2319 12715.2 -199.874
12657.3 -30.646 12728.3 -195.969
12671.3 -48.8705 12742.1 -242.832
12683.9 -11.1196 12756.4 -220.702
12697.6 -5.91259 12769.8 -184.253
12712.3 12.312 12783.6 -203.779
12725.7 64.3822 12797.3 -250.643
12740 47.4594 12812.2 -222.004
12753.5 115.151 12824.5 -215.495
12767.5 70.891 12839.4 -208.986
12780.7 61.7787 12852.6 -197.271
12794.7 37.0453 12866 -180.348
12808.7 48.7611 12880.4 -186.857
12822.2 64.3822 12894.7 -188.158
12837.1 63.0805 12908.4 -193.365
12850 90.4173 12922.5 -205.081
12864 133.375 12935.6 -182.951
12877.1 126.866 12950 -179.046
12891.2 146.393 12963.1 -208.986
12905.5 112.547 12977.5 -202.478
12919 141.186 12991.8 -171.236
12933 125.565 13005.2 -168.632
12947.3 109.944 13018.7 -126.976
12960.5 165.919 13032.7 -137.39
12974.2 177.635 13047.1 -136.088
12988.3 186.747 13060.5 -138.692
13002.3 199.765 13073.7 -154.313
13015.5 225.8 13089.8 -133.485
13030.1 223.196 13102.4 -113.958
13043.3 212.782 13115.8 -120.467
13057.3 215.386 13130.1 -123.071
13071.9 198.463 13143.6 -115.26
13085.1 253.137 13157.9 -102.243
13098.8 257.042 13171.1 -42.3617
13112.3 270.06 13185.7 -74.9056
13126.3 289.586 13199.2 -89.225
13139.5 281.775 13213.2 -81.4144
13154.4 262.249 13227.3 -86.6215
13167.6 316.923 13240.1 -85.3197
13181.6 268.758 13255.1 -87.9232
13194.8 311.716 13268.8 -51.474
13208.3 327.337 13281.7 -0.70557
13222.6 354.674 13296.3 16.2173
13237.2 387.218 13310.1 37.0453
13251 357.277 13324.1 29.2348
13264.4 382.011 13337 29.2348
13277.6 362.484 13351.3 24.0278
13291.1 340.354 13366 -0.70557
13306 350.768 13379.7 25.3295
13320 348.165 13392.6 34.4418
13332.9 368.993 13407.2 80.0033
13346.9 404.14 13421.3 70.891
13361.6 464.021 13434.7 108.642
13374.2 500.47 13449.4 102.133
13388.5 470.53 13463.1 129.47
13402.5 523.902 13476.3 129.47
13415.7 505.677 13490.9 141.186
13430.6 467.926 13504.7 135.979
13443.8 466.625 13518.4 146.393
13457.3 441.891 13532.2 156.807
13471.3 467.926 13546.5 164.617
13485.4 510.884 13559.1 173.73
13498.8 549.937 13573.8 193.256
13513.5 598.102 13587.2 190.653
13526.1 602.007 13601.3 242.723
13540.7 599.404 13615.3 242.723
13553.9 607.214 13628.8 242.723
13567.6 622.835 13643.4 271.361
13581.7 578.576 13656.9 286.982
13595.1 588.99 13670.4 307.811
13609.5 562.955 13684.4 298.698
13622.9 609.818 13698.2 307.811
13636.7 672.302 13712.2 324.733
13650.5 708.751 13726.9 336.449
13664.5 715.26 13740.6 332.544
13678.3 724.372 13754.1 393.726
13692.6 717.864 13767.3 396.33
13705.8 719.165 13782.8 470.53
13719 728.278 13796.5 521.298
13733.6 716.562 13808.9 505.677
13747.1 717.864 13823.8 551.239
13761.1 773.839 13838.1 519.997
13774.9 785.555 13851.9 564.256
13788.6 801.176 13867.1 600.706
13802.1 822.004 13881.8 592.895
13816.5 838.927 13893.8 608.516
13830.2 880.583 13898.2 634.551
13842.8 835.022 13884.4 678.811
13857.8 760.821 13871.2 741.295
