7013.58 8.40672 7027.65 1.89794
7004.78 -20.2319 7041.43 -13.7231
7000.68 -43.6635 7056.67 17.519
7008.89 9.70847 7069.28 -26.7407
7021.78 30.5366 7083.34 -41.06
7035.56 34.4418 7097.12 -5.91259
7049.93 33.1401 7110.9 -24.1372
7063.41 17.519 7124.38 -17.6284
7077.19 -18.9302 7138.45 8.40672
7091.85 3.1997 7152.52 -89.225
7104.16 14.9155 7166 -24.1372
7119.69 21.4243 7180.95 47.4594
7133.47 7.10496 7193.25 -9.81786
7146.66 -9.81786 7207.91 -11.1196
7160.72 21.4243 7222.26 3.1997
7174.79 3.1997 7235.74 -48.8705
7188.86 17.519 7249.22 12.312
7202.34 30.5366 7262.41 -8.5161
7215.52 -2.00733 7277.35 -43.6635
7229.88 -8.5161 7290.53 8.40672
7243.07 20.1225 7304.89 12.312
7258.31 -22.8354 7317.78 -37.1547
7271.2 -13.7231 7332.72 16.2173
7285.85 -11.1196 7346.49 -16.3266
7298.74 -3.30908 7359.67 -50.1723
7313.39 16.2173 7374.02 -5.91259
7326.28 22.726 7387.21 -2.00733
7341.22 37.0453 7401.56 -57.9828
7354.4 24.0278 7415.32 29.2348
7368.46 12.312 7429.38 -52.7758
7381.93 21.4243 7442.85 -46.267
7396.58 7.10496 7456.62 -8.5161
7409.47 8.40672 7470.09 -46.267
7422.65 24.0278 7484.15 -4.61084
7437.29 25.3295 7498.2 21.4243
7451.06 26.6313 7512.55 -25.4389
7465.11 27.9331 7526.9 -44.9653
7479.17 24.0278 7539.2 -30.646
7492.93 4.50145 7552.96 -37.1547
7506.99 18.8208 7567.89 -29.3442
7521.04 30.5366 7580.48 -30.646
7533.64 29.2348 7595.71 -15.0249
7547.98 -2.00733 7608.88 7.10496
7562.04 7.10496 7622.93 -39.7582
7575.21 0.596186 7635.81 -13.7231
7590.44 21.4243 7650.45 -21.5337
7602.73 31.8383 7664.5 -46.267
7616.79 18.8208 7677.38 -28.0424
7630.84 25.3295 7692.01 -17.6284
7645.47 52.6664 7705.19 -26.7407
7658.94 3.1997 7718.94 -35.853
7672.7 20.1225 7732.99 17.519
7687.04 4.50145 7747.33 -7.21435
7700.21 7.10496 7760.5 -21.5337
7713.38 -13.7231 7774.84 -18.9302
7727.72 5.80321 7788.01 -33.2495
7741.48 8.40672 7802.64 -34.5512
7755.82 7.10496 7816.1 35.7436
7769.28 22.726 7829.85 -13.7231
7783.33 -5.91259 7845.07 -33.2495
7796.79 18.8208 7857.65 -35.853
7810.83 11.0102 7871.4 -21.5337
7824.59 14.9155 7885.45 -5.91259
7838.92 9.70847 7899.49 -41.06
7851.21 -22.8354 7912.95 -20.2319
7865.55 3.1997 7927.28 -33.2495
7880.76 25.3295 7940.74 -20.2319
7893.35 -5.91259 7953.61 -9.81786
7907.39 18.8208 7968.53 -29.3442
7920.85 31.8383 7982.86 13.6137
7936.06 25.3295 7996.31 -25.4389
7949.22 9.70847 8009.77 -17.6284
7962.38 9.70847 8023.51 -18.9302
7976.13 26.6313 8038.43 -16.3266
7991.05 18.8208 8051.89 1.89794
8004.8 -5.91259 8065.34 -16.3266
8018.25 -5.91259 8079.08 -25.4389
8031.71 -26.7407 8091.95 9.70847
8045.74 30.5366 8106.86 -52.7758
8059.49 -0.70557 8120.31 -7.21435
8073.23 1.89794 8134.64 -0.70557
8087.86 5.80321 8147.8 -25.4389
8101.6 8.40672 8162.42 11.0102
8115.05 4.50145 8175.87 -21.5337
8129.09 26.6313 8189.32 21.4243
8142.83 9.70847 8203.65 39.6489
8155.4 12.312 8217.97 -7.21435
8170.02 5.80321 8231.13 -50.1723
8183.76 9.70847 8245.16 -46.267
8197.22 24.0278 8258.61 4.50145
8211.83 20.1225 8272.35 -2.00733
8224.99 -7.21435 8286.38 -8.5161
8239.31 5.80321 8300.12 27.9331
8253.34 3.1997 8314.73 -5.91259
8265.91 26.6313 8327.59 1.89794
8280.53 -9.81786 8341.04 3.1997
8294.85 5.80321 8355.94 -28.0424
8308.3 -5.91259 8369.68 -12.4214
8322.33 12.312 8382.83 -48.8705
8336.07 0.596186 8397.44 -34.5512
8349.51 4.50145 8410.89 17.519
8362.96 20.1225 8425.5 -44.9653
8377.57 -2.00733 8438.65 -26.7407
8391.31 -0.70557 8452.38 -0.70557
8404.17 21.4243 8467.29 -22.8354
8418.49 -4.61084 8480.14 -8.5161
8432.51 46.1576 8493.29 -38.4565
8445.66 4.50145 8508.49 -30.646
8460.27 17.519 8521.93 -46.267
8474.3 -8.5161 8535.95 -15.0249
8488.03 4.50145 8549.1 -22.8354
8501.47 -2.00733 8563.12 7.10496
8515.2 8.40672 8576.85 -3.30908
8529.23 20.1225 8590.87 -12.4214
8542.38 9.70847 8604.9 3.1997
8557.28 5.80321 8618.63 -29.3442
8570.42 4.50145 8631.77 -38.4565
8583.57 25.3295 8646.09 13.6137
8598.47 -12.4214 8659.82 -21.5337
8611.32 17.519 8673.55 -41.06
8626.51 -3.30908 8687.86 -26.7407
8639.08 -3.30908 8701.58 -37.1547
8653.68 12.312 8715.9 -15.0249
8666.53 4.50145 8728.75 -21.5337
8681.14 27.9331 8743.94 -7.21435
8695.74 12.312 8756.78 -11.1196
8709.47 27.9331 8771.1 -25.4389
8722.32 35.7436 8784.53 -5.91259
8736.05 -20.2319 8797.38 -8.5161
8749.48 14.9155 8811.98 -20.2319
8764.09 20.1225 8826.29 -13.7231
8778.1 -13.7231 8839.72 -25.4389
8792.71 21.4243 8853.74 -7.21435
8805.85 -12.4214 8868.05 3.1997
8819.87 -34.5512 8882.06 -21.5337
8833.3 7.10496 8895.2 7.10496
8846.44 0.596186 8908.93 1.89794
8860.75 -26.7407 8923.82 -24.1372
8873.6 1.89794 8936.37 -16.3266
8888.2 -3.30908 8950.1 -24.1372
8901.92 -0.70557 8964.99 -11.1196
8915.35 -21.5337 8977.25 -7.21435
8929.66 8.40672 8992.14 4.50145
8943.96 17.519 9005.86 5.80321
8956.81 4.50145 9018.99 -3.30908
8970.24 9.70847 9033.01 -31.9477
8985.71 -8.5161 9047.9 -13.7231
8999.73 44.8559 9060.74 0.596186
9012.28 -7.21435 9075.04 20.1225
9025.71 8.40672 9087.89 -29.3442
9040.89 12.312 9102.48 -20.2319
9054.9 -18.9302 9117.08 -11.1196
9067.45 -24.1372 9130.8 -15.0249
9082.34 47.4594 9144.51 7.10496
9095.77 25.3295 9157.94 1.89794
9109.2 -7.21435 9171.66 -26.7407
9122.04 7.10496 9185.67 -17.6284
9136.34 21.4243 9200.85 -29.3442
9149.77 30.5366 9212.81 3.1997
9164.95 22.726 9227.11 20.1225
9178.95 8.40672 9240.83 -3.30908
9191.51 3.1997 9254.84 5.80321
9205.51 42.2524 9267.97 -4.61084
9220.11 21.4243 9281.98 -3.30908
9233.24 -2.00733 9296.86 -13.7231
9247.54 27.9331 9310.87 -12.4214
9260.68 8.40672 9324 -9.81786
9274.97 25.3295 9337.43 -24.1372
9288.69 12.312 9351.14 -30.646
9302.99 -33.2495 9365.15 -38.4565
9315.83 16.2173 9379.74 17.519
9330.42 -9.81786 9392.58 17.519
9344.43 -16.3266 9406.88 -39.7582
9358.14 16.2173 9420.88 -26.7407
9372.15 14.9155 9435.47 -42.3617
9384.99 13.6137 9448.6 -13.7231
9398.7 -4.61084 9462.61 -42.3617
9413.88 24.0278 9476.61 -38.4565
9426.42 -12.4214 9490.03 11.0102
9440.72 1.89794 9504.04 -2.00733
9454.73 -9.81786 9518.33 4.50145
9467.86 -44.9653 9532.34 -18.9302
9482.15 -25.4389 9544.88 7.10496
9495.87 22.726 9559.47 21.4243
9509.58 -30.646 9572.6 -34.5512
9523.58 14.9155 9586.89 -16.3266
9537.59 -18.9302 9600.61 -20.2319
9551.01 12.312 9614.9 -16.3266
9565.01 40.9506 9629.2 25.3295
9579.02 17.519 9642.03 -8.5161
9592.15 -2.00733 9655.16 -11.1196
9606.15 13.6137 9670.33 -12.4214
9620.74 17.519 9683.46 -26.7407
9633.86 -18.9302 9697.75 -30.646
9648.45 13.6137 9711.17 -25.4389
9660.99 34.4418 9725.46 -22.8354
9675.58 12.312 9739.17 -13.7231
9689.29 9.70847 9752.3 -22.8354
9702.71 -3.30908 9766.3 -5.91259
9717 -9.81786 9780.01 -8.5161
9730.42 -5.91259 9794.6 -4.61084
9744.42 -8.5161 9808.02 -7.21435
9758.72 9.70847 9822.31 -11.1196
9772.14 9.70847 9834.85 -24.1372
9785.85 14.9155 9849.43 -15.0249
9799.56 4.50145 9864.31 -22.8354
9813.26 66.9857 9877.44 -35.853
9827.85 35.7436 9891.73 -11.1196
9840.39 7.10496 9905.73 -11.1196
9854.68 -13.7231 9918.56 -20.2319
9868.69 14.9155 9932.56 -0.70557
9882.39 46.1576 9946.85 -18.9302
9896.69 13.6137 9960.27 -15.0249
9910.11 -5.91259 9973.69 -28.0424
9923.81 33.1401 9987.69 14.9155
9937.52 -4.61084 10002.6 -17.6284
9951.23 8.40672 10015.7 13.6137
9965.52 24.0278 10029.1 -20.2319
9979.23 21.4243 10043.7 1.89794
9992.94 27.9331 10056.5 -2.00733
10007.5 31.8383 10070.5 0.596186
10020.4 -12.4214 10084.8 -24.1372
10034.9 7.10496 10099.4 -44.9653
10047.8 8.40672 10113.7 -41.06
10062.4 0.596186 10125.6 -7.21435
10076.1 13.6137 10140.2 -64.4916
10088.9 -2.00733 10154.5 -11.1196
10103.8 9.70847 10167.9 -33.2495
10116.6 -7.21435 10182.5 -21.5337
10130.6 29.2348 10195.6 -28.0424
10144.3 -4.61084 10209 0.596186
10157.7 25.3295 10223.9 -26.7407
10173.2 16.2173 10237.3 -31.9477
10186.6 26.6313 10251 -22.8354
10200.3 -15.0249 10265.1 -17.6284
10214 13.6137 10278.5 -24.1372
10228 11.0102 10292.8 -25.4389
10241.1 9.70847 10307.3 -9.81786
10254.8 14.9155 10320.2 -46.267
10269.1 -28.0424 10333.9 22.726
10282 16.2173 10347.6 -11.1196
10297.1 30.5366 10361.6 -15.0249
10310.8 34.4418 10375.6 -4.61084
10324.5 33.1401 10389.3 -15.0249
10338.8 4.50145 10402.7 21.4243
10351.1 37.0453 10417.3 0.596186
10365.1 24.0278 10430.4 -12.4214
10379.1 -12.4214 10444.7 -24.1372
10392.8 8.40672 10458.4 5.80321
10406.8 22.726 10472.1 -39.7582
10420.8 20.1225 10486.4 -18.9302
10434.5 30.5366 10499.8 -43.6635
10448.2 27.9331 10513.8 -18.9302
10462.5 8.40672 10526.6 8.40672
10476.5 7.10496 10541.8 -3.30908
10490.8 -3.30908 10556.4 -7.21435
10503.9 -11.1196 10569.2 -3.30908
10516.5 -2.00733 10582.6 -15.0249
10531.6 5.80321 10597.2 -35.853
10545 18.8208 10610.6 -3.30908
10559.3 17.519 10624.7 -31.9477
10573.3 17.519 10638.4 -15.0249
10586.4 24.0278 10652.1 -25.4389
10600.4 -8.5161 10665.8 -48.8705
10615 18.8208 10680.1 -9.81786
10629 -20.2319 10693.5 -21.5337
10642.7 25.3295 10707.5 17.519
10655.6 3.1997 10721.5 -26.7407
10670.4 11.0102 10735.2 -13.7231
10683.3 35.7436 10749.5 4.50145
10697 -5.91259 10763.5 -50.1723
10711 7.10496 10776.3 12.312
10724.1 17.519 10790 17.519
10737.8 3.1997 10805.2 -31.9477
10752.7 14.9155 10817.1 -3.30908
10766.4 14.9155 10832.6 4.50145
10779.5 1.89794 10846.3 17.519
10793.2 21.4243 10859.1 -20.2319
10808.1 -0.70557 10873.2 1.89794
10821.5 35.7436 10887.4 -24.1372
10834.6 4.50145 10902 -28.0424
10848.4 35.7436 10915.5 -4.61084
10862.4 11.0102 10928.6 -5.91259
10875.5 0.596186 10942.9 -24.1372
10890.4 31.8383 10956.9 -5.91259
10904.4 0.596186 10970.3 -16.3266
10916.6 8.40672 10984.6 3.1997
10931.8 -9.81786 10998 5.80321
10945.8 17.519 11012 -22.8354
10959.5 3.1997 11025.7 -9.81786
10973.5 40.9506 11039.7 -18.9302
10987.8 -3.30908 11053.1 -21.5337
11000.9 18.8208 11068 -29.3442
11014.6 -20.2319 11080.9 -41.06
11028.9 -7.21435 11095.1 -18.9302
11041.8 7.10496 11108.9 -13.7231
11055.8 -16.3266 11122.9 -17.6284
11069.2 3.1997 11136.3 5.80321
11082.6 24.0278 11150 -0.70557
11097.5 31.8383 11164.6 -7.21435
11110.9 8.40672 11177.7 -28.0424
11125.8 8.40672 11191.1 -20.2319
11138 40.9506 11205.4 -16.3266
11152.3 -3.30908 11220.3 -15.0249
11166.3 27.9331 11233.1 -21.5337
11180 0.596186 11247.4 -16.3266
11194.6 -17.6284 11260.6 30.5366
11207.8 39.6489 11274.6 5.80321
11221.8 21.4243 11288.6 8.40672
11235.8 16.2173 11303.2 -7.21435
11248.3 3.1997 11315.7 0.596186
11262.6 -17.6284 11330 -20.2319
11276.9 5.80321 11344.3 -11.1196
11290.6 3.1997 11358.3 -35.853
11304 0.596186 11371.4 -35.853
11318.6 -3.30908 11386 -21.5337
11331.5 31.8383 11399.5 33.1401
11346.3 37.0453 11413.8 -2.00733
11359.8 1.89794 11427.5 20.1225
11372.9 7.10496 11440.6 -35.853
11387.2 29.2348 11455.2 -28.0424
11401.2 -5.91259 11468.6 -20.2319
11414.3 4.50145 11482 -18.9302
11428.6 -11.1196 11496.6 -26.7407
11442.1 35.7436 11509.5 18.8208
11456.4 40.9506 11524.4 16.2173
11470.4 31.8383 11538.1 3.1997
11484.1 30.5366 11551.8 16.2173
11497.8 35.7436 11565.2 -29.3442
11510.9 21.4243 11579.2 -35.853
11525.2 22.726 11593.5 -24.1372
11538.4 22.726 11607.2 -29.3442
11553 26.6313 11620.7 -16.3266
11566.4 27.9331 11634.1 12.312
11580.1 51.3647 11648.4 18.8208
11594.4 50.0629 11662.4 5.80321
11608.1 50.0629 11677 8.40672
11622.1 5.80321 11690.7 -7.21435
11635.6 16.2173 11704.1 -17.6284
11649.6 13.6137 11717.9 -8.5161
11663.3 -11.1196 11731.9 -26.7407
11677.9 -8.5161 11745 -41.06
11690.7 51.3647 11759.6 -37.1547
11704.1 51.3647 11773.9 9.70847
11718.2 11.0102 11786.8 -7.21435
11732.8 12.312 11800.5 -9.81786
11746.8 22.726 11814.5 21.4243
11759.9 38.3471 11828.5 -2.00733
11774.5 -11.1196 11842.2 -22.8354
11787.6 35.7436 11856.3 -26.7407
11801.6 5.80321 11870 -18.9302
11814.8 47.4594 11884.3 -15.0249
11829.4 39.6489 11898.3 7.10496
11842.2 14.9155 11911.7 1.89794
11856.5 29.2348 11924 18.8208
11870.9 51.3647 11937.7 43.5541
11883.7 20.1225 11951.7 24.0278
11898.3 34.4418 11967.5 7.10496
11912.3 39.6489 11981.5 25.3295
11925.4 42.2524 11994.9 42.2524
11940.6 42.2524 12008.7 35.7436
11953.2 20.1225 12021.8 33.1401
11966.3 16.2173 12035.8 9.70847
11980.1 5.80321 12049.8 33.1401
11995.2 42.2524 12063.6 16.2173
12009.3 43.5541 12077.6 14.9155
12021.8 85.2103 12091.6 12.312
12035.8 59.1752 12105.1 11.0102
12050.1 31.8383 12119.4 9.70847
12063.6 44.8559 12132.5 -17.6284
12077 56.5717 12147.1 -16.3266
12091.3 53.9682 12161.4 -9.81786
12105.1 50.0629 12174.6 -26.7407
12119.1 63.0805 12188 11.0102
12132.2 65.684 12202 -31.9477
12146.5 94.3226 12215.5 -7.21435
12160.5 76.098 12229.5 -33.2495
12174.6 82.6068 12244.7 -67.0951
12187.4 48.7611 12257.5 -61.8881
12201.7 65.684 12271.3 -13.7231
12215.2 76.098 12285.3 -24.1372
12228.6 82.6068 12299.6 -60.5863
12243.2 51.3647 12312.7 -47.5688
12256.4 70.891 12326.5 -61.8881
12271 50.0629 12340.2 -44.9653
12283.8 78.7015 12353.4 -77.5092
12299 82.6068 12368 -39.7582
12311.6 66.9857 12382.6 -17.6284
12325.9 109.944 12395.4 -9.81786
12339.9 148.996 12409.4 4.50145
12352.2 124.263 12424.1 3.1997
12367.1 133.375 12437.2 11.0102
12380.8 165.919 12451.2 -17.6284
12394.3 100.831 12465.3 8.40672
12408.9 147.695 12479.6 8.40672
12422.6 142.488 12493.3 -13.7231
12436.3 168.523 12506.8 -7.21435
12450.7 162.014 12521.4 4.50145
12464.7 210.179 12534.5 8.40672
12478.1 138.582 12548.6 -12.4214
12490.7 171.126 12562.6 3.1997
12505.3 188.049 12575.2 30.5366
12518.4 169.824 12588.3 -4.61084
12532.8 158.109 12604.1 20.1225
12547.7 142.488 12618.1 20.1225
12560.3 121.659 12631.9 13.6137
12574.3 160.712 12644.7 30.5366
12587.1 216.688 12659.3 31.8383
12602.6 198.463 12672.8 46.1576
12616.1 247.93 12686.2 24.0278
12629.8 238.817 12701.1 40.9506
12643.3 242.723 12715.2 25.3295
12657 227.102 12728.3 40.9506
12670.4 238.817 12742.4 55.2699
12684.5 211.481 12756.7 40.9506
12697.9 181.54 12769.8 16.2173
12712.5 221.895 12784.2 17.519
12726.9 237.516 12797.3 21.4243
12739.4 297.397 12811.9 51.3647
12754.4 306.509 12824.5 59.1752
12766.9 313.018 12838.9 68.2875
12781.2 314.319 12852.3 44.8559
12794.7 271.361 12867.2 90.4173
12809.3 283.077 12880.7 93.0208
12822.5 272.663 12894.7 53.9682
12837.1 224.498 12908.7 26.6313
12850.3 289.586 12922.2 22.726
12864.3 315.621 12936.2 -0.70557
12877.7 301.302 12950.5 43.5541
12892.1 348.165 12963.4 99.5296
12904.6 389.821 12977.8 121.659
12918.4 397.632 12990.9 112.547
12933.6 411.951 13004.9 158.109
12946.8 404.14 13018.7 129.47
12961.4 353.372 13032.7 96.9261
12974.8 392.425 13047.1 91.7191
12987.7 379.407 13060.2 124.263
13002 400.235 13074.6 121.659
13016.1 443.193 13088 137.281
13029.8 482.246 13101.8 154.203
13043 471.832 13116.1 197.161
13057.6 469.228 13129.6 199.765
13071.6 473.134 13143.6 214.084
13084.5 479.642 13158.2 238.817
13098 440.59 13171.4 225.8
13113.2 456.211 13186 212.782
13126 464.021 13199.2 201.067
13140.7 492.66 13213.5 211.481
13153.8 493.962 13226.4 219.291
13167.9 518.695 13241 263.551
13181.1 514.79 13254.2 294.793
13195.1 529.109 13269.1 296.095
13209.1 562.955 13282.9 298.698
13222.6 551.239 13296.3 266.154
13236.1 529.109 13310.1 242.723
13251.3 530.411 13325 301.302
13263.9 539.523 13337.6 238.817
13278.2 500.47 13351.6 260.947
13291.7 522.6 13365.7 280.474
13306.3 549.937 13380 296.095
13320 562.955 13393.8 342.958
13333.8 548.635 13407.2 341.656
13346.7 615.025 13421 384.614
13360.1 650.172 13434.5 398.933
13374.8 605.913 13448.5 366.39
13388.2 646.267 13462.8 388.519
13402.8 633.249 13476.3 372.898
13415.7 646.267 13490.1 385.916
13429.8 641.06 13504.7 392.425
13442.9 655.379 13518.2 432.779
13458.2 677.509 13531 417.158
13470.1 723.071 13546 504.376
13485.4 711.355 13559.4 453.607
13498.5 760.821 13573.8 523.902
13512 764.727 13587.2 549.937
13526.6 790.762 13601.6 518.695
13539.8 776.443 13615 549.937
13554.2 799.874 13628.8 551.239
13566.7 779.046 13643.1 561.653
13581.7 775.141 13656.9 555.144
13594.5 799.874 13669.8 566.86
13608.9 850.643 13684.4 595.499
13622.6 857.151 13698.2 642.362
13637.3 917.032 13711.7 676.207
13650.2 935.257 13726.9 684.018
13664.2 866.264 13740 659.285
13677.7 901.411 13754.4 674.906
13692 904.015 13767.6 686.621
13706.1 868.867 13781.6 690.527
13719.6 875.376 13796 706.148
13733.6 893.601 13810 706.148
13746.8 919.636 13824.4 732.183
13760.8 991.232 13838.4 747.804
13774.3 987.327 13852.5 776.443
13788.6 982.12 13866.5 805.081
13802.7 1009.46 13881.5 829.815
13815.6 1002.95 13895.2 824.608
13829.9 995.138 13898.5 853.246
13843.4 999.043 13884.7 861.057
13858 922.239 13870.6 890.997
