7013.87 -20.2319 7028.23 -15.0249
7005.37 13.6137 7042.31 -3.30908
7000.38 -16.3266 7056.67 1.89794
7008.59 8.40672 7069.28 -16.3266
7021.49 16.2173 7083.34 16.2173
7035.27 16.2173 7098.29 -8.5161
7049.05 27.9331 7111.78 -29.3442
7063.7 5.80321 7124.09 -18.9302
7076.6 44.8559 7138.74 -33.2495
7091.85 33.1401 7152.52 5.80321
7105.62 -5.91259 7166.29 1.89794
7119.11 12.312 7180.36 -16.3266
7133.17 -4.61084 7194.72 24.0278
7146.95 24.0278 7207.91 -2.00733
7160.14 -25.4389 7221.09 4.50145
7174.5 -8.5161 7235.45 3.1997
7189.15 4.50145 7249.81 -13.7231
7202.05 -15.0249 7262.99 -22.8354
7216.11 -3.30908 7277.06 -35.853
7230.76 14.9155 7291.12 -28.0424
7243.95 11.0102 7304.3 -4.61084
7257.72 9.70847 7318.37 8.40672
7271.2 -4.61084 7332.72 0.596186
7285.55 18.8208 7346.49 -11.1196
7299.32 11.0102 7359.67 -47.5688
7313.09 27.9331 7373.44 -4.61084
7326.28 26.6313 7388.08 -30.646
7340.05 -0.70557 7400.97 -18.9302
7354.11 7.10496 7414.45 1.89794
7368.75 8.40672 7429.38 3.1997
7382.23 30.5366 7442.56 -22.8354
7395.7 3.1997 7456.62 -25.4389
7408.88 -4.61084 7470.68 -13.7231
7424.7 25.3295 7485.03 -21.5337
7437.29 -7.21435 7498.2 -20.2319
7451.64 -13.7231 7511.97 -12.4214
7465.99 27.9331 7525.73 -15.0249
7478.29 18.8208 7539.49 -9.81786
7492.05 -0.70557 7552.38 -17.6284
7507.57 3.1997 7568.19 14.9155
7520.46 -7.21435 7581.07 -28.0424
7533.93 -8.5161 7594.83 -35.853
7548.28 0.596186 7609.17 17.519
7562.33 8.40672 7622.93 -35.853
7575.51 -5.91259 7636.4 -5.91259
7589.85 5.80321 7649.86 -30.646
7603.61 -20.2319 7665.09 -16.3266
7617.66 -2.00733 7677.38 -21.5337
7630.84 -8.5161 7691.43 -15.0249
7645.18 -0.70557 7704.89 -21.5337
7659.82 39.6489 7719.24 -8.5161
7671.82 39.6489 7733.58 -12.4214
7686.75 -11.1196 7747.33 -16.3266
7700.8 30.5366 7761.38 -18.9302
7714.26 5.80321 7774.26 -16.3266
7728.6 -33.2495 7789.47 12.312
7741.48 9.70847 7802.64 -35.853
7755.53 14.9155 7816.1 -54.0776
7769.57 -5.91259 7830.15 -21.5337
7783.33 8.40672 7843.9 11.0102
7797.96 24.0278 7859.11 -25.4389
7810.54 24.0278 7870.82 -5.91259
7824.59 -2.00733 7885.74 22.726
7838.05 50.0629 7899.2 -12.4214
7852.38 -28.0424 7912.95 -31.9477
7866.43 22.726 7926.11 4.50145
7879.89 26.6313 7941.03 7.10496
7893.35 -5.91259 7954.78 -0.70557
7907.97 11.0102 7968.82 4.50145
7921.72 -3.30908 7982.27 7.10496
7935.47 -9.81786 7996.31 0.596186
7949.51 9.70847 8010.35 7.10496
7963.55 51.3647 8023.51 -18.9302
7977.3 18.8208 8038.14 21.4243
7989.88 4.50145 8051.89 1.89794
8004.21 -8.5161 8065.34 -28.0424
8018.25 27.9331 8078.5 4.50145
8032 1.89794 8092.83 9.70847
8046.03 -31.9477 8106.57 -12.4214
8059.2 -20.2319 8120.02 -33.2495
8073.82 0.596186 8134.64 0.596186
8087.56 26.6313 8147.51 -4.61084
8101.02 7.10496 8161.54 -9.81786
8115.64 -12.4214 8176.16 -3.30908
8128.21 4.50145 8189.61 -20.2319
8141.95 12.312 8203.65 -0.70557
8155.99 -2.00733 8217.39 13.6137
8170.02 -11.1196 8231.42 -8.5161
8183.76 17.519 8244.87 -15.0249
8198.38 7.10496 8259.48 -16.3266
8211.25 -22.8354 8272.35 0.596186
8224.7 -20.2319 8286.38 -16.3266
8239.02 20.1225 8300.7 17.519
8252.47 -4.61084 8314.44 -9.81786
8266.5 31.8383 8327.3 24.0278
8280.53 8.40672 8342.79 18.8208
8293.68 12.312 8355.65 -0.70557
8307.72 9.70847 8369.68 -12.4214
8321.75 3.1997 8382.83 -25.4389
8336.07 11.0102 8397.44 -5.91259
8348.93 -22.8354 8410.89 -31.9477
8363.54 18.8208 8424.91 -26.7407
8376.69 -12.4214 8438.94 20.1225
8391.01 16.2173 8452.38 11.0102
8404.75 8.40672 8465.83 9.70847
8419.07 12.312 8480.73 21.4243
8432.8 -2.00733 8493.58 9.70847
8446.83 1.89794 8507.32 -33.2495
8460.27 -9.81786 8521.93 -12.4214
8474.01 -11.1196 8535.37 -25.4389
8488.62 13.6137 8549.68 -34.5512
8501.18 8.40672 8562.83 -18.9302
8515.2 14.9155 8576.85 -2.00733
8529.52 29.2348 8590.87 -8.5161
8542.96 31.8383 8605.19 -3.30908
8556.98 14.9155 8619.21 -2.00733
8570.72 -3.30908 8632.65 -17.6284
8584.16 1.89794 8645.8 -4.61084
8598.18 17.519 8659.52 -35.853
8612.2 -0.70557 8674.13 -38.4565
8626.51 -0.70557 8687.56 9.70847
8639.95 8.40672 8700.12 0.596186
8654.27 12.312 8715.6 -30.646
8667.99 -5.91259 8729.62 16.2173
8680.85 -3.30908 8742.77 -11.1196
8694.58 37.0453 8756.49 -11.1196
8708.01 -2.00733 8771.1 0.596186
8723.2 -16.3266 8783.95 -2.00733
8736.63 -0.70557 8798.26 -35.853
8750.36 21.4243 8811.69 -4.61084
8764.67 -2.00733 8825.41 -8.5161
8777.81 14.9155 8840.01 -24.1372
8790.95 12.312 8854.32 4.50145
8805.85 5.80321 8867.76 8.40672
8819.87 20.1225 8881.77 -30.646
8832.42 16.2173 8895.5 -5.91259
8846.73 31.8383 8908.34 -5.91259
8860.45 26.6313 8924.11 -61.8881
8874.76 -11.1196 8936.96 -16.3266
8888.2 -8.5161 8950.39 7.10496
8902.8 26.6313 8964.99 -33.2495
8915.64 -25.4389 8978.41 -30.646
8930.24 -0.70557 8992.14 0.596186
8943.96 5.80321 9005.86 -48.8705
8957.1 -3.30908 9019.58 -4.61084
8970.82 24.0278 9033.01 -9.81786
8985.42 11.0102 9047.6 -31.9477
8998.85 16.2173 9061.03 -34.5512
9013.45 -12.4214 9075.63 -5.91259
9026.58 24.0278 9088.47 -20.2319
9041.18 5.80321 9102.19 -18.9302
9053.73 26.6313 9116.79 -15.0249
9068.04 13.6137 9130.5 -18.9302
9081.76 9.70847 9144.81 -20.2319
9095.48 17.519 9157.94 -21.5337
9108.9 9.70847 9171.66 -16.3266
9122.62 18.8208 9185.67 -25.4389
9136.93 3.1997 9199.39 -16.3266
9150.06 -16.3266 9213.98 -21.5337
9165.53 -5.91259 9227.11 -9.81786
9178.08 3.1997 9241.41 -3.30908
9192.38 38.3471 9255.42 -0.70557
9205.51 -11.1196 9268.26 -30.646
9218.94 16.2173 9282.85 11.0102
9233.83 8.40672 9295.99 -9.81786
9247.54 -4.61084 9309.7 -18.9302
9261.84 21.4243 9323.42 -17.6284
9274.1 -3.30908 9337.13 -7.21435
9288.11 14.9155 9350.85 7.10496
9302.7 -2.00733 9365.73 5.80321
9317 20.1225 9379.74 -8.5161
9330.42 -2.00733 9392.87 -11.1196
9344.14 43.5541 9406.88 29.2348
9358.73 22.726 9420.3 -12.4214
9371.57 -8.5161 9434.89 -5.91259
9384.99 8.40672 9448.6 -38.4565
9399.58 -9.81786 9462.02 -20.2319
9412.71 20.1225 9476.9 1.89794
9426.72 1.89794 9490.03 -2.00733
9440.14 29.2348 9503.45 -0.70557
9454.43 18.8208 9516.58 20.1225
9468.44 26.6313 9532.05 -26.7407
9482.15 5.80321 9545.47 -34.5512
9496.16 24.0278 9558.89 0.596186
9510.46 48.7611 9573.47 -3.30908
9523 -21.5337 9586.02 -9.81786
9537.3 20.1225 9600.9 -30.646
9551.59 29.2348 9614.32 -12.4214
9565.31 7.10496 9628.61 -8.5161
9577.85 -2.00733 9641.16 -18.9302
9592.15 29.2348 9656.03 -2.00733
9605.86 37.0453 9670.04 -2.00733
9618.69 -24.1372 9684.04 -39.7582
9633.57 29.2348 9697.75 -35.853
9648.45 -17.6284 9711.46 -24.1372
9661.58 -16.3266 9725.46 -29.3442
9675.29 -16.3266 9739.76 -3.30908
9688.71 34.4418 9752.59 -18.9302
9703.59 -5.91259 9766.6 -17.6284
9717.3 26.6313 9780.59 -13.7231
9730.72 25.3295 9794.31 -15.0249
9744.13 -5.91259 9807.72 -0.70557
9758.14 14.9155 9822.31 7.10496
9771.85 7.10496 9836.31 -21.5337
9785.85 0.596186 9850.02 1.89794
9799.85 -3.30908 9863.73 -7.21435
9813.26 42.2524 9877.44 -24.1372
9826.68 11.0102 9892.02 -22.8354
9840.98 68.2875 9905.15 -39.7582
9854.68 27.9331 9918.86 -16.3266
9869.56 14.9155 9932.86 -15.0249
9882.69 0.596186 9946.56 7.10496
9896.1 21.4243 9960.86 8.40672
9909.23 20.1225 9973.98 -18.9302
9924.11 -7.21435 9987.69 -20.2319
9938.4 5.80321 10001.7 -26.7407
9951.52 11.0102 10015.1 -5.91259
9964.94 29.2348 10029.4 -42.3617
9978.65 21.4243 10044 -35.853
9991.77 35.7436 10056.5 27.9331
10007.2 24.0278 10071.1 -33.2495
10020.1 5.80321 10085.1 -3.30908
10034.4 -2.00733 10097.6 -9.81786
10048.6 -11.1196 10112.5 -17.6284
10061.5 -16.3266 10126.5 -2.00733
10076.4 -5.91259 10139.9 -8.5161
10088.9 33.1401 10154.2 -20.2319
10103.5 16.2173 10167.6 -16.3266
10117.8 35.7436 10181.9 1.89794
10130.6 31.8383 10195 -28.0424
10144.6 29.2348 10209 11.0102
10158.9 21.4243 10223.3 5.80321
10172.9 25.3295 10235.6 -12.4214
10186 -9.81786 10251 -17.6284
10199.4 -39.7582 10264.8 39.6489
10214.3 -34.5512 10279 -16.3266
10227.7 21.4243 10292.8 -12.4214
10242 0.596186 10305.6 4.50145
10255.4 7.10496 10319.9 -25.4389
10269.1 0.596186 10333.6 -2.00733
10283.1 -13.7231 10348.2 -9.81786
10296.5 34.4418 10362.2 -4.61084
10310 -5.91259 10375.3 -15.0249
10324.8 12.312 10389 -7.21435
10338.3 9.70847 10403.6 -55.3793
10351.4 -5.91259 10416.7 -8.5161
10366 12.312 10431.3 -13.7231
10379.4 22.726 10445 -44.9653
10392.8 7.10496 10458.4 12.312
10406.8 17.519 10471.5 0.596186
10421.1 -0.70557 10486.4 -59.2846
10435.1 18.8208 10500.1 24.0278
10449.4 17.519 10513.8 -24.1372
10462.2 7.10496 10526.6 -24.1372
10475.9 -9.81786 10542.4 0.596186
10489.9 -4.61084 10555.8 -4.61084
10502.7 18.8208 10568.6 -5.91259
10517.9 22.726 10582.6 16.2173
10531.6 16.2173 10597.2 -42.3617
10545 9.70847 10610.4 5.80321
10557.9 18.8208 10624.9 16.2173
10572.7 26.6313 10638.1 -33.2495
10585.9 8.40672 10651.2 -13.7231
10600.1 8.40672 10666.1 13.6137
10614.1 34.4418 10679.2 -65.7934
10627.9 3.1997 10693.2 -24.1372
10641.3 -22.8354 10708.6 -5.91259
10655.6 16.2173 10722.4 -42.3617
10669.9 -2.00733 10735.2 9.70847
10683 21.4243 10749.5 -43.6635
10697.6 43.5541 10762.6 -9.81786
10710.4 31.8383 10776.9 -31.9477
10724.4 22.726 10790.3 -42.3617
10738.4 18.8208 10803.7 9.70847
10753.3 24.0278 10818 -33.2495
10766.1 30.5366 10832 -12.4214
10779.5 8.40672 10846 27.9331
10793.2 0.596186 10859.7 -9.81786
10807.5 -11.1196 10873.4 -28.0424
10820.7 27.9331 10886.9 -15.0249
10835.2 18.8208 10900.9 -16.3266
10849.2 -3.30908 10915.2 -22.8354
10861.8 48.7611 10929.2 -46.267
10876.4 4.50145 10942.9 -9.81786
10889.5 31.8383 10956.3 -9.81786
10903.8 17.519 10970.9 7.10496
10918.1 16.2173 10984 -7.21435
10932.1 -2.00733 10998.9 -5.91259
10945.2 -9.81786 11012 -18.9302
10959.2 5.80321 11026.9 17.519
10972.3 -11.1196 11039.7 -4.61084
10987.2 17.519 11053.7 -13.7231
11000.6 40.9506 11066.8 -8.5161
11014.3 17.519 11080.9 -0.70557
11028.9 38.3471 11095.1 -25.4389
11042.3 16.2173 11108.6 11.0102
11055.8 -9.81786 11122.6 3.1997
11070 34.4418 11136.9 18.8208
11083.5 29.2348 11149.7 4.50145
11097.5 13.6137 11164 -41.06
11110.9 56.5717 11178 -38.4565
11124.9 1.89794 11191.4 -33.2495
11138.9 -4.61084 11205.4 -11.1196
11152 40.9506 11220 -9.81786
11166.9 35.7436 11234.3 -3.30908
11180.3 43.5541 11247.7 20.1225
11193.8 30.5366 11260.6 25.3295
11207.2 16.2173 11274.6 -21.5337
11222 12.312 11288.6 8.40672
11236.1 48.7611 11302 -9.81786
11249.5 14.9155 11316.9 -0.70557
11263.5 0.596186 11329.4 -43.6635
11276.3 20.1225 11344.3 -13.7231
11290.3 35.7436 11358.3 -29.3442
11304 25.3295 11371.4 -44.9653
11318.9 33.1401 11385.5 -68.3969
11331.5 11.0102 11399.5 -41.06
11346 4.50145 11413.5 -84.0179
11360.4 9.70847 11427.5 -9.81786
11373.5 -2.00733 11441.2 -20.2319
11386.9 12.312 11454.9 -55.3793
11400.6 -7.21435 11468.3 -34.5512
11414.9 30.5366 11482 -50.1723
11428.6 27.9331 11496.3 -59.2846
11442.3 13.6137 11509.5 -18.9302
11456.1 40.9506 11524.6 -68.3969
11469.5 -11.1196 11538.1 -25.4389
11483.8 30.5366 11551.8 -11.1196
11497.2 38.3471 11564.9 -18.9302
11511.5 25.3295 11578.6 -18.9302
11524.9 30.5366 11592.4 -55.3793
11538.7 17.519 11606.4 -48.8705
11552.4 17.519 11620.7 7.10496
11566.4 17.519 11634.7 -41.06
11580.7 38.3471 11649 -43.6635
11595 17.519 11662.4 -4.61084
11608.1 46.1576 11676.1 1.89794
11621.3 59.1752 11689.9 -15.0249
11635.6 31.8383 11703.9 -7.21435
11649.3 42.2524 11718.8 -22.8354
11663.3 27.9331 11730.7 5.80321
11677.6 29.2348 11745 -3.30908
11690.7 43.5541 11758.5 7.10496
11704.4 16.2173 11773 3.1997
11718.8 38.3471 11787.1 -5.91259
11732.5 61.7787 11800.5 4.50145
11745.3 42.2524 11814.8 26.6313
11759.3 31.8383 11828.2 57.8734
11773 34.4418 11842.2 9.70847
11787.6 48.7611 11856 33.1401
11802.2 26.6313 11870.6 -18.9302
11815.7 22.726 11884 -31.9477
11829.4 27.9331 11898 -42.3617
11842 47.4594 11911.1 -47.5688
11857.1 37.0453 11924.9 -46.267
11870 73.4945 11938.3 0.596186
11884.6 85.2103 11952.6 9.70847
11898 55.2699 11967.2 47.4594
11911.7 47.4594 11980.9 4.50145
11926.3 53.9682 11994.1 44.8559
11939.2 66.9857 12009 -24.1372
11953.2 46.1576 12022.1 -28.0424
11967.5 38.3471 12035.8 -46.267
11980.6 69.5892 12050.1 -41.06
11993.5 55.2699 12063.3 -44.9653
12008.7 66.9857 12077.6 -2.00733
12023 82.6068 12091.3 -22.8354
12035.8 78.7015 12105.6 16.2173
12049.6 111.245 12118.8 34.4418
12063.6 102.133 12134.3 -21.5337
12077.3 109.944 12146.5 -2.00733
12090.7 107.34 12160.8 1.89794
12105.3 70.891 12174.9 5.80321
12118.8 43.5541 12188.9 11.0102
12131.9 76.098 12202.3 -2.00733
12146.2 72.1928 12215.2 -13.7231
12160.3 99.5296 12230.1 -2.00733
12173.7 99.5296 12244.1 16.2173
12187.4 146.393 12256.4 -0.70557
12201.7 150.298 12271.3 35.7436
12215.5 155.505 12285.6 -28.0424
12229.2 124.263 12299.6 -37.1547
12243.2 135.979 12312.2 -38.4565
12256.4 95.6243 12326.8 -59.2846
12271 86.5121 12340.2 -28.0424
12283.8 94.3226 12354.5 -24.1372
12297.8 83.9085 12368 -35.853
12311.9 129.47 12382.3 -35.853
12326.2 130.772 12396.3 -11.1196
12339 112.547 12409.4 -44.9653
12353.6 165.919 12423.8 -30.646
12366.8 150.298 12437.2 -37.1547
12381.1 150.298 12451.8 4.50145
12394.8 124.263 12465.9 27.9331
12408.3 117.754 12479.9 -25.4389
12423.2 109.944 12492.7 -37.1547
12436.3 113.849 12506.8 -59.2846
12450.4 130.772 12521.1 -39.7582
12463.5 181.54 12534.8 -50.1723
12478.1 201.067 12548.3 -37.1547
12491.6 190.653 12561.4 -55.3793
12505.3 175.031 12576.3 -13.7231
12519.6 169.824 12589.5 -3.30908
12533.4 145.091 12603.5 -7.21435
12546.5 172.428 12618.1 -3.30908
12560.5 126.866 12632.1 -13.7231
12573.7 156.807 12645.3 14.9155
12588.9 185.445 12659 -16.3266
12602 185.445 12672.2 -46.267
12615.8 297.397 12686.2 -8.5161
12629.5 234.912 12700.9 -9.81786
12643.5 251.835 12714.9 21.4243
12657 234.912 12728.3 43.5541
12670.7 189.351 12742.4 48.7611
12685.1 172.428 12755.8 60.4769
12698.5 211.481 12770.1 34.4418
12712 207.575 12783.6 34.4418
12726 238.817 12797.6 38.3471
12740 260.947 12811.6 59.1752
12754.4 329.94 12825.1 73.4945
12767.5 319.526 12839.1 61.7787
12780.7 309.112 12852.9 77.3998
12795.3 262.249 12866.9 143.789
12808.7 270.06 12881 96.9261
12822.8 215.386 12894.4 76.098
12835.6 231.007 12908.4 57.8734
12850.8 232.309 12922.5 35.7436
12865.2 262.249 12936.2 33.1401
12878 331.242 12949.7 35.7436
12891.5 389.821 12963.4 82.6068
12905.2 333.846 12977.8 117.754
12920.1 396.33 12992.1 129.47
12932.7 357.277 13005.2 175.031
12947.3 331.242 13018.7 116.452
12960.2 314.319 13032.5 126.866
12974 341.656 13047.1 107.34
12987.7 352.07 13060.5 112.547
13001.4 379.407 13074.9 64.3822
13016.4 411.951 13088.6 78.7015
13029.5 448.4 13102.1 104.737
13043.6 447.098 13116.4 147.695
13057.6 441.891 13129.8 176.333
13071.6 430.176 13143.9 233.61
13084.8 396.33 13157.3 216.688
13098.8 419.762 13171.7 214.084
13112.6 445.797 13185.1 212.782
13126.9 451.004 13199.2 162.014
13140.1 491.358 13214.1 185.445
13153.5 500.47 13227.3 210.179
13167.6 574.67 13241.3 232.309
13181.9 585.084 13253.9 255.74
13195.1 637.155 13268.8 301.302
13209.4 586.386 13282.3 311.716
13222.9 566.86 13296.3 341.656
13236.9 556.446 13310.1 337.751
13250.4 600.706 13324.7 327.337
13264.4 573.369 13337.9 355.975
13278.5 634.551 13350.8 284.379
13291.7 650.172 13366 292.189
13306 698.337 13378.6 323.432
13319.4 684.018 13393.5 349.467
13334.1 732.183 13407.5 387.218
13346.7 695.734 13421.3 466.625
13360.1 710.053 13434.5 484.849
13374.5 685.32 13448.5 477.039
13387.9 694.432 13462.3 466.625
13402 700.941 13476.3 432.779
13416.6 733.485 13490.1 402.839
13430.4 710.053 13504.4 405.442
13443.8 729.579 13517.9 405.442
13457.3 721.769 13531.9 440.59
13470.7 738.692 13546.5 506.979
13485.1 750.407 13559.7 552.541
13499.4 767.33 13573.5 552.541
13512.6 768.632 13588.1 598.102
13526.4 801.176 13601 560.351
13539.8 850.643 13615 547.334
13554.4 801.176 13628.2 568.162
13567 824.608 13643.1 519.997
13581.7 794.667 13656.9 592.895
13594.3 819.401 13669.8 587.688
13609.2 831.116 13684.1 647.569
13622.6 880.583 13699.1 672.302
13637.3 913.127 13711.9 704.846
13649.6 949.576 13726.9 738.692
13664.2 946.973 13739.8 730.881
13678 948.274 13754.7 713.958
13691.4 944.369 13768.4 715.26
13705.5 937.86 13782.5 704.846
13719.6 902.713 13796 703.544
13733.6 894.902 13810.6 733.485
13747.4 953.481 13824.1 779.046
13760.8 989.93 13838.4 835.022
13774 1034.19 13852.5 920.937
13788.9 1109.69 13867.7 930.05
13802.1 1124.01 13880.9 918.334
13816.2 1124.01 13894.3 901.411
13829.4 1081.05 13898.5 915.73
13843.7 1010.76 13885.6 848.039
13857.2 976.913 13871.5 900.109
