7013.28 -61.8881 7028.53 -47.5688
7004.78 -0.70557 7041.43 -41.06
7000.68 -15.0249 7056.67 -13.7231
7008.3 -29.3442 7069.57 -24.1372
7020.9 1.89794 7083.34 -15.0249
7036.44 3.1997 7097.41 -34.5512
7049.05 37.0453 7111.78 -24.1372
7063.12 -37.1547 7124.97 -31.9477
7078.36 9.70847 7139.03 -91.8285
7091.55 -24.1372 7152.22 -46.267
7105.33 13.6137 7166 -11.1196
7118.52 -20.2319 7179.77 -50.1723
7133.47 -12.4214 7194.13 -28.0424
7147.24 14.9155 7208.2 -29.3442
7160.72 14.9155 7221.38 -55.3793
7175.08 29.2348 7235.74 -37.1547
7187.98 9.70847 7248.64 -9.81786
7202.63 27.9331 7263.58 -63.1898
7215.82 -31.9477 7276.76 -33.2495
7230.76 14.9155 7290.83 -29.3442
7243.07 -4.61084 7305.48 -69.6986
7257.43 -24.1372 7318.07 -34.5512
7271.78 -0.70557 7332.14 -47.5688
7285.26 -11.1196 7346.78 -64.4916
7298.44 -16.3266 7359.96 -16.3266
7313.09 -9.81786 7373.15 -18.9302
7327.45 -7.21435 7387.5 -33.2495
7340.34 -15.0249 7401.56 -30.646
7355.28 -0.70557 7415.03 -3.30908
7367.87 12.312 7429.97 -67.0951
7382.52 35.7436 7443.15 -2.00733
7395.7 -3.30908 7456.62 -42.3617
7410.35 3.1997 7470.09 -54.0776
7424.11 1.89794 7484.44 -5.91259
7437.29 -9.81786 7497.62 -37.1547
7451.06 -17.6284 7512.85 -71.0004
7464.82 25.3295 7525.73 3.1997
7478.58 -11.1196 7539.49 -39.7582
7493.23 -17.6284 7553.25 -34.5512
7506.99 9.70847 7567.6 -21.5337
7520.75 -16.3266 7580.48 -57.9828
7534.22 -20.2319 7594.24 -43.6635
7548.57 -12.4214 7609.47 -54.0776
7561.74 1.89794 7623.23 -52.7758
7576.09 -11.1196 7636.11 -39.7582
7590.14 -28.0424 7650.45 -33.2495
7603.9 -16.3266 7664.21 -46.267
7616.79 7.10496 7677.97 -39.7582
7631.13 -29.3442 7691.72 -26.7407
7644.89 7.10496 7705.77 -35.853
7658.94 7.10496 7719.82 -26.7407
7672.7 -9.81786 7733.58 -16.3266
7686.45 12.312 7747.04 -24.1372
7699.92 -16.3266 7761.38 -31.9477
7713.97 0.596186 7774.84 -34.5512
7728.31 -18.9302 7788.3 -39.7582
7741.77 -16.3266 7801.76 -29.3442
7755.23 -7.21435 7815.81 -47.5688
7768.7 11.0102 7830.44 -37.1547
7783.62 16.2173 7844.48 -5.91259
7797.08 -12.4214 7858.53 -12.4214
7810.54 -7.21435 7870.82 -76.2074
7824.59 -24.1372 7886.03 -25.4389
7838.34 -55.3793 7899.49 -34.5512
7851.8 -29.3442 7913.53 -51.474
7866.14 -24.1372 7926.7 -41.06
7879.59 9.70847 7941.03 -17.6284
7893.35 0.596186 7953.61 -33.2495
7907.39 30.5366 7967.06 -15.0249
7921.72 12.312 7983.44 -30.646
7934.89 21.4243 7996.31 -57.9828
7948.64 -7.21435 8010.65 -37.1547
7962.68 -9.81786 8023.81 -56.6811
7976.42 -31.9477 8037.55 -25.4389
7990.17 9.70847 8051.59 -67.0951
8003.63 33.1401 8065.05 -61.8881
8017.67 8.40672 8077.91 -55.3793
8031.41 -22.8354 8092.53 -8.5161
8044.87 17.519 8106.86 -26.7407
8059.49 17.519 8120.9 -43.6635
8072.36 33.1401 8134.35 -64.4916
8087.56 20.1225 8148.09 -31.9477
8101.89 14.9155 8162.13 -39.7582
8114.47 17.519 8175.87 -52.7758
8128.8 -18.9302 8190.2 -63.1898
8142.25 -24.1372 8203.65 -34.5512
8156.28 31.8383 8218.26 -41.06
8170.02 14.9155 8231.71 -30.646
8183.76 -4.61084 8244.57 -21.5337
8197.22 12.312 8258.61 -38.4565
8211.25 33.1401 8272.05 -35.853
8225.28 29.2348 8286.67 -24.1372
8239.6 13.6137 8299.24 -34.5512
8252.18 -15.0249 8314.44 -46.267
8266.5 9.70847 8327.3 -50.1723
8280.53 -22.8354 8341.91 -64.4916
8294.27 -12.4214 8355.36 -38.4565
8307.42 50.0629 8369.39 -21.5337
8322.62 -3.30908 8383.12 4.50145
8335.78 22.726 8397.15 -57.9828
8350.1 12.312 8411.47 -30.646
8362.67 25.3295 8424.62 -22.8354
8376.99 21.4243 8439.23 -52.7758
8391.31 11.0102 8452.09 -9.81786
8404.75 7.10496 8467.29 -65.7934
8419.36 29.2348 8480.14 -37.1547
8432.8 38.3471 8494.46 -42.3617
8445.95 13.6137 8508.49 -15.0249
8459.98 -7.21435 8522.22 -30.646
8474.3 24.0278 8535.95 -44.9653
8487.74 25.3295 8549.39 -43.6635
8501.47 33.1401 8563.7 -26.7407
8515.79 33.1401 8576.85 -73.6039
8530.4 13.6137 8590.87 -17.6284
8543.84 3.1997 8604.9 -50.1723
8556.69 24.0278 8618.04 -24.1372
8571.01 27.9331 8632.94 -5.91259
8585.32 -4.61084 8646.09 -30.646
8598.18 26.6313 8660.11 -22.8354
8611.91 -0.70557 8672.67 -44.9653
8626.51 0.596186 8687.56 -17.6284
8639.37 1.89794 8701 -3.30908
8653.39 31.8383 8715.31 -46.267
8667.7 25.3295 8729.04 -7.21435
8682.01 -13.7231 8742.77 -37.1547
8695.16 11.0102 8756.78 -9.81786
8708.6 -35.853 8770.8 -7.21435
8722.32 -25.4389 8784.53 -29.3442
8735.76 -7.21435 8797.67 -28.0424
8750.65 -12.4214 8812.27 -20.2319
8762.92 -15.0249 8826.87 -26.7407
8777.23 -12.4214 8840.01 -13.7231
8791.83 -22.8354 8853.45 1.89794
8805.85 21.4243 8867.76 -13.7231
8819.57 21.4243 8882.06 -4.61084
8833.3 0.596186 8894.91 -42.3617
8846.73 -25.4389 8909.22 -9.81786
8860.45 -4.61084 8923.53 -7.21435
8874.47 -11.1196 8936.96 -4.61084
8888.49 -22.8354 8950.1 -24.1372
8902.8 -18.9302 8964.11 -9.81786
8914.77 -21.5337 8978.41 -30.646
8929.66 -43.6635 8992.14 -25.4389
8943.96 -2.00733 9005.27 -3.30908
8957.69 -34.5512 9019.87 -30.646
8970.82 -28.0424 9032.13 -20.2319
8985.13 -16.3266 9047.6 -11.1196
8999.43 -20.2319 9061.32 -18.9302
9012.28 1.89794 9075.34 -13.7231
9026.58 -24.1372 9089.64 -5.91259
9041.18 -7.21435 9103.07 -2.00733
9054.03 -7.21435 9116.79 -20.2319
9069.5 -13.7231 9130.5 -38.4565
9082.05 7.10496 9144.81 -18.9302
9095.48 -57.9828 9158.23 -13.7231
9108.61 -8.5161 9171.66 -28.0424
9123.21 -18.9302 9184.79 -28.0424
9137.22 3.1997 9199.39 -2.00733
9150.06 -26.7407 9213.98 -25.4389
9164.65 -8.5161 9227.4 -29.3442
9178.37 -21.5337 9241.41 -28.0424
9192.09 17.519 9254.26 -7.21435
9206.1 -44.9653 9268.55 4.50145
9218.94 -17.6284 9282.27 -21.5337
9233.24 8.40672 9296.86 -16.3266
9246.96 14.9155 9309.7 -5.91259
9261.26 18.8208 9323.71 -24.1372
9275.27 -0.70557 9337.43 -16.3266
9288.98 4.50145 9351.43 -26.7407
9303.28 -2.00733 9364.86 -15.0249
9316.41 -12.4214 9379.74 -2.00733
9330.42 -11.1196 9392.58 3.1997
9344.43 -25.4389 9406.88 -17.6284
9358.44 -34.5512 9420.88 -37.1547
9371.86 -9.81786 9434.89 -21.5337
9384.7 -7.21435 9448.02 -39.7582
9399.58 17.519 9461.73 -16.3266
9413 5.80321 9476.9 -18.9302
9426.72 -2.00733 9490.32 -35.853
9440.14 -4.61084 9504.62 -34.5512
9454.14 26.6313 9517.75 -8.5161
9468.15 0.596186 9531.46 -31.9477
9482.15 43.5541 9545.18 -0.70557
9496.45 25.3295 9559.18 -12.4214
9510.46 1.89794 9573.18 -38.4565
9523 27.9331 9587.77 -16.3266
9537.01 20.1225 9600.61 -46.267
9551.01 31.8383 9614.61 -9.81786
9565.6 -12.4214 9628.9 -28.0424
9577.85 16.2173 9642.03 -55.3793
9592.44 5.80321 9655.74 -15.0249
9606.44 26.6313 9670.04 -26.7407
9620.15 0.596186 9682.87 -42.3617
9633.57 3.1997 9697.75 -39.7582
9647.87 34.4418 9710.88 -54.0776
9661.87 -0.70557 9725.75 -21.5337
9675 20.1225 9738.88 -20.2319
9688.71 25.3295 9752.59 8.40672
9702.42 39.6489 9767.76 -41.06
9716.71 42.2524 9780.59 -18.9302
9731.3 9.70847 9794.31 -42.3617
9744.42 46.1576 9808.6 0.596186
9759.01 14.9155 9822.02 -29.3442
9771.85 47.4594 9835.73 -52.7758
9786.43 44.8559 9849.43 -50.1723
9799.56 25.3295 9864.02 -42.3617
9812.97 80.0033 9877.44 -38.4565
9828.14 59.1752 9891.15 -12.4214
9840.69 30.5366 9904.85 -39.7582
9854.39 14.9155 9918.56 -18.9302
9868.98 3.1997 9933.44 -38.4565
9882.39 4.50145 9946.27 -24.1372
9896.4 -3.30908 9960.86 -44.9653
9910.69 21.4243 9974.27 3.1997
9924.11 40.9506 9987.98 -21.5337
9937.52 55.2699 10002 -7.21435
9952.11 33.1401 10015.7 -20.2319
9964.94 48.7611 10029.7 -15.0249
9978.65 51.3647 10044 -41.06
9993.23 18.8208 10057.7 -28.0424
10007.2 1.89794 10070.8 -15.0249
10020.9 26.6313 10084.8 -26.7407
10032.9 11.0102 10097.9 -21.5337
10048.3 9.70847 10112.8 -5.91259
10062.6 34.4418 10126.2 8.40672
10076.6 13.6137 10139.9 -12.4214
10090.1 3.1997 10153.1 -7.21435
10103.5 11.0102 10167.6 -8.5161
10116.3 11.0102 10181.6 -11.1196
10130.6 -21.5337 10195 -15.0249
10144.6 -21.5337 10209.3 -22.8354
10158.3 8.40672 10223.6 -12.4214
10172.9 -12.4214 10236.5 -21.5337
10186.6 3.1997 10250.8 17.519
10200 1.89794 10264.8 -18.9302
10214 -4.61084 10278.5 -46.267
10228 17.519 10291.9 21.4243
10241.7 37.0453 10306.2 -21.5337
10255.1 11.0102 10319.9 -11.1196
10268.8 -0.70557 10334.2 -26.7407
10282.3 -8.5161 10347.6 -21.5337
10297.1 -37.1547 10361.3 13.6137
10309.7 -20.2319 10375.6 -15.0249
10323.4 21.4243 10389 -2.00733
10338.5 13.6137 10403.3 9.70847
10350.8 -3.30908 10417.3 -7.21435
10365.4 -21.5337 10431.3 11.0102
10379.4 29.2348 10444.1 -8.5161
10393.1 -4.61084 10458.4 4.50145
10407.1 -17.6284 10472.7 -22.8354
10421.4 -20.2319 10486.4 -9.81786
10435.1 -20.2319 10500.1 -0.70557
10448.5 -42.3617 10514.7 -8.5161
10461.6 7.10496 10527.2 -7.21435
10475.9 8.40672 10541.2 -11.1196
10490.8 13.6137 10555.2 -0.70557
10503.9 3.1997 10569.5 21.4243
10516.7 -20.2319 10583.5 -15.0249
10531.6 3.1997 10597.5 -5.91259
10545.3 -30.646 10610.1 -3.30908
10558.5 8.40672 10624.4 -31.9477
10573 -41.06 10638.6 -18.9302
10586.4 12.312 10652.1 -33.2495
10600.1 -38.4565 10665.5 9.70847
10614.1 -7.21435 10679.5 -37.1547
10628.1 -37.1547 10693.8 -4.61084
10642.7 8.40672 10708.4 -2.00733
10655.6 22.726 10721.2 -57.9828
10669 -29.3442 10734.6 -26.7407
10683.6 -38.4565 10749.8 -18.9302
10697.3 -8.5161 10762.6 -38.4565
10711.3 -48.8705 10776.3 11.0102
10724.4 1.89794 10790 -2.00733
10738.4 -8.5161 10804.9 17.519
10752.4 -28.0424 10817.7 3.1997
10765.2 -4.61084 10832.6 9.70847
10779.8 -52.7758 10846.3 -9.81786
10793.8 -34.5512 10859.4 -17.6284
10807.5 -22.8354 10873.2 -12.4214
10821.2 -22.8354 10888 -37.1547
10835.2 -0.70557 10901.7 -9.81786
10848.9 -3.30908 10915.2 31.8383
10863.2 -55.3793 10928.3 -3.30908
10875.8 9.70847 10942.6 11.0102
10891 7.10496 10957.2 -16.3266
10904.9 -8.5161 10971.2 -4.61084
10917.2 5.80321 10984.9 -28.0424
10931.2 7.10496 10998 -34.5512
10945.5 -2.00733 11012.3 -71.0004
10959.2 -2.00733 11025.4 -33.2495
10973.5 -2.00733 11040.3 5.80321
10986.9 -9.81786 11054 -51.474
11000.9 -25.4389 11067.1 -41.06
11014.6 24.0278 11081.4 -47.5688
11028.3 -3.30908 11094.8 -20.2319
11042 -25.4389 11108.6 -38.4565
11056.3 -18.9302 11122.9 -41.06
11070.6 3.1997 11136 -48.8705
11083.2 -7.21435 11150.3 -29.3442
11097.8 -24.1372 11164 -50.1723
11110.9 9.70847 11177.4 -22.8354
11125.2 5.80321 11192 -22.8354
11138.9 -0.70557 11205.7 -26.7407
11152.6 8.40672 11219.4 -18.9302
11166.9 33.1401 11232.5 -47.5688
11180 5.80321 11247.4 -26.7407
11193.2 3.1997 11260.9 -29.3442
11207.5 -30.646 11274.9 -59.2846
11221.5 9.70847 11288.6 -87.9232
11236.1 -4.61084 11303.2 -31.9477
11249.2 20.1225 11316.6 -48.8705
11262.6 11.0102 11330 -41.06
11276.6 5.80321 11343.7 -35.853
11290 39.6489 11358.6 -20.2319
11304 -24.1372 11371.1 -37.1547
11317.8 30.5366 11386 -11.1196
11331.5 12.312 11399.8 -52.7758
11345.2 -7.21435 11413.5 -74.9056
11359.8 0.596186 11426.3 -86.6215
11373.8 52.6664 11440.9 -77.5092
11386.6 -16.3266 11455.2 -34.5512
11401.2 1.89794 11468.6 -31.9477
11414.9 -9.81786 11482.9 -21.5337
11428.6 5.80321 11496.1 -51.474
11442.9 18.8208 11509.8 -55.3793
11456.4 17.519 11524.1 -61.8881
11470.4 -29.3442 11537.5 -65.7934
11482.9 -4.61084 11551.5 -59.2846
11498.1 -24.1372 11564.6 -41.06
11510.6 -9.81786 11579.5 -35.853
11524.9 -34.5512 11593.2 -68.3969
11539.2 -13.7231 11607.2 -34.5512
11552.4 16.2173 11621 -22.8354
11567 -20.2319 11635 -30.646
11580.4 1.89794 11648.7 -84.0179
11595 13.6137 11662.4 -47.5688
11607.5 13.6137 11675.8 -51.474
11621.3 0.596186 11690.1 -64.4916
11636.1 21.4243 11703.6 -95.7337
11649 -4.61084 11716.7 -51.474
11663.9 18.8208 11732.5 -61.8881
11677 -25.4389 11745.6 -57.9828
11690.7 -29.3442 11758.5 -76.2074
11704.1 51.3647 11774.5 -46.267
11718.8 18.8208 11787.1 -57.9828
11733.1 29.2348 11800.5 -54.0776
11745.6 -3.30908 11814.5 -55.3793
11759.9 1.89794 11827.6 -67.0951
11773.9 46.1576 11842 -55.3793
11786.8 7.10496 11856.3 -28.0424
11800.8 -20.2319 11870.6 -28.0424
11815.1 0.596186 11884 7.10496
11829.4 5.80321 11897.7 -29.3442
11842 12.312 11911.7 -38.4565
11856.3 11.0102 11925.4 -34.5512
11870.3 -22.8354 11938.6 -30.646
11883.4 12.312 11952.3 -26.7407
11898 -16.3266 11966.9 -42.3617
11911.7 -18.9302 11980.9 -5.91259
11925.7 -30.646 11995.5 1.89794
11939.2 5.80321 12008.1 -29.3442
11953.8 -5.91259 12021.8 -17.6284
11968.4 -30.646 12035.3 -46.267
11981.2 24.0278 12050.4 -60.5863
11993.8 34.4418 12064.5 -42.3617
12008.7 38.3471 12078.2 -50.1723
12022.4 -0.70557 12091 -61.8881
12035.5 0.596186 12105.1 -17.6284
12049 -29.3442 12119.4 -30.646
12064.2 38.3471 12132.8 -12.4214
12077.3 -0.70557 12147.1 -31.9477
12090.7 -3.30908 12160.3 -38.4565
12104.5 53.9682 12174.6 -31.9477
12118.5 57.8734 12188.3 -69.6986
12132.2 17.519 12202 -34.5512
12146.5 37.0453 12216.6 -47.5688
12160.8 61.7787 12230.1 -56.6811
12173.7 55.2699 12243.5 -8.5161
12188 51.3647 12256.9 7.10496
12202 27.9331 12271.3 -18.9302
12214.9 37.0453 12285.3 -28.0424
12229.5 26.6313 12299 -18.9302
12242.3 35.7436 12313.3 -29.3442
12257.8 60.4769 12326.5 -25.4389
12270.7 70.891 12340.8 -24.1372
12285 51.3647 12353.9 -5.91259
12298.1 64.3822 12368.6 11.0102
12312.5 30.5366 12382.3 22.726
12325.6 59.1752 12395.7 14.9155
12339.9 53.9682 12410 33.1401
12352.8 50.0629 12423.5 -2.00733
12368.3 77.3998 12437.2 -12.4214
12380.8 78.7015 12451.5 -15.0249
12394.6 74.7963 12465.3 8.40672
12408.9 93.0208 12479.3 1.89794
12421.7 91.7191 12492.7 -17.6284
12435.8 72.1928 12506.8 -12.4214
12449.5 98.2279 12520.5 21.4243
12463.8 137.281 12534.2 14.9155
12477.5 155.505 12548.6 24.0278
12491.6 143.789 12562 16.2173
12505 107.34 12576 -24.1372
12519 113.849 12590.1 -12.4214
12532.5 95.6243 12603.2 -20.2319
12546.5 76.098 12616.9 17.519
12560 109.944 12630.4 -8.5161
12573.7 119.056 12644.7 39.6489
12588.9 154.203 12658.5 18.8208
12601.8 168.523 12673.4 12.312
12616.1 163.316 12686.8 27.9331
12630.1 178.937 12700 24.0278
12643.3 182.842 12714.9 35.7436
12656.4 142.488 12728 17.519
12670.4 163.316 12741.5 -2.00733
12684.5 181.54 12756.4 31.8383
12698.8 184.144 12769.8 46.1576
12712 229.705 12782.7 38.3471
12725.7 207.575 12798.5 48.7611
12740 207.575 12811.4 12.312
12754.1 221.895 12824.5 12.312
12766.6 211.481 12838.5 7.10496
12781.2 246.628 12852.3 18.8208
12795.3 217.989 12867.2 26.6313
12808.7 229.705 12880.4 35.7436
12822.5 270.06 12894.7 21.4243
12836.2 249.232 12908.4 18.8208
12850.5 276.568 12921.9 -2.00733
12863.7 264.853 12935.1 -2.00733
12877.7 247.93 12949.7 8.40672
12892.6 272.663 12962.8 24.0278
12904.4 290.888 12978.6 14.9155
12919.3 257.042 12990.9 46.1576
12932.7 285.681 13005.5 77.3998
12945.9 277.87 13018.7 72.1928
12959.9 288.284 13032.7 57.8734
12975.4 306.509 13046.8 21.4243
12988.3 336.449 13060.2 69.5892
13002 346.863 13074.9 89.1156
13015.5 318.225 13088.3 90.4173
13030.1 320.828 13102.4 83.9085
13043.9 348.165 13116.1 117.754
13057.9 327.337 13130.4 125.565
13071.1 344.26 13143.3 121.659
13084.5 349.467 13157.6 148.996
13099.1 378.105 13171.4 158.109
13112.6 389.821 13185.4 178.937
13125.8 372.898 13198.9 154.203
13140.1 378.105 13213.8 156.807
13154.4 366.39 13227.3 185.445
13167.9 388.519 13241.3 204.972
13180.8 392.425 13254.2 194.558
13194.8 419.762 13269.4 203.67
13209.4 452.305 13282.6 255.74
13222.9 458.814 13296 262.249
13236.6 519.997 13310.1 263.551
13250.7 500.47 13324.1 259.646
13264.7 525.204 13337.3 281.775
13277.9 500.47 13351.6 307.811
13291.1 471.832 13366 286.982
13305.4 484.849 13379.4 296.095
13319.7 506.979 13393.5 259.646
13332.3 510.884 13407.8 268.758
13346.9 549.937 13420.4 320.828
13361.3 572.067 13435 315.621
13374.5 602.007 13448.8 305.207
13387.6 615.025 13463.1 323.432
13402 604.611 13476 328.639
13416.6 587.688 13490.9 352.07
13429.8 522.6 13503.5 382.011
13444.1 573.369 13517.6 379.407
13457 588.99 13532.5 391.123
13471 628.042 13545.4 397.632
13485.7 674.906 13560.6 395.028
13498.3 698.337 13573.2 400.235
13512.6 737.39 13587.2 464.021
13525.8 721.769 13601 461.418
13539.8 650.172 13615 479.642
13553.9 651.474 13629.1 516.091
13567.9 660.586 13643.7 512.186
13581.1 680.113 13656.6 490.056
13595.1 674.906 13670.7 547.334
13609.2 737.39 13684.7 496.565
13622.6 832.418 13698.5 501.772
13636.7 832.418 13711.9 569.463
13651 868.867 13726 588.99
13664.5 835.022 13740 634.551
13678.3 853.246 13754.1 676.207
13692.3 769.934 13767.6 682.716
13705.5 773.839 13781 669.699
13719.6 808.987 13796 669.699
13733.3 833.72 13809.4 651.474
13746.5 877.98 13824.7 669.699
13761.4 976.913 13837.8 684.018
13774.6 962.594 13852.8 737.39
13789.2 980.818 13866.5 793.365
13801.8 961.292 13881.5 833.72
13816.8 966.499 13894.9 876.678
13829.6 936.559 13898.7 923.541
13843.7 945.671 13884.7 876.678
13857.5 867.565 13870.6 867.565
