7014.16 -41.06 7027.35 -59.2846
7005.07 -26.7407 7043.19 -71.0004
7000.09 3.1997 7056.08 -48.8705
7009.18 -31.9477 7070.74 -67.0951
7021.2 -16.3266 7082.76 -56.6811
7035.27 -41.06 7097.71 -24.1372
7049.05 -29.3442 7111.19 -55.3793
7064 -48.8705 7124.97 -34.5512
7076.9 -20.2319 7139.03 -38.4565
7091.26 -46.267 7152.81 -74.9056
7105.92 -0.70557 7165.7 -35.853
7119.4 -7.21435 7180.36 -54.0776
7133.17 -16.3266 7193.25 -69.6986
7146.95 -47.5688 7207.91 -65.7934
7160.43 -8.5161 7221.68 -43.6635
7174.2 -24.1372 7235.16 -39.7582
7189.15 -41.06 7248.93 -20.2319
7201.16 -13.7231 7262.41 -31.9477
7215.82 0.596186 7277.94 -43.6635
7231.35 -31.9477 7289.95 -60.5863
7244.83 -39.7582 7305.77 -41.06
7257.13 -30.646 7318.37 -44.9653
7270.61 -25.4389 7332.43 8.40672
7285.55 -15.0249 7346.49 -60.5863
7299.32 -22.8354 7359.09 -52.7758
7313.09 -22.8354 7373.73 -26.7407
7327.45 -63.1898 7387.79 -37.1547
7340.34 -29.3442 7401.27 -39.7582
7354.4 -25.4389 7415.03 -48.8705
7368.46 -51.474 7430.26 -55.3793
7382.52 -17.6284 7443.15 -39.7582
7395.7 -16.3266 7456.33 -42.3617
7410.93 -11.1196 7471.26 -65.7934
7423.52 -2.00733 7484.15 -31.9477
7437.29 -21.5337 7498.79 -33.2495
7451.06 -29.3442 7511.67 -31.9477
7466.28 -11.1196 7526.02 -37.1547
7478 -37.1547 7539.78 -65.7934
7493.23 -44.9653 7552.67 -80.1127
7506.7 -48.8705 7567.6 -69.6986
7520.17 -38.4565 7580.77 -44.9653
7534.22 -31.9477 7594.54 -31.9477
7548.28 -56.6811 7608.59 -48.8705
7562.04 -11.1196 7622.93 -54.0776
7575.8 -5.91259 7636.98 -39.7582
7589.85 -24.1372 7650.16 -22.8354
7603.03 -63.1898 7664.79 -41.06
7617.37 -41.06 7676.8 -51.474
7630.25 -50.1723 7692.31 -65.7934
7645.18 -18.9302 7705.19 -39.7582
7658.65 -17.6284 7719.82 -38.4565
7672.4 -21.5337 7733.87 -59.2846
7685.87 -7.21435 7747.33 -29.3442
7700.5 -35.853 7761.67 -42.3617
7714.26 -0.70557 7774.55 -17.6284
7728.31 -41.06 7788.01 -42.3617
7742.65 -24.1372 7802.35 -16.3266
7755.23 -20.2319 7816.39 -13.7231
7768.99 -22.8354 7829.56 -48.8705
7783.03 -22.8354 7843.9 -52.7758
7797.08 -13.7231 7859.11 -47.5688
7811.13 -20.2319 7871.11 -59.2846
7824.29 -20.2319 7886.03 -13.7231
7838.92 1.89794 7899.2 -51.474
7852.38 8.40672 7913.82 -8.5161
7866.14 -25.4389 7926.4 -17.6284
7880.47 -17.6284 7940.45 -34.5512
7893.64 -47.5688 7954.19 -33.2495
7907.68 -16.3266 7968.82 -18.9302
7921.72 1.89794 7982.86 -50.1723
7935.76 -13.7231 7996.31 -46.267
7949.51 -13.7231 8010.35 -42.3617
7963.55 -59.2846 8023.81 -42.3617
7977.01 -11.1196 8037.55 -22.8354
7989.88 7.10496 8051.3 0.596186
8004.8 -48.8705 8065.34 -28.0424
8018.25 -12.4214 8077.91 -44.9653
8031.71 -8.5161 8092.53 -41.06
8044.57 -34.5512 8107.45 -47.5688
8059.78 -20.2319 8120.61 -55.3793
8074.11 -18.9302 8134.94 -57.9828
8086.98 -5.91259 8148.09 -33.2495
8101.6 18.8208 8161.84 -37.1547
8115.64 -4.61084 8175.29 -12.4214
8127.33 -60.5863 8190.2 -16.3266
8142.25 -39.7582 8203.35 -13.7231
8156.57 -35.853 8217.1 -25.4389
8169.73 -2.00733 8231.13 -50.1723
8184.06 -18.9302 8244.87 -63.1898
8197.8 -28.0424 8258.32 -48.8705
8210.95 -16.3266 8272.05 -28.0424
8224.7 -16.3266 8286.09 -76.2074
8239.31 -20.2319 8300.7 -48.8705
8252.76 -2.00733 8315.02 -48.8705
8266.5 -43.6635 8327.3 -16.3266
8279.65 -38.4565 8341.62 -47.5688
8294.85 -28.0424 8355.94 -56.6811
8308.01 -25.4389 8369.09 -74.9056
8322.04 -35.853 8384 -89.225
8336.07 -42.3617 8396.57 -35.853
8349.51 5.80321 8411.18 -99.639
8363.25 -24.1372 8425.5 -42.3617
8376.69 -31.9477 8438.36 -61.8881
8391.01 -26.7407 8452.38 -56.6811
8405.33 -21.5337 8466.7 -67.0951
8418.78 -9.81786 8479.56 -54.0776
8432.8 -29.3442 8493.88 -64.4916
8445.37 -28.0424 8507.61 -63.1898
8460.27 -34.5512 8521.05 -71.0004
8474.3 -22.8354 8536.24 -95.7337
8488.03 -34.5512 8549.68 -68.3969
8500.89 -21.5337 8563.41 -72.3021
8515.5 -33.2495 8576.85 -60.5863
8530.69 -7.21435 8591.17 -41.06
8542.96 -41.06 8604.6 -55.3793
8557.28 -33.2495 8618.92 -50.1723
8570.42 -21.5337 8633.23 -63.1898
8583.86 -16.3266 8645.8 -104.846
8597.59 -26.7407 8660.11 -91.8285
8611.91 -9.81786 8673.25 -86.6215
8625.64 -26.7407 8689.03 -50.1723
8639.66 -33.2495 8701.58 -56.6811
8653.97 -3.30908 8715.02 -42.3617
8667.7 -17.6284 8729.04 -37.1547
8682.01 -15.0249 8742.18 -48.8705
8694.87 -48.8705 8757.08 -42.3617
8708.89 -55.3793 8771.39 -72.3021
8722.32 -17.6284 8785.11 -59.2846
8736.63 0.596186 8798.55 -56.6811
8750.65 -43.6635 8811.69 -65.7934
8763.8 -34.5512 8826.29 -26.7407
8777.23 -42.3617 8839.14 -50.1723
8791.54 1.89794 8854.03 -60.5863
8805.56 5.80321 8867.76 -50.1723
8820.16 -0.70557 8881.48 -37.1547
8833.01 -61.8881 8894.91 -74.9056
8847.32 -20.2319 8909.22 -57.9828
8860.16 -22.8354 8923.23 -85.3197
8874.47 -37.1547 8935.79 -59.2846
8888.49 -55.3793 8950.1 -57.9828
8901.63 -15.0249 8964.99 -24.1372
8916.81 -4.61084 8978.12 -57.9828
8929.66 -18.9302 8992.14 -54.0776
8943.96 -38.4565 9005.86 -25.4389
8957.69 -2.00733 9020.16 -18.9302
8970.82 -7.21435 9033.88 -69.6986
8984.84 -18.9302 9047.02 -67.0951
8999.43 -21.5337 9060.74 -46.267
9012.28 -22.8354 9075.34 -65.7934
9026.29 1.89794 9088.47 -43.6635
9040.31 -2.00733 9102.77 -56.6811
9053.73 -22.8354 9116.5 -25.4389
9068.04 -20.2319 9129.92 -22.8354
9080.88 -12.4214 9144.22 -68.3969
9095.19 -17.6284 9157.94 -61.8881
9108.9 -16.3266 9171.37 -65.7934
9123.79 -16.3266 9185.67 -35.853
9136.93 -29.3442 9199.97 -60.5863
9150.06 -12.4214 9213.98 -18.9302
9164.65 -37.1547 9227.4 -44.9653
9178.66 -18.9302 9241.41 -15.0249
9192.09 -51.474 9254.84 -42.3617
9206.1 1.89794 9268.55 -16.3266
9220.11 -31.9477 9282.85 -52.7758
9232.66 -48.8705 9296.57 -29.3442
9247.83 -0.70557 9309.7 -24.1372
9261.55 -16.3266 9323.71 -82.7162
9274.39 -20.2319 9337.13 -47.5688
9288.98 -4.61084 9350.56 -47.5688
9303.87 -18.9302 9364.56 -51.474
9315.54 -35.853 9379.74 -20.2319
9329.84 -37.1547 9393.16 -11.1196
9344.72 -59.2846 9406.29 -38.4565
9358.44 -15.0249 9420.88 -54.0776
9373.03 -9.81786 9434.89 -85.3197
9384.41 -25.4389 9448.31 -80.1127
9399.58 -12.4214 9462.02 -60.5863
9414.17 -31.9477 9476.61 -54.0776
9427.01 -26.7407 9490.32 -48.8705
9439.56 -0.70557 9504.62 -61.8881
9455.02 -12.4214 9517.17 -18.9302
9467.57 -11.1196 9531.46 -12.4214
9481.86 -48.8705 9544.88 -47.5688
9495.87 -50.1723 9559.76 -65.7934
9510.46 -7.21435 9572.6 -50.1723
9523.29 -17.6284 9586.89 -52.7758
9536.42 -46.267 9600.32 -69.6986
9551.59 -33.2495 9614.61 -38.4565
9564.72 -21.5337 9628.9 -39.7582
9578.43 -29.3442 9642.62 -25.4389
9593.02 7.10496 9655.74 -52.7758
9606.73 3.1997 9670.62 -24.1372
9619.86 -22.8354 9684.04 -43.6635
9633.86 -9.81786 9698.04 -55.3793
9647.87 -44.9653 9710.88 -61.8881
9661.29 -28.0424 9725.17 -63.1898
9675.29 -3.30908 9738.59 -80.1127
9689 -9.81786 9753.18 -33.2495
9703.88 -26.7407 9766.89 -50.1723
9717 -7.21435 9779.72 -67.0951
9730.42 -54.0776 9794.31 -26.7407
9744.72 -16.3266 9808.31 -57.9828
9757.26 8.40672 9822.31 -64.4916
9771.55 -4.61084 9836.31 -63.1898
9785.85 -13.7231 9849.43 -55.3793
9799.85 -15.0249 9863.73 -60.5863
9812.97 3.1997 9877.15 -55.3793
9827.85 -4.61084 9891.73 -46.267
9842.14 -50.1723 9904.85 -41.06
9854.68 -29.3442 9918.56 -38.4565
9868.69 -16.3266 9932.27 -50.1723
9882.39 -39.7582 9947.73 -20.2319
9896.4 0.596186 9960.57 -51.474
9910.11 -13.7231 9974.27 -78.8109
9925.27 -11.1196 9987.98 -55.3793
9938.4 -20.2319 10002.3 -69.6986
9951.52 0.596186 10016 -71.0004
9965.52 -48.8705 10030 -37.1547
9978.65 -20.2319 10044 -22.8354
9992.65 -7.21435 10056.5 -42.3617
10006.9 11.0102 10071.1 -56.6811
10020.4 7.10496 10084.5 -68.3969
10034.1 5.80321 10099.1 -74.9056
10048.6 -7.21435 10112.8 -33.2495
10061.5 -13.7231 10126.2 -24.1372
10074.9 -3.30908 10140.8 -38.4565
10090.4 -12.4214 10153.9 -11.1196
10103.8 -17.6284 10167.6 -46.267
10117.2 -20.2319 10182.5 -68.3969
10130.9 12.312 10195.9 -57.9828
10144 -20.2319 10209.3 -35.853
10158.9 -9.81786 10222.8 -48.8705
10172.6 -21.5337 10236.5 -48.8705
10185.7 -47.5688 10250.8 -44.9653
10200 -30.646 10265.1 -30.646
10213.7 -55.3793 10278.8 -48.8705
10227.7 -30.646 10292.2 -61.8881
10241.4 -37.1547 10306.5 -47.5688
10255.7 -20.2319 10319.9 -80.1127
10269.1 -3.30908 10333.6 -69.6986
10282.6 -30.646 10347.6 -34.5512
10296.8 -7.21435 10361.3 -51.474
10310.5 -37.1547 10375.9 -25.4389
10324 -22.8354 10389.6 -43.6635
10338.5 -9.81786 10403.3 -97.0355
10352 -31.9477 10417.3 -44.9653
10365.4 -16.3266 10431 -63.1898
10379.7 -20.2319 10444.4 -86.6215
10392.8 -26.7407 10458.7 -48.8705
10406.8 20.1225 10473 -71.0004
10420.5 -22.8354 10485.2 -67.0951
10434.2 -13.7231 10501.3 -39.7582
10448.2 -37.1547 10513.8 -33.2495
10462.5 -2.00733 10527.5 -52.7758
10476.8 -25.4389 10541.5 -60.5863
10490.8 -28.0424 10555.5 -47.5688
10504.2 4.50145 10568.1 -29.3442
10517.3 -29.3442 10583.8 -65.7934
10531.3 -24.1372 10596.9 -57.9828
10545.6 -39.7582 10610.4 -64.4916
10557.9 -29.3442 10624.7 -68.3969
10572.5 -22.8354 10638.6 -86.6215
10586.1 -29.3442 10652.1 -59.2846
10601.3 -26.7407 10666.4 -63.1898
10613.6 -22.8354 10679.8 -48.8705
10627.6 -22.8354 10694.1 -20.2319
10642.4 4.50145 10708.1 -44.9653
10655.9 -17.6284 10721.5 -25.4389
10670.1 -17.6284 10735.5 -54.0776
10683 -25.4389 10748 -46.267
10697.3 -13.7231 10762.6 -60.5863
10711.3 14.9155 10776.3 -81.4144
10724.1 -11.1196 10790.9 -39.7582
10739 -55.3793 10804.9 -28.0424
10751.8 -8.5161 10818 -50.1723
10766.4 -13.7231 10832 -100.941
10780.1 -9.81786 10846 -52.7758
10793.2 12.312 10859.7 -55.3793
10807.8 7.10496 10874.3 -48.8705
10821.2 -0.70557 10887.1 -60.5863
10835.2 4.50145 10900.9 -84.0179
10849.2 -8.5161 10915.5 -93.1302
10862.4 -42.3617 10928.3 -37.1547
10876.6 -34.5512 10942.9 -42.3617
10890.1 -18.9302 10956.3 -44.9653
10903.5 -30.646 10970 -76.2074
10917.8 -25.4389 10984.9 -38.4565
10931.8 -25.4389 10997.7 -82.7162
10945.8 -37.1547 11011.4 -80.1127
10958.9 3.1997 11025.7 -65.7934
10972 3.1997 11038.8 -91.8285
10987.8 5.80321 11053.7 -67.0951
11000.6 -25.4389 11068 -51.474
11014 -35.853 11081.4 -68.3969
11028.6 -15.0249 11094 -38.4565
11042 -21.5337 11108.6 -56.6811
11055.2 -16.3266 11122.6 -31.9477
11068.9 -11.1196 11136.9 -44.9653
11082.9 -21.5337 11149.7 -24.1372
11097.8 -13.7231 11164.3 -64.4916
11110.6 -26.7407 11177.1 -81.4144
11125.2 -5.91259 11191.1 -94.432
11138.9 -38.4565 11205.7 -42.3617
11153.2 -16.3266 11219.4 -100.941
11166.6 -21.5337 11233.4 -80.1127
11180 -13.7231 11247.7 -42.3617
11194.3 -13.7231 11261.7 -81.4144
11207.5 -28.0424 11275.1 -41.06
11221.8 -3.30908 11288.6 -64.4916
11235.5 8.40672 11303.2 -76.2074
11248.9 20.1225 11316.6 -38.4565
11263.2 -11.1196 11330.9 -71.0004
11276.6 -13.7231 11344.3 -78.8109
11291.5 -17.6284 11357.1 -55.3793
11305.8 -43.6635 11371.1 -67.0951
11318.6 -37.1547 11385.2 -65.7934
11331.8 -25.4389 11400 -60.5863
11346 -30.646 11412.9 -80.1127
11359.2 -15.0249 11426.6 -55.3793
11373.2 -25.4389 11440.6 -35.853
11386.9 8.40672 11455.2 -31.9477
11400.6 -0.70557 11467.7 -56.6811
11414.9 -20.2319 11482.3 -67.0951
11428.3 22.726 11495.5 -86.6215
11441.8 -29.3442 11509.5 -100.941
11456.6 26.6313 11524.6 -50.1723
11469.2 -21.5337 11538.1 -50.1723
11484.4 3.1997 11551.8 -74.9056
11498.1 -12.4214 11566.4 -33.2495
11511.8 29.2348 11578.9 -69.6986
11524.6 29.2348 11593.2 -56.6811
11538.7 21.4243 11607.2 -77.5092
11553.8 0.596186 11620.7 -85.3197
11566.4 18.8208 11634.7 -50.1723
11580.1 29.2348 11648.7 -72.3021
11594.1 -28.0424 11662.7 -54.0776
11609.3 22.726 11675.8 -84.0179
11621 -35.853 11690.1 -60.5863
11635.6 -2.00733 11704.7 -37.1547
11649.9 4.50145 11717.9 -12.4214
11662.1 13.6137 11731.6 -56.6811
11677.6 7.10496 11744.7 -30.646
11690.7 -18.9302 11759.3 -82.7162
11704.7 -12.4214 11773.9 -93.1302
11718.8 3.1997 11787.6 -74.9056
11731.6 -11.1196 11800.8 -78.8109
11746.2 -21.5337 11814.2 -37.1547
11760.5 0.596186 11828.8 -41.06
11774.2 50.0629 11842.2 -72.3021
11786.5 38.3471 11856 -50.1723
11801.9 3.1997 11869.7 -61.8881
11815.1 14.9155 11884.6 -48.8705
11828.2 13.6137 11897.1 -59.2846
11843.1 14.9155 11911.4 -35.853
11856 11.0102 11925.2 -67.0951
11870 40.9506 11939.2 -61.8881
11884.3 12.312 11952.6 -69.6986
11898.3 -17.6284 11966.9 -38.4565
11911.7 -3.30908 11980.4 -38.4565
11926 9.70847 11994.7 -44.9653
11939.5 -9.81786 12008.4 -24.1372
11953.8 14.9155 12022.4 -37.1547
11967.2 5.80321 12035.8 -37.1547
11981.2 30.5366 12049.8 -15.0249
11994.1 22.726 12063.3 -111.355
12007.5 39.6489 12077 -91.8285
12022.4 72.1928 12090.7 -112.657
12035.8 94.3226 12105.1 -61.8881
12049.3 50.0629 12119.1 -44.9653
12063.3 30.5366 12133.4 -74.9056
12077.6 4.50145 12146.5 -71.0004
12090.7 47.4594 12160.5 -57.9828
12104.5 20.1225 12174.9 -52.7758
12118.8 68.2875 12188.3 -60.5863
12132.8 43.5541 12202.6 -87.9232
12146.2 59.1752 12215.8 -71.0004
12159.7 55.2699 12230.1 -91.8285
12174 61.7787 12244.1 -98.3372
12187.4 93.0208 12258.1 -98.3372
12201.7 108.642 12271.8 -60.5863
12214.6 61.7787 12285.6 -50.1723
12228.9 53.9682 12299 -54.0776
12242.9 65.684 12312.7 -64.4916
12256.9 60.4769 12326.2 -90.5267
12270.1 46.1576 12340.8 -73.6039
12283.8 99.5296 12354.5 -57.9828
12298.4 73.4945 12367.7 -65.7934
12311.6 87.8138 12383.2 -34.5512
12325.9 89.1156 12395.7 -39.7582
12339.3 60.4769 12410 -8.5161
12353.6 69.5892 12423.8 -3.30908
12367.4 78.7015 12437.2 12.312
12380.8 80.0033 12452.1 -29.3442
12394.6 107.34 12465.9 -38.4565
12408.6 154.203 12479 -13.7231
12422.9 126.866 12493.3 -29.3442
12435.5 142.488 12506.5 -15.0249
12450.1 151.6 12521.7 18.8208
12463.8 151.6 12533.9 -5.91259
12478.1 124.263 12548.6 -0.70557
12491.3 113.849 12562.3 30.5366
12504.7 134.677 12575.5 44.8559
12518.4 124.263 12589.8 -4.61084
12532.5 150.298 12603.8 -15.0249
12545.9 212.782 12618.4 -26.7407
12561.1 234.912 12630.7 -8.5161
12574.6 223.196 12645 -12.4214
12588 193.256 12659 -16.3266
12601.8 190.653 12672.5 12.312
12615.5 148.996 12686.8 38.3471
12628.6 176.333 12700.5 21.4243
12643.5 194.558 12714.9 27.9331
12657.3 198.463 12727.7 30.5366
12671.6 229.705 12741.8 16.2173
12684.8 247.93 12757 35.7436
12697.9 249.232 12769.6 16.2173
12712 259.646 12783.9 9.70847
12725.7 212.782 12797.3 48.7611
12740.3 234.912 12810.8 46.1576
12753.2 231.007 12824.8 63.0805
12767.2 245.326 12838.5 48.7611
12781 281.775 12853.2 61.7787
12794.7 315.621 12866.6 24.0278
12809.6 333.846 12881.3 38.3471
12822.2 359.881 12894.4 47.4594
12836.8 337.751 12908.1 25.3295
12850 289.586 12922.2 69.5892
12863.1 279.172 12936.2 64.3822
12877.7 293.491 12950 68.2875
12892.1 327.337 12964 56.5717
12906.1 346.863 12977.8 59.1752
12918.7 379.407 12992.1 81.305
12933 388.519 13005.2 119.056
12947 402.839 13018.1 145.091
12960.8 408.046 13033 113.849
12975.1 392.425 13046.2 156.807
12987.7 365.088 13061.1 108.642
13002 383.312 13074.6 120.358
13015.8 398.933 13088.9 102.133
13028.9 421.063 13101.5 139.884
13043.3 424.969 13115.5 141.186
13057.6 503.074 13130.7 176.333
13070.8 516.091 13143.6 194.558
13084.5 451.004 13157.6 224.498
13099.1 458.814 13171.4 279.172
13111.4 417.158 13185.4 194.558
13126.6 391.123 13200.1 188.049
13140.1 398.933 13213.8 163.316
13153.8 456.211 13227.3 191.954
13168.8 444.495 13241 154.203
13181.6 522.6 13255.6 207.575
13195.4 551.239 13268.8 251.835
13209.1 548.635 13282.3 290.888
13223.2 544.73 13296 314.319
13236.6 510.884 13310.4 328.639
13250.4 504.376 13324.7 306.509
13264.7 508.281 13336.7 303.905
13277.9 540.825 13352.5 240.119
13292.2 574.67 13365.4 270.06
13306 618.93 13379.1 280.474
13319.4 637.155 13393.5 298.698
13333.5 656.681 13407.5 348.165
13346.9 615.025 13421 378.105
13361 638.456 13434.2 396.33
13373.9 602.007 13449.1 391.123
13388.8 620.232 13462.3 396.33
13401.4 587.688 13476.3 362.484
13416.3 635.853 13490.3 354.674
13429.5 655.379 13504.4 340.354
13444.7 738.692 13518.4 331.242
13457.3 751.709 13531.9 432.779
13470.4 797.271 13546.3 461.418
13486 777.744 13559.4 526.505
13498.5 730.881 13573.2 512.186
13513.2 697.036 13587.8 506.979
13526.4 693.13 13601.3 487.453
13540.7 694.432 13615.9 469.228
13554.2 738.692 13629.1 465.323
13567.9 803.78 13643.1 466.625
13581.4 837.625 13656.3 449.702
13595.1 863.66 13670.9 519.997
13608.3 854.548 13684.7 573.369
13623.2 850.643 13698.8 585.084
13636.7 798.572 13712.8 652.776
13650.5 811.59 13727.2 633.249
13664.8 845.436 13740 621.534
13677.1 838.927 13754.1 625.439
13691.7 918.334 13767.6 620.232
13705.5 962.594 13782.5 634.551
13719 973.008 13796.3 671
13733.3 1013.36 13810.3 721.769
13747.4 978.215 13823.8 772.537
13760.5 973.008 13838.1 814.194
13774.6 949.576 13851.9 822.004
13788.9 913.127 13866.5 819.401
13802.1 997.741 13881.2 868.867
13816.2 1035.49 13894.3 818.099
13829.9 1082.36 13898.7 872.773
13843.4 1112.3 13885 935.257
13858 1057.62 13871.2 1015.97
