7013.58 61.7787 7028.23 64.3822
7004.78 53.9682 7040.84 52.6664
7000.38 81.305 7056.38 66.9857
7009.18 64.3822 7069.57 63.0805
7021.49 82.6068 7083.64 52.6664
7036.44 60.4769 7097.12 77.3998
7049.93 70.891 7110.9 81.305
7063.7 111.245 7124.38 50.0629
7077.19 31.8383 7138.74 46.1576
7091.85 46.1576 7153.4 65.684
7105.62 94.3226 7166 86.5121
7118.52 50.0629 7180.36 91.7191
7133.47 83.9085 7194.13 59.1752
7146.66 94.3226 7207.61 99.5296
7161.02 35.7436 7221.97 40.9506
7174.5 74.7963 7234.86 43.5541
7188.86 83.9085 7248.93 17.519
7201.16 59.1752 7262.99 -15.0249
7215.82 93.0208 7277.64 9.70847
7229.88 72.1928 7290.53 3.1997
7243.65 72.1928 7304.01 -26.7407
7257.72 95.6243 7318.66 20.1225
7270.9 94.3226 7333.01 9.70847
7284.67 59.1752 7345.61 4.50145
7299.32 98.2279 7360.55 57.8734
7313.09 61.7787 7373.73 33.1401
7326.28 53.9682 7387.79 8.40672
7340.63 107.34 7401.27 47.4594
7354.4 64.3822 7415.32 42.2524
7367.29 80.0033 7429.38 9.70847
7382.52 107.34 7442.85 29.2348
7396.58 39.6489 7455.74 8.40672
7409.76 69.5892 7470.38 35.7436
7424.4 96.9261 7484.44 35.7436
7437.58 65.684 7497.33 33.1401
7451.64 83.9085 7512.55 8.40672
7465.41 82.6068 7525.14 11.0102
7479.17 26.6313 7539.49 11.0102
7493.23 80.0033 7552.67 7.10496
7506.4 90.4173 7568.19 30.5366
7520.46 44.8559 7580.48 3.1997
7534.51 91.7191 7595.41 -22.8354
7547.98 115.151 7609.47 44.8559
7562.33 48.7611 7622.35 14.9155
7575.51 100.831 7636.4 -8.5161
7589.85 90.4173 7650.45 53.9682
7603.61 56.5717 7664.79 5.80321
7617.37 63.0805 7677.67 7.10496
7631.13 103.435 7691.72 52.6664
7644.3 53.9682 7706.36 31.8383
7658.35 93.0208 7720.11 -17.6284
7672.11 73.4945 7732.99 48.7611
7687.63 85.2103 7747.04 30.5366
7699.92 103.435 7761.09 13.6137
7714.26 89.1156 7774.84 47.4594
7727.72 76.098 7788.6 35.7436
7740.89 86.5121 7802.35 14.9155
7755.23 85.2103 7815.52 18.8208
7769.57 63.0805 7830.44 43.5541
7783.03 56.5717 7844.48 21.4243
7797.37 89.1156 7857.65 42.2524
7810.25 80.0033 7872.57 3.1997
7823.71 78.7015 7884.86 3.1997
7839.22 87.8138 7899.78 52.6664
7852.38 33.1401 7913.24 12.312
7866.14 70.891 7926.99 16.2173
7880.76 70.891 7941.03 43.5541
7894.22 52.6664 7953.9 34.4418
7907.39 24.0278 7968.82 -3.30908
7921.43 106.038 7982.57 53.9682
7934.89 55.2699 7995.73 12.312
7949.51 98.2279 8009.48 9.70847
7963.26 52.6664 8023.81 27.9331
7976.72 70.891 8039.02 21.4243
7990.47 51.3647 8050.72 43.5541
8004.21 55.2699 8065.05 29.2348
8018.54 60.4769 8079.08 -17.6284
8031.41 87.8138 8092.53 9.70847
8045.74 60.4769 8106.57 25.3295
8059.78 90.4173 8120.02 21.4243
8073.23 72.1928 8134.64 -15.0249
8087.86 76.098 8148.09 39.6489
8101.31 55.2699 8162.42 0.596186
8114.76 60.4769 8176.46 20.1225
8128.8 70.891 8190.2 29.2348
8142.25 63.0805 8203.35 -8.5161
8155.7 65.684 8217.1 3.1997
8170.61 78.7015 8231.71 20.1225
8183.47 73.4945 8244.57 17.519
8197.8 95.6243 8258.9 35.7436
8211.54 60.4769 8272.64 16.2173
8224.99 85.2103 8286.67 27.9331
8238.73 82.6068 8300.41 37.0453
8253.05 81.305 8314.44 1.89794
8266.5 91.7191 8327.59 8.40672
8280.53 77.3998 8341.62 3.1997
8294.27 73.4945 8356.24 30.5366
8308.59 99.5296 8369.09 16.2173
8321.45 68.2875 8384 18.8208
8335.78 64.3822 8397.15 9.70847
8350.68 89.1156 8411.47 -4.61084
8363.54 90.4173 8424.33 66.9857
8376.11 77.3998 8438.65 21.4243
8390.72 124.263 8452.97 -24.1372
8404.75 76.098 8466.41 48.7611
8417.61 78.7015 8480.14 34.4418
8432.8 111.245 8494.46 7.10496
8445.95 89.1156 8507.9 60.4769
8460.57 72.1928 8521.93 20.1225
8474.59 53.9682 8535.07 -25.4389
8487.45 73.4945 8550.27 65.684
8501.77 77.3998 8563.12 -4.61084
8515.2 65.684 8576.56 -8.5161
8529.23 68.2875 8590.58 78.7015
8542.67 48.7611 8603.73 0.596186
8557.28 86.5121 8618.04 -12.4214
8570.72 63.0805 8632.94 55.2699
8584.16 100.831 8645.8 -11.1196
8598.18 69.5892 8659.52 22.726
8612.2 66.9857 8674.13 98.2279
8625.35 26.6313 8687.56 -8.5161
8639.37 73.4945 8701.58 52.6664
8653.39 70.891 8715.6 66.9857
8667.41 52.6664 8729.62 -17.6284
8681.14 90.4173 8742.18 38.3471
8693.99 89.1156 8757.08 35.7436
8708.3 74.7963 8770.51 -18.9302
8723.2 91.7191 8785.7 34.4418
8736.63 70.891 8798.26 38.3471
8750.07 90.4173 8811.98 9.70847
8764.38 48.7611 8825.71 38.3471
8777.23 35.7436 8839.14 55.2699
8791.83 63.0805 8853.45 17.519
8805.56 83.9085 8867.76 69.5892
8819.87 87.8138 8880.9 18.8208
8832.42 95.6243 8895.5 17.519
8846.44 77.3998 8908.93 68.2875
8860.75 89.1156 8923.53 17.519
8875.06 86.5121 8936.37 -15.0249
8889.07 66.9857 8950.68 74.7963
8901.63 87.8138 8964.11 30.5366
8915.35 90.4173 8978.12 38.3471
8929.95 70.891 8991.55 70.891
8943.96 86.5121 9005.57 -8.5161
8957.98 98.2279 9019.29 33.1401
8970.53 72.1928 9033.59 95.6243
8985.42 95.6243 9047.02 -9.81786
8998.85 80.0033 9061.32 21.4243
9012.86 66.9857 9074.75 70.891
9026.58 66.9857 9088.47 -15.0249
9040.01 85.2103 9103.07 61.7787
9054.32 70.891 9116.2 78.7015
9068.04 77.3998 9130.8 -22.8354
9082.63 78.7015 9143.64 43.5541
9095.19 72.1928 9158.53 16.2173
9109.2 73.4945 9171.37 -34.5512
9122.92 106.038 9186.25 57.8734
9136.34 76.098 9199.09 56.5717
9149.77 80.0033 9213.98 -26.7407
9164.65 95.6243 9226.82 87.8138
9179.54 74.7963 9241.41 40.9506
9192.38 80.0033 9255.13 -15.0249
9205.23 85.2103 9268.85 64.3822
9220.11 103.435 9282.85 51.3647
9233.53 120.358 9296.57 40.9506
9247.83 94.3226 9310 51.3647
9261.55 70.891 9323.71 20.1225
9274.39 69.5892 9337.43 -25.4389
9288.69 112.547 9350.56 73.4945
9302.12 77.3998 9365.15 31.8383
9316.41 72.1928 9378.86 -29.3442
9330.42 86.5121 9393.16 76.098
9344.72 56.5717 9406 24.0278
9359.02 72.1928 9420.3 8.40672
9372.44 112.547 9434.89 85.2103
9385.57 85.2103 9448.89 16.2173
9398.7 78.7015 9462.31 22.726
9412.71 68.2875 9476.03 56.5717
9427.01 64.3822 9490.32 -26.7407
9440.72 96.9261 9504.04 30.5366
9454.73 91.7191 9517.46 52.6664
9467.57 65.684 9532.05 7.10496
9480.99 78.7015 9545.47 8.40672
9495.87 43.5541 9559.18 72.1928
9509.58 72.1928 9573.77 11.0102
9523.58 112.547 9586.6 34.4418
9537.01 96.9261 9600.02 37.0453
9552.18 81.305 9615.19 16.2173
9564.72 91.7191 9627.74 46.1576
9578.73 96.9261 9642.91 16.2173
9592.73 60.4769 9656.33 -29.3442
9606.15 63.0805 9669.45 33.1401
9619.28 74.7963 9683.17 12.312
9633.86 24.0278 9697.75 16.2173
9647.87 63.0805 9712.05 51.3647
9660.99 86.5121 9725.17 20.1225
9675.29 82.6068 9739.76 -4.61084
9689 90.4173 9752.59 63.0805
9702.13 86.5121 9767.18 -13.7231
9716.42 76.098 9781.18 11.0102
9730.72 83.9085 9794.01 40.9506
9744.72 95.6243 9809.18 31.8383
9758.14 72.1928 9822.6 16.2173
9771.85 59.1752 9836.6 55.2699
9785.85 87.8138 9849.73 22.726
9799.85 117.754 9862.56 26.6313
9814.14 57.8734 9877.73 35.7436
9827.27 50.0629 9890.85 -16.3266
9840.98 86.5121 9906.02 13.6137
9854.1 86.5121 9918.56 33.1401
9868.69 89.1156 9932.56 -0.70557
9882.1 61.7787 9946.56 29.2348
9896.1 51.3647 9959.98 73.4945
9910.4 69.5892 9973.69 -22.8354
9923.81 82.6068 9988.56 39.6489
9938.98 95.6243 10002 30.5366
9951.81 63.0805 10016.3 12.312
9966.11 107.34 10030 27.9331
9978.36 93.0208 10044.3 35.7436
9993.23 78.7015 10057.1 43.5541
10006.6 95.6243 10070.8 21.4243
10020.4 78.7015 10085.1 12.312
10034.4 52.6664 10098.2 55.2699
10048.3 94.3226 10112.2 31.8383
10062.1 72.1928 10126.5 14.9155
10075.5 61.7787 10140.8 55.2699
10089.8 77.3998 10153.9 31.8383
10103.8 99.5296 10168.2 40.9506
10116.3 94.3226 10181.6 3.1997
10130.9 117.754 10195.3 33.1401
10145.5 80.0033 10209.9 48.7611
10158.3 61.7787 10223.1 44.8559
10172.3 98.2279 10237 0.596186
10186.6 87.8138 10250.8 18.8208
10200.3 65.684 10265.3 38.3471
10213.4 53.9682 10278.8 20.1225
10226.8 56.5717 10291.6 -25.4389
10242 73.4945 10306.5 34.4418
10255.1 107.34 10320.5 25.3295
10268.5 102.133 10333.3 1.89794
10282.8 90.4173 10348.2 17.519
10296.8 91.7191 10361.9 16.2173
10309.4 78.7015 10375.3 25.3295
10324.5 77.3998 10389.6 -8.5161
10338.8 66.9857 10403.3 30.5366
10351.7 37.0453 10416.7 40.9506
10366.3 60.4769 10430.4 29.2348
10379.1 40.9506 10445 31.8383
10393.1 77.3998 10459.3 64.3822
10406.8 83.9085 10472.1 24.0278
10420.5 93.0208 10486.4 -4.61084
10435.7 94.3226 10499.8 31.8383
10448.8 87.8138 10513.8 18.8208
10462.2 70.891 10527.8 39.6489
10475 120.358 10540.6 37.0453
10489.6 74.7963 10555.5 33.1401
10503.3 86.5121 10569.5 29.2348
10517.9 82.6068 10582.6 43.5541
10531.3 81.305 10596.9 61.7787
10546.2 74.7963 10610.9 1.89794
10559.6 107.34 10624.1 1.89794
10573 80.0033 10638.4 22.726
10586.1 109.944 10652.4 11.0102
10600.7 73.4945 10666.1 29.2348
10614.4 64.3822 10679.8 30.5366
10627.9 61.7787 10693.8 20.1225
10641 98.2279 10706.3 56.5717
10655.9 55.2699 10721.2 21.4243
10669.6 99.5296 10734.6 38.3471
10682.7 43.5541 10749.2 43.5541
10697.9 86.5121 10762.9 -7.21435
10710.7 102.133 10777.2 -24.1372
10724.1 94.3226 10790.6 16.2173
10738.7 83.9085 10804 35.7436
10752.4 46.1576 10818 39.6489
10766.7 83.9085 10832.9 40.9506
10779.8 91.7191 10846 3.1997
10793.8 86.5121 10859.7 52.6664
10808.1 93.0208 10873.7 16.2173
10821.2 73.4945 10887.4 4.50145
10834.6 115.151 10900.6 -22.8354
10849.5 103.435 10914.9 -2.00733
10862.4 73.4945 10928.9 -31.9477
10876.4 96.9261 10942.3 25.3295
10890.7 102.133 10957.4 -4.61084
10904.1 80.0033 10970.3 17.519
10917.5 93.0208 10983.7 -5.91259
10931.5 95.6243 10997.4 20.1225
10945.5 86.5121 11012 8.40672
10959.2 100.831 11026.3 -2.00733
10972.6 95.6243 11039.4 -2.00733
10986.9 133.375 11052.8 -2.00733
11000.9 115.151 11068.6 39.6489
11014.3 109.944 11081.7 20.1225
11029.2 113.849 11094.3 53.9682
11042.3 100.831 11108.6 38.3471
11055.5 137.281 11123.2 38.3471
11069.5 100.831 11136.3 3.1997
11084.1 53.9682 11149.7 4.50145
11096.6 95.6243 11164.9 11.0102
11111.5 95.6243 11177.7 7.10496
11125.2 100.831 11191.7 -18.9302
11138.9 107.34 11206.3 -4.61084
11152.9 117.754 11219.7 30.5366
11166 81.305 11233.4 34.4418
11180 95.6243 11247.1 18.8208
11194.6 98.2279 11260.9 42.2524
11207.8 83.9085 11274.6 12.312
11222 122.961 11288.9 31.8383
11235.2 93.0208 11302.3 1.89794
11249.2 98.2279 11316.9 20.1225
11263.5 109.944 11329.4 30.5366
11276 100.831 11344.6 47.4594
11290.9 103.435 11358.3 40.9506
11303.8 117.754 11371.4 63.0805
11318 108.642 11385.5 78.7015
11332.3 106.038 11399.2 48.7611
11346.6 103.435 11412.6 34.4418
11359.8 93.0208 11427.2 33.1401
11373.5 77.3998 11440.9 30.5366
11386.6 85.2103 11454.3 48.7611
11400.6 111.245 11469.2 43.5541
11415.5 102.133 11482.3 61.7787
11428.9 115.151 11496.3 63.0805
11442.3 102.133 11510 44.8559
11456.1 87.8138 11524.1 25.3295
11469.5 108.642 11537.8 60.4769
11484.1 120.358 11551.5 63.0805
11497.8 103.435 11565.5 50.0629
11511.5 121.659 11579.5 59.1752
11524.9 91.7191 11592.7 52.6664
11539.2 98.2279 11607.2 47.4594
11553 115.151 11621.8 66.9857
11567.3 102.133 11634.7 63.0805
11580.4 109.944 11647.8 66.9857
11595 111.245 11662.1 68.2875
11608.4 124.263 11676.4 42.2524
11622.1 102.133 11689 43.5541
11636.1 87.8138 11704.4 38.3471
11649.3 138.582 11718.5 65.684
11663 148.996 11731 42.2524
11677.3 100.831 11745.6 60.4769
11691 121.659 11758.2 47.4594
11704.4 109.944 11773 55.2699
11719.6 129.47 11787.1 47.4594
11731.9 107.34 11801.1 22.726
11746.8 138.582 11815.4 30.5366
11759.6 112.547 11827.3 24.0278
11773.6 91.7191 11842.8 24.0278
11787.1 106.038 11856 -13.7231
11801.9 135.979 11870.3 -31.9477
11814.5 128.168 11884.6 -38.4565
11829.1 142.488 11897.4 -9.81786
11842 132.074 11912 -12.4214
11856.3 120.358 11924.9 -9.81786
11870.6 103.435 11938.9 26.6313
11884 122.961 11953.2 -31.9477
11898.3 108.642 11968.1 -8.5161
11911.4 139.884 11980.4 -22.8354
11927.2 121.659 11994.4 -26.7407
11938.9 130.772 12009 -42.3617
11953.5 175.031 12022.1 -9.81786
11966.9 156.807 12035.8 -67.0951
11980.9 98.2279 12050.1 -15.0249
11994.7 113.849 12064.5 -33.2495
12008.7 108.642 12077 -33.2495
12022.1 126.866 12091.3 -48.8705
12035.5 95.6243 12104.8 -34.5512
12050.1 115.151 12118.8 -30.646
12063.6 146.393 12133.7 -99.639
12077.3 189.351 12146.8 -67.0951
12090.7 167.221 12161.1 -90.5267
12105.1 169.824 12174.3 -35.853
12117.9 138.582 12188.9 -29.3442
12133.1 138.582 12202.9 -22.8354
12146.2 142.488 12216 -15.0249
12159.7 117.754 12230.1 -24.1372
12174 171.126 12243.8 -29.3442
12187.4 156.807 12257.5 -94.432
12202.3 162.014 12271.3 -44.9653
12215.2 173.73 12285.6 -64.4916
12229.5 155.505 12299.6 -68.3969
12242.6 221.895 12312.7 -30.646
12256.6 194.558 12325.9 -13.7231
12269.8 145.091 12340.5 4.50145
12285 165.919 12353.9 -26.7407
12298.4 126.866 12368.8 -11.1196
12312.7 122.961 12382.9 7.10496
12325.6 158.109 12395.7 -5.91259
12339.6 162.014 12409.4 21.4243
12353.1 233.61 12422.9 11.0102
12366.5 203.67 12437.2 35.7436
12381.1 231.007 12451.2 61.7787
12394.8 237.516 12465.6 64.3822
12408 255.74 12479 55.2699
12422 214.084 12492.5 64.3822
12436.3 173.73 12507.1 89.1156
12450.1 198.463 12521.1 89.1156
12464.7 231.007 12533.9 57.8734
12476.7 229.705 12548.9 61.7787
12491.3 247.93 12562 74.7963
12505.6 257.042 12575.5 108.642
12518.8 302.604 12590.4 102.133
12532.8 264.853 12603.8 124.263
12547.7 271.361 12617.8 95.6243
12560.5 232.309 12630.4 99.5296
12573.7 228.403 12645 107.34
12588.3 233.61 12658.8 76.098
12602 238.817 12672.5 42.2524
12615.8 234.912 12686.5 99.5296
12629.2 281.775 12701.4 86.5121
12643.8 290.888 12714.6 98.2279
12657.3 344.26 12728.3 115.151
12670.7 314.319 12741.2 99.5296
12684.8 298.698 12755.8 87.8138
12698.5 289.586 12769.6 80.0033
12712.3 272.663 12783.6 78.7015
12726 276.568 12797.6 70.891
12740 290.888 12811.6 86.5121
12753.5 296.095 12825.1 103.435
12767.8 328.639 12838.9 115.151
12780.7 357.277 12853.2 126.866
12795.3 359.881 12866 173.73
12809.3 387.218 12881.3 159.41
12822.2 393.726 12894.7 142.488
12835.3 359.881 12908.1 117.754
12850.5 385.916 12921.9 109.944
12863.1 366.39 12935.9 121.659
12878.3 389.821 12949.7 111.245
12891.5 359.881 12963.7 154.203
12904.9 396.33 12977.2 195.86
12919.3 428.874 12991.5 189.351
12933.3 466.625 13004.7 204.972
12947 432.779 13019 195.86
12960.2 452.305 13033.3 195.86
12974 492.66 13046.5 158.109
12988.3 510.884 13060.8 185.445
13002.3 479.642 13075.2 197.161
13015.5 516.091 13088.3 237.516
13029.8 492.66 13101.8 241.421
13042.7 497.867 13116.1 219.291
13057 501.772 13130.7 246.628
13071.9 514.79 13143.3 220.593
13085.1 527.807 13158.5 225.8
13098.5 535.618 13171.4 237.516
13112.9 551.239 13185.1 241.421
13126 625.439 13199.2 244.025
13140.4 633.249 13213.5 234.912
13154.4 628.042 13226.4 301.302
13167.3 620.232 13241 315.621
13181.6 587.688 13255.1 354.674
13195.4 599.404 13268.8 331.242
13209.1 605.913 13282 309.112
13222.6 605.913 13295.7 310.414
13236.6 617.628 13310.1 301.302
13250.1 706.148 13324.4 280.474
13264.4 742.597 13337.6 324.733
13277.6 717.864 13351.3 345.561
13292.2 729.579 13364.2 375.502
13305.7 708.751 13379.4 443.193
13320 630.646 13392.3 443.193
13333.2 663.19 13407.8 441.891
13347.5 664.492 13420.7 419.762
13361.6 681.414 13434.5 419.762
13375 760.821 13448.5 389.821
13388.5 789.46 13462.6 439.288
13402 864.962 13476.6 422.365
13416.3 845.436 13491.5 441.891
13430.1 855.85 13504.4 492.66
13443.2 823.306 13517.9 536.92
13456.7 811.59 13531.9 553.842
13471.6 750.407 13546 531.712
13484.5 792.064 13559.4 540.825
13498.5 789.46 13573.5 529.109
13512.3 862.358 13587.8 547.334
13526.6 901.411 13601.9 513.488
13540.1 982.12 13614.8 559.049
13553.3 1004.25 13628.8 583.783
13568.5 982.12 13643.4 648.871
13581.7 980.818 13656.6 672.302
13595.4 949.576 13670.4 708.751
13609.5 890.997 13684.4 676.207
13622.9 914.429 13699.1 674.906
13636.7 923.541 13712.2 674.906
13650.8 943.067 13726 667.095
13664.5 1004.25 13740.6 664.492
13678 1062.83 13754.1 719.165
13690.9 1075.85 13767.9 707.45
13706.1 1079.75 13782.5 758.218
13720.1 1040.7 13796.3 802.478
13733 1084.96 13809.7 841.53
13746.5 1005.55 13824.1 861.057
13760.8 1013.36 13838.1 881.885
13774.6 1023.78 13852.2 919.636
13788.1 1074.54 13866.8 846.737
13802.4 1127.92 13881.5 888.394
13815.6 1135.73 13893.8 867.565
13829.9 1164.37 13899 889.695
13843.7 1161.76 13885 959.99
13857.5 1056.32 13871.2 1017.27
