7014.16 -60.5863 7029.11 -44.9653
7004.78 -12.4214 7040.84 -41.06
7001.26 -18.9302 7056.38 -57.9828
7009.18 -4.61084 7070.15 -64.4916
7022.08 -20.2319 7083.64 -50.1723
7035.56 -50.1723 7097.71 -74.9056
7049.63 -24.1372 7111.19 -61.8881
7063.12 -24.1372 7125.26 -72.3021
7077.78 -54.0776 7138.16 -59.2846
7090.97 -55.3793 7153.4 -56.6811
7105.33 -42.3617 7166.59 -65.7934
7118.81 -38.4565 7179.77 -59.2846
7133.47 -33.2495 7193.55 -29.3442
7146.07 -16.3266 7207.91 -57.9828
7161.31 -13.7231 7221.68 -50.1723
7174.5 -26.7407 7235.45 -59.2846
7188.27 -29.3442 7249.51 -85.3197
7202.63 -28.0424 7263.58 -46.267
7216.7 -16.3266 7277.06 -44.9653
7229.88 -21.5337 7290.53 -56.6811
7243.07 -31.9477 7304.6 -60.5863
7257.43 -0.70557 7317.19 -64.4916
7271.49 -13.7231 7332.43 -67.0951
7284.67 -24.1372 7346.49 -68.3969
7299.62 -46.267 7359.67 -51.474
7313.39 -31.9477 7374.32 -60.5863
7327.45 -48.8705 7387.79 -39.7582
7340.34 -43.6635 7400.97 -52.7758
7354.69 -39.7582 7415.03 -35.853
7368.75 -35.853 7429.09 -71.0004
7382.52 -22.8354 7443.44 -82.7162
7395.99 0.596186 7456.33 -72.3021
7410.05 -41.06 7470.68 -84.0179
7423.52 -37.1547 7484.44 -48.8705
7437.29 -21.5337 7498.2 -103.544
7451.35 -28.0424 7511.38 -60.5863
7465.41 -34.5512 7526.32 -85.3197
7478.88 -55.3793 7539.2 -50.1723
7492.64 -33.2495 7552.38 -63.1898
7506.11 -7.21435 7567.89 -54.0776
7520.46 -22.8354 7580.77 -38.4565
7535.1 -2.00733 7595.41 -72.3021
7548.28 -31.9477 7609.47 -72.3021
7562.33 1.89794 7622.93 -65.7934
7575.21 -41.06 7636.11 -48.8705
7589.85 -18.9302 7650.16 -57.9828
7603.9 -24.1372 7663.91 -52.7758
7617.08 0.596186 7678.84 -63.1898
7631.72 -44.9653 7692.31 -78.8109
7644.6 -13.7231 7705.48 -80.1127
7659.23 7.10496 7720.7 -76.2074
7672.99 9.70847 7733.28 -60.5863
7685.87 -29.3442 7747.33 -57.9828
7700.8 -2.00733 7761.96 -38.4565
7713.97 -44.9653 7774.84 -73.6039
7728.31 -60.5863 7788.89 -52.7758
7741.77 17.519 7801.76 -60.5863
7755.82 -21.5337 7815.52 -41.06
7768.7 -8.5161 7829.85 -57.9828
7783.33 11.0102 7844.48 -71.0004
7795.91 -38.4565 7857.65 -50.1723
7810.25 -3.30908 7871.69 -52.7758
7824.29 -43.6635 7885.74 -55.3793
7838.05 -15.0249 7898.9 -42.3617
7852.38 -9.81786 7912.95 -64.4916
7866.14 -21.5337 7926.7 -90.5267
7880.18 -25.4389 7940.45 -37.1547
7893.64 -20.2319 7954.78 -31.9477
7906.8 -12.4214 7968.23 -60.5863
7921.43 18.8208 7982.57 -28.0424
7935.18 -28.0424 7996.31 -46.267
7948.64 -38.4565 8009.18 -64.4916
7963.55 -35.853 8023.51 -52.7758
7976.72 -16.3266 8038.43 -71.0004
7990.47 -33.2495 8050.42 -67.0951
8003.63 -24.1372 8065.05 -20.2319
8017.37 -37.1547 8078.21 -60.5863
8031.41 12.312 8092.83 -22.8354
8045.74 -39.7582 8106.86 -31.9477
8059.2 1.89794 8120.31 -61.8881
8073.23 -28.0424 8135.23 -61.8881
8088.15 -24.1372 8148.39 -52.7758
8102.48 -20.2319 8161.25 -46.267
8114.76 -24.1372 8175.87 -74.9056
8128.21 -25.4389 8190.2 -47.5688
8142.54 1.89794 8202.77 -69.6986
8156.28 -22.8354 8217.39 -57.9828
8169.15 -8.5161 8230.84 -25.4389
8184.06 37.0453 8244.87 -30.646
8197.8 -22.8354 8258.02 -55.3793
8211.83 30.5366 8273.81 -77.5092
8225.57 -3.30908 8286.96 -54.0776
8239.02 -31.9477 8300.12 -50.1723
8253.64 -34.5512 8315.32 -74.9056
8266.5 -37.1547 8327.88 -78.8109
8280.24 -18.9302 8342.5 -48.8705
8295.44 -22.8354 8356.24 -55.3793
8308.89 -17.6284 8369.39 -44.9653
8321.75 4.50145 8382.83 -30.646
8336.65 -26.7407 8398.32 -77.5092
8349.22 -22.8354 8410.3 -61.8881
8362.67 -28.0424 8424.62 -65.7934
8377.57 -4.61084 8438.36 -55.3793
8391.31 -34.5512 8452.68 -71.0004
8404.17 -11.1196 8466.41 -74.9056
8418.49 -25.4389 8480.73 -69.6986
8433.39 -22.8354 8493.58 -30.646
8445.95 22.726 8508.19 -22.8354
8460.27 20.1225 8521.93 -76.2074
8473.72 -29.3442 8535.66 -21.5337
8487.74 -16.3266 8549.39 -15.0249
8500.89 0.596186 8563.41 -52.7758
8515.5 -42.3617 8577.44 -39.7582
8530.11 -21.5337 8590.87 -44.9653
8543.25 -35.853 8604.9 -72.3021
8556.69 -37.1547 8618.04 -47.5688
8570.42 -12.4214 8632.65 -47.5688
8584.45 -46.267 8645.8 -56.6811
8597.89 -25.4389 8659.52 -72.3021
8611.62 -3.30908 8674.42 -77.5092
8626.22 -5.91259 8688.44 -69.6986
8639.37 -31.9477 8700.42 -67.0951
8653.39 -43.6635 8716.19 -78.8109
8666.83 -28.0424 8729.04 -56.6811
8681.14 -3.30908 8743.94 -61.8881
8695.16 -18.9302 8757.08 -52.7758
8709.18 7.10496 8770.8 -30.646
8722.61 -12.4214 8784.53 -65.7934
8736.05 12.312 8798.55 -33.2495
8750.36 -5.91259 8812.27 -38.4565
8764.38 -24.1372 8826.29 -71.0004
8777.52 -51.474 8840.01 -64.4916
8791.54 7.10496 8853.16 -46.267
8805.56 11.0102 8867.76 -54.0776
8819.57 -29.3442 8881.19 -76.2074
8833.59 -11.1196 8894.91 -50.1723
8847.32 -24.1372 8909.22 -54.0776
8860.75 -17.6284 8922.94 -81.4144
8874.18 -2.00733 8936.96 -69.6986
8888.78 -35.853 8950.1 -30.646
8902.21 -13.7231 8964.99 -33.2495
8915.93 21.4243 8978.12 -55.3793
8930.24 -46.267 8991.85 -48.8705
8943.67 -20.2319 9005.57 -60.5863
8957.69 -9.81786 9019.87 -42.3617
8971.12 -52.7758 9033.59 -63.1898
8985.42 -37.1547 9047.31 -55.3793
8998.27 -31.9477 9062.2 -13.7231
9011.4 -11.1196 9074.75 -67.0951
9026.29 -44.9653 9088.47 -46.267
9040.31 5.80321 9103.07 -68.3969
9053.44 -13.7231 9117.08 -54.0776
9067.45 -17.6284 9130.5 -98.3372
9080.88 -37.1547 9144.51 -74.9056
9095.77 -24.1372 9157.94 -85.3197
9109.78 -68.3969 9171.95 -116.562
9122.62 -4.61084 9185.67 -113.958
9137.51 -15.0249 9199.68 -81.4144
9150.35 -13.7231 9212.81 -87.9232
9163.78 -39.7582 9227.11 -93.1302
9178.37 -17.6284 9240.83 -91.8285
9192.09 -38.4565 9254.84 -72.3021
9205.81 -8.5161 9268.55 -120.467
9220.4 3.1997 9282.85 -99.639
9233.53 -38.4565 9296.28 -89.225
9247.25 -31.9477 9309.7 -107.45
9260.68 -34.5512 9323.42 -81.4144
9275.27 -29.3442 9337.43 -85.3197
9289.27 -2.00733 9351.14 -80.1127
9303.28 -12.4214 9366.31 -72.3021
9316.41 -18.9302 9379.15 -68.3969
9330.13 -50.1723 9393.16 -69.6986
9343.84 -44.9653 9407.46 -56.6811
9358.73 -21.5337 9420.88 -77.5092
9371.86 26.6313 9434.59 -56.6811
9384.99 13.6137 9448.6 -65.7934
9399.58 -4.61084 9462.02 -97.0355
9413 -22.8354 9476.32 -71.0004
9426.72 13.6137 9490.91 -44.9653
9441.01 -18.9302 9503.75 -87.9232
9454.14 -4.61084 9518.04 -80.1127
9469.32 -0.70557 9532.05 -56.6811
9481.86 -25.4389 9545.18 -81.4144
9496.16 -4.61084 9558.59 -76.2074
9509.58 -26.7407 9572.31 -116.562
9524.46 -35.853 9586.31 -81.4144
9537.01 -28.0424 9600.61 -73.6039
9550.43 -46.267 9613.73 -98.3372
9564.72 -13.7231 9628.32 -74.9056
9579.31 -16.3266 9642.32 -33.2495
9592.15 -12.4214 9656.33 -82.7162
9606.15 -9.81786 9670.62 -111.355
9620.15 3.1997 9683.46 -76.2074
9633.86 -46.267 9697.46 -91.8285
9647.58 -28.0424 9711.46 -82.7162
9661.87 -4.61084 9725.46 -80.1127
9675.29 -11.1196 9738.59 -112.657
9689.87 -41.06 9753.47 -47.5688
9702.42 -28.0424 9766.89 -54.0776
9716.42 -29.3442 9780.89 -73.6039
9731.3 -50.1723 9794.89 -74.9056
9744.13 -39.7582 9808.02 -56.6811
9758.14 -2.00733 9821.72 -50.1723
9771.55 -17.6284 9836.31 -61.8881
9786.72 -22.8354 9848.85 -85.3197
9799.85 5.80321 9864.02 -77.5092
9813.56 -22.8354 9877.15 -56.6811
9827.56 39.6489 9892.02 -82.7162
9840.98 -33.2495 9905.44 -84.0179
9855.27 17.519 9918.27 -60.5863
9868.1 -33.2495 9932.27 -78.8109
9882.39 -39.7582 9946.85 -84.0179
9896.1 4.50145 9959.98 -37.1547
9909.82 -15.0249 9974.27 -51.474
9924.11 4.50145 9988.27 -78.8109
9937.52 -20.2319 10002 -82.7162
9951.52 -29.3442 10016 -84.0179
9964.94 -21.5337 10028.8 -61.8881
9979.52 -21.5337 10043.7 -50.1723
9992.94 -0.70557 10056.2 -68.3969
10006.9 -8.5161 10071.1 -51.474
10020.6 -17.6284 10084.5 -63.1898
10034.4 -56.6811 10099.4 -69.6986
10047.8 8.40672 10112.8 -18.9302
10062.1 -16.3266 10126.5 -76.2074
10075.2 -18.9302 10140.8 -55.3793
10089.8 -8.5161 10154.8 -81.4144
10103.8 -17.6284 10167.4 -72.3021
10116.9 -24.1372 10181.9 -78.8109
10131.2 -30.646 10195.9 -64.4916
10144.3 -33.2495 10209.6 -55.3793
10158.3 -47.5688 10223.9 -16.3266
10171.7 -12.4214 10236.5 -56.6811
10186.3 0.596186 10251 -56.6811
10200 -24.1372 10265.3 -37.1547
10213.7 8.40672 10278.5 -50.1723
10226.8 -15.0249 10292.5 -56.6811
10240.8 -21.5337 10306.2 -63.1898
10255.1 -7.21435 10319.6 -61.8881
10268.8 -2.00733 10334.2 -94.432
10283.1 -16.3266 10347.9 -72.3021
10297.4 -46.267 10361.9 -48.8705
10310 -29.3442 10375.9 -30.646
10324.3 7.10496 10389.6 -44.9653
10338.5 -18.9302 10403.6 -55.3793
10351.4 -26.7407 10417.9 -33.2495
10365.7 -24.1372 10430.4 -51.474
10379.1 -5.91259 10444.4 -71.0004
10392.8 -12.4214 10459.6 -50.1723
10407.1 -29.3442 10473 -67.0951
10421.7 -16.3266 10485.8 -68.3969
10434.5 -17.6284 10500.1 -85.3197
10448.2 -12.4214 10514.1 -69.6986
10462.8 -20.2319 10526.9 -28.0424
10476.5 -2.00733 10541.8 -41.06
10490.8 -16.3266 10555.2 -51.474
10503.3 -11.1196 10569.2 -60.5863
10517 -60.5863 10583.5 -46.267
10531.6 -28.0424 10597.8 -63.1898
10545.3 -30.646 10610.1 -93.1302
10558.5 -30.646 10624.9 -43.6635
10573.3 -5.91259 10638.1 -34.5512
10585.9 -43.6635 10651.8 -50.1723
10600.1 -2.00733 10666.1 -33.2495
10615.3 -42.3617 10680.6 -38.4565
10626.7 -48.8705 10693.8 -61.8881
10642.2 -0.70557 10708.1 -60.5863
10655.9 -35.853 10721.2 -56.6811
10669.3 -9.81786 10734.6 -51.474
10683 -33.2495 10748.9 -71.0004
10696.7 -28.0424 10763.5 -93.1302
10711.3 -33.2495 10777.2 -104.846
10724.7 -25.4389 10789.7 -50.1723
10738.1 -31.9477 10804.9 -50.1723
10752.7 -0.70557 10817.7 -48.8705
10765.8 -12.4214 10832 -60.5863
10780.1 -9.81786 10846.3 -65.7934
10794.4 -30.646 10859.1 -57.9828
10807.2 0.596186 10874 -56.6811
10821.5 12.312 10887.4 -43.6635
10834.6 -20.2319 10900.9 -119.165
10848.1 -29.3442 10915.2 -65.7934
10862.6 -37.1547 10929.2 -57.9828
10876.6 -22.8354 10942 -73.6039
10890.1 -2.00733 10956 -44.9653
10904.9 -37.1547 10970.3 -46.267
10917.8 -4.61084 10984 -44.9653
10932.1 -9.81786 10998 -81.4144
10944.9 -9.81786 11012 -52.7758
10959.5 -18.9302 11025.4 -68.3969
10973.5 -30.646 11039.7 -64.4916
10986.6 -20.2319 11053.1 -71.0004
11001.2 -34.5512 11067.1 -112.657
11013.5 -31.9477 11081.4 -46.267
11028.9 -13.7231 11094.6 -43.6635
11042.6 -34.5512 11108.6 -43.6635
11056.1 -0.70557 11122.6 -37.1547
11069.8 -24.1372 11136.6 -39.7582
11082.3 -46.267 11150 -15.0249
11097.5 -56.6811 11164.6 -103.544
11111.2 -15.0249 11178 -59.2846
11125.5 -17.6284 11192.3 -56.6811
11139.2 -28.0424 11206.3 -72.3021
11151.7 -37.1547 11219.4 -59.2846
11166.9 -11.1196 11232.8 -46.267
11180 -18.9302 11247.7 -43.6635
11194.6 1.89794 11260.6 -46.267
11208 -37.1547 11274.9 -68.3969
11220.6 -41.06 11288.9 -21.5337
11235.5 -24.1372 11302.9 -78.8109
11248.6 -34.5512 11315.1 -69.6986
11263.5 -2.00733 11330.6 -61.8881
11276.6 7.10496 11344 -61.8881
11290.6 -17.6284 11358.6 -61.8881
11303.8 -38.4565 11371.4 -69.6986
11317.8 -39.7582 11385.2 -56.6811
11332.3 -7.21435 11399.5 -100.941
11346.3 -30.646 11412.9 -81.4144
11359.5 -29.3442 11427.2 -81.4144
11373.5 -7.21435 11440.3 -84.0179
11387.5 21.4243 11455.5 -112.657
11401.5 14.9155 11469.2 -107.45
11414.9 -13.7231 11482.3 -100.941
11428.3 -26.7407 11497.8 -61.8881
11442.6 -13.7231 11509.2 -80.1127
11456.4 -20.2319 11524.6 -56.6811
11469.8 -21.5337 11537.2 -61.8881
11483.5 -17.6284 11551.2 -85.3197
11498.1 -12.4214 11565.5 -55.3793
11511.5 7.10496 11579.8 -89.225
11525.5 12.312 11593.8 -74.9056
11539.2 11.0102 11606.1 -85.3197
11552.7 20.1225 11621 -77.5092
11566.1 20.1225 11635.3 -77.5092
11580.1 -25.4389 11648.4 -74.9056
11595 1.89794 11662.1 -54.0776
11608.1 1.89794 11675.3 -47.5688
11621.5 -41.06 11690.4 -76.2074
11635.3 -15.0249 11704.4 -80.1127
11649.3 1.89794 11717.6 -74.9056
11663 9.70847 11731.9 -50.1723
11677 -8.5161 11745 -82.7162
11691.6 -3.30908 11759.6 -46.267
11705 -8.5161 11773.3 -60.5863
11719.3 27.9331 11787.4 -39.7582
11732.2 -7.21435 11800.8 -35.853
11745.9 -20.2319 11815.1 -37.1547
11759.6 -5.91259 11828.8 -39.7582
11773.6 -25.4389 11843.1 -33.2495
11787.9 0.596186 11856.5 -29.3442
11800.8 -20.2319 11870.3 -21.5337
11815.7 29.2348 11883.4 -30.646
11828.8 3.1997 11897.4 -34.5512
11842.8 1.89794 11912.3 -42.3617
11856.5 13.6137 11924.6 -87.9232
11870.6 5.80321 11938.9 -41.06
11884.3 -5.91259 11953.5 -21.5337
11898 -11.1196 11966.3 -43.6635
11911.7 53.9682 11980.4 -63.1898
11925.7 34.4418 11994.9 -9.81786
11940.3 44.8559 12008.4 -33.2495
11952.9 33.1401 12021.8 -57.9828
11966.9 76.098 12035.8 -57.9828
11980.4 47.4594 12050.4 -54.0776
11994.7 33.1401 12063 -65.7934
12008.1 34.4418 12077.3 -64.4916
12022.7 35.7436 12090.7 -68.3969
12036.1 11.0102 12105.3 -18.9302
12049.6 24.0278 12119.1 -39.7582
12063.6 27.9331 12132.8 -41.06
12077.6 29.2348 12146.8 1.89794
12091 66.9857 12160.8 -21.5337
12104.8 69.5892 12174.9 -5.91259
12118.5 80.0033 12188.6 -20.2319
12132.2 98.2279 12202.3 -20.2319
12146.8 39.6489 12216 -13.7231
12160.3 52.6664 12230.1 -21.5337
12174.6 60.4769 12244.1 12.312
12187.7 59.1752 12257.2 16.2173
12201.4 61.7787 12270.4 35.7436
12215.8 121.659 12284.7 -7.21435
12228.6 90.4173 12299.3 0.596186
12243.2 128.168 12312.5 -44.9653
12256.6 143.789 12327.3 -31.9477
12271.5 120.358 12341.4 -72.3021
12284.1 132.074 12353.9 -54.0776
12298.4 155.505 12368.3 -50.1723
12311 135.979 12381.7 -44.9653
12325.6 126.866 12395.7 3.1997
12339.3 164.617 12409.4 -4.61084
12353.6 198.463 12423.2 -22.8354
12367.1 185.445 12437.5 -20.2319
12381.1 172.428 12450.4 -78.8109
12394.8 180.238 12464.7 -44.9653
12408.3 148.996 12479.9 -78.8109
12422.6 130.772 12492.5 -17.6284
12436.6 155.505 12506.8 25.3295
12450.7 126.866 12520.5 -20.2319
12463.5 112.547 12533.6 20.1225
12478.4 121.659 12547.7 0.596186
12491.9 133.375 12562.3 0.596186
12505.9 178.937 12575.5 -8.5161
12518.4 152.902 12589.8 -34.5512
12532.5 168.523 12603.2 -56.6811
12546.8 188.049 12618.7 -33.2495
12560.3 129.47 12631.3 51.3647
12574.3 150.298 12645 35.7436
12586.9 159.41 12659 59.1752
12602.3 169.824 12673.4 89.1156
12616.1 176.333 12686.2 73.4945
12629.2 191.954 12700.3 26.6313
12643.5 197.161 12714.6 37.0453
12657 181.54 12728.6 -26.7407
12670.4 249.232 12742.6 -12.4214
12685.7 255.74 12756.1 11.0102
12699.1 227.102 12769.8 16.2173
12713.4 251.835 12783.3 44.8559
12726 206.274 12797.6 22.726
12739.7 240.119 12810.8 99.5296
12753.2 264.853 12825.7 93.0208
12768.1 220.593 12839.4 86.5121
12782.1 266.154 12852.9 56.5717
12795.3 262.249 12866.9 39.6489
12808.4 296.095 12881 12.312
12822.5 313.018 12893.5 14.9155
12835.9 324.733 12908.7 34.4418
12850.8 327.337 12921.9 53.9682
12863.4 318.225 12936.2 103.435
12877.7 301.302 12950.5 128.168
12892.1 296.095 12963.7 152.902
12904.9 318.225 12977.5 145.091
12919 352.07 12992.4 122.961
12933.3 353.372 13005.5 82.6068
12947.6 392.425 13019.6 34.4418
12960.2 453.607 13032.7 55.2699
12974 477.039 13047.1 31.8383
12989.2 464.021 13060.2 106.038
13001.7 467.926 13075.2 181.54
13015.8 456.211 13089.2 225.8
13030.4 376.804 13102.1 214.084
13043.3 413.253 13116.1 204.972
13056.7 396.33 13129.8 175.031
13071.1 430.176 13144.2 106.038
13084.2 460.116 13157.6 59.1752
13099.1 491.358 13171.4 100.831
13111.7 536.92 13185.4 141.186
13126.9 577.274 13199.2 150.298
13138.9 512.186 13212.9 251.835
13153.3 529.109 13227.3 286.982
13168.2 474.435 13241 323.432
13181.6 449.702 13254.8 289.586
13195.4 452.305 13268.5 207.575
13209.1 492.66 13282.6 203.67
13223.5 522.6 13296.3 176.333
13236.6 572.067 13310.7 204.972
13251 624.137 13323 203.67
13265.3 620.232 13337.9 251.835
13277.9 599.404 13352.5 319.526
13291.4 572.067 13365.1 329.94
13306 549.937 13379.7 353.372
13318.9 588.99 13392.9 371.597
13332.9 588.99 13407.5 335.147
13347.2 607.214 13421.9 300
13360.4 630.646 13434.7 288.284
13375 652.776 13448.5 296.095
13388.2 724.372 13462.8 309.112
13402.8 734.786 13476.3 361.182
13416 750.407 13490.9 380.709
13429.8 715.26 13504.7 415.856
13443.5 712.657 13517.3 457.512
13457.3 685.32 13531.9 444.495
13470.4 660.586 13546.3 363.786
13486 713.958 13559.7 439.288
13498 763.425 13573.8 418.46
13512.9 806.383 13587.5 397.632
13526.9 845.436 13600.7 431.477
13539.8 874.074 13615.3 453.607
13554.2 857.151 13628.8 514.79
13567.9 829.815 13643.1 579.878
13582 793.365 13656.6 588.99
13594.8 811.59 13670.7 574.67
13608.9 797.271 13684.4 569.463
13623.5 845.436 13697.6 583.783
13636.7 867.565 13712.8 565.558
13651 893.601 13726.6 578.576
13665.1 979.517 13740.6 615.025
13678.9 945.671 13754.7 654.078
13691.4 970.404 13767.6 682.716
13706.4 992.534 13781 715.26
13719 937.86 13796 742.597
13733.9 922.239 13810.3 788.158
13747.1 949.576 13824.1 794.667
13761.1 982.12 13838.1 792.064
13774.6 1026.38 13852.5 838.927
13787.8 1055.02 13866.8 858.453
13802.7 1078.45 13880.6 896.204
13815.6 1070.64 13894.1 874.074
13829.6 1125.31 13899 911.825
13844 1113.6 13885 962.594
13857.5 1008.16 13871.5 995.138
