7013.28 -8.5161 7027.94 -50.1723
7004.49 8.40672 7041.72 -65.7934
7000.68 -43.6635 7055.79 -69.6986
7008.89 -42.3617 7070.15 -50.1723
7021.78 -17.6284 7083.05 -64.4916
7035.56 -39.7582 7096.53 -78.8109
7049.93 -39.7582 7111.78 -71.0004
7063.41 1.89794 7124.97 -91.8285
7076.9 -4.61084 7138.45 -78.8109
7091.55 -33.2495 7152.52 -87.9232
7105.62 -13.7231 7166.59 -54.0776
7119.11 -51.474 7179.48 -60.5863
7132.3 -16.3266 7194.13 -71.0004
7146.66 -16.3266 7207.91 -76.2074
7161.02 1.89794 7220.8 -89.225
7175.08 -44.9653 7236.04 -94.432
7188.27 -25.4389 7250.1 -44.9653
7202.05 -11.1196 7262.7 -99.639
7216.4 -44.9653 7277.35 -78.8109
7229.59 -16.3266 7290.53 -74.9056
7243.07 -16.3266 7304.89 -85.3197
7258.31 -17.6284 7318.66 -47.5688
7271.78 -34.5512 7331.84 -60.5863
7285.26 -2.00733 7346.78 -99.639
7299.03 -13.7231 7359.67 -57.9828
7312.8 1.89794 7374.02 -47.5688
7326.28 -5.91259 7386.62 -63.1898
7341.22 -3.30908 7401.56 -76.2074
7354.69 -21.5337 7415.03 -68.3969
7367.87 -5.91259 7428.8 -61.8881
7381.64 -18.9302 7443.15 -72.3021
7395.7 -41.06 7456.03 -55.3793
7410.05 -20.2319 7470.68 -107.45
7424.4 -26.7407 7484.44 -68.3969
7437.58 -33.2495 7497.62 -61.8881
7451.35 17.519 7511.97 -74.9056
7465.99 3.1997 7525.44 -71.0004
7479.76 -11.1196 7540.08 -89.225
7492.35 -22.8354 7552.38 -67.0951
7507.28 -28.0424 7567.89 -69.6986
7520.46 -33.2495 7581.65 -37.1547
7533.64 -12.4214 7594.54 -65.7934
7547.4 16.2173 7608.59 -35.853
7562.91 -22.8354 7622.93 -67.0951
7574.92 7.10496 7636.98 -67.0951
7589.27 -9.81786 7650.45 -57.9828
7603.9 -24.1372 7664.21 -71.0004
7617.66 14.9155 7677.38 -91.8285
7631.13 -7.21435 7692.31 -33.2495
7645.18 -15.0249 7705.19 -60.5863
7658.06 -0.70557 7719.53 -80.1127
7671.82 -18.9302 7732.99 -69.6986
7686.16 -21.5337 7747.04 -37.1547
7700.5 21.4243 7760.21 -81.4144
7713.97 -15.0249 7775.13 -68.3969
7728.31 21.4243 7789.18 -84.0179
7741.48 7.10496 7802.35 -78.8109
7754.06 -15.0249 7816.39 -82.7162
7768.4 -15.0249 7829.56 -77.5092
7782.74 -11.1196 7844.19 -43.6635
7797.67 12.312 7858.53 -76.2074
7810.54 -54.0776 7871.4 -59.2846
7824.59 -15.0249 7885.45 -37.1547
7839.22 -28.0424 7899.49 -68.3969
7851.51 -21.5337 7912.95 -63.1898
7866.72 -12.4214 7926.4 -61.8881
7880.47 -11.1196 7940.74 -50.1723
7893.35 -20.2319 7954.49 -50.1723
7907.39 -17.6284 7967.65 -28.0424
7921.43 17.519 7981.98 -46.267
7935.18 1.89794 7995.44 -77.5092
7949.51 -12.4214 8010.65 -41.06
7962.38 -13.7231 8023.51 -87.9232
7976.72 -42.3617 8038.43 -54.0776
7989.59 -31.9477 8051.3 -86.6215
8004.21 -21.5337 8065.34 -59.2846
8019.13 -13.7231 8078.79 -38.4565
8032.29 -4.61084 8092.24 -43.6635
8045.16 -33.2495 8106.57 -52.7758
8059.78 14.9155 8120.61 -42.3617
8073.82 -7.21435 8134.94 -69.6986
8086.98 5.80321 8147.51 -55.3793
8101.6 -20.2319 8162.13 -87.9232
8115.64 -37.1547 8175.87 -47.5688
8128.21 -13.7231 8189.61 -55.3793
8142.83 -11.1196 8203.35 -52.7758
8155.99 -37.1547 8217.39 -74.9056
8169.73 -31.9477 8231.71 -61.8881
8183.47 -30.646 8244.87 -73.6039
8198.38 -47.5688 8258.9 -12.4214
8211.83 16.2173 8272.35 -51.474
8224.7 -5.91259 8286.67 -22.8354
8239.02 -54.0776 8300.99 -77.5092
8252.47 -33.2495 8314.44 -0.70557
8266.5 -39.7582 8328.18 -61.8881
8279.95 -60.5863 8341.62 -43.6635
8295.44 4.50145 8355.65 -48.8705
8307.72 12.312 8369.97 -72.3021
8322.04 -20.2319 8383.12 -81.4144
8336.07 -13.7231 8397.44 -20.2319
8349.8 -33.2495 8410.89 -51.474
8363.54 -34.5512 8425.21 -34.5512
8376.99 -39.7582 8439.23 -60.5863
8390.72 -46.267 8452.09 -64.4916
8404.46 -57.9828 8466.7 -52.7758
8418.49 -47.5688 8480.14 -54.0776
8432.8 -26.7407 8494.17 -60.5863
8445.95 -20.2319 8508.19 -43.6635
8459.4 -31.9477 8521.93 -68.3969
8474.01 -21.5337 8535.37 -73.6039
8486.86 -38.4565 8549.68 -46.267
8501.77 -24.1372 8562.83 -59.2846
8514.91 -34.5512 8576.85 -34.5512
8530.11 -54.0776 8591.17 -64.4916
8543.25 -15.0249 8604.31 -68.3969
8556.69 -17.6284 8617.75 -54.0776
8570.72 -30.646 8633.23 -71.0004
8584.45 24.0278 8646.09 -68.3969
8598.18 -15.0249 8659.82 -78.8109
8611.62 -34.5512 8674.42 -37.1547
8626.51 8.40672 8688.44 -78.8109
8639.66 -37.1547 8701 -56.6811
8653.39 0.596186 8714.73 -71.0004
8667.41 -33.2495 8728.46 -41.06
8680.85 -34.5512 8743.64 -56.6811
8693.99 -8.5161 8757.08 -57.9828
8708.89 -11.1196 8770.8 -89.225
8722.61 -21.5337 8785.41 -67.0951
8736.34 1.89794 8799.13 -37.1547
8749.78 -42.3617 8811.98 -59.2846
8763.5 -34.5512 8826 -68.3969
8777.52 -13.7231 8839.72 -38.4565
8791.83 17.519 8853.16 -90.5267
8805.85 -33.2495 8867.76 -38.4565
8819.28 -21.5337 8881.77 -44.9653
8833.3 -22.8354 8895.2 -72.3021
8847.32 -18.9302 8908.93 -77.5092
8860.45 21.4243 8923.23 -76.2074
8874.47 -13.7231 8937.25 -41.06
8887.61 -8.5161 8950.1 -25.4389
8901.63 4.50145 8964.69 -91.8285
8915.35 11.0102 8977.83 -63.1898
8929.66 -18.9302 8991.55 -64.4916
8943.96 -2.00733 9006.44 -61.8881
8957.69 -39.7582 9019.87 -68.3969
8969.95 -9.81786 9033.88 -65.7934
8985.42 39.6489 9047.02 -34.5512
8998.56 -21.5337 9062.2 -63.1898
9012.28 -2.00733 9075.04 -41.06
9026.58 -24.1372 9088.76 -52.7758
9040.01 -24.1372 9102.77 -38.4565
9053.44 29.2348 9117.66 -51.474
9068.04 -0.70557 9130.8 -54.0776
9081.76 -20.2319 9143.64 -61.8881
9095.19 -7.21435 9157.94 -69.6986
9108.9 8.40672 9171.66 -78.8109
9123.21 -4.61084 9185.67 -74.9056
9136.63 -17.6284 9200.26 -39.7582
9150.35 -28.0424 9212.52 -84.0179
9164.36 -31.9477 9226.53 -74.9056
9178.08 1.89794 9241.12 -65.7934
9191.8 0.596186 9255.42 -91.8285
9206.39 -9.81786 9268.55 -74.9056
9219.53 -9.81786 9282.27 -51.474
9233.24 -28.0424 9297.15 -55.3793
9247.54 -15.0249 9310 -31.9477
9261.26 5.80321 9323.71 -59.2846
9274.97 -4.61084 9337.43 -44.9653
9288.69 9.70847 9350.56 -60.5863
9302.99 -22.8354 9366.02 -77.5092
9316.12 7.10496 9380.03 -55.3793
9329.84 -5.91259 9393.16 -57.9828
9344.14 1.89794 9407.17 -52.7758
9358.44 -11.1196 9421.17 -43.6635
9371.57 17.519 9434.59 -43.6635
9384.99 12.312 9447.72 -54.0776
9399 -38.4565 9462.61 -22.8354
9414.75 -15.0249 9475.74 -39.7582
9426.72 -3.30908 9490.03 -50.1723
9441.01 -28.0424 9504.91 -48.8705
9454.73 14.9155 9518.33 -35.853
9468.15 4.50145 9532.34 -22.8354
9481.57 7.10496 9544.01 -68.3969
9495.87 -13.7231 9558.89 -89.225
9509.58 17.519 9573.18 -11.1196
9523.58 -11.1196 9586.89 -33.2495
9537.88 -18.9302 9600.32 -73.6039
9550.72 1.89794 9614.61 -41.06
9565.01 -15.0249 9628.9 -73.6039
9578.43 1.89794 9641.74 -57.9828
9592.15 12.312 9656.62 -59.2846
9607.32 -21.5337 9670.91 -35.853
9620.74 -26.7407 9683.17 -25.4389
9633.28 -9.81786 9697.46 -54.0776
9647.87 -34.5512 9711.17 -57.9828
9661.58 -26.7407 9725.17 1.89794
9675.87 -4.61084 9739.17 -39.7582
9688.71 11.0102 9752.59 -55.3793
9703.59 -8.5161 9767.18 -37.1547
9716.42 1.89794 9780.31 -59.2846
9730.42 -35.853 9794.31 -44.9653
9745.01 -38.4565 9808.89 -61.8881
9757.84 -9.81786 9822.31 -55.3793
9771.26 -43.6635 9835.73 -28.0424
9786.14 -7.21435 9849.43 -59.2846
9799.85 4.50145 9864.31 -21.5337
9813.26 -22.8354 9876.85 -29.3442
9826.39 -3.30908 9891.73 -18.9302
9841.27 -18.9302 9904.56 -57.9828
9854.68 -15.0249 9918.86 -24.1372
9869.27 -0.70557 9932.27 -71.0004
9882.39 -24.1372 9946.56 -57.9828
9896.4 -3.30908 9960.57 -60.5863
9910.11 -5.91259 9973.4 -54.0776
9924.69 -7.21435 9987.69 -30.646
9938.1 -9.81786 10002.6 -24.1372
9950.94 -28.0424 10015.4 -55.3793
9965.23 1.89794 10029.7 -34.5512
9978.65 -11.1196 10043.7 -35.853
9992.65 -8.5161 10057.1 -38.4565
10007.2 -17.6284 10069.9 -50.1723
10020.9 -24.1372 10085.1 -48.8705
10034.4 9.70847 10099.4 -59.2846
10048.1 13.6137 10113.1 -33.2495
10062.4 13.6137 10126.2 -33.2495
10075.2 27.9331 10141.1 -48.8705
10089.5 9.70847 10153.4 -20.2319
10104.4 -12.4214 10167.1 -24.1372
10116.9 -2.00733 10181.9 -15.0249
10130.3 -18.9302 10195.9 -35.853
10144.6 -43.6635 10209.3 -20.2319
10159.2 -4.61084 10223.3 -51.474
10172.6 -11.1196 10237 -42.3617
10186.3 8.40672 10249.9 1.89794
10199.7 -3.30908 10264.5 -28.0424
10214 -37.1547 10278.8 -47.5688
10226.3 4.50145 10292.2 -46.267
10242.3 -0.70557 10306.8 -44.9653
10254.5 -9.81786 10320.5 -4.61084
10268.8 -21.5337 10333.6 -20.2319
10282.6 -44.9653 10348.2 -13.7231
10297.1 -34.5512 10361.6 -37.1547
10310 9.70847 10376.2 -61.8881
10324 -12.4214 10389.6 -61.8881
10338.3 -41.06 10403.6 -44.9653
10351.4 40.9506 10416.7 -21.5337
10365.4 5.80321 10430.7 -42.3617
10379.4 -17.6284 10444.4 -44.9653
10393.4 -17.6284 10458.4 -22.8354
10407.1 25.3295 10472.1 -44.9653
10421.1 -3.30908 10486.4 -33.2495
10435.1 11.0102 10499.8 -7.21435
10447.3 -15.0249 10513.5 -52.7758
10462.5 17.519 10527.5 -59.2846
10476.2 -11.1196 10542.4 -71.0004
10489.9 -4.61084 10556.1 -77.5092
10503.9 -13.7231 10568.6 -52.7758
10517.6 -7.21435 10583.5 -33.2495
10531.6 -2.00733 10597.2 -34.5512
10544.7 -5.91259 10611.2 -20.2319
10558.5 7.10496 10623.5 -63.1898
10573 -25.4389 10638.9 -56.6811
10586.7 5.80321 10652.6 -67.0951
10599.9 -18.9302 10666.1 -56.6811
10615.3 9.70847 10679.5 -82.7162
10627.9 9.70847 10694.1 -82.7162
10641.3 3.1997 10707.5 -89.225
10655.9 -17.6284 10720.6 -31.9477
10669.3 -12.4214 10735.2 -42.3617
10683 17.519 10749.2 -37.1547
10696.7 11.0102 10762.3 -35.853
10711.3 -18.9302 10776.9 -68.3969
10724.7 4.50145 10790.6 -73.6039
10738.7 -26.7407 10804 -54.0776
10753.3 11.0102 10818.3 -85.3197
10766.4 -24.1372 10831.1 -42.3617
10780.1 -0.70557 10846.6 -30.646
10793.8 -17.6284 10859.1 -73.6039
10807.5 -8.5161 10873.2 -41.06
10820.9 -7.21435 10887.7 -72.3021
10834.9 -7.21435 10900.6 -33.2495
10848.4 -9.81786 10914.9 -68.3969
10862.9 29.2348 10928.6 -63.1898
10875.8 24.0278 10942.9 -61.8881
10890.4 31.8383 10957.4 -30.646
10904.4 21.4243 10970.3 -43.6635
10918.1 3.1997 10983.7 -52.7758
10932.7 -15.0249 10998 -47.5688
10944.6 -31.9477 11011.7 -33.2495
10958.9 -4.61084 11026 -30.646
10973.5 3.1997 11039.4 -33.2495
10986.6 22.726 11053.4 -42.3617
11001.5 -15.0249 11067.1 -54.0776
11014 -16.3266 11081.1 -43.6635
11027.8 21.4243 11094.8 -57.9828
11041.5 -16.3266 11108.9 -57.9828
11055.5 -28.0424 11123.2 -43.6635
11070.3 -0.70557 11136.3 -57.9828
11082.9 -20.2319 11149.7 -2.00733
11097.2 -0.70557 11164 -51.474
11110.9 8.40672 11178 -12.4214
11123.7 -2.00733 11192 -30.646
11138.9 11.0102 11205.7 -38.4565
11152 18.8208 11219.1 -22.8354
11166 -18.9302 11233.4 -33.2495
11180.6 8.40672 11247.1 -0.70557
11194.3 -12.4214 11261.4 -33.2495
11208.3 14.9155 11275.1 -17.6284
11221.5 -20.2319 11290 -24.1372
11235.8 -9.81786 11302 -47.5688
11249.5 -12.4214 11316.9 -42.3617
11262.9 12.312 11329.4 -37.1547
11277.5 5.80321 11343.4 -47.5688
11290 -31.9477 11358.3 -20.2319
11304.6 9.70847 11370.9 -13.7231
11318.3 -9.81786 11384.9 -4.61084
11332.1 27.9331 11399.5 -24.1372
11346 -4.61084 11413.8 -34.5512
11358.6 -5.91259 11426.9 -48.8705
11373.2 -13.7231 11440.6 -51.474
11387.5 -0.70557 11454.9 -59.2846
11401.2 3.1997 11468 -52.7758
11415.5 -18.9302 11482.9 -37.1547
11428.3 5.80321 11496.6 -31.9477
11442.6 7.10496 11509.2 -24.1372
11455.8 -43.6635 11524.4 -37.1547
11470.4 13.6137 11538.7 -55.3793
11483.8 16.2173 11552.1 -60.5863
11498.7 -3.30908 11565.2 -56.6811
11511.8 -18.9302 11578.6 -74.9056
11525.5 31.8383 11592.7 -87.9232
11539 9.70847 11607.2 -42.3617
11552.7 0.596186 11620.4 -24.1372
11566.7 27.9331 11634.7 -2.00733
11579.8 3.1997 11649 -2.00733
11595 30.5366 11661.8 -30.646
11608.1 4.50145 11676.1 -77.5092
11621.8 -15.0249 11691.3 -63.1898
11636.1 26.6313 11704.1 -52.7758
11649.6 12.312 11717.9 -39.7582
11663.3 -30.646 11731.6 -43.6635
11677 3.1997 11744.7 -38.4565
11691.6 12.312 11758.5 -2.00733
11704.4 7.10496 11773.3 -33.2495
11718.8 38.3471 11787.9 -11.1196
11731.9 -9.81786 11801.1 -3.30908
11744.7 -21.5337 11814.5 -12.4214
11759.3 -11.1196 11828.5 -28.0424
11773.6 -15.0249 11842.2 -47.5688
11787.1 -15.0249 11856.5 -44.9653
11801.6 12.312 11870.6 -51.474
11815.4 4.50145 11884 -16.3266
11828.8 -2.00733 11898.3 5.80321
11842.8 46.1576 11910.9 -3.30908
11856.5 11.0102 11924.6 -37.1547
11870.9 -31.9477 11938.9 0.596186
11884.6 12.312 11952.6 -35.853
11897.7 8.40672 11966.3 -33.2495
11912 3.1997 11980.4 -56.6811
11925.4 48.7611 11994.9 -42.3617
11939.8 34.4418 12008.7 -41.06
11953.5 39.6489 12022.1 -8.5161
11966.9 18.8208 12035.3 -34.5512
11980.1 27.9331 12050.1 -11.1196
11994.9 26.6313 12064.2 5.80321
12009 21.4243 12077 -18.9302
12022.4 27.9331 12091.9 -29.3442
12036.1 -15.0249 12105.3 35.7436
12049.3 20.1225 12118.5 -15.0249
12064.2 38.3471 12132.8 -15.0249
12077.6 69.5892 12147.1 -42.3617
12090.7 51.3647 12161.1 -60.5863
12105.6 77.3998 12174 -25.4389
12119.1 52.6664 12188.9 -37.1547
12132.2 14.9155 12202.3 -34.5512
12146.8 55.2699 12215.5 -9.81786
12160.8 9.70847 12229.8 -13.7231
12174 50.0629 12244.1 -25.4389
12188 57.8734 12257.8 -15.0249
12202 39.6489 12270.4 -21.5337
12215.5 29.2348 12285 4.50145
12229.2 69.5892 12299 -17.6284
12242.9 95.6243 12312.7 -30.646
12256.6 -11.1196 12327.1 -21.5337
12270.4 44.8559 12340.8 -13.7231
12284.4 66.9857 12354.5 -12.4214
12299 33.1401 12368.3 -30.646
12311.9 43.5541 12382 -0.70557
12325.6 52.6664 12395.4 -15.0249
12339.9 81.305 12409.8 0.596186
12353.1 85.2103 12423.5 -29.3442
12367.1 143.789 12436.9 8.40672
12381.1 56.5717 12451.8 -22.8354
12394.8 98.2279 12465.3 -9.81786
12408.9 124.263 12479 -12.4214
12422.6 74.7963 12492.7 7.10496
12436.3 98.2279 12507.1 -7.21435
12449.5 124.263 12520.2 -25.4389
12463.8 91.7191 12534.8 -21.5337
12477.3 121.659 12548 -31.9477
12492.1 150.298 12562.6 -46.267
12505.6 125.565 12575.7 -30.646
12519.6 117.754 12589.8 8.40672
12532.5 156.807 12603.5 22.726
12546.2 93.0208 12617.2 50.0629
12560.8 124.263 12631.6 46.1576
12574.3 134.677 12644.1 16.2173
12587.7 137.281 12659.6 16.2173
12601.8 132.074 12673.1 33.1401
12614.9 185.445 12686.8 8.40672
12628.9 182.842 12701.1 14.9155
12643.3 167.221 12714.6 38.3471
12657 177.635 12727.4 29.2348
12671 176.333 12742.1 25.3295
12685.1 142.488 12756.4 37.0453
12698.2 172.428 12770.1 51.3647
12712.3 163.316 12783.9 31.8383
12725.4 155.505 12797.6 80.0033
12741.2 224.498 12811.1 66.9857
12753.2 221.895 12825.1 85.2103
12767.8 236.214 12838.9 87.8138
12780.4 249.232 12853.5 65.684
12795.3 232.309 12866.3 44.8559
12809 210.179 12880.7 40.9506
12822.2 193.256 12895 53.9682
12835.6 198.463 12909 42.2524
12850.8 206.274 12922.5 26.6313
12864.3 224.498 12936.2 50.0629
12877.7 266.154 12950.5 47.4594
12892.1 271.361 12962.5 89.1156
12905.2 283.077 12977.5 99.5296
12919 296.095 12991.2 132.074
12933 313.018 13005.5 108.642
12947.3 288.284 13019.6 90.4173
12959.9 298.698 13032.7 86.5121
12974.5 279.172 13046.2 82.6068
12988 302.604 13060.8 100.831
13002.3 301.302 13074.9 112.547
13014.6 350.768 13088 132.074
13030.1 380.709 13102.1 138.582
13043.3 355.975 13116.1 171.126
13057.3 319.526 13130.4 154.203
13071.9 365.088 13144.2 159.41
13084.8 383.312 13157.9 158.109
13098.3 355.975 13171.1 168.523
13112.3 397.632 13185.4 167.221
13125.5 379.407 13198.9 145.091
13140.4 391.123 13214.1 186.747
13153.5 426.27 13227 238.817
13167.6 423.667 13240.1 216.688
13181.3 389.821 13254.2 253.137
13194.8 428.874 13268.8 241.421
13209.1 464.021 13282.6 249.232
13222.3 418.46 13296 212.782
13236.6 437.986 13309.8 267.456
13250.7 474.435 13323.8 227.102
13263.9 479.642 13337.6 241.421
13277.3 497.867 13351.9 293.491
13291.7 513.488 13366.3 315.621
13305.7 505.677 13380 322.13
13319.7 483.548 13392.9 353.372
13332.6 561.653 13407.5 339.053
13347.2 538.221 13420.1 348.165
13360.7 574.67 13434.7 336.449
13374.5 570.765 13449.4 314.319
13388.8 596.8 13463.1 352.07
13402 602.007 13475.7 376.804
13416 626.741 13490.3 359.881
13429.8 616.327 13504.7 382.011
13443.5 638.456 13518.2 406.744
13458.4 651.474 13532.2 415.856
13471 671 13545.7 413.253
13485.4 647.569 13559.7 396.33
13498 693.13 13573.8 408.046
13513.2 706.148 13587.5 405.442
13526.6 723.071 13601 410.649
13540.4 736.088 13615.3 474.435
13553.9 732.183 13628.8 487.453
13568.5 759.52 13643.4 540.825
13580.8 743.899 13656.6 539.523
13595.7 746.502 13671.3 544.73
13609.2 734.786 13683.8 540.825
13623.2 793.365 13698.2 540.825
13636.7 762.123 13711.7 529.109
13650.8 777.744 13726.9 548.635
13664.5 802.478 13740.3 556.446
13677.7 776.443 13754.4 599.404
13691.7 841.53 13767.9 650.172
13705.2 846.737 13781.9 676.207
13719.6 884.488 13795.7 710.053
13733.3 900.109 13809.1 686.621
13746.8 879.281 13824.1 693.13
13760.8 900.109 13837.6 762.123
13774.3 871.471 13852.5 749.106
13789.2 945.671 13866.5 746.502
13802.1 988.629 13881.8 799.874
13816.5 927.446 13894.6 811.59
13829.9 999.043 13898.7 859.755
13844 993.836 13884.4 853.246
13858.3 914.429 13870.9 898.808
