7013.87 -102.243 7028.23 -67.0951
7004.49 -95.7337 7042.01 -87.9232
7000.97 -64.4916 7055.5 -86.6215
7008.59 -65.7934 7069.86 -106.148
7022.08 -87.9232 7084.23 -110.053
7036.74 -63.1898 7097.71 -103.544
7049.63 -63.1898 7110.6 -81.4144
7063.7 -78.8109 7125.26 -111.355
7078.36 -77.5092 7139.03 -120.467
7091.26 -84.0179 7152.22 -85.3197
7105.33 -59.2846 7166.88 -104.846
7119.69 -67.0951 7179.48 -81.4144
7133.47 -59.2846 7194.13 -117.864
7146.07 -84.0179 7207.61 -120.467
7160.14 -94.432 7221.38 -117.864
7175.38 -80.1127 7235.45 -104.846
7187.98 -68.3969 7249.51 -94.432
7202.05 -68.3969 7262.99 -86.6215
7216.4 -111.355 7277.35 -91.8285
7230.47 -73.6039 7290.53 -108.751
7242.77 -61.8881 7304.3 -112.657
7257.43 -84.0179 7318.07 -97.0355
7272.37 -57.9828 7332.43 -106.148
7285.85 -84.0179 7346.49 -137.39
7298.15 -76.2074 7359.96 -110.053
7313.09 -57.9828 7374.32 -123.071
7326.86 -54.0776 7387.79 -85.3197
7340.63 -44.9653 7401.56 -104.846
7354.98 -25.4389 7415.03 -97.0355
7368.75 -69.6986 7429.38 -106.148
7382.23 -57.9828 7442.85 -94.432
7395.7 -51.474 7457.21 -97.0355
7410.64 -52.7758 7470.97 -67.0951
7424.11 -71.0004 7484.15 -97.0355
7437.88 -90.5267 7497.33 -120.467
7451.35 -42.3617 7511.67 -110.053
7464.53 -59.2846 7526.02 -136.088
7478.58 -80.1127 7539.78 -110.053
7492.64 -48.8705 7553.55 -104.846
7506.99 -69.6986 7567.31 -103.544
7520.75 -50.1723 7581.07 -120.467
7535.1 -73.6039 7594.54 -77.5092
7548.28 -63.1898 7608.59 -112.657
7562.33 -69.6986 7623.23 -115.26
7575.21 -110.053 7636.4 -128.278
7589.56 -69.6986 7650.45 -103.544
7603.32 -98.3372 7664.79 -123.071
7617.37 -81.4144 7677.67 -99.639
7630.84 -52.7758 7691.43 -128.278
7645.18 -42.3617 7704.89 -113.958
7658.65 -68.3969 7719.53 -89.225
7672.7 -59.2846 7732.99 -119.165
7686.45 -61.8881 7746.75 -137.39
7701.09 -73.6039 7762.26 -90.5267
7714.26 -57.9828 7774.26 -110.053
7727.72 -71.0004 7788.3 -86.6215
7741.48 -87.9232 7802.35 -104.846
7755.53 -80.1127 7816.39 -85.3197
7768.99 -65.7934 7829.85 -123.071
7783.03 -56.6811 7844.19 -111.355
7797.08 -33.2495 7857.94 -113.958
7811.13 -42.3617 7871.69 -71.0004
7824.88 -90.5267 7886.32 -90.5267
7838.34 -64.4916 7899.2 -81.4144
7851.8 -100.941 7912.36 -90.5267
7866.14 -73.6039 7926.99 -91.8285
7879.89 -77.5092 7941.03 -78.8109
7893.05 -104.846 7954.19 -73.6039
7907.68 -86.6215 7968.53 -89.225
7921.72 -64.4916 7982.27 -84.0179
7934.3 -54.0776 7995.73 -102.243
7948.93 -98.3372 8010.94 -89.225
7962.68 -44.9653 8023.51 -104.846
7976.72 -59.2846 8038.14 -99.639
7989.88 -78.8109 8050.72 -80.1127
8005.09 -67.0951 8066.22 -74.9056
8017.67 -57.9828 8077.91 -94.432
8031.41 -68.3969 8092.24 -107.45
8046.33 -65.7934 8107.16 -98.3372
8060.07 -84.0179 8120.61 -87.9232
8073.53 -29.3442 8135.52 -82.7162
8087.86 -55.3793 8148.09 -115.26
8101.6 -35.853 8162.71 -85.3197
8115.34 -77.5092 8175.87 -74.9056
8128.8 -95.7337 8189.61 -82.7162
8142.25 -68.3969 8202.77 -110.053
8156.28 -78.8109 8217.1 -104.846
8170.32 -64.4916 8231.13 -98.3372
8184.06 -87.9232 8244.57 -110.053
8198.09 -102.243 8259.78 -93.1302
8210.95 -46.267 8272.05 -86.6215
8225.86 -54.0776 8286.67 -125.674
8239.02 -48.8705 8300.41 -123.071
8253.05 -68.3969 8315.02 -73.6039
8266.5 -108.751 8327.59 -77.5092
8280.82 -72.3021 8341.33 -99.639
8295.15 -69.6986 8355.36 -99.639
8308.3 -69.6986 8369.68 -107.45
8321.16 -51.474 8383.71 -100.941
8334.9 -76.2074 8397.44 -100.941
8349.51 -78.8109 8411.18 -86.6215
8362.96 -56.6811 8425.21 -103.544
8377.86 -84.0179 8437.77 -81.4144
8391.31 -54.0776 8453.26 -93.1302
8405.04 -69.6986 8465.53 -95.7337
8419.07 -77.5092 8480.14 -90.5267
8432.22 -61.8881 8493.58 -89.225
8445.37 -51.474 8507.32 -94.432
8459.1 -84.0179 8522.22 -81.4144
8473.72 -37.1547 8535.07 -77.5092
8488.03 -73.6039 8549.68 -87.9232
8502.06 -80.1127 8563.12 -106.148
8515.5 -65.7934 8577.14 -68.3969
8529.52 -77.5092 8590.58 -82.7162
8542.38 -67.0951 8604.31 -72.3021
8556.4 -30.646 8618.04 -54.0776
8570.72 -67.0951 8632.94 -74.9056
8583.57 -99.639 8646.38 -94.432
8598.76 -44.9653 8659.82 -95.7337
8613.08 -51.474 8673.55 -81.4144
8625.64 -64.4916 8687.86 -85.3197
8639.08 -50.1723 8700.42 -82.7162
8653.39 -56.6811 8715.02 -64.4916
8667.7 -61.8881 8729.04 -87.9232
8682.01 -72.3021 8743.06 -86.6215
8694.58 -47.5688 8756.2 -61.8881
8707.72 -86.6215 8771.1 -134.786
8722.61 -91.8285 8783.95 -107.45
8735.47 -54.0776 8798.55 -68.3969
8749.78 -51.474 8811.69 -78.8109
8764.96 -55.3793 8825.71 -95.7337
8777.81 -54.0776 8839.72 -121.769
8791.83 -78.8109 8854.03 -98.3372
8804.68 -51.474 8867.17 -63.1898
8818.99 -57.9828 8880.31 -103.544
8833.01 -59.2846 8895.2 -84.0179
8847.61 -76.2074 8909.51 -94.432
8860.16 -81.4144 8923.53 -95.7337
8874.18 -73.6039 8936.96 -103.544
8888.2 -41.06 8949.8 -93.1302
8901.92 -67.0951 8964.99 -117.864
8915.06 -46.267 8977.83 -103.544
8929.07 -85.3197 8991.55 -104.846
8943.38 -61.8881 9006.15 -95.7337
8958.27 -55.3793 9020.16 -142.597
8970.82 -64.4916 9033.01 -119.165
8984.55 -77.5092 9047.9 -87.9232
8999.43 -65.7934 9061.03 -99.639
9011.99 -67.0951 9074.46 -116.562
9026.88 -60.5863 9089.06 -64.4916
9040.6 -65.7934 9102.19 -112.657
9054.03 -61.8881 9116.79 -95.7337
9067.75 -80.1127 9130.8 -113.958
9081.47 -60.5863 9144.51 -98.3372
9095.77 -87.9232 9157.65 -111.355
9108.61 -72.3021 9171.66 -115.26
9122.92 -78.8109 9185.96 -111.355
9136.63 -89.225 9199.68 -104.846
9150.94 -97.0355 9212.81 -91.8285
9164.07 -65.7934 9227.7 -82.7162
9178.95 -77.5092 9241.12 -99.639
9191.8 -67.0951 9254.55 -93.1302
9206.39 -55.3793 9268.85 -117.864
9219.82 -76.2074 9283.14 -117.864
9233.53 -69.6986 9296.86 -84.0179
9246.67 -56.6811 9309.41 -104.846
9260.09 -77.5092 9324.88 -81.4144
9275.56 -86.6215 9337.72 -84.0179
9288.69 -86.6215 9351.43 -111.355
9302.41 -65.7934 9366.31 -87.9232
9316.41 -57.9828 9378.86 -106.148
9330.42 -52.7758 9392.87 -116.562
9344.14 -76.2074 9406.58 -99.639
9358.73 -41.06 9421.76 -103.544
9371.86 -33.2495 9435.47 -100.941
9385.57 -54.0776 9447.72 -97.0355
9398.41 -61.8881 9461.73 -108.751
9413 -57.9828 9476.32 -87.9232
9427.3 -74.9056 9488.86 -93.1302
9440.72 -81.4144 9504.04 -97.0355
9455.02 -41.06 9517.17 -120.467
9468.73 -41.06 9531.46 -93.1302
9482.15 -37.1547 9545.76 -97.0355
9496.16 -59.2846 9559.76 -120.467
9509.29 -33.2495 9572.89 -100.941
9524.46 -84.0179 9587.19 -87.9232
9537.01 -60.5863 9600.02 -99.639
9551.59 -52.7758 9614.9 -57.9828
9564.43 -42.3617 9629.2 -72.3021
9579.02 -48.8705 9642.91 -95.7337
9593.31 -60.5863 9656.03 -112.657
9607.02 -48.8705 9669.45 -116.562
9620.15 -55.3793 9683.75 -128.278
9633.86 -71.0004 9697.75 -77.5092
9647.28 -77.5092 9710.58 -97.0355
9661.58 -59.2846 9725.75 -86.6215
9675.87 -81.4144 9737.42 -110.053
9689.29 -57.9828 9752.59 -93.1302
9703 -47.5688 9767.18 -90.5267
9717.3 -60.5863 9780.01 -98.3372
9730.72 -51.474 9794.6 -81.4144
9744.13 -54.0776 9808.6 -99.639
9758.14 -77.5092 9822.31 -110.053
9772.43 -56.6811 9836.02 -89.225
9786.14 -74.9056 9850.31 -108.751
9799.85 -51.474 9864.31 -91.8285
9813.85 -46.267 9875.98 -89.225
9828.14 -42.3617 9892.02 -94.432
9840.1 -89.225 9905.44 -86.6215
9854.98 -69.6986 9918.56 -77.5092
9868.98 -47.5688 9932.27 -126.976
9882.1 -43.6635 9946.27 -123.071
9895.81 -80.1127 9960.27 -103.544
9910.69 -50.1723 9973.69 -116.562
9923.23 -38.4565 9987.98 -85.3197
9937.52 -46.267 10002 -73.6039
9952.11 -35.853 10015.4 -91.8285
9965.23 -54.0776 10030 -78.8109
9978.94 -56.6811 10042.8 -112.657
9992.36 -57.9828 10057.1 -119.165
10006.3 -64.4916 10071.7 -89.225
10019.8 -38.4565 10084.2 -90.5267
10034.9 -95.7337 10099.1 -125.674
10048.1 -73.6039 10113.4 -97.0355
10062.4 -74.9056 10125.9 -94.432
10076.1 -93.1302 10140.8 -67.0951
10089.5 -65.7934 10154.2 -80.1127
10104.1 -81.4144 10167.1 -112.657
10117.5 -81.4144 10182.5 -121.769
10130.9 -84.0179 10195.6 -89.225
10144.6 -67.0951 10209.3 -98.3372
10159.2 -63.1898 10223.9 -108.751
10172.6 -33.2495 10237 -87.9232
10186.3 -85.3197 10250.5 -87.9232
10200.3 -86.6215 10264.8 -86.6215
10213.4 -48.8705 10278.5 -77.5092
10228 -73.6039 10292.2 -102.243
10242 -67.0951 10306.5 -86.6215
10255.1 -48.8705 10319.6 -106.148
10269.4 -52.7758 10334.8 -81.4144
10283.1 -74.9056 10347.3 -91.8285
10296.5 -55.3793 10361.3 -87.9232
10310.5 -78.8109 10375.9 -93.1302
10323.7 -72.3021 10388.7 -116.562
10338.5 -78.8109 10402.7 -68.3969
10352.3 -64.4916 10417.6 -61.8881
10366 -39.7582 10430.7 -89.225
10379.4 -59.2846 10444.4 -111.355
10393.1 -85.3197 10459 -95.7337
10407.1 -57.9828 10471.8 -102.243
10420.8 -59.2846 10485.2 -108.751
10434.5 -52.7758 10501 -94.432
10448.8 -71.0004 10514.1 -74.9056
10462.5 -47.5688 10527.2 -85.3197
10476.2 -76.2074 10541.2 -64.4916
10490.2 -47.5688 10555.8 -99.639
10503.6 -69.6986 10568.6 -104.846
10518.2 -81.4144 10582.9 -119.165
10531 -71.0004 10596.9 -91.8285
10545.6 -44.9653 10610.1 -65.7934
10558.7 -60.5863 10624.9 -100.941
10572.5 -72.3021 10639.2 -91.8285
10586.7 -74.9056 10651.5 -61.8881
10599 -56.6811 10665.8 -57.9828
10614.4 -94.432 10679.8 -95.7337
10628.4 -57.9828 10694.1 -57.9828
10641.3 -37.1547 10706.9 -90.5267
10656.1 -89.225 10721.2 -116.562
10669.9 -74.9056 10735.2 -97.0355
10683 -57.9828 10749.5 -111.355
10697.3 -39.7582 10762.6 -119.165
10711.3 -63.1898 10776.9 -104.846
10725 -71.0004 10790.6 -80.1127
10738.7 -30.646 10804.3 -78.8109
10751.8 -48.8705 10817.4 -56.6811
10766.4 -57.9828 10831.4 -65.7934
10779.8 -59.2846 10846 -102.243
10794.1 -42.3617 10859.4 -103.544
10808.4 -65.7934 10874 -108.751
10820.7 -61.8881 10887.1 -90.5267
10834.4 -35.853 10901.5 -93.1302
10849.5 -76.2074 10915.7 -107.45
10862.6 -42.3617 10929.2 -98.3372
10876.1 -55.3793 10942.9 -86.6215
10889.8 -57.9828 10957.2 -81.4144
10904.7 -56.6811 10970.9 -106.148
10916.9 -44.9653 10984.6 -80.1127
10931.5 -48.8705 10998 -73.6039
10945.5 -65.7934 11012.9 -99.639
10958.9 -81.4144 11026.3 -116.562
10973.2 -39.7582 11039.4 -89.225
10986.3 -55.3793 11054 -104.846
11000.3 -50.1723 11067.1 -110.053
11014.9 -51.474 11081.1 -80.1127
11028 -56.6811 11094.6 -106.148
11042.6 -80.1127 11108.9 -98.3372
11055.5 -63.1898 11122.9 -77.5092
11069.8 -55.3793 11136 -78.8109
11083.2 -39.7582 11150.3 -54.0776
11097.8 -77.5092 11164 -78.8109
11110.9 -71.0004 11177.4 -94.432
11124.9 -64.4916 11191.7 -82.7162
11138 -74.9056 11206.3 -124.372
11152.3 -48.8705 11220 -71.0004
11166.9 -31.9477 11234 -76.2074
11180.6 -51.474 11247.4 -63.1898
11194.6 -33.2495 11260.9 -52.7758
11207.8 -57.9828 11274.6 -119.165
11221.8 -63.1898 11289.2 -93.1302
11235.5 -80.1127 11302.6 -108.751
11248.3 -60.5863 11315.7 -141.295
11263.2 -84.0179 11330.3 -110.053
11276.6 -71.0004 11344.6 -147.804
11290.3 -67.0951 11357.7 -111.355
11303.4 -7.21435 11371.4 -119.165
11318.6 -7.21435 11385.2 -97.0355
11331.8 -28.0424 11399.8 -90.5267
11345.8 -25.4389 11413.8 -120.467
11359.2 -59.2846 11426.3 -107.45
11373.8 -39.7582 11442.1 -110.053
11386.9 -29.3442 11454.3 -137.39
11401.2 -60.5863 11468.6 -119.165
11415.2 -50.1723 11482.6 -112.657
11428.1 -67.0951 11496.1 -110.053
11442.6 -35.853 11510 -128.278
11456.4 17.519 11524.4 -108.751
11470.1 -15.0249 11538.7 -123.071
11484.7 -17.6284 11551.8 -110.053
11497.8 -9.81786 11564.9 -90.5267
11511.5 -60.5863 11579.5 -107.45
11525.5 -12.4214 11593.5 -98.3372
11539.5 -39.7582 11607.5 -119.165
11553.3 0.596186 11621.3 -93.1302
11566.7 -39.7582 11635 -86.6215
11579.8 9.70847 11648.4 -90.5267
11594.4 11.0102 11662.1 -76.2074
11608.1 12.312 11675.8 -94.432
11621.5 1.89794 11690.1 -76.2074
11635.9 -15.0249 11703.9 -72.3021
11649 -13.7231 11718.2 -82.7162
11663.3 -0.70557 11732.2 -78.8109
11676.7 -26.7407 11744.7 -86.6215
11690.7 -52.7758 11758.7 -84.0179
11704.4 -22.8354 11773 -111.355
11717.9 -20.2319 11786.8 -102.243
11732.5 4.50145 11800.5 -93.1302
11745.9 14.9155 11814.2 -107.45
11759.9 -42.3617 11829.1 -104.846
11774.2 -5.91259 11842 -107.45
11787.4 -12.4214 11855.7 -89.225
11801.4 -51.474 11870.3 -77.5092
11814.5 -7.21435 11884 -121.769
11829.1 -16.3266 11897.7 -69.6986
11841.6 -28.0424 11911.7 -77.5092
11857.1 1.89794 11925.2 -77.5092
11870.6 -15.0249 11939.5 -68.3969
11884.3 -21.5337 11952.6 -91.8285
11898 -9.81786 11967.2 -89.225
11911.4 -30.646 11980.6 -67.0951
11925.7 -67.0951 11994.4 -57.9828
11939.5 16.2173 12008.7 -95.7337
11954.4 -24.1372 12022.1 -91.8285
11967.5 -3.30908 12036.4 -81.4144
11980.9 7.10496 12050.4 -56.6811
11993.8 -13.7231 12064.2 -73.6039
12008.4 8.40672 12077.3 -89.225
12022.1 31.8383 12091.6 -86.6215
12035.5 -3.30908 12105.6 -67.0951
12049.8 -41.06 12119.1 -69.6986
12063.6 30.5366 12133.1 -71.0004
12077 0.596186 12147.1 -51.474
12090.7 13.6137 12160.5 -46.267
12105.3 34.4418 12174.6 -30.646
12119.1 18.8208 12188.3 -64.4916
12132.5 42.2524 12202.9 -35.853
12146.8 39.6489 12216.9 -38.4565
12160 43.5541 12229.8 -72.3021
12174.3 52.6664 12243.8 -107.45
12188 63.0805 12257.2 -57.9828
12202 26.6313 12271.3 -59.2846
12215.2 25.3295 12284.7 -17.6284
12229.8 51.3647 12299.6 -17.6284
12243.2 39.6489 12312.2 -60.5863
12256.9 89.1156 12327.3 -16.3266
12271 81.305 12341.4 -35.853
12283.2 52.6664 12354.2 -38.4565
12298.1 70.891 12367.7 -31.9477
12311.9 66.9857 12382.6 -2.00733
12326.2 82.6068 12396 -39.7582
12339.6 89.1156 12409.8 -18.9302
12353.4 77.3998 12423.5 0.596186
12366.8 102.133 12437.5 52.6664
12381.4 116.452 12451 34.4418
12394.6 125.565 12465.3 11.0102
12408.9 132.074 12479.3 -24.1372
12421.4 146.393 12491.9 -3.30908
12436 125.565 12506.2 -37.1547
12450.4 104.737 12520.5 -44.9653
12463.8 126.866 12534.8 -48.8705
12477.8 81.305 12548 -21.5337
12491.3 154.203 12561.4 14.9155
12505.6 165.919 12575.7 21.4243
12519 172.428 12589.5 16.2173
12533.1 178.937 12603.5 16.2173
12546.5 214.084 12617.5 11.0102
12561.1 181.54 12630.7 -7.21435
12575.2 190.653 12644.4 -59.2846
12588.6 201.067 12659.3 -29.3442
12602 148.996 12673.1 -34.5512
12616.1 186.747 12686.5 -57.9828
12628.9 219.291 12700.3 8.40672
12643.5 232.309 12714.3 37.0453
12656.7 186.747 12728.3 37.0453
12670.7 251.835 12742.1 -13.7231
12684.2 204.972 12756.1 1.89794
12698.5 194.558 12769.6 -26.7407
12712.3 199.765 12783.9 -52.7758
12725.1 219.291 12797.6 -42.3617
12740.6 242.723 12811.4 -12.4214
12752.9 266.154 12825.7 -13.7231
12768.1 283.077 12838.9 95.6243
12781 320.828 12852.9 120.358
12795.3 303.905 12866.9 86.5121
12808.7 267.456 12880.7 52.6664
12822.5 271.361 12894.1 60.4769
12836.8 255.74 12909 5.80321
12849.7 242.723 12921.9 -33.2495
12864.3 313.018 12936.2 -29.3442
12877.1 303.905 12950.5 0.596186
12892.1 344.26 12963.1 65.684
12905.2 365.088 12977.2 129.47
12919 385.916 12991.2 154.203
12933.9 417.158 13005.2 151.6
12946.8 396.33 13019 91.7191
12960.2 329.94 13033 50.0629
12975.1 326.035 13046.8 63.0805
12988.3 322.13 13060.8 53.9682
13001.7 361.182 13074.9 61.7787
13015.5 378.105 13089.2 96.9261
13030.1 370.295 13101.8 109.944
13043 400.235 13115.2 158.109
13057 431.477 13130.4 172.428
13071.1 422.365 13143.9 163.316
13083.9 398.933 13157.1 163.316
13098.5 387.218 13171.1 152.902
13112 393.726 13185.4 120.358
13126.3 409.347 13199.5 139.884
13139.8 411.951 13213.2 163.316
13153.5 443.193 13226.7 168.523
13167.9 457.512 13240.1 175.031
13181.3 497.867 13254.2 245.326
13195.1 570.765 13269.1 240.119
13208.6 546.032 13282 204.972
13223.5 534.316 13296.6 223.196
13236.6 517.393 13309.8 232.309
13250.7 501.772 13322.4 220.593
13264.4 513.488 13337.9 216.688
13277.9 508.281 13351.6 238.817
13291.9 535.618 13364.5 253.137
13305.4 591.593 13379.1 290.888
13319.7 602.007 13393.2 324.733
13333.5 659.285 13407.5 357.277
13347.5 671 13421 362.484
13361 655.379 13435 333.846
13374.2 656.681 13448.8 350.768
13389.1 634.551 13462.6 376.804
13402.8 611.12 13476.6 378.105
13415.7 634.551 13490.9 436.684
13429.2 651.474 13504.4 430.176
13443.5 664.492 13517.9 432.779
13456.7 695.734 13531.9 437.986
13471.3 708.751 13545.7 409.347
13485.4 753.011 13559.4 372.898
13498.5 756.916 13573.2 382.011
13512.9 768.632 13587.5 419.762
13526.4 715.26 13601.6 441.891
13539.8 728.278 13615.9 530.411
13553.6 764.727 13628.2 492.66
13567.6 769.934 13643.1 552.541
13582.3 773.839 13656.6 534.316
13595.1 823.306 13670.7 561.653
13609.5 837.625 13684.7 516.091
13622.9 837.625 13697.6 547.334
13637.3 862.358 13711.7 546.032
13651 884.488 13727.2 539.523
13664.2 857.151 13739.8 652.776
13677.7 884.488 13754.7 669.699
13692 854.548 13768.1 713.958
13705.8 840.229 13781.6 719.165
13719 866.264 13796 715.26
13733.9 924.843 13810 737.39
13746.8 991.232 13823.5 685.32
13760.8 992.534 13838.1 711.355
13774 1073.24 13852.5 725.674
13787.5 1048.51 13866.5 805.081
13802.4 971.706 13880.6 837.625
13816.5 967.801 13893.8 901.411
13829.9 965.197 13898.2 946.973
13844 944.369 13885.3 950.878
13857.8 922.239 13871.2 931.352
