7013.28 -116.562 7027.94 -95.7337
7005.07 -103.544 7041.72 -117.864
7000.38 -74.9056 7056.38 -90.5267
7009.18 -100.941 7069.86 -125.674
7021.78 -111.355 7083.05 -129.579
7035.27 -113.958 7097.41 -116.562
7050.22 -107.45 7111.19 -94.432
7064.29 -76.2074 7124.97 -111.355
7076.9 -133.485 7139.03 -102.243
7091.85 -112.657 7152.81 -116.562
7104.74 -85.3197 7166.29 -145.2
7119.11 -124.372 7181.24 -133.485
7133.47 -71.0004 7194.13 -116.562
7146.36 -98.3372 7207.61 -129.579
7160.14 -134.786 7221.97 -130.881
7174.5 -95.7337 7235.45 -113.958
7188.27 -117.864 7248.64 -134.786
7202.05 -42.3617 7263.29 -119.165
7216.4 -107.45 7277.06 -154.313
7230.76 -91.8285 7290.83 -129.579
7243.36 -82.7162 7304.89 -129.579
7257.72 -100.941 7318.07 -97.0355
7271.78 -104.846 7332.14 -112.657
7285.55 -91.8285 7346.78 -107.45
7300.2 -63.1898 7359.96 -99.639
7313.09 -119.165 7373.15 -125.674
7327.16 -104.846 7388.67 -108.751
7340.63 -73.6039 7400.68 -150.407
7353.81 -111.355 7415.03 -164.727
7368.75 -98.3372 7429.09 -108.751
7381.05 -95.7337 7442.85 -113.958
7395.7 -124.372 7456.03 -117.864
7410.05 -68.3969 7470.97 -112.657
7423.82 -60.5863 7483.86 -108.751
7436.7 -68.3969 7498.5 -87.9232
7451.35 -98.3372 7512.55 -97.0355
7464.53 -112.657 7526.02 -142.597
7478.58 -136.088 7539.49 -119.165
7492.93 -117.864 7554.13 -95.7337
7506.7 -121.769 7567.89 -108.751
7520.75 -90.5267 7581.07 -126.976
7534.22 -60.5863 7595.41 -78.8109
7548.28 -100.941 7609.17 -115.26
7562.33 -55.3793 7622.05 -115.26
7575.8 -95.7337 7637.28 -120.467
7590.44 -113.958 7649.57 -108.751
7603.32 -84.0179 7664.5 -125.674
7616.49 -112.657 7677.09 -108.751
7631.13 -98.3372 7692.31 -156.916
7644.89 -104.846 7705.19 -132.183
7658.06 -93.1302 7719.82 -137.39
7672.7 -98.3372 7732.7 -133.485
7686.16 -108.751 7746.75 -107.45
7699.92 -67.0951 7761.09 -107.45
7714.85 -60.5863 7774.26 -115.26
7727.43 -99.639 7789.18 -120.467
7742.36 -95.7337 7802.06 -103.544
7755.53 -111.355 7815.81 -139.993
7769.57 -106.148 7830.44 -136.088
7783.62 -67.0951 7844.78 -111.355
7797.08 -139.993 7858.53 -123.071
7810.83 -71.0004 7871.99 -116.562
7824.59 -89.225 7885.74 -102.243
7838.34 -85.3197 7898.9 -116.562
7852.38 -87.9232 7912.95 -120.467
7865.55 -120.467 7925.53 -112.657
7879.89 -84.0179 7941.61 -111.355
7893.35 -80.1127 7953.9 -124.372
7907.97 -126.976 7968.23 -119.165
7921.14 -107.45 7982.86 -120.467
7934.89 -78.8109 7996.31 -132.183
7948.34 -104.846 8008.89 -120.467
7962.68 -84.0179 8023.51 -125.674
7975.84 -73.6039 8037.85 -126.976
7990.17 -90.5267 8051.01 -93.1302
8004.8 -106.148 8065.34 -113.958
8017.67 -142.597 8078.79 -116.562
8031.71 -74.9056 8092.53 -129.579
8045.74 -116.562 8106.86 -106.148
8060.37 -121.769 8120.31 -117.864
8073.53 -111.355 8134.35 -104.846
8088.44 -106.148 8147.8 -133.485
8102.48 -94.432 8162.42 -147.804
8114.17 -108.751 8176.16 -104.846
8128.21 -102.243 8189.32 -134.786
8142.83 -80.1127 8203.06 -111.355
8156.87 -69.6986 8217.1 -95.7337
8169.44 -95.7337 8230.84 -91.8285
8183.47 -89.225 8245.45 -123.071
8197.22 -82.7162 8259.48 -116.562
8211.83 -115.26 8272.64 -117.864
8224.7 -97.0355 8286.67 -137.39
8239.31 -86.6215 8300.12 -110.053
8252.47 -95.7337 8315.02 -136.088
8266.79 -93.1302 8327.59 -102.243
8280.24 -77.5092 8341.91 -106.148
8293.98 -98.3372 8355.94 -119.165
8308.89 -100.941 8369.68 -95.7337
8321.16 -98.3372 8383.42 -121.769
8335.78 -78.8109 8398.03 -137.39
8348.34 -102.243 8411.18 -130.881
8363.54 -86.6215 8424.62 -112.657
8376.99 -64.4916 8438.36 -133.485
8391.6 -102.243 8452.97 -134.786
8405.04 -115.26 8465.83 -139.993
8418.49 -102.243 8479.56 -145.2
8433.1 -81.4144 8493.88 -102.243
8445.95 -95.7337 8507.32 -111.355
8459.69 -56.6811 8521.93 -95.7337
8474.01 -93.1302 8535.37 -115.26
8487.74 -72.3021 8549.68 -117.864
8501.47 -99.639 8562.54 -119.165
8515.79 -90.5267 8577.73 -125.674
8529.81 -90.5267 8591.17 -112.657
8542.38 -77.5092 8604.02 -120.467
8556.4 -120.467 8618.04 -97.0355
8571.01 -142.597 8632.65 -136.088
8584.16 -108.751 8646.38 -111.355
8598.47 -82.7162 8659.82 -97.0355
8612.49 -110.053 8672.67 -124.372
8625.05 -87.9232 8687.86 -91.8285
8639.66 -97.0355 8700.42 -113.958
8653.39 -91.8285 8715.9 -120.467
8667.12 -129.579 8729.62 -112.657
8681.14 -123.071 8742.47 -108.751
8694.58 -107.45 8756.78 -136.088
8709.18 -104.846 8771.1 -108.751
8722.32 -76.2074 8783.95 -107.45
8736.05 -82.7162 8798.55 -164.727
8749.78 -124.372 8810.81 -123.071
8764.67 -85.3197 8826.87 -136.088
8778.1 -82.7162 8839.72 -104.846
8791.54 -103.544 8853.74 -116.562
8805.27 -110.053 8867.46 -115.26
8819.28 -97.0355 8881.77 -150.407
8831.84 -85.3197 8894.62 -110.053
8847.32 -112.657 8908.93 -107.45
8861.04 -99.639 8922.65 -120.467
8874.76 -93.1302 8936.37 -116.562
8887.9 -74.9056 8950.68 -119.165
8902.21 -81.4144 8964.99 -179.046
8916.23 -67.0951 8978.12 -132.183
8929.66 -72.3021 8992.72 -145.2
8943.67 -81.4144 9006.44 -138.692
8956.52 -87.9232 9019.87 -146.502
8971.99 -99.639 9033.3 -138.692
8985.42 -81.4144 9047.9 -130.881
8998.85 -90.5267 9061.03 -146.502
9012.57 -86.6215 9074.46 -121.769
9025.71 -63.1898 9089.35 -173.839
9040.01 -51.474 9102.48 -126.976
9054.32 -89.225 9116.2 -154.313
9067.16 -99.639 9130.21 -133.485
9081.76 -107.45 9143.64 -142.597
9095.48 -78.8109 9157.94 -143.899
9109.2 -107.45 9171.37 -115.26
9122.92 -125.674 9185.09 -154.313
9136.05 -115.26 9199.39 -149.106
9150.94 -86.6215 9213.1 -172.537
9164.36 -77.5092 9226.53 -123.071
9178.37 -91.8285 9241.71 -163.425
9192.09 -87.9232 9254.26 -151.709
9205.81 -106.148 9269.43 -121.769
9219.53 -80.1127 9283.14 -143.899
9233.24 -125.674 9296.57 -133.485
9248.42 -120.467 9309.41 -146.502
9261.55 -84.0179 9323.42 -132.183
9275.56 -87.9232 9337.13 -125.674
9289.57 -84.0179 9351.14 -138.692
9302.7 -76.2074 9364.56 -132.183
9316.12 -93.1302 9379.45 -133.485
9330.13 -98.3372 9393.74 -141.295
9344.14 -94.432 9406.88 -159.52
9357.85 -100.941 9420.88 -134.786
9371.86 -107.45 9434.89 -137.39
9385.87 -115.26 9448.31 -139.993
9398.7 -129.579 9462.61 -169.934
9413.29 -43.6635 9476.9 -119.165
9426.13 -104.846 9489.16 -147.804
9441.31 -80.1127 9503.75 -141.295
9455.02 -90.5267 9517.17 -149.106
9468.44 -78.8109 9532.34 -124.372
9481.86 -104.846 9544.88 -154.313
9497.33 -113.958 9559.47 -153.011
9509.58 -76.2074 9573.77 -126.976
9523.58 -97.0355 9586.6 -147.804
9538.17 -97.0355 9600.61 -143.899
9552.47 -128.278 9614.61 -160.822
9565.01 -102.243 9628.32 -146.502
9578.73 -99.639 9642.32 -126.976
9593.02 -108.751 9656.62 -119.165
9606.73 -116.562 9669.45 -150.407
9620.44 -99.639 9683.17 -141.295
9633.86 -84.0179 9698.04 -138.692
9647.58 -125.674 9712.34 -143.899
9661.29 -84.0179 9725.17 -146.502
9675.29 -85.3197 9739.46 -176.443
9689.29 -102.243 9752.59 -146.502
9702.42 -81.4144 9766.3 -142.597
9716.71 -55.3793 9780.59 -141.295
9731.01 -90.5267 9794.01 -143.899
9743.84 -91.8285 9808.02 -126.976
9757.84 -91.8285 9822.31 -142.597
9771.55 -80.1127 9835.73 -116.562
9786.72 -90.5267 9849.73 -129.579
9799.85 -117.864 9863.73 -130.881
9813.26 -95.7337 9876.56 -160.822
9827.56 -65.7934 9891.15 -120.467
9841.27 -103.544 9904.85 -126.976
9854.98 -103.544 9918.27 -134.786
9868.98 -106.148 9931.98 -121.769
9882.39 -123.071 9946.85 -124.372
9895.52 -90.5267 9961.73 -128.278
9910.4 -94.432 9973.98 -159.52
9923.81 -77.5092 9988.27 -128.278
9937.23 -68.3969 10002 -151.709
9952.11 -86.6215 10016 -136.088
9966.11 -89.225 10028.8 -149.106
9978.65 -100.941 10043.7 -153.011
9992.65 -93.1302 10056.2 -129.579
10006.9 -86.6215 10070.5 -133.485
10020.9 -117.864 10084.5 -136.088
10033.8 -73.6039 10098.2 -163.425
10048.3 -86.6215 10113.4 -155.615
10061.2 -76.2074 10126.8 -150.407
10075.5 -95.7337 10140.5 -166.029
10089.5 -80.1127 10153.9 -156.916
10103.2 -104.846 10167.1 -146.502
10117.5 -98.3372 10182.2 -176.443
10130.9 -112.657 10194.8 -147.804
10144.6 -108.751 10209.3 -132.183
10158.9 -100.941 10223.3 -134.786
10172.6 -100.941 10237.3 -153.011
10185.7 -95.7337 10250.2 -150.407
10200.3 -98.3372 10264.5 -113.958
10213.4 -61.8881 10278.8 -190.762
10227.7 -84.0179 10292.8 -159.52
10241.4 -112.657 10305.9 -155.615
10255.1 -99.639 10320.2 -168.632
10268.8 -99.639 10333.9 -166.029
10282.8 -89.225 10348.2 -171.236
10297.7 -126.976 10361.9 -143.899
10309.7 -106.148 10376.2 -155.615
10324.3 -76.2074 10389 -141.295
10338.3 -94.432 10402.7 -166.029
10352.3 -69.6986 10417.9 -153.011
10366 -102.243 10431.9 -142.597
10379.7 -85.3197 10444.7 -176.443
10394 -78.8109 10459 -167.33
10407.4 -119.165 10472.4 -130.881
10420.8 -94.432 10485.5 -143.899
10435.7 -103.544 10501.3 -149.106
10448.8 -107.45 10514.1 -171.236
10462.2 -104.846 10527.8 -172.537
10475.6 -112.657 10541 -156.916
10489.9 -76.2074 10555.5 -138.692
10503 -99.639 10567.8 -164.727
10518.2 -110.053 10582.1 -163.425
10531.6 -91.8285 10597.2 -158.218
10545 -93.1302 10611.5 -130.881
10559.6 -99.639 10624.1 -145.2
10573 -123.071 10638.6 -147.804
10586.4 -102.243 10651.2 -115.26
10600.4 -90.5267 10665.5 -125.674
10615 -98.3372 10680.1 -166.029
10628.4 -74.9056 10693.5 -155.615
10643 -91.8285 10707.8 -158.218
10655.6 -65.7934 10721.8 -137.39
10670.1 -81.4144 10734.9 -166.029
10683.6 -113.958 10749.5 -141.295
10696.4 -71.0004 10762.9 -139.993
10711 -107.45 10776.3 -160.822
10723.8 -89.225 10790.9 -95.7337
10738.7 -67.0951 10804.9 -155.615
10752.4 -117.864 10817.7 -155.615
10766.4 -80.1127 10831.7 -116.562
10780.1 -89.225 10846 -153.011
10793.2 -98.3372 10858.9 -159.52
10806.6 -121.769 10873.4 -119.165
10821.2 -85.3197 10887.7 -142.597
10834.6 -123.071 10900.9 -158.218
10850.1 -124.372 10915.5 -130.881
10862.1 -126.976 10929.4 -149.106
10876.1 -74.9056 10942.3 -162.123
10890.7 -121.769 10956.6 -125.674
10903.5 -117.864 10970 -141.295
10917.5 -81.4144 10985.2 -124.372
10930.3 -73.6039 10998.6 -132.183
10945.5 -64.4916 11012.3 -138.692
10959.5 -128.278 11025.4 -82.7162
10973.2 -106.148 11039.1 -141.295
10986.9 -82.7162 11053.7 -181.65
11000.6 -123.071 11067.4 -136.088
11013.2 -85.3197 11081.4 -107.45
11029.2 -91.8285 11094.8 -129.579
11042.3 -71.0004 11109.1 -124.372
11056.1 -71.0004 11122.9 -129.579
11069.8 -93.1302 11136.6 -121.769
11083.2 -74.9056 11149.7 -137.39
11097.8 -73.6039 11164.3 -177.744
11111.8 -100.941 11177.7 -133.485
11124.9 -82.7162 11191.4 -153.011
11138.9 -115.26 11206 -121.769
11152.3 -97.0355 11220.3 -151.709
11167.2 -74.9056 11232.8 -158.218
11181.2 -74.9056 11247.4 -130.881
11194.6 -89.225 11261.4 -171.236
11207.2 -80.1127 11274.3 -143.899
11221.2 -59.2846 11289.2 -145.2
11235.2 -87.9232 11302.3 -166.029
11248.9 -67.0951 11316.3 -159.52
11263.2 -94.432 11330 -162.123
11276.3 -104.846 11344 -153.011
11290 -82.7162 11357.7 -129.579
11304.6 -84.0179 11371.7 -155.615
11318.9 -43.6635 11385.5 -167.33
11332.6 -51.474 11400.6 -137.39
11346.3 -55.3793 11412.9 -149.106
11360.1 -31.9477 11426.9 -136.088
11372.9 -44.9653 11441.5 -160.822
11387.2 -68.3969 11454.6 -159.52
11400.9 -82.7162 11467.7 -156.916
11414.3 -82.7162 11482.9 -139.993
11428.6 -87.9232 11496.6 -145.2
11442.6 -73.6039 11509.8 -125.674
11456.4 -65.7934 11523.8 -167.33
11471 -54.0776 11538.4 -162.123
11483.5 -39.7582 11551.2 -167.33
11497.8 -47.5688 11565.5 -106.148
11511.8 -46.267 11579.5 -132.183
11524.9 -67.0951 11593.5 -104.846
11539.2 -54.0776 11607.2 -129.579
11552.7 -67.0951 11621.3 -130.881
11566.7 -37.1547 11635 -153.011
11580.4 -69.6986 11648.7 -151.709
11595 -46.267 11662.4 -163.425
11606.9 -64.4916 11676.7 -171.236
11621.5 -57.9828 11690.1 -176.443
11635.9 -59.2846 11703.9 -146.502
11649 -20.2319 11717.3 -163.425
11662.7 -73.6039 11731.3 -147.804
11676.7 -46.267 11745.6 -134.786
11691 -43.6635 11759 -139.993
11704.4 -41.06 11773.3 -143.899
11718.5 -52.7758 11786.8 -180.348
11733.1 -5.91259 11801.4 -107.45
11745.6 -51.474 11815.1 -159.52
11759.9 -24.1372 11827.9 -130.881
11773 -26.7407 11841.4 -154.313
11787.9 -26.7407 11856 -107.45
11801.4 -34.5512 11869.4 -123.071
11815.1 -54.0776 11884.3 -128.278
11829.4 -76.2074 11898 -160.822
11842.2 -61.8881 11912 -145.2
11856.8 -41.06 11924.9 -156.916
11870.6 -59.2846 11938.6 -129.579
11883.7 -60.5863 11953.2 -132.183
11897.4 -18.9302 11966.9 -115.26
11912 -48.8705 11980.4 -86.6215
11925.2 -52.7758 11994.9 -115.26
11939.5 -60.5863 12009 -94.432
11953.5 -42.3617 12022.1 -153.011
11967.2 -25.4389 12035.8 -128.278
11980.1 -55.3793 12050.1 -166.029
11994.7 -64.4916 12063.6 -125.674
12007.5 -69.6986 12077.9 -97.0355
12022.1 -38.4565 12091.3 -98.3372
12036.7 -57.9828 12105.1 -86.6215
12048.7 -31.9477 12118.2 -86.6215
12063.3 -11.1196 12133.1 -115.26
12077.6 -37.1547 12147.1 -132.183
12091.6 -17.6284 12161.1 -89.225
12105.1 -31.9477 12174.6 -117.864
12118.5 -3.30908 12188.9 -65.7934
12131.6 3.1997 12202.6 -124.372
12145.9 -2.00733 12216 -85.3197
12160 -2.00733 12229.8 -99.639
12173.7 1.89794 12243.8 -68.3969
12188.3 31.8383 12257.2 -91.8285
12201.1 16.2173 12271.3 -97.0355
12215.2 4.50145 12284.7 -100.941
12228.9 4.50145 12298.7 -100.941
12243.5 12.312 12312.2 -112.657
12257.5 65.684 12326.8 -86.6215
12270.7 39.6489 12341.4 -71.0004
12284.7 56.5717 12355.1 -25.4389
12299 48.7611 12368 -35.853
12312.2 61.7787 12382.3 -39.7582
12325.9 53.9682 12395.7 -43.6635
12340.2 66.9857 12409.4 -80.1127
12353.1 56.5717 12424.1 -121.769
12367.4 59.1752 12437.5 -95.7337
12381.7 57.8734 12451 -98.3372
12394 53.9682 12465.3 -60.5863
12408.6 66.9857 12479.3 -86.6215
12423.2 69.5892 12492.5 -33.2495
12435.8 47.4594 12506.5 -59.2846
12450.4 39.6489 12520.2 -60.5863
12464.7 65.684 12534.2 -100.941
12476.7 66.9857 12547.4 -115.26
12491 70.891 12562.3 -106.148
12505.3 80.0033 12574.9 -150.407
12519.3 82.6068 12589.8 -90.5267
12532.5 70.891 12603.2 -85.3197
12546.5 91.7191 12617.5 -102.243
12561.1 119.056 12631 -54.0776
12573.4 96.9261 12644.7 -57.9828
12588.6 162.014 12659.9 -74.9056
12601.8 145.091 12673.4 -81.4144
12615.8 151.6 12686.8 -91.8285
12629.2 133.375 12700 -90.5267
12643.3 132.074 12714.9 -104.846
12657 151.6 12728.6 -102.243
12670.7 171.126 12742.4 -52.7758
12685.1 212.782 12755.5 0.596186
12699.4 202.368 12771 -3.30908
12712 214.084 12783.6 -9.81786
12725.7 231.007 12797.9 -9.81786
12740.3 223.196 12811.6 -77.5092
12752.6 228.403 12824.5 -48.8705
12766.9 236.214 12839.1 -16.3266
12781.5 220.593 12852.6 -15.0249
12795.3 255.74 12866.3 -0.70557
12808.1 258.344 12881 39.6489
12822.5 332.544 12895 55.2699
12836.2 315.621 12908.4 56.5717
12851.1 345.561 12922.2 0.596186
12864 322.13 12935.9 -7.21435
12878 300 12949.4 22.726
12891.5 306.509 12962.5 -21.5337
12904.9 300 12978.3 22.726
12918.4 280.474 12991.8 57.8734
12933.6 313.018 13005.8 83.9085
12947 331.242 13019.6 133.375
12959.9 367.691 13033.3 103.435
12974.2 379.407 13046.8 116.452
12988.9 363.786 13060.5 104.737
13001.7 344.26 13074.6 64.3822
13015.8 349.467 13088.9 81.305
13030.7 355.975 13101.8 82.6068
13042.4 349.467 13116.7 98.2279
13057.6 352.07 13129.8 117.754
13070.5 376.804 13143.9 148.996
13085.1 461.418 13157.6 185.445
13099.1 469.228 13171.4 158.109
13112 453.607 13185.4 169.824
13125.5 454.909 13199.8 217.989
13139.8 457.512 13213.2 172.428
13154.1 419.762 13226.7 202.368
13167.9 444.495 13241.6 195.86
13181.6 434.081 13254.8 215.386
13194.2 487.453 13269.1 253.137
13209.4 488.755 13282.3 262.249
13222.9 542.127 13296.6 246.628
13237.2 547.334 13309.8 290.888
13250.1 602.007 13323.8 242.723
13264.7 559.049 13337.3 242.723
13277.9 526.505 13351.9 245.326
13291.9 559.049 13366 286.982
13305.7 530.411 13379.1 309.112
13319.4 579.878 13393.5 320.828
13333.2 607.214 13407.2 309.112
13346.7 656.681 13421.3 294.793
13360.7 668.397 13435 348.165
13374.8 706.148 13448.5 329.94
13388.8 694.432 13462.6 331.242
13402 651.474 13476.6 340.354
13415.4 686.621 13490.1 384.614
13430.1 687.923 13503.8 397.632
13442.6 665.793 13518.7 418.46
13457.6 706.148 13531.9 434.081
13471 762.123 13545.7 464.021
13484.8 782.951 13559.7 482.246
13498.8 802.478 13573.8 449.702
13512.6 805.081 13587.8 451.004
13526.9 848.039 13601.9 483.548
13539.8 798.572 13615.3 496.565
13553.6 806.383 13628.2 480.944
13567.6 790.762 13643.1 578.576
13581.7 792.064 13656.6 595.499
13595.1 858.453 13670.9 585.084
13609.5 877.98 13684.4 609.818
13622.6 920.937 13698.8 590.291
13636.7 922.239 13712.5 592.895
13650.2 894.902 13726 591.593
13665.1 922.239 13740 616.327
13677.7 862.358 13753.8 646.267
13691.7 885.79 13767.9 691.828
13706.7 898.808 13782.2 729.579
13719.3 911.825 13796.3 743.899
13733 1023.78 13810 793.365
13746.8 1039.4 13823.5 751.709
13761.4 1057.62 13838.7 739.993
13773.7 1070.64 13851.6 782.951
13788.4 1032.89 13867.1 799.874
13802.4 1012.06 13881.5 844.134
13815.3 974.309 13894.9 932.653
13830.2 1019.87 13899 950.878
13842.8 1005.55 13885.6 983.422
13859.2 982.12 13871.2 989.93
