7013.58 -155.615 7028.53 -90.5267
7004.49 -115.26 7042.6 -123.071
7000.09 -91.8285 7056.08 -106.148
7009.47 -112.657 7069.57 -123.071
7021.49 -129.579 7083.93 -139.993
7034.98 -99.639 7097.71 -147.804
7049.05 -103.544 7110.9 -120.467
7063.7 -108.751 7124.97 -99.639
7078.07 -100.941 7139.33 -145.2
7092.14 -91.8285 7151.93 -136.088
7105.33 -95.7337 7166.88 -133.485
7118.81 -136.088 7180.36 -116.562
7133.17 -123.071 7193.84 -141.295
7146.66 -129.579 7208.2 -117.864
7160.72 -81.4144 7221.38 -125.674
7174.79 -138.692 7235.74 -145.2
7189.15 -123.071 7249.51 -141.295
7201.46 -103.544 7262.7 -133.485
7216.11 -103.544 7277.35 -142.597
7230.18 -91.8285 7290.53 -151.709
7243.65 -145.2 7304.6 -119.165
7258.31 -120.467 7318.37 -160.822
7271.78 -149.106 7333.31 -146.502
7284.67 -119.165 7346.2 -134.786
7299.03 -120.467 7359.38 -153.011
7313.39 -103.544 7373.44 -128.278
7326.28 -136.088 7386.91 -126.976
7340.92 -111.355 7401.56 -113.958
7354.69 -124.372 7415.03 -123.071
7369.05 -103.544 7428.8 -130.881
7381.35 -113.958 7442.56 -136.088
7396.29 -133.485 7456.91 -90.5267
7410.64 -130.881 7470.09 -123.071
7424.11 -103.544 7484.15 -145.2
7437.88 -102.243 7497.91 -95.7337
7451.35 -133.485 7512.85 -123.071
7465.7 -91.8285 7525.44 -130.881
7478.88 -113.958 7539.2 -110.053
7492.35 -129.579 7553.25 -116.562
7507.57 -81.4144 7567.6 -108.751
7520.46 -138.692 7581.65 -107.45
7534.22 -117.864 7595.71 -137.39
7547.98 -121.769 7608.88 -132.183
7562.04 -130.881 7622.64 -124.372
7576.09 -100.941 7636.11 -93.1302
7589.85 -128.278 7650.74 -134.786
7603.03 -116.562 7664.5 -121.769
7617.08 -115.26 7677.09 -126.976
7631.42 -121.769 7692.01 -134.786
7645.18 -132.183 7704.89 -104.846
7658.35 -99.639 7718.65 -169.934
7672.7 -107.45 7732.99 -107.45
7685.57 -126.976 7747.63 -99.639
7700.5 -146.502 7761.09 -129.579
7713.67 -134.786 7775.13 -104.846
7727.72 -90.5267 7788.6 -120.467
7741.48 -106.148 7802.06 -120.467
7755.82 -111.355 7816.69 -139.993
7769.57 -151.709 7829.56 -149.106
7783.62 -138.692 7844.19 -168.632
7797.08 -128.278 7858.24 -143.899
7811.13 -106.148 7871.11 -158.218
7824.88 -117.864 7885.45 -146.502
7838.05 -117.864 7898.9 -115.26
7852.09 -119.165 7913.53 -106.148
7866.14 -107.45 7926.7 -153.011
7880.47 -78.8109 7941.03 -121.769
7893.35 -100.941 7953.9 -154.313
7907.39 -128.278 7967.65 -132.183
7921.72 -129.579 7982.86 -173.839
7935.18 -74.9056 7996.02 -175.141
7948.64 -113.958 8009.48 -136.088
7962.68 -116.562 8023.81 -142.597
7976.72 -104.846 8037.55 -137.39
7989.59 -119.165 8051.01 -151.709
8003.92 -98.3372 8065.05 -141.295
8018.84 -103.544 8077.91 -162.123
8032.58 -128.278 8091.95 -163.425
8046.03 -130.881 8106.86 -154.313
8058.9 -117.864 8120.61 -169.934
8073.82 -147.804 8134.35 -137.39
8088.44 -116.562 8148.09 -134.786
8101.02 -111.355 8162.13 -154.313
8115.05 -106.148 8175.87 -128.278
8127.92 -108.751 8190.2 -134.786
8142.25 -93.1302 8203.06 -136.088
8156.57 -125.674 8217.39 -169.934
8169.15 -116.562 8231.71 -149.106
8183.47 -97.0355 8245.16 -156.916
8197.8 -107.45 8259.48 -184.253
8210.95 -107.45 8272.93 -150.407
8225.57 -89.225 8286.67 -138.692
8239.31 -81.4144 8300.12 -129.579
8253.64 -120.467 8314.73 -117.864
8266.21 -121.769 8327.88 -129.579
8280.24 -134.786 8340.45 -138.692
8293.98 -97.0355 8355.65 -150.407
8308.01 -126.976 8369.97 -175.141
8322.33 -113.958 8383.12 -142.597
8335.48 -129.579 8396.86 -151.709
8349.51 -112.657 8410.01 -172.537
8363.25 -106.148 8425.21 -130.881
8377.57 -115.26 8438.94 -108.751
8390.72 -121.769 8452.09 -112.657
8404.17 -90.5267 8466.12 -111.355
8419.36 -139.993 8480.73 -146.502
8432.51 -90.5267 8493.29 -125.674
8446.25 -123.071 8507.32 -128.278
8460.27 -97.0355 8522.22 -123.071
8474.3 -110.053 8535.66 -162.123
8487.74 -102.243 8549.97 -169.934
8502.64 -110.053 8562.54 -98.3372
8514.91 -112.657 8577.44 -124.372
8529.23 -121.769 8590.29 -102.243
8542.67 -110.053 8604.31 -129.579
8556.98 -115.26 8618.04 -181.65
8570.72 -128.278 8632.36 -133.485
8585.03 -115.26 8646.38 -167.33
8598.76 -103.544 8659.82 -146.502
8611.62 -113.958 8672.67 -97.0355
8625.93 -128.278 8687.86 -136.088
8639.66 -124.372 8700.42 -138.692
8652.81 -149.106 8715.31 -84.0179
8667.41 -119.165 8728.46 -138.692
8681.43 -147.804 8744.52 -124.372
8694.58 -130.881 8756.49 -99.639
8707.72 -123.071 8771.1 -150.407
8722.91 -123.071 8784.24 -139.993
8735.76 -137.39 8798.55 -126.976
8750.65 -125.674 8812.27 -155.615
8763.8 -136.088 8826.58 -147.804
8777.23 -97.0355 8840.31 -113.958
8792.12 -93.1302 8853.16 -169.934
8805.56 -137.39 8866.88 -154.313
8820.16 -147.804 8882.36 -155.615
8833.3 -113.958 8895.5 -150.407
8846.44 -89.225 8908.93 -130.881
8860.45 -103.544 8923.53 -111.355
8873.89 -126.976 8937.25 -134.786
8888.49 -150.407 8949.8 -124.372
8902.5 -115.26 8965.28 -149.106
8914.77 -138.692 8977.83 -159.52
8929.37 -129.579 8991.85 -104.846
8943.67 -126.976 9005.27 -111.355
8957.39 -128.278 9020.45 -141.295
8971.12 -121.769 9034.17 -111.355
8985.13 -112.657 9047.9 -179.046
8998.56 -119.165 9061.61 -138.692
9011.99 -164.727 9075.04 -124.372
9026.29 -132.183 9089.06 -99.639
9041.18 -150.407 9102.19 -129.579
9054.61 -113.958 9116.2 -134.786
9067.45 -121.769 9129.92 -138.692
9081.17 -126.976 9145.1 -108.751
9095.77 -110.053 9158.23 -138.692
9108.61 -125.674 9172.24 -164.727
9123.79 -137.39 9185.09 -150.407
9136.34 -120.467 9200.26 -117.864
9150.35 -106.148 9212.52 -104.846
9164.65 -99.639 9227.11 -123.071
9178.95 -158.218 9241.12 -153.011
9191.51 -124.372 9255.42 -128.278
9206.1 -124.372 9268.55 -121.769
9220.11 -121.769 9282.85 -158.218
9232.66 -120.467 9296.57 -155.615
9247.25 -136.088 9309.41 -142.597
9261.84 -128.278 9324.88 -159.52
9275.27 -97.0355 9338.01 -129.579
9288.11 -125.674 9351.14 -110.053
9302.7 -139.993 9364.86 -138.692
9316.71 -132.183 9380.03 -121.769
9329.84 -145.2 9393.45 -147.804
9343.84 -108.751 9407.46 -107.45
9358.44 -116.562 9421.47 -159.52
9372.15 -85.3197 9434.59 -156.916
9385.87 -130.881 9448.31 -147.804
9399.58 -128.278 9462.61 -146.502
9413.88 -138.692 9476.61 -134.786
9426.72 -112.657 9489.45 -124.372
9440.43 -154.313 9503.75 -112.657
9454.14 -124.372 9517.46 -119.165
9468.15 -93.1302 9532.34 -121.769
9482.74 -115.26 9545.47 -128.278
9495.28 -125.674 9559.76 -123.071
9510.16 -124.372 9573.77 -129.579
9523 -87.9232 9586.31 -155.615
9537.01 -136.088 9600.32 -111.355
9551.01 -104.846 9614.32 -132.183
9565.01 -99.639 9628.61 -120.467
9579.02 -123.071 9642.32 -132.183
9592.44 -119.165 9656.62 -130.881
9605.86 -113.958 9670.04 -160.822
9620.15 -115.26 9682.87 -115.26
9633.86 -126.976 9698.33 -150.407
9647.28 -132.183 9711.17 -150.407
9661.87 -147.804 9724.88 -168.632
9675 -137.39 9738.88 -136.088
9689.29 -145.2 9752.3 -143.899
9703.59 -125.674 9766.6 -103.544
9717.3 -85.3197 9780.31 -106.148
9730.72 -137.39 9794.89 -107.45
9744.13 -89.225 9808.31 -147.804
9758.72 -100.941 9821.43 -137.39
9771.55 -112.657 9836.02 -137.39
9786.43 -154.313 9849.73 -147.804
9799.85 -107.45 9863.44 -137.39
9813.56 -116.562 9877.15 -156.916
9826.98 -138.692 9891.44 -139.993
9840.69 -124.372 9905.15 -124.372
9854.39 -123.071 9918.27 -139.993
9868.98 -162.123 9933.73 -129.579
9882.39 -132.183 9947.15 -113.958
9896.4 -87.9232 9960.27 -129.579
9910.98 -137.39 9973.98 -143.899
9922.94 -136.088 9987.69 -138.692
9937.81 -133.485 10002 -154.313
9951.81 -116.562 10015.4 -128.278
9965.81 -145.2 10030.6 -146.502
9978.94 -108.751 10043.1 -143.899
9993.23 -119.165 10057.4 -125.674
10006.6 -108.751 10070.5 -130.881
10020.6 -123.071 10086 -110.053
10034.1 -123.071 10099.1 -150.407
10047.8 -125.674 10112.8 -143.899
10061.8 -133.485 10126.5 -133.485
10076.6 -164.727 10140.8 -150.407
10089.2 -138.692 10154.2 -147.804
10104.6 -128.278 10167.9 -169.934
10117.2 -120.467 10182.8 -130.881
10130.6 -113.958 10195.9 -133.485
10144.9 -113.958 10208.8 -138.692
10158.9 -125.674 10223.6 -142.597
10172.6 -112.657 10237.3 -146.502
10186.3 -133.485 10251 -150.407
10200 -112.657 10265.1 -133.485
10213.7 -115.26 10278.8 -158.218
10227.4 -151.709 10293 -155.615
10242.3 -102.243 10306.8 -137.39
10255.4 -121.769 10320.2 -113.958
10267.7 -72.3021 10333.9 -117.864
10282.6 -103.544 10347.9 -116.562
10296.8 -106.148 10361.6 -126.976
10311.1 -156.916 10375.6 -137.39
10324 -111.355 10389.3 -130.881
10338.5 -138.692 10403 -155.615
10352 -143.899 10417 -95.7337
10365.4 -133.485 10430.7 -150.407
10379.7 -89.225 10444.4 -108.751
10394 -130.881 10458.1 -139.993
10406.8 -133.485 10472.4 -113.958
10420.8 -124.372 10485.5 -119.165
10434.5 -126.976 10500.4 -141.295
10448.5 -113.958 10513.2 -162.123
10462.8 -133.485 10526.6 -150.407
10477.1 -119.165 10541.5 -147.804
10489.6 -120.467 10556.1 -138.692
10503.9 -129.579 10568.4 -166.029
10517.3 -142.597 10583.5 -173.839
10531.9 -154.313 10596.9 -115.26
10544.4 -86.6215 10610.4 -169.934
10559 -98.3372 10624.4 -159.52
10573.6 -132.183 10638.4 -128.278
10586.1 -95.7337 10652.4 -128.278
10600.1 -132.183 10666.4 -126.976
10613.9 -107.45 10680.4 -151.709
10627.3 -126.976 10693.5 -145.2
10641 -113.958 10708.1 -176.443
10656.1 -107.45 10721.2 -147.804
10669.3 -117.864 10734.6 -159.52
10683.6 -124.372 10749.2 -115.26
10696.4 -125.674 10763.2 -128.278
10711 -133.485 10776.6 -167.33
10724.4 -95.7337 10791.2 -147.804
10737.8 -112.657 10805.5 -120.467
10752.7 -86.6215 10819.8 -151.709
10765.8 -130.881 10831.7 -124.372
10780.1 -132.183 10846 -130.881
10793.2 -98.3372 10858.9 -158.218
10808.1 -99.639 10873.4 -150.407
10820.9 -123.071 10887.1 -113.958
10835.5 -115.26 10901.2 -137.39
10848.6 -102.243 10915.5 -149.106
10863.2 -69.6986 10928.9 -137.39
10876.1 -133.485 10942.6 -162.123
10890.7 -141.295 10956.9 -173.839
10904.4 -111.355 10970.6 -143.899
10917.2 -113.958 10984.6 -156.916
10932.1 -113.958 10998.6 -125.674
10945.2 -113.958 11012 -153.011
10959.5 -108.751 11025.4 -163.425
10973.8 -113.958 11039.4 -133.485
10986.6 -89.225 11053.4 -180.348
11001.2 -120.467 11068.3 -159.52
11014 -111.355 11080 -153.011
11027.5 -146.502 11094.8 -134.786
11042 -116.562 11108.9 -197.271
11055.5 -124.372 11122.6 -192.064
11070.3 -102.243 11136.3 -211.59
11083.5 -119.165 11150.6 -186.857
11096.6 -156.916 11163.7 -189.46
11111.2 -116.562 11178.3 -156.916
11124.9 -120.467 11191.7 -227.211
11138.6 -128.278 11205.7 -175.141
11153.2 -136.088 11219.7 -212.892
11166 -102.243 11233.4 -198.572
11180.9 -120.467 11246.9 -205.081
11193.5 -136.088 11260.3 -194.667
11207.5 -112.657 11274.6 -176.443
11222 -106.148 11288.9 -202.478
11235.5 -124.372 11302.9 -222.004
11248.9 -124.372 11316.6 -176.443
11263.5 -116.562 11330 -218.099
11277.5 -126.976 11344.6 -229.815
11290.6 -93.1302 11358 -153.011
11304.6 -94.432 11371.4 -218.099
11318 -128.278 11385.2 -224.608
11331.8 -108.751 11400 -206.383
11346 -116.562 11413.2 -229.815
11360.4 -89.225 11427.5 -224.608
11372.6 -123.071 11439.7 -208.986
11386.9 -93.1302 11454.9 -220.702
11401.2 -77.5092 11469.2 -205.081
11414.6 -93.1302 11482.9 -190.762
11429.2 -78.8109 11495.8 -182.951
11442.6 -102.243 11510 -210.288
11456.6 -74.9056 11524.1 -138.692
11470.4 -71.0004 11537.5 -188.158
11484.7 -44.9653 11551.5 -202.478
11497.2 -54.0776 11565.8 -137.39
11511.5 -54.0776 11579.2 -177.744
11525.2 -46.267 11592.7 -185.555
11539.2 -51.474 11607.2 -207.685
11553.3 -74.9056 11621 -181.65
11567.3 -63.1898 11635 -223.306
11579.8 -64.4916 11648.4 -216.797
11593.8 -39.7582 11662.4 -203.779
11607.8 -7.21435 11676.7 -184.253
11621.3 -17.6284 11690.4 -177.744
11636.1 -12.4214 11703.9 -168.632
11649.6 -11.1196 11718.2 -167.33
11663.3 -38.4565 11732.8 -185.555
11677.3 -35.853 11745.3 -220.702
11690.4 -63.1898 11759 -214.194
11705 -50.1723 11773 -195.969
11718.2 -46.267 11787.4 -186.857
11733.1 -46.267 11800.2 -163.425
11745 -69.6986 11814.2 -181.65
11760.2 -42.3617 11828.8 -150.407
11774.2 -50.1723 11842 -172.537
11786.8 -76.2074 11856.3 -189.46
11801.1 -68.3969 11870 -181.65
11815.4 -18.9302 11884 -237.625
11829.4 -113.958 11897.7 -154.313
11842 -51.474 11912.6 -143.899
11856.8 -91.8285 11925.4 -147.804
11870.6 -71.0004 11938.6 -162.123
11884.6 -84.0179 11952.3 -87.9232
11897.1 -61.8881 11966.9 -186.857
11912 -48.8705 11979.8 -138.692
11926 -60.5863 11994.9 -123.071
11939.5 -59.2846 12009 -167.33
11953.8 -52.7758 12021.8 -168.632
11967.2 -55.3793 12036.4 -142.597
11980.6 -73.6039 12049.6 -166.029
11994.4 -64.4916 12063.9 -129.579
12009 -42.3617 12077.6 -98.3372
12021.5 -12.4214 12091.6 -116.562
12036.4 -34.5512 12105.6 -71.0004
12050.1 21.4243 12118.2 -94.432
12063.9 1.89794 12133.4 -120.467
12077.3 1.89794 12146.2 -110.053
12090.7 -13.7231 12160.8 -111.355
12104.8 -43.6635 12175.1 -176.443
12117.6 8.40672 12188 -108.751
12132.5 -46.267 12202 -72.3021
12146.8 -2.00733 12215.8 -98.3372
12159.7 9.70847 12230.1 -91.8285
12174.3 35.7436 12245 -98.3372
12187.7 34.4418 12257.2 -106.148
12201.7 69.5892 12270.7 -82.7162
12215.5 65.684 12285.3 -171.236
12229.5 27.9331 12299.6 -73.6039
12243.2 60.4769 12313 -141.295
12256.6 -29.3442 12326.8 -46.267
12270.4 47.4594 12340.5 -28.0424
12284.4 -3.30908 12354.5 -44.9653
12298.7 70.891 12367.7 44.8559
12311 50.0629 12382.6 -69.6986
12325.9 82.6068 12396.3 -21.5337
12340.2 69.5892 12410 -91.8285
12353.6 13.6137 12424.1 -33.2495
12366.8 112.547 12436.9 -76.2074
12382 -4.61084 12450.4 -50.1723
12394.6 57.8734 12465.3 -48.8705
12408.9 21.4243 12479.6 -41.06
12423.2 64.3822 12492.5 21.4243
12436.6 154.203 12507.6 -47.5688
12450.7 89.1156 12520.5 -38.4565
12463.5 113.849 12533.9 -37.1547
12477.8 111.245 12548.6 -35.853
12490.7 94.3226 12562 -89.225
12505.3 139.884 12575.7 -85.3197
12519.3 124.263 12589.2 -28.0424
12533.6 100.831 12603.2 -52.7758
12546.8 156.807 12617.2 -28.0424
12560.8 68.2875 12631.6 -134.786
12574 122.961 12646.5 -73.6039
12588 145.091 12658.5 -147.804
12601.8 99.5296 12673.1 -108.751
12615.5 220.593 12687.4 -104.846
12628.9 126.866 12701.7 -98.3372
12644.1 152.902 12714.3 -71.0004
12655.8 207.575 12728 -90.5267
12670.4 143.789 12741.8 -41.06
12684.8 199.765 12755.8 -67.0951
12698.2 194.558 12770.1 -77.5092
12712.5 159.41 12784.5 -104.846
12726 214.084 12797.9 -99.639
12740 264.853 12811.4 -76.2074
12753.5 228.403 12823.9 -61.8881
12767.2 255.74 12839.4 -5.91259
12781.5 302.604 12852.9 -9.81786
12796.2 182.842 12866.3 8.40672
12808.7 223.196 12881.3 -33.2495
12823.1 236.214 12895.6 26.6313
12836.5 186.747 12908.1 1.89794
12850 289.586 12921.6 -61.8881
12864.3 281.775 12935.4 -12.4214
12877.7 251.835 12949.7 -17.6284
12891.8 374.2 12963.7 17.519
12905.2 328.639 12977.8 51.3647
12919 259.646 12992.4 30.5366
12933.6 383.312 13005.8 68.2875
12946.8 339.053 13018.4 53.9682
12959.9 310.414 13033.9 18.8208
12974.5 395.028 13046.8 40.9506
12988.3 323.432 13060.8 9.70847
13002 335.147 13075.2 80.0033
13016.1 454.909 13087.7 90.4173
13029.5 417.158 13101.8 86.5121
13043 432.779 13116.7 148.996
13057.3 514.79 13130.1 130.772
13071.4 436.684 13144.2 178.937
13084.5 458.814 13157.6 126.866
13099.1 477.039 13171.4 146.393
13112.6 464.021 13186.3 78.7015
13126.3 452.305 13198.9 107.34
13140.1 575.972 13212.6 148.996
13153.8 470.53 13227 125.565
13167.9 504.376 13241 190.653
13181.3 588.99 13254.8 178.937
13194.8 487.453 13267.9 245.326
13209.7 544.73 13282.3 259.646
13223.2 557.748 13296.3 207.575
13236.4 540.825 13310.4 257.042
13250.4 566.86 13324.1 195.86
13263.9 625.439 13337.3 301.302
13277.6 613.723 13351.3 212.782
13291.1 603.309 13365.4 314.319
13305.7 602.007 13378.9 266.154
13318.9 539.523 13393.8 319.526
13332.9 608.516 13406.9 292.189
13347.2 624.137 13421 281.775
13361 605.913 13435 349.467
13375.3 695.734 13449.4 254.439
13388.8 661.888 13462.6 342.958
13402.3 712.657 13476.9 279.172
13415.7 704.846 13489.5 331.242
13430.4 711.355 13504.1 331.242
13444.1 726.976 13517.3 362.484
13456.7 736.088 13531.6 431.477
13471.3 732.183 13545.4 409.347
13485.7 729.579 13559.1 490.056
13499.1 775.141 13573.2 397.632
13512 763.425 13588.1 469.228
13526.4 776.443 13601.9 474.435
13540.1 799.874 13615.3 473.134
13553.9 828.513 13629.1 437.986
13567.6 805.081 13643.7 474.435
13581.7 823.306 13656.9 486.151
13595.1 760.821 13670.7 495.263
13608.6 799.874 13685 585.084
13623.5 840.229 13698.5 544.73
13636.1 810.288 13712.8 654.078
13651 854.548 13727.2 630.646
13664.2 946.973 13740 633.249
13677.4 924.843 13753.8 626.741
13691.4 907.92 13767.3 651.474
13705.8 933.955 13781.9 633.249
13720.1 898.808 13797.1 607.214
13733.3 835.022 13810 684.018
13746.2 901.411 13824.1 700.941
13761.4 883.187 13838.7 782.951
13773.4 919.636 13852.2 877.98
13788.1 997.741 13866.2 840.229
13802.1 992.534 13881.2 836.323
13816.5 1030.28 13894.1 870.169
13829.9 1127.92 13898.7 775.141
13844 1022.47 13885.6 810.288
13858 896.204 13870.1 953.481
