7013.87 -145.2 7028.23 -156.916
7005.37 -143.899 7042.31 -128.278
7001.55 -112.657 7056.67 -133.485
7009.18 -139.993 7069.28 -169.934
7022.08 -113.958 7083.34 -168.632
7035.86 -126.976 7098 -168.632
7049.93 -119.165 7110.6 -145.2
7063.41 -128.278 7124.67 -180.348
7076.9 -110.053 7138.74 -120.467
7091.85 -121.769 7153.1 -167.33
7105.04 -133.485 7166.29 -181.65
7119.11 -138.692 7180.07 -180.348
7133.76 -116.562 7194.13 -202.478
7146.95 -132.183 7207.91 -153.011
7160.14 -134.786 7221.38 -162.123
7174.5 -117.864 7235.74 -171.236
7188.86 -146.502 7250.39 -153.011
7202.63 -106.148 7263.29 -181.65
7216.11 -134.786 7277.06 -171.236
7230.47 -123.071 7290.53 -168.632
7243.95 -166.029 7304.01 -129.579
7257.72 -123.071 7318.66 -150.407
7271.49 -113.958 7332.14 -134.786
7284.67 -107.45 7346.78 -163.425
7299.32 -95.7337 7359.67 -124.372
7312.8 -107.45 7374.02 -150.407
7326.57 -103.544 7388.08 -146.502
7340.92 -110.053 7401.56 -180.348
7354.69 -133.485 7414.74 -172.537
7368.46 -126.976 7428.8 -173.839
7383.1 -125.674 7443.15 -166.029
7395.11 -113.958 7456.03 -184.253
7410.05 -119.165 7470.97 -180.348
7424.4 -100.941 7484.15 -162.123
7437.29 -130.881 7497.91 -163.425
7451.35 -99.639 7511.97 -129.579
7465.7 -147.804 7526.02 -151.709
7478.88 -120.467 7540.08 -106.148
7492.64 -117.864 7553.55 -168.632
7505.82 -116.562 7567.01 -151.709
7520.75 -142.597 7580.48 -182.951
7533.93 -115.26 7595.41 -139.993
7547.98 -100.941 7609.17 -176.443
7561.74 -112.657 7622.93 -168.632
7575.8 -103.544 7636.98 -155.615
7589.56 -129.579 7649.86 -180.348
7604.2 -139.993 7663.62 -158.218
7617.37 -126.976 7678.26 -142.597
7631.42 -97.0355 7691.43 -154.313
7645.47 -136.088 7705.77 -168.632
7658.35 -121.769 7720.41 -164.727
7672.7 -134.786 7733.28 -193.365
7686.16 -125.674 7746.75 -153.011
7700.8 -98.3372 7761.09 -160.822
7712.8 -112.657 7774.26 -158.218
7728.02 -115.26 7788.6 -149.106
7742.06 -119.165 7802.64 -162.123
7755.53 -137.39 7816.39 -159.52
7769.28 -124.372 7830.15 -156.916
7784.5 -138.692 7844.19 -150.407
7797.96 -150.407 7858.53 -176.443
7810.25 -137.39 7871.69 -171.236
7824.59 -129.579 7886.03 -141.295
7838.92 -130.881 7900.07 -155.615
7853.26 -143.899 7912.65 -128.278
7865.84 -124.372 7926.4 -150.407
7879.89 -136.088 7941.32 -155.615
7893.93 -126.976 7953.61 -136.088
7907.39 -147.804 7968.53 -125.674
7921.72 -115.26 7981.98 -190.762
7935.47 -159.52 7995.44 -137.39
7949.51 -120.467 8010.06 -151.709
7963.26 -110.053 8023.81 -176.443
7976.13 -104.846 8037.85 -128.278
7990.76 -123.071 8051.01 -143.899
8004.8 -137.39 8065.34 -150.407
8018.54 -110.053 8078.21 -128.278
8031.41 -128.278 8091.95 -138.692
8046.03 -102.243 8106.86 -176.443
8058.9 -129.579 8120.9 -159.52
8072.94 -115.26 8135.52 -168.632
8087.56 -125.674 8148.09 -180.348
8101.02 -130.881 8161.54 -160.822
8115.34 -113.958 8176.46 -179.046
8127.92 -113.958 8189.9 -159.52
8143.12 -124.372 8202.77 -113.958
8156.87 -125.674 8217.97 -143.899
8170.02 -138.692 8231.13 -153.011
8184.35 -99.639 8244.87 -159.52
8198.09 -123.071 8259.19 -160.822
8211.54 -132.183 8272.64 -158.218
8224.7 -108.751 8286.38 -169.934
8239.31 -86.6215 8300.7 -154.313
8252.47 -111.355 8315.02 -166.029
8266.21 -124.372 8327.88 -164.727
8280.82 -128.278 8342.79 -181.65
8294.56 -146.502 8355.65 -182.951
8308.89 -134.786 8370.26 -158.218
8322.33 -155.615 8382.83 -163.425
8336.07 -94.432 8398.03 -141.295
8350.39 -77.5092 8410.6 -117.864
8364.13 -107.45 8424.62 -177.744
8376.99 -91.8285 8439.52 -120.467
8391.89 -94.432 8452.97 -146.502
8405.04 -116.562 8466.12 -139.993
8419.07 -138.692 8479.85 -156.916
8432.51 -107.45 8493 -125.674
8445.66 -117.864 8507.02 -145.2
8459.98 -134.786 8521.64 -168.632
8474.59 -134.786 8535.66 -136.088
8488.03 -111.355 8550.56 -201.176
8502.35 -147.804 8563.12 -149.106
8515.5 -95.7337 8577.14 -160.822
8528.94 -129.579 8590.87 -160.822
8542.67 -108.751 8604.9 -171.236
8556.69 -132.183 8618.63 -173.839
8570.72 -123.071 8633.53 -169.934
8584.74 -97.0355 8646.38 -132.183
8599.06 -136.088 8660.4 -137.39
8612.78 -124.372 8673.55 -158.218
8625.93 -136.088 8687.56 -163.425
8639.66 -93.1302 8701.29 -167.33
8654.56 -112.657 8714.73 -162.123
8668.29 -102.243 8729.62 -182.951
8682.01 -134.786 8743.35 -173.839
8694.28 -139.993 8755.91 -147.804
8708.6 -124.372 8770.8 -159.52
8722.32 -139.993 8784.24 -149.106
8736.34 -120.467 8797.67 -169.934
8750.36 -107.45 8811.98 -175.141
8763.5 -130.881 8826 -153.011
8777.23 -108.751 8839.43 -169.934
8791.83 -104.846 8854.62 -172.537
8805.85 -130.881 8867.46 -154.313
8819.87 -110.053 8881.19 -171.236
8832.72 -111.355 8894.62 -162.123
8847.32 -128.278 8908.93 -141.295
8860.75 -106.148 8922.36 -167.33
8874.47 -119.165 8936.96 -169.934
8888.49 -110.053 8951.26 -158.218
8901.92 -136.088 8964.69 -162.123
8915.64 -98.3372 8977.25 -138.692
8929.66 -120.467 8992.43 -160.822
8942.5 -132.183 9005.27 -164.727
8957.39 -139.993 9019.87 -160.822
8970.53 -138.692 9033.01 -146.502
8984.84 -121.769 9048.19 -169.934
8999.73 -149.106 9061.61 -137.39
9012.57 -124.372 9075.34 -156.916
9026.58 -94.432 9087.6 -175.141
9040.89 -134.786 9102.48 -164.727
9053.73 -108.751 9116.5 -145.2
9067.16 -126.976 9130.5 -168.632
9081.76 -123.071 9144.22 -185.555
9095.77 -141.295 9158.23 -150.407
9108.61 -136.088 9171.95 -149.106
9122.92 -138.692 9184.5 -171.236
9136.93 -143.899 9200.26 -175.141
9150.35 -124.372 9213.1 -130.881
9164.65 -124.372 9227.11 -141.295
9178.37 -111.355 9241.12 -149.106
9192.09 -112.657 9255.42 -147.804
9205.51 -85.3197 9267.97 -171.236
9219.82 -80.1127 9281.98 -167.33
9232.95 -138.692 9296.28 -162.123
9246.67 -134.786 9309.41 -190.762
9261.26 -151.709 9323.71 -163.425
9275.27 -162.123 9337.43 -198.572
9287.52 -136.088 9351.43 -175.141
9302.99 -126.976 9365.73 -139.993
9316.12 -108.751 9379.45 -182.951
9329.55 -106.148 9392.28 -124.372
9344.14 -111.355 9407.46 -177.744
9357.56 -138.692 9420.59 -205.081
9371.86 -108.751 9434.59 -186.857
9385.57 -130.881 9448.6 -159.52
9399 -123.071 9462.31 -194.667
9413.29 -124.372 9476.61 -181.65
9426.13 -123.071 9490.03 -195.969
9440.43 -134.786 9504.04 -184.253
9453.85 -121.769 9517.46 -179.046
9468.73 -137.39 9532.05 -182.951
9481.86 -120.467 9545.47 -181.65
9496.16 -111.355 9558.89 -175.141
9509.58 -136.088 9573.47 -177.744
9523 -125.674 9586.31 -167.33
9537.59 -100.941 9600.9 -159.52
9550.72 -120.467 9614.32 -163.425
9565.01 -137.39 9628.32 -182.951
9579.02 -153.011 9642.62 -189.46
9593.02 -141.295 9655.16 -168.632
9605.86 -106.148 9670.62 -156.916
9619.86 -121.769 9683.17 -168.632
9633.86 -94.432 9697.75 -208.986
9647.58 -134.786 9711.17 -194.667
9661.58 -124.372 9725.75 -167.33
9675.58 -134.786 9738.88 -185.555
9689.58 -110.053 9752.01 -193.365
9702.71 -136.088 9767.18 -177.744
9717 -129.579 9780.89 -158.218
9731.3 -112.657 9794.89 -181.65
9744.13 -103.544 9808.02 -169.934
9758.72 -117.864 9821.72 -151.709
9772.72 -123.071 9835.73 -179.046
9785.85 -117.864 9848.85 -218.099
9799.56 -86.6215 9863.73 -190.762
9812.68 -172.537 9876.85 -206.383
9827.85 -116.562 9891.15 -179.046
9840.98 -107.45 9904.85 -153.011
9854.68 -125.674 9918.86 -150.407
9867.81 -134.786 9931.69 -177.744
9882.39 -91.8285 9947.44 -145.2
9895.81 -124.372 9959.98 -168.632
9910.69 -123.071 9974.86 -176.443
9924.4 -117.864 9987.98 -193.365
9937.81 -129.579 10001.7 -189.46
9952.4 -132.183 10016 -143.899
9965.23 -134.786 10029.7 -171.236
9978.94 -116.562 10043.7 -184.253
9993.23 -121.769 10057.4 -141.295
10006.3 -123.071 10070.5 -163.425
10021.2 -120.467 10084.5 -173.839
10034.6 -115.26 10098.5 -167.33
10047.8 -111.355 10112.2 -123.071
10062.4 -120.467 10126.2 -153.011
10076.9 -102.243 10139.9 -154.313
10089.2 -128.278 10153.9 -151.709
10103.5 -121.769 10167.9 -158.218
10116.9 -125.674 10181.6 -163.425
10130.6 -102.243 10195.9 -146.502
10144.3 -117.864 10209 -150.407
10159.2 -141.295 10223.6 -147.804
10172.9 -125.674 10237 -171.236
10186.6 -158.218 10251.3 -169.934
10200.6 -124.372 10264.8 -121.769
10213.4 -128.278 10278.5 -168.632
10227.4 -111.355 10292.2 -195.969
10241.4 -136.088 10306.5 -147.804
10255.1 -123.071 10320.5 -158.218
10269.1 -153.011 10334.2 -173.839
10283.1 -132.183 10348.8 -166.029
10296 -126.976 10361.9 -164.727
10310.3 -120.467 10375.6 -155.615
10323.7 -85.3197 10389 -155.615
10338 -99.639 10403.3 -171.236
10352.3 -129.579 10417.3 -246.737
10365.4 -136.088 10430.7 -199.874
10379.1 -98.3372 10443.5 -267.565
10393.7 -137.39 10459 -246.737
10406.8 -164.727 10472.4 -223.306
10422 -124.372 10485.8 -224.608
10433.9 -126.976 10500.7 -205.081
10447.6 -146.502 10515.3 -193.365
10462.2 -97.0355 10527.2 -215.495
10475.6 -106.148 10541.5 -210.288
10489.9 -119.165 10556.1 -238.927
10503.9 -111.355 10568.1 -202.478
10517 -125.674 10582.6 -190.762
10531 -117.864 10597.2 -216.797
10546.2 -117.864 10610.1 -216.797
10558.7 -107.45 10625.2 -197.271
10573.6 -136.088 10637.8 -228.513
10586.4 -162.123 10652.1 -215.495
10599.6 -129.579 10666.4 -189.46
10614.4 -142.597 10680.4 -210.288
10627.9 -119.165 10693.8 -219.401
10642.4 -123.071 10707.5 -190.762
10656.1 -136.088 10720.9 -220.702
10669.9 -132.183 10735.5 -190.762
10682.7 -113.958 10749.2 -219.401
10697.3 -147.804 10762.6 -223.306
10710.1 -153.011 10776.3 -181.65
10724.1 -132.183 10790.9 -163.425
10739 -107.45 10804 -189.46
10753 -120.467 10818.6 -153.011
10767 -120.467 10832.3 -184.253
10779.5 -111.355 10845.7 -177.744
10792.6 -82.7162 10859.7 -171.236
10807.8 -117.864 10874 -199.874
10821.5 -163.425 10887.7 -195.969
10834.9 -116.562 10901.7 -176.443
10848.9 -138.692 10915.5 -205.081
10863.2 -97.0355 10928.9 -153.011
10876.4 -113.958 10942 -195.969
10889.5 -124.372 10956.9 -193.365
10904.4 -124.372 10970.6 -195.969
10917.2 -113.958 10984.3 -186.857
10932.7 -164.727 10998.3 -177.744
10945.8 -106.148 11011.7 -167.33
10958.9 -104.846 11026.3 -189.46
10973.2 -139.993 11039.4 -172.537
10987.2 -119.165 11054 -197.271
11001.5 -126.976 11067.7 -179.046
11014.3 -125.674 11081.7 -201.176
11027.8 -145.2 11094 -160.822
11042.3 -106.148 11109.4 -199.874
11055.8 -107.45 11123.4 -199.874
11070.6 -100.941 11136 -175.141
11083.2 -133.485 11150 -182.951
11096.9 -133.485 11164.3 -166.029
11111.2 -124.372 11178 -154.313
11124.9 -129.579 11191.1 -176.443
11138.9 -138.692 11205.7 -223.306
11152.6 -120.467 11219.7 -184.253
11167.2 -134.786 11233.4 -203.779
11180.3 -128.278 11247.4 -182.951
11194.3 -111.355 11261.7 -214.194
11207.8 -112.657 11274.6 -167.33
11222.3 -107.45 11288.6 -175.141
11235.8 -98.3372 11302.3 -169.934
11249.2 -110.053 11315.7 -181.65
11262.9 -106.148 11330.3 -168.632
11276.9 -103.544 11344.6 -222.004
11290.6 -108.751 11358.3 -194.667
11304.9 -108.751 11371.1 -163.425
11318.3 -80.1127 11386 -185.555
11332.1 -82.7162 11400.3 -188.158
11345.8 -86.6215 11413.5 -163.425
11359.8 -55.3793 11426.9 -155.615
11373.5 -65.7934 11441.5 -153.011
11387.2 -61.8881 11454 -182.951
11401.2 -99.639 11468.3 -179.046
11415.2 -93.1302 11482.6 -172.537
11428.6 -63.1898 11496.1 -185.555
11442.6 -104.846 11510 -177.744
11456.4 -42.3617 11523.8 -197.271
11470.4 -64.4916 11538.4 -134.786
11483.2 -48.8705 11551.8 -137.39
11497.8 -54.0776 11565.5 -128.278
11512.1 -15.0249 11579.8 -130.881
11524.4 -28.0424 11593.5 -189.46
11538.7 3.1997 11606.4 -188.158
11553.3 -16.3266 11621 -194.667
11567.3 -22.8354 11635.3 -188.158
11581 -56.6811 11648.1 -188.158
11594.4 -67.0951 11662.7 -163.425
11607.2 -44.9653 11675.8 -149.106
11621.5 -25.4389 11689.9 -126.976
11636.7 -5.91259 11703.9 -115.26
11649 -9.81786 11718.5 -151.709
11663.6 7.10496 11731.3 -133.485
11677.3 25.3295 11744.4 -176.443
11690.7 -30.646 11759 -181.65
11704.4 -34.5512 11773 -235.022
11717.9 -24.1372 11786.5 -199.874
11733.1 -54.0776 11800.5 -160.822
11746.2 -46.267 11815.7 -120.467
11759 -18.9302 11828.2 -119.165
11773.9 3.1997 11842.2 -111.355
11787.1 -8.5161 11856.3 -150.407
11801.9 -5.91259 11870.6 -132.183
11814.8 8.40672 11883.4 -150.407
11829.4 -20.2319 11897.4 -184.253
11843.1 -59.2846 11911.4 -194.667
11856.8 -38.4565 11924.6 -206.383
11870.3 -65.7934 11938.6 -125.674
11883.4 -35.853 11952.9 -113.958
11898.3 9.70847 11966.3 -111.355
11912 5.80321 11980.1 -77.5092
11925.2 1.89794 11994.7 -95.7337
11939.5 16.2173 12008.4 -121.769
11952.9 17.519 12022.7 -123.071
11967.5 5.80321 12036.4 -125.674
11980.4 -2.00733 12050.1 -112.657
11994.4 34.4418 12063.9 -119.165
12009 22.726 12077.6 -95.7337
12021.5 22.726 12091.9 -74.9056
12035.8 26.6313 12106.5 -68.3969
12050.4 18.8208 12119.4 -54.0776
12063.9 33.1401 12132.2 -128.278
12077.6 33.1401 12146.5 -116.562
12090.4 38.3471 12160.5 -133.485
12105.3 43.5541 12174.6 -95.7337
12118.5 13.6137 12188.6 -84.0179
12132.5 47.4594 12201.7 -30.646
12146.8 44.8559 12215.5 -63.1898
12159.4 25.3295 12229.8 -42.3617
12174 44.8559 12242.9 -65.7934
12187.1 64.3822 12257.5 -63.1898
12201.1 63.0805 12271.5 -86.6215
12214.9 78.7015 12285.6 -86.6215
12229.2 60.4769 12299.3 -125.674
12243.5 68.2875 12312.7 -86.6215
12256.4 89.1156 12326.2 -147.804
12270.4 64.3822 12340.5 -100.941
12284.1 65.684 12353.6 -116.562
12297.5 94.3226 12368.6 -81.4144
12311.3 99.5296 12382.3 -87.9232
12325.9 119.056 12395.4 -108.751
12339.9 119.056 12409.2 -99.639
12353.1 93.0208 12422.9 -130.881
12366.5 108.642 12436.9 -133.485
12381.7 91.7191 12451.2 -87.9232
12394 139.884 12465.6 -57.9828
12409.2 121.659 12479 -42.3617
12422.3 96.9261 12492.7 -46.267
12436.3 128.168 12507.1 -80.1127
12450.1 135.979 12521.4 -99.639
12464.4 128.168 12533.9 -110.053
12477.5 176.333 12547.7 -121.769
12491.3 165.919 12561.7 -142.597
12505.3 212.782 12575.7 -111.355
12519.3 214.084 12589.8 -81.4144
12533.4 195.86 12603.8 -47.5688
12547.1 186.747 12617.8 -20.2319
12560.5 210.179 12631.6 -30.646
12574 147.695 12644.4 -17.6284
12588.6 232.309 12659.3 -56.6811
12601.8 224.498 12673.1 -42.3617
12615.5 211.481 12686.5 -69.6986
12628.9 191.954 12701.4 -34.5512
12643.8 216.688 12714.9 -20.2319
12657.3 220.593 12728 -12.4214
12670.1 212.782 12743 12.312
12684.8 212.782 12756.4 14.9155
12697.9 197.161 12770.1 12.312
12712.8 214.084 12783.9 -13.7231
12725.1 246.628 12797.6 -67.0951
12740 254.439 12810.5 -71.0004
12754.4 288.284 12824.8 -67.0951
12767.8 311.716 12838.9 -38.4565
12781.5 280.474 12853.2 -17.6284
12795 259.646 12866.9 39.6489
12808.1 259.646 12880.7 12.312
12823.1 240.119 12894.7 65.684
12837.4 241.421 12907.9 53.9682
12850.8 275.267 12922.5 -16.3266
12864 331.242 12935.1 -2.00733
12877.1 320.828 12950.9 -20.2319
12891.2 378.105 12964 -13.7231
12905.5 383.312 12978 18.8208
12919.9 393.726 12991.8 26.6313
12933.6 366.39 13004.4 77.3998
12946.8 371.597 13018.7 74.7963
12959.9 352.07 13033 77.3998
12973.7 368.993 13047.4 77.3998
12988.6 391.123 13061.4 68.2875
13001.7 457.512 13074.6 47.4594
13015.8 467.926 13088.3 44.8559
13029.8 470.53 13102.1 43.5541
13043.3 465.323 13115.8 53.9682
13056.1 451.004 13130.7 47.4594
13070.8 470.53 13143.9 112.547
13085.1 421.063 13157.6 126.866
13098.5 449.702 13172 143.789
13111.1 458.814 13185.4 138.582
13126.3 529.109 13199.5 125.565
13139.2 565.558 13212.9 125.565
13153.8 595.499 13227.3 141.186
13168.8 630.646 13240.1 126.866
13181.3 609.818 13254.5 124.263
13195.4 577.274 13267.9 173.73
13209.1 582.481 13282.3 217.989
13222.6 531.712 13295.7 241.421
13236.6 487.453 13309.8 250.533
13250.1 559.049 13324.7 246.628
13263.9 609.818 13337.6 206.274
13278.2 652.776 13351.9 194.558
13291.7 721.769 13366 178.937
13305.1 715.26 13378.9 202.368
13319.1 699.639 13393.5 262.249
13332.6 686.621 13406.9 294.793
13347.8 633.249 13421.3 316.923
13361 616.327 13434.2 397.632
13374.8 624.137 13448.8 388.519
13388.2 695.734 13462.8 406.744
13402.3 712.657 13476.3 367.691
13415.1 755.614 13490.1 345.561
13429.8 810.288 13504.7 362.484
13443.8 792.064 13517.9 368.993
13457.3 786.857 13531.3 385.916
13471.6 756.916 13545.7 445.797
13484.8 702.243 13558.8 483.548
13498.3 734.786 13573.8 525.204
13512.3 713.958 13587.5 536.92
13526.4 797.271 13601.3 506.979
13540.1 844.134 13615.6 560.351
13554.4 913.127 13628.8 493.962
13567.3 915.73 13642.8 540.825
13581.7 933.955 13656.6 523.902
13595.4 924.843 13670.9 556.446
13610.4 890.997 13684.1 618.93
13623.2 874.074 13698.2 634.551
13636.7 842.832 13711.7 644.965
13650.2 874.074 13726.6 650.172
13664.2 936.559 13740 668.397
13678 999.043 13753.8 639.758
13691.7 1028.98 13768.4 657.983
13706.1 1065.43 13782.8 691.828
13719.6 1032.89 13796.5 708.751
13733.6 984.724 13809.7 742.597
13746.8 1002.95 13823.8 784.253
13761.7 984.724 13837.6 832.418
13774.6 1021.17 13852.2 861.057
13788.9 1066.73 13866.5 853.246
13802.4 1112.3 13881.8 859.755
13816.2 1110.99 13894.3 875.376
13829.9 1121.41 13899.3 881.885
13843.7 1130.52 13885 883.187
13857.8 1012.06 13870.9 931.352
