7012.99 -133.485 7028.53 -130.881
7004.78 -154.313 7041.72 -173.839
6999.8 -151.709 7055.5 -111.355
7009.18 -151.709 7069.28 -139.993
7021.78 -147.804 7082.76 -159.52
7035.86 -154.313 7097.12 -151.709
7049.93 -115.26 7111.78 -154.313
7064 -137.39 7124.67 -128.278
7077.19 -126.976 7139.03 -137.39
7090.97 -129.579 7152.81 -154.313
7104.45 -130.881 7166.29 -146.502
7119.11 -112.657 7180.36 -134.786
7132.88 -143.899 7193.55 -142.597
7147.54 -113.958 7208.2 -195.969
7160.72 -167.33 7221.09 -138.692
7175.08 -137.39 7236.04 -193.365
7188.86 -126.976 7249.51 -143.899
7202.05 -150.407 7263.58 -129.579
7216.11 -155.615 7277.06 -158.218
7230.76 -119.165 7290.24 -156.916
7244.83 -112.657 7304.3 -171.236
7257.43 -137.39 7318.66 -125.674
7270.9 -108.751 7330.96 -150.407
7284.97 -162.123 7345.9 -166.029
7299.03 -106.148 7359.67 -155.615
7313.39 -126.976 7374.02 -145.2
7326.86 -130.881 7387.5 -182.951
7340.92 -155.615 7401.56 -180.348
7354.98 -141.295 7415.03 -147.804
7368.17 -117.864 7429.38 -138.692
7381.64 -125.674 7442.85 -120.467
7395.99 -134.786 7456.91 -139.993
7409.76 -156.916 7470.97 -141.295
7424.11 -130.881 7484.44 -134.786
7437.58 -116.562 7498.79 -155.615
7451.64 -147.804 7511.97 -166.029
7465.11 -119.165 7526.02 -150.407
7478 -145.2 7540.37 -145.2
7492.64 -130.881 7552.96 -145.2
7507.57 -134.786 7567.89 -162.123
7520.46 -153.011 7580.48 -138.692
7533.64 -132.183 7595.41 -128.278
7548.57 -137.39 7608.59 -129.579
7562.33 -129.579 7622.35 -181.65
7576.09 -130.881 7636.98 -176.443
7590.14 -159.52 7650.16 -159.52
7603.61 -145.2 7664.79 -143.899
7617.08 -125.674 7677.67 -177.744
7631.42 -106.148 7692.01 -116.562
7645.77 -129.579 7705.48 -151.709
7658.65 -142.597 7718.94 -130.881
7672.11 -119.165 7733.28 -132.183
7686.75 -150.407 7747.04 -136.088
7700.21 -120.467 7761.38 -138.692
7713.67 -123.071 7775.13 -173.839
7728.02 -139.993 7788.89 -156.916
7741.77 -138.692 7802.06 -141.295
7755.53 -166.029 7816.98 -136.088
7769.57 -132.183 7829.27 -141.295
7783.62 -125.674 7843.9 -134.786
7796.5 -153.011 7858.53 -128.278
7810.83 -143.899 7871.69 -146.502
7825.76 -153.011 7885.45 -154.313
7839.22 -120.467 7899.49 -169.934
7852.38 -115.26 7913.82 -143.899
7865.84 -120.467 7926.7 -146.502
7880.47 -125.674 7941.32 -168.632
7893.05 -128.278 7954.78 -146.502
7907.39 -98.3372 7969.11 -121.769
7921.72 -138.692 7981.69 -104.846
7935.47 -156.916 7996.61 -141.295
7948.05 -155.615 8010.06 -142.597
7963.26 -130.881 8023.51 -141.295
7975.84 -125.674 8037.85 -134.786
7989.88 -130.881 8050.72 -143.899
8005.09 -172.537 8065.34 -116.562
8018.25 -128.278 8078.5 -130.881
8031.41 -136.088 8092.24 -143.899
8045.45 -129.579 8106.28 -133.485
8060.37 -134.786 8120.61 -145.2
8073.23 -126.976 8135.23 -124.372
8087.56 -156.916 8148.09 -132.183
8101.02 -126.976 8162.13 -155.615
8114.76 -125.674 8176.16 -156.916
8127.63 -133.485 8189.61 -179.046
8141.66 -142.597 8203.06 -147.804
8156.57 -130.881 8217.39 -121.769
8170.61 -162.123 8231.42 -146.502
8183.47 -120.467 8244.28 -151.709
8197.8 -133.485 8258.61 -141.295
8211.25 -167.33 8272.93 -132.183
8224.99 -115.26 8286.38 -151.709
8239.02 -113.958 8300.99 -128.278
8252.76 -116.562 8314.73 -167.33
8267.38 -143.899 8327.88 -169.934
8280.24 -123.071 8341.33 -151.709
8294.27 -158.218 8355.65 -155.615
8307.72 -149.106 8369.97 -179.046
8321.45 -138.692 8382.54 -124.372
8336.07 -137.39 8397.15 -158.218
8350.39 -149.106 8410.6 -153.011
8364.13 -142.597 8425.5 -142.597
8376.4 -128.278 8438.06 -125.674
8391.01 -137.39 8452.68 -175.141
8404.46 -129.579 8466.41 -126.976
8418.19 -120.467 8480.43 -138.692
8432.51 -113.958 8493.29 -130.881
8446.54 -125.674 8507.9 -164.727
8460.27 -129.579 8521.34 -125.674
8473.72 -119.165 8535.37 -107.45
8488.03 -129.579 8548.51 -168.632
8501.18 -142.597 8563.41 -171.236
8515.2 -136.088 8576.56 -130.881
8528.94 -147.804 8591.17 -150.407
8542.96 -176.443 8605.19 -199.874
8556.98 -166.029 8619.21 -162.123
8571.3 -138.692 8632.94 -145.2
8584.74 -117.864 8646.67 -147.804
8599.06 -133.485 8660.11 -126.976
8611.91 -116.562 8673.25 -136.088
8626.22 -159.52 8687.56 -145.2
8639.37 -156.916 8701.29 -142.597
8654.27 -176.443 8716.19 -215.495
8667.7 -125.674 8728.75 -240.229
8681.72 -141.295 8743.06 -202.478
8693.99 -145.2 8757.37 -225.909
8709.47 -100.941 8770.8 -241.53
8722.03 -124.372 8784.53 -231.116
8736.34 -103.544 8799.42 -211.59
8750.65 -121.769 8811.69 -206.383
8764.09 -128.278 8826.87 -212.892
8777.81 -126.976 8840.01 -207.685
8791.83 -172.537 8853.16 -207.685
8805.85 -133.485 8867.17 -218.099
8818.99 -137.39 8881.48 -227.211
8833.01 -112.657 8895.2 -229.815
8846.15 -150.407 8909.22 -228.513
8860.45 -142.597 8922.36 -222.004
8874.18 -132.183 8937.25 -229.815
8889.07 -137.39 8950.39 -202.478
8903.09 -117.864 8964.99 -220.702
8915.93 -124.372 8977.54 -241.53
8930.24 -155.615 8992.43 -225.909
8943.96 -146.502 9004.69 -219.401
8956.81 -142.597 9019.58 -205.081
8971.12 -117.864 9033.3 -199.874
8985.13 -119.165 9048.19 -219.401
8998.85 -116.562 9061.03 -202.478
9012.28 -108.751 9075.04 -203.779
9026.29 -121.769 9089.06 -208.986
9040.01 -136.088 9102.77 -197.271
9054.03 -155.615 9116.79 -212.892
9067.16 -146.502 9131.09 -219.401
9082.34 -123.071 9144.22 -219.401
9095.77 -126.976 9157.94 -232.418
9108.9 -166.029 9172.53 -218.099
9122.92 -147.804 9185.09 -194.667
9136.63 -139.993 9199.09 -216.797
9150.94 -137.39 9213.69 -215.495
9164.65 -119.165 9227.11 -218.099
9178.08 -107.45 9242 -220.702
9191.8 -146.502 9254.84 -206.383
9206.1 -155.615 9268.55 -205.081
9219.53 -142.597 9282.85 -224.608
9232.66 -137.39 9296.57 -199.874
9247.83 -120.467 9309.7 -195.969
9261.55 -125.674 9324 -227.211
9275.85 -98.3372 9337.43 -219.401
9287.52 -110.053 9350.56 -220.702
9302.12 -107.45 9365.15 -249.341
9316.71 -129.579 9379.15 -218.099
9329.84 -128.278 9392.87 -206.383
9344.72 -124.372 9407.17 -241.53
9358.44 -128.278 9420.88 -208.986
9372.44 -110.053 9434.3 -231.116
9385.57 -110.053 9448.31 -202.478
9399.29 -132.183 9461.73 -231.116
9413.59 -104.846 9476.03 -218.099
9427.01 -124.372 9489.74 -222.004
9440.43 -136.088 9503.75 -232.418
9454.14 -171.236 9518.33 -203.779
9469.02 -120.467 9531.46 -193.365
9481.86 -138.692 9545.18 -218.099
9496.74 -141.295 9558.59 -177.744
9510.16 -123.071 9574.06 -189.46
9523.58 -145.2 9586.02 -241.53
9537.01 -136.088 9600.32 -175.141
9550.72 -126.976 9614.61 -219.401
9565.31 -91.8285 9628.32 -242.832
9578.73 -130.881 9641.74 -179.046
9592.73 -112.657 9655.45 -202.478
9606.44 -138.692 9670.04 -215.495
9619.86 -119.165 9682.87 -233.72
9633.86 -69.6986 9697.75 -216.797
9647.58 -136.088 9710.58 -228.513
9661.58 -133.485 9726.04 -220.702
9675.58 -106.148 9738.59 -231.116
9689 -138.692 9752.3 -186.857
9703.88 -134.786 9766.89 -227.211
9717.59 -120.467 9780.31 -220.702
9730.42 -124.372 9794.89 -195.969
9743.55 -129.579 9808.31 -193.365
9758.43 -132.183 9821.72 -235.022
9771.55 -141.295 9835.43 -218.099
9785.56 -154.313 9850.6 -192.064
9800.43 -107.45 9863.14 -216.797
9813.56 -133.485 9877.15 -222.004
9826.39 -125.674 9891.73 -203.779
9840.98 -103.544 9905.73 -212.892
9854.68 -110.053 9918.27 -227.211
9868.4 -91.8285 9932.86 -242.832
9882.98 -104.846 9946.27 -228.513
9895.81 -147.804 9960.27 -190.762
9910.4 -172.537 9974.57 -197.271
9923.52 -112.657 9988.56 -162.123
9937.52 -141.295 10002 -190.762
9951.23 -112.657 10016.6 -203.779
9965.23 -154.313 10029.7 -194.667
9979.52 -151.709 10044 -199.874
9993.23 -129.579 10056.5 -208.986
10006.3 -132.183 10070.5 -195.969
10020.4 -116.562 10084.5 -227.211
10034.4 -136.088 10099.1 -202.478
10048.6 -132.183 10112.5 -181.65
10062.1 -134.786 10126.2 -246.737
10075.8 -145.2 10139.9 -211.59
10089.8 -124.372 10154.2 -203.779
10103.8 -141.295 10167.6 -194.667
10116.9 -124.372 10182.2 -199.874
10131.2 -104.846 10195.9 -228.513
10145.2 -154.313 10209.6 -218.099
10158.9 -142.597 10223.9 -212.892
10172 -128.278 10236.8 -222.004
10185.7 -133.485 10250.5 -207.685
10199.7 -130.881 10264.2 -182.951
10214.3 -137.39 10279 -190.762
10227.7 -126.976 10291.9 -180.348
10241.4 -130.881 10305.6 -186.857
10254.5 -132.183 10320.8 -163.425
10268.8 -151.709 10333.9 -223.306
10282.8 -153.011 10347.9 -216.797
10296.8 -137.39 10361.6 -211.59
10309.7 -132.183 10376.2 -229.815
10324.3 -108.751 10389 -185.555
10337.7 -108.751 10403 -220.702
10352.3 -128.278 10417.6 -194.667
10366 -98.3372 10431.3 -186.857
10380 -110.053 10443.8 -186.857
10392.8 -128.278 10458.7 -218.099
10407.1 -128.278 10472.1 -212.892
10420.8 -149.106 10485.8 -212.892
10435.1 -132.183 10500.4 -206.383
10447.9 -123.071 10514.1 -208.986
10462.8 -129.579 10527.2 -195.969
10475.6 -91.8285 10541.5 -184.253
10489.3 -93.1302 10555 -176.443
10503.3 -115.26 10568.4 -181.65
10516.7 -120.467 10582.9 -197.271
10531.6 -123.071 10596.9 -212.892
10544.7 -146.502 10611.2 -180.348
10557.9 -108.751 10624.4 -227.211
10573.3 -126.976 10638.6 -195.969
10586.4 -132.183 10652.6 -193.365
10599.9 -104.846 10665.5 -225.909
10613.6 -112.657 10679.5 -212.892
10628.4 -125.674 10693.5 -195.969
10641.3 -103.544 10707.8 -172.537
10655.9 -106.148 10721.5 -175.141
10670.1 -113.958 10735.5 -208.986
10683 -147.804 10748.6 -190.762
10697 -151.709 10762.3 -188.158
10711 -151.709 10776.9 -235.022
10725.3 -132.183 10790.6 -211.59
10737.8 -132.183 10804.6 -164.727
10752.1 -115.26 10818 -180.348
10766.4 -108.751 10832.3 -177.744
10778.7 -158.218 10845.1 -158.218
10793.8 -115.26 10859.7 -182.951
10807.2 -150.407 10873.7 -198.572
10821.2 -130.881 10887.7 -238.927
10835.2 -100.941 10901.2 -205.081
10848.9 -145.2 10914.9 -197.271
10862.4 -134.786 10928.9 -206.383
10876.4 -108.751 10942 -182.951
10891 -63.1898 10956.9 -177.744
10904.7 -99.639 10970.3 -193.365
10917.8 -110.053 10984 -180.348
10932.1 -138.692 10997.7 -160.822
10945.5 -139.993 11012 -231.116
10959.5 -145.2 11025.7 -219.401
10973.5 -124.372 11038.3 -241.53
10987.5 -117.864 11053.7 -233.72
11000.3 -133.485 11067.1 -224.608
11014.3 -126.976 11080.9 -171.236
11028.3 -117.864 11094.8 -231.116
11041.8 -91.8285 11108.6 -215.495
11056.1 -103.544 11123.7 -186.857
11069.8 -168.632 11136.3 -198.572
11083.8 -149.106 11150.6 -233.72
11097.8 -138.692 11164.3 -198.572
11111.2 -123.071 11178 -228.513
11124.6 -132.183 11191.1 -233.72
11139.2 -102.243 11205.4 -222.004
11152.3 -115.26 11220 -215.495
11166.6 -111.355 11232.5 -189.46
11180 -142.597 11247.4 -194.667
11194.3 -107.45 11259.7 -185.555
11208.3 -145.2 11274.9 -207.685
11221.8 -139.993 11288.6 -182.951
11235.5 -146.502 11303.2 -210.288
11248.6 -111.355 11316 -193.365
11262.9 -107.45 11329.4 -241.53
11276.6 -106.148 11344.3 -179.046
11290.6 -108.751 11357.4 -219.401
11303.4 -111.355 11371.4 -212.892
11318 -111.355 11385.7 -202.478
11332.1 -113.958 11399.2 -202.478
11345.5 -138.692 11413.5 -199.874
11359.5 -134.786 11427.2 -208.986
11373.2 -90.5267 11441.5 -186.857
11386.9 -111.355 11454.9 -244.134
11401.2 -102.243 11468.6 -205.081
11414.9 -56.6811 11482.6 -212.892
11428.3 -63.1898 11496.6 -189.46
11441.8 -55.3793 11509.2 -154.313
11455.8 -72.3021 11523.5 -173.839
11470.1 -78.8109 11538.7 -186.857
11484.1 -84.0179 11551.5 -194.667
11497.5 -85.3197 11565.2 -185.555
11512.4 -78.8109 11578.9 -167.33
11524.9 -33.2495 11592.9 -185.555
11538.7 -39.7582 11606.7 -173.839
11552.7 -18.9302 11620.4 -175.141
11566.7 -17.6284 11635 -145.2
11581 -41.06 11649 -150.407
11594.1 -46.267 11662.7 -133.485
11608.1 -61.8881 11675.8 -167.33
11621.3 -43.6635 11689.6 -145.2
11635.6 -63.1898 11704.1 -172.537
11649.3 -28.0424 11717.6 -166.029
11662.7 1.89794 11731.3 -133.485
11677 25.3295 11745.6 -142.597
11691.3 34.4418 11758.7 -125.674
11703.9 52.6664 11772.8 -120.467
11719 21.4243 11786.2 -126.976
11733.1 -16.3266 11800.5 -128.278
11745.9 -47.5688 11815.4 -138.692
11760.2 -29.3442 11828.8 -163.425
11774.5 -28.0424 11842.8 -166.029
11786.8 -31.9477 11856 -145.2
11801.6 80.0033 11870.3 -121.769
11815.1 48.7611 11884.3 -108.751
11829.7 46.1576 11898 -123.071
11842.5 18.8208 11911.1 -134.786
11857.1 -22.8354 11925.2 -136.088
11870.3 -37.1547 11939.2 -168.632
11883.7 -71.0004 11952.6 -179.046
11898 -57.9828 11967.5 -186.857
11911.4 -67.0951 11979.2 -146.502
11925.7 -17.6284 11994.4 -113.958
11939.8 -16.3266 12008.7 -117.864
11952.9 -15.0249 12021.8 -90.5267
11967.5 1.89794 12035.5 -121.769
11980.4 -46.267 12050.1 -125.674
11994.1 -8.5161 12064.2 -119.165
12007.5 -28.0424 12077.3 -112.657
12022.1 -39.7582 12091.6 -142.597
12035.3 -38.4565 12105.6 -151.709
12050.1 5.80321 12118.8 -121.769
12063.9 -12.4214 12132.8 -91.8285
12077.3 31.8383 12146.5 -78.8109
12091 12.312 12160.5 -52.7758
12105.3 35.7436 12174.9 -57.9828
12118.8 30.5366 12189.5 -28.0424
12133.4 51.3647 12202.9 -85.3197
12146.2 25.3295 12216.3 -89.225
12160 21.4243 12230.1 -89.225
12173.1 21.4243 12244.4 -25.4389
12187.7 46.1576 12256.6 -72.3021
12200.9 82.6068 12271.3 -69.6986
12215.5 68.2875 12285.3 -34.5512
12228.9 50.0629 12299.3 29.2348
12243.2 98.2279 12312.5 -5.91259
12256.1 100.831 12326.8 -37.1547
12270.7 93.0208 12341.1 -54.0776
12284.7 137.281 12354.5 -115.26
12297.5 125.565 12368.6 -123.071
12311.3 134.677 12382.3 -112.657
12325.6 168.523 12396.6 -123.071
12339 151.6 12410 -112.657
12353.4 130.772 12423.5 -68.3969
12367.1 111.245 12437.2 -74.9056
12382 147.695 12451.2 -82.7162
12394.6 159.41 12465.3 -48.8705
12408.9 125.565 12479 -81.4144
12422 175.031 12492.5 -138.692
12436.3 178.937 12506.5 -123.071
12450.4 156.807 12520.8 -67.0951
12463.2 188.049 12534.2 -85.3197
12477.8 115.151 12548.9 -48.8705
12491 137.281 12562.6 -41.06
12505.6 133.375 12575.5 -25.4389
12518.4 139.884 12589.5 -50.1723
12532.8 177.635 12603.2 -76.2074
12546.2 207.575 12618.1 -69.6986
12560.8 224.498 12631.6 -52.7758
12573.4 212.782 12644.4 -59.2846
12588.6 228.403 12659.6 -46.267
12602 204.972 12673.7 20.1225
12615.8 188.049 12686.5 1.89794
12629.5 181.54 12701.1 24.0278
12643.3 164.617 12714.9 13.6137
12657 186.747 12728 16.2173
12670.1 212.782 12741.8 -33.2495
12684.5 293.491 12756.4 -30.646
12697.6 307.811 12769.3 -51.474
12712.3 376.804 12783.3 5.80321
12725.7 281.775 12798.2 25.3295
12740.3 302.604 12811.1 16.2173
12753.8 263.551 12824.8 39.6489
12767.5 207.575 12839.1 47.4594
12781.2 207.575 12853.2 -18.9302
12795.9 207.575 12866.3 5.80321
12808.7 247.93 12881 12.312
12822.5 328.639 12894.7 8.40672
12836.2 329.94 12907.6 43.5541
12850 355.975 12921.6 -4.61084
12863.7 352.07 12935.9 51.3647
12878 319.526 12949.7 47.4594
12891.8 296.095 12963.4 35.7436
12906.1 296.095 12977.5 0.596186
12919.5 285.681 12992.1 46.1576
12933 302.604 13005.2 -16.3266
12947.3 368.993 13019.3 -56.6811
12960.5 402.839 13032.7 35.7436
12974.5 419.762 13047.7 48.7611
12988.6 428.874 13060.5 81.305
13001.7 388.519 13075.2 121.659
13015.8 370.295 13088.3 109.944
13029.5 361.182 13102.7 87.8138
13043.3 345.561 13116.4 74.7963
13057 362.484 13130.4 61.7787
13070.8 384.614 13143.3 34.4418
13083.9 437.986 13157.3 47.4594
13098.5 464.021 13171.7 70.891
13112 465.323 13186 107.34
13127.8 500.47 13198.6 188.049
13140.1 482.246 13213.2 215.386
13154.1 508.281 13227 211.481
13167.6 479.642 13240.7 167.221
13181.6 469.228 13254.8 207.575
13195.1 488.755 13268.2 186.747
13209.7 497.867 13282.6 171.126
13223.2 530.411 13297.2 150.298
13236.1 583.783 13310.4 197.161
13251 594.197 13324.4 301.302
13263.9 586.386 13337.9 251.835
13277.9 611.12 13351.6 281.775
13291.1 647.569 13366.3 285.681
13306.6 642.362 13379.7 280.474
13319.1 602.007 13392.9 241.421
13333.5 651.474 13407.8 255.74
13346.9 635.853 13420.4 242.723
13360.4 642.362 13434.5 284.379
13374.2 676.207 13448.8 301.302
13388.2 673.604 13463.4 342.958
13402 713.958 13476 384.614
13414.8 707.45 13490.1 406.744
13429.8 732.183 13505 388.519
13444.4 768.632 13517.3 374.2
13457.6 753.011 13531.6 328.639
13471.3 729.579 13545.7 383.312
13485.4 725.674 13559.4 323.432
13498.5 708.751 13573.8 376.804
13512.3 743.899 13587.2 393.726
13526.6 751.709 13601 457.512
13540.4 782.951 13615.3 474.435
13554.4 790.762 13628.5 488.755
13567.6 824.608 13643.4 503.074
13583.1 841.53 13656.9 564.256
13594.5 840.229 13670.7 547.334
13608.9 805.081 13684.7 560.351
13623.2 816.797 13698.8 585.084
13636.4 833.72 13712.2 615.025
13650.8 799.874 13726.9 602.007
13664.2 824.608 13739.8 633.249
13678 848.039 13753.8 650.172
13691.2 918.334 13768.4 659.285
13705.8 954.783 13781.6 729.579
13719.8 959.99 13796.5 741.295
13733.6 1022.47 13810.9 749.106
13746.5 974.309 13824.1 771.236
13761.1 967.801 13838.1 808.987
13773.7 1008.16 13851.3 794.667
13787.5 982.12 13866.2 810.288
13801.8 995.138 13880.9 837.625
13816.2 1036.79 13894.6 866.264
13829.6 1075.85 13898.7 928.748
13844 1144.84 13884.4 970.404
13858.3 1065.43 13871.5 1044.6
