7013.58 7834.56 7029.11 -180.348
7004.49 -192.064 7041.72 -195.969
7001.55 -186.857 7056.67 -201.176
7009.18 -156.916 7069.57 -203.779
7021.78 -173.839 7083.64 -194.667
7035.86 -173.839 7097.71 -202.478
7049.05 -160.822 7111.48 -160.822
7064 -166.029 7124.67 -180.348
7076.31 -176.443 7138.74 -197.271
7091.26 -142.597 7153.1 -184.253
7105.62 -153.011 7166 -185.555
7118.23 -171.236 7180.36 -192.064
7132.88 -163.425 7193.55 -227.211
7146.66 -156.916 7207.61 -186.857
7160.43 -163.425 7222.26 -189.46
7174.79 -151.709 7234.86 -194.667
7188.86 -171.236 7249.51 -166.029
7202.34 -155.615 7261.82 -212.892
7215.82 -160.822 7277.35 -208.986
7230.18 -186.857 7290.83 -215.495
7243.07 -171.236 7304.89 -214.194
7258.31 -151.709 7318.37 -214.194
7271.49 -193.365 7332.14 -214.194
7286.14 -145.2 7346.2 -186.857
7298.74 -154.313 7359.38 -188.158
7312.51 -175.141 7373.73 -223.306
7325.98 -159.52 7386.91 -223.306
7340.34 -149.106 7401.56 -206.383
7354.4 -188.158 7414.74 -199.874
7368.46 -151.709 7428.21 -195.969
7382.23 -147.804 7443.15 -188.158
7395.7 -159.52 7456.03 -222.004
7410.35 -186.857 7470.97 -206.383
7422.94 -179.046 7484.73 -237.625
7437.88 -156.916 7497.62 -195.969
7451.06 -177.744 7511.97 -218.099
7465.7 -163.425 7526.61 -195.969
7479.46 -215.495 7539.2 -197.271
7492.93 -176.443 7553.25 -193.365
7506.7 -182.951 7567.01 -205.081
7520.17 -180.348 7580.77 -231.116
7533.64 -198.572 7594.83 -202.478
7547.98 -128.278 7608.88 -189.46
7562.33 -189.46 7623.23 -189.46
7576.09 -189.46 7636.69 -177.744
7589.27 -150.407 7650.74 -241.53
7603.03 -201.176 7665.38 -208.986
7616.49 -147.804 7677.38 -214.194
7631.42 -215.495 7691.72 -210.288
7644.89 -179.046 7705.77 -231.116
7658.06 -162.123 7720.11 -193.365
7672.4 -156.916 7732.99 -203.779
7686.16 -189.46 7746.75 -212.892
7700.21 -177.744 7761.09 -212.892
7713.97 -155.615 7774.55 -188.158
7727.43 -138.692 7788.89 -193.365
7741.18 -189.46 7802.35 -179.046
7756.11 -193.365 7815.81 -192.064
7769.28 -177.744 7830.15 -188.158
7783.33 -177.744 7844.48 -224.608
7797.08 -158.218 7857.65 -195.969
7810.25 -184.253 7871.11 -203.779
7824.59 -193.365 7886.03 -212.892
7838.34 -142.597 7899.78 -192.064
7852.38 -190.762 7912.65 -193.365
7866.14 -182.951 7926.4 -210.288
7879.89 -194.667 7941.32 -231.116
7893.64 -164.727 7954.19 -211.59
7907.68 -155.615 7967.94 -214.194
7920.85 -169.934 7981.98 -229.815
7935.76 -162.123 7996.61 -231.116
7949.22 -168.632 8009.77 -228.513
7961.8 -173.839 8023.51 -205.081
7977.3 -180.348 8038.43 -218.099
7989.88 -182.951 8051.01 -185.555
8004.21 -205.081 8064.75 -186.857
8017.96 -182.951 8077.91 -220.702
8032 -194.667 8091.95 -214.194
8045.45 -156.916 8106.57 -194.667
8060.07 -181.65 8120.31 -235.022
8072.94 -179.046 8134.64 -180.348
8087.56 -171.236 8148.09 -182.951
8101.31 -167.33 8162.13 -198.572
8114.76 -168.632 8176.46 -220.702
8129.09 -203.779 8190.78 -197.271
8142.83 -172.537 8203.06 -202.478
8156.87 -175.141 8217.97 -237.625
8170.32 -208.986 8230.84 -232.418
8184.35 -184.253 8245.45 -218.099
8196.92 -181.65 8258.61 -215.495
8211.54 -159.52 8272.35 -229.815
8224.99 -166.029 8286.96 -207.685
8239.02 -149.106 8300.99 -203.779
8253.64 -164.727 8315.02 -169.934
8266.79 -177.744 8327.88 -240.229
8279.65 -145.2 8341.62 -215.495
8294.56 -175.141 8356.24 -229.815
8307.72 -172.537 8369.97 -233.72
8321.75 -168.632 8383.12 -211.59
8336.07 -186.857 8397.74 -203.779
8350.1 -180.348 8411.18 -210.288
8363.83 -184.253 8424.91 -195.969
8377.28 -188.158 8438.65 -232.418
8391.31 -188.158 8452.97 -208.986
8403.87 -163.425 8466.12 -205.081
8418.49 -168.632 8480.43 -202.478
8432.8 -149.106 8493.58 -205.081
8445.95 -206.383 8507.02 -210.288
8459.98 -177.744 8521.93 -197.271
8474.01 -160.822 8535.95 -233.72
8487.45 -154.313 8549.68 -211.59
8501.18 -155.615 8562.83 -197.271
8515.5 -158.218 8577.44 -232.418
8529.81 -176.443 8592.34 -214.194
8542.96 -151.709 8604.31 -218.099
8556.98 -138.692 8618.33 -208.986
8570.42 -134.786 8632.65 -241.53
8584.16 -168.632 8644.92 -212.892
8598.18 -164.727 8660.11 -231.116
8611.91 -210.288 8674.42 -220.702
8625.64 -159.52 8688.44 -181.65
8640.24 -163.425 8701.29 -210.288
8653.39 -151.709 8715.31 -158.218
8667.7 -172.537 8729.33 -225.909
8680.85 -151.709 8742.77 -189.46
8694.58 -156.916 8756.2 -218.099
8708.6 -147.804 8770.22 -182.951
8722.91 -173.839 8785.7 -206.383
8737.22 -149.106 8798.26 -218.099
8749.78 -180.348 8812.27 -197.271
8764.67 -166.029 8825.71 -188.158
8777.81 -180.348 8839.72 -176.443
8792.41 -205.081 8853.74 -202.478
8806.14 -151.709 8868.34 -201.176
8819.57 -171.236 8882.06 -211.59
8833.88 -169.934 8894.62 -208.986
8847.02 -198.572 8909.8 -231.116
8860.16 -199.874 8923.23 -195.969
8874.47 -179.046 8936.37 -179.046
8887.61 -198.572 8950.1 -177.744
8901.92 -179.046 8965.28 -186.857
8915.06 -147.804 8978.71 -189.46
8929.95 -166.029 8992.14 -188.158
8943.09 -167.33 9005.57 -195.969
8956.81 -134.786 9020.16 -168.632
8971.12 -179.046 9033.01 -166.029
8985.13 -153.011 9047.31 -169.934
8998.85 -180.348 9061.03 -212.892
9012.28 -166.029 9074.75 -194.667
9026 -176.443 9088.76 -150.407
9040.89 -171.236 9102.48 -188.158
9053.44 -173.839 9116.79 -189.46
9067.45 -164.727 9130.5 -207.685
9081.76 -162.123 9144.51 -199.874
9096.06 -173.839 9158.23 -186.857
9108.32 -186.857 9171.66 -189.46
9122.33 -184.253 9185.67 -194.667
9136.63 -173.839 9199.97 -215.495
9150.35 -206.383 9213.4 -166.029
9163.49 -177.744 9227.4 -203.779
9178.95 -188.158 9240.83 -179.046
9192.38 -188.158 9254.55 -176.443
9206.1 -156.916 9268.85 -201.176
9219.53 -198.572 9282.27 -166.029
9233.53 -162.123 9297.15 -153.011
9247.54 -158.218 9309.41 -194.667
9260.97 -181.65 9324.59 -186.857
9274.68 -153.011 9336.84 -182.951
9287.52 -194.667 9350.56 -176.443
9302.7 -166.029 9364.56 -173.839
9317 -151.709 9379.45 -225.909
9329.84 -164.727 9393.74 -162.123
9344.72 -184.253 9406.58 -199.874
9358.73 -171.236 9420.88 -168.632
9370.98 -192.064 9435.18 -172.537
9384.99 -179.046 9448.02 -210.288
9399.58 -180.348 9462.61 -186.857
9414.17 -177.744 9475.74 -194.667
9426.72 -177.744 9489.45 -189.46
9440.43 -142.597 9504.04 -156.916
9455.31 -166.029 9517.17 -192.064
9468.15 -181.65 9532.34 -175.141
9482.15 -166.029 9545.18 -184.253
9495.58 -162.123 9558.89 -182.951
9509.58 -189.46 9573.18 -141.295
9523.29 -179.046 9586.89 -177.744
9537.3 -155.615 9600.9 -166.029
9550.43 -199.874 9614.32 -205.081
9564.14 -176.443 9628.03 -136.088
9579.31 -184.253 9642.32 -177.744
9592.73 -149.106 9656.03 -171.236
9606.44 -169.934 9670.33 -198.572
9620.44 -172.537 9684.33 -147.804
9634.16 -177.744 9697.46 -198.572
9648.16 -179.046 9711.46 -211.59
9661.87 -188.158 9724.88 -201.176
9675.29 -163.425 9738.88 -207.685
9689.87 -190.762 9753.47 -210.288
9702.71 -176.443 9767.18 -203.779
9716.42 -177.744 9780.31 -198.572
9730.42 -164.727 9794.6 -190.762
9744.13 -137.39 9808.31 -203.779
9758.14 -155.615 9821.72 -222.004
9771.85 -145.2 9836.02 -218.099
9785.85 -179.046 9849.14 -211.59
9799.85 -195.969 9864.02 -202.478
9812.97 -179.046 9877.73 -195.969
9828.14 -182.951 9891.15 -199.874
9840.98 -192.064 9904.85 -173.839
9854.68 -160.822 9917.98 -201.176
9868.69 -164.727 9931.98 -160.822
9882.39 -143.899 9945.69 -190.762
9894.94 -175.141 9959.98 -225.909
9909.23 -172.537 9974.57 -197.271
9923.52 -185.555 9987.98 -201.176
9938.98 -147.804 10002.3 -219.401
9951.52 -192.064 10015.4 -207.685
9965.52 -180.348 10029.1 -206.383
9978.36 -149.106 10044.3 -203.779
9992.94 -163.425 10057.1 -194.667
10006.3 -149.106 10070.5 -218.099
10020.6 -150.407 10084.8 -205.081
10034.4 -143.899 10099.1 -222.004
10048.1 -173.839 10112.2 -182.951
10061.8 -177.744 10126.8 -182.951
10075.2 -169.934 10139.6 -220.702
10090.4 -163.425 10153.9 -203.779
10102.6 -156.916 10168.5 -162.123
10117.5 -158.218 10181.4 -155.615
10130.9 -150.407 10195.3 -175.141
10145.2 -146.502 10209.6 -111.355
10158 -163.425 10223.6 -195.969
10171.7 -190.762 10237 -207.685
10186 -186.857 10251 -210.288
10199.7 -153.011 10264.5 -185.555
10213.7 -149.106 10279.6 -235.022
10227.4 -167.33 10292.8 -202.478
10241.7 -125.674 10306.5 -192.064
10255.7 -168.632 10319.9 -192.064
10268.3 -136.088 10333.6 -207.685
10283.1 -154.313 10348.2 -149.106
10296.8 -107.45 10361.6 -190.762
10310 -139.993 10376.5 -218.099
10324.8 -139.993 10388.7 -205.081
10338.3 -162.123 10403.3 -176.443
10350.5 -166.029 10417.3 -185.555
10365.4 -171.236 10430.7 -190.762
10379.4 -153.011 10444.1 -212.892
10392.5 -145.2 10459.3 -180.348
10407.4 -166.029 10472.4 -211.59
10420.8 -160.822 10485.8 -180.348
10435.7 -119.165 10500.4 -207.685
10448.8 -180.348 10515 -163.425
10462.5 -181.65 10527.2 -219.401
10475.9 -138.692 10541.8 -202.478
10490.8 -155.615 10555.5 -193.365
10503.3 -189.46 10569.2 -195.969
10517.9 -180.348 10582.4 -175.141
10531.6 -176.443 10597.2 -181.65
10545 -216.797 10610.9 -199.874
10558.7 -163.425 10623.5 -195.969
10573.3 -182.951 10638.6 -172.537
10585.9 -169.934 10652.6 -185.555
10601.3 -169.934 10665.5 -186.857
10614.7 -153.011 10679.8 -194.667
10628.4 -188.158 10693.8 -212.892
10641.3 -176.443 10706.3 -219.401
10655.6 -175.141 10720.9 -171.236
10669.6 -160.822 10735.5 -186.857
10682.7 -166.029 10748 -179.046
10698.4 -207.685 10763.2 -210.288
10711.9 -205.081 10777.8 -181.65
10723.8 -190.762 10790.9 -212.892
10738.7 -179.046 10804 -188.158
10752.1 -184.253 10818.3 -182.951
10765.5 -156.916 10831.7 -216.797
10779.8 -199.874 10846 -206.383
10793.2 -172.537 10859.7 -154.313
10807.5 -160.822 10873.2 -185.555
10821.2 -182.951 10888 -168.632
10835.5 -164.727 10900.3 -158.218
10849.2 -169.934 10915.5 -207.685
10862.9 -155.615 10929.2 -176.443
10876.4 -132.183 10942.6 -180.348
10890.4 -153.011 10956.9 -194.667
10903.8 -184.253 10970.6 -168.632
10918.4 -166.029 10984.3 -189.46
10932.4 -166.029 10997.7 -189.46
10946.1 -192.064 11012.9 -219.401
10958.9 -194.667 11025.4 -184.253
10972.3 -168.632 11040.3 -188.158
10987.5 -173.839 11053.4 -199.874
11000.9 -172.537 11067.1 -160.822
11014.3 -189.46 11081.7 -203.779
11028.6 -160.822 11094.6 -193.365
11042 -194.667 11109.1 -134.786
11055.8 -192.064 11122.9 -166.029
11069.8 -159.52 11136.6 -168.632
11083.8 -177.744 11150 -169.934
11097.5 -171.236 11164 -132.183
11110.9 -141.295 11178.3 -164.727
11124.9 -175.141 11191.4 -182.951
11138 -154.313 11205.7 -173.839
11153.2 -156.916 11219.7 -150.407
11166.3 -176.443 11233.4 -168.632
11179.8 -119.165 11246.3 -203.779
11194 -121.769 11261.4 -172.537
11206.9 -134.786 11274.6 -179.046
11222 -136.088 11289.2 -194.667
11235.8 -123.071 11302.6 -158.218
11248.6 -151.709 11316.6 -160.822
11263.2 -175.141 11328.8 -142.597
11276.9 -175.141 11344.3 -137.39
11290.6 -177.744 11358 -142.597
11304.9 -143.899 11372 -154.313
11318 -137.39 11385.7 -155.615
11331.8 -106.148 11399.8 -137.39
11346.3 -121.769 11412.3 -160.822
11359.8 -120.467 11427.5 -172.537
11373.8 -143.899 11441.8 -181.65
11387.5 -126.976 11454.3 -154.313
11400.6 -124.372 11468.6 -189.46
11415.2 -120.467 11482.3 -195.969
11428.9 -116.562 11495.5 -156.916
11442.6 -113.958 11510 -151.709
11455.8 -115.26 11524.1 -142.597
11469.8 -50.1723 11537.8 -158.218
11483.8 -98.3372 11551.8 -167.33
11498.1 -80.1127 11565.8 -120.467
11511.8 -38.4565 11579.2 -153.011
11525.5 -48.8705 11592.9 -159.52
11538.4 -98.3372 11606.9 -180.348
11552.4 -48.8705 11621 -190.762
11566.1 -81.4144 11634.7 -173.839
11580.4 -47.5688 11647.8 -163.425
11594.7 -21.5337 11662.7 -156.916
11608.7 -64.4916 11676.1 -193.365
11621.3 -28.0424 11690.1 -192.064
11635.9 29.2348 11703.9 -235.022
11649.3 22.726 11717 -212.892
11663 12.312 11731.3 -186.857
11677.6 57.8734 11745.3 -193.365
11691.3 -26.7407 11759 -193.365
11704.4 -16.3266 11773 -151.709
11719 17.519 11786.5 -146.502
11732.5 39.6489 11801.4 -108.751
11745.9 17.519 11814.5 -186.857
11759 99.5296 11828.8 -195.969
11773.9 66.9857 11842.5 -192.064
11787.4 57.8734 11856.3 -229.815
11801.9 124.263 11869.7 -197.271
11815.7 89.1156 11884.6 -180.348
11828.8 74.7963 11897.4 -124.372
11842 100.831 11911.4 -93.1302
11856.3 111.245 11925.2 -120.467
11870.6 106.038 11939.5 -138.692
11884 99.5296 11953.5 -150.407
11898 106.038 11966.6 -169.934
11911.4 146.393 11980.1 -175.141
11925.4 147.695 11994.7 -166.029
11939.5 125.565 12008.7 -190.762
11953.5 93.0208 12022.7 -145.2
11966.9 86.5121 12035.8 -143.899
11980.4 112.547 12050.7 -113.958
11994.7 111.245 12064.2 -112.657
12008.7 122.961 12077.3 -158.218
12022.4 128.168 12091 -160.822
12035.5 152.902 12104.5 -188.158
12049.6 162.014 12119.6 -163.425
12063.6 151.6 12132.5 -171.236
12077.3 156.807 12146.5 -181.65
12091 115.151 12160 -156.916
12104.8 106.038 12174.6 -108.751
12118.8 117.754 12188 -90.5267
12132.2 126.866 12202.6 -108.751
12146.5 126.866 12216.6 -110.053
12159.7 160.712 12230.4 -112.657
12174.3 138.582 12243.2 -181.65
12187.7 145.091 12257.2 -166.029
12201.4 152.902 12271.8 -192.064
12215.2 147.695 12285.3 -167.33
12228.9 169.824 12299.6 -124.372
12243.2 163.316 12313.6 -93.1302
12257.2 160.712 12326.8 -50.1723
12271.3 175.031 12341.1 -42.3617
12284.1 169.824 12353.9 -72.3021
12298.1 178.937 12368 -100.941
12311.6 195.86 12382 -120.467
12325.9 207.575 12396.3 -103.544
12338.7 201.067 12409.2 -90.5267
12353.6 258.344 12423.5 -81.4144
12367.4 197.161 12437.2 -71.0004
12381.1 233.61 12451.5 -42.3617
12395.1 238.817 12465 -44.9653
12408.6 216.688 12479 -30.646
12423.5 241.421 12492.5 -95.7337
12435.5 237.516 12507.1 -51.474
12450.4 266.154 12520.5 -74.9056
12462.9 276.568 12534.8 -97.0355
12477.8 277.87 12548.3 -73.6039
12492.1 296.095 12562.3 -69.6986
12505.9 305.207 12575.5 -67.0951
12519 305.207 12589.5 -8.5161
12532.8 320.828 12603.8 13.6137
12546.5 296.095 12617.8 -34.5512
12560.3 333.846 12631.3 -4.61084
12574.3 310.414 12645.3 -29.3442
12588.6 358.579 12659 -9.81786
12602.3 372.898 12673.1 -7.21435
12615.8 352.07 12686.2 -42.3617
12629.2 385.916 12701.1 -15.0249
12643 391.123 12715.2 5.80321
12657.9 391.123 12728.3 -0.70557
12670.1 349.467 12742.1 8.40672
12684.5 371.597 12756.4 -3.30908
12698.8 368.993 12769 22.726
12711.7 345.561 12783.3 43.5541
12726.3 402.839 12797.6 89.1156
12740 400.235 12811.1 37.0453
12754.1 400.235 12824.5 61.7787
12767.2 414.554 12839.7 72.1928
12781.8 419.762 12852.9 73.4945
12794.7 436.684 12866.6 99.5296
12809.3 444.495 12880.7 46.1576
12822.2 464.021 12893.8 61.7787
12836.5 474.435 12908.1 96.9261
12849.7 488.755 12922.8 102.133
12863.7 467.926 12936.2 160.712
12877.1 496.565 12950.3 194.558
12892.6 512.186 12964 138.582
12905.2 525.204 12977.8 130.772
12919.5 519.997 12990.9 107.34
12932.4 560.351 13005.5 115.151
12946.2 547.334 13020.2 106.038
12960.5 588.99 13033 141.186
12973.7 590.291 13046.5 164.617
12988.6 613.723 13060.2 181.54
13002 637.155 13074.3 214.084
13015.8 625.439 13088.6 242.723
13029.2 631.948 13101.8 220.593
13044.1 659.285 13116.1 198.463
13057 637.155 13129.8 232.309
13071.6 672.302 13143.9 194.558
13084.5 668.397 13157.6 184.144
13099.1 697.036 13171.7 221.895
13112.3 703.544 13185.4 283.077
13127.2 687.923 13199.5 302.604
13139.8 704.846 13213.2 313.018
13153.5 743.899 13227.3 281.775
13167.9 712.657 13241 316.923
13180.8 743.899 13254.5 297.397
13195.1 724.372 13268.2 245.326
13208.6 747.804 13282.9 237.516
13222.6 755.614 13295.5 260.947
13236.6 773.839 13309.8 300
13250.7 819.401 13323.8 357.277
13263.9 799.874 13337.6 366.39
13278.5 828.513 13351.3 415.856
13291.9 819.401 13366 408.046
13306 803.78 13379.7 419.762
13319.4 780.348 13393.2 400.235
13332.6 788.158 13407.5 392.425
13347.2 808.987 13421 400.235
13360.1 837.625 13435 441.891
13374.8 870.169 13447.9 432.779
13388.8 866.264 13463.4 479.642
13402.8 898.808 13476 456.211
13415.7 893.601 13489.8 506.979
13430.6 907.92 13505 531.712
13443.8 893.601 13517.9 525.204
13457 902.713 13532.2 548.635
13470.7 924.843 13546.3 530.411
13485.1 924.843 13559.1 566.86
13499.4 937.86 13573.8 582.481
13512 982.12 13587.5 624.137
13526.1 996.439 13601.6 672.302
13539.5 1019.87 13614.5 704.846
13554.2 1008.16 13629.1 655.379
13567.9 1049.81 13643.1 682.716
13581.7 989.93 13656 648.871
13594.8 1031.59 13670.4 684.018
13609.2 1043.3 13685 682.716
13622.9 1070.64 13698.8 739.993
13636.7 1100.58 13711.4 779.046
13650.8 1135.73 13726.6 782.951
13664.8 1170.87 13739.8 808.987
13678.9 1176.08 13753.5 797.271
13691.7 1147.44 13768.7 811.59
13705.8 1116.2 13782.2 795.969
13719.3 1114.9 13796.3 792.064
13733.9 1127.92 13809.7 835.022
13746.5 1151.35 13824.4 889.695
13761.1 1186.5 13838.1 930.05
13774.9 1229.45 13852.5 962.594
13788.6 1250.28 13867.1 1019.87
13802.4 1258.09 13882.4 997.741
13817 1237.26 13894.9 1058.92
13829.4 1221.64 13899.3 991.232
13843.4 1217.74 13885 1069.34
13857.5 1155.25 13871.5 1066.73
