7013.87 -400.345 7028.53 -314.429
7003.61 -333.955 7042.6 -400.345
7000.68 -346.973 7056.96 -379.516
7008.89 -337.86 7070.45 -442.001
7021.49 -337.86 7085.4 -402.948
7036.15 -380.818 7098.59 -389.931
7049.93 -341.766 7112.36 -408.155
7064.88 -367.801 7127.02 -380.818
7078.95 -348.274 7140.21 -380.818
7092.73 -341.766 7155.45 -370.404
7106.79 -374.309 7169.22 -365.197
7121.16 -373.008 7183 -405.552
7134.64 -363.895 7196.18 -384.723
7148.71 -366.499 7210.84 -418.569
7162.77 -328.748 7224.9 -397.741
7177.14 -373.008 7238.38 -412.06
7190.61 -367.801 7252.74 -413.362
7205.27 -356.085 7267.39 -380.818
7218.75 -353.481 7280.57 -384.723
7233.98 -343.067 7294.64 -363.895
7247.46 -333.955 7309.87 -373.008
7261.82 -363.895 7323.64 -367.801
7275.88 -337.86 7337.41 -384.723
7289.36 -320.937 7351.76 -391.232
7303.72 -331.352 7365.24 -389.931
7317.49 -353.481 7379.3 -395.138
7332.14 -300.109 7393.06 -386.025
7345.9 -349.576 7406.83 -380.818
7359.38 -358.688 7420.6 -386.025
7373.44 -349.576 7435.24 -378.215
7387.79 -333.955 7449.3 -382.12
7402.44 -333.955 7463.36 -388.629
7416.5 -346.973 7477.41 -395.138
7430.55 -346.973 7491.47 -422.474
7444.61 -331.352 7506.11 -412.06
7457.21 -354.783 7518.99 -373.008
7472.43 -333.955 7532.76 -392.534
7486.2 -352.18 7547.69 -366.499
7500.25 -376.913 7561.45 -387.327
7513.72 -335.257 7575.21 -369.102
7528.07 -319.636 7590.14 -378.215
7542.13 -356.085 7603.03 -388.629
7555.89 -362.594 7617.08 -386.025
7571.11 -341.766 7632.01 -379.516
7585.17 -341.766 7645.77 -402.948
7598.34 -374.309 7660.4 -404.25
7612.1 -323.541 7672.99 -399.043
7625.86 -340.464 7687.33 -389.931
7640.79 -327.446 7701.97 -379.516
7654.84 -319.636 7715.14 -367.801
7668.31 -324.843 7730.06 -366.499
7683.23 -358.688 7744.11 -386.025
7696.11 -324.843 7758.45 -391.232
7711.33 -339.162 7772.21 -439.397
7724.8 -366.499 7786.25 -405.552
7737.97 -349.576 7800.01 -408.155
7752.31 -371.706 7813.76 -370.404
7766.65 -328.748 7827.51 -367.801
7780.11 -343.067 7841.85 -389.931
7794.15 -348.274 7856.48 -363.895
7808.49 -375.611 7869.35 -354.783
7823.42 -348.274 7884.57 -378.215
7836.29 -371.706 7898.61 -379.516
7849.75 -340.464 7912.95 -367.801
7864.38 -343.067 7926.4 -378.215
7877.25 -353.481 7940.15 -412.06
7893.05 -361.292 7954.19 -375.611
7906.51 -309.222 7968.53 -359.99
7920.85 -319.636 7982.27 -392.534
7934.3 -320.937 7997.48 -384.723
7948.34 -324.843 8010.35 -349.576
7962.68 -358.688 8024.68 -376.913
7976.42 -376.913 8038.72 -375.611
7991.05 -375.611 8052.76 -397.741
8005.38 -356.085 8067.09 -383.422
8019.71 -362.594 8079.96 -378.215
8032.58 -330.05 8094.29 -371.706
8046.91 -353.481 8108.33 -362.594
8060.37 -330.05 8122.36 -373.008
8075.28 -367.801 8136.98 -388.629
8089.61 -339.162 8150.43 -358.688
8103.06 -337.86 8164.76 -374.309
8117.39 -341.766 8178.79 -363.895
8130.84 -336.559 8193.12 -374.309
8145.17 -362.594 8205.99 -386.025
8158.91 -345.671 8221.48 -379.516
8173.24 -290.997 8234.93 -343.067
8186.4 -304.015 8248.96 -363.895
8200.43 -314.429 8262.7 -366.499
8214.76 -318.334 8277.9 -378.215
8229.37 -341.766 8290.76 -361.292
8243.41 -359.99 8305.09 -393.836
8257.44 -371.706 8318.82 -409.457
8271.47 -358.688 8333.44 -406.853
8285.21 -345.671 8346.59 -361.292
8299.82 -333.955 8361.2 -361.292
8312.98 -320.937 8376.11 -395.138
8326.72 -354.783 8390.14 -358.688
8342.21 -333.955 8402.7 -383.422
8354.77 -352.18 8418.49 -388.629
8369.09 -365.197 8431.64 -369.102
8382.83 -361.292 8445.95 -365.197
8397.74 -349.576 8459.1 -375.611
8411.47 -350.878 8473.72 -335.257
8425.5 -371.706 8488.03 -358.688
8440.11 -333.955 8501.18 -400.345
8453.26 -348.274 8515.79 -391.232
8467.58 -344.369 8530.4 -389.931
8481.31 -337.86 8543.84 -363.895
8496.21 -349.576 8557.28 -359.99
8509.66 -344.369 8571.59 -379.516
8522.8 -370.404 8586.49 -395.138
8536.83 -357.387 8599.64 -382.12
8551.14 -379.516 8614.25 -380.818
8565.17 -307.92 8627.97 -393.836
8579.48 -323.541 8642 -404.25
8594.38 -367.801 8656.02 -382.12
8608.7 -391.232 8670.33 -339.162
8621.55 -349.576 8684.35 -388.629
8634.99 -356.085 8698.08 -376.913
8649.59 -379.516 8711.81 -383.422
8663.03 -370.404 8726.7 -354.783
8677.34 -326.144 8739.55 -369.102
8692.24 -375.611 8754.16 -356.085
8705.97 -356.085 8769.05 -373.008
8718.82 -354.783 8782.78 -388.629
8733.42 -322.239 8795.63 -366.499
8747.73 -318.334 8810.81 -386.025
8761.75 -328.748 8824.83 -388.629
8776.35 -358.688 8837.68 -393.836
8789.79 -366.499 8852.28 -370.404
8804.1 -358.688 8866.3 -371.706
8817.53 -367.801 8880.6 -373.008
8831.55 -401.646 8894.91 -375.611
8846.44 -314.429 8909.22 -380.818
8859.58 -352.18 8922.94 -374.309
8874.18 -357.387 8936.37 -367.801
8887.9 -336.559 8950.97 -401.646
8901.63 -346.973 8964.69 -379.516
8915.06 -350.878 8978.41 -356.085
8929.07 -380.818 8993.01 -388.629
8944.26 -371.706 9007.32 -346.973
8957.98 -354.783 9021.33 -383.422
8971.7 -350.878 9033.88 -370.404
8986.3 -366.499 9048.48 -378.215
9000.6 -357.387 9063.07 -336.559
9013.15 -343.067 9077.38 -367.801
9028.04 -318.334 9089.93 -389.931
9042.06 -332.653 9105.69 -373.008
9055.78 -339.162 9118.83 -382.12
9070.37 -363.895 9133.72 -388.629
9083.51 -352.18 9145.98 -371.706
9097.52 -314.429 9161.74 -391.232
9111.82 -359.99 9174.87 -400.345
9125.54 -353.481 9188.88 -386.025
9139.26 -330.05 9202.89 -400.345
9154.15 -318.334 9217.19 -423.776
9167.57 -366.499 9231.49 -391.232
9182.46 -365.197 9245.79 -406.853
9196.18 -365.197 9259.8 -400.345
9209.6 -371.706 9274.1 -409.457
9223.61 -331.352 9288.11 -410.759
9237.91 -352.18 9301.53 -363.895
9251.63 -356.085 9314.95 -369.102
9266.22 -363.895 9329.55 -363.895
9279.64 -345.671 9342.97 -378.215
9294.53 -332.653 9358.14 -382.12
9307.08 -362.594 9371.28 -354.783
9321.96 -361.292 9386.16 -409.457
9336.26 -370.404 9400.45 -393.836
9351.14 -345.671 9413.88 -373.008
9364.56 -349.576 9427.89 -395.138
9378.57 -359.99 9441.6 -391.232
9392.58 -345.671 9455.6 -374.309
9406 -348.274 9469.9 -354.783
9419.13 -366.499 9483.03 -404.25
9433.72 -359.99 9498.78 -366.499
9447.14 -354.783 9513.08 -358.688
9462.31 -366.499 9526.79 -373.008
9475.74 -341.766 9539.05 -369.102
9490.91 -370.404 9553.93 -361.292
9503.45 -340.464 9568.51 -393.836
9518.63 -333.955 9581.64 -370.404
9532.05 -349.576 9596.81 -391.232
9546.05 -350.878 9611.11 -373.008
9559.76 -373.008 9623.65 -388.629
9573.77 -339.162 9638.82 -386.025
9588.35 -359.99 9652.83 -386.025
9602.94 -339.162 9665.95 -380.818
9616.07 -367.801 9679.96 -350.878
9630.07 -333.955 9694.83 -378.215
9643.78 -359.99 9707.96 -365.197
9658.37 -387.327 9723.71 -402.948
9672.08 -359.99 9737.42 -376.913
9686.37 -333.955 9750.55 -387.327
9700.38 -340.464 9765.14 -359.99
9714.38 -362.594 9778.26 -366.499
9728.67 -339.162 9793.14 -389.931
9741.22 -332.653 9806.85 -375.611
9756.39 -356.085 9821.14 -428.983
9769.8 -337.86 9834.27 -396.439
9785.56 -346.973 9848.85 -374.309
9798.1 -348.274 9863.14 -367.801
9812.39 -336.559 9877.44 -376.913
9827.27 -349.576 9891.73 -363.895
9840.39 -343.067 9905.44 -408.155
9853.81 -324.843 9918.86 -388.629
9868.98 -330.05 9932.86 -358.688
9882.69 -333.955 9947.15 -386.025
9895.52 -367.801 9960.86 -371.706
9910.98 -335.257 9975.44 -389.931
9924.98 -314.429 9988.56 -384.723
9938.69 -343.067 10004 -387.327
9951.81 -340.464 10016.6 -391.232
9966.4 -366.499 10031.1 -380.818
9980.69 -328.748 10045.7 -410.759
9994.11 -366.499 10059.4 -409.457
10008.4 -348.274 10073.1 -376.913
10022.7 -366.499 10088.3 -354.783
10036.4 -345.671 10101.4 -402.948
10049.8 -346.973 10115.7 -379.516
10064.4 -357.387 10129.4 -383.422
10077.8 -350.878 10143.1 -399.043
10091.8 -356.085 10158.9 -376.913
10106.4 -333.955 10171.4 -378.215
10120.7 -336.559 10185.4 -392.534
10134.4 -310.523 10200.6 -378.215
10148.7 -315.73 10214 -393.836
10163 -374.309 10228 -367.801
10176.4 -332.653 10242 -363.895
10189.8 -356.085 10256 -379.516
10205.3 -330.05 10270 -396.439
10218.7 -346.973 10284.3 -391.232
10231.8 -336.559 10298 -378.215
10246.7 -348.274 10312.6 -367.801
10260.7 -324.843 10325.4 -396.439
10273.5 -333.955 10340.3 -359.99
10288.4 -379.516 10354.3 -402.948
10302.4 -376.913 10369.2 -404.25
10316.4 -391.232 10382.9 -367.801
10330.1 -322.239 10396.3 -367.801
10344.4 -331.352 10410 -413.362
10358.4 -361.292 10424.6 -384.723
10373.3 -323.541 10438 -374.309
10386.1 -349.576 10452 -392.534
10400.4 -348.274 10466.6 -405.552
10414.4 -380.818 10481.2 -379.516
10427.5 -373.008 10494.3 -359.99
10442.7 -374.309 10508.3 -397.741
10457.2 -337.86 10522.3 -371.706
10471 -373.008 10536.9 -418.569
10484.1 -350.878 10550.9 -408.155
10498.4 -318.334 10565.1 -396.439
10513.2 -341.766 10579.1 -414.664
10526.1 -346.973 10593.1 -410.759
10540.6 -339.162 10606.6 -401.646
10554.6 -339.162 10621.1 -363.895
10568.1 -363.895 10634.6 -409.457
10582.1 -369.102 10647.7 -409.457
10596.6 -365.197 10662.9 -391.232
10610.9 -389.931 10676.6 -418.569
10624.9 -350.878 10691.1 -422.474
10638.1 -353.481 10704.3 -426.38
10652.9 -358.688 10718.6 -406.853
10666.7 -337.86 10732.9 -391.232
10680.4 -363.895 10746.9 -401.646
10694.9 -346.973 10761.4 -392.534
10708.6 -350.878 10775.1 -389.931
10722.4 -395.138 10790 -384.723
10735.8 -391.232 10802.9 -417.267
10750.9 -339.162 10817.4 -410.759
10764.1 -327.446 10830.9 -431.587
10778.7 -340.464 10845.4 -422.474
10792.9 -361.292 10859.4 -380.818
10806.4 -378.215 10874 -371.706
10820.9 -318.334 10887.7 -391.232
10834.4 -361.292 10900.9 -396.439
10849.2 -412.06 10915.5 -404.25
10862.4 -353.481 10929.7 -401.646
10876.1 -362.594 10944.6 -392.534
10891.2 -349.576 10957.4 -436.794
10904.7 -374.309 10972 -395.138
10919.2 -343.067 10986.3 -380.818
10932.4 -343.067 10999.8 -361.292
10946.7 -365.197 11014.3 -389.931
10960.4 -374.309 11028 -375.611
10974.4 -323.541 11041.8 -426.38
10989 -366.499 11056.1 -413.362
11002.4 -382.12 11069.8 -400.345
11016.4 -346.973 11083.5 -406.853
11030.1 -357.387 11098.6 -402.948
11045.6 -332.653 11111.8 -418.569
11059.3 -339.162 11126.6 -436.794
11072.1 -348.274 11140.9 -412.06
11086.4 -335.257 11154.9 -405.552
11100.4 -378.215 11168.4 -401.646
11115.3 -383.422 11182.1 -404.25
11129 -399.043 11196.7 -425.078
11143 -356.085 11210.4 -458.924
11157 -383.422 11224.1 -436.794
11170.7 -362.594 11238.4 -460.225
11185.3 -369.102 11252.4 -395.138
11198.7 -326.144 11267 -410.759
11212.1 -339.162 11281 -414.664
11226.1 -370.404 11294.7 -434.19
11240.4 -352.18 11308.4 -423.776
11254.7 -361.292 11323.3 -432.888
11268.7 -395.138 11337.3 -415.966
11283 -362.594 11350.7 -426.38
11296.5 -357.387 11365.3 -464.131
11310.5 -323.541 11379.3 -442.001
11325 -307.92 11393 -434.19
11339.3 -354.783 11407 -412.06
11353.6 -333.955 11421.3 -440.699
11366.8 -336.559 11435.4 -393.836
11381.1 -358.688 11449.6 -471.941
11395.4 -356.085 11462.8 -442.001
11408.5 -348.274 11477.1 -428.983
11423.1 -349.576 11490.8 -422.474
11437.1 -352.18 11505.1 -418.569
11450.5 -327.446 11518.8 -421.173
11465.1 -358.688 11533.1 -417.267
11479.7 -340.464 11548.3 -387.327
11492.3 -359.99 11561.4 -380.818
11507.1 -356.085 11574.9 -405.552
11521.1 -350.878 11589.4 -436.794
11535.5 -346.973 11604.6 -431.587
11548.3 -354.783 11617.8 -392.534
11562.6 -354.783 11632.4 -373.008
11577.5 -356.085 11645.5 -430.285
11591.5 -327.446 11659.8 -380.818
11606.1 -370.404 11674.1 -391.232
11618.3 -304.015 11688.1 -387.327
11632.9 -358.688 11702.4 -392.534
11646.9 -341.766 11715.8 -412.06
11660.9 -361.292 11730.4 -401.646
11675.8 -326.144 11743 -430.285
11687.8 -346.973 11757.9 -449.811
11702.4 -374.309 11773 -428.983
11716.4 -361.292 11785.9 -423.776
11731 -362.594 11800.2 -374.309
11744.4 -318.334 11813.6 -404.25
11758.5 -358.688 11827.9 -392.534
11773.3 -349.576 11842 -413.362
11787.1 -331.352 11855.4 -399.043
11800.2 -367.801 11869.7 -447.208
11814.8 -375.611 11883.7 -439.397
11828.2 -370.404 11898 -418.569
11842.8 -340.464 11912 -447.208
11856.3 -313.127 11926.9 -409.457
11871.4 -349.576 11939.2 -399.043
11885.7 -345.671 11954.4 -430.285
11898.3 -343.067 11968.7 -435.492
11912.6 -373.008 11982.4 -409.457
11927.5 -370.404 11997.3 -418.569
11940.9 -319.636 12010.7 -435.492
11954.9 -330.05 12025.6 -460.225
11969.3 -335.257 12038.5 -449.811
11982.4 -349.576 12053.4 -455.018
11997.3 -300.109 12067.1 -456.32
12011.3 -327.446 12080.5 -443.303
12025 -353.481 12095.1 -388.629
12039 -343.067 12109.1 -436.794
12052.5 -344.369 12123.7 -418.569
12066.8 -358.688 12136.9 -425.078
12081.1 -345.671 12150.6 -447.208
12093.9 -333.955 12164.9 -445.906
12108.8 -335.257 12179 -431.587
12123.2 -323.541 12193.8 -432.888
12136.6 -304.015 12207.3 -417.267
12150.9 -318.334 12221.6 -404.25
12165.8 -357.387 12235.6 -405.552
12178.6 -336.559 12249.4 -400.345
12193 -345.671 12264.2 -391.232
12207.6 -366.499 12278.3 -396.439
12221.3 -324.843 12292 -413.362
12234.5 -331.352 12305.4 -455.018
12248.5 -330.05 12320 -442.001
12263.1 -350.878 12332.9 -466.734
12276.5 -317.032 12348.1 -400.345
12290.8 -358.688 12362.1 -405.552
12305.1 -380.818 12375.9 -406.853
12318.9 -353.481 12390.5 -375.611
12332.9 -375.611 12403.6 -380.818
12346.6 -362.594 12417.9 -435.492
12361.2 -318.334 12431.7 -435.492
12375 -290.997 12445.1 -462.829
12389.3 -304.015 12460.6 -431.587
12403.9 -302.713 12474 -422.474
12417.3 -343.067 12488.9 -436.794
12431.1 -333.955 12501.5 -413.362
12445.1 -313.127 12516.7 -382.12
12459.7 -332.653 12530.4 -371.706
12472.6 -320.937 12544.2 -406.853
12486 -280.583 12559.7 -409.457
12500.6 -320.937 12572.5 -393.836
12515.5 -302.713 12586 -414.664
12529.6 -290.997 12600.6 -414.664
12542.4 -317.032 12614.9 -393.836
12556.7 -315.73 12628.1 -382.12
12571.6 -296.204 12642.7 -384.723
12584.8 -330.05 12657 -356.085
12598.5 -309.222 12670.1 -413.362
12613.7 -289.695 12685.1 -400.345
12627.5 -307.92 12698.8 -400.345
12642.1 -322.239 12713.1 -401.646
12654.7 -267.565 12726.9 -380.818
12668.7 -268.867 12741.2 -369.102
12683.3 -251.944 12754.9 -380.818
12697.6 -268.867 12769 -391.232
12710.8 -263.66 12782.7 -414.664
12724.2 -246.737 12797.6 -369.102
12739.1 -297.506 12811.4 -386.025
12752.9 -268.867 12826 -391.232
12767.5 -285.79 12839.4 -361.292
12780.4 -253.246 12854.1 -386.025
12795.3 -261.057 12866.9 -406.853
12808.4 -238.927 12882.1 -414.664
12822.8 -250.643 12896.2 -376.913
12836.8 -220.702 12909.9 -386.025
12851.4 -258.453 12923.6 -392.534
12864.9 -228.513 12937.7 -349.576
12879.2 -246.737 12952.6 -383.422
12893.2 -235.022 12965.5 -345.671
12907 -220.702 12980.4 -412.06
12920.7 -236.323 12993.8 -373.008
12935.1 -206.383 13008.2 -427.681
12949.1 -194.667 13021 -371.706
12963.4 -215.495 13036.3 -373.008
12976.9 -189.46 13050.3 -357.387
12991.5 -184.253 13064.3 -332.653
13005.2 -154.313 13078.4 -317.032
13019 -181.65 13092.1 -326.144
13033.6 -171.236 13105.9 -332.653
13047.1 -192.064 13120.2 -331.352
13060.5 -154.313 13134.8 -332.653
13075.4 -177.744 13148.6 -306.618
13089.2 -119.165 13162.3 -304.015
13102.7 -141.295 13176.4 -330.05
13116.7 -113.958 13190.7 -288.394
13130.7 -117.864 13204.2 -288.394
13145.4 -141.295 13218.5 -297.506
13158.8 -149.106 13233.4 -288.394
13172.9 -125.674 13247.5 -288.394
13186.9 -119.165 13261.2 -268.867
13201.8 -125.674 13274.7 -258.453
13214.4 -72.3021 13289 -212.892
13229 -67.0951 13303.6 -240.229
13243.1 -67.0951 13316.8 -242.832
13256.5 -78.8109 13331.4 -242.832
13271.2 -57.9828 13345.5 -238.927
13284.9 -72.3021 13359 -240.229
13299 -72.3021 13373.6 -245.436
13313.6 -30.646 13387.6 -271.471
13326.8 -57.9828 13401.4 -225.909
13341.4 -24.1372 13415.1 -214.194
13354 -12.4214 13430.1 -227.211
13369.5 9.70847 13444.4 -229.815
13383.2 31.8383 13457.3 -237.625
13396.7 16.2173 13472.2 -244.134
13411 42.2524 13486 -238.927
13425.7 12.312 13500.3 -235.022
13438.8 13.6137 13514.1 -238.927
13452 24.0278 13527.5 -228.513
13466.9 61.7787 13543 -185.555
13480.4 74.7963 13555.9 -175.141
13494.7 74.7963 13570.3 -133.485
13508.8 102.133 13584.9 -138.692
13522.8 151.6 13598.9 -163.425
13536.3 159.41 13612.4 -141.295
13551.2 142.488 13626.5 -137.39
13565.6 147.695 13640.2 -138.692
13579 148.996 13654.9 -86.6215
13593.4 145.091 13669.2 -138.692
13606.3 195.86 13682.7 -80.1127
13621.2 194.558 13696.1 -57.9828
13634.4 254.439 13711.4 -46.267
13649 246.628 13724.8 -44.9653
13663.6 280.474 13740 -51.474
13677.4 245.326 13752.9 -15.0249
13691.2 266.154 13767 -25.4389
13704.9 277.87 13781.6 -0.70557
13719.6 280.474 13795.4 7.10496
13733 271.361 13810 48.7611
13747.7 285.681 13824.1 26.6313
13760.8 300 13837.8 74.7963
13776.1 306.509 13852.2 74.7963
13788.6 313.018 13866.2 63.0805
13803 344.26 13879.7 89.1156
13817 340.354 13894.6 76.098
13830.8 358.579 13908.7 72.1928
13845.2 352.07 13923.3 124.263
13858.6 398.933 13936.8 159.41
13873.3 368.993 13951.2 175.031
13886.7 413.253 13965.5 178.937
13900.5 380.709 13981 207.575
13915.1 398.933 13995.1 234.912
13928.9 409.347 13998.3 271.361
13943 421.063 13985.4 285.681
13956.4 357.277 13971.4 303.905
