7014.16 -362.594 7028.23 -451.113
7004.78 -324.843 7041.72 -471.941
7000.38 -353.481 7056.38 -434.19
7009.47 -348.274 7071.03 -474.545
7021.78 -346.973 7084.23 -466.734
7036.15 -322.239 7098.59 -457.622
7050.22 -315.73 7112.66 -442.001
7064.29 -339.162 7126.73 -457.622
7079.24 -336.559 7140.79 -458.924
7093.02 -359.99 7155.15 -465.432
7106.5 -346.973 7168.05 -451.113
7120.86 -314.429 7182.41 -458.924
7135.23 -369.102 7196.48 -469.338
7148.71 -363.895 7211.42 -456.32
7162.77 -327.446 7224.61 -490.166
7177.14 -337.86 7238.38 -434.19
7191.2 -309.222 7252.74 -466.734
7205.56 -320.937 7266.8 -452.415
7218.75 -340.464 7280.87 -465.432
7233.69 -375.611 7295.52 -479.752
7247.46 -328.748 7309.58 -438.096
7261.53 -344.369 7323.05 -427.681
7276.18 -323.541 7337.11 -453.717
7289.95 -319.636 7350.59 -421.173
7303.43 -340.464 7365.53 -455.018
7317.78 -359.99 7379.3 -435.492
7331.55 -313.127 7392.77 -434.19
7345.61 -309.222 7407.12 -443.303
7359.96 -318.334 7420.6 -456.32
7374.02 -340.464 7435.83 -445.906
7388.38 -343.067 7448.71 -428.983
7401.56 -309.222 7463.94 -445.906
7416.2 -318.334 7478 -434.19
7430.26 -323.541 7492.35 -432.888
7443.44 -314.429 7505.82 -462.829
7457.5 -349.576 7518.7 -456.32
7471.56 -343.067 7533.34 -445.906
7485.9 -332.653 7547.4 -422.474
7500.25 -328.748 7561.45 -438.096
7514.31 -343.067 7575.51 -426.38
7528.07 -357.387 7590.73 -391.232
7541.25 -348.274 7604.2 -419.871
7555.6 -361.292 7617.08 -451.113
7570.53 -336.559 7631.72 -421.173
7584.58 -331.352 7645.47 -401.646
7598.63 -346.973 7659.23 -418.569
7611.81 -341.766 7674.16 -443.303
7626.45 -319.636 7687.63 -389.931
7640.79 -348.274 7701.67 -422.474
7653.96 -324.843 7715.72 -375.611
7669.18 -314.429 7729.77 -413.362
7682.36 -335.257 7742.94 -414.664
7696.41 -306.618 7757.87 -410.759
7710.45 -346.973 7771.91 -404.25
7723.92 -313.127 7785.96 -445.906
7738.26 -344.369 7800.59 -440.699
7751.72 -361.292 7814.05 -435.492
7766.65 -345.671 7828.39 -415.966
7780.4 -331.352 7841.56 -401.646
7794.45 -356.085 7856.48 -421.173
7808.49 -339.162 7869.94 -408.155
7821.95 -337.86 7883.98 -443.303
7837.17 -332.653 7898.03 -375.611
7849.75 -336.559 7913.24 -404.25
7865.26 -345.671 7926.4 -422.474
7877.84 -343.067 7940.15 -425.078
7892.17 -320.937 7954.78 -397.741
7906.22 -341.766 7968.53 -439.397
7920.55 -337.86 7982.86 -395.138
7934.59 -339.162 7997.78 -426.38
7948.93 -323.541 8010.35 -414.664
7963.26 -352.18 8024.1 -432.888
7977.01 -346.973 8039.31 -404.25
7990.76 -324.843 8052.47 -419.871
8005.09 -359.99 8067.09 -415.966
8018.84 -319.636 8079.38 -444.604
8033.46 -340.464 8094.29 -405.552
8047.2 -335.257 8108.33 -387.327
8060.95 -339.162 8122.65 -410.759
8074.99 -357.387 8136.98 -397.741
8089.9 -337.86 8150.43 -412.06
8103.94 -318.334 8165.05 -395.138
8117.1 -327.446 8179.09 -384.723
8129.97 -340.464 8193.71 -370.404
8144.29 -306.618 8206.86 -404.25
8158.62 -339.162 8221.77 -423.776
8172.66 -304.015 8234.64 -395.138
8186.69 -350.878 8248.08 -409.457
8200.72 -337.86 8262.99 -384.723
8215.34 -337.86 8277.02 -365.197
8228.5 -352.18 8291.35 -382.12
8242.53 -315.73 8305.67 -388.629
8257.14 -319.636 8319.41 -414.664
8271.47 -353.481 8333.15 -375.611
8285.5 -335.257 8346.59 -402.948
8298.95 -326.144 8361.2 -378.215
8313.56 -353.481 8375.23 -400.345
8327.3 -327.446 8389.84 -400.345
8340.75 -352.18 8403.29 -386.025
8355.36 -350.878 8417.61 -362.594
8369.39 -361.292 8431.93 -362.594
8383.42 -344.369 8444.49 -410.759
8397.44 -358.688 8459.1 -384.723
8410.89 -327.446 8472.84 -375.611
8424.62 -348.274 8488.62 -362.594
8438.65 -328.748 8501.77 -384.723
8453.55 -337.86 8515.79 -354.783
8468.45 -326.144 8529.81 -346.973
8481.9 -328.748 8544.13 -363.895
8495.04 -339.162 8557.28 -383.422
8509.36 -333.955 8572.47 -380.818
8523.97 -331.352 8585.91 -388.629
8537.41 -333.955 8599.93 -421.173
8552.02 -332.653 8613.08 -396.439
8565.17 -370.404 8628.27 -384.723
8580.36 -332.653 8641.41 -374.309
8594.09 -337.86 8656.31 -400.345
8607.53 -352.18 8670.04 -396.439
8621.55 -363.895 8685.23 -406.853
8635.86 -339.162 8697.79 -383.422
8649.01 -353.481 8712.1 -383.422
8662.74 -359.99 8725.24 -376.913
8677.93 -352.18 8740.43 -378.215
8691.66 -327.446 8752.99 -363.895
8706.26 -349.576 8769.34 -352.18
8719.4 -323.541 8782.78 -367.801
8733.13 -352.18 8796.8 -374.309
8747.44 -353.481 8809.65 -408.155
8760.87 -344.369 8825.12 -389.931
8775.77 -296.204 8838.85 -359.99
8789.79 -328.748 8852.86 -374.309
8804.1 -309.222 8866.59 -356.085
8817.82 -328.748 8881.19 -392.534
8831.26 -322.239 8894.62 -400.345
8845.27 -344.369 8908.64 -391.232
8859.29 -367.801 8923.23 -384.723
8874.18 -335.257 8936.66 -409.457
8887.9 -366.499 8950.39 -408.155
8901.33 -349.576 8964.11 -393.836
8915.06 -374.309 8979 -400.345
8929.66 -370.404 8992.43 -386.025
8943.96 -324.843 9007.9 -422.474
8958.27 -344.369 9020.16 -376.913
8971.7 -318.334 9035.05 -330.05
8985.42 -382.12 9048.48 -343.067
9000.02 -337.86 9063.66 -376.913
9013.45 -358.688 9075.92 -448.51
9027.75 -319.636 9091.98 -401.646
9042.06 -331.352 9105.4 -434.19
9055.19 -340.464 9119.12 -417.267
9069.5 -336.559 9133.42 -432.888
9084.09 -317.032 9146.85 -408.155
9097.81 -335.257 9161.15 -443.303
9112.11 -332.653 9174.87 -413.362
9126.42 -349.576 9189.75 -426.38
9139.55 -337.86 9203.47 -434.19
9153.85 -319.636 9217.48 -427.681
9167.87 -339.162 9231.78 -422.474
9181.29 -341.766 9245.79 -418.569
9196.47 -323.541 9259.8 -428.983
9209.02 -358.688 9273.22 -380.818
9223.9 -331.352 9287.23 -440.699
9238.5 -354.783 9301.82 -399.043
9251.05 -344.369 9316.71 -413.362
9265.64 -324.843 9328.96 -401.646
9280.23 -339.162 9343.55 -426.38
9294.53 -332.653 9357.27 -421.173
9307.66 -344.369 9372.74 -423.776
9321.67 -340.464 9385.57 -422.474
9337.13 -315.73 9399.58 -447.208
9350.26 -370.404 9414.17 -419.871
9364.27 -318.334 9427.59 -395.138
9377.69 -365.197 9442.76 -405.552
9392.28 -349.576 9455.89 -412.06
9406 -354.783 9470.19 -382.12
9420.3 -358.688 9484.2 -374.309
9433.43 -337.86 9498.78 -414.664
9448.31 -387.327 9511.91 -413.362
9461.73 -333.955 9525.92 -419.871
9476.03 -358.688 9539.92 -418.569
9490.32 -345.671 9553.64 -423.776
9503.75 -362.594 9568.81 -374.309
9518.63 -343.067 9582.23 -399.043
9532.34 -340.464 9596.81 -402.948
9546.34 -362.594 9609.94 -370.404
9560.64 -324.843 9624.24 -427.681
9573.77 -361.292 9638.24 -400.345
9587.19 -348.274 9651.66 -443.303
9602.07 -335.257 9667.41 -435.492
9616.07 -323.541 9680.25 -430.285
9630.07 -352.18 9694.25 -438.096
9643.78 -320.937 9708.55 -432.888
9658.37 -349.576 9722.84 -447.208
9672.95 -326.144 9736.84 -475.846
9686.08 -341.766 9750.26 -418.569
9700.08 -320.937 9764.26 -427.681
9714.67 -345.671 9778.85 -448.51
9728.38 -361.292 9792.26 -384.723
9741.51 -349.576 9807.14 -399.043
9756.68 -333.955 9820.27 -397.741
9770.97 -327.446 9834.56 -354.783
9784.68 -328.748 9848.85 -434.19
9797.81 -318.334 9862.27 -376.913
9812.39 -337.86 9876.85 -413.362
9826.1 -365.197 9891.15 -412.06
9840.39 -346.973 9904.85 -402.948
9853.81 -359.99 9918.86 -423.776
9868.69 -328.748 9932.86 -399.043
9882.1 -323.541 9946.56 -397.741
9896.4 -354.783 9961.73 -410.759
9910.69 -331.352 9975.73 -412.06
9924.4 -335.257 9989.44 -384.723
9937.81 -376.913 10004.6 -406.853
9952.4 -357.387 10017.7 -417.267
9966.98 -341.766 10031.7 -421.173
9980.4 -328.748 10045.7 -408.155
9993.23 -348.274 10060 -425.078
10008.4 -343.067 10072.9 -412.06
10022.7 -320.937 10086.9 -409.457
10036.4 -333.955 10102.9 -417.267
10049.5 -371.706 10115.1 -413.362
10064.4 -361.292 10128.6 -409.457
10079 -358.688 10144.3 -423.776
10092.1 -340.464 10157.7 -426.38
10106.4 -315.73 10171.4 -428.983
10120.4 -315.73 10186 -380.818
10134.4 -333.955 10200 -409.457
10149 -344.369 10213.1 -425.078
10162.1 -346.973 10226.8 -423.776
10177 -349.576 10242 -436.794
10190.1 -319.636 10255.4 -399.043
10204.7 -343.067 10270.9 -432.888
10218.1 -367.801 10283.4 -393.836
10232.4 -362.594 10298.6 -415.966
10246.7 -330.05 10311.7 -406.853
10259.8 -346.973 10325.7 -401.646
10274.4 -350.878 10340.6 -406.853
10287.8 -343.067 10354.6 -357.387
10302.1 -361.292 10367.4 -396.439
10317.3 -354.783 10381.7 -399.043
10330.1 -356.085 10396.6 -396.439
10344.1 -353.481 10410 -401.646
10358.7 -341.766 10424.6 -383.422
10372.4 -343.067 10437.7 -412.06
10386.1 -344.369 10451.4 -380.818
10400.1 -365.197 10466 -388.629
10414.7 -333.955 10480.6 -405.552
10427.5 -323.541 10495.5 -371.706
10443.2 -352.18 10508.3 -397.741
10456.1 -315.73 10522.9 -384.723
10470.4 -339.162 10536.3 -406.853
10484.4 -305.316 10549.4 -409.457
10498.7 -341.766 10564.6 -375.611
10513 -356.085 10579.1 -396.439
10526.9 -339.162 10592.6 -371.706
10540.1 -358.688 10607.2 -395.138
10555 -358.688 10620.6 -392.534
10568.6 -296.204 10634.3 -399.043
10582.1 -333.955 10649.7 -404.25
10596.6 -346.973 10662.3 -362.594
10610.9 -352.18 10676.6 -413.362
10624.9 -327.446 10691.7 -417.267
10639.2 -374.309 10705.1 -400.345
10652.9 -348.274 10718.9 -419.871
10666.7 -341.766 10732.9 -412.06
10680.6 -331.352 10747.4 -400.345
10694.4 -359.99 10762 -397.741
10708.4 -331.352 10775.4 -418.569
10722.4 -369.102 10788.9 -426.38
10737.2 -384.723 10803.4 -410.759
10751.5 -335.257 10817.4 -392.534
10764.4 -322.239 10831.7 -378.215
10778.4 -320.937 10844.9 -401.646
10792.9 -350.878 10859.4 -425.078
10807.2 -349.576 10873.7 -396.439
10820.7 -333.955 10887.4 -458.924
10834.4 -344.369 10902 -375.611
10848.4 -337.86 10915.5 -383.422
10862.6 -328.748 10929.7 -358.688
10876.6 -361.292 10943.7 -345.671
10891.2 -341.766 10957.4 -366.499
10905.2 -346.973 10972 -350.878
10919 -324.843 10986 -389.931
10932.1 -365.197 11000 -401.646
10946.9 -335.257 11013.8 -391.232
10960.1 -350.878 11028.3 -396.439
10974.7 -350.878 11042 -400.345
10988.7 -333.955 11056.6 -386.025
11002.7 -331.352 11070 -406.853
11017.5 -340.464 11084.1 -401.646
11031 -323.541 11098.4 -405.552
11045 -326.144 11111.5 -401.646
11058.7 -327.446 11126.1 -439.397
11072.4 -348.274 11140.4 -440.699
11086.4 -318.334 11154.1 -431.587
11100.7 -344.369 11169 -419.871
11114.1 -327.446 11182.1 -484.959
11129.3 -352.18 11196.4 -490.166
11142.4 -345.671 11211.3 -418.569
11156.7 -356.085 11225 -503.183
11171.3 -311.825 11238.7 -464.131
11184.7 -340.464 11251.8 -455.018
11199.3 -323.541 11266.1 -494.071
11212.7 -352.18 11281 -494.071
11226.4 -375.611 11294.4 -462.829
11241 -357.387 11309 -457.622
11254.7 -350.878 11323 -447.208
11268.7 -331.352 11335.8 -447.208
11283 -336.559 11351.3 -447.208
11297 -315.73 11365.3 -478.45
11310.5 -326.144 11379 -453.717
11324.2 -354.783 11392.7 -492.769
11339.1 -332.653 11407.3 -477.148
11352.8 -374.309 11421 -497.976
11366.5 -349.576 11436.2 -491.467
11380.8 -319.636 11448.5 -466.734
11394.2 -363.895 11462.5 -473.243
11408.8 -341.766 11478 -461.527
11422.8 -319.636 11490.5 -432.888
11437.1 -337.86 11506 -464.131
11450.5 -326.144 11519.7 -508.39
11464.8 -322.239 11533.1 -482.355
11479.1 -345.671 11546.8 -505.787
11492.8 -344.369 11561.1 -516.201
11506.3 -365.197 11575.1 -499.278
11520.6 -341.766 11590.3 -495.373
11535.5 -340.464 11603.5 -475.846
11549.2 -366.499 11617.5 -462.829
11562.3 -345.671 11631.5 -460.225
11577.2 -324.843 11645.8 -488.864
11590.6 -326.144 11658.9 -496.675
11603.7 -307.92 11674.4 -488.864
11619.8 -310.523 11687.8 -512.296
11632.4 -343.067 11702.1 -517.503
11646.9 -327.446 11715.2 -547.443
11661.5 -339.162 11730.1 -526.615
11675.5 -326.144 11744.1 -512.296
11688.7 -323.541 11757.3 -504.485
11703.3 -300.109 11772.8 -529.218
11716.4 -318.334 11787.1 -517.503
11730.7 -298.808 11799.3 -512.296
11744.4 -320.937 11814.2 -533.124
11758.7 -343.067 11828.5 -522.71
11772.8 -353.481 11842 -524.011
11787.6 -318.334 11856.5 -494.071
11801.1 -311.825 11870.3 -478.45
11815.7 -344.369 11884.6 -479.752
11828.8 -310.523 11897.4 -501.881
11842.2 -326.144 11912.3 -481.053
11857.1 -300.109 11926.3 -482.355
11870.3 -318.334 11939.5 -497.976
11884.9 -339.162 11954.1 -497.976
11899.5 -320.937 11969.3 -501.881
11913.8 -330.05 11982.1 -487.562
11926.9 -297.506 11997 -457.622
11941.2 -311.825 12011 -457.622
11955.5 -305.316 12024.7 -462.829
11970.1 -289.695 12038.5 -456.32
11983.6 -302.713 12052.2 -451.113
11997 -328.748 12066.8 -458.924
12011 -328.748 12080.8 -456.32
12025.3 -320.937 12094.8 -445.906
12039.3 -309.222 12109.1 -430.285
12052.2 -333.955 12123.5 -422.474
12066.5 -313.127 12136.9 -448.51
12081.1 -302.713 12151.8 -479.752
12093.7 -296.204 12165.2 -456.32
12109.1 -287.092 12179 -439.397
12123.2 -287.092 12193.5 -435.492
12136.3 -266.264 12207.6 -453.717
12151.2 -290.997 12222.2 -436.794
12165.2 -287.092 12236.2 -482.355
12179.2 -294.902 12249.1 -466.734
12193 -294.902 12264.2 -469.338
12207 -279.281 12277.4 -447.208
12221.3 -246.737 12291.7 -438.096
12234.7 -248.039 12305.1 -445.906
12248.8 -270.169 12319.5 -426.38
12263.7 -242.832 12333.8 -457.622
12277.7 -236.323 12348.7 -452.415
12290.5 -246.737 12361.8 -481.053
12305.1 -279.281 12375.9 -453.717
12318.6 -255.85 12389.9 -445.906
12332.9 -263.66 12403.9 -435.492
12346.6 -228.513 12417.9 -427.681
12360.7 -244.134 12432 -449.811
12374.7 -222.004 12446.3 -436.794
12389 -219.401 12460.3 -460.225
12403.3 -211.59 12474.6 -439.397
12416.5 -177.744 12488.6 -440.699
12430.8 -201.176 12502.7 -409.457
12445.4 -225.909 12516.7 -431.587
12459.7 -180.348 12530.7 -440.699
12472.9 -168.632 12544.8 -448.51
12486.9 -206.383 12558.2 -484.959
12500.6 -185.555 12572.2 -453.717
12515 -149.106 12586.6 -430.285
12528.7 -168.632 12601.5 -408.155
12543 -143.899 12614.9 -395.138
12557.3 -177.744 12628.9 -388.629
12571.4 -158.218 12642.7 -406.853
12585.4 -173.839 12656.7 -378.215
12599.4 -145.2 12671 -376.913
12613.1 -141.295 12685.1 -395.138
12626.6 -139.993 12698.8 -340.464
12641.5 -119.165 12713.7 -363.895
12654.9 -116.562 12727.4 -356.085
12668.4 -106.148 12740.6 -374.309
12683.6 -98.3372 12755.5 -387.327
12696.8 -98.3372 12768.4 -395.138
12710.8 -82.7162 12783 -359.99
12725.4 -97.0355 12798.2 -331.352
12738.8 -65.7934 12811.9 -324.843
12753.8 -65.7934 12824.8 -339.162
12766.6 -78.8109 12839.4 -311.825
12781.5 -48.8705 12853.2 -336.559
12794.7 -46.267 12866.6 -313.127
12809.6 -59.2846 12882.4 -320.937
12822.5 -42.3617 12895.9 -261.057
12837.4 -48.8705 12909.9 -262.358
12851.4 -51.474 12923.4 -259.755
12865.2 -28.0424 12938.6 -297.506
12879.5 -33.2495 12951.1 -298.808
12893.2 -8.5161 12965.2 -257.151
12907.6 -11.1196 12979.5 -293.601
12921 1.89794 12993.8 -201.176
12935.1 43.5541 13007.9 -231.116
12948.2 13.6137 13022.5 -227.211
12962.5 8.40672 13036.3 -266.264
12977.2 25.3295 13050.3 -236.323
12991.8 16.2173 13063.7 -263.66
13004.4 -9.81786 13078.1 -263.66
13019 37.0453 13092.7 -245.436
13032.7 40.9506 13107 -245.436
13047.4 76.098 13120.2 -218.099
13061.4 56.5717 13134.8 -211.59
13075.2 87.8138 13149.2 -211.59
13089.5 100.831 13162.3 -258.453
13102.4 68.2875 13176.7 -263.66
13117.3 74.7963 13189.8 -261.057
13131 87.8138 13205 -253.246
13145.4 85.2103 13218.5 -248.039
13160 86.5121 13232.5 -242.832
13172.9 90.4173 13246.6 -271.471
13187.5 83.9085 13260.3 -231.116
13200.9 108.642 13274.7 -220.702
13214.4 98.2279 13288.7 -164.727
13229.9 82.6068 13303.1 -215.495
13243.7 138.582 13316.8 -189.46
13256.8 171.126 13331.4 -143.899
13271.2 124.263 13344.9 -206.383
13284.3 135.979 13359.5 -216.797
13299.5 146.393 13373.6 -186.857
13313 135.979 13387.3 -162.123
13327.3 173.73 13402 -136.088
13341.1 177.635 13415.7 -108.751
13354.3 191.954 13429.5 -117.864
13368.9 180.238 13443.5 -97.0355
13383.5 244.025 13457 -87.9232
13396.7 191.954 13472.5 -98.3372
13411 181.54 13485.4 -56.6811
13425.1 181.54 13499.1 -47.5688
13439.1 228.403 13514.1 -31.9477
13452.6 247.93 13527.8 -8.5161
13466.9 281.775 13542.2 11.0102
13481 285.681 13556.8 37.0453
13494.5 300 13570 34.4418
13508.8 329.94 13584.9 65.684
13523.1 316.923 13598.1 29.2348
13536.6 328.639 13612.7 76.098
13550.9 329.94 13626.8 119.056
13564.7 279.172 13641.1 70.891
13579.6 326.035 13654.9 132.074
13592.8 353.372 13668.6 129.47
13607.1 352.07 13682.7 137.281
13621.2 391.123 13697 164.617
13634.7 395.028 13710.8 204.972
13649.6 426.27 13724.5 143.789
13663.6 440.59 13739.2 193.256
13677.1 447.098 13752.6 150.298
13690.9 423.667 13766.7 168.523
13706.1 454.909 13781.6 198.463
13719 430.176 13795.7 229.705
13732.7 496.565 13810.3 251.835
13747.4 483.548 13824.1 309.112
13761.4 491.358 13838.4 314.319
13775.2 487.453 13851.6 294.793
13789.2 521.298 13866.5 316.923
13802.4 522.6 13880 300
13816.8 521.298 13894.1 344.26
13830.8 536.92 13908.4 361.182
13844.9 539.523 13923.3 397.632
13859.2 562.955 13937.7 413.253
13872.7 613.723 13951.4 451.004
13886.7 586.386 13966.4 441.891
13900.8 626.741 13981.3 437.986
13914.9 660.586 13993.9 444.495
13928.6 664.492 13999.8 497.867
13942.1 669.699 13985.4 500.47
13957.6 574.67 13970.5 551.239
