7014.45 -415.966 7029.41 -396.439
7004.78 -341.766 7041.43 -417.267
7000.38 -362.594 7056.96 -383.422
7009.76 -359.99 7071.03 -376.913
7022.08 -388.629 7084.52 -401.646
7035.86 -336.559 7098.59 -410.759
7050.81 -363.895 7112.66 -400.345
7064.88 -343.067 7126.14 -418.569
7078.66 -363.895 7140.5 -436.794
7093.31 -371.706 7154.57 -410.759
7107.09 -320.937 7169.22 -443.303
7120.28 -357.387 7182.7 -397.741
7134.64 -371.706 7196.77 -406.853
7149.29 -309.222 7211.13 -445.906
7163.95 -341.766 7224.61 -399.043
7177.43 -333.955 7238.97 -384.723
7190.61 -375.611 7252.74 -396.439
7204.98 -319.636 7267.1 -417.267
7219.04 -331.352 7281.16 -399.043
7232.81 -332.653 7294.05 -415.966
7247.76 -369.102 7309.87 -378.215
7261.53 -326.144 7323.05 -386.025
7275.88 -349.576 7336.82 -373.008
7289.36 -328.748 7350.59 -406.853
7304.3 -348.274 7365.24 -419.871
7317.78 -333.955 7379 -404.25
7331.25 -356.085 7393.06 -399.043
7345.02 -331.352 7407.42 -380.818
7359.67 -354.783 7420.6 -415.966
7374.02 -333.955 7435.24 -409.457
7388.08 -352.18 7449.3 -400.345
7401.27 -333.955 7462.48 -382.12
7415.32 -319.636 7477.12 -382.12
7429.68 -324.843 7491.18 -410.759
7443.73 -332.653 7505.53 -371.706
7457.79 -344.369 7519.87 -408.155
7472.14 -348.274 7532.76 -359.99
7486.2 -366.499 7546.81 -428.983
7500.84 -323.541 7561.16 -399.043
7513.72 -309.222 7575.51 -423.776
7528.66 -307.92 7590.14 -389.931
7542.13 -337.86 7603.03 -387.327
7556.47 -307.92 7617.08 -378.215
7569.94 -313.127 7632.01 -384.723
7585.17 -332.653 7645.47 -418.569
7597.76 -350.878 7660.4 -405.552
7611.81 -363.895 7673.57 -401.646
7626.15 -346.973 7688.21 -438.096
7639.62 -315.73 7701.67 -426.38
7654.26 -320.937 7715.43 -402.948
7668.89 -353.481 7729.48 -387.327
7682.36 -343.067 7743.82 -408.155
7696.11 -352.18 7758.16 -435.492
7709.87 -370.404 7772.79 -402.948
7723.92 -366.499 7786.25 -402.948
7738.85 -365.197 7799.71 -430.285
7752.01 -337.86 7814.93 -409.457
7766.35 -359.99 7827.81 -414.664
7780.69 -328.748 7842.14 -426.38
7794.15 -319.636 7855.6 -414.664
7807.61 -343.067 7870.82 -392.534
7821.95 -344.369 7883.69 -410.759
7836 -362.594 7898.9 -434.19
7850.92 -345.671 7912.07 -373.008
7864.67 -341.766 7926.11 -391.232
7878.72 -346.973 7941.03 -397.741
7892.17 -350.878 7953.9 -383.422
7907.1 -343.067 7968.23 -417.267
7921.14 -339.162 7983.15 -386.025
7935.18 -314.429 7996.61 -400.345
7947.47 -352.18 8010.06 -373.008
7963.26 -339.162 8024.68 -373.008
7976.42 -370.404 8037.85 -393.836
7991.05 -323.541 8052.76 -399.043
8005.09 -349.576 8065.34 -419.871
8019.13 -359.99 8079.96 -371.706
8032.58 -365.197 8094.87 -384.723
8046.91 -343.067 8108.62 -400.345
8060.66 -358.688 8123.24 -426.38
8074.4 -314.429 8136.4 -367.801
8089.61 -324.843 8150.43 -387.327
8103.65 -304.015 8164.18 -395.138
8116.51 -335.257 8179.67 -397.741
8130.84 -333.955 8192.83 -339.162
8144.29 -337.86 8207.45 -358.688
8159.5 -349.576 8220.9 -380.818
8172.66 -336.559 8235.22 -399.043
8186.1 -344.369 8248.96 -380.818
8201.01 -362.594 8262.7 -397.741
8215.05 -320.937 8277.32 -393.836
8229.08 -346.973 8291.35 -408.155
8242.82 -330.05 8305.09 -371.706
8257.73 -326.144 8319.41 -413.362
8271.76 -346.973 8333.44 -402.948
8285.21 -319.636 8346.59 -409.457
8298.95 -333.955 8361.2 -402.948
8313.27 -343.067 8375.52 -389.931
8327.88 -339.162 8389.26 -375.611
8340.16 -314.429 8402.41 -391.232
8355.36 -328.748 8417.9 -384.723
8369.09 -356.085 8431.64 -379.516
8383.12 -340.464 8445.37 -348.274
8396.86 -315.73 8459.1 -369.102
8410.6 -332.653 8474.3 -374.309
8425.5 -330.05 8487.16 -365.197
8438.94 -341.766 8501.47 -395.138
8452.97 -326.144 8515.2 -369.102
8467.58 -349.576 8530.11 -373.008
8482.48 -341.766 8543.55 -387.327
8495.34 -328.748 8557.57 -417.267
8509.66 -365.197 8571.01 -365.197
8523.39 -332.653 8585.91 -349.576
8537.12 -362.594 8600.52 -357.387
8551.43 -350.878 8612.78 -386.025
8565.46 -354.783 8628.27 -374.309
8579.77 -353.481 8642 -413.362
8592.92 -350.878 8654.85 -375.611
8607.53 -318.334 8670.33 -387.327
8621.26 -384.723 8683.48 -414.664
8634.99 -348.274 8698.66 -374.309
8649.01 -336.559 8712.39 -374.309
8663.9 -343.067 8726.12 -357.387
8677.63 -341.766 8739.55 -373.008
8691.95 -310.523 8754.74 -352.18
8705.67 -349.576 8767.3 -384.723
8719.4 -336.559 8782.48 -405.552
8733.42 -320.937 8795.63 -393.836
8747.73 -367.801 8810.52 -366.499
8762.04 -341.766 8824.25 -378.215
8776.35 -309.222 8838.56 -426.38
8789.2 -345.671 8852.57 -386.025
8803.81 -306.618 8866.88 -369.102
8818.41 -317.032 8880.6 -356.085
8831.26 -318.334 8894.04 -379.516
8845.86 -332.653 8908.93 -393.836
8859.58 -310.523 8923.23 -419.871
8873.31 -359.99 8936.37 -409.457
8887.61 -331.352 8950.97 -391.232
8902.21 -319.636 8963.82 -373.008
8915.35 -327.446 8978.41 -383.422
8929.66 -298.808 8993.3 -388.629
8944.26 -330.05 9007.02 -384.723
8957.69 -339.162 9021.33 -354.783
8971.7 -354.783 9034.76 -402.948
8985.42 -333.955 9048.77 -357.387
9000.31 -320.937 9063.37 -382.12
9013.45 -328.748 9076.79 -388.629
9027.46 -335.257 9091.39 -366.499
9041.76 -311.825 9105.69 -400.345
9055.78 -323.541 9119.41 -386.025
9069.5 -324.843 9132.55 -400.345
9084.09 -336.559 9146.85 -384.723
9098.4 -370.404 9161.74 -399.043
9111.24 -354.783 9175.16 -397.741
9125.83 -336.559 9189.46 -388.629
9139.84 -353.481 9204.06 -371.706
9154.15 -352.18 9217.48 -388.629
9168.16 -337.86 9231.2 -374.309
9181.29 -370.404 9244.04 -361.292
9196.18 -370.404 9260.38 -375.611
9209.89 -348.274 9273.22 -335.257
9223.03 -356.085 9287.23 -357.387
9237.62 -339.162 9301.24 -375.611
9252.21 -317.032 9315.54 -386.025
9265.64 -339.162 9329.25 -399.043
9280.23 -333.955 9343.26 -404.25
9293.36 -327.446 9357.85 -387.327
9307.95 -313.127 9371.28 -383.422
9321.08 -358.688 9386.16 -376.913
9337.13 -341.766 9400.16 -410.759
9350.85 -343.067 9413.88 -379.516
9363.98 -354.783 9427.01 -376.913
9378.28 -336.559 9442.47 -380.818
9391.7 -317.032 9455.31 -410.759
9406.58 -315.73 9468.73 -383.422
9419.71 -363.895 9483.9 -363.895
9433.72 -343.067 9498.2 -358.688
9448.31 -335.257 9513.08 -380.818
9462.02 -366.499 9527.09 -374.309
9476.03 -363.895 9539.34 -369.102
9490.03 -348.274 9553.93 -378.215
9504.04 -330.05 9568.22 -417.267
9518.33 -363.895 9581.64 -408.155
9532.05 -361.292 9596.23 -414.664
9546.34 -331.352 9610.53 -412.06
9559.47 -313.127 9624.82 -417.267
9574.35 -370.404 9636.78 -409.457
9588.06 -326.144 9652.83 -388.629
9602.36 -361.292 9665.95 -405.552
9616.65 -320.937 9681.41 -405.552
9630.66 -374.309 9695.42 -383.422
9644.37 -346.973 9708.84 -388.629
9658.08 -343.067 9722.55 -417.267
9671.79 -311.825 9736.26 -435.492
9686.37 -314.429 9751.13 -421.173
9700.38 -326.144 9765.72 -386.025
9714.67 -330.05 9777.68 -393.836
9728.38 -352.18 9792.26 -391.232
9742.38 -324.843 9806.85 -400.345
9755.22 -357.387 9820.85 -423.776
9770.39 -386.025 9835.14 -378.215
9784.68 -376.913 9848.85 -402.948
9798.39 -373.008 9863.44 -401.646
9812.1 -335.257 9876.85 -384.723
9826.1 -369.102 9891.15 -386.025
9839.52 -350.878 9906.02 -415.966
9854.1 -324.843 9918.27 -389.931
9868.1 -340.464 9932.86 -362.594
9882.98 -331.352 9947.44 -414.664
9896.1 -349.576 9960.86 -378.215
9910.11 -336.559 9975.73 -378.215
9924.4 -337.86 9989.44 -427.681
9937.81 -337.86 10003.4 -417.267
9952.4 -322.239 10017.1 -410.759
9966.4 -333.955 10031.1 -419.871
9980.4 -319.636 10045.7 -408.155
9994.11 -349.576 10059.1 -401.646
10008.1 -340.464 10072.9 -363.895
10022.1 -357.387 10087.7 -350.878
10035.5 -365.197 10102 -396.439
10050.4 -328.748 10115.4 -397.741
10064.7 -366.499 10129.4 -392.534
10078.4 -327.446 10143.4 -369.102
10092.4 -318.334 10158.3 -396.439
10105.8 -366.499 10172 -373.008
10120.4 -323.541 10185.4 -389.931
10135 -317.032 10200 -358.688
10148.7 -330.05 10213.4 -366.499
10161.5 -310.523 10227.1 -373.008
10176.4 -326.144 10242.6 -361.292
10190.4 -322.239 10255.7 -400.345
10203.8 -341.766 10270 -374.309
10218.4 -333.955 10284 -391.232
10232.1 -343.067 10298.3 -388.629
10246.4 -353.481 10311.4 -384.723
10260.1 -359.99 10326.3 -427.681
10274.4 -359.99 10340.3 -388.629
10288.7 -362.594 10354.9 -346.973
10302.1 -326.144 10367.7 -359.99
10317.3 -337.86 10382.3 -370.404
10330.7 -341.766 10396.3 -375.611
10344.4 -337.86 10411.2 -400.345
10357.5 -359.99 10423.4 -387.327
10372.4 -353.481 10438.6 -393.836
10386.4 -361.292 10452 -373.008
10401 -352.18 10466.3 -392.534
10413.8 -341.766 10481.2 -422.474
10428.1 -340.464 10494.9 -410.759
10442.1 -343.067 10508.3 -405.552
10456.1 -317.032 10522.6 -370.404
10469.8 -315.73 10537.7 -383.422
10484.9 -328.748 10550.6 -409.457
10498.1 -309.222 10564 -379.516
10512.1 -315.73 10578.9 -378.215
10526.6 -362.594 10592 -405.552
10540.4 -332.653 10607.4 -379.516
10554.4 -353.481 10620.9 -378.215
10568.4 -356.085 10634.6 -361.292
10582.6 -340.464 10648.9 -370.404
10596.6 -332.653 10662.9 -376.913
10610.6 -357.387 10677.1 -371.706
10624.9 -328.748 10690.6 -362.594
10639.5 -336.559 10705.1 -370.404
10652.6 -352.18 10719.7 -391.232
10665.8 -328.748 10733.1 -359.99
10680.1 -350.878 10748 -348.274
10694.9 -350.878 10762.3 -380.818
10708.6 -328.748 10775.1 -387.327
10722.6 -349.576 10789.1 -366.499
10735.5 -358.688 10804 -365.197
10750.9 -326.144 10817.1 -370.404
10764.9 -323.541 10831.1 -371.706
10778.7 -352.18 10845.4 -392.534
10792.6 -352.18 10859.4 -401.646
10806.4 -340.464 10873.7 -400.345
10820.4 -336.559 10887.4 -380.818
10834.9 -343.067 10901.5 -402.948
10848.9 -328.748 10916 -371.706
10862.1 -357.387 10929.7 -352.18
10877 -337.86 10944 -371.706
10891.2 -328.748 10958.3 -370.404
10904.4 -346.973 10971.2 -396.439
10919.2 -353.481 10985.2 -363.895
10931.8 -337.86 10999.8 -369.102
10946.4 -374.309 11014 -405.552
10960.7 -365.197 11028 -349.576
10974.1 -345.671 11041.8 -359.99
10989.3 -339.162 11056.1 -358.688
11003 -322.239 11069.8 -369.102
11016.7 -354.783 11084.1 -376.913
11030.7 -331.352 11097.8 -370.404
11044.4 -332.653 11112.3 -363.895
11058.4 -350.878 11126.4 -375.611
11071.8 -371.706 11140.7 -353.481
11087.3 -359.99 11154.4 -365.197
11100.7 -345.671 11168.4 -345.671
11114.7 -354.783 11182.4 -358.688
11129.3 -332.653 11196.7 -337.86
11143.3 -318.334 11210.1 -336.559
11157 -327.446 11224.4 -357.387
11171 -354.783 11239 -352.18
11185.6 -330.05 11252.4 -386.025
11199 -323.541 11267 -401.646
11212.4 -333.955 11281 -397.741
11226.4 -357.387 11294.4 -350.878
11240.4 -361.292 11309 -410.759
11253.9 -349.576 11323 -399.043
11268.4 -326.144 11336.1 -393.836
11283.6 -309.222 11350.7 -402.948
11296.7 -317.032 11365 -432.888
11310.5 -339.162 11378.7 -471.941
11324.2 -293.601 11392.5 -445.906
11339.1 -317.032 11407.6 -445.906
11352.5 -317.032 11421 -465.432
11366.8 -339.162 11435.9 -406.853
11381.6 -348.274 11449.4 -470.639
11395.1 -353.481 11463.1 -466.734
11408.8 -354.783 11477.1 -438.096
11422.2 -339.162 11490.5 -490.166
11436.8 -365.197 11505.7 -491.467
11450.8 -346.973 11519.7 -460.225
11464.8 -341.766 11533.1 -447.208
11479.1 -358.688 11547.1 -456.32
11492.8 -328.748 11560.8 -440.699
11506.9 -365.197 11575.1 -457.622
11521.4 -323.541 11589.4 -440.699
11535.5 -319.636 11603.5 -443.303
11548.9 -306.618 11618 -447.208
11562.9 -331.352 11632 -449.811
11576.9 -336.559 11644.9 -455.018
11590.3 -327.446 11659.5 -470.639
11603.7 -318.334 11674.1 -487.562
11619.2 -314.429 11688.7 -478.45
11632.9 -335.257 11702.1 -484.959
11646.4 -326.144 11716.4 -444.604
11660.4 -332.653 11730.4 -460.225
11674.7 -319.636 11743.9 -478.45
11688.7 -341.766 11758.2 -468.036
11702.7 -335.257 11772.2 -436.794
11716.7 -341.766 11786.5 -409.457
11730.7 -331.352 11799.9 -434.19
11744.1 -324.843 11814.2 -449.811
11758.7 -363.895 11828.2 -470.639
11773.6 -348.274 11842 -530.52
11787.4 -354.783 11855.7 -465.432
11800.8 -317.032 11870.3 -455.018
11815.1 -348.274 11885.2 -456.32
11828.8 -319.636 11899.5 -449.811
11842.8 -319.636 11912 -457.622
11856.5 -344.369 11926.6 -468.036
11871.1 -349.576 11940.3 -471.941
11885.5 -300.109 11954.7 -471.941
11898.9 -300.109 11969.3 -482.355
11913.2 -328.748 11982.7 -461.527
11927.8 -300.109 11997 -447.208
11941.2 -313.127 12010.7 -473.243
11955.8 -313.127 12025 -456.32
11969 -328.748 12039.3 -431.587
11983.3 -306.618 12053.4 -443.303
11996.4 -337.86 12066.5 -440.699
12010.4 -328.748 12080.5 -451.113
12024.7 -285.79 12095.4 -440.699
12039 -317.032 12109.1 -444.604
12053.1 -317.032 12123.2 -422.474
12067.4 -335.257 12136.6 -425.078
12081.1 -326.144 12150.3 -449.811
12093.7 -320.937 12165.5 -452.415
12108.8 -336.559 12179.2 -425.078
12123.2 -340.464 12193 -413.362
12137.2 -306.618 12207.9 -435.492
12150.9 -285.79 12221.9 -445.906
12165.5 -272.773 12235.3 -436.794
12179 -272.773 12249.4 -457.622
12193.5 -279.281 12263.4 -382.12
12207.3 -279.281 12277.4 -400.345
12221.6 -304.015 12291.7 -445.906
12234.1 -288.394 12305.7 -455.018
12248.8 -280.583 12319.8 -460.225
12263.1 -294.902 12332.9 -453.717
12277.1 -258.453 12347.8 -470.639
12290.5 -240.229 12361.8 -392.534
12304.3 -241.53 12375.6 -423.776
12319.5 -251.944 12389.6 -421.173
12332.6 -249.341 12403.6 -391.232
12348.1 -255.85 12418.5 -406.853
12361.2 -270.169 12431.7 -419.871
12375.9 -231.116 12446 -401.646
12389.3 -254.548 12460.6 -432.888
12403.3 -207.685 12473.4 -389.931
12416.5 -210.288 12487.8 -435.492
12430.8 -186.857 12502.7 -431.587
12445.7 -214.194 12516.1 -399.043
12459.4 -210.288 12530.2 -409.457
12473.2 -181.65 12544.8 -430.285
12486.6 -218.099 12558.8 -400.345
12501.5 -197.271 12571.6 -341.766
12515 -184.253 12586.6 -396.439
12529.3 -188.158 12600.6 -359.99
12542.1 -146.502 12615.5 -380.818
12557 -128.278 12628.3 -409.457
12570.8 -192.064 12643.3 -414.664
12584.8 -154.313 12657.3 -371.706
12599.1 -172.537 12669.9 -318.334
12613.7 -171.236 12685.1 -348.274
12627.2 -113.958 12699.1 -311.825
12640.9 -179.046 12714 -346.973
12655.3 -149.106 12727.2 -340.464
12668.4 -133.485 12740.9 -388.629
12683.9 -128.278 12755.5 -370.404
12696.8 -103.544 12768.4 -400.345
12710.8 -99.639 12782.7 -356.085
12725.1 -112.657 12796.5 -359.99
12738 -128.278 12811.4 -331.352
12753.8 -99.639 12825.4 -319.636
12766.3 -124.372 12839.1 -264.962
12781.2 -112.657 12854.3 -276.678
12794.4 -86.6215 12867.2 -305.316
12809.3 -60.5863 12881.5 -335.257
12822.8 -69.6986 12896.2 -330.05
12837.4 -108.751 12909.9 -320.937
12851.1 -110.053 12923.4 -309.222
12864.9 -107.45 12937.7 -279.281
12878.9 -86.6215 12952.3 -266.264
12893.5 -120.467 12965.8 -223.306
12906.1 -106.148 12980.1 -203.779
12921 -80.1127 12994.1 -199.874
12934.8 -71.0004 13008.5 -231.116
12949.1 -61.8881 13021.6 -235.022
12963.1 -34.5512 13036 -263.66
12976.9 -29.3442 13050.3 -250.643
12991.8 -44.9653 13064.3 -233.72
13005.2 -34.5512 13077.8 -241.53
13019 -21.5337 13093 -211.59
13033.3 -51.474 13107 -225.909
13047.1 -21.5337 13120.2 -195.969
13061.4 -35.853 13135.1 -190.762
13075.4 7.10496 13149.2 -212.892
13089.8 24.0278 13161.5 -212.892
13102.7 20.1225 13176.4 -223.306
13116.7 42.2524 13190.7 -249.341
13131 26.6313 13205.3 -212.892
13144.8 31.8383 13218.2 -201.176
13158.5 35.7436 13232.8 -176.443
13172.6 51.3647 13247.5 -155.615
13187.8 38.3471 13261.2 -166.029
13200.6 63.0805 13274.1 -162.123
13215.3 103.435 13289.3 -151.709
13229.9 109.944 13303.1 -186.857
13242.8 106.038 13317.7 -181.65
13257.1 108.642 13330 -166.029
13270.6 64.3822 13345.2 -113.958
13286.1 95.6243 13359.5 -128.278
13299 122.961 13373.3 -130.881
13313.3 103.435 13387.3 -100.941
13326.2 124.263 13402 -95.7337
13341.1 147.695 13415.4 -113.958
13355.4 215.386 13429.2 -132.183
13370.1 180.238 13444.4 -107.45
13382.6 251.835 13457.3 -129.579
13397 221.895 13472.2 -139.993
13411.3 220.593 13486.3 -100.941
13425.4 178.937 13499.1 -98.3372
13438.3 198.463 13514.1 -42.3617
13452.9 176.333 13528.1 -69.6986
13466.9 234.912 13541.6 -24.1372
13480.4 254.439 13556.5 -33.2495
13495.9 281.775 13570.3 -35.853
13508.5 311.716 13584.9 -33.2495
13522.5 331.242 13598.1 -29.3442
13536.9 323.432 13611.2 -25.4389
13551.2 322.13 13626.2 -7.21435
13565 344.26 13640.8 48.7611
13579 342.958 13654.9 63.0805
13592.5 378.105 13669.2 56.5717
13606.9 372.898 13682.7 60.4769
13621.2 392.425 13697.9 55.2699
13634.7 427.572 13710.8 68.2875
13649.6 493.962 13724.5 73.4945
13663 449.702 13739.2 65.684
13677.7 487.453 13753.5 134.677
13691.2 437.986 13767 141.186
13705.8 435.383 13781.6 185.445
13718.1 460.116 13795.4 199.765
13731.9 428.874 13810.3 167.221
13747.1 471.832 13824.7 216.688
13760.5 538.221 13837.8 202.368
13775.2 577.274 13851.6 202.368
13788.6 609.818 13865.7 251.835
13804.2 616.327 13880.6 237.516
13816.5 604.611 13895.2 300
13831.1 603.309 13908.4 314.319
13844.9 556.446 13923.6 354.674
13859.8 599.404 13937.7 388.519
13873 569.463 13951.7 401.537
13887 626.741 13965.8 421.063
13900.8 634.551 13981 406.744
13914.6 687.923 13994.2 434.081
13928.9 678.811 14000.1 484.849
13943.3 687.923 13985.1 493.962
13956.7 596.8 13971.4 548.635
