7014.16 -404.25 7028.53 -373.008
7004.78 -327.446 7042.6 -410.759
7000.09 -326.144 7057.26 -379.516
7008.89 -318.334 7070.15 -395.138
7022.37 -324.843 7084.81 -373.008
7035.86 -320.937 7098.88 -374.309
7049.93 -369.102 7112.95 -380.818
7064.88 -335.257 7126.73 -382.12
7079.24 -366.499 7141.38 -388.629
7092.43 -341.766 7154.57 -365.197
7106.21 -323.541 7168.64 -375.611
7121.45 -302.713 7182.41 -373.008
7134.64 -305.316 7197.36 -395.138
7148.71 -356.085 7211.42 -426.38
7163.65 -317.032 7224.9 -410.759
7176.84 -320.937 7238.67 -389.931
7191.49 -357.387 7252.74 -373.008
7204.68 -337.86 7267.39 -378.215
7218.75 -314.429 7280.87 -376.913
7233.11 -337.86 7295.22 -426.38
7247.76 -336.559 7309.58 -408.155
7260.94 -314.429 7323.05 -376.913
7275.3 -336.559 7337.41 -404.25
7289.36 -307.92 7351.47 -417.267
7302.84 -318.334 7366.11 -389.931
7317.78 -314.429 7378.71 -393.836
7332.14 -335.257 7393.36 -383.422
7346.2 -333.955 7406.83 -378.215
7359.67 -322.239 7421.77 -379.516
7373.73 -326.144 7435.83 -344.369
7387.79 -353.481 7449 -379.516
7402.44 -348.274 7463.36 -367.801
7415.91 -326.144 7476.83 -412.06
7429.68 -322.239 7491.76 -382.12
7444.32 -322.239 7505.53 -384.723
7457.79 -322.239 7519.29 -397.741
7471.85 -335.257 7533.64 -384.723
7486.78 -324.843 7547.4 -367.801
7499.38 -359.99 7561.45 -380.818
7514.02 -322.239 7576.09 -408.155
7528.36 -353.481 7589.56 -366.499
7542.71 -335.257 7603.32 -369.102
7555.89 -294.902 7617.37 -350.878
7570.53 -313.127 7631.72 -388.629
7585.17 -332.653 7645.77 -337.86
7598.05 -327.446 7659.53 -370.404
7611.81 -339.162 7673.28 -391.232
7625.86 -314.429 7688.21 -375.611
7640.2 -352.18 7702.26 -336.559
7654.26 -371.706 7715.72 -400.345
7668.01 -332.653 7729.77 -371.706
7682.36 -324.843 7744.11 -387.327
7696.7 -300.109 7757.28 -354.783
7709.87 -318.334 7770.74 -357.387
7724.8 -341.766 7786.84 -376.913
7738.55 -323.541 7800.3 -375.611
7752.6 -352.18 7814.05 -378.215
7765.77 -353.481 7828.1 -374.309
7779.82 -358.688 7842.73 -352.18
7794.74 -332.653 7856.19 -382.12
7807.91 -349.576 7870.23 -349.576
7822.83 -307.92 7883.98 -388.629
7836.58 -300.109 7898.9 -365.197
7850.63 -324.843 7911.48 -366.499
7864.67 -317.032 7927.57 -361.292
7879.3 -340.464 7940.45 -376.913
7893.05 -323.541 7954.78 -357.387
7906.22 -345.671 7967.94 -406.853
7921.14 -348.274 7982.27 -376.913
7934.59 -324.843 7996.31 -369.102
7948.93 -346.973 8010.35 -365.197
7962.68 -331.352 8024.68 -382.12
7977.89 -332.653 8039.31 -392.534
7990.17 -339.162 8052.76 -402.948
8005.38 -349.576 8066.22 -399.043
8019.13 -336.559 8080.25 -375.611
8033.17 -324.843 8094.58 -348.274
8046.62 -324.843 8107.74 -374.309
8061.54 -317.032 8122.07 -379.516
8074.7 -345.671 8135.81 -348.274
8089.03 -297.506 8150.43 -383.422
8102.48 -336.559 8164.47 -373.008
8117.1 -320.937 8179.67 -356.085
8130.26 -296.204 8192.83 -373.008
8144.58 -281.885 8206.86 -378.215
8158.62 -313.127 8220.9 -404.25
8173.24 -328.748 8234.93 -361.292
8187.57 -327.446 8248.67 -389.931
8201.89 -284.488 8262.11 -373.008
8214.46 -333.955 8277.61 -343.067
8229.96 -307.92 8291.64 -357.387
8243.41 -326.144 8304.5 -353.481
8256.56 -322.239 8318.82 -353.481
8270.3 -328.748 8333.15 -400.345
8285.21 -336.559 8347.47 -395.138
8299.53 -331.352 8361.5 -402.948
8313.56 -317.032 8374.94 -382.12
8327.01 -333.955 8389.26 -396.439
8341.33 -315.73 8402.7 -361.292
8355.07 -324.843 8417.32 -383.422
8369.39 -324.843 8431.93 -392.534
8383.12 -297.506 8446.54 -345.671
8397.44 -306.618 8460.86 -410.759
8410.89 -331.352 8474.01 -400.345
8425.21 -333.955 8487.74 -367.801
8439.23 -314.429 8501.47 -397.741
8452.97 -277.98 8515.2 -374.309
8467.87 -305.316 8529.81 -380.818
8481.02 -304.015 8543.55 -383.422
8495.04 -313.127 8558.45 -396.439
8509.66 -290.997 8571.59 -362.594
8522.8 -310.523 8585.91 -396.439
8537.12 -305.316 8599.93 -389.931
8551.43 -327.446 8613.37 -346.973
8566.04 -339.162 8627.97 -374.309
8579.77 -327.446 8642 -361.292
8592.92 -307.92 8656.02 -322.239
8607.23 -341.766 8670.62 -362.594
8621.55 -320.937 8683.18 -375.611
8635.28 -346.973 8698.66 -370.404
8649.88 -323.541 8711.81 -361.292
8664.2 -298.808 8726.12 -374.309
8678.22 -330.05 8740.43 -373.008
8691.66 -300.109 8754.45 -383.422
8705.09 -336.559 8768.47 -363.895
8718.82 -318.334 8781.9 -337.86
8733.13 -307.92 8796.5 -341.766
8748.02 -340.464 8809.65 -382.12
8762.33 -319.636 8824.83 -353.481
8775.77 -331.352 8838.56 -333.955
8789.2 -302.713 8852.28 -392.534
8803.81 -318.334 8865.71 -365.197
8816.95 -300.109 8880.9 -354.783
8831.84 -324.843 8894.33 -367.801
8846.44 -343.067 8908.64 -358.688
8860.16 -331.352 8923.23 -369.102
8873.31 -305.316 8936.66 -373.008
8887.03 -314.429 8950.97 -359.99
8901.63 -340.464 8964.69 -362.594
8916.52 -327.446 8978.12 -345.671
8929.37 -363.895 8994.18 -359.99
8943.67 -304.015 9006.44 -367.801
8957.1 -306.618 9020.45 -363.895
8970.24 -323.541 9035.63 -352.18
8987.17 -301.411 9049.06 -354.783
9000.31 -323.541 9062.2 -323.541
9013.45 -328.748 9077.09 -384.723
9027.75 -284.488 9090.81 -427.681
9041.18 -333.955 9104.82 -397.741
9054.9 -302.713 9120 -422.474
9070.08 -318.334 9132.84 -413.362
9083.8 -319.636 9146.56 -392.534
9098.4 -322.239 9161.15 -383.422
9111.53 -285.79 9175.16 -389.931
9125.25 -311.825 9189.46 -333.955
9139.55 -327.446 9204.06 -363.895
9154.15 -365.197 9216.9 -367.801
9168.45 -352.18 9230.61 -357.387
9181.29 -327.446 9245.79 -383.422
9195.59 -361.292 9259.8 -367.801
9209.02 -309.222 9274.1 -354.783
9224.19 -349.576 9287.52 -397.741
9236.75 -335.257 9301.82 -382.12
9251.92 -309.222 9315.54 -388.629
9265.34 -288.394 9329.25 -404.25
9279.94 -319.636 9342.09 -369.102
9293.65 -313.127 9357.56 -393.836
9307.95 -304.015 9370.69 -395.138
9321.08 -341.766 9385.28 -402.948
9337.13 -336.559 9399.87 -365.197
9350.85 -332.653 9413.88 -396.439
9363.98 -344.369 9427.59 -379.516
9377.11 -300.109 9441.6 -391.232
9392.58 -310.523 9456.19 -400.345
9406.29 -305.316 9470.48 -421.173
9419.71 -341.766 9483.61 -382.12
9434.59 -317.032 9497.03 -396.439
9448.02 -333.955 9511.62 -402.948
9462.02 -320.937 9525.63 -423.776
9476.32 -352.18 9540.51 -397.741
9490.03 -318.334 9554.51 -413.362
9504.33 -300.109 9567.93 -384.723
9518.92 -319.636 9582.23 -366.499
9531.46 -344.369 9597.11 -369.102
9545.76 -287.092 9610.23 -382.12
9561.22 -328.748 9624.24 -366.499
9574.35 -307.92 9639.41 -406.853
9587.77 -348.274 9651.95 -414.664
9600.9 -310.523 9665.95 -396.439
9616.65 -340.464 9679.96 -410.759
9630.36 -313.127 9694.25 -401.646
9644.07 -290.997 9708.55 -396.439
9657.78 -315.73 9723.13 -386.025
9672.37 -323.541 9736.26 -380.818
9686.37 -319.636 9751.13 -371.706
9700.08 -314.429 9764.55 -386.025
9713.8 -337.86 9778.85 -379.516
9728.96 -314.429 9793.43 -397.741
9741.51 -318.334 9806.26 -382.12
9756.97 -320.937 9820.85 -412.06
9769.51 -331.352 9834.56 -430.285
9784.39 -318.334 9848.85 -426.38
9798.1 -310.523 9863.44 -439.397
9812.39 -359.99 9877.15 -409.457
9826.1 -348.274 9890.56 -410.759
9839.81 -337.86 9906.61 -431.587
9854.68 -378.215 9918.27 -426.38
9868.98 -292.299 9932.27 -435.492
9880.94 -296.204 9948.02 -404.25
9895.81 -324.843 9961.15 -421.173
9910.11 -313.127 9975.73 -449.811
9924.4 -280.583 9988.86 -427.681
9938.4 -285.79 10003.1 -444.604
9952.98 -324.843 10018.3 -423.776
9967.27 -354.783 10031.1 -438.096
9979.82 -313.127 10045.4 -442.001
9994.69 -307.92 10060 -440.699
10008.4 -318.334 10072.9 -432.888
10022.1 -350.878 10087.7 -423.776
10036.7 -317.032 10102.3 -457.622
10049.8 -290.997 10114.9 -432.888
10064.4 -305.316 10130 -409.457
10079.3 -293.601 10143.7 -405.552
10092.7 -346.973 10158 -395.138
10107 -318.334 10171.7 -397.741
10120.1 -353.481 10185.4 -432.888
10134.1 -340.464 10200.6 -406.853
10149 -352.18 10212.8 -430.285
10162.7 -280.583 10228.3 -448.51
10176.4 -290.997 10241.7 -474.545
10190.1 -284.488 10255.7 -436.794
10204.7 -319.636 10269.7 -434.19
10219 -301.411 10284 -425.078
10232.1 -331.352 10298.9 -418.569
10246.1 -320.937 10312.6 -423.776
10261 -331.352 10326 -414.664
10274.7 -340.464 10339.7 -435.492
10288.1 -309.222 10354.3 -414.664
10302.4 -317.032 10368.6 -415.966
10317 -341.766 10382.6 -438.096
10329.8 -326.144 10396.3 -361.292
10344.4 -320.937 10410.9 -408.155
10358.7 -345.671 10423.7 -382.12
10372.4 -326.144 10438.6 -384.723
10386.4 -379.516 10453.2 -367.801
10400.7 -328.748 10466 -406.853
10414.7 -332.653 10479.4 -455.018
10428.1 -339.162 10495.2 -397.741
10443.5 -304.015 10508.3 -418.569
10456.1 -301.411 10522.3 -425.078
10470.4 -306.618 10536.6 -373.008
10484.7 -336.559 10550.3 -382.12
10498.7 -349.576 10564.3 -397.741
10512.1 -302.713 10579.1 -371.706
10526.6 -336.559 10593.4 -400.345
10540.1 -311.825 10606.3 -382.12
10555.2 -335.257 10620.6 -386.025
10568.6 -313.127 10634.9 -417.267
10582.1 -296.204 10649.4 -431.587
10595.8 -324.843 10663.1 -402.948
10610.9 -349.576 10676.9 -387.327
10623.8 -332.653 10691.7 -379.516
10639.2 -340.464 10704 -374.309
10652.9 -328.748 10718.9 -378.215
10666.9 -317.032 10733.1 -361.292
10680.4 -357.387 10746.9 -406.853
10694.6 -311.825 10761.2 -402.948
10708.6 -305.316 10774.9 -400.345
10722.1 -304.015 10789.4 -421.173
10737.5 -340.464 10802.6 -428.983
10750.4 -335.257 10818.3 -423.776
10765.2 -309.222 10832 -380.818
10778.9 -341.766 10845.4 -402.948
10792.9 -330.05 10859.1 -406.853
10806.9 -314.429 10874.3 -406.853
10820.4 -313.127 10887.7 -430.285
10834.1 -313.127 10901.5 -434.19
10849.5 -300.109 10915.5 -425.078
10862.6 -281.885 10930 -419.871
10876.4 -309.222 10943.5 -389.931
10889.8 -323.541 10957.2 -367.801
10904.7 -333.955 10971.5 -386.025
10918.1 -352.18 10985.8 -345.671
10932.7 -289.695 10999.5 -393.836
10946.9 -306.618 11013.8 -402.948
10960.1 -319.636 11027.8 -401.646
10974.1 -336.559 11042.3 -438.096
10989 -313.127 11055.5 -405.552
11001.8 -332.653 11069.8 -399.043
11017 -346.973 11084.4 -410.759
11030.7 -310.523 11098.4 -400.345
11044.7 -323.541 11111.5 -366.499
11058.4 -344.369 11125.5 -389.931
11072.4 -310.523 11140.9 -418.569
11086.1 -341.766 11154.1 -409.457
11100.4 -324.843 11168.4 -423.776
11113.8 -301.411 11181.5 -432.888
11129 -297.506 11195.8 -431.587
11143.6 -305.316 11210.4 -397.741
11155.8 -320.937 11225 -387.327
11170.4 -327.446 11238.7 -405.552
11185.6 -365.197 11252.1 -375.611
11199.3 -376.913 11266.4 -386.025
11212.1 -319.636 11281 -408.155
11226.1 -320.937 11295 -395.138
11241.3 -304.015 11308.7 -422.474
11253.9 -327.446 11322.7 -409.457
11269 -319.636 11336.4 -405.552
11283 -274.074 11350.4 -387.327
11296.5 -313.127 11364.4 -376.913
11310.5 -314.429 11379.3 -376.913
11323.9 -317.032 11392.2 -388.629
11339.1 -306.618 11407.9 -413.362
11352.5 -330.05 11421.3 -422.474
11367.1 -319.636 11435.1 -430.285
11380.5 -326.144 11449.4 -410.759
11394.8 -336.559 11462.8 -415.966
11408.5 -309.222 11476.8 -380.818
11422.8 -320.937 11491.1 -399.043
11436.8 -320.937 11504.8 -341.766
11451.1 -326.144 11519.4 -399.043
11464.8 -297.506 11533.7 -413.362
11479.4 -354.783 11547.4 -393.836
11491.7 -331.352 11561.1 -417.267
11506.9 -339.162 11576.3 -449.811
11521.1 -307.92 11589.1 -431.587
11535.5 -310.523 11603.2 -404.25
11548.9 -285.79 11617.5 -423.776
11563.2 -318.334 11632 -383.422
11576.6 -327.446 11645.5 -376.913
11591.5 -305.316 11660.4 -418.569
11606.1 -289.695 11673.2 -406.853
11618.3 -330.05 11687.5 -440.699
11632.4 -313.127 11701.5 -458.924
11645.8 -306.618 11715.8 -443.303
11660.7 -300.109 11730.4 -444.604
11675 -307.92 11743.3 -422.474
11689.6 -307.92 11757.9 -384.723
11702.4 -306.618 11772.2 -391.232
11716.7 -332.653 11785.9 -365.197
11731 -317.032 11799.6 -389.931
11743.6 -290.997 11814.8 -400.345
11759 -322.239 11828.5 -419.871
11773.3 -293.601 11842.2 -458.924
11787.6 -288.394 11856.3 -419.871
11800.8 -332.653 11870.9 -382.12
11815.7 -300.109 11883.7 -346.973
11829.4 -276.678 11898.3 -349.576
11843.4 -320.937 11911.4 -354.783
11856.5 -302.713 11926.3 -389.931
11871.1 -306.618 11940.6 -386.025
11885.5 -318.334 11954.9 -414.664
11899.2 -294.902 11969 -405.552
11912.6 -313.127 11982.4 -436.794
11928.1 -288.394 11996.1 -392.534
11941.5 -277.98 12011 -380.818
11956.1 -266.264 12025.6 -354.783
11968.7 -313.127 12038.5 -324.843
11982.7 -313.127 12053.4 -330.05
11996.4 -302.713 12067.1 -379.516
12010.7 -283.187 12081.1 -379.516
12025 -313.127 12094.5 -422.474
12038.8 -301.411 12109.1 -445.906
12053.1 -292.299 12123.5 -436.794
12066.8 -274.074 12136.6 -387.327
12081.4 -267.565 12151.2 -388.629
12094.8 -284.488 12165.5 -380.818
12108.3 -287.092 12178.6 -330.05
12123.5 -271.471 12193.5 -363.895
12136.6 -277.98 12206.7 -358.688
12151.2 -306.618 12222.2 -415.966
12164.6 -267.565 12235.6 -436.794
12179.2 -275.376 12248.8 -455.018
12193 -249.341 12264.2 -410.759
12206.7 -255.85 12277.7 -401.646
12221 -284.488 12290.3 -386.025
12235 -267.565 12306 -358.688
12249.1 -281.885 12320.6 -408.155
12262.5 -271.471 12333.8 -391.232
12277.4 -271.471 12347.2 -401.646
12291.4 -255.85 12361.8 -442.001
12305.1 -251.944 12375 -412.06
12319.2 -215.495 12390.8 -379.516
12332.3 -248.039 12404.5 -397.741
12347.2 -258.453 12418.5 -400.345
12361.2 -233.72 12432 -341.766
12375.6 -229.815 12446 -370.404
12388.7 -194.667 12460.9 -358.688
12403.3 -227.211 12473.4 -353.481
12417 -236.323 12488.1 -397.741
12431.1 -259.755 12502.1 -395.138
12445.1 -193.365 12516.7 -422.474
12458.8 -175.141 12530.7 -367.801
12473.2 -177.744 12544.2 -378.215
12486.9 -220.702 12559.4 -352.18
12501.2 -166.029 12573.1 -339.162
12515.2 -181.65 12585.7 -323.541
12529.3 -182.951 12600.6 -324.843
12543.6 -160.822 12614.6 -341.766
12557.3 -185.555 12627.8 -418.569
12570.8 -182.951 12643 -371.706
12584.8 -167.33 12657.6 -375.611
12599.4 -150.407 12671 -357.387
12612 -116.562 12684.8 -336.559
12627.5 -141.295 12698.5 -301.411
12641.2 -141.295 12712.5 -302.713
12655.8 -142.597 12726.9 -318.334
12669.3 -142.597 12740.9 -297.506
12682.4 -160.822 12754.9 -306.618
12697.3 -146.502 12768.7 -300.109
12711.4 -121.769 12783 -343.067
12724.8 -124.372 12797.6 -320.937
12739.7 -87.9232 12811.9 -307.92
12753.2 -111.355 12824.2 -315.73
12767.5 -89.225 12840 -313.127
12781.2 -86.6215 12853.5 -275.376
12794.7 -59.2846 12867.2 -309.222
12808.7 -82.7162 12881.3 -314.429
12822.8 -61.8881 12895.3 -343.067
12836.5 -74.9056 12909.9 -337.86
12851.1 -42.3617 12923.9 -349.576
12864.9 -57.9828 12938 -292.299
12880.1 -20.2319 12952.6 -259.755
12892.9 -37.1547 12966.6 -288.394
12906.7 -29.3442 12978.9 -236.323
12920.7 -26.7407 12994.1 -253.246
12935.1 -12.4214 13007.9 -259.755
12949.4 -25.4389 13022.2 -284.488
12963.4 -3.30908 13036 -263.66
12976.9 13.6137 13050 -333.955
12990.6 17.519 13063.4 -287.092
13004.9 5.80321 13077.8 -248.039
13019.3 11.0102 13092.7 -307.92
13033.6 18.8208 13106.5 -258.453
13046.5 30.5366 13120.5 -254.548
13061.1 53.9682 13134 -237.625
13075.2 37.0453 13148 -262.358
13089.2 7.10496 13162.6 -244.134
13102.7 85.2103 13176.4 -253.246
13116.7 65.684 13190.7 -248.039
13131.6 81.305 13204.4 -244.134
13144.5 93.0208 13219.1 -208.986
13158.8 83.9085 13233.1 -245.436
13172.9 78.7015 13247.5 -197.271
13187.8 82.6068 13260.9 -164.727
13200.6 77.3998 13274.7 -199.874
13215.3 87.8138 13288.1 -193.365
13229.6 116.452 13303.6 -210.288
13242.8 142.488 13317.1 -188.158
13256.5 125.565 13331.4 -154.313
13271.5 142.488 13345.2 -186.857
13286.1 156.807 13359.2 -185.555
13298.7 156.807 13373.3 -129.579
13313.3 119.056 13387.3 -137.39
13326.8 145.091 13402 -98.3372
13341.7 176.333 13414.6 -99.639
13354.6 165.919 13430.1 -102.243
13368.6 188.049 13444.4 -120.467
13383.5 211.481 13457.6 -104.846
13396.1 210.179 13471.6 -115.26
13410.7 229.705 13486.3 -103.544
13425.7 215.386 13499.4 -100.941
13438.8 207.575 13514.6 -51.474
13452.9 190.653 13528.4 -22.8354
13467.2 202.368 13542.2 33.1401
13479.8 208.877 13556.2 18.8208
13495 253.137 13570.6 20.1225
13508.8 244.025 13584.6 34.4418
13522.8 275.267 13598.9 37.0453
13537.2 301.302 13612.4 14.9155
13551.2 335.147 13626.5 56.5717
13566.4 314.319 13641.4 76.098
13578.5 345.561 13654.9 104.737
13593.4 383.312 13668.9 150.298
13607.1 398.933 13683 189.351
13620.3 397.632 13696.1 190.653
13635.2 383.312 13711.4 185.445
13648.4 419.762 13725.1 195.86
13663.3 410.649 13740 210.179
13676.5 461.418 13753.2 240.119
13691.2 410.649 13766.4 228.403
13704.9 458.814 13781 234.912
13719.3 499.169 13795.4 277.87
13733 490.056 13810.3 314.319
13746.8 534.316 13824.7 337.751
13760.5 530.411 13837.8 375.502
13775.2 560.351 13851.9 357.277
13788.9 582.481 13865.7 353.372
13802.1 591.593 13881.2 359.881
13817.3 565.558 13894.3 328.639
13830.2 595.499 13908.7 375.502
13844.6 630.646 13922.8 404.14
13859.8 650.172 13937.4 422.365
13872.7 642.362 13951.2 474.435
13887 647.569 13966.1 512.186
13900.8 681.414 13980.4 539.523
13915.1 691.828 13994.5 521.298
13928.9 684.018 13998 536.92
13942.1 706.148 13984.3 557.748
13957.6 613.723 13971.1 579.878
