7014.16 -388.629 7028.53 -396.439
7005.37 -358.688 7042.31 -384.723
7000.97 -328.748 7056.67 -395.138
7009.47 -320.937 7070.74 -405.552
7022.08 -324.843 7083.93 -402.948
7036.44 -326.144 7098.88 -384.723
7050.81 -358.688 7112.36 -383.422
7064.29 -339.162 7126.43 -382.12
7078.07 -363.895 7141.09 -386.025
7092.73 -319.636 7155.45 -405.552
7106.79 -349.576 7169.22 -410.759
7120.86 -331.352 7182.41 -406.853
7135.23 -339.162 7197.36 -391.232
7148.71 -340.464 7211.71 -373.008
7162.19 -341.766 7224.9 -382.12
7178.01 -322.239 7238.97 -406.853
7191.2 -354.783 7253.91 -396.439
7204.98 -324.843 7267.39 -410.759
7219.04 -349.576 7280.87 -397.741
7233.4 -350.878 7294.93 -382.12
7247.46 -380.818 7308.99 -380.818
7260.65 -345.671 7323.05 -375.611
7275.88 -307.92 7336.24 -397.741
7289.36 -367.801 7350.88 -412.06
7304.3 -310.523 7365.53 -391.232
7317.19 -324.843 7379 -365.197
7332.14 -349.576 7392.77 -378.215
7345.61 -324.843 7407.71 -401.646
7359.09 -366.499 7421.77 -383.422
7374.02 -320.937 7434.65 -361.292
7387.79 -324.843 7449.3 -371.706
7402.14 -322.239 7463.06 -341.766
7415.62 -324.843 7477.71 -363.895
7429.68 -339.162 7491.18 -337.86
7443.44 -324.843 7505.82 -414.664
7456.91 -365.197 7519.58 -369.102
7471.85 -358.688 7533.64 -369.102
7486.49 -363.895 7547.11 -328.748
7501.13 -369.102 7561.16 -359.99
7514.02 -343.067 7575.8 -365.197
7527.78 -362.594 7589.56 -367.801
7541.54 -331.352 7604.49 -354.783
7556.18 -350.878 7617.08 -362.594
7570.24 -337.86 7630.54 -345.671
7584.58 -344.369 7646.06 -382.12
7598.34 -330.05 7660.11 -365.197
7611.81 -304.015 7673.57 -357.387
7626.74 -336.559 7687.63 -352.18
7640.5 -335.257 7701.97 -375.611
7653.67 -294.902 7715.43 -330.05
7668.31 -332.653 7729.77 -349.576
7682.36 -309.222 7743.53 -339.162
7696.11 -337.86 7757.28 -380.818
7710.16 -323.541 7771.91 -349.576
7724.8 -330.05 7786.25 -410.759
7738.85 -320.937 7800.3 -386.025
7752.31 -343.067 7813.47 -373.008
7766.06 -340.464 7828.39 -388.629
7781.28 -346.973 7843.02 -345.671
7794.74 -350.878 7856.77 -362.594
7808.79 -322.239 7869.35 -427.681
7822.54 -344.369 7883.98 -428.983
7836.29 -328.748 7898.32 -404.25
7850.34 -331.352 7912.65 -404.25
7864.38 -341.766 7926.4 -430.285
7878.13 -327.446 7940.74 -415.966
7891.88 -354.783 7954.78 -417.267
7906.51 -326.144 7967.65 -374.309
7921.72 -349.576 7982.57 -369.102
7935.18 -373.008 7996.02 -428.983
7948.64 -318.334 8010.35 -400.345
7962.68 -330.05 8024.68 -406.853
7976.72 -333.955 8038.72 -389.931
7989.88 -346.973 8051.89 -400.345
8005.09 -356.085 8066.8 -413.362
8018.84 -339.162 8079.67 -402.948
8033.75 -350.878 8094 -406.853
8046.62 -359.99 8108.33 -363.895
8060.37 -357.387 8122.65 -375.611
8075.28 -332.653 8136.98 -391.232
8089.9 -317.032 8150.43 -418.569
8103.65 -343.067 8165.93 -435.492
8117.1 -350.878 8178.5 -415.966
8131.43 -320.937 8192.83 -442.001
8144.29 -354.783 8206.57 -434.19
8158.91 -309.222 8221.48 -410.759
8172.95 -349.576 8234.93 -445.906
8185.81 -366.499 8249.55 -436.794
8201.6 -304.015 8262.99 -422.474
8216.22 -348.274 8277.61 -423.776
8228.5 -320.937 8291.05 -431.587
8243.7 -314.429 8304.5 -440.699
8257.14 -309.222 8319.41 -473.243
8271.18 -330.05 8333.44 -439.397
8284.62 -330.05 8348.05 -444.604
8298.95 -331.352 8361.2 -410.759
8313.56 -352.18 8375.23 -419.871
8326.42 -301.411 8389.55 -400.345
8342.21 -330.05 8403.29 -410.759
8355.36 -302.713 8416.73 -432.888
8368.8 -328.748 8432.22 -427.681
8382.83 -370.404 8445.37 -440.699
8398.03 -344.369 8458.81 -426.38
8411.47 -320.937 8473.42 -422.474
8425.79 -320.937 8488.03 -426.38
8439.52 -328.748 8500.6 -415.966
8452.97 -335.257 8515.5 -418.569
8467.29 -306.618 8529.52 -406.853
8481.31 -314.429 8544.42 -438.096
8494.75 -311.825 8556.69 -414.664
8510.24 -330.05 8571.89 -451.113
8523.39 -304.015 8585.91 -438.096
8537.12 -327.446 8600.52 -432.888
8550.85 -369.102 8613.66 -475.846
8565.17 -371.706 8628.27 -464.131
8579.77 -317.032 8641.12 -442.001
8593.5 -294.902 8656.02 -431.587
8606.94 -324.843 8669.45 -451.113
8621.55 -319.636 8684.06 -400.345
8635.57 -320.937 8697.2 -405.552
8649.59 -319.636 8711.52 -412.06
8663.32 -359.99 8725.24 -427.681
8677.34 -332.653 8740.14 -436.794
8691.66 -314.429 8753.57 -367.801
8705.97 -353.481 8768.76 -425.078
8719.69 -335.257 8781.9 -404.25
8733.13 -353.481 8796.5 -397.741
8747.15 -311.825 8809.65 -415.966
8760.87 -320.937 8824.54 -388.629
8774.89 -333.955 8837.68 -415.966
8789.2 -318.334 8852.57 -413.362
8804.39 -336.559 8866.88 -413.362
8818.11 -315.73 8880.9 -413.362
8832.13 -309.222 8895.2 -393.836
8846.15 -326.144 8908.64 -393.836
8859.87 -333.955 8923.53 -412.06
8873.31 -348.274 8937.25 -402.948
8887.32 -339.162 8950.39 -380.818
8902.5 -328.748 8964.99 -391.232
8915.35 -358.688 8978.71 -371.706
8929.07 -324.843 8992.43 -401.646
8943.96 -346.973 9007.32 -410.759
8957.39 -331.352 9021.33 -439.397
8971.7 -341.766 9035.34 -375.611
8985.13 -350.878 9049.06 -435.492
9000.02 -361.292 9063.66 -402.948
9013.15 -333.955 9077.96 -421.173
9027.75 -320.937 9090.51 -392.534
9042.64 -340.464 9105.4 -386.025
9055.19 -336.559 9119.41 -389.931
9069.79 -340.464 9133.42 -417.267
9083.51 -324.843 9148.31 -406.853
9098.69 -301.411 9161.74 -406.853
9112.7 -332.653 9175.45 -413.362
9126.71 -311.825 9189.75 -387.327
9139.55 -352.18 9203.47 -456.32
9153.56 -328.748 9216.9 -418.569
9167.28 -354.783 9232.07 -389.931
9182.46 -331.352 9244.92 -389.931
9196.47 -337.86 9260.09 -406.853
9209.89 -335.257 9273.81 -391.232
9223.9 -330.05 9288.11 -373.008
9237.62 -333.955 9301.82 -379.516
9251.63 -345.671 9315.54 -386.025
9265.93 -348.274 9328.38 -353.481
9279.06 -313.127 9342.39 -359.99
9293.65 -330.05 9356.69 -370.404
9308.24 -370.404 9372.15 -382.12
9322.54 -332.653 9385.28 -359.99
9335.38 -330.05 9400.45 -395.138
9350.85 -314.429 9414.17 -392.534
9364.56 -339.162 9427.3 -402.948
9378.28 -362.594 9441.89 -387.327
9391.99 -348.274 9455.31 -442.001
9405.13 -306.618 9470.19 -384.723
9420.88 -319.636 9483.9 -405.552
9434.3 -333.955 9497.91 -406.853
9448.89 -327.446 9511.62 -393.836
9462.61 -322.239 9525.92 -359.99
9475.44 -309.222 9540.22 -412.06
9490.32 -345.671 9554.51 -369.102
9504.04 -356.085 9569.1 -371.706
9517.46 -348.274 9581.64 -426.38
9532.92 -373.008 9596.81 -397.741
9545.76 -330.05 9610.82 -401.646
9560.05 -370.404 9623.95 -384.723
9574.64 -333.955 9638.24 -396.439
9588.06 -335.257 9652.53 -391.232
9602.07 -322.239 9666.83 -405.552
9616.36 -322.239 9680.83 -374.309
9630.66 -319.636 9694.54 -400.345
9644.07 -323.541 9709.42 -409.457
9658.08 -331.352 9722.55 -421.173
9671.79 -309.222 9736.55 -415.966
9686.96 -359.99 9751.13 -400.345
9699.79 -328.748 9764.84 -386.025
9713.21 -331.352 9779.14 -387.327
9728.96 -327.446 9793.43 -380.818
9741.51 -331.352 9806.85 -384.723
9755.8 -337.86 9820.85 -396.439
9770.68 -323.541 9835.73 -376.913
9783.8 -370.404 9848.27 -428.983
9797.51 -333.955 9862.85 -415.966
9812.68 -341.766 9877.44 -427.681
9825.81 -328.748 9890.85 -387.327
9840.39 -319.636 9905.15 -399.043
9853.81 -300.109 9918.27 -378.215
9868.4 -348.274 9932.86 -421.173
9882.39 -335.257 9947.44 -393.836
9895.52 -326.144 9961.44 -401.646
9910.4 -301.411 9975.15 -384.723
9924.69 -322.239 9989.44 -434.19
9938.4 -339.162 10002.9 -421.173
9951.81 -328.748 10017.1 -405.552
9966.4 -324.843 10031.7 -419.871
9980.4 -318.334 10045.4 -413.362
9993.52 -339.162 10060 -363.895
10008.1 -353.481 10073.1 -359.99
10022.4 -337.86 10087.7 -401.646
10037 -314.429 10102 -414.664
10050.1 -341.766 10115.4 -410.759
10064.1 -317.032 10129.1 -366.499
10078.1 -331.352 10144 -392.534
10092.1 -349.576 10158.3 -401.646
10106.7 -324.843 10171.4 -379.516
10120.4 -333.955 10185.7 -389.931
10134.1 -305.316 10200.3 -380.818
10148.1 -331.352 10213.7 -384.723
10162.1 -339.162 10227.7 -386.025
10176.7 -357.387 10241.7 -386.025
10191.3 -323.541 10256.3 -379.516
10204.1 -346.973 10269.7 -383.422
10219 -350.878 10284 -382.12
10232.4 -305.316 10298.9 -392.534
10246.4 -322.239 10311.4 -417.267
10261 -343.067 10325.7 -395.138
10275 -336.559 10339.7 -374.309
10288.4 -319.636 10354.9 -376.913
10302.7 -346.973 10368 -376.913
10316.7 -327.446 10382 -374.309
10330.4 -340.464 10396.6 -348.274
10344.1 -363.895 10410 -402.948
10359 -335.257 10424.9 -386.025
10372.7 -327.446 10438.3 -375.611
10386.7 -339.162 10452.3 -362.594
10400.1 -352.18 10466.9 -357.387
10414.7 -344.369 10480.6 -387.327
10427.5 -345.671 10495.2 -363.895
10442.9 -367.801 10508.6 -386.025
10456.4 -370.404 10522.6 -413.362
10470.4 -357.387 10536.9 -376.913
10484.1 -330.05 10551.1 -371.706
10499 -354.783 10563.7 -396.439
10513 -333.955 10579.4 -378.215
10526.1 -330.05 10592.9 -410.759
10540.4 -333.955 10606.9 -397.741
10554.6 -327.446 10620 -430.285
10568.1 -348.274 10634.3 -410.759
10582.1 -311.825 10649.2 -423.776
10597.2 -357.387 10662.9 -427.681
10610.6 -354.783 10676.6 -418.569
10624.4 -281.885 10692 -392.534
10639.2 -323.541 10705.4 -397.741
10652.9 -350.878 10718 -421.173
10666.1 -352.18 10732.9 -427.681
10680.1 -297.506 10747.4 -389.931
10694.1 -340.464 10761.7 -419.871
10708.9 -350.878 10774.9 -423.776
10722.6 -333.955 10788.9 -413.362
10736.1 -323.541 10803.7 -408.155
10750.6 -349.576 10816.9 -366.499
10765.2 -319.636 10832.3 -369.102
10779.2 -332.653 10845.4 -427.681
10793.2 -344.369 10858.9 -389.931
10806.1 -343.067 10873.7 -487.562
10819.8 -314.429 10887.7 -464.131
10833.5 -326.144 10900.6 -408.155
10849.2 -319.636 10915.2 -451.113
10862.6 -317.032 10929.7 -438.096
10876.4 -311.825 10943.7 -427.681
10890.4 -350.878 10958 -457.622
10904.9 -310.523 10971.5 -427.681
10918.1 -339.162 10986.3 -418.569
10932.7 -335.257 10999.5 -435.492
10946.9 -340.464 11013.8 -412.06
10960.4 -356.085 11027.8 -412.06
10975.3 -330.05 11042 -464.131
10988.4 -311.825 11055.8 -434.19
11001.8 -313.127 11069.8 -386.025
11016.4 -319.636 11084.4 -483.657
11030.4 -313.127 11098.6 -447.208
11044.4 -322.239 11112.9 -400.345
11058.7 -332.653 11125.8 -428.983
11072.1 -344.369 11140.4 -380.818
11087.6 -328.748 11154.7 -396.439
11101.3 -309.222 11168.7 -462.829
11113.8 -310.523 11182.7 -393.836
11129.3 -285.79 11196.4 -426.38
11142.7 -317.032 11209.8 -458.924
11157.6 -327.446 11224.7 -369.102
11171 -336.559 11238.4 -418.569
11184.4 -354.783 11252.4 -400.345
11198.7 -376.913 11266.7 -300.109
11212.4 -340.464 11281.3 -361.292
11227 -344.369 11295.9 -387.327
11241.3 -335.257 11308.4 -304.015
11253.9 -358.688 11322.7 -410.759
11268.7 -332.653 11336.7 -421.173
11283 -318.334 11350.4 -326.144
11296.5 -336.559 11365 -397.741
11311 -287.092 11378.7 -388.629
11324.8 -317.032 11393.3 -319.636
11339.3 -327.446 11407 -382.12
11352.8 -331.352 11420.8 -374.309
11366.8 -336.559 11435.1 -317.032
11381.4 -320.937 11449.4 -418.569
11395.4 -287.092 11462.5 -402.948
11408.8 -320.937 11478 -320.937
11422.8 -304.015 11491.1 -415.966
11437.4 -333.955 11505.1 -391.232
11450.5 -313.127 11519.1 -322.239
11464.5 -339.162 11533.4 -421.173
11479.1 -330.05 11546.8 -400.345
11493.1 -341.766 11562 -322.239
11506.9 -346.973 11575.7 -444.604
11520.8 -306.618 11589.4 -419.871
11535.1 -309.222 11603.7 -366.499
11548.9 -304.015 11616.9 -495.373
11562.6 -306.618 11632 -369.102
11576.9 -356.085 11645.5 -371.706
11590.9 -371.706 11659.8 -423.776
11604.9 -330.05 11673.8 -363.895
11618.9 -376.913 11687.2 -391.232
11632.9 -324.843 11702.1 -419.871
11646.9 -288.394 11716.1 -376.913
11660.1 -336.559 11730.7 -366.499
11676.1 -275.376 11743.6 -452.415
11689.3 -336.559 11758.5 -369.102
11703 -361.292 11772.5 -413.362
11717 -340.464 11785.9 -408.155
11730.7 -353.481 11799.9 -340.464
11744.7 -285.79 11814.5 -387.327
11758.7 -310.523 11828.5 -401.646
11773.6 -345.671 11841.6 -340.464
11787.9 -306.618 11856.8 -383.422
11800.8 -317.032 11870.6 -395.138
11815.4 -322.239 11884 -392.534
11828.5 -317.032 11898.6 -451.113
11842.8 -330.05 11912.3 -401.646
11856.3 -320.937 11925.7 -367.801
11870.9 -309.222 11939.5 -445.906
11884.6 -300.109 11954.1 -393.836
11898.6 -319.636 11969.3 -361.292
11913.5 -294.902 11983.6 -400.345
11927.2 -274.074 11997 -378.215
11941.2 -301.411 12010.1 -443.303
11955.2 -285.79 12024.7 -423.776
11969 -297.506 12038.5 -408.155
11982.1 -319.636 12053.1 -435.492
11996.4 -315.73 12066.8 -383.422
12010.4 -289.695 12081.1 -357.387
12024.4 -305.316 12095.1 -427.681
12039.3 -283.187 12109.4 -379.516
12053.1 -255.85 12123.7 -384.723
12066.8 -305.316 12137.8 -386.025
12080.2 -287.092 12151.2 -400.345
12094.8 -290.997 12165.8 -382.12
12109.1 -283.187 12179.5 -366.499
12123.2 -250.643 12193.5 -434.19
12137.2 -288.394 12207.3 -408.155
12150 -280.583 12221 -400.345
12164.3 -259.755 12235 -391.232
12178.6 -244.134 12249.4 -392.534
12192.1 -264.962 12263.7 -397.741
12207.9 -242.832 12277.7 -332.653
12220.7 -270.169 12291.1 -393.836
12234.7 -271.471 12305.7 -378.215
12248.2 -262.358 12319.5 -406.853
12263.4 -275.376 12334.1 -400.345
12276.5 -268.867 12347.8 -399.043
12290.5 -246.737 12361.8 -408.155
12305.1 -223.306 12376.4 -375.611
12318.9 -232.418 12390.2 -384.723
12333.5 -235.022 12404.8 -383.422
12346 -233.72 12418.2 -346.973
12361.5 -263.66 12431.1 -396.439
12374.4 -272.773 12445.4 -353.481
12388.7 -290.997 12460.3 -417.267
12403 -288.394 12474.3 -382.12
12416.5 -257.151 12488.4 -389.931
12431.7 -231.116 12502.1 -392.534
12445.1 -240.229 12517.3 -393.836
12458.8 -197.271 12529.9 -350.878
12472.6 -198.572 12544.5 -384.723
12486.6 -212.892 12559.4 -359.99
12501.5 -186.857 12571.9 -397.741
12515.5 -227.211 12586.6 -374.309
12528.7 -228.513 12600.6 -432.888
12543 -228.513 12614.3 -396.439
12557.3 -186.857 12627.8 -417.267
12570.2 -177.744 12642.4 -414.664
12585.4 -180.348 12657 -406.853
12598.8 -195.969 12671 -426.38
12612.9 -181.65 12684.8 -384.723
12627.2 -211.59 12698.8 -409.457
12640.9 -192.064 12712.5 -391.232
12654.7 -188.158 12726.3 -341.766
12669 -211.59 12741.2 -366.499
12682.7 -180.348 12755.8 -405.552
12696.8 -154.313 12769.8 -423.776
12711.1 -172.537 12782.7 -375.611
12725.7 -117.864 12797.6 -382.12
12739.4 -119.165 12811.1 -415.966
12752 -139.993 12824.8 -417.267
12766.9 -138.692 12838.5 -367.801
12780.7 -197.271 12853.5 -332.653
12795.6 -158.218 12868.4 -328.748
12809.9 -175.141 12881.3 -314.429
12822.8 -176.443 12895.9 -323.541
12836.8 -158.218 12910.2 -310.523
12851.1 -133.485 12923.6 -328.748
12865.2 -142.597 12938.6 -330.05
12878.3 -177.744 12951.1 -324.843
12893.5 -173.839 12966.4 -290.997
12907.3 -166.029 12980.7 -301.411
12921.9 -160.822 12995 -263.66
12935.4 -153.011 13008.2 -288.394
12948.8 -116.562 13021.3 -231.116
12963.1 -124.372 13036 -306.618
12976.3 -89.225 13050 -283.187
12991.2 -126.976 13064.3 -257.151
13004.7 -116.562 13078.4 -251.944
13019.3 -90.5267 13093.9 -228.513
13032.7 -77.5092 13105.6 -244.134
13047.7 -84.0179 13120.2 -254.548
13060.2 -43.6635 13134.5 -254.548
13075.4 -52.7758 13148.6 -268.867
13089.2 -38.4565 13163.2 -255.85
13103.5 -55.3793 13176.7 -254.548
13117.3 -38.4565 13190.4 -210.288
13131.6 3.1997 13204.4 -240.229
13145.4 21.4243 13218.5 -229.815
13159.1 25.3295 13232.8 -194.667
13173.1 13.6137 13247.2 -261.057
13187.5 4.50145 13260.9 -236.323
13201.2 0.596186 13274.7 -272.773
13215 12.312 13288.7 -257.151
13229.6 11.0102 13303.6 -220.702
13243.4 59.1752 13317.1 -240.229
13256.5 91.7191 13331.1 -212.892
13270.9 80.0033 13345.5 -208.986
13285.2 93.0208 13358.7 -162.123
13298.7 85.2103 13373 -228.513
13313 76.098 13387.3 -189.46
13328.2 106.038 13402.3 -220.702
13340.5 109.944 13415.4 -203.779
13355.1 130.772 13429.5 -197.271
13368.9 120.358 13443.2 -169.934
13383.5 108.642 13457.6 -145.2
13397.3 119.056 13471.9 -124.372
13411 151.6 13485.7 -121.769
13424.8 148.996 13500 -134.786
13438.8 148.996 13514.1 -142.597
13452.6 156.807 13527.5 -167.33
13467.2 130.772 13542.7 -158.218
13481.6 142.488 13555.6 -137.39
13494.5 142.488 13570.8 -128.278
13509.7 177.635 13584.9 -93.1302
13523.1 172.428 13598.1 -48.8705
13536.9 224.498 13611.8 -16.3266
13552.1 250.533 13626.5 -5.91259
13564.7 263.551 13640.8 8.40672
13578.8 276.568 13654.9 25.3295
13592.8 277.87 13668.9 -2.00733
13606.9 303.905 13683 -35.853
13621.5 262.249 13696.4 -43.6635
13635.2 276.568 13711.4 -9.81786
13649 326.035 13725.4 44.8559
13663 302.604 13739.5 53.9682
13677.7 337.751 13752.9 126.866
13690.6 355.975 13767.6 115.151
13705.5 375.502 13781.9 115.151
13719 385.916 13795.1 133.375
13733.9 389.821 13810 60.4769
13746.5 444.495 13823.8 111.245
13762 424.969 13837.8 143.789
13775.2 431.477 13851.9 124.263
13789.2 486.151 13866.5 158.109
13803 465.323 13880.6 228.403
13817 518.695 13894.3 250.533
13830.5 535.618 13909 303.905
13844.6 544.73 13923.3 309.112
13859.2 613.723 13937.7 316.923
13872.7 616.327 13951.2 326.035
13887.6 607.214 13966.1 337.751
13901.4 559.049 13981.9 372.898
13914.6 577.274 13994.8 413.253
13929.2 602.007 13999.2 487.453
13942.7 647.569 13984.5 495.263
13958.2 592.895 13969.9 585.084
