6013.91 -1651.21 6027.43 -1697.4
6003.34 -1624.13 6041.24 -1665.54
6000.4 -1616.16 6054.75 -1697.4
6011.56 -1651.21 6068.85 -1702.18
6023.9 -1643.24 6082.95 -1670.32
6038 -1663.95 6097.05 -1663.95
6051.52 -1636.87 6111.44 -1705.37
6066.79 -1622.53 6125.25 -1673.51
6080.31 -1624.13 6139.35 -1670.32
6094.99 -1632.09 6153.74 -1649.61
6108.51 -1643.24 6167.84 -1705.37
6122.61 -1612.97 6181.35 -1646.43
6137 -1636.87 6195.74 -1667.14
6151.39 -1612.97 6208.66 -1648.02
6165.2 -1632.09 6223.64 -1644.83
6179.59 -1624.13 6236.86 -1633.68
6193.69 -1663.95 6252.13 -1625.72
6207.49 -1589.08 6265.64 -1598.64
6221.88 -1609.79 6280.03 -1595.45
6235.68 -1663.95 6292.36 -1652.8
6248.6 -1625.72 6307.04 -1659.17
6262.99 -1638.46 6322.9 -1620.94
6278.26 -1646.43 6334.94 -1644.83
6291.48 -1581.11 6349.91 -1654.39
6305.87 -1620.94 6364.3 -1633.68
6319.67 -1608.2 6377.8 -1675.1
6333.47 -1641.65 6391.6 -1675.1
6348.44 -1673.51 6405.4 -1648.02
6361.65 -1628.9 6420.08 -1651.21
6375.45 -1620.94 6434.46 -1655.99
6389.84 -1676.69 6448.26 -1705.37
6403.64 -1622.53 6461.47 -1654.39
6418.32 -1614.57 6476.14 -1635.28
6431.53 -1635.28 6490.53 -1689.44
6445.91 -1659.17 6504.32 -1687.85
6460.3 -1627.31 6518.71 -1686.25
6473.8 -1657.58 6532.21 -1684.66
6487.3 -1683.07 6546.3 -1670.32
6501.98 -1616.16 6560.38 -1635.28
6515.48 -1624.13 6574.47 -1673.51
6530.45 -1644.83 6587.97 -1643.24
6544.24 -1630.5 6602.35 -1668.73
6557.45 -1694.22 6616.43 -1657.58
6571.83 -1684.66 6629.93 -1663.95
6586.5 -1635.28 6644.6 -1675.1
6600.29 -1641.65 6657.81 -1654.39
6613.79 -1640.06 6672.77 -1667.14
6627.58 -1619.35 6687.15 -1660.76
6641.96 -1635.28 6700.64 -1665.54
6655.75 -1635.28 6714.73 -1659.17
6670.43 -1617.75 6728.51 -1648.02
6684.21 -1638.46 6742.89 -1655.99
6698.3 -1640.06 6756.68 -1662.36
6712.09 -1676.69 6770.47 -1612.97
6725.29 -1652.8 6785.43 -1644.83
6740.54 -1691.03 6798.63 -1681.47
6754.92 -1660.76 6812.12 -1667.14
6767.53 -1644.83 6826.78 -1673.51
6782.78 -1681.47 6840.27 -1606.6
6797.45 -1663.95 6854.94 -1675.1
6809.48 -1649.61 6868.14 -1673.51
6824.14 -1678.29 6883.09 -1627.31
6838.51 -1636.87 6896.29 -1663.95
6853.77 -1638.46 6910.95 -1676.69
6866.08 -1657.58 6925.03 -1697.4
6880.75 -1628.9 6939.4 -1705.37
6895.12 -1651.21 6953.18 -1676.69
6908.61 -1683.07 6967.25 -1663.95
6922.68 -1659.17 6981.62 -1640.06
6937.34 -1644.83 6994.81 -1660.76
6950.25 -1646.43 7009.18 -1663.95
6964.61 -1643.24 7022.96 -1689.44
6978.1 -1611.38 7037.61 -1695.81
6992.76 -1651.21 7051.39 -1692.62
7007.13 -1662.36 7065.46 -1675.1
7020.32 -1638.46 7079.83 -1643.24
7034.98 -1627.31 7093.9 -1668.73
7048.46 -1620.94 7107.67 -1695.81
7061.95 -1651.21 7121.45 -1617.75
7076.6 -1608.2 7135.81 -1700.59
7090.09 -1659.17 7150.17 -1670.32
7104.16 -1646.43 7163.36 -1655.99
7118.52 -1649.61 7176.55 -1641.65
7132.3 -1684.66 7191.79 -1660.76
7146.36 -1665.54 7205.85 -1643.24
7160.72 -1662.36 7219.33 -1684.66
7174.79 -1648.02 7234.28 -1654.39
7187.98 -1649.61 7248.05 -1702.18
7202.05 -1589.08 7260.94 -1638.46
7216.4 -1675.1 7275.88 -1691.03
7231.05 -1683.07 7290.83 -1663.95
7245.7 -1670.32 7303.72 -1638.46
7259.48 -1667.14 7318.07 -1619.35
7272.95 -1652.8 7332.72 -1654.39
7286.72 -1652.8 7345.9 -1675.1
7300.49 -1611.38 7359.38 -1665.54
7314.85 -1684.66 7374.02 -1686.25
7329.5 -1646.43 7388.67 -1662.36
7342.68 -1699 7401.27 -1606.6
7356.16 -1655.99 7415.91 -1632.09
7371.1 -1654.39 7430.55 -1640.06
7384.57 -1691.03 7444.32 -1691.03
7398.63 -1638.46 7458.08 -1695.81
7413.27 -1655.99 7473.31 -1718.11
7427.04 -1640.06 7486.2 -1679.88
7439.93 -1673.51 7499.67 -1654.39
7455.16 -1676.69 7514.02 -1649.61
7470.09 -1638.46 7528.36 -1667.14
7482.68 -1694.22 7543.01 -1683.07
7497.62 -1668.73 7555.6 -1665.54
7511.09 -1673.51 7569.94 -1689.44
7524.56 -1692.62 7584.29 -1668.73
7538.91 -1659.17 7598.93 -1662.36
7552.67 -1673.51 7611.51 -1700.59
7568.48 -1665.54 7626.74 -1703.78
7580.77 -1667.14 7639.91 -1710.15
7595.71 -1665.54 7655.43 -1683.07
7609.47 -1646.43 7668.01 -1689.44
7623.23 -1673.51 7683.23 -1700.59
7637.28 -1673.51 7696.11 -1722.89
7651.91 -1667.14 7711.04 -1687.85
7665.38 -1659.17 7724.8 -1676.69
7679.72 -1670.32 7739.14 -1663.95
7692.6 -1662.36 7752.89 -1646.43
7707.53 -1628.9 7766.65 -1694.22
7721.28 -1670.32 7781.28 -1655.99
7734.75 -1640.06 7794.45 -1705.37
7749.67 -1651.21 7809.37 -1632.09
7763.14 -1668.73 7822.54 -1663.95
7777.18 -1663.95 7837.17 -1646.43
7791.81 -1683.07 7851.8 -1628.9
7805.57 -1654.39 7864.97 -1654.39
7819.91 -1648.02 7879.3 -1660.76
7832.78 -1654.39 7892.76 -1662.36
7847.41 -1648.02 7907.1 -1627.31
7861.16 -1644.83 7922.02 -1671.92
7875.21 -1662.36 7935.47 -1651.21
7888.96 -1705.37 7949.22 -1644.83
7904.17 -1683.07 7962.68 -1620.94
7917.04 -1662.36 7978.18 -1641.65
7931.38 -1662.36 7990.76 -1616.16
7945.71 -1617.75 8005.09 -1667.14
7959.17 -1673.51 8019.71 -1644.83
7972.91 -1625.72 8033.46 -1646.43
7986.95 -1687.85 8047.79 -1622.53
8000.99 -1649.61 8060.66 -1643.24
8015.91 -1687.85 8074.99 -1654.39
8029.66 -1657.58 8089.03 -1648.02
8043.11 -1660.76 8104.52 -1654.39
8056.86 -1689.44 8118.27 -1703.78
8071.19 -1668.73 8131.43 -1714.93
8085.52 -1632.09 8146.34 -1671.92
8100.14 -1665.54 8160.08 -1711.74
8113.3 -1687.85 8173.53 -1667.14
8127.33 -1663.95 8187.27 -1691.03
8141.37 -1671.92 8201.6 -1702.18
8155.11 -1667.14 8217.1 -1730.86
8168.56 -1614.57 8228.79 -1732.45
8184.35 -1660.76 8243.99 -1689.44
8197.8 -1668.73 8257.44 -1691.03
8211.83 -1697.4 8271.76 -1716.52
8225.28 -1699 8285.79 -1706.96
8239.6 -1706.96 8300.99 -1686.25
8253.34 -1676.69 8314.44 -1737.23
8268.25 -1681.47 8327.59 -1708.55
8280.82 -1625.72 8342.21 -1683.07
8295.73 -1628.9 8356.82 -1753.16
8309.76 -1668.73 8370.26 -1724.48
8322.92 -1687.85 8384.29 -1703.78
8337.82 -1692.62 8398.32 -1703.78
8351.27 -1683.07 8412.06 -1711.74
8366.17 -1675.1 8426.38 -1706.96
8379.62 -1667.14 8440.11 -1751.56
8393.35 -1668.73 8455.31 -1721.3
8407.38 -1619.35 8468.16 -1753.16
8421.41 -1679.88 8481.9 -1683.07
8436.02 -1663.95 8496.8 -1727.67
8450.05 -1678.29 8510.82 -1724.48
8463.49 -1673.51 8524.56 -1719.7
8476.93 -1662.36 8539.16 -1706.96
8491.83 -1692.62 8552.89 -1687.85
8504.98 -1678.29 8567.21 -1737.23
8519.3 -1686.25 8580.36 -1692.62
8533.91 -1648.02 8594.97 -1708.55
8547.64 -1734.04 8608.4 -1697.4
8561.95 -1684.66 8623.3 -1699
8576.56 -1694.22 8637.32 -1724.48
8589.71 -1652.8 8651.05 -1689.44
8604.02 -1652.8 8665.36 -1678.29
8617.17 -1655.99 8678.8 -1678.29
8632.06 -1686.25 8693.41 -1673.51
8645.21 -1675.1 8706.55 -1657.58
8659.52 -1663.95 8720.28 -1633.68
8674.42 -1678.29 8734.88 -1662.36
8687.56 -1705.37 8749.48 -1630.5
8701.29 -1636.87 8764.09 -1617.75
8715.6 -1654.39 8776.64 -1633.68
8729.62 -1651.21 8791.25 -1665.54
8743.94 -1635.28 8805.56 -1635.28
8757.95 -1687.85 8818.7 -1636.87
8772.26 -1684.66 8833.88 -1660.76
8785.7 -1662.36 8847.9 -1670.32
8799.42 -1684.66 8861.62 -1652.8
8814.03 -1598.64 8875.35 -1617.75
8828.33 -1592.27 8889.95 -1625.72
8841.18 -1683.07 8903.38 -1649.61
8855.49 -1665.54 8916.81 -1635.28
8868.63 -1722.89 8931.99 -1667.14
8883.52 -1684.66 8946.3 -1689.44
8898.42 -1694.22 8959.44 -1692.62
8911.85 -1651.21 8974.04 -1692.62
8925.28 -1638.46 8987.76 -1673.51
8939.88 -1636.87 9002.35 -1689.44
8953.31 -1611.38 9016.07 -1684.66
8967.32 -1660.76 9029.5 -1722.89
8981.33 -1689.44 9043.81 -1711.74
8995.64 -1691.03 9057.24 -1695.81
9009.36 -1663.95 9072.71 -1703.78
9023.66 -1676.69 9086.43 -1713.33
9037.68 -1609.79 9099.85 -1788.2
9051.4 -1665.54 9113.58 -1714.93
9065.7 -1640.06 9127.88 -1713.33
9080.59 -1678.29 9142.76 -1706.96
9094.02 -1678.29 9155.9 -1753.16
9107.15 -1719.7 9170.49 -1732.45
9122.04 -1687.85 9184.21 -1730.86
9135.76 -1651.21 9198.22 -1759.53
9150.06 -1611.38 9211.35 -1764.31
9163.49 -1608.2 9226.24 -1734.04
9177.5 -1659.17 9240.25 -1740.41
9191.21 -1670.32 9254.26 -1759.53
9206.1 -1686.25 9267.68 -1777.05
9220.11 -1718.11 9282.27 -1726.08
9232.66 -1646.43 9297.15 -1756.34
9248.13 -1646.43 9310.58 -1749.97
9261.84 -1675.1 9324.29 -1730.86
9275.27 -1646.43 9338.89 -1786.61
9290.44 -1665.54 9351.14 -1762.72
9303.87 -1705.37 9366.61 -1721.3
9317.29 -1681.47 9380.32 -1745.19
9332.17 -1683.07 9395.2 -1748.38
9346.47 -1689.44 9409.21 -1759.53
9360.77 -1649.61 9422.63 -1732.45
9373.61 -1646.43 9438.1 -1714.93
9387.62 -1625.72 9451.23 -1705.37
9402.21 -1692.62 9464.06 -1751.56
9416.5 -1724.48 9479.82 -1710.15
9429.64 -1684.66 9492.66 -1727.67
9444.22 -1635.28 9507.25 -1767.49
9457.64 -1619.35 9521.83 -1692.62
9472.53 -1612.97 9535.25 -1699
9485.95 -1633.68 9548.97 -1657.58
9499.37 -1684.66 9562.97 -1660.76
9514.54 -1678.29 9577.56 -1678.29
9527.67 -1684.66 9591.27 -1655.99
9541.67 -1695.81 9605.27 -1683.07
9557.14 -1686.25 9618.99 -1689.44
9569.68 -1665.54 9633.86 -1624.13
9584.27 -1633.68 9647.87 -1632.09
9597.98 -1617.75 9660.99 -1654.39
9612.27 -1649.61 9675.29 -1652.8
9626.86 -1679.88 9689.87 -1601.82
9639.11 -1706.96 9704.46 -1649.61
9653.99 -1635.28 9717.59 -1654.39
9668.58 -1630.5 9731.59 -1654.39
9682 -1683.07 9745.88 -1651.21
9696 -1638.46 9758.43 -1577.93
9710.58 -1673.51 9774.18 -1616.16
9723.42 -1649.61 9787.31 -1603.42
9738.3 -1668.73 9800.72 -1619.35
9752.88 -1662.36 9815.89 -1579.52
9765.72 -1655.99 9829.89 -1620.94
9780.31 -1611.38 9843.31 -1625.72
9794.01 -1557.22 9857.89 -1633.68
9808.02 -1573.15 9872.19 -1627.31
9822.31 -1600.23 9885.89 -1585.89
9835.43 -1628.9 9899.32 -1603.42
9850.02 -1608.2 9913.6 -1593.86
9863.73 -1640.06 9927.61 -1585.89
9878.9 -1597.04 9941.9 -1576.34
9892.02 -1528.55 9956.48 -1589.08
9905.44 -1511.02 9970.77 -1573.15
9919.73 -1536.51 9984.77 -1592.27
9934.31 -1560.41 9998.19 -1542.88
9948.61 -1576.34 10012.2 -1565.18
9963.19 -1617.75 10027.9 -1536.51
9976.02 -1577.93 10040.5 -1507.84
9990.02 -1558.81 10054.5 -1576.34
10003.7 -1458.45 10068.8 -1501.46
10018.6 -1483.94 10083.3 -1469.6
10032 -1520.58 10095.6 -1526.95
10046 -1526.95 10109.6 -1487.13
10060.6 -1517.39 10125.6 -1488.72
10073.7 -1549.25 10138.2 -1440.93
10088.9 -1546.07 10152.5 -1477.57
10102.3 -1504.65 10166.5 -1464.83
10115.7 -1455.27 10181.9 -1410.66
10130.3 -1483.94 10194.8 -1434.56
10144.6 -1456.86 10208.5 -1442.52
10158 -1479.16 10223.6 -1413.85
10171.7 -1475.98 10237.6 -1377.21
10185.7 -1475.98 10250.5 -1364.47
10201.5 -1450.49 10265.3 -1334.2
10214 -1405.88 10278.5 -1356.5
10228 -1356.5 10293.6 -1297.56
10242 -1354.91 10307.3 -1331.01
10257.5 -1358.09 10321.6 -1300.75
10269.7 -1329.42 10335.6 -1273.67
10284 -1450.49 10349.3 -1308.71
10298 -1374.02 10363.3 -1249.77
10311.4 -1343.76 10376.8 -1232.25
10326.3 -1273.67 10391.3 -1201.98
10339.7 -1243.4 10405 -1203.57
10354.6 -1235.43 10419.3 -1154.19
10369.2 -1219.5 10434.2 -1227.47
10381.7 -1254.55 10447 -1173.31
10396.6 -1265.7 10461.3 -1214.73
10410 -1262.52 10475.6 -1237.03
10424.6 -1233.84 10489 -1138.26
10437.7 -1197.2 10504.2 -1203.57
10451.7 -1136.67 10517 -1090.47
10466 -1171.71 10531.9 -1151.01
10480.3 -1189.24 10545.6 -1160.56
10493.7 -1227.47 10559.9 -1182.87
10508 -1163.75 10573.9 -1182.87
10522.3 -1195.61 10587.3 -1163.75
10537.2 -1112.77 10602.2 -1168.53
10550.3 -1087.29 10615.9 -1147.82
10564.3 -1085.69 10630.5 -1095.25
10578.3 -1068.17 10644.2 -1087.29
10592.9 -1082.51 10658.2 -1053.83
10605.4 -1087.29 10672.5 -1123.92
10620 -1100.03 10686.2 -1111.18
10634.3 -1036.31 10700.5 -1082.51
10647.7 -939.137 10714.5 -1082.51
10663.4 -943.916 10728.8 -1045.87
10676.3 -905.685 10742.5 -921.614
10690.6 -961.439 10757.1 -907.278
10704.3 -975.776 10769.6 -934.358
10718.9 -953.474 10784.5 -884.976
10732.3 -927.987 10798.8 -927.987
10746.3 -894.534 10812.5 -948.695
10759.4 -854.709 10826.5 -967.811
10774.6 -727.269 10840.2 -934.358
10788 -798.954 10854.2 -859.488
10802.3 -810.105 10869.1 -805.326
10816 -873.825 10882.8 -751.164
10830 -896.127 10896.2 -768.687
10844.6 -811.698 10910.8 -789.396
10858 -736.827 10923.9 -755.943
10872.6 -652.398 10939.1 -794.175
10886.6 -653.991 10953.4 -747.978
10900 -646.026 10966.5 -701.781
10914.6 -712.932 10980.8 -639.654
10928 -730.455 10994.8 -604.608
10942 -685.851 11009.7 -588.679
10955.1 -655.584 11023.1 -569.563
10970.3 -603.016 11036.2 -572.749
10984.3 -582.307 11051.1 -539.296
10998.3 -510.622 11066 -545.668
11011.7 -545.668 11079.1 -524.959
11026.6 -617.352 11093.4 -443.716
11040.6 -553.633 11107.1 -437.344
11054 -526.552 11122 -372.031
11067.7 -477.169 11135.7 -373.624
11082.6 -387.961 11150 -405.484
11096.9 -399.112 11164.3 -405.484
11109.7 -438.937 11177.4 -394.333
11124.3 -443.716 11190.8 -360.88
11137.4 -448.495 11206 -321.055
11153.5 -421.414 11219.4 -317.869
11166.6 -340.171 11234 -324.241
11180.6 -287.603 11247.4 -336.985
11194.3 -295.567 11261.4 -308.311
11208 -260.522 11274.9 -338.578
11222.9 -301.939 11290 -276.452
11236.4 -330.613 11303.4 -286.01
11250.1 -290.789 11318.3 -244.592
11263.2 -252.557 11331.5 -276.452
11278.7 -187.244 11345.8 -270.08
11292.4 -129.896 11360.6 -212.732
11307 -118.745 11373.5 -201.581
11320.1 -155.384 11388.7 -125.117
11334.4 -163.349 11402.1 -110.78
11348.4 -166.535 11416.7 -61.3972
11362.7 -110.78 11430.7 -110.78
11376.1 -88.4781 11443.8 -117.152
11390.1 24.6245 11459 -109.187
11403.5 89.9373 11472.4 -77.3272
11418.1 30.9965 11486.1 7.10155
11432.1 50.1124 11500.4 38.9614
11445.6 23.0315 11515 93.1233
11460.4 -8.8284 11529 132.948
11474.4 80.3793 11543.6 97.9023
11488.2 161.622 11557.3 101.088
11502.8 187.11 11570.2 99.4952
11517.4 260.388 11584.2 153.657
11529.6 241.272 11599.1 212.598
11544.2 287.469 11612.8 268.353
11559.1 249.237 11627.1 292.248
11572.8 301.806 11640.8 333.665
11586.5 357.56 11654.5 333.665
11600.5 413.315 11668.8 320.922
11614.5 475.442 11681.7 338.444
11627.7 454.733 11697.7 365.525
11643.1 496.151 11710.9 410.129
11656.6 475.442 11725.2 500.93
11670.3 513.674 11739.2 606.068
11684 516.86 11752.6 575.801
11698 636.334 11766.9 547.127
11712.9 658.636 11781.5 491.372
11726.6 653.857 11795.5 492.965
11739.8 669.787 11809.5 574.208
11755.2 680.938 11823.3 633.149
11768.1 703.24 11837.3 709.612
11782.7 703.24 11851 773.332
11796.1 730.321 11865.6 743.065
11810.1 762.181 11879.9 762.181
11823.8 819.529 11894.2 685.717
11838.7 859.354 11908.5 676.159
11852.8 886.435 11921.4 749.437
11865.6 880.063 11935.1 782.89
11880.8 923.074 11949.7 892.807
11894.2 948.562 11964.9 899.179
11909.1 1015.47 11978 908.737
11922 1064.85 11991.7 926.26
11936.6 1117.42 12005.8 943.783
11950.6 1158.84 12020.4 948.562
11964.9 1125.38 12033.8 967.677
11977.4 1154.06 12048.7 1055.29
11992.6 1201.85 12062.1 1115.83
12006 1267.16 12076.7 1162.02
12021.2 1313.36 12090.4 1233.71
12034.4 1343.62 12104.8 1214.59
12048.4 1412.12 12117.9 1244.86
12061.5 1410.53 12132.8 1243.27
12076.7 1416.9 12146.2 1228.93
12090.1 1407.34 12160.5 1334.07
12105.1 1408.94 12174.3 1332.47
12119.1 1445.58 12188 1423.27
12132.8 1507.7 12203.5 1445.58
12146.5 1585.76 12216.6 1499.74
12160.5 1657.44 12230.9 1502.92
12174.9 1686.12 12245.5 1504.52
12188.6 1697.27 12258.4 1606.47
12203.5 1606.47 12273 1622.4
12216 1662.22 12287 1606.47
12230.4 1657.44 12301 1633.55
12244.7 1764.18 12314.8 1690.9
12259 1818.34 12329.7 1694.08
12272.4 1874.09 12342.8 1743.47
12286.5 1888.43 12357.7 1837.45
12300.5 1870.91 12371.2 1872.5
12314.5 1982.42 12386.1 1894.8
12328.2 1913.92 12398.4 1944.18
12342.8 2031.8 12413.5 1882.06
12356 2023.83 12428.1 1972.86
12370.6 2141.71 12441.9 1939.4
12384.6 2135.34 12456.2 1961.71
12399.2 2178.35 12469.6 2038.17
12412.7 2230.92 12483.7 2073.22
12427 2235.7 12498.3 2154.46
12441 2334.47 12511.4 2138.53
12454.4 2326.5 12525.5 2194.28
12468.2 2375.88 12540.4 2151.27
12483.4 2450.76 12554.1 2238.89
12496.2 2445.98 12567.6 2253.22
12510.6 2522.44 12581.6 2291.46
12524.6 2533.59 12596.5 2401.37
12539.2 2586.16 12610.2 2371.11
12551.8 2589.35 12624.5 2457.13
12566.1 2614.83 12638.6 2487.39
12580.7 2676.96 12652 2479.43
12593.9 2648.29 12666.6 2527.22
12608.2 2732.72 12680.4 2552.71
12622.2 2751.83 12695 2600.5
12636.2 2831.48 12709 2614.83
12650.3 2901.57 12723.1 2729.53
12664.6 2880.86 12736.5 2790.06
12678.3 2971.66 12750.6 2802.81
12692.7 2914.32 12764.6 2898.39
12706.4 2949.36 12779.2 2884.05
12721 2965.29 12792.4 3027.42
12734.2 3033.79 12806.7 2968.48
12748.5 3103.88 12821.9 3064.06
12762.5 3191.5 12835.6 3060.87
12776.3 3237.7 12849.7 3127.78
12790 3224.95 12863.7 3207.43
12804.9 3242.47 12877.7 3207.43
12818.4 3244.07 12892.4 3322.12
12832.4 3306.19 12905.8 3352.39
12846.2 3389.03 12921 3427.26
12861.1 3460.71 12934.5 3465.49
12875.1 3510.1 12948.8 3401.77
12888.6 3545.14 12963.1 3440.01
12901.7 3559.48 12977.8 3443.19
12916.9 3631.16 12992.7 3559.48
12930.7 3623.2 13000 3586.56
12943.8 3721.97 12986.2 3685.33
12958.7 3757.01 12973.1 3675.77
