6014.5 -1538.1 6027.43 -1520.58
6003.92 -1517.39 6040.94 -1552.44
6000.69 -1512.62 6055.34 -1544.48
6010.98 -1515.8 6069.73 -1552.44
6024.78 -1549.25 6083.54 -1549.25
6038.3 -1552.44 6097.34 -1512.62
6052.4 -1533.32 6111.44 -1512.62
6066.79 -1547.66 6125.84 -1509.43
6080.89 -1526.95 6139.35 -1563.59
6094.11 -1550.85 6153.74 -1539.7
6108.8 -1531.73 6166.96 -1528.55
6123.19 -1480.76 6181.64 -1506.24
6137 -1520.58 6195.15 -1566.78
6151.39 -1518.99 6208.96 -1512.62
6165.49 -1531.73 6223.94 -1566.78
6179.29 -1475.98 6236.86 -1547.66
6193.1 -1534.92 6251.54 -1549.25
6206.9 -1533.32 6266.22 -1562
6222.17 -1483.94 6279.44 -1507.84
6236.27 -1522.17 6292.95 -1574.74
6248.9 -1522.17 6307.04 -1571.56
6263.58 -1514.21 6321.72 -1525.36
6277.97 -1528.55 6336.4 -1576.34
6292.06 -1558.81 6350.2 -1569.96
6305.87 -1546.07 6363.71 -1557.22
6319.37 -1536.51 6378.1 -1546.07
6333.76 -1517.39 6391.31 -1569.96
6348.15 -1542.88 6405.99 -1565.18
6362.53 -1506.24 6420.37 -1576.34
6375.16 -1534.92 6434.46 -1587.49
6389.55 -1480.76 6447.38 -1585.89
6403.64 -1496.69 6462.06 -1526.95
6418.32 -1509.43 6474.97 -1593.86
6432.11 -1485.53 6490.24 -1566.78
6446.79 -1512.62 6504.62 -1523.77
6460 -1488.72 6518.12 -1563.59
6474.09 -1512.62 6532.21 -1550.85
6487.89 -1538.1 6546 -1598.64
6501.68 -1523.77 6560.38 -1595.45
6516.65 -1498.28 6574.76 -1557.22
6530.15 -1546.07 6588.56 -1534.92
6544.53 -1496.69 6603.23 -1541.29
6558.62 -1475.98 6616.14 -1539.7
6571.24 -1506.24 6630.81 -1568.37
6586.8 -1471.2 6644.31 -1541.29
6600 -1522.17 6658.98 -1542.88
6614.67 -1512.62 6671.89 -1542.88
6627.88 -1515.8 6686.27 -1555.63
6641.38 -1523.77 6701.52 -1538.1
6656.05 -1517.39 6714.43 -1539.7
6670.13 -1544.48 6728.22 -1544.48
6684.21 -1517.39 6742.6 -1522.17
6698.59 -1514.21 6756.97 -1533.32
6711.5 -1520.58 6770.47 -1514.21
6725.87 -1515.8 6784.84 -1528.55
6739.66 -1499.87 6798.63 -1526.95
6753.74 -1530.14 6813.29 -1554.03
6768.12 -1539.7 6826.2 -1579.52
6782.2 -1538.1 6841.15 -1550.85
6795.98 -1498.28 6855.52 -1562
6809.77 -1523.77 6868.72 -1577.93
6823.85 -1518.99 6883.09 -1555.63
6838.81 -1523.77 6897.17 -1557.22
6852.59 -1504.65 6911.54 -1565.18
6866.67 -1511.02 6924.44 -1538.1
6880.16 -1538.1 6938.81 -1536.51
6893.65 -1554.03 6953.18 -1534.92
6908.31 -1547.66 6966.96 -1569.96
6922.39 -1547.66 6980.74 -1555.63
6936.76 -1544.48 6995.4 -1579.52
6950.83 -1499.87 7008.89 -1528.55
6964.91 -1557.22 7023.54 -1530.14
6978.98 -1558.81 7037.03 -1518.99
6992.76 -1536.51 7051.69 -1526.95
7006.25 -1520.58 7064.88 -1544.48
7021.2 -1574.74 7079.53 -1541.29
7033.8 -1557.22 7093.31 -1534.92
7048.46 -1582.71 7107.67 -1562
7062.83 -1560.41 7121.74 -1542.88
7077.19 -1571.56 7134.64 -1547.66
7090.97 -1547.66 7150.47 -1534.92
7103.86 -1501.46 7164.24 -1554.03
7118.52 -1538.1 7176.84 -1533.32
7132.59 -1577.93 7191.49 -1593.86
7146.66 -1546.07 7205.85 -1566.78
7160.14 -1528.55 7219.63 -1584.3
7175.67 -1565.18 7233.4 -1592.27
7187.98 -1550.85 7248.34 -1584.3
7202.34 -1504.65 7262.11 -1554.03
7216.99 -1523.77 7276.47 -1638.46
7231.05 -1491.91 7289.65 -1579.52
7244.24 -1536.51 7304.01 -1560.41
7258.89 -1514.21 7317.19 -1597.04
7273.54 -1531.73 7332.14 -1589.08
7286.72 -1517.39 7345.61 -1584.3
7300.79 -1525.36 7359.96 -1562
7314.56 -1479.16 7374.61 -1628.9
7329.2 -1453.67 7388.08 -1590.67
7342.97 -1511.02 7401.56 -1558.81
7356.16 -1503.06 7415.62 -1568.37
7371.68 -1533.32 7430.55 -1569.96
7384.57 -1528.55 7443.73 -1541.29
7398.92 -1499.87 7458.67 -1546.07
7412.69 -1496.69 7473.02 -1541.29
7427.33 -1469.6 7485.61 -1542.88
7441.39 -1518.99 7500.25 -1547.66
7454.57 -1503.06 7513.72 -1554.03
7469.51 -1506.24 7528.95 -1520.58
7482.68 -1471.2 7541.25 -1544.48
7497.33 -1517.39 7556.18 -1509.43
7510.8 -1480.76 7569.94 -1523.77
7524.85 -1474.38 7584.58 -1517.39
7538.91 -1477.57 7598.34 -1544.48
7552.96 -1491.91 7612.69 -1554.03
7567.01 -1518.99 7627.03 -1547.66
7580.77 -1503.06 7640.5 -1544.48
7594.83 -1512.62 7653.67 -1550.85
7609.17 -1498.28 7669.18 -1566.78
7622.64 -1536.51 7682.94 -1526.95
7636.69 -1503.06 7696.99 -1562
7650.74 -1536.51 7710.45 -1563.59
7664.79 -1558.81 7724.8 -1569.96
7679.43 -1542.88 7738.85 -1569.96
7692.89 -1493.5 7752.89 -1560.41
7706.65 -1562 7766.94 -1523.77
7721.58 -1563.59 7780.99 -1568.37
7735.33 -1562 7794.45 -1554.03
7748.5 -1526.95 7809.66 -1573.15
7763.14 -1546.07 7823.42 -1565.18
7777.18 -1531.73 7837.17 -1546.07
7791.23 -1565.18 7850.63 -1566.78
7805.57 -1552.44 7864.67 -1547.66
7819.03 -1563.59 7879.59 -1565.18
7833.07 -1577.93 7892.76 -1544.48
7846.82 -1534.92 7907.68 -1563.59
7861.16 -1557.22 7921.43 -1555.63
7874.91 -1522.17 7935.18 -1541.29
7889.54 -1555.63 7949.22 -1597.04
7903.29 -1557.22 7963.26 -1585.89
7917.04 -1563.59 7977.3 -1498.28
7930.5 -1579.52 7991.34 -1550.85
7945.71 -1554.03 8005.67 -1546.07
7960.04 -1546.07 8019.13 -1547.66
7972.62 -1515.8 8033.46 -1536.51
7987.83 -1520.58 8047.79 -1584.3
8000.7 -1538.1 8061.24 -1576.34
8015.91 -1526.95 8075.87 -1534.92
8029.66 -1534.92 8089.32 -1582.71
8043.11 -1558.81 8103.65 -1498.28
8056.57 -1562 8117.98 -1565.18
8070.89 -1507.84 8132.31 -1544.48
8086.1 -1541.29 8145.46 -1579.52
8099.85 -1517.39 8159.79 -1531.73
8113.59 -1522.17 8173.53 -1581.11
8126.75 -1512.62 8187.86 -1587.49
8141.37 -1520.58 8201.89 -1597.04
8155.99 -1582.71 8215.34 -1582.71
8169.44 -1563.59 8230.25 -1577.93
8182.89 -1546.07 8244.28 -1550.85
8197.8 -1515.8 8257.73 -1557.22
8212.12 -1538.1 8272.64 -1562
8225.57 -1517.39 8285.79 -1568.37
8239.31 -1517.39 8300.41 -1606.6
8254.22 -1541.29 8313.85 -1573.15
8267.08 -1526.95 8327.88 -1531.73
8281.7 -1549.25 8341.91 -1568.37
8295.73 -1523.77 8356.24 -1523.77
8309.47 -1493.5 8370.85 -1558.81
8323.21 -1506.24 8384.58 -1573.15
8337.82 -1458.45 8398.32 -1563.59
8351.85 -1525.36 8413.52 -1541.29
8366.17 -1520.58 8426.38 -1552.44
8379.91 -1490.31 8440.99 -1538.1
8393.64 -1490.31 8454.14 -1538.1
8407.09 -1498.28 8468.75 -1552.44
8421.7 -1504.65 8482.19 -1538.1
8435.73 -1504.65 8497.38 -1563.59
8449.46 -1520.58 8510.82 -1536.51
8464.36 -1536.51 8524.56 -1555.63
8477.51 -1506.24 8538.87 -1520.58
8491.54 -1511.02 8552.89 -1557.22
8505.27 -1533.32 8566.04 -1557.22
8519.88 -1549.25 8580.94 -1539.7
8534.2 -1488.72 8594.67 -1539.7
8548.22 -1522.17 8609.57 -1528.55
8561.66 -1541.29 8622.72 -1552.44
8575.39 -1542.88 8636.74 -1550.85
8590 -1544.48 8651.93 -1566.78
8603.73 -1550.85 8665.07 -1547.66
8617.17 -1549.25 8679.39 -1558.81
8631.19 -1533.32 8693.41 -1563.59
8645.8 -1627.31 8706.55 -1587.49
8659.82 -1606.6 8721.15 -1603.42
8673.25 -1638.46 8735.47 -1585.89
8687.56 -1612.97 8749.48 -1585.89
8701.58 -1646.43 8762.92 -1589.08
8715.9 -1624.13 8777.81 -1574.74
8730.21 -1636.87 8790.66 -1523.77
8743.64 -1667.14 8805.27 -1533.32
8757.66 -1654.39 8819.28 -1542.88
8771.97 -1683.07 8833.01 -1577.93
8785.99 -1713.33 8847.9 -1605.01
8799.72 -1708.55 8861.04 -1605.01
8813.44 -1652.8 8876.22 -1605.01
8828.63 -1628.9 8889.36 -1581.11
8841.48 -1577.93 8904.55 -1547.66
8854.91 -1635.28 8917.39 -1552.44
8870.09 -1641.65 8931.12 -1568.37
8883.82 -1601.82 8946.88 -1554.03
8897.83 -1587.49 8960.31 -1562
8911.85 -1601.82 8973.45 -1600.23
8925.57 -1549.25 8987.76 -1514.21
8938.71 -1538.1 9002.06 -1581.11
8953.89 -1517.39 9014.91 -1541.29
8967.32 -1523.77 9029.8 -1518.99
8981.92 -1534.92 9044.1 -1496.69
8996.22 -1557.22 9057.24 -1560.41
9009.94 -1558.81 9072.12 -1557.22
9024.83 -1560.41 9086.14 -1568.37
9037.97 -1511.02 9099.56 -1582.71
9052.27 -1526.95 9113.87 -1563.59
9065.7 -1491.91 9127.58 -1577.93
9080.01 -1490.31 9141.3 -1549.25
9093.73 -1536.51 9156.48 -1563.59
9108.03 -1555.63 9169.91 -1560.41
9121.46 -1539.7 9184.21 -1587.49
9136.05 -1587.49 9198.22 -1587.49
9149.48 -1539.7 9212.23 -1573.15
9163.49 -1526.95 9226.82 -1554.03
9178.08 -1518.99 9240.54 -1555.63
9191.21 -1491.91 9253.67 -1565.18
9206.1 -1539.7 9267.97 -1581.11
9220.11 -1585.89 9283.14 -1569.96
9233.53 -1547.66 9296.86 -1605.01
9247.83 -1550.85 9310.87 -1632.09
9262.43 -1520.58 9324.59 -1592.27
9275.85 -1514.21 9338.01 -1600.23
9290.15 -1509.43 9351.14 -1579.52
9303.57 -1539.7 9367.48 -1608.2
9318.46 -1544.48 9380.32 -1641.65
9332.17 -1530.14 9395.2 -1668.73
9345.6 -1558.81 9408.63 -1667.14
9360.19 -1512.62 9422.92 -1619.35
9374.78 -1546.07 9436.35 -1617.75
9387.03 -1550.85 9450.06 -1619.35
9402.21 -1544.48 9464.94 -1593.86
9415.92 -1589.08 9479.53 -1589.08
9429.34 -1633.68 9492.07 -1605.01
9444.52 -1667.14 9506.66 -1597.04
9457.94 -1648.02 9521.54 -1569.96
9471.94 -1665.54 9534.96 -1555.63
9486.24 -1667.14 9548.97 -1595.45
9499.66 -1770.68 9562.97 -1571.56
9513.96 -1705.37 9576.97 -1542.88
9527.67 -1729.26 9590.98 -1577.93
9542.26 -1764.31 9605.27 -1614.57
9556.55 -1775.46 9618.69 -1560.41
9570.56 -1742.01 9633.28 -1584.3
9582.81 -1727.67 9647.28 -1555.63
9598.56 -1706.96 9661.58 -1558.81
9612.57 -1648.02 9675.87 -1571.56
9625.69 -1724.48 9690.17 -1587.49
9639.7 -1697.4 9702.71 -1576.34
9653.7 -1684.66 9717.88 -1577.93
9668 -1691.03 9731.3 -1590.67
9682.58 -1652.8 9745.01 -1571.56
9695.13 -1605.01 9759.89 -1552.44
9710.58 -1565.18 9774.18 -1562
9723.42 -1541.29 9787.89 -1563.59
9738.59 -1549.25 9801.89 -1568.37
9751.72 -1518.99 9815.89 -1533.32
9765.72 -1605.01 9830.48 -1525.36
9780.89 -1506.24 9843.6 -1482.35
9794.01 -1560.41 9858.19 -1512.62
9807.72 -1496.69 9871.9 -1485.53
9822.02 -1474.38 9886.19 -1506.24
9835.73 -1445.71 9900.48 -1448.9
9850.6 -1458.45 9914.19 -1480.76
9864.02 -1479.16 9927.9 -1487.13
9877.44 -1485.53 9943.07 -1391.55
9892.31 -1472.79 9955.61 -1397.92
9905.73 -1485.53 9970.48 -1412.26
9920.02 -1463.23 9984.19 -1397.92
9934.61 -1431.37 9998.77 -1375.62
9947.73 -1423.41 10012.5 -1391.55
9962.9 -1405.88 10025.3 -1353.32
9975.15 -1420.22 10041.4 -1340.57
9990.02 -1448.9 10053.6 -1335.79
10004.3 -1515.8 10069.1 -1324.64
10018 -1405.88 10083.1 -1316.68
10032.3 -1401.11 10097.1 -1329.42
10046.6 -1343.76 10110.5 -1358.09
10060 -1375.62 10124.8 -1399.51
10075.5 -1351.72 10137.9 -1367.65
10087.7 -1381.99 10152.8 -1391.55
10101.7 -1413.85 10166.2 -1315.08
10115.1 -1394.73 10180.8 -1283.22
10130 -1383.58 10194.5 -1284.82
10144.3 -1329.42 10209 -1303.93
10158.3 -1331.01 10222.8 -1307.12
10172 -1335.79 10236.2 -1327.83
10185.7 -1389.95 10250.8 -1361.28
10199.7 -1393.14 10266.2 -1311.9
10214 -1402.7 10279.3 -1264.11
10227.4 -1401.11 10293.3 -1209.95
10242.6 -1420.22 10307.3 -1194.02
10255.7 -1361.28 10321.3 -1213.13
10270.6 -1362.87 10335.9 -1187.64
10284 -1381.99 10348.5 -1278.45
10298 -1393.14 10364.5 -1232.25
10312.3 -1391.55 10377.9 -1201.98
10326.3 -1469.6 10391.9 -1133.48
10341.2 -1381.99 10405.6 -1061.8
10353.7 -1359.69 10419.6 -1069.76
10368 -1318.27 10433.3 -1068.17
10382 -1262.52 10447.9 -1071.36
10396.6 -1227.47 10461.6 -1088.88
10410.3 -1227.47 10475.6 -1047.46
10423.4 -1264.11 10489 -1017.19
10439.2 -1246.59 10503.9 -977.369
10452.6 -1211.54 10517.9 -1017.19
10466.6 -1163.75 10532.2 -970.997
10480.3 -1139.85 10545.6 -994.892
10493.7 -1057.02 10560.2 -1010.82
10508.3 -1041.09 10573.6 -998.078
10521.1 -1049.05 10588.2 -1006.04
10537.2 -1033.12 10602.2 -967.811
10550 -1052.24 10615.9 -904.092
10564.3 -1006.04 10629 -923.207
10577.7 -964.625 10644.2 -902.499
10592 -929.579 10657.3 -953.474
10605.4 -896.127 10672.8 -912.057
10620.6 -916.836 10686.2 -945.509
10634.6 -889.755 10700.5 -942.323
10648.3 -921.614 10714.2 -886.569
10662.6 -931.172 10728.5 -837.186
10676.3 -864.267 10741.6 -818.07
10689.7 -814.884 10755.9 -808.512
10704.3 -800.547 10770.5 -838.779
10718 -800.547 10783.9 -794.175
10733.1 -779.838 10798.5 -870.639
10746 -798.954 10812.2 -762.315
10760.9 -806.919 10826.2 -687.444
10774 -800.547 10841.1 -671.514
10788 -765.501 10854.8 -650.805
10802.9 -708.153 10869.4 -638.061
10816.9 -661.956 10882.8 -615.759
10830.6 -695.409 10897.1 -649.212
10844.6 -647.619 10911.4 -630.096
10858.6 -676.293 10924.2 -572.749
10872.3 -697.002 10938.8 -504.25
10886.6 -671.514 10953.1 -469.204
10900.3 -607.794 10967.7 -467.611
10913.4 -579.121 10980.2 -432.565
10928.9 -577.528 10994.8 -475.576
10941.4 -520.18 11008.5 -435.751
10956.6 -599.829 11023.1 -413.449
10969.7 -601.422 11037.1 -344.95
10984 -548.854 11051.4 -290.789
10998.9 -472.39 11064.8 -260.522
11012.9 -478.762 11079.7 -308.311
11026.3 -472.39 11092.8 -346.543
11040.6 -453.274 11107.1 -332.206
11054.3 -403.891 11121.4 -319.462
11068 -504.25 11135.1 -266.894
11082 -415.042 11149.4 -228.662
11095.1 -372.031 11163.4 -228.662
11111.2 -352.915 11177.1 -244.592
11124.6 -301.939 11190.8 -223.883
11138.6 -293.974 11205.7 -242.999
11151.7 -306.718 11219.1 -249.371
11166.6 -297.16 11234 -250.964
11180.3 -287.603 11248 -182.465
11195.2 -268.487 11262.9 -172.907
11208 -231.848 11275.7 -176.093
11222 -145.826 11289.5 -174.5
11236.6 -126.71 11303.8 -145.826
11249.8 -47.0603 11318.3 -187.244
11265.2 -99.6291 11331.8 -125.117
11278.7 -121.931 11345.8 -47.0603
11292.4 -74.1412 11360.6 -43.8743
11306.4 -47.0603 11374.1 11.8805
11319.8 16.6595 11387.5 29.4035
11334.4 19.8455 11401.8 5.50855
11348.4 109.053 11416.1 -0.863426
11361.8 167.994 11430.4 24.6245
11376.4 163.215 11444.1 83.5653
11390.4 118.611 11459 233.307
11403.8 104.274 11472.4 273.132
11419 188.703 11486.4 254.016
11431.8 233.307 11500.7 250.83
11446.1 292.248 11515.3 239.679
11460.7 298.62 11527.9 193.482
11475.3 376.676 11542.5 261.981
11487.9 289.062 11556.5 332.072
11502.5 300.213 11570.5 362.339
11517.4 311.364 11584.8 441.989
11530.2 336.851 11598.5 483.407
11544.2 405.35 11613.1 465.884
11558.2 488.186 11626.2 410.129
11572.5 510.488 11640.5 402.164
11585.9 500.93 11655.7 416.501
11600.2 491.372 11668.5 473.849
11615.1 480.221 11683.7 572.615
11628.3 518.453 11697.4 623.591
11642.8 526.418 11710.3 637.928
11656.9 580.58 11726 578.987
11669.4 607.661 11738.9 586.952
11684 655.45 11753.5 531.197
11698.6 628.37 11767.5 571.022
11712.9 677.752 11781.2 634.742
11726 672.973 11794.9 684.124
11740.1 700.054 11808.9 747.844
11754.9 771.739 11823 776.518
11768.4 830.68 11837.3 792.448
11782.1 854.575 11851.9 789.262
11797.3 888.028 11865.6 786.076
11811 876.877 11880.2 835.459
11825.6 897.586 11893.6 860.947
11838.2 905.551 11908.2 926.26
11853.3 959.713 11922.5 1021.84
11866.5 1056.89 11936.3 1060.07
11879.9 1099.9 11950.3 1087.15
11894.5 1187.51 11963.7 1114.23
11909.1 1155.65 11976.8 1168.39
11922.8 1160.43 11991.7 1189.1
11935.7 1165.21 12006.3 1281.5
11951.1 1213 12020.6 1311.76
11964 1244.86 12034.7 1332.47
11978 1259.2 12047.2 1367.52
11992.3 1314.95 12061.8 1365.93
12006.9 1367.52 12076.4 1380.26
12020.1 1373.89 12091.3 1400.97
12034.7 1421.68 12104.5 1469.47
12047.8 1408.94 12118.2 1494.96
12062.1 1402.57 12131.9 1515.67
12077 1459.91 12146.5 1502.92
12090.1 1544.34 12160.5 1474.25
12104.5 1582.57 12174.6 1510.89
12118.8 1603.28 12188.9 1536.38
12132.5 1724.35 12202.6 1576.2
12147.4 1698.86 12216.3 1601.69
12160.3 1783.29 12230.4 1619.21
12174.9 1815.15 12245.3 1660.63
12188.9 1897.99 12259 1673.37
12202.9 1872.5 12272.7 1753.02
12216.9 1976.04 12287 1692.49
12230.7 1968.08 12300.8 1770.55
12244.4 2007.9 12316 1819.93
12258.1 2047.73 12329.1 1883.65
12272.7 2093.92 12343.1 1993.57
12286.7 2132.16 12357.2 2079.59
12301 2186.32 12371.2 2071.62
12313.6 2224.55 12385.5 2144.9
12329.4 2258 12399.2 2089.15
12342.8 2210.21 12413.3 2183.13
12357.2 2232.52 12427.3 2246.85
12370.3 2195.88 12441 2339.25
12385.2 2324.91 12455 2420.49
12398.9 2315.35 12469.4 2461.91
12412.1 2407.74 12484 2476.24
12426.4 2453.94 12498.9 2382.26
12441.3 2433.23 12511.4 2422.08
12454.2 2477.84 12525.5 2422.08
12469.1 2493.77 12540.1 2458.72
12482.2 2522.44 12554.7 2533.59
12496.5 2567.04 12568.1 2571.82
12510.3 2643.51 12581 2665.81
12524.6 2681.74 12596.5 2648.29
12537.7 2705.63 12610.2 2613.24
12551.8 2770.95 12624.3 2560.67
12566.1 2782.1 12639.2 2587.75
12581 2844.23 12652 2653.07
12594.7 2831.48 12666.6 2723.16
12608.8 2923.88 12680.7 2801.21
12621.6 2998.75 12695.3 2864.93
12636.8 3049.72 12708.7 2825.11
12650.6 3124.59 12722.8 2856.97
12664.3 3134.15 12738.3 2868.12
12678.3 3185.13 12750.6 2877.68
12692.7 3186.72 12765.5 2935.03
12706.7 3240.88 12778.9 2990.78
12720.1 3303.01 12793.8 3065.65
12734.2 3310.97 12807 3150.08
12748.2 3408.15 12821.3 3191.5
12762.8 3422.48 12836.2 3202.65
12776 3414.52 12847.9 3237.7
12790.9 3463.9 12863.7 3239.29
12804 3495.76 12877.7 3279.11
12819 3616.83 12892.1 3303.01
12832.4 3621.61 12906.4 3314.16
12846.2 3629.57 12920.1 3438.41
12861.1 3661.43 12934.2 3470.27
12874.2 3645.5 12948.2 3498.95
12888.3 3706.04 12963.4 3506.91
12902 3710.81 12978 3569.04
12916.3 3855.78 12993 3532.4
12930.1 3814.36 13000 3594.53
12945 3882.86 12986.5 3651.87
12958.4 3976.84 12973.1 3749.05
