6013.62 -1934.76 6027.72 -1915.64
6003.92 -1906.09 6041.24 -1855.11
5999.81 -1926.79 6055.92 -1885.38
6010.39 -1893.34 6069.44 -1880.6
6023.61 -1893.34 6082.95 -1906.09
6037.71 -1925.2 6097.34 -1923.61
6051.81 -1871.04 6111.74 -1869.45
6067.09 -1882.19 6125.84 -1926.79
6080.89 -1914.05 6138.47 -1929.98
6094.7 -1949.1 6152.86 -1902.9
6109.09 -1885.38 6167.55 -1880.6
6122.9 -1874.23 6181.94 -1877.41
6137 -1890.16 6195.15 -1893.34
6151.1 -1872.63 6209.25 -1922.02
6164.9 -1875.82 6224.23 -1936.35
6179.29 -1904.49 6237.15 -1929.98
6193.39 -1925.2 6252.13 -1882.19
6207.49 -1912.46 6266.52 -1888.56
6220.71 -1891.75 6279.73 -1898.12
6235.1 -1914.05 6293.83 -1915.64
6249.19 -1933.17 6307.63 -1894.93
6262.7 -1872.63 6321.72 -1886.97
6277.68 -1906.09 6335.52 -1904.49
6292.65 -1910.86 6350.2 -1899.71
6305.87 -1963.43 6364.3 -1923.61
6319.37 -1942.72 6378.1 -1898.12
6333.76 -1931.57 6391.6 -1879
6347.56 -1920.42 6404.81 -1890.16
6361.65 -1893.34 6420.08 -1883.78
6375.75 -1890.16 6433.88 -1912.46
6389.55 -1893.34 6447.97 -1893.34
6403.64 -1888.56 6463.23 -1923.61
6418.02 -1867.85 6475.85 -1937.95
6431.82 -1907.68 6489.94 -1896.53
6445.62 -1910.86 6504.91 -1912.46
6459.41 -1877.41 6518.41 -1864.67
6473.8 -1922.02 6532.8 -1890.16
6487.89 -1845.55 6545.41 -1909.27
6502.86 -1885.38 6560.09 -1901.31
6516.65 -1888.56 6574.76 -1904.49
6530.15 -1915.64 6588.85 -1931.57
6545.71 -1944.32 6602.35 -1914.05
6558.03 -1907.68 6615.55 -1907.68
6572.12 -1931.57 6629.93 -1906.09
6586.5 -1877.41 6644.02 -1885.38
6601.17 -1891.75 6659.27 -1867.85
6613.2 -1886.97 6672.77 -1886.97
6628.17 -1894.93 6686.85 -1957.06
6641.38 -1915.64 6700.94 -1918.83
6656.34 -1926.79 6714.14 -1937.95
6669.84 -1922.02 6729.1 -1886.97
6684.51 -1899.71 6742.3 -1890.16
6698.88 -1894.93 6756.97 -1893.34
6711.21 -1891.75 6770.17 -1899.71
6725.87 -1906.09 6784.84 -1896.53
6740.54 -1871.04 6798.92 -1904.49
6754.33 -1922.02 6812.7 -1896.53
6767.82 -1898.12 6827.08 -1901.31
6782.49 -1875.82 6841.74 -1910.86
6796.57 -1885.38 6854.64 -1869.45
6810.06 -1877.41 6868.72 -1902.9
6823.85 -1880.6 6883.39 -1907.68
6838.81 -1931.57 6897.17 -1872.63
6852.3 -1866.26 6911.24 -1933.17
6866.96 -1917.24 6924.73 -1915.64
6880.16 -1918.83 6938.81 -1910.86
6894.53 -1909.27 6952.59 -1917.24
6907.73 -1901.31 6967.25 -1904.49
6921.8 -1898.12 6981.32 -1910.86
6937.05 -1915.64 6994.81 -1872.63
6950.25 -1896.53 7009.76 -1888.56
6964.91 -1888.56 7023.25 -1880.6
6978.69 -1859.89 7037.03 -1912.46
6993.05 -1910.86 7051.69 -1909.27
7007.13 -1893.34 7064.88 -1885.38
7020.9 -1926.79 7078.95 -1886.97
7034.39 -1886.97 7093.9 -1875.82
7047.58 -1883.78 7107.09 -1888.56
7062.24 -1866.26 7121.16 -1909.27
7076.9 -1909.27 7134.93 -1901.31
7090.97 -1883.78 7150.17 -1914.05
7105.04 -1922.02 7163.36 -1933.17
7117.93 -1901.31 7177.43 -1920.42
7132.59 -1902.9 7191.79 -1883.78
7146.07 -1902.9 7205.85 -1917.24
7160.43 -1933.17 7220.21 -1886.97
7174.5 -1882.19 7234.28 -1904.49
7188.86 -1896.53 7247.46 -1894.93
7202.63 -1882.19 7261.53 -1980.96
7216.7 -1918.83 7275.88 -1923.61
7231.35 -1902.9 7289.65 -1904.49
7244.83 -1909.27 7304.3 -1891.75
7259.77 -1906.09 7318.07 -1875.82
7272.95 -1896.53 7332.14 -1902.9
7286.14 -1898.12 7346.2 -1918.83
7300.79 -1893.34 7359.67 -1906.09
7315.44 -1891.75 7374.61 -1925.2
7329.2 -1925.2 7388.38 -1920.42
7342.68 -1893.34 7401.27 -1934.76
7355.86 -1917.24 7416.2 -1926.79
7371.1 -1885.38 7429.68 -1923.61
7385.45 -1899.71 7444.03 -1925.2
7399.51 -1875.82 7458.08 -1902.9
7412.98 -1925.2 7472.73 -1890.16
7427.63 -1906.09 7487.08 -1891.75
7440.81 -1867.85 7499.38 -1891.75
7454.28 -1883.78 7514.9 -1945.91
7469.21 -1920.42 7528.07 -1907.68
7482.98 -1877.41 7542.13 -1906.09
7497.33 -1855.11 7555.3 -1949.1
7511.09 -1898.12 7570.82 -1885.38
7524.85 -1898.12 7584.29 -1928.39
7538.91 -1901.31 7598.34 -1925.2
7553.84 -1925.2 7611.51 -1939.54
7567.01 -1893.34 7626.74 -1947.5
7580.48 -1869.45 7640.2 -1931.57
7595.12 -1877.41 7654.84 -1904.49
7609.47 -1902.9 7668.89 -1918.83
7623.23 -1880.6 7682.65 -1922.02
7636.69 -1920.42 7696.7 -1902.9
7651.62 -1901.31 7711.04 -1918.83
7664.79 -1907.68 7724.21 -1918.83
7679.14 -1891.75 7738.26 -1896.53
7692.6 -1896.53 7753.19 -1920.42
7706.94 -1875.82 7766.65 -1915.64
7720.7 -1858.3 7781.28 -1926.79
7735.04 -1885.38 7794.74 -1899.71
7748.5 -1864.67 7808.49 -1929.98
7763.72 -1928.39 7823.12 -1899.71
7777.48 -1914.05 7837.46 -1936.35
7791.23 -1875.82 7851.21 -1934.76
7805.27 -1834.4 7865.84 -1942.72
7819.61 -1901.31 7879.3 -1963.43
7833.36 -1866.26 7893.35 -1929.98
7847.12 -1910.86 7906.8 -1933.17
7861.45 -1877.41 7921.14 -1837.59
7874.91 -1880.6 7934.89 -1906.09
7889.83 -1882.19 7949.81 -1917.24
7903.58 -1879 7963.85 -1904.49
7916.75 -1899.71 7977.6 -1914.05
7930.79 -1909.27 7991.05 -1901.31
7945.42 -1886.97 8005.09 -1920.42
7958.87 -1888.56 8019.71 -1891.75
7972.62 -1923.61 8033.46 -1958.65
7986.95 -1896.53 8047.5 -1896.53
8000.41 -1885.38 8061.24 -1882.19
8015.33 -1909.27 8075.28 -1965.03
8029.66 -1917.24 8089.32 -1925.2
8043.11 -1922.02 8103.94 -1883.78
8057.15 -1936.35 8118.85 -1918.83
8071.19 -1898.12 8130.55 -1934.76
8086.39 -1923.61 8145.17 -1944.32
8099.26 -1885.38 8159.2 -1917.24
8112.71 -1858.3 8174.12 -1904.49
8127.33 -1877.41 8187.57 -1901.31
8141.95 -1891.75 8202.18 -1928.39
8154.82 -1918.83 8216.22 -1915.64
8169.44 -1877.41 8230.54 -1882.19
8183.76 -1957.06 8243.7 -1893.34
8197.8 -1885.38 8258.32 -1904.49
8211.83 -1886.97 8272.05 -1902.9
8225.28 -1893.34 8285.79 -1915.64
8238.44 -1851.92 8299.53 -1917.24
8253.34 -1858.3 8314.73 -1885.38
8267.38 -1926.79 8327.88 -1918.83
8281.12 -1914.05 8342.5 -1925.2
8295.44 -1912.46 8357.11 -1925.2
8309.18 -1910.86 8369.68 -1909.27
8323.5 -1877.41 8384.88 -1922.02
8337.53 -1882.19 8398.61 -1928.39
8351.85 -1906.09 8412.06 -1915.64
8365.88 -1950.69 8425.5 -1912.46
8379.62 -1918.83 8440.4 -1883.78
8393.06 -1896.53 8453.84 -1877.41
8407.09 -1945.91 8468.45 -1917.24
8421.7 -1914.05 8483.07 -1933.17
8436.31 -1920.42 8496.21 -1917.24
8449.46 -1872.63 8511.41 -1926.79
8463.78 -1893.34 8523.68 -1933.17
8476.93 -1885.38 8539.16 -1942.72
8491.54 -1947.5 8552.02 -1918.83
8505.85 -1910.86 8566.34 -1928.39
8519.59 -1925.2 8581.53 -1926.79
8533.32 -1890.16 8595.84 -1896.53
8547.93 -1902.9 8608.7 -1928.39
8561.37 -1866.26 8623.01 -1918.83
8575.98 -1904.49 8636.74 -1920.42
8590 -1871.04 8651.05 -1914.05
8603.73 -1902.9 8665.36 -1928.39
8616.58 -1902.9 8678.51 -1933.17
8631.48 -1879 8692.82 -1915.64
8644.63 -1909.27 8706.84 -1893.34
8659.52 -1912.46 8720.28 -1901.31
8674.13 -1909.27 8735.17 -1945.91
8688.44 -1896.53 8749.48 -1904.49
8701 -1902.9 8763.21 -1914.05
8715.6 -1934.76 8776.94 -1923.61
8730.21 -1888.56 8791.83 -1920.42
8743.64 -1902.9 8805.56 -1880.6
8757.66 -1891.75 8818.99 -1863.07
8771.68 -1899.71 8833.3 -1890.16
8785.41 -1867.85 8847.02 -1928.39
8799.72 -1902.9 8861.33 -1939.54
8813.73 -1906.09 8874.76 -1949.1
8828.92 -1858.3 8889.95 -1894.93
8841.18 -1910.86 8904.55 -1929.98
8855.78 -1888.56 8917.98 -1928.39
8869.8 -1909.27 8932.28 -1912.46
8883.23 -1896.53 8945.72 -1896.53
8897.54 -1858.3 8959.14 -1917.24
8912.14 -1910.86 8973.45 -1937.95
8926.15 -1886.97 8987.47 -1960.25
8939.29 -1955.47 9002.65 -1901.31
8953.89 -1899.71 9015.78 -1888.56
8967.91 -1893.34 9029.5 -1939.54
8982.21 -1898.12 9044.39 -1960.25
8995.06 -1885.38 9057.24 -2049.45
9008.78 -1898.12 9072.12 -2790.2
9024.25 -1880.6 9086.14 -2721.7
9037.39 -1957.06 9100.44 -2693.02
9052.27 -1890.16 9113.87 -2648.42
9065.99 -1879 9127.88 -2605.41
9080.01 -1880.6 9142.76 -2610.19
9094.02 -1847.14 9155.9 -2591.07
9108.03 -1888.56 9170.49 -2613.37
9121.46 -1894.93 9184.79 -2607
9135.17 -1863.07 9198.8 -2541.69
9150.35 -1863.07 9211.65 -2538.5
9164.07 -1885.38 9226.53 -2508.24
9178.08 -1902.9 9239.66 -2481.16
9191.8 -1879 9254.84 -2465.23
9205.81 -1886.97 9267.68 -2436.55
9219.82 -1890.16 9281.4 -2452.48
9234.12 -1888.56 9297.15 -2452.48
9248.13 -1915.64 9310.29 -2454.08
9261.84 -1910.86 9325.17 -2433.37
9275.85 -1960.25 9338.89 -2361.68
9289.57 -1902.9 9351.43 -2366.46
9303.28 -1891.75 9366.61 -2355.31
9318.46 -1894.93 9380.03 -2350.53
9332.17 -1926.79 9395.5 -2310.71
9345.6 -1909.27 9409.21 -2337.79
9359.89 -1933.17 9422.34 -2310.71
9374.19 -1879 9437.22 -2264.51
9387.62 -1910.86 9450.35 -2256.54
9402.79 -1899.71 9464.94 -2231.06
9416.5 -1904.49 9479.82 -2211.94
9428.47 -1879 9493.53 -2194.42
9444.22 -1866.26 9506.08 -2197.6
9457.94 -1879 9521.25 -2200.79
9471.65 -1883.78 9535.55 -2140.26
9485.95 -1871.04 9549.26 -2133.88
9499.08 -1863.07 9562.97 -2095.65
9514.25 -1867.85 9578.14 -2066.98
9527.96 -1867.85 9590.98 -2089.28
9541.09 -1867.85 9605.86 -2081.31
9556.26 -1831.21 9620.15 -2121.14
9570.56 -1853.52 9634.16 -2081.31
9584.27 -1842.37 9648.16 -2036.71
9597.4 -1851.92 9661.29 -1949.1
9612.27 -1855.11 9675.29 -1995.29
9625.99 -1834.4 9690.17 -2011.22
9639.99 -1839.18 9703.59 -1984.14
9653.7 -1840.77 9718.17 -1931.57
9668.29 -1835.99 9732.46 -1929.98
9682 -1847.14 9745.88 -1899.71
9695.13 -1818.47 9759.59 -1910.86
9710.58 -1840.77 9773.89 -1848.74
9724.01 -1764.31 9787.89 -1853.52
9738.59 -1821.66 9801.6 -1855.11
9752.01 -1753.16 9815.02 -1850.33
9766.01 -1799.35 9830.18 -1848.74
9779.72 -1800.95 9843.6 -1792.98
9794.6 -1785.02 9857.02 -1794.58
9808.31 -1792.98 9873.06 -1783.42
9822.31 -1770.68 9885.89 -1764.31
9836.02 -1726.08 9899.9 -1764.31
9850.6 -1761.12 9913.6 -1762.72
9864.9 -1702.18 9928.19 -1748.38
9878.02 -1713.33 9942.19 -1737.23
9892.6 -1708.55 9956.19 -1683.07
9905.15 -1673.51 9970.19 -1692.62
9919.73 -1681.47 9983.61 -1632.09
9933.73 -1692.62 9997.9 -1678.29
9948.61 -1638.46 10011.9 -1606.6
9962.61 -1676.69 10026.2 -1636.87
9975.73 -1663.95 10041.1 -1589.08
9990.02 -1649.61 10054.2 -1582.71
10004.9 -1660.76 10068.2 -1581.11
10017.7 -1587.49 10082.5 -1577.93
10032.3 -1593.86 10096.2 -1518.99
10046.3 -1611.38 10110.5 -1530.14
10060 -1549.25 10124.5 -1506.24
10075.5 -1587.49 10138.8 -1504.65
10088.3 -1549.25 10152.8 -1498.28
10102.3 -1579.52 10166.8 -1468.01
10116.3 -1581.11 10182.2 -1448.9
10129.7 -1498.28 10195.6 -1409.07
10144 -1487.13 10209 -1378.8
10157.7 -1528.55 10222.8 -1386.77
10172 -1468.01 10236.5 -1420.22
10186 -1507.84 10251 -1423.41
10199.4 -1458.45 10264.5 -1364.47
10214.3 -1506.24 10279 -1367.65
10227.4 -1475.98 10293 -1388.36
10242.9 -1423.41 10307.6 -1358.09
10256 -1426.59 10321.6 -1343.76
10270.3 -1397.92 10334.2 -1265.7
10284.9 -1381.99 10348.8 -1316.68
10298.9 -1385.18 10363.6 -1259.33
10312 -1358.09 10377 -1302.34
10326 -1378.8 10391.6 -1257.74
10340 -1356.5 10405.3 -1272.07
10353.4 -1308.71 10420.2 -1265.7
10368.3 -1267.29 10433.9 -1203.57
10382 -1252.96 10447.9 -1246.59
10396 -1232.25 10461.6 -1195.61
10410.3 -1244.99 10475.9 -1209.95
10423.7 -1221.1 10489.9 -1165.34
10438.6 -1249.77 10504.2 -1103.22
10452.6 -1256.14 10517.6 -1146.23
10466 -1190.83 10531 -1037.9
10480 -1182.87 10544.7 -1127.11
10494.6 -1146.23 10560.2 -1055.43
10507.7 -1120.74 10573.6 -1077.73
10522 -1151.01 10587 -1088.88
10536.3 -1136.67 10602.5 -1036.31
10550.6 -1128.7 10615.9 -1001.26
10563.7 -1109.59 10630.5 -980.555
10579.1 -1103.22 10643.6 -964.625
10592.9 -1055.43 10658.5 -983.741
10606.9 -1025.16 10672.5 -1007.64
10620 -1023.57 10686.2 -975.776
10634.9 -1042.68 10699 -978.962
10648.3 -1023.57 10713.9 -908.871
10661.4 -961.439 10727.9 -897.72
10676.3 -996.485 10742.5 -826.035
10690 -956.66 10756.2 -810.105
10704.3 -940.73 10770.8 -835.593
10717.4 -907.278 10783.9 -880.197
10732.3 -853.116 10797.6 -849.93
10746 -846.744 10812.8 -829.221
10760 -835.593 10826.2 -822.849
10774.6 -848.337 10840.8 -779.838
10788.3 -786.21 10854.8 -706.56
10802.6 -781.431 10868.2 -704.967
10816.3 -722.49 10881.9 -712.932
10830 -693.816 10896.2 -727.269
10844 -717.711 10911.1 -744.792
10858.6 -655.584 10925.4 -689.037
10872 -679.479 10938.8 -690.63
10886 -657.177 10952.8 -583.9
10899.4 -668.328 10967.4 -569.563
10914.9 -620.538 10980.2 -540.889
10928.9 -579.121 10994.5 -542.482
10941.7 -590.272 11009.1 -507.436
10956.9 -497.878 11023.4 -560.005
10970.6 -529.738 11037.1 -571.156
10984.6 -480.355 11051.4 -497.878
10998.3 -480.355 11065.4 -475.576
11011.7 -504.25 11080 -416.635
11026.6 -489.913 11093.1 -360.88
11039.7 -450.088 11107.7 -386.368
11054 -392.74 11120.5 -394.333
11068.9 -408.67 11135.4 -386.368
11082.6 -341.764 11149.1 -413.449
11096.6 -333.799 11163.1 -338.578
11111.5 -295.567 11177.4 -292.381
11124 -265.301 11191.1 -247.778
11138.6 -262.115 11205.7 -223.883
11152 -274.859 11219.1 -249.371
11166 -262.115 11234.6 -260.522
11180.9 -255.743 11248.6 -239.813
11194.3 -196.802 11261.7 -196.802
11208 -172.907 11274.9 -169.721
11222.3 -85.2922 11290 -163.349
11236.4 -53.4323 11303.4 -161.756
11249.8 -67.7692 11317.8 -102.815
11264.9 -34.3163 11331.2 -158.57
11277.8 -45.4673 11345.8 -123.524
11291.8 21.4385 11359.5 -88.4781
11307 0.729569 11373.8 -39.0953
11320.1 38.9614 11388.9 -24.7583
11334.7 77.1933 11401.5 50.1124
11347.5 174.366 11415.8 37.3684
11362.4 156.843 11430.1 66.0424
11376.1 145.692 11444.7 86.7513
11391 140.913 11457.5 113.832
11403.8 148.878 11472.1 91.5303
11419.3 145.692 11486.4 150.471
11431.8 252.423 11501 148.878
11446.1 290.655 11513.9 206.226
11460.7 365.525 11529.6 238.086
11474.7 379.862 11543.3 223.749
11488.5 324.108 11556.8 255.609
11502.2 341.63 11571.3 309.771
11515.9 311.364 11584.8 341.63
11530.2 375.083 11598.5 392.606
11544.8 461.105 11613.1 402.164
11558.5 524.825 11627.1 381.455
11572.2 535.976 11640.5 430.838
11585.9 547.127 11655.7 453.14
11600.8 561.464 11668 507.302
11614.5 492.965 11683.1 512.081
11629.1 507.302 11697.2 590.138
11642.3 566.243 11711.4 602.882
11656.9 644.299 11724.3 626.777
11669.7 680.938 11738.9 614.033
11684.6 757.402 11753.2 612.44
11698.6 778.111 11767.2 607.661
11712.9 773.332 11781.8 727.135
11726.3 722.356 11795.5 786.076
11740.1 782.89 11809.5 843.424
11754.9 816.343 11824.1 849.796
11767.5 880.063 11837.3 875.284
11782.7 964.491 11851 852.982
11796.4 1058.48 11864.7 872.098
11810.4 1048.92 11879.6 870.505
11824.4 989.979 11893.6 948.562
11838.4 948.562 11907.6 1036.18
11852.5 970.864 11921.7 1144.5
11866.2 1063.26 11935.4 1169.99
11880.2 1119.01 11950 1109.45
11894.8 1228.93 11964.3 1074.41
11908.2 1322.92 11978 1064.85
11922.5 1265.57 11992 1112.64
11936.8 1281.5 12005.8 1213
11951.1 1216.18 12020.1 1281.5
11964.6 1224.15 12034.7 1346.81
11978.9 1283.09 12048.4 1391.41
11992.9 1348.4 12062.4 1385.04
12006.3 1480.62 12075.8 1327.69
12020.6 1490.18 12091 1322.92
12034.7 1561.86 12103.6 1377.08
12048.4 1525.23 12119.1 1448.76
12062.7 1490.18 12131.9 1525.23
12076.1 1502.92 12146.5 1534.78
12090.1 1590.54 12160.3 1657.44
12104.2 1657.44 12174.3 1617.62
12118.2 1737.09 12189.2 1585.76
12132.8 1802.41 12202.3 1566.64
12146.5 1810.37 12217.2 1530
12160 1813.56 12230.7 1660.63
12174.6 1829.49 12244.1 1775.33
12188.3 1853.38 12259.3 1845.42
12203.5 1893.21 12272.1 1872.5
12217.2 1950.56 12287 1843.82
12230.4 2003.12 12300.8 1840.64
12245 2089.15 12314.8 1866.13
12258.1 2063.66 12328.8 1886.84
12272.7 2157.64 12343.4 1976.04
12286.7 2154.46 12356.6 2050.91
12300.5 2189.5 12371.2 2047.73
12313.9 2186.32 12385.5 2124.19
12328.5 2256.41 12399.8 2121.01
12342.3 2288.27 12413.5 2127.38
12356 2316.94 12426.7 2170.39
12370.6 2372.7 12441.9 2195.88
12384.3 2337.65 12455.3 2301.01
12398.4 2407.74 12469.9 2301.01
12412.1 2420.49 12483.4 2336.06
12426.4 2525.63 12498 2396.59
12440.4 2581.38 12512 2434.83
12454.8 2624.39 12525.8 2433.23
12468.2 2649.88 12540.4 2461.91
12482.2 2654.66 12554.7 2568.64
12496.2 2662.62 12568.1 2559.08
12510.9 2712.01 12582.5 2618.02
12524.3 2753.42 12597.1 2568.64
12538.9 2841.04 12610.2 2605.28
12552.4 2856.97 12624.3 2654.66
12565.8 2920.69 12638.3 2718.38
12581 2890.42 12652.6 2778.91
12594.4 2998.75 12666.6 2864.93
12608.8 3011.49 12681.3 2856.97
12622.8 3072.02 12693.8 2912.72
12636.8 3150.08 12709 2920.69
12650.3 3185.13 12722.8 2912.72
12664 3264.78 12737.1 2954.14
12677.5 3236.1 12750.6 3024.23
12692.9 3293.45 12764.6 3073.62
12705.5 3309.38 12779.2 3209.02
12720.1 3368.32 12792.6 3240.88
12734.5 3436.82 12807 3306.19
12748.8 3483.02 12821.9 3296.64
12762.2 3629.57 12835.3 3301.42
12777.2 3584.97 12849.4 3283.89
12790.3 3572.22 12863.4 3387.44
12803.8 3545.14 12877.7 3436.82
12818.7 3546.74 12892.1 3530.81
12831.8 3659.84 12905.8 3572.22
12845.9 3755.42 12921.3 3592.93
12860.5 3868.52 12935.1 3626.39
12874.5 3916.31 12948.5 3569.04
12888 3909.94 12964 3565.85
12903.2 3865.33 12978.3 3712.41
12916.6 3828.7 12992.4 3784.09
12931.3 3919.5 13000.6 3898.79
12944.4 3908.35 12986.2 3944.98
12957.9 4083.58 12972.2 3972.07
