6013.62 -2266.1 6026.55 -2245.39
6003.34 -2266.1 6040.65 -2176.89
6001.28 -2248.58 6055.34 -2258.14
6010.68 -2224.68 6069.44 -2245.39
6024.2 -2237.43 6083.24 -2235.84
6038.59 -2243.8 6097.64 -2254.95
6052.69 -2258.14 6111.44 -2248.58
6065.91 -2248.58 6124.66 -2227.87
6080.31 -2280.44 6139.06 -2234.24
6094.7 -2254.95 6152.57 -2184.86
6109.09 -2246.99 6166.96 -2237.43
6123.49 -2307.52 6181.06 -2219.91
6137.29 -2253.36 6194.86 -2301.15
6151.39 -2264.51 6209.84 -2211.94
6165.49 -2254.95 6224.23 -2262.92
6178.71 -2224.68 6236.86 -2269.29
6193.69 -2262.92 6251.25 -2221.5
6207.78 -2237.43 6265.05 -2231.06
6221.29 -2258.14 6279.73 -2246.99
6235.39 -2239.02 6294.12 -2261.32
6249.78 -2258.14 6307.92 -2219.91
6264.17 -2245.39 6322.02 -2264.51
6277.09 -2240.61 6336.4 -2274.07
6290.89 -2229.46 6349.91 -2258.14
6306.16 -2259.73 6364.3 -2221.5
6320.26 -2234.24 6377.21 -2218.31
6333.17 -2272.47 6391.31 -2274.07
6348.44 -2250.17 6405.69 -2267.7
6361.95 -2256.54 6420.37 -2275.66
6375.45 -2254.95 6434.17 -2199.2
6389.84 -2224.68 6447.67 -2261.32
6403.93 -2301.15 6462.64 -2216.72
6416.26 -2275.66 6475.85 -2261.32
6432.41 -2270.88 6490.53 -2278.85
6445.62 -2250.17 6503.74 -2282.03
6459.71 -2253.36 6518.12 -2223.09
6474.39 -2242.21 6532.8 -2250.17
6488.47 -2275.66 6546 -2245.39
6502.27 -2272.47 6561.26 -2223.09
6515.77 -2229.46 6573.88 -2286.81
6529.86 -2229.46 6588.26 -2216.72
6543.95 -2235.84 6602.94 -2207.16
6558.03 -2240.61 6616.14 -2235.84
6572.12 -2261.32 6630.23 -2223.09
6585.91 -2226.28 6644.31 -2269.29
6600.59 -2274.07 6658.98 -2200.79
6614.38 -2239.02 6672.48 -2218.31
6627.88 -2239.02 6685.68 -2200.79
6641.67 -2246.99 6701.52 -2240.61
6656.05 -2267.7 6713.85 -2242.21
6670.43 -2267.7 6729.1 -2262.92
6684.21 -2253.36 6742.3 -2191.23
6698.59 -2213.53 6756.97 -2226.28
6711.5 -2256.54 6770.47 -2224.68
6725.58 -2296.37 6784.25 -2227.87
6740.25 -2264.51 6798.92 -2266.1
6753.74 -2235.84 6813.29 -2256.54
6769 -2262.92 6827.08 -2226.28
6781.32 -2256.54 6840.27 -2211.94
6796.87 -2246.99 6854.64 -2226.28
6810.36 -2301.15 6868.43 -2223.09
6824.73 -2283.63 6881.92 -2245.39
6838.51 -2270.88 6896.58 -2280.44
6852.89 -2282.03 6910.07 -2205.57
6866.67 -2240.61 6925.03 -2242.21
6880.45 -2250.17 6939.4 -2207.16
6895.12 -2254.95 6953.18 -2216.72
6908.9 -2261.32 6966.66 -2227.87
6922.68 -2266.1 6981.03 -2199.2
6936.17 -2246.99 6996.28 -2285.22
6951.42 -2278.85 7009.47 -2219.91
6964.32 -2251.77 7023.25 -2231.06
6978.98 -2250.17 7037.03 -2232.65
6993.64 -2240.61 7052.27 -2240.61
7006.25 -2286.81 7064.59 -2215.13
7020.61 -2267.7 7079.24 -2258.14
7034.39 -2251.77 7093.61 -2197.6
7048.46 -2261.32 7107.67 -2254.95
7063.12 -2246.99 7122.04 -2242.21
7076.6 -2229.46 7135.23 -2226.28
7091.26 -2267.7 7150.47 -2243.8
7104.45 -2264.51 7162.19 -2280.44
7118.52 -2245.39 7177.43 -2183.27
7132.59 -2239.02 7191.49 -2240.61
7146.95 -2264.51 7204.98 -2203.98
7161.02 -2259.73 7219.33 -2224.68
7175.67 -2325.04 7233.69 -2200.79
7188.86 -2251.77 7248.64 -2251.77
7202.92 -2256.54 7260.94 -2251.77
7216.7 -2267.7 7276.47 -2239.02
7230.76 -2254.95 7289.36 -2218.31
7244.83 -2250.17 7304.01 -2216.72
7258.89 -2266.1 7317.49 -2227.87
7272.95 -2254.95 7332.72 -2191.23
7286.14 -2248.58 7345.61 -2240.61
7301.08 -2280.44 7359.96 -2218.31
7314.26 -2262.92 7374.02 -2240.61
7328.91 -2274.07 7388.38 -2210.35
7342.39 -2274.07 7401.85 -2202.38
7356.45 -2283.63 7415.91 -2211.94
7371.68 -2275.66 7429.97 -2186.45
7385.15 -2286.81 7443.15 -2215.13
7398.63 -2266.1 7458.08 -2259.73
7413.27 -2267.7 7472.43 -2237.43
7427.63 -2267.7 7486.78 -2259.73
7440.81 -2262.92 7500.25 -2194.42
7454.57 -2283.63 7514.31 -2224.68
7469.21 -2270.88 7528.95 -2215.13
7483.27 -2256.54 7542.71 -2178.49
7496.74 -2269.29 7555.3 -2235.84
7510.8 -2290 7570.53 -2251.77
7525.44 -2277.25 7584.58 -2219.91
7538.91 -2290 7598.05 -2229.46
7553.25 -2253.36 7612.69 -2232.65
7567.89 -2251.77 7626.45 -2259.73
7581.36 -2262.92 7640.2 -2234.24
7594.83 -2245.39 7655.13 -2240.61
7608.88 -2245.39 7668.89 -2234.24
7622.93 -2235.84 7682.94 -2205.57
7637.28 -2293.18 7696.41 -2232.65
7651.62 -2278.85 7710.16 -2189.64
7665.67 -2266.1 7725.67 -2261.32
7679.14 -2250.17 7738.85 -2218.31
7692.89 -2261.32 7752.31 -2254.95
7706.65 -2256.54 7766.35 -2242.21
7722.16 -2264.51 7781.57 -2211.94
7734.45 -2278.85 7794.45 -2196.01
7748.8 -2288.4 7809.37 -2250.17
7763.14 -2312.3 7822.83 -2258.14
7776.6 -2278.85 7838.05 -2246.99
7791.52 -2248.58 7850.92 -2234.24
7806.15 -2245.39 7865.55 -2243.8
7819.32 -2234.24 7879.01 -2218.31
7833.07 -2270.88 7893.93 -2237.43
7846.24 -2299.56 7906.8 -2207.16
7860.87 -2266.1 7921.43 -2275.66
7874.91 -2262.92 7935.18 -2223.09
7888.96 -2269.29 7949.51 -2231.06
7903 -2266.1 7963.55 -2248.58
7917.63 -2266.1 7977.3 -2245.39
7931.38 -2254.95 7990.76 -2240.61
7944.83 -2290 8005.97 -2258.14
7960.04 -2278.85 8019.42 -2235.84
7972.91 -2293.18 8033.75 -2237.43
7987.83 -2248.58 8047.5 -2219.91
8001.58 -2253.36 8062.12 -2221.5
8014.16 -2240.61 8075.57 -2250.17
8030.24 -2277.25 8088.44 -2251.77
8043.4 -2264.51 8103.35 -2259.73
8056.86 -2266.1 8117.98 -2237.43
8070.6 -2216.72 8131.43 -2223.09
8085.52 -2269.29 8147.22 -2245.39
8100.72 -2259.73 8159.2 -2242.21
8113.3 -2239.02 8173.53 -2211.94
8126.75 -2317.08 8187.27 -2224.68
8141.95 -2254.95 8201.89 -2213.53
8155.7 -2270.88 8215.93 -2251.77
8168.27 -2262.92 8230.54 -2226.28
8182.89 -2275.66 8244.28 -2202.38
8197.22 -2266.1 8258.02 -2235.84
8211.54 -2251.77 8272.35 -2234.24
8225.57 -2278.85 8285.21 -2219.91
8239.31 -2266.1 8300.99 -2213.53
8253.34 -2302.74 8314.15 -2254.95
8267.67 -2312.3 8327.59 -2194.42
8281.7 -2261.32 8342.21 -2232.65
8295.73 -2258.14 8356.53 -2227.87
8308.89 -2253.36 8370.56 -2253.36
8323.5 -2224.68 8384.58 -2218.31
8338.11 -2323.45 8398.03 -2240.61
8351.56 -2312.3 8411.76 -2197.6
8365 -2283.63 8425.79 -2211.94
8379.62 -2275.66 8440.99 -2223.09
8393.64 -2264.51 8455.01 -2259.73
8407.09 -2210.35 8469.33 -2219.91
8421.41 -2227.87 8482.48 -2210.35
8436.02 -2262.92 8496.21 -2202.38
8450.34 -2297.96 8510.24 -2184.86
8463.2 -2301.15 8524.26 -2211.94
8476.93 -2297.96 8539.16 -2208.75
8491.25 -2274.07 8552.89 -2227.87
8505.56 -2277.25 8567.5 -2246.99
8519 -2274.07 8580.65 -2218.31
8533.61 -2245.39 8595.26 -2270.88
8547.93 -2272.47 8609.57 -2199.2
8561.95 -2232.65 8622.42 -2243.8
8575.68 -2278.85 8637.03 -2237.43
8589.41 -2266.1 8650.76 -2264.51
8603.73 -2297.96 8665.36 -2224.68
8617.17 -2293.18 8679.39 -2218.31
8631.77 -2275.66 8693.11 -2213.53
8645.8 -2275.66 8707.13 -2180.08
8659.52 -2266.1 8720.86 -2243.8
8674.13 -2254.95 8734.88 -2202.38
8688.15 -2274.07 8749.48 -2216.72
8701.58 -2299.56 8763.21 -2186.45
8716.19 -2291.59 8776.94 -2191.23
8729.62 -2266.1 8791.25 -2218.31
8743.94 -2290 8805.85 -2189.64
8757.95 -2278.85 8818.99 -2208.75
8771.97 -2291.59 8833.3 -2213.53
8785.99 -2283.63 8847.9 -2231.06
8799.72 -2302.74 8860.75 -2216.72
8813.44 -2302.74 8875.06 -2181.67
8828.33 -2305.93 8889.95 -2232.65
8841.48 -2301.15 8903.96 -2207.16
8855.49 -2246.99 8917.39 -2237.43
8869.51 -2272.47 8931.99 -2196.01
8883.82 -2267.7 8946.01 -2184.86
8897.83 -2293.18 8959.44 -2219.91
8912.43 -2261.32 8974.04 -2208.75
8925.86 -2242.21 8988.05 -2231.06
8939.88 -2242.21 9002.35 -2205.57
8953.89 -2232.65 9017.24 -2194.42
8967.91 -2283.63 9030.09 -2229.46
8981.92 -2293.18 9044.39 -2197.6
8995.93 -2296.37 9058.4 -2229.46
9009.36 -2274.07 9072.71 -2226.28
9023.37 -2243.8 9085.85 -2226.28
9037.39 -2254.95 9099.56 -2234.24
9051.11 -2235.84 9114.16 -2229.46
9066.29 -2264.51 9128.17 -2196.01
9079.42 -2254.95 9142.18 -2178.49
9094.31 -2259.73 9156.19 -2219.91
9108.03 -2282.03 9169.62 -2234.24
9121.75 -2305.93 9184.79 -2211.94
9135.76 -2304.33 9197.93 -2243.8
9149.77 -2227.87 9212.81 -2231.06
9163.49 -2251.77 9225.95 -2229.46
9178.95 -2275.66 9240.25 -2178.49
9191.51 -2299.56 9255.13 -2239.02
9205.51 -2318.67 9268.55 -2202.38
9220.4 -2288.4 9281.98 -2226.28
9233.53 -2290 9296.57 -2278.85
9247.25 -2248.58 9310.87 -2278.85
9261.55 -2261.32 9324.59 -2250.17
9275.85 -2239.02 9339.18 -2215.13
9289.86 -2302.74 9351.43 -2232.65
9305.03 -2304.33 9367.19 -2242.21
9318.17 -2261.32 9379.74 -2199.2
9332.17 -2254.95 9394.62 -2208.75
9346.76 -2211.94 9409.21 -2229.46
9359.89 -2243.8 9423.22 -2227.87
9374.49 -2246.99 9437.22 -2251.77
9387.32 -2205.57 9450.93 -2203.98
9401.91 -2240.61 9464.94 -2224.68
9416.21 -2219.91 9478.65 -2172.12
9429.34 -2285.22 9493.82 -2205.57
9443.93 -2226.28 9506.95 -2191.23
9457.94 -2251.77 9521.25 -2197.6
9471.94 -2202.38 9535.25 -2124.33
9485.95 -2197.6 9548.67 -2143.44
9499.95 -2183.27 9563.55 -2102.02
9514.25 -2203.98 9578.14 -2149.81
9527.67 -2194.42 9591.85 -2159.37
9541.67 -2192.82 9605.57 -2098.84
9556.26 -2261.32 9618.99 -2125.92
9570.56 -2159.37 9633.28 -2145.03
9583.39 -2122.73 9646.99 -2055.83
9597.11 -2149.81 9661.87 -2071.76
9612.27 -2133.88 9675.87 -2023.97
9625.99 -2132.29 9688.71 -2036.71
9639.7 -2168.93 9704.17 -2047.86
9654.28 -2135.48 9718.46 -2046.27
9668.87 -2140.26 9732.46 -2087.69
9682.29 -2124.33 9746.17 -2041.49
9696 -2117.95 9759.59 -2035.12
9710.58 -2090.87 9774.18 -1965.03
9723.42 -2087.69 9787.31 -1933.17
9737.13 -2106.8 9801.6 -1899.71
9751.72 -2090.87 9815.89 -1918.83
9765.43 -2098.84 9830.48 -1914.05
9780.31 -2071.76 9843.6 -1912.46
9794.31 -2008.04 9857.6 -1928.39
9808.6 -1985.74 9871.6 -1898.12
9822.31 -2027.15 9886.19 -1872.63
9836.31 -2028.75 9900.19 -1880.6
9849.73 -2003.26 9913.9 -1816.88
9864.6 -2031.93 9928.19 -1858.3
9877.73 -1995.29 9941.9 -1843.96
9892.31 -1972.99 9956.48 -1850.33
9906.02 -1955.47 9970.77 -1847.14
9920.02 -1936.35 9985.36 -1799.35
9934.61 -1917.24 9998.77 -1794.58
9948.31 -1942.72 10011.6 -1734.04
9961.44 -1976.18 10026.5 -1702.18
9976.31 -1987.33 10040.5 -1684.66
9990.32 -1960.25 10054.5 -1722.89
10004.6 -1890.16 10067.6 -1726.08
10018 -1879 10082.5 -1732.45
10033.2 -1859.89 10095.9 -1703.78
10046.6 -1863.07 10110.8 -1671.92
10060 -1886.97 10125.1 -1627.31
10073.7 -1834.4 10138.5 -1608.2
10087.7 -1850.33 10152.5 -1619.35
10102.6 -1828.03 10166.2 -1643.24
10116 -1824.84 10180.8 -1638.46
10129.7 -1765.9 10195 -1628.9
10143.7 -1738.82 10208.8 -1592.27
10158.3 -1780.24 10222.8 -1558.81
10172 -1759.53 10236.8 -1550.85
10187.5 -1711.74 10251.3 -1485.53
10200.6 -1710.15 10264.5 -1541.29
10214 -1700.59 10279.6 -1547.66
10227.4 -1692.62 10292.8 -1460.05
10242.6 -1670.32 10307.1 -1482.35
10256.6 -1683.07 10321.3 -1506.24
10270.3 -1655.99 10334.5 -1413.85
10283.4 -1640.06 10349 -1404.29
10298.6 -1601.82 10363.9 -1370.84
10313.2 -1598.64 10377.3 -1374.02
10326 -1550.85 10391.3 -1425
10340.9 -1522.17 10404.8 -1380.4
10354 -1579.52 10419.3 -1417.04
10368.3 -1581.11 10433.3 -1370.84
10382.3 -1571.56 10447.3 -1334.2
10395.7 -1574.74 10462.2 -1307.12
10410.3 -1511.02 10475.6 -1319.86
10423.7 -1460.05 10489.3 -1281.63
10438.9 -1436.15 10504.2 -1345.35
10452 -1423.41 10517.6 -1310.31
10465.4 -1413.85 10531.9 -1283.22
10480.3 -1448.9 10546.5 -1252.96
10494.6 -1456.86 10559.3 -1237.03
10508 -1421.81 10574.2 -1232.25
10522.3 -1388.36 10587.6 -1201.98
10536.9 -1342.17 10602.2 -1158.97
10550 -1295.97 10615.9 -1179.68
10563.7 -1288 10629 -1151.01
10578.3 -1246.59 10643.6 -1133.48
10592.6 -1307.12 10658.8 -1155.78
10607.2 -1284.82 10671.3 -1141.45
10620 -1291.19 10685.9 -1120.74
10635.1 -1232.25 10699.3 -1152.6
10648 -1181.27 10715.1 -1147.82
10662 -1162.16 10727.9 -1135.08
10676.9 -1093.66 10741.6 -1098.44
10689.7 -1122.33 10756.5 -1007.64
10704 -1112.77 10770.8 -1017.19
10718 -1138.26 10783.6 -975.776
10732.6 -1135.08 10798.2 -1026.75
10746.6 -1047.46 10812.8 -1037.9
10760.6 -1034.72 10826.8 -998.078
10774.3 -1001.26 10840.5 -986.927
10788.9 -1015.6 10854.8 -915.242
10802.3 -980.555 10868.5 -908.871
10816.6 -1010.82 10882.8 -867.453
10831.1 -1015.6 10896.5 -942.323
10844 -996.485 10910.5 -892.941
10857.4 -921.614 10924.8 -869.046
10872.3 -891.348 10938.8 -857.895
10886.6 -877.011 10953.1 -803.733
10900 -894.534 10967.4 -776.652
10914 -854.709 10981.1 -797.361
10928.6 -853.116 10993.9 -746.385
10942.3 -830.814 11010 -733.641
10956 -851.523 11022.8 -743.199
10970 -790.989 11036.2 -732.048
10984.6 -727.269 11050.8 -661.956
10998.3 -714.525 11065.7 -665.142
11012.3 -671.514 11078.5 -588.679
11026 -666.735 11093.1 -575.935
11040.9 -661.956 11107.4 -564.784
11054.6 -653.991 11121.1 -523.366
11068.3 -615.759 11134.5 -620.538
11082.6 -579.121 11149.7 -579.121
11095.7 -561.598 11163.4 -555.226
11110.6 -516.994 11176.8 -483.541
11124 -513.808 11191.1 -448.495
11138.3 -504.25 11206.3 -400.705
11152.9 -400.705 11219.4 -426.193
11165.7 -442.123 11234.3 -423.007
11179.2 -423.007 11247.7 -451.681
11193.8 -365.659 11262.3 -403.891
11208.6 -332.206 11275.4 -354.508
11222.9 -340.171 11289.5 -313.09
11235.8 -298.753 11303.8 -255.743
11250.9 -282.824 11317.8 -249.371
11264.6 -249.371 11330.9 -211.139
11278.4 -252.557 11346 -227.069
11292.9 -252.557 11359.8 -254.15
11305.8 -219.104 11373.8 -239.813
11321.8 -176.093 11387.5 -193.616
11334.4 -179.279 11402.1 -106.001
11347.8 -160.163 11416.1 -50.2463
11362.1 -121.931 11430.4 32.5895
11376.7 -64.5832 11443.8 11.8805
11391 -35.9093 11459 -77.3272
11404.7 -82.1062 11472.1 -99.6291
11418.4 -31.1303 11486.1 -75.7342
11431.5 -39.0953 11500.7 -39.0953
11447 -10.4214 11513.6 88.3443
11460.4 59.6704 11527.9 140.913
11475.3 109.053 11542.5 179.145
11487.6 136.134 11556.2 174.366
11502.5 199.854 11570.2 91.5303
11515.6 188.703 11584.5 104.274
11530.8 199.854 11598.5 78.7863
11543.9 268.353 11613.4 142.506
11557.9 268.353 11626.2 266.76
11572.5 293.841 11640.8 330.48
11586.2 357.56 11655.1 386.234
11600.5 378.269 11668.5 376.676
11614.8 427.652 11683.7 340.037
11628.6 449.954 11696.6 308.178
11642.8 485 11710.6 282.69
11656.6 489.779 11725.5 381.455
11670.3 489.779 11739.2 492.965
11684.3 505.709 11753.5 548.72
11699.2 553.499 11767.2 590.138
11712.9 596.51 11780.9 567.836
11726.6 641.113 11795.5 531.197
11740.9 649.078 11809.5 512.081
11754.6 682.531 11823.3 582.173
11769 671.38 11837.3 610.847
11782.4 700.054 11852.2 709.612
11796.4 731.914 11865.3 789.262
11811 763.774 11880.2 803.599
11823.8 771.739 11893.3 735.1
11838.4 903.958 11907.6 787.669
11852.8 837.052 11921.7 779.704
11866.2 911.923 11936 822.715
11881.1 926.26 11950 878.47
11894.8 923.074 11964 951.748
11907.9 1001.13 11977.7 999.537
11923.1 1040.96 11992.3 1055.29
11936.3 1069.63 12006 1023.43
11951.7 1103.08 12018.9 986.793
11964 1152.46 12034.7 1015.47
11978.9 1189.1 12048.7 1087.15
11992 1154.06 12062.1 1109.45
12006.9 1189.1 12075.5 1195.48
12020.9 1316.54 12091 1243.27
12035 1369.11 12104.8 1232.11
12047.8 1367.52 12118.5 1294.24
12062.1 1408.94 12133.1 1305.39
12076.4 1432.83 12146.2 1318.14
12089.6 1421.68 12160.5 1332.47
12105.3 1472.66 12174.6 1372.3
12118.5 1528.41 12189.5 1467.88
12131.9 1628.77 12202 1461.51
12145.9 1596.91 12216.9 1490.18
12160.8 1657.44 12229.8 1558.68
12174.3 1657.44 12244.7 1560.27
12188.9 1722.76 12259 1571.42
12202 1737.09 12273 1558.68
12216.9 1786.48 12286.5 1622.4
12230.4 1797.63 12300.8 1670.19
12245 1875.68 12315.1 1748.24
12258.7 1861.35 12329.1 1786.48
12272.7 1915.51 12343.4 1808.78
12287 1971.26 12356.9 1880.46
12301 1976.04 12372 1864.53
12313.9 2025.43 12386.1 1883.65
12329.1 2022.24 12399.8 1953.74
12342.8 2065.25 12413.5 2015.87
12356 2106.67 12427.6 2034.98
12370.3 2170.39 12441 2073.22
12384 2199.06 12455.3 2093.92
12398.9 2224.55 12470.2 2199.06
12412.1 2270.75 12484.6 2199.06
12427 2372.7 12498.3 2264.38
12439.8 2412.52 12511.4 2297.83
12454.8 2425.27 12526.9 2302.61
12468.5 2463.5 12541.3 2320.13
12482.5 2493.77 12554.1 2375.88
12497.1 2492.17 12567.9 2393.41
12511.4 2541.56 12582.2 2442.79
12524.6 2578.2 12596.2 2493.77
12539.8 2673.77 12610.8 2504.92
12551.8 2723.16 12623.7 2584.57
12566.4 2775.73 12638 2600.5
12581.3 2839.45 12652 2595.72
12593 2874.49 12666.6 2643.51
12608.2 2938.21 12681.3 2637.14
12621.9 2930.25 12694.1 2716.79
12636.5 2923.88 12708.4 2785.28
12650 2909.54 12722.8 2895.2
12664.3 2998.75 12737.4 2898.39
12678.3 3105.48 12751.1 2904.76
12692.9 3205.84 12764.9 2892.02
12706.1 3209.02 12779.2 2871.31
12721 3277.52 12792.6 2919.1
12734.2 3201.06 12807 3027.42
12749.1 3252.03 12822.2 3159.64
12762.2 3283.89 12835.6 3267.96
12776.6 3314.16 12849.4 3271.15
12790.9 3417.7 12863.4 3261.59
12803.5 3533.99 12878 3237.7
12818.1 3577 12892.1 3252.03
12831.5 3599.3 12905.5 3339.65
12847 3635.94 12919.9 3452.75
12859.9 3589.75 12934.2 3591.34
12874.5 3594.53 12948.8 3608.86
12887.4 3597.71 12962.5 3677.36
12902.9 3721.97 12978 3672.58
12916.9 3866.93 12992.4 3616.83
12930.7 3978.44 13000 3626.39
12943.8 4070.83 12985.4 3637.54
12957.9 4026.23 12972.5 3749.05
