6014.21 -2191.23 6027.13 -2205.57
6003.92 -2229.46 6040.94 -2208.75
6000.4 -2232.65 6055.04 -2213.53
6010.09 -2224.68 6069.14 -2229.46
6023.9 -2199.2 6083.54 -2237.43
6038.88 -2203.98 6097.93 -2237.43
6052.11 -2210.35 6112.33 -2221.5
6067.09 -2219.91 6126.13 -2210.35
6080.89 -2196.01 6139.64 -2234.24
6094.41 -2178.49 6153.15 -2242.21
6107.92 -2216.72 6167.84 -2197.6
6122.9 -2188.05 6181.35 -2259.73
6137 -2231.06 6195.45 -2232.65
6152.27 -2219.91 6209.84 -2226.28
6165.78 -2218.31 6223.35 -2258.14
6179 -2210.35 6237.15 -2240.61
6193.98 -2151.41 6251.25 -2207.16
6207.49 -2219.91 6265.93 -2224.68
6221.59 -2234.24 6279.44 -2221.5
6235.68 -2186.45 6293.83 -2237.43
6250.07 -2202.38 6308.22 -2223.09
6264.17 -2207.16 6321.43 -2232.65
6277.09 -2192.82 6336.4 -2227.87
6291.48 -2240.61 6349.62 -2231.06
6305.87 -2203.98 6364 -2243.8
6319.37 -2218.31 6378.68 -2248.58
6333.47 -2173.71 6391.89 -2259.73
6348.15 -2221.5 6405.69 -2250.17
6361.95 -2245.39 6420.08 -2250.17
6374.87 -2261.32 6434.17 -2213.53
6390.13 -2223.09 6447.38 -2242.21
6403.64 -2178.49 6462.06 -2200.79
6417.73 -2243.8 6476.14 -2219.91
6432.41 -2207.16 6490.24 -2277.25
6445.91 -2243.8 6504.03 -2227.87
6459.71 -2213.53 6518.41 -2262.92
6473.8 -2208.75 6532.5 -2194.42
6487.59 -2196.01 6546.3 -2223.09
6502.86 -2213.53 6560.97 -2213.53
6515.77 -2211.94 6575.06 -2200.79
6529.86 -2231.06 6587.97 -2240.61
6543.95 -2234.24 6602.35 -2278.85
6558.33 -2210.35 6616.43 -2215.13
6571.24 -2213.53 6630.23 -2203.98
6586.21 -2245.39 6644.6 -2207.16
6600 -2235.84 6658.39 -2226.28
6613.79 -2200.79 6672.18 -2208.75
6628.46 -2226.28 6686.85 -2237.43
6642.25 -2181.67 6700.64 -2227.87
6656.05 -2239.02 6714.73 -2235.84
6670.13 -2208.75 6728.81 -2221.5
6683.63 -2226.28 6743.18 -2242.21
6698.59 -2202.38 6756.97 -2226.28
6712.38 -2231.06 6770.76 -2239.02
6724.99 -2227.87 6784.84 -2191.23
6740.84 -2216.72 6800.09 -2250.17
6753.16 -2207.16 6812.12 -2234.24
6768.12 -2207.16 6826.78 -2235.84
6782.2 -2210.35 6840.27 -2248.58
6796.28 -2269.29 6855.52 -2203.98
6810.36 -2272.47 6868.72 -2229.46
6824.73 -2202.38 6882.51 -2232.65
6838.51 -2223.09 6897.46 -2254.95
6852.89 -2223.09 6911.54 -2200.79
6866.08 -2183.27 6924.73 -2231.06
6880.45 -2213.53 6938.52 -2264.51
6894.53 -2210.35 6953.18 -2253.36
6908.31 -2197.6 6967.55 -2213.53
6922.68 -2219.91 6981.03 -2191.23
6937.34 -2256.54 6995.4 -2184.86
6951.13 -2194.42 7008.3 -2186.45
6964.32 -2205.57 7022.96 -2203.98
6978.69 -2192.82 7037.32 -2262.92
6992.76 -2200.79 7051.39 -2223.09
7006.54 -2242.21 7065.17 -2256.54
7020.32 -2196.01 7079.53 -2199.2
7034.39 -2221.5 7093.9 -2192.82
7049.34 -2232.65 7106.5 -2227.87
7062.83 -2196.01 7121.74 -2213.53
7076.6 -2197.6 7135.81 -2232.65
7091.55 -2205.57 7149.59 -2239.02
7103.86 -2224.68 7163.36 -2232.65
7118.52 -2243.8 7177.72 -2210.35
7132.59 -2211.94 7191.2 -2213.53
7146.07 -2223.09 7205.56 -2188.05
7159.84 -2213.53 7218.75 -2211.94
7174.5 -2210.35 7234.28 -2224.68
7188.27 -2210.35 7247.76 -2229.46
7202.63 -2210.35 7261.53 -2240.61
7216.99 -2243.8 7275.59 -2191.23
7230.47 -2151.41 7290.24 -2210.35
7245.7 -2227.87 7302.84 -2240.61
7259.48 -2197.6 7318.37 -2208.75
7273.25 -2207.16 7332.43 -2203.98
7286.72 -2211.94 7345.9 -2224.68
7301.08 -2208.75 7359.67 -2250.17
7316.02 -2218.31 7373.73 -2232.65
7328.91 -2219.91 7388.08 -2226.28
7342.68 -2194.42 7402.44 -2224.68
7356.16 -2218.31 7415.62 -2223.09
7371.1 -2231.06 7430.55 -2229.46
7385.15 -2175.3 7443.15 -2218.31
7399.22 -2160.96 7458.96 -2266.1
7412.69 -2184.86 7472.73 -2224.68
7426.45 -2173.71 7486.49 -2221.5
7441.1 -2237.43 7499.96 -2270.88
7454.57 -2200.79 7514.6 -2248.58
7469.21 -2234.24 7528.07 -2211.94
7482.68 -2242.21 7542.13 -2211.94
7497.62 -2176.89 7555.89 -2213.53
7510.21 -2172.12 7570.82 -2254.95
7526.02 -2186.45 7584.87 -2256.54
7538.91 -2205.57 7597.46 -2229.46
7552.96 -2218.31 7613.27 -2227.87
7568.19 -2196.01 7627.32 -2191.23
7581.07 -2235.84 7639.62 -2203.98
7594.24 -2202.38 7654.55 -2234.24
7609.76 -2175.3 7668.6 -2240.61
7623.52 -2180.08 7682.36 -2207.16
7637.86 -2164.15 7696.99 -2283.63
7651.04 -2210.35 7710.45 -2192.82
7664.79 -2216.72 7724.8 -2264.51
7678.84 -2231.06 7738.26 -2223.09
7692.31 -2224.68 7752.31 -2216.72
7706.65 -2194.42 7766.35 -2210.35
7721.28 -2145.03 7781.57 -2223.09
7735.33 -2173.71 7795.62 -2291.59
7749.97 -2184.86 7808.79 -2210.35
7763.14 -2175.3 7823.12 -2216.72
7776.6 -2226.28 7836.88 -2218.31
7790.64 -2250.17 7850.92 -2205.57
7805.57 -2253.36 7864.67 -2216.72
7819.03 -2197.6 7879.59 -2224.68
7833.07 -2189.64 7893.35 -2264.51
7847.7 -2151.41 7906.8 -2251.77
7860.28 -2219.91 7921.72 -2250.17
7874.62 -2213.53 7935.18 -2224.68
7889.54 -2202.38 7949.51 -2215.13
7903.29 -2207.16 7963.26 -2199.2
7917.04 -2231.06 7977.6 -2218.31
7931.38 -2202.38 7990.76 -2267.7
7945.42 -2197.6 8006.55 -2266.1
7960.04 -2170.52 8019.13 -2251.77
7973.21 -2199.2 8034.05 -2210.35
7986.95 -2256.54 8047.79 -2213.53
8000.99 -2223.09 8061.24 -2208.75
8015.03 -2256.54 8075.28 -2231.06
8029.95 -2208.75 8089.32 -2226.28
8043.4 -2170.52 8103.35 -2234.24
8057.73 -2196.01 8118.27 -2239.02
8070.89 -2167.34 8130.84 -2227.87
8084.93 -2176.89 8145.17 -2243.8
8100.43 -2213.53 8159.5 -2181.67
8113.3 -2232.65 8174.41 -2197.6
8127.04 -2205.57 8187.86 -2186.45
8141.37 -2191.23 8201.89 -2229.46
8155.4 -2213.53 8215.93 -2229.46
8168.27 -2196.01 8230.25 -2262.92
8183.76 -2184.86 8243.7 -2216.72
8197.22 -2224.68 8258.32 -2207.16
8211.83 -2245.39 8272.35 -2266.1
8224.99 -2242.21 8285.5 -2215.13
8239.6 -2235.84 8301.28 -2208.75
8252.18 -2165.74 8314.15 -2250.17
8267.67 -2205.57 8327.88 -2223.09
8280.82 -2191.23 8342.21 -2235.84
8295.15 -2167.34 8356.53 -2256.54
8310.05 -2237.43 8370.26 -2216.72
8324.38 -2202.38 8384.29 -2213.53
8337.24 -2196.01 8398.32 -2207.16
8351.27 -2240.61 8412.93 -2232.65
8365.88 -2170.52 8425.79 -2224.68
8379.91 -2189.64 8440.69 -2210.35
8394.23 -2183.27 8454.14 -2246.99
8407.38 -2218.31 8468.75 -2237.43
8420.82 -2203.98 8482.77 -2199.2
8436.31 -2200.79 8496.8 -2200.79
8450.05 -2205.57 8510.53 -2208.75
8463.2 -2184.86 8524.56 -2216.72
8477.51 -2149.81 8538.87 -2258.14
8492.12 -2191.23 8552.89 -2246.99
8505.56 -2153 8566.34 -2250.17
8519.88 -2175.3 8581.53 -2251.77
8533.32 -2223.09 8595.55 -2191.23
8547.93 -2215.13 8609.28 -2223.09
8560.78 -2203.98 8623.01 -2250.17
8575.1 -2170.52 8636.45 -2239.02
8589.12 -2197.6 8651.05 -2248.58
8603.73 -2197.6 8664.78 -2248.58
8617.75 -2194.42 8678.22 -2245.39
8631.48 -2240.61 8693.7 -2207.16
8646.38 -2251.77 8707.13 -2240.61
8660.11 -2227.87 8721.74 -2191.23
8674.42 -2192.82 8734.88 -2256.54
8687.27 -2175.3 8749.19 -2272.47
8702.46 -2180.08 8763.21 -2248.58
8714.73 -2213.53 8776.64 -2245.39
8730.21 -2211.94 8791.25 -2208.75
8743.64 -2211.94 8805.85 -2218.31
8757.66 -2250.17 8818.99 -2234.24
8771.1 -2237.43 8833.88 -2237.43
8785.7 -2176.89 8847.61 -2226.28
8799.42 -2180.08 8861.33 -2229.46
8813.44 -2224.68 8875.35 -2207.16
8828.33 -2176.89 8890.53 -2246.99
8842.06 -2211.94 8903.67 -2296.37
8855.2 -2191.23 8917.98 -2283.63
8870.09 -2200.79 8931.41 -2261.32
8883.52 -2237.43 8946.3 -2291.59
8897.25 -2175.3 8960.02 -2280.44
8911.26 -2175.3 8973.74 -2304.33
8926.45 -2188.05 8987.47 -2326.64
8940.46 -2213.53 9001.48 -2317.08
8953.6 -2200.79 9015.49 -2317.08
8967.91 -2229.46 9030.09 -2272.47
8981.92 -2239.02 9044.1 -2309.11
8995.64 -2170.52 9057.24 -2283.63
9009.94 -2184.86 9071.54 -2282.03
9024.25 -2181.67 9086.14 -2277.25
9037.39 -2188.05 9101.02 -2304.33
9051.11 -2218.31 9114.16 -2278.85
9066.87 -2148.22 9127.88 -2223.09
9079.42 -2213.53 9142.76 -2270.88
9093.14 -2199.2 9156.77 -2269.29
9107.44 -2196.01 9169.62 -2307.52
9122.33 -2219.91 9184.79 -2293.18
9135.76 -2146.63 9198.8 -2299.56
9150.35 -2180.08 9212.52 -2242.21
9163.49 -2180.08 9226.82 -2216.72
9178.66 -2218.31 9239.95 -2191.23
9192.09 -2246.99 9254.55 -2175.3
9206.39 -2229.46 9268.55 -2232.65
9220.11 -2216.72 9281.69 -2259.73
9234.12 -2207.16 9296.28 -2246.99
9247.54 -2145.03 9310.58 -2248.58
9261.84 -2141.85 9324 -2256.54
9276.14 -2149.81 9339.76 -2202.38
9289.57 -2224.68 9350.26 -2215.13
9303.57 -2253.36 9366.9 -2210.35
9317.87 -2196.01 9380.03 -2176.89
9331.59 -2176.89 9394.04 -2224.68
9346.18 -2156.19 9408.92 -2213.53
9360.48 -2137.07 9422.63 -2183.27
9373.9 -2084.5 9437.22 -2172.12
9387.91 -2140.26 9450.93 -2133.88
9402.21 -2211.94 9464.06 -2168.93
9416.21 -2199.2 9479.82 -2094.06
9429.34 -2215.13 9493.53 -2122.73
9444.22 -2180.08 9505.79 -2157.78
9457.35 -2165.74 9521.54 -2153
9472.23 -2087.69 9534.67 -2113.17
9486.53 -2047.86 9548.38 -2084.5
9500.54 -2133.88 9563.26 -2055.83
9513.96 -2117.95 9577.56 -2041.49
9527.67 -2121.14 9590.98 -2009.63
9541.67 -2149.81 9605.57 -2044.68
9556.55 -2113.17 9619.86 -2092.47
9569.39 -2086.09 9633.86 -2073.35
9584.27 -2041.49 9647.28 -2017.59
9598.56 -2039.9 9661.29 -2043.08
9612.57 -2036.71 9675.58 -2016
9626.86 -2065.38 9689.87 -1979.36
9639.41 -2063.79 9703.29 -2004.85
9654.28 -2100.43 9717.88 -2022.37
9668 -2055.83 9731.3 -1998.48
9681.41 -2036.71 9745.59 -2049.45
9696 -2022.37 9759.89 -2020.78
9710.29 -1969.8 9773.01 -1980.96
9724.01 -2000.07 9788.76 -1937.95
9738.3 -1963.43 9801.89 -1906.09
9750.84 -2006.44 9815.89 -1941.13
9766.3 -2030.34 9830.18 -1929.98
9780.31 -1974.58 9844.77 -1957.06
9794.31 -1976.18 9857.89 -1979.36
9808.6 -1934.76 9871.9 -1928.39
9821.43 -1912.46 9886.77 -1867.85
9836.6 -1898.12 9899.9 -1855.11
9850.31 -1950.69 9913.6 -1840.77
9863.73 -1937.95 9928.77 -1847.14
9878.6 -1939.54 9942.77 -1816.88
9892.02 -1961.84 9955.9 -1872.63
9906.31 -1891.75 9971.06 -1823.25
9920.31 -1874.23 9984.19 -1805.73
9934.61 -1834.4 9997.61 -1828.03
9948.02 -1820.06 10012.2 -1729.26
9961.73 -1837.59 10026.8 -1691.03
9976.31 -1845.55 10040.5 -1705.37
9989.73 -1840.77 10054.8 -1756.34
10004.6 -1804.13 10067.6 -1767.49
10018.3 -1816.88 10083.1 -1742.01
10032.3 -1765.9 10097.1 -1706.96
10045.7 -1799.35 10110.2 -1665.54
10060.3 -1745.19 10124.5 -1644.83
10073.1 -1761.12 10139.1 -1625.72
10088 -1781.83 10152.8 -1587.49
10102 -1748.38 10166.5 -1600.23
10116 -1719.7 10181.4 -1643.24
10130.3 -1687.85 10195.3 -1592.27
10144 -1692.62 10208.8 -1600.23
10158.3 -1678.29 10223.6 -1584.3
10171.7 -1694.22 10236.5 -1520.58
10186 -1679.88 10250.5 -1555.63
10200.9 -1649.61 10265.3 -1542.88
10214 -1638.46 10278.8 -1490.31
10228.3 -1603.42 10293 -1495.09
10241.4 -1568.37 10307.9 -1475.98
10256.3 -1538.1 10321.6 -1460.05
10270 -1558.81 10335.6 -1440.93
10282.8 -1582.71 10348.8 -1445.71
10298 -1520.58 10363.6 -1396.33
10311.7 -1522.17 10377.3 -1437.74
10326 -1477.57 10391.6 -1375.62
10340.9 -1453.67 10405.9 -1366.06
10354 -1453.67 10419.9 -1350.13
10367.7 -1429.78 10433.6 -1329.42
10382 -1466.42 10447.6 -1364.47
10396.3 -1463.23 10461.3 -1324.64
10410.6 -1461.64 10474.7 -1311.9
10424.3 -1418.63 10489.6 -1311.9
10437.7 -1329.42 10503.9 -1270.48
10452.3 -1315.08 10518.5 -1265.7
10466.3 -1273.67 10530.7 -1181.27
10480.3 -1311.9 10545.9 -1248.18
10494.6 -1311.9 10559.9 -1230.66
10508.3 -1354.91 10574.2 -1264.11
10523.2 -1331.01 10587.6 -1219.5
10536.3 -1272.07 10602.5 -1211.54
10550 -1224.28 10615.9 -1155.78
10564.3 -1155.78 10629 -1085.69
10578 -1179.68 10644.2 -1077.73
10592.3 -1154.19 10658.8 -1064.98
10605.4 -1222.69 10672.8 -1135.08
10620.9 -1216.32 10686.8 -1092.06
10634.3 -1198.8 10699.9 -1115.96
10648.3 -1115.96 10714.2 -1050.65
10662.3 -1052.24 10728.8 -1021.97
10676 -972.59 10743.1 -998.078
10691.4 -972.59 10756.2 -934.358
10704 -977.369 10770.2 -956.66
10719.2 -1069.76 10784.2 -918.429
10732.6 -1015.6 10798.2 -1004.45
10745.7 -1050.65 10812.8 -955.067
10760.6 -1007.64 10827.1 -910.463
10774 -927.987 10841.1 -899.313
10788 -864.267 10854.5 -822.849
10802.3 -832.407 10868.2 -819.663
10817.1 -880.197 10882.2 -794.175
10830.3 -886.569 10896.8 -806.919
10845.1 -905.685 10911.4 -861.081
10858.3 -915.242 10924.8 -867.453
10872.6 -821.256 10939.4 -826.035
10886.3 -690.63 10952.8 -776.652
10900.6 -728.862 10967.4 -712.932
10914.3 -658.77 10980.5 -642.84
10928.6 -692.223 10995.1 -615.759
10942.6 -711.339 11008.2 -633.282
10955.7 -746.385 11022.8 -660.363
10970.6 -708.153 11037.4 -681.072
10984.6 -646.026 11052 -668.328
10998 -579.121 11064.8 -596.644
11012.9 -566.377 11079.1 -518.587
11025.7 -531.331 11094 -501.064
11040.3 -556.819 11107.7 -443.716
11054 -548.854 11121.1 -521.773
11068.6 -520.18 11135.4 -524.959
11081.7 -521.773 11149.4 -516.994
11096 -435.751 11162.5 -499.471
11109.4 -448.495 11177.4 -464.425
11124 -360.88 11191.7 -418.228
11138.6 -354.508 11206.3 -338.578
11152.3 -413.449 11218.8 -311.497
11166.3 -372.031 11234.9 -322.648
11180 -321.055 11247.7 -344.95
11194.6 -322.648 11262.3 -364.066
11208.6 -266.894 11276.3 -359.287
11222.3 -193.616 11290 -289.195
11236.4 -246.185 11303.8 -252.557
11250.3 -238.22 11317.8 -182.465
11264.1 -230.255 11331.5 -123.524
11278.1 -214.325 11346 -141.047
11292.4 -136.268 11359.2 -187.244
11306.7 -51.8393 11374.4 -147.419
11320.1 -70.9552 11388.7 -163.349
11334.4 -43.8743 11401.8 -110.78
11348.7 -62.9902 11416.1 -62.9902
11361.8 -51.8393 11430.1 11.8805
11376.7 -12.0144 11443.5 2.32256
11390.1 7.10155 11458.1 30.9965
11405.3 88.3443 11473 30.9965
11417.8 109.053 11485.8 26.2175
11432.4 160.029 11500.7 29.4035
11446.1 166.401 11514.1 67.6354
11459.6 152.064 11528.1 139.32
11474.4 132.948 11542.7 126.576
11487.9 145.692 11556.8 195.075
11502.2 211.005 11570.2 206.226
11515.3 289.062 11584.2 198.261
11530.5 328.887 11598.2 242.865
11543.9 351.188 11612.5 247.644
11559.4 343.223 11626.5 257.202
11571.9 332.072 11641.4 311.364
11586.8 335.259 11654.8 316.143
11600.5 375.083 11669.1 373.49
11614.5 473.849 11683.1 386.234
11628 553.499 11696 422.873
11642.6 598.103 11710.3 432.431
11656 625.184 11725.2 515.267
11669.7 623.591 11739.2 535.976
11684.6 520.046 11752.9 540.755
11698.6 566.243 11768.1 625.184
11712.6 606.068 11781.2 571.022
11726 671.38 11794.9 585.359
11740.6 813.157 11809.5 617.219
11754.6 782.89 11823.3 688.903
11768.7 787.669 11838.2 770.146
11781.8 778.111 11851 806.785
11796.1 816.343 11865 870.505
11810.7 776.518 11879.6 838.645
11824.1 888.028 11893.6 880.063
11838.7 931.039 11908.8 837.052
11852.8 1039.36 11921.7 867.319
11865.9 1068.04 11936.8 929.446
11879.9 1056.89 11950.3 996.351
11893 1029.8 11962.8 1090.34
11907.3 1058.48 11978.6 1104.68
11922.2 1061.66 11992 1120.61
11936.6 1149.28 12005.8 1149.28
11950.6 1222.56 12020.4 1101.49
11964 1294.24 12034.1 1099.9
11978.3 1295.83 12048.7 1155.65
11992 1318.14 12062.4 1230.52
12006.9 1340.44 12076.4 1283.09
12021.2 1342.03 12090.7 1342.03
12035 1385.04 12104.8 1367.52
12047.8 1445.58 12117.9 1380.26
12062.4 1526.82 12133.1 1343.62
12075.5 1544.34 12146.5 1381.86
12091 1608.06 12160.5 1437.61
12103.9 1641.51 12175.1 1525.23
12117.6 1603.28 12189.5 1549.12
12133.1 1622.4 12203.2 1633.55
12146.2 1673.37 12216.9 1628.77
12160.5 1767.36 12230.4 1611.25
12174.3 1775.33 12244.4 1681.34
12188.3 1861.35 12258.7 1662.22
12202.6 1926.66 12272.4 1740.28
12216.9 1888.43 12287.9 1802.41
12229.8 1902.77 12301 1784.88
12245.5 1958.52 12315.4 1835.86
12258.1 1907.54 12329.1 1862.94
12272.4 2017.46 12342.8 1856.57
12286.5 2046.13 12356.9 1972.86
12300.8 2179.95 12371.5 2003.12
12313.9 2171.98 12385.2 2025.43
12329.4 2176.76 12398.6 2073.22
12342.5 2200.66 12414.1 2071.62
12356.3 2234.11 12427 2144.9
12370 2308.98 12442.2 2133.75
12384.3 2283.49 12455.6 2165.61
12398.1 2433.23 12469.6 2258
12412.1 2423.67 12483.4 2304.2
12426.4 2487.39 12498 2409.34
12440.4 2490.58 12512 2457.13
12454.2 2488.99 12526.4 2385.44
12467.6 2560.67 12540.4 2350.4
12482.5 2616.43 12553.5 2371.11
12496.2 2659.44 12567.9 2401.37
12511.4 2769.35 12582.2 2498.55
12524.6 2823.52 12595.9 2680.15
12538.6 2793.25 12609.9 2753.42
12552.6 2751.83 12624.3 2782.1
12566.1 2794.84 12639.5 2734.31
12580.7 2823.52 12652 2661.03
12595 2992.37 12666.9 2649.88
12608.2 3019.46 12680.7 2645.1
12623.1 3119.81 12694.7 2809.18
12636.5 3110.26 12708.7 2970.07
12650.6 3107.07 12723.1 3081.58
12664 3062.47 12736.5 3113.44
12678.1 3076.8 12750.6 3073.62
12692.1 3209.02 12765.8 3003.52
12705.8 3299.82 12780.1 2919.1
12720.7 3369.91 12793.2 2971.66
12734.5 3414.52 12807 3123
12748.5 3419.3 12821 3282.3
12762.5 3419.3 12836.2 3454.34
12776.3 3373.1 12850 3467.09
12790.9 3432.04 12863.4 3390.62
12804.3 3522.84 12877.4 3323.72
12819 3580.19 12891.8 3271.15
12832.4 3772.94 12906.4 3361.95
12846.2 3742.67 12920.7 3446.38
12860.5 3739.49 12934.8 3669.4
12873.9 3701.26 12948.5 3741.08
12888 3661.43 12962.8 3744.27
12902.3 3831.88 12978.3 3769.76
12916.3 3908.35 12991.8 3658.25
12929.5 4077.2 13000.6 3664.62
12944.4 4129.77 12986.2 3655.06
12957.6 4089.95 12972.2 3830.29
