7012.4 -915.242 7024.42 -929.579
7003.9 -1001.26 7035.86 -951.881
7000.97 -964.625 7047.58 -988.52
7008.01 -951.881 7061.07 -993.299
7018.27 -951.881 7072.79 -990.113
7031.46 -947.102 7084.52 -1002.86
7043.48 -908.871 7096.53 -969.404
7055.5 -943.916 7109.14 -942.323
7068.69 -972.59 7119.4 -980.555
7079.83 -958.253 7132.59 -932.765
7092.43 -972.59 7145.19 -975.776
7103.57 -958.253 7156.33 -947.102
7115.59 -942.323 7168.34 -1012.42
7127.9 -961.439 7180.65 -1017.19
7139.91 -924.801 7191.79 -1012.42
7152.22 -935.951 7204.1 -983.741
7163.65 -966.218 7217.87 -977.369
7175.96 -943.916 7229 -986.927
7187.98 -920.021 7240.43 -931.172
7199.99 -948.695 7252.74 -958.253
7212.59 -988.52 7264.46 -974.183
7224.31 -975.776 7276.76 -1028.35
7236.62 -945.509 7287.9 -1009.23
7248.64 -966.218 7300.79 -1017.19
7260.36 -899.313 7313.09 -1017.19
7272.37 -900.906 7323.05 -1006.04
7284.38 -945.509 7335.94 -988.52
7296.69 -929.579 7349.71 -953.474
7308.7 -970.997 7361.43 -943.916
7320.71 -999.671 7372.85 -978.962
7332.43 -953.474 7384.86 -994.892
7345.02 -955.067 7397.46 -1042.68
7356.45 -945.509 7408.59 -1072.95
7369.63 -905.685 7420.89 -1029.94
7381.05 -942.323 7432.9 -972.59
7393.06 -920.021 7446.08 -950.288
7405.37 -967.811 7457.21 -972.59
7416.79 -994.892 7468.63 -966.218
7429.38 -982.148 7480.93 -951.881
7440.81 -986.927 7493.52 -991.706
7453.11 -963.032 7505.23 -1007.64
7465.99 -940.73 7516.94 -1010.82
7477.71 -932.765 7529.83 -999.671
7489.13 -926.393 7540.66 -1004.45
7500.25 -961.439 7552.96 -961.439
7512.85 -956.66 7565.84 -975.776
7526.02 -985.334 7576.68 -937.544
7537.73 -985.334 7589.27 -963.032
7548.86 -953.474 7600.68 -967.811
7561.74 -942.323 7613.57 -980.555
7573.75 -918.429 7625.86 -1023.57
7584.87 -935.951 7636.98 -1017.19
7597.46 -913.649 7649.28 -990.113
7608.88 -908.871 7662.16 -950.288
7621.47 -974.183 7673.57 -955.067
7633.18 -985.334 7684.99 -942.323
7645.18 -983.741 7697.58 -993.299
7658.65 -982.148 7709.87 -959.846
7669.77 -982.148 7721.28 -994.892
7681.19 -937.544 7733.58 -980.555
7692.89 -948.695 7746.16 -998.078
7705.48 -943.916 7757.87 -956.66
7717.48 -937.544 7769.57 -983.741
7729.77 -959.846 7782.45 -999.671
7741.77 -974.183 7794.15 -986.927
7753.48 -935.951 7805.86 -929.579
7766.06 -972.59 7817.57 -934.358
7776.89 -1025.16 7830.44 -977.369
7789.47 -945.509 7842.44 -985.334
7801.18 -961.439 7852.97 -986.927
7812.59 -963.032 7865.26 -961.439
7826.05 -940.73 7877.84 -980.555
7837.46 -966.218 7889.54 -982.148
7850.04 -942.323 7902.41 -958.253
7861.45 -963.032 7914.12 -951.881
7873.74 -950.288 7925.53 -955.067
7886.03 -966.218 7937.81 -988.52
7897.15 -964.625 7949.81 -998.078
7909.14 -975.776 7962.68 -978.962
7922.6 -935.951 7974.08 -972.59
7933.42 -937.544 7986.66 -983.741
7945.42 -972.59 7998.95 -951.881
7958.29 -950.288 8010.65 -980.555
7969.7 -991.706 8022.05 -947.102
7981.4 -983.741 8034.05 -948.695
7993.68 -932.765 8046.91 -983.741
8006.84 -947.102 8058.61 -1023.57
8017.67 -950.288 8069.43 -978.962
8029.66 -921.614 8082.3 -1017.19
8041.65 -934.358 8094.29 -994.892
8054.22 -931.172 8106.57 -985.334
8065.92 -982.148 8118.85 -961.439
8078.21 -959.846 8130.84 -939.137
8089.61 -907.278 8142.54 -999.671
8102.77 -927.987 8153.94 -999.671
8113.59 -975.776 8166.81 -996.485
8125.29 -920.021 8179.09 -1033.12
8138.45 -977.369 8190.49 -969.404
8149.56 -926.393 8203.06 -956.66
8161.54 -967.811 8214.76 -1002.86
8172.95 -990.113 8226.74 -985.334
8185.23 -975.776 8238.14 -969.404
8198.68 -923.207 8250.42 -935.951
8209.49 -967.811 8262.7 -996.485
8221.48 -921.614 8276.15 -974.183
8234.64 -985.334 8286.96 -998.078
8246.04 -947.102 8298.95 -972.59
8258.32 -953.474 8311.51 -969.404
8270.59 -975.776 8322.33 -948.695
8281.41 -982.148 8334.31 -977.369
8293.98 -972.59 8346.88 -964.625
8305.38 -955.067 8358.86 -950.288
8317.36 -904.092 8370.85 -991.706
8329.64 -955.067 8383.12 -998.078
8342.79 -943.916 8395.11 -966.218
8353.9 -937.544 8407.09 -985.334
8365.3 -958.253 8418.78 -950.288
8378.15 -974.183 8431.34 -964.625
8390.14 -934.358 8442.74 -980.555
8401.54 -977.369 8455.6 -961.439
8415.27 -943.916 8467.58 -934.358
8425.79 -905.685 8478.97 -1009.23
8438.36 -940.73 8491.25 -948.695
8450.05 -963.032 8503.81 -994.892
8461.44 -963.032 8515.5 -1002.86
8474.88 -964.625 8527.48 -967.811
8485.99 -943.916 8539.16 -974.183
8497.67 -1001.26 8551.73 -943.916
8509.66 -986.927 8563.41 -963.032
8521.64 -937.544 8576.27 -959.846
8533.91 -923.207 8586.79 -1001.26
8546.47 -929.579 8599.64 -967.811
8557.86 -929.579 8611.62 -1018.79
8570.72 -961.439 8623.59 -990.113
8582.99 -940.73 8635.57 -982.148
8594.38 -982.148 8647.55 -1014.01
8606.07 -980.555 8660.11 -959.846
8618.33 -994.892 8671.5 -943.916
8630.9 -978.962 8684.65 -974.183
8641.7 -953.474 8696.04 -1037.9
8653.68 -918.429 8708.01 -966.218
8666.83 -935.951 8719.99 -999.671
8677.93 -934.358 8731.67 -991.706
8690.19 -927.987 8743.35 -967.811
8701.88 -961.439 8755.91 -963.032
8714.14 -1010.82 8768.47 -967.811
8727 -982.148 8781.03 -974.183
8738.39 -1001.26 8792.41 -1004.45
8750.94 -1015.6 8803.51 -963.032
8762.04 -929.579 8816.36 -1004.45
8774.31 -945.509 8828.33 -996.485
8786.57 -929.579 8839.72 -1004.45
8797.67 -900.906 8852.57 -996.485
8810.81 -907.278 8863.67 -970.997
8822.79 -982.148 8876.51 -969.404
8834.47 -1004.45 8888.78 -1012.42
8846.44 -1020.38 8899.87 -956.66
8858.7 -1004.45 8912.72 -1029.94
8870.97 -983.741 8925.28 -1009.23
8881.19 -950.288 8936.37 -1049.05
8895.2 -915.242 8949.22 -986.927
8906.01 -920.021 8959.73 -967.811
8918.56 -956.66 8973.16 -978.962
8929.95 -935.951 8985.13 -939.137
8942.21 -1007.64 8995.93 -963.032
8954.47 -1031.53 9008.48 -988.52
8966.15 -975.776 9021.62 -999.671
8978.41 -982.148 9031.84 -988.52
8990.97 -931.172 9045.85 -986.927
9002.94 -921.614 9056.65 -961.439
9013.74 -854.709 9068.04 -983.741
9026.58 -870.639 9081.17 -918.429
9037.97 -926.393 9092.56 -945.509
9051.4 -947.102 9105.4 -959.846
9062.49 -948.695 9116.79 -983.741
9074.17 -1001.26 9129.05 -999.671
9085.85 -966.218 9141.89 -969.404
9098.69 -948.695 9152.1 -939.137
9111.24 -905.685 9164.95 -926.393
9123.21 -916.836 9177.2 -935.951
9134.01 -908.871 9189.17 -854.709
9146.56 -926.393 9201.43 -942.323
9158.23 -891.348 9213.1 -912.057
9170.2 -932.765 9225.36 -945.509
9182.75 -956.66 9237.33 -910.463
9194.72 -920.021 9249 -950.288
9206.98 -934.358 9262.14 -963.032
9218.65 -904.092 9272.35 -897.72
9230.91 -924.801 9285.48 -875.418
9242.87 -897.72 9297.15 -864.267
9254.55 -921.614 9309.41 -856.302
9266.81 -902.499 9322.25 -873.825
9278.19 -892.941 9332.76 -902.499
9290.15 -883.383 9345.01 -889.755
9303.57 -891.348 9357.27 -891.348
9315.54 -900.906 9368.94 -859.488
9326.34 -840.372 9381.78 -856.302
9339.18 -848.337 9394.33 -802.14
9349.97 -854.709 9405.13 -802.14
9363.4 -814.884 9417.96 -826.035
9375.07 -816.477 9429.64 -800.547
9386.74 -830.814 9441.01 -824.442
9398.12 -803.733 9454.43 -802.14
9411.25 -838.779 9465.81 -792.582
9422.92 -840.372 9477.78 -757.536
9434.89 -798.954 9488.86 -749.571
9446.27 -851.523 9502 -725.676
9459.1 -792.582 9513.96 -738.42
9469.9 -776.652 9524.75 -728.862
9483.03 -757.536 9539.05 -740.013
9494.41 -757.536 9549.55 -757.536
9506.95 -716.118 9562.68 -762.315
9518.92 -736.827 9574.35 -752.757
9530.29 -755.943 9586.89 -708.153
9542.26 -755.943 9598.56 -733.641
9555.09 -740.013 9610.23 -673.107
9565.89 -732.048 9622.19 -630.096
9579.31 -712.932 9633.86 -623.724
9590.98 -692.223 9645.83 -642.84
9602.65 -663.549 9658.66 -646.026
9615.48 -676.293 9671.2 -719.304
9627.15 -704.967 9682.29 -697.002
9638.53 -684.258 9693.67 -610.98
9650.78 -653.991 9706.5 -552.04
9661.87 -657.177 9718.46 -529.738
9675 -642.84 9730.72 -552.04
9686.37 -646.026 9741.8 -569.563
9698.63 -650.805 9754.34 -561.598
9711.17 -601.422 9765.72 -577.528
9723.42 -641.247 9778.85 -577.528
9735.09 -604.608 9791.39 -596.644
9746.76 -595.051 9803.06 -595.051
9758.72 -574.342 9815.31 -532.924
9771.26 -604.608 9826.1 -501.064
9782.93 -580.714 9838.64 -493.099
9795.18 -556.819 9851.18 -453.274
9807.14 -537.703 9862.56 -473.983
9818.23 -488.32 9875.1 -505.843
9830.77 -550.447 9886.77 -515.401
9841.56 -499.471 9899.02 -516.994
9855.27 -481.948 9911.27 -521.773
9866.65 -481.948 9922.06 -454.867
9879.19 -470.797 9934.31 -424.6
9891.73 -423.007 9947.15 -327.427
9902.52 -450.088 9959.11 -338.578
9915.65 -450.088 9970.77 -333.799
9927.31 -429.379 9983.02 -351.322
9939.86 -416.635 9996.15 -367.252
9951.23 -399.112 10006.9 -391.147
9962.32 -376.81 10018.9 -386.368
9975.44 -340.171 10032 -372.031
9986.82 -293.974 10043.4 -329.02
9998.77 -266.894 10054.8 -282.824
10011 -297.16 10067 -223.883
10023.3 -268.487 10078.7 -244.592
10035.2 -284.417 10091.5 -225.476
10048.1 -301.939 10103.2 -257.336
10058.9 -247.778 10115.4 -257.336
10071.4 -230.255 10126.8 -239.813
10082.8 -223.883 10140.2 -206.36
10095 -201.581 10151 -265.301
10107 -142.64 10163 -133.082
10119.8 -147.419 10175.2 -179.279
10130.6 -99.6291 10187.8 -131.489
10143.4 -120.338 10198.5 -117.152
10155.1 -147.419 10211.7 -118.745
10166.5 -121.931 10223.9 -93.2571
10179.9 -147.419 10234.4 -106.001
10191 -144.233 10247.8 -106.001
10203.2 -120.338 10260.1 -40.6883
10214 -74.1412 10271.5 -32.7233
10226.3 -69.3622 10283.7 -34.3163
10239.4 -16.7934 10295.7 -23.1654
10251 -15.2004 10307.6 3.91556
10264.2 -21.5724 10319.3 -26.3513
10274.7 27.8105 10331.3 8.69454
10287.5 -48.6533 10344.7 13.4735
10299.2 18.2525 10356.6 -16.7934
10311.1 59.6704 10368.6 -21.5724
10323.4 61.2634 10380 38.9614
10335 50.1124 10392.2 21.4385
10347.9 104.274 10404.8 67.6354
10359.3 89.9373 10415.8 67.6354
10371.2 185.517 10427.8 50.1124
10382.9 174.366 10440 134.541
10395.7 155.25 10452.6 126.576
10406.8 187.11 10464.5 144.099
10418.8 230.121 10477.1 126.576
10431 239.679 10487.6 179.145
10442.9 215.784 10500.1 153.657
10455.5 223.749 10513.2 211.005
10467.7 316.143 10524.3 196.668
10478.8 287.469 10536.6 273.132
10491.1 308.178 10547.4 273.132
10503.6 340.037 10560.2 317.736
10515.6 290.655 10572.2 298.62
10526.6 335.259 10585 317.736
10538.9 416.501 10596.4 311.364
10550.3 413.315 10608.3 332.072
10562.8 411.722 10620.6 359.153
10575.6 418.094 10633.1 383.048
10587 398.978 10644.5 360.746
10599.3 402.164 10656.7 432.431
10611.2 419.687 10669.3 477.035
10623.8 497.744 10680.9 483.407
10636.3 555.092 10692.9 540.755
10647.1 575.801 10704.6 548.72
10658.5 631.556 10717.1 504.116
10670.7 610.847 10729.1 513.674
10683.3 534.383 10741.6 510.488
10696.1 588.545 10753.9 521.639
10707.5 594.917 10764.9 596.51
10719.4 563.057 10777.8 652.264
10731.4 661.822 10789.1 679.345
10743.7 687.31 10800.5 736.693
10755.9 739.879 10813.1 725.542
10767.3 765.367 10825.6 633.149
10779.2 728.728 10837.9 666.601
10791.5 771.739 10849.2 606.068
10803.7 814.75 10861.8 663.415
10816.3 755.809 10873.4 703.24
10827.6 806.785 10885.4 723.949
10839.3 803.599 10897.9 808.378
10851.6 868.912 10909 808.378
10862.6 927.853 10921.6 891.214
10875.5 940.597 10934.1 873.691
10887.4 989.979 10945.8 827.494
10898.8 967.677 10957.7 841.831
10911.4 902.365 10969.4 833.866
10923.3 982.014 10981.4 878.47
10935.6 966.084 10994.2 905.551
10947.8 1039.36 11005.9 958.12
10959.5 1112.64 11018.1 1010.69
10971.8 1120.61 11029.8 1037.77
10983.1 1182.73 11041.5 1090.34
10995.4 1174.77 11054 1052.11
11007.3 1176.36 11066.3 1091.93
11019.3 1150.87 11078.5 1077.59
11031.8 1168.39 11090.2 1093.52
11043.2 1181.14 11101.6 1160.43
11055.8 1260.79 11114.4 1197.07
11067.4 1292.65 11126.1 1201.85
11079.1 1357.96 11137.7 1281.5
11091.6 1365.93 11151.1 1254.42
11103 1385.04 11162.8 1268.75
11115 1370.71 11174.8 1263.97
11126.9 1377.08 11187 1302.21
11139.2 1359.55 11198.1 1335.66
11151.5 1362.74 11210.7 1342.03
11164 1378.67 11222.6 1377.08
11176 1442.39 11234.3 1431.24
11187.9 1514.07 11247.7 1448.76
11198.4 1579.39 11258.8 1501.33
11211.6 1633.55 11270.2 1482.21
11223.5 1643.11 11282.7 1455.13
11235.2 1649.48 11294.4 1480.62
11247.4 1542.75 11305.5 1482.21
11260 1571.42 11318 1518.85
11271.9 1563.46 11330 1595.32
11283.9 1679.75 11342.3 1639.92
11295 1737.09 11355.1 1644.7
11307 1784.88 11366.5 1646.29
11318.9 1832.67 11379 1635.14
11331.8 1827.89 11391.3 1647.89
11344 1866.13 11402.7 1644.7
11355.4 1784.88 11414.3 1654.26
11367.4 1829.49 11426.9 1765.77
11379.3 1853.38 11440 1794.44
11391.3 1861.35 11450.2 1856.57
11403 1936.22 11462.5 1888.43
11415.5 2001.53 11475 1921.88
11427.2 2089.15 11487.6 1933.03
11439.4 2081.18 11499 1972.86
11451.1 2125.78 11511.5 1937.81
11463.4 2143.31 11524.1 1948.96
11474.7 2097.11 11534.6 1972.86
11486.7 2113.04 11547.4 2042.95
11499.3 2138.53 11559.7 2065.25
11511.8 2226.14 11571 2111.45
11523.5 2280.31 11583.6 2203.84
11534.6 2321.72 11595.9 2229.33
11547.4 2380.66 11608.4 2168.8
11560 2375.88 11619.5 2195.88
11571 2377.48 11631.5 2077.99
11583.3 2358.36 11645.2 2136.94
11595.6 2387.04 11655.7 2181.54
11607.2 2469.87 11668.3 2264.38
11618.9 2532 11680.2 2382.26
11631.5 2581.38 11692.5 2409.34
11643.7 2614.83 11703.9 2433.23
11655.1 2608.46 11716.1 2450.76
11667.1 2586.16 11727.2 2401.37
11678.8 2603.68 11739.5 2359.95
11691.3 2635.54 11751.7 2369.51
11703.6 2678.55 11764.6 2399.78
11715 2734.31 11775.4 2450.76
11727.2 2783.69 11788.2 2539.96
11739.5 2826.7 11799.9 2614.83
11751.2 2879.27 11812.5 2684.93
11763.1 2909.54 11824.4 2719.97
11776.3 2919.1 11836.1 2684.93
11786.5 2885.64 11847.5 2684.93
11799.3 2942.99 11860.3 2595.72
11811.6 2909.54 11872.6 2718.38
11822.4 2978.04 11885.2 2759.8
11835.8 3054.5 11896.5 2807.59
11846.9 3089.55 11908.2 2919.1
11859.2 3188.31 11920.2 2946.18
11871.7 3210.61 11933 2987.6
11883.1 3175.57 11944.1 2938.21
11895.7 3189.91 11956.4 2968.48
11908.2 3199.46 11969 2927.06
11918.7 3186.72 11980.6 2992.37
11931.6 3267.96 11993.2 3048.13
11944.1 3323.72 12004.3 3097.51
11955.8 3358.76 12016.3 3245.66
11967.8 3438.41 12029.1 3226.54
11980.1 3444.78 12040.8 3253.63
11991.7 3460.71 12053.4 3255.22
12003.1 3548.33 12065.3 3255.22
12016 3498.95 12076.7 3274.33
12027.4 3564.26 12089.3 3353.98
12039.3 3626.39 12099.8 3361.95
12051.9 3631.16 12113.2 3395.4
12062.7 3634.35 12124.9 3406.55
12075.5 3686.92 12137.5 3505.32
12087.8 3712.41 12149.4 3513.28
12098.6 3753.83 12162.3 3591.34
12111.2 3790.46 12172.8 3578.6
12123.5 3812.77 12184.8 3592.93
12134.6 3897.2 12197.6 3596.12
12147.1 3843.03 12209.6 3645.5
12158.8 3890.82 12221.9 3690.11
12171.6 3975.25 12233.9 3771.35
12183.9 3957.73 12245.3 3827.1
12195.3 4074.02 12257.8 3787.28
12207.6 4121.81 12270.4 3860.56
12219.3 4144.11 12281.8 3895.6
12231.5 4201.46 12294.3 3973.66
12243.8 4231.72 12306.6 3983.22
12255.2 4246.06 12318 4051.72
12266.9 4300.22 12329.4 4101.1
12279.4 4308.19 12341.7 4110.66
12291.4 4289.07 12353.6 4064.46
12302.8 4351.2 12365.9 4134.55
12315.4 4410.14 12377.9 4180.75
12328.2 4497.75 12390.5 4218.98
12338.7 4559.88 12402.2 4287.48
12351.6 4550.32 12414.4 4327.3
12363 4609.26 12425.5 4386.24
12375.3 4604.48 12437.8 4359.16
12388.1 4626.79 12450.1 4402.17
12399.8 4637.94 12462.6 4422.88
12411.2 4693.69 12474.6 4432.44
12423.2 4798.83 12486.9 4477.04
12435.5 4849.81 12498.6 4535.99
12447.7 4916.71 12509.1 4598.11
12459.4 4969.28 12522.8 4567.85
12471.1 5004.33 12533.9 4663.43
12484 4966.09 12547.4 4688.91
12496 4988.4 12558.8 4765.38
12507.9 5001.14 12570.8 4795.64
12519.3 5076.01 12581.9 4798.83
12531.3 5166.81 12594.4 4837.06
12543.6 5181.15 12607.6 4849.81
12556.2 5243.28 12619.6 4859.36
12567.9 5380.27 12631.3 4946.98
12578.7 5350.01 12644.1 5001.14
12592.4 5375.49 12655.8 5050.52
12603.2 5383.46 12667.5 5107.87
12615.2 5334.08 12679.5 5160.44
12627.2 5367.53 12691.8 5171.59
12639.8 5400.98 12703.8 5200.26
12651.1 5456.74 12715.8 5243.28
12663.4 5631.97 12727.2 5268.76
12675.7 5667.01 12739.4 5373.9
12687.1 5730.73 12751.1 5364.34
12699.1 5811.98 12764.3 5459.92
12710.5 5749.85 12776.6 5477.45
12723.4 5733.92 12788 5502.93
12735.9 5714.8 12800 5563.47
12747.9 5753.03 12812.5 5619.22
12759 5866.14 12823.1 5679.76
12771.6 5934.64 12836.8 5751.44
12782.4 6095.53 12847.6 5687.72
12795.6 6157.65 12859.9 5816.75
12808.1 6200.67 12872.2 5877.29
12818.7 6203.85 12884.8 5910.74
12831.5 6240.49 12896.8 5877.29
12843.5 6165.62 12908.7 5985.61
12855.8 6245.27 12921 6017.47
12867.2 6259.61 12933.6 6031.81
12880.1 6261.2 12945.9 6017.47
12891.8 6380.67 12957.6 6127.39
12903.5 6504.93 12970.1 6138.54
12915.5 6582.98 12983 6234.12
12927.5 6645.11 12994.7 6289.87
12939.4 6640.33 13000 6258.01
12951.4 6603.69 12987.4 6283.5
12963.1 6382.27 12975.4 6348.81
