7012.11 -763.908 7024.13 -822.849
7003.9 -805.326 7036.44 -816.477
7000.97 -775.059 7048.17 -811.698
7008.3 -730.455 7061.07 -824.442
7019.44 -789.396 7073.38 -803.733
7031.46 -797.361 7083.34 -763.908
7043.48 -754.35 7096.53 -798.954
7056.38 -840.372 7107.97 -808.512
7067.52 -810.105 7121.16 -802.14
7080.71 -818.07 7132.88 -824.442
7092.14 -752.757 7144.31 -838.779
7104.45 -795.768 7156.62 -878.604
7116.47 -794.175 7168.64 -818.07
7128.19 -813.291 7180.36 -816.477
7139.91 -792.582 7192.67 -854.709
7152.52 -840.372 7204.68 -717.711
7163.95 -864.267 7216.7 -789.396
7177.14 -790.989 7228.42 -834
7188.27 -814.884 7240.73 -798.954
7199.7 -762.315 7252.74 -854.709
7212.3 -763.908 7263.87 -830.814
7224.61 -800.547 7276.47 -841.965
7236.91 -800.547 7289.07 -765.501
7249.22 -767.094 7300.79 -816.477
7260.94 -813.291 7312.51 -829.221
7272.95 -800.547 7324.23 -816.477
7283.79 -811.698 7336.53 -813.291
7296.39 -779.838 7348.25 -838.779
7308.4 -770.28 7360.55 -795.768
7320.42 -806.919 7373.15 -848.337
7333.31 -819.663 7385.15 -857.895
7344.15 -802.14 7395.99 -881.79
7355.86 -778.245 7408.3 -818.07
7368.75 -822.849 7420.6 -835.593
7380.76 -781.431 7433.19 -811.698
7393.36 -808.512 7444.61 -800.547
7404.78 -824.442 7456.33 -861.081
7417.67 -846.744 7468.63 -808.512
7429.38 -805.326 7480.93 -832.407
7440.22 -843.558 7492.05 -797.361
7453.98 -806.919 7504.65 -813.291
7464.82 -790.989 7518.12 -810.105
7476.53 -822.849 7529.83 -827.628
7489.13 -826.035 7541.25 -840.372
7500.84 -824.442 7553.25 -859.488
7513.14 -792.582 7565.55 -797.361
7525.14 -808.512 7576.97 -892.941
7536.86 -792.582 7589.56 -797.361
7549.15 -792.582 7600.98 -834
7561.74 -830.814 7614.15 -845.151
7574.63 -806.919 7625.86 -845.151
7584.87 -778.245 7637.57 -822.849
7597.46 -813.291 7649.57 -829.221
7609.17 -810.105 7661.28 -843.558
7621.47 -813.291 7672.7 -888.162
7632.59 -798.954 7685.28 -826.035
7645.77 -778.245 7697.87 -861.081
7658.06 -802.14 7710.75 -821.256
7669.18 -784.617 7721.58 -819.663
7681.77 -810.105 7734.45 -851.523
7692.89 -826.035 7745.87 -827.628
7705.48 -841.965 7757.87 -829.221
7716.89 -811.698 7769.87 -838.779
7729.48 -802.14 7782.45 -790.989
7741.77 -760.722 7794.15 -848.337
7752.89 -728.862 7805.57 -832.407
7765.77 -821.256 7818.15 -838.779
7776.89 -795.768 7829.85 -822.849
7788.6 -854.709 7841.85 -840.372
7800.59 -821.256 7854.14 -797.361
7813.47 -784.617 7866.72 -845.151
7825.17 -843.558 7876.96 -840.372
7837.17 -797.361 7889.54 -877.011
7849.75 -779.838 7901.83 -827.628
7861.16 -797.361 7913.24 -883.383
7873.74 -802.14 7926.4 -830.814
7886.32 -822.849 7938.69 -795.768
7897.15 -837.186 7949.51 -800.547
7910.02 -806.919 7961.8 -886.569
7921.72 -798.954 7974.08 -822.849
7932.84 -789.396 7986.08 -875.418
7945.71 -821.256 7999.24 -821.256
7958 -813.291 8009.48 -835.593
7969.7 -768.687 8022.93 -856.302
7982.57 -790.989 8034.92 -830.814
7993.97 -814.884 8046.62 -803.733
8005.97 -826.035 8058.32 -861.081
8017.08 -830.814 8070.6 -813.291
8029.37 -814.884 8082.3 -867.453
8041.94 -800.547 8094 -834
8053.64 -789.396 8106.57 -830.814
8065.92 -776.652 8119.14 -854.709
8078.21 -784.617 8130.84 -865.86
8090.49 -757.536 8142.25 -840.372
8101.89 -779.838 8154.82 -849.93
8114.17 -818.07 8166.52 -821.256
8126.16 -841.965 8178.5 -854.709
8137.57 -808.512 8190.78 -827.628
8149.56 -784.617 8203.35 -904.092
8161.25 -818.07 8215.34 -857.895
8173.53 -760.722 8226.74 -841.965
8186.4 -781.431 8239.6 -824.442
8198.68 -776.652 8250.72 -888.162
8209.79 -808.512 8262.99 -813.291
8222.36 -784.617 8275.56 -818.07
8233.76 -810.105 8286.38 -826.035
8245.16 -835.593 8298.66 -864.267
8257.73 -811.698 8311.81 -878.604
8270.3 -848.337 8322.92 -829.221
8281.7 -763.908 8334.61 -843.558
8293.68 -779.838 8347.17 -798.954
8305.38 -819.663 8359.74 -827.628
8317.65 -806.919 8370.56 -821.256
8330.22 -797.361 8383.12 -813.291
8342.79 -776.652 8395.4 -822.849
8354.77 -797.361 8407.09 -811.698
8366.46 -853.116 8419.94 -851.523
8378.15 -795.768 8431.05 -838.779
8390.43 -798.954 8443.03 -889.755
8402.12 -819.663 8455.6 -853.116
8414.39 -818.07 8467.58 -843.558
8426.08 -789.396 8478.97 -834
8438.65 -816.477 8491.25 -792.582
8449.75 -800.547 8503.81 -768.687
8462.32 -822.849 8514.91 -821.256
8474.88 -857.895 8527.18 -851.523
8485.4 -802.14 8540.04 -838.779
8497.97 -840.372 8551.43 -845.151
8510.53 -743.199 8563.12 -845.151
8522.8 -818.07 8576.27 -789.396
8534.2 -770.28 8586.79 -827.628
8546.18 -802.14 8599.64 -806.919
8558.45 -736.827 8611.91 -818.07
8569.55 -818.07 8623.89 -814.884
8582.4 -790.989 8636.16 -843.558
8594.38 -827.628 8648.13 -813.291
8606.07 -832.407 8660.11 -865.86
8618.04 -778.245 8672.38 -848.337
8630.02 -789.396 8684.35 -822.849
8642.29 -773.466 8695.16 -849.93
8654.56 -757.536 8707.43 -808.512
8665.95 -759.129 8720.57 -824.442
8678.51 -797.361 8731.67 -834
8689.9 -838.779 8743.64 -840.372
8702.17 -811.698 8756.49 -800.547
8714.14 -789.396 8767.88 -859.488
8726.41 -816.477 8779.27 -841.965
8738.39 -776.652 8791.83 -821.256
8750.94 -767.094 8804.39 -827.628
8762.04 -773.466 8816.07 -811.698
8774.6 -806.919 8828.33 -878.604
8786.87 -795.768 8840.01 -838.779
8798.55 -803.733 8851.99 -926.393
8810.23 -798.954 8864.55 -904.092
8822.79 -765.501 8876.22 -923.207
8835.05 -802.14 8888.49 -908.871
8846.15 -821.256 8900.46 -892.941
8859 -802.14 8911.55 -867.453
8870.39 -805.326 8925.57 -907.278
8882.36 -806.919 8936.08 -865.86
8894.33 -857.895 8948.34 -920.021
8906.59 -843.558 8960.9 -899.313
8918.85 -816.477 8972.58 -877.011
8930.83 -849.93 8984.25 -899.313
8942.5 -789.396 8997.1 -878.604
8954.47 -846.744 9008.19 -905.685
8966.15 -786.21 9020.45 -862.674
8978.71 -786.21 9032.42 -861.081
8990.97 -818.07 9044.68 -896.127
9002.06 -802.14 9056.65 -872.232
9014.32 -790.989 9068.91 -843.558
9026.29 -767.094 9081.17 -869.046
9038.55 -810.105 9093.14 -908.871
9050.52 -805.326 9104.23 -859.488
9062.49 -813.291 9116.79 -859.488
9074.46 -795.768 9128.17 -864.267
9086.72 -762.315 9142.47 -830.814
9098.98 -778.245 9153.27 -861.081
9111.24 -822.849 9164.65 -857.895
9123.5 -767.094 9176.91 -768.687
9134.01 -827.628 9188.59 -821.256
9146.56 -811.698 9201.43 -826.035
9158.53 -798.954 9213.4 -832.407
9171.08 -790.989 9224.78 -781.431
9182.75 -768.687 9237.33 -830.814
9195.01 -805.326 9249 -806.919
9207.26 -767.094 9260.38 -784.617
9218.36 -763.908 9273.52 -760.722
9230.91 -760.722 9285.19 -786.21
9242.87 -794.175 9297.74 -762.315
9254.55 -741.606 9310 -765.501
9266.51 -770.28 9321.38 -783.024
9279.06 -749.571 9332.76 -765.501
9289.86 -733.641 9345.01 -747.978
9302.41 -762.315 9356.98 -776.652
9313.79 -743.199 9369.52 -755.943
9326.34 -722.49 9381.49 -730.455
9338.59 -798.954 9393.45 -740.013
9350.26 -692.223 9405.71 -679.479
9363.4 -754.35 9417.38 -700.188
9374.78 -697.002 9429.64 -687.444
9387.03 -700.188 9441.31 -708.153
9398.7 -682.665 9453.85 -738.42
9410.08 -689.037 9464.94 -658.77
9422.63 -663.549 9478.07 -708.153
9434.59 -709.746 9490.32 -669.921
9446.56 -660.363 9501.7 -647.619
9459.1 -709.746 9513.96 -644.433
9470.48 -690.63 9525.63 -626.91
9482.44 -690.63 9538.17 -641.247
9495.58 -625.317 9549.84 -658.77
9506.95 -647.619 9560.93 -681.072
9518.63 -583.9 9574.35 -676.293
9531.17 -636.468 9585.73 -663.549
9541.67 -623.724 9598.56 -657.177
9555.68 -614.166 9609.94 -623.724
9566.76 -628.503 9622.19 -625.317
9579.31 -606.201 9634.16 -572.749
9589.52 -615.759 9645.83 -599.829
9602.07 -601.422 9657.78 -569.563
9614.9 -550.447 9670.33 -582.307
9626.86 -580.714 9682 -588.679
9638.82 -556.819 9693.67 -622.131
9651.08 -507.436 9705.92 -579.121
9663.33 -540.889 9717.88 -547.261
9675 -550.447 9731.01 -523.366
9686.96 -531.331 9742.38 -524.959
9699.5 -556.819 9754.05 -520.18
9710.88 -521.773 9766.6 -483.541
9722.55 -456.46 9778.26 -547.261
9734.8 -542.482 9790.51 -591.865
9747.34 -483.541 9801.89 -536.11
9758.14 -485.134 9814.14 -499.471
9770.68 -488.32 9827.56 -545.668
9781.76 -437.344 9838.94 -467.611
9795.47 -454.867 9849.73 -415.042
9806.85 -478.762 9862.27 -421.414
9817.93 -408.67 9875.1 -453.274
9831.06 -424.6 9887.06 -373.624
9842.73 -410.263 9899.02 -434.158
9854.98 -426.193 9910.4 -392.74
9867.52 -403.891 9921.77 -383.182
9878.9 -400.705 9934.9 -349.729
9890.85 -359.287 9946.27 -365.659
9903.1 -362.473 9958.52 -346.543
9914.77 -332.206 9970.48 -356.101
9926.73 -287.603 9983.02 -356.101
9938.4 -317.869 9994.4 -357.694
9950.94 -279.638 10007.2 -258.929
9962.9 -273.266 10018.9 -214.325
9975.15 -244.592 10031.1 -215.918
9987.11 -222.29 10042.8 -249.371
9998.77 -231.848 10054.8 -314.683
10011.6 -239.813 10067 -335.392
10023.6 -155.384 10079.9 -266.894
10034.6 -201.581 10090.9 -158.57
10047.2 -150.605 10103.5 -128.303
10058.9 -113.966 10115.1 -90.0711
10070.8 -104.408 10128.3 -88.4781
10083.1 -142.64 10138.5 -115.559
10095 -131.489 10151.6 -137.861
10106.7 -174.5 10163.3 -99.6291
10118.4 -90.0711 10175.5 -94.8501
10131.8 -80.5132 10187.5 -72.5482
10143.4 -45.4673 10200 -75.7342
10154.8 -21.5724 10211.1 -53.4323
10167.4 -19.9794 10223.9 26.2175
10178.4 -23.1654 10235 -0.863426
10191 0.729569 10248.1 42.1474
10203.2 -37.5023 10260.4 -7.23541
10214 -18.3864 10271.5 -29.5373
10227.1 -8.8284 10283.7 -50.2463
10238.5 23.0315 10296 -10.4214
10251.6 66.0424 10307.9 27.8105
10262.7 113.832 10319.3 96.3093
10275.8 104.274 10331.8 147.285
10287.2 150.471 10344.7 158.436
10298.9 88.3443 10355.5 78.7863
10310.8 89.9373 10368.6 86.7513
10322.8 137.727 10380 93.1233
10335 110.646 10391.6 78.7863
10346.7 166.401 10403.9 104.274
10359.8 222.156 10417.3 164.808
10370.6 215.784 10427.8 180.738
10383.5 301.806 10439.7 309.771
10394 285.876 10451.7 289.062
10406.8 273.132 10465.1 319.329
10419 277.911 10475.9 282.69
10431 244.458 10488.2 255.609
10443.2 238.086 10500.4 271.539
10454.9 344.816 10513 269.946
10466.9 327.294 10523.7 322.515
10478.5 451.547 10536.3 359.153
10490.2 449.954 10548.2 457.919
10503 467.477 10560.2 448.361
10515.3 440.396 10572.5 461.105
10526.9 464.291 10585 446.768
10539.8 389.42 10596.4 400.571
10550.6 440.396 10608.9 410.129
10563.4 459.512 10620.3 410.129
10574.5 472.256 10632.2 500.93
10587 520.046 10644.5 492.965
10599 575.801 10656.4 524.825
10610.9 629.963 10668.7 516.86
10623.2 607.661 10681.5 508.895
10635.1 567.836 10692 516.86
10647.1 618.812 10704.9 507.302
10659.4 572.615 10716.8 513.674
10671.6 566.243 10729.1 492.965
10682.4 614.033 10740.7 505.709
10695.5 690.496 10753.3 518.453
10706.9 711.205 10766.1 559.871
10719.7 774.925 10776.9 583.766
10731.1 749.437 10790 591.731
10743.9 701.647 10800.2 614.033
10755.3 736.693 10813.7 652.264
10767.6 720.763 10825 631.556
10778.9 693.682 10837.3 690.496
10790.6 798.82 10849.8 730.321
10803.1 738.286 10861.5 728.728
10815.7 908.737 10874 784.483
10827.1 927.853 10885.1 754.216
10839.3 908.737 10896.8 811.564
10851.9 923.074 10909.3 841.831
10863.2 959.713 10921.3 774.925
10875.5 859.354 10933.8 852.982
10887.4 958.12 10944.9 872.098
10899.4 946.969 10957.4 876.877
10910.5 991.572 10970.3 915.109
10923.3 1060.07 10981.7 956.526
10935.3 1077.59 10993.9 931.039
10946.7 1134.94 11005.9 1002.72
10958.6 1185.92 11018.1 1005.91
10970.9 1109.45 11029.5 1032.99
10983.7 1195.48 11041.5 1048.92
10995.1 1115.83 11054 1015.47
11007 1189.1 11066 1042.55
11018.4 1203.44 11078.2 1052.11
11031.8 1276.72 11090.5 1087.15
11042.6 1278.31 11102.4 1136.53
11055.8 1310.17 11112.9 1160.43
11067.7 1281.5 11126.1 1169.99
11078.5 1334.07 11138.3 1184.32
11091.6 1321.32 11150 1206.63
11103.3 1345.22 11162.5 1181.14
11115.3 1381.86 11174.2 1249.64
11127.5 1397.79 11186.5 1257.6
11139.5 1480.62 11197.8 1319.73
11151.5 1479.03 11210.1 1397.79
11163.4 1512.48 11223.5 1365.93
11175.7 1479.03 11234.6 1353.18
11187.9 1520.45 11246.3 1362.74
11199.9 1514.07 11258.8 1364.33
11211 1603.28 11270.8 1405.75
11224.4 1573.02 11282.7 1463.1
11235.2 1641.51 11295 1494.96
11248 1674.97 11306.4 1584.17
11259.4 1721.16 11318.3 1580.98
11271.6 1705.23 11330.9 1593.72
11283.9 1767.36 11342.3 1595.32
11295 1757.8 11354.2 1646.29
11306.4 1784.88 11367.4 1660.63
11319.8 1826.3 11378.4 1705.23
11331.2 1867.72 11390.4 1708.42
11344 1869.31 11402.4 1748.24
11354.8 2004.72 11414.3 1839.05
11367.4 1950.56 11426.9 1831.08
11379.3 2019.05 11439.1 1902.77
11391.3 1976.04 11451.1 1867.72
11403.8 1995.16 11463.1 1862.94
11415.5 1988.79 11474.4 1839.05
11426 2116.23 11486.4 1832.67
11438.9 2117.82 11499 1894.8
11451.1 2232.52 11510.6 2009.5
11462.5 2214.99 11524.4 2039.76
11475.6 2254.82 11535.5 2092.33
11487.3 2216.59 11546.8 2127.38
11500.1 2248.45 11559.4 2063.66
11510.9 2156.05 11572.2 2041.36
11523.5 2254.82 11583.6 2068.44
11536.3 2213.4 11595.6 2049.32
11546.8 2348.8 11607.8 2143.31
11560.5 2361.55 11620.4 2164.02
11571.6 2412.52 11631.2 2203.84
11583.6 2461.91 11643.4 2262.78
11595.6 2506.51 11655.7 2270.75
11607.2 2417.3 11667.4 2291.46
11619.2 2520.85 11680.2 2342.43
11631.8 2445.98 11691.6 2293.05
11644 2495.36 11704.1 2358.36
11655.7 2503.32 11716.7 2328.1
11666.8 2638.73 11728.4 2402.97
11679.6 2632.36 11739.8 2495.36
11692.2 2719.97 11751.4 2498.55
11703 2675.37 11764.3 2578.2
11715.5 2745.46 11776.3 2632.36
11727.2 2707.23 11788.2 2625.99
11739.8 2745.46 11799.6 2661.03
11751.2 2742.27 11811.9 2688.11
11763.4 2842.63 11824.4 2672.18
11775.7 2831.48 11836.1 2726.34
11787.6 2933.43 11849 2774.13
11800.2 2877.68 11860.6 2727.94
11811.6 2979.63 11872.3 2810.77
11823.8 2998.75 11884.6 2874.49
11835.5 3056.09 11897.1 2892.02
11847.8 3054.5 11908.8 3008.3
11859.5 3103.88 11919.6 3005.12
11871.4 3054.5 11932.2 3021.05
11883.1 3162.82 11944.1 3089.55
11895.7 3092.73 11956.7 3019.46
11908.2 3201.06 11967.8 3008.3
11919.3 3234.51 11980.6 3068.84
11930.7 3234.51 11992.9 3036.98
11942.7 3231.32 12004.3 3196.28
11955.8 3322.12 12016.9 3236.1
11968.7 3258.4 12029.1 3236.1
11979.5 3374.69 12041.1 3261.59
11991.4 3455.94 12052.2 3228.14
12003.4 3473.46 12065.3 3306.19
12014.8 3508.5 12077 3280.71
12028 3518.06 12089.3 3314.16
12039.9 3422.48 12100.7 3347.61
12051.3 3506.91 12112.9 3425.67
12063.6 3510.1 12125.5 3424.08
12075.3 3599.3 12136.9 3518.06
12087.2 3763.38 12148.6 3554.7
12099.2 3796.84 12161.1 3562.67
12111.5 3822.32 12174 3594.53
12122.9 3901.97 12185.1 3626.39
12136 3793.65 12197.1 3605.68
12146.5 3796.84 12209.9 3674.18
12159.4 3838.25 12221.9 3707.63
12171.9 3836.66 12233 3768.16
12183.9 3944.98 12245.5 3841.44
12195.3 4123.4 12257.5 3903.57
12207.3 4158.45 12270.1 3909.94
12219.5 4290.67 12282.4 3957.73
12231.8 4289.07 12294 3925.87
12244.1 4244.47 12306.6 3995.96
12254.9 4265.18 12317.4 3983.22
12267.8 4156.85 12330 4069.24
12279.4 4150.48 12342 4142.52
12291.1 4234.91 12354.2 4145.7
12304 4314.56 12365.6 4193.49
12314.8 4429.26 12377.9 4241.28
12327.3 4571.03 12390.5 4274.73
12339.9 4642.72 12402.2 4317.75
12352.8 4626.79 12414.4 4357.57
12362.7 4583.78 12426.1 4375.09
12375.3 4542.36 12438.4 4453.15
12387.8 4473.86 12449.8 4449.96
12399.5 4491.38 12462.6 4446.78
12411.5 4684.13 12474 4512.09
12423.5 4808.39 12486.6 4542.36
12435.2 4910.34 12498.3 4604.48
12448 4931.05 12510.6 4677.76
12460 4969.28 12522.8 4623.6
12470.5 4916.71 12534.8 4644.31
12484.3 4954.94 12547.7 4706.44
12496 4932.64 12558.8 4629.97
12507.6 4921.49 12570.2 4704.84
12519.9 5023.44 12582.8 4805.2
12531.9 5112.65 12594.4 4832.28
12543.9 5205.04 12607 4908.75
12555.9 5378.68 12619.3 4926.27
12567.6 5396.2 12630.7 4926.27
12579 5388.24 12643 5012.29
12592.1 5436.03 12655.3 5020.26
12603.8 5324.52 12667.2 5039.37
12615.2 5332.48 12679.8 5093.53
12626.9 5386.65 12691.2 5125.39
12639.8 5393.02 12703.2 5112.65
12652 5612.85 12715.8 5214.6
12663.1 5754.63 12727.2 5220.97
12676.3 5735.51 12739.4 5340.45
12687.4 5783.3 12751.4 5400.98
12699.1 5717.99 12764 5408.95
12711.1 5737.1 12776.6 5463.11
12723.4 5730.73 12788 5471.07
12734.5 5733.92 12800 5456.74
12748.2 5831.09 12811.9 5499.75
12759.9 5939.41 12824.2 5590.55
12771.9 6041.37 12836.2 5616.04
12784.2 6105.09 12847.6 5768.96
12795.9 6149.69 12859.6 5818.35
12806.7 6138.54 12873.4 5848.61
12820.7 6184.74 12885 5883.66
12831.8 6136.95 12897.3 5896.4
12843.8 6121.02 12909.3 5944.19
12855.8 6164.03 12921 5953.75
12867.5 6191.11 12932.4 5910.74
12879.8 6326.51 12944.7 6039.77
12892.4 6496.96 12957.9 6090.75
12903.2 6512.89 12970.4 6119.42
12915.8 6546.35 12983 6270.76
12928 6549.53 12995 6318.55
12938.9 6441.21 12999.7 6379.08
12951.1 6461.92 12987.1 6334.48
12963.1 6272.35 12975.7 6291.47
