6011.56 -94.8501 6023.9 -139.454
6004.51 -106.001 6036.83 -168.128
6000.4 -107.594 6047.7 -160.163
6008.63 -80.5132 6060.62 -172.907
6018.61 -78.9202 6072.08 -158.57
6030.95 -125.117 6084.71 -164.942
6042.7 -64.5832 6095.88 -137.861
6055.92 -78.9202 6108.21 -142.64
6068.56 -90.0711 6120.26 -160.163
6079.72 -101.222 6132.01 -147.419
6092.65 -94.8501 6143.75 -163.349
6104.69 -113.966 6156.97 -187.244
6115.85 -106.001 6168.72 -141.047
6128.19 -109.187 6180.76 -139.454
6140.23 -64.5832 6193.1 -123.524
6152.27 -80.5132 6204.55 -145.826
6164.32 -102.815 6217.18 -160.163
6176.36 -129.896 6228.93 -171.314
6188.11 -120.338 6240.68 -150.605
6200.73 -93.2571 6252.13 -147.419
6212.78 -99.6291 6264.46 -145.826
6225.11 -78.9202 6276.8 -201.581
6237.15 -74.1412 6288.54 -129.896
6248.6 -47.0603 6300.58 -158.57
6261.23 -125.117 6312.62 -153.791
6272.69 -99.6291 6324.66 -129.896
6284.72 -109.187 6336.99 -174.5
6296.18 -59.8042 6348.44 -142.64
6309.39 -109.187 6361.07 -171.314
6320.55 -98.0361 6373.1 -184.058
6332 -129.896 6385.73 -169.721
6344.92 -107.594 6396.89 -137.861
6355.78 -82.1062 6408.92 -128.303
6368.7 -96.4431 6420.96 -91.6641
6381.91 -77.3272 6432.99 -133.082
6393.07 -82.1062 6444.74 -172.907
6404.81 -61.3972 6456.77 -123.524
6416.55 -85.2922 6468.81 -171.314
6428.89 -102.815 6481.72 -150.605
6441.22 -99.6291 6493.17 -149.012
6452.37 -82.1062 6505.5 -152.198
6465.87 -72.5482 6517.24 -169.721
6477.91 -78.9202 6529.27 -149.012
6489.35 -56.6182 6541.31 -113.966
6501.39 -93.2571 6553.05 -139.454
6512.54 -109.187 6564.2 -156.977
6524.28 -88.4781 6577.4 -174.5
6538.08 -82.1062 6589.14 -185.651
6549.23 -93.2571 6601.47 -125.117
6561.26 -40.6883 6612.91 -131.489
6572.71 -88.4781 6625.24 -164.942
6585.03 -93.2571 6638.15 -133.082
6597.65 -86.8852 6649.3 -166.535
6609.39 -51.8393 6661.03 -141.047
6622.6 -133.082 6673.36 -176.093
6633.16 -83.6992 6685.39 -190.43
6645.78 -78.9202 6698.3 -149.012
6657.81 -70.9552 6709.74 -145.826
6669.25 -90.0711 6721.77 -168.128
6681.87 -53.4323 6733.5 -147.419
6693.6 -66.1762 6744.94 -128.303
6705.34 -83.6992 6757.85 -129.896
6717.66 -117.152 6769.88 -150.605
6729.69 -83.6992 6782.2 -163.349
6741.13 -82.1062 6793.93 -179.279
6752.57 -77.3272 6805.96 -149.012
6765.18 -88.4781 6817.98 -150.605
6778.39 -88.4781 6829.13 -147.419
6789.53 -35.9093 6841.45 -164.942
6802.14 -72.5482 6854.94 -171.314
6813.58 -117.152 6865.79 -112.373
6825.9 -120.338 6879.57 -158.57
6837.63 -106.001 6890.42 -126.71
6848.78 -94.8501 6901.86 -160.163
6861.1 -104.408 6914.47 -209.546
6873.71 -101.222 6926.2 -99.6291
6885.44 -51.8393 6937.93 -160.163
6897.76 -58.2112 6949.66 -139.454
6909.49 -90.0711 6961.97 -142.64
6921.8 -74.1412 6974.58 -153.791
6933.53 -96.4431 6986.31 -91.6641
6945.26 -110.78 6998.63 -153.791
6958.46 -67.7692 7010.35 -153.791
6969.89 -93.2571 7022.08 -120.338
6981.62 -66.1762 7033.8 -133.082
6993.64 -107.594 7046.12 -126.71
7005.66 -18.3864 7058.14 -144.233
7018.56 -69.3622 7070.45 -137.861
7029.7 -39.0953 7083.05 -182.465
7042.31 -58.2112 7094.19 -142.64
7053.44 -53.4323 7106.21 -153.791
7065.46 -137.861 7119.11 -126.71
7077.78 -94.8501 7130.83 -141.047
7090.67 -131.489 7142.55 -123.524
7101.52 -82.1062 7154.28 -128.303
7113.54 -58.2112 7166.29 -158.57
7126.43 -61.3972 7178.31 -172.907
7138.16 -66.1762 7191.49 -161.756
7148.71 -118.745 7202.05 -169.721
7161.6 -91.6641 7214.35 -120.338
7174.2 -99.6291 7226.95 -113.966
7185.93 -99.6291 7238.09 -145.826
7198.82 -96.4431 7249.81 -125.117
7209.66 -51.8393 7262.7 -145.826
7221.97 -55.0253 7275.59 -129.896
7233.98 -62.9902 7286.72 -125.117
7245.7 -93.2571 7298.74 -129.896
7258.31 -64.5832 7310.75 -164.942
7270.61 -137.861 7323.35 -128.303
7281.16 -123.524 7335.36 -158.57
7294.34 -75.7342 7347.37 -161.756
7306.06 -61.3972 7359.67 -177.686
7318.37 -109.187 7371.68 -129.896
7330.08 -83.6992 7383.1 -145.826
7342.09 -67.7692 7395.41 -166.535
7354.11 -42.2813 7406.54 -137.861
7365.82 -94.8501 7418.84 -172.907
7378.42 -88.4781 7431.43 -158.57
7390.14 -93.2571 7443.15 -187.244
7402.44 -96.4431 7454.57 -139.454
7414.15 -70.9552 7467.16 -144.233
7425.87 -42.2813 7479.76 -137.861
7437.88 -72.5482 7491.18 -128.303
7450.47 -101.222 7503.77 -128.303
7461.89 -120.338 7516.07 -160.163
7474.78 -137.861 7527.49 -160.163
7486.2 -67.7692 7539.78 -163.349
7497.91 -109.187 7551.79 -158.57
7510.5 -90.0711 7562.62 -106.001
7521.92 -77.3272 7575.21 -139.454
7534.51 -91.6641 7588.09 -177.686
7546.52 -64.5832 7599.22 -163.349
7558.52 -58.2112 7611.81 -150.605
7569.36 -66.1762 7623.81 -164.942
7582.24 -77.3272 7636.11 -131.489
7594.24 -104.408 7647.23 -187.244
7606.83 -110.78 7659.82 -156.977
7617.96 -74.1412 7671.53 -188.837
7630.54 -80.5132 7685.28 -168.128
7641.96 -50.2463 7695.82 -123.524
7654.55 -62.9902 7707.82 -163.349
7665.96 -31.1303 7720.11 -121.931
7678.26 -94.8501 7732.11 -113.966
7690.85 -70.9552 7744.7 -187.244
7702.85 -106.001 7756.11 -160.163
7713.67 -113.966 7768.11 -144.233
7725.97 -40.6883 7780.11 -110.78
7739.43 -117.152 7791.52 -144.233
7750.26 -85.2922 7804.69 -134.675
7763.43 -51.8393 7815.52 -150.605
7773.67 -58.2112 7827.81 -150.605
7786.25 -39.0953 7840.39 -136.268
7797.96 -55.0253 7852.09 -171.314
7810.83 -91.6641 7865.26 -115.559
7823.42 -93.2571 7876.38 -147.419
7834.53 -62.9902 7888.08 -112.373
7846.53 -75.7342 7900.07 -137.861
7858.53 -58.2112 7912.65 -123.524
7870.52 -69.3622 7923.48 -133.082
7882.81 -59.8042 7935.47 -137.861
7893.93 -47.0603 7947.76 -158.57
7906.51 -69.3622 7960.34 -153.791
7918.8 -75.7342 7972.91 -158.57
7929.91 -55.0253 7984.03 -176.093
7942.49 -51.8393 7996.9 -152.198
7954.49 -75.7342 8008.89 -128.303
7966.48 -56.6182 8020.59 -113.966
7977.89 -82.1062 8032.58 -109.187
7991.05 -74.1412 8043.7 -117.152
8002.46 -90.0711 8056.86 -168.128
8014.74 -34.3163 8069.14 -174.5
8026.44 -43.8743 8080.55 -174.5
8039.89 -67.7692 8091.66 -109.187
8050.42 -120.338 8104.23 -153.791
8063 -58.2112 8117.98 -161.756
8074.11 -107.594 8128.21 -101.222
8086.98 -77.3272 8141.66 -123.524
8099.55 -85.2922 8152.77 -129.896
8110.96 -47.0603 8164.18 -163.349
8122.65 -67.7692 8177.33 -156.977
8135.23 -85.2922 8188.44 -142.64
8145.75 -86.8852 8201.01 -139.454
8159.2 -62.9902 8213 -129.896
8171.19 -88.4781 8224.99 -134.675
8182.3 -34.3163 8237.27 -131.489
8194.88 -56.6182 8248.96 -156.977
8205.99 -78.9202 8260.94 -85.2922
8218.85 -48.6533 8274.1 -118.745
8230.25 -75.7342 8285.5 -163.349
8242.82 -96.4431 8297.19 -115.559
8254.22 -59.8042 8309.47 -90.0711
8266.21 -93.2571 8321.45 -121.931
8278.78 -88.4781 8333.44 -128.303
8291.35 -91.6641 8345.42 -150.605
8302.75 -88.4781 8356.82 -107.594
8315.32 -93.2571 8370.56 -126.71
8326.13 -98.0361 8381.08 -113.966
8339.28 -93.2571 8393.94 -131.489
8349.51 -99.6291 8405.04 -121.931
8362.96 -56.6182 8417.61 -137.861
8375.23 -77.3272 8429.3 -172.907
8386.63 -91.6641 8440.69 -169.721
8398.03 -18.3864 8454.14 -131.489
8411.18 -59.8042 8466.12 -121.931
8422.58 -69.3622 8477.22 -99.6291
8435.14 -72.5482 8490.37 -121.931
8445.95 -82.1062 8501.77 -131.489
8458.52 -121.931 8514.04 -161.756
8471.09 -102.815 8525.73 -147.419
8482.77 -102.815 8538.29 -147.419
8494.17 -106.001 8549.97 -172.907
8506.73 -39.0953 8561.95 -112.373
8518.42 -40.6883 8574.22 -129.896
8531.28 -94.8501 8585.91 -155.384
8542.09 -107.594 8597.89 -106.001
8555.82 -59.8042 8610.16 -139.454
8566.63 -102.815 8622.13 -137.861
8579.19 -67.7692 8634.4 -161.756
8591.17 -64.5832 8646.09 -125.117
8603.15 -74.1412 8658.35 -110.78
8613.95 -86.8852 8670.62 -131.489
8627.39 -0.863426 8682.31 -137.861
8639.08 -80.5132 8693.7 -134.675
8650.76 -51.8393 8705.97 -158.57
8662.74 -80.5132 8718.24 -149.012
8675.3 -72.5482 8731.38 -117.152
8687.27 -80.5132 8741.89 -144.233
8698.96 -88.4781 8754.45 -161.756
8710.64 -82.1062 8766.42 -133.082
8722.03 -32.7233 8778.69 -164.942
8734.3 -55.0253 8790.95 -139.454
8746.86 -69.3622 8801.76 -201.581
8759.41 -18.3864 8814.32 -214.325
8770.8 -53.4323 8826.58 -230.255
8782.19 -99.6291 8838.56 -206.36
8795.04 -66.1762 8850.23 -235.034
8806.73 -96.4431 8861.92 -214.325
8819.87 -80.5132 8875.06 -206.36
8830.38 -82.1062 8887.32 -203.174
8842.93 -27.9443 8898.71 -182.465
8854.91 -59.8042 8910.09 -185.651
8867.46 -50.2463 8921.77 -190.43
8878.85 -99.6291 8934.91 -149.012
8891.12 -77.3272 8946.59 -180.872
8902.5 -75.7342 8958.56 -142.64
8914.47 -77.3272 8971.7 -145.826
8926.74 -75.7342 8982.5 -198.395
8939 -62.9902 8995.06 -121.931
8950.97 -26.3513 9006.73 -128.303
8962.94 -19.9794 9018.7 -102.815
8975.2 -42.2813 9030.96 -131.489
8986.88 -35.9093 9044.1 -169.721
8999.73 -43.8743 9054.9 -180.872
9009.65 -128.303 9067.45 -163.349
9023.96 -55.0253 9079.13 -199.988
9034.47 -102.815 9091.1 -172.907
9047.02 -45.4673 9103.36 -113.966
9058.7 -19.9794 9114.16 -125.117
9070.37 -21.5724 9128.17 -77.3272
9083.22 16.6595 9139.55 -131.489
9095.19 3.91556 9150.94 -172.907
9107.44 -35.9093 9163.49 -147.419
9119.12 -61.3972 9175.45 -128.303
9131.09 -23.1654 9186.84 -75.7342
9143.05 -74.1412 9199.39 -70.9552
9154.73 5.50855 9210.77 -98.0361
9166.99 -15.2004 9224.49 -115.559
9179.54 34.1825 9235.28 -123.524
9191.8 15.0665 9246.96 -121.931
9203.18 -24.7583 9259.51 -101.222
9215.15 -18.3864 9271.18 -51.8393
9227.11 23.0315 9283.14 -66.1762
9239.37 26.2175 9296.28 -31.1303
9251.34 53.2984 9307.37 -35.9093
9262.43 10.2875 9319.92 -24.7583
9275.27 3.91556 9331.59 -7.23541
9286.07 70.8213 9343.55 -56.6182
9299.2 42.1474 9355.81 -43.8743
9311.45 75.6003 9368.36 -13.6074
9323.13 66.0424 9380.03 -77.3272
9335.09 83.5653 9391.41 -13.6074
9347.06 34.1825 9403.37 53.2984
9360.19 54.8914 9416.5 69.2283
9371.57 56.4844 9428.76 75.6003
9382.36 70.8213 9439.85 80.3793
9395.5 107.46 9452.1 35.7755
9406.58 120.204 9464.65 43.7404
9419.71 99.4952 9476.32 48.5194
9431.97 91.5303 9487.7 62.8564
9443.35 77.1933 9500.54 124.983
9455.89 62.8564 9512.5 126.576
9466.98 104.274 9523.88 180.738
9478.65 83.5653 9536.42 191.889
9491.78 156.843 9548.67 120.204
9503.16 175.959 9560.93 137.727
9516 140.913 9573.18 124.983
9527.67 166.401 9583.98 81.9723
9539.34 163.215 9596.23 117.018
9551.59 195.075 9609.07 188.703
9562.97 158.436 9621.32 212.598
9574.64 179.145 9632.99 222.156
9586.6 212.598 9643.49 226.935
9599.44 209.412 9656.91 230.121
9611.69 271.539 9668.87 233.307
9623.07 239.679 9680.25 191.889
9635.03 260.388 9692.79 191.889
9646.7 276.318 9704.75 183.924
9658.95 274.725 9717 239.679
9671.2 285.876 9728.96 282.69
9683.17 304.992 9740.93 263.574
9695.71 303.399 9753.47 338.444
9707.38 285.876 9765.72 309.771
9719.05 371.897 9777.09 304.992
9731.59 375.083 9789.06 349.595
9742.97 346.409 9801.01 287.469
9755.8 386.234 9813.56 303.399
9768.05 368.711 9825.23 340.037
9779.14 338.444 9837.19 368.711
9791.68 367.118 9849.73 387.827
9803.06 383.048 9860.23 405.35
9815.31 426.059 9873.35 408.536
9826.68 456.326 9885.6 418.094
9839.23 467.477 9896.69 422.873
9852.35 432.431 9909.52 448.361
9862.56 483.407 9922.06 405.35
9874.81 483.407 9933.73 478.628
9887.64 504.116 9945.4 449.954
9899.9 523.232 9957.36 470.663
9911.56 558.278 9969.61 518.453
9922.65 547.127 9981.27 485
9935.77 561.464 9994.11 521.639
9948.61 575.801 10006.1 547.127
9958.81 614.033 10017.7 555.092
9971.65 620.405 10030.3 615.626
9983.02 668.194 10041.6 569.429
9995.27 629.963 10054.8 543.941
10007.5 610.847 10065.6 618.812
10018.6 663.415 10077.8 551.906
10030.8 735.1 10090.6 607.661
10043.7 744.658 10102 626.777
10055.1 754.216 10114.6 639.521
10068.2 743.065 10125.6 690.496
10079.9 751.03 10137.6 725.542
10092.4 757.402 10149.6 719.17
10103.5 762.181 10161.8 714.391
10114.3 816.343 10174 711.205
10127.7 833.866 10186 744.658
10139.4 817.936 10197.7 744.658
10151 830.68 10210.2 795.634
10163.9 833.866 10222.5 751.03
10174.9 867.319 10234.4 838.645
10187.2 894.4 10247 846.61
10199.7 857.761 10258.9 886.435
10210.8 948.562 10270.9 849.796
10223.6 913.516 10282.6 781.297
10235.6 988.386 10294.2 787.669
10247.6 975.642 10306.2 790.855
10259.5 1009.1 10319.3 802.006
10271.5 1056.89 10330.4 932.632
10284 1048.92 10342.9 894.4
10296 1090.34 10354.6 942.19
10307.3 1134.94 10366.8 942.19
10319.3 1079.19 10379.1 911.923
10331.5 1106.27 10391.3 940.597
10343.2 1111.05 10403 994.758
10355.5 1176.36 10415.5 999.537
10367.1 1227.34 10426.6 1007.5
10379.7 1233.71 10438.6 1023.43
10391.3 1249.64 10450.5 1107.86
10403.9 1279.9 10463.1 1128.57
10415.3 1224.15 10474.4 1115.83
10426.9 1203.44 10487.3 1130.16
10438.9 1225.74 10499.2 1119.01
10451.1 1297.43 10510.9 1166.8
10463.1 1287.87 10523.5 1134.94
10475.3 1346.81 10535.4 1213
10486.7 1386.64 10546.5 1201.85
10499.8 1367.52 10559 1251.23
10511.5 1396.19 10571.6 1249.64
10522.6 1369.11 10583.5 1240.08
10536.3 1369.11 10595.8 1283.09
10546.8 1377.08 10607.4 1267.16
10559 1431.24 10619.1 1248.04
10571.3 1424.87 10631.4 1340.44
10583.5 1451.95 10643 1337.25
10595.2 1499.74 10655.3 1399.38
10606.9 1520.45 10667.2 1464.69
10620 1579.39 10679.5 1466.28
10631.1 1576.2 10692.3 1431.24
10644.5 1566.64 10703.4 1424.87
10655.6 1608.06 10715.4 1415.31
10668.1 1571.42 10727.9 1467.88
10679.5 1641.51 10739.6 1499.74
10691.1 1670.19 10751.5 1534.78
10703.1 1694.08 10763.8 1635.14
10715.9 1768.95 10777.2 1654.26
10728.2 1797.63 10787.4 1631.96
10739 1746.65 10799.9 1652.67
10750.9 1757.8 10812.2 1643.11
10763.2 1776.92 10823 1635.14
10776.3 1748.24 10836.7 1692.49
10787.4 1861.35 10848.4 1668.6
10799.1 1909.14 10860.6 1815.15
10812.2 1904.36 10872.3 1792.85
10823.6 1963.3 10883.6 1832.67
10834.6 1936.22 10896.5 1872.5
10847.5 1896.39 10908.5 1802.41
10858.9 1964.89 10920.4 1827.89
10871.4 1987.19 10933 1839.05
10883.6 1991.97 10944.3 1866.13
10895.6 2062.06 10956.9 1894.8
10907.6 2062.06 10968.3 1991.97
10920.4 2101.89 10980.2 2025.43
10930.6 2138.53 10993 2049.32
10943.7 2164.02 11005.3 2047.73
10955.7 2160.83 11016.4 1995.16
10968 2208.62 11028.9 2019.05
10979.9 2165.61 11040.6 2055.69
10991.6 2213.4 11053.1 2103.48
11002.4 2250.04 11064.5 2184.73
11016.1 2286.68 11076.2 2202.25
11028 2326.5 11088.7 2224.55
11039.7 2377.48 11101 2265.97
11052.5 2410.93 11112.6 2242.07
11063.9 2398.19 11125.8 2210.21
11075 2371.11 11137.4 2246.85
11087.3 2367.92 11148.8 2251.63
11099.8 2377.48 11161.4 2254.82
11111.2 2430.05 11173.3 2358.36
11124 2498.55 11185.3 2430.05
11135.4 2509.7 11196.1 2423.67
11147.6 2568.64 11210.4 2466.69
11159 2611.65 11222 2519.25
11171.6 2608.46 11234.3 2546.34
11184.1 2613.24 11245.4 2477.84
11196.4 2632.36 11257.6 2495.36
11207.5 2656.25 11269.6 2578.2
11220 2707.23 11282.1 2600.5
11231.7 2743.87 11293.2 2667.4
11243.4 2762.98 11305.5 2762.98
11255.3 2850.6 11317.5 2727.94
11267.6 2833.07 11330 2726.34
11279.5 2880.86 11343.1 2759.8
11291.2 2936.62 11353.9 2723.16
11303.2 2960.51 11366.5 2769.35
11314.8 2947.77 11377.9 2786.88
11327.7 3068.84 11390.7 2863.34
11340.2 3036.98 11402.1 2941.4
11350.7 3033.79 11412.9 2960.51
11363.3 3154.86 11426.9 3005.12
11376.4 3150.08 11438 3025.83
11387.5 3145.3 11449.6 2992.37
11398.9 3226.54 11462.8 2993.97
11411.7 3159.64 11473.9 3019.46
11422.8 3239.29 11486.1 3046.54
11434.8 3271.15 11498.7 3079.99
11447.9 3256.81 11510.9 3095.92
11460.7 3341.24 11522.6 3123
11471.5 3326.9 11534.9 3215.39
11482.9 3360.36 11547.1 3223.36
11496.1 3389.03 11558.8 3213.8
11508 3452.75 11570.8 3201.06
11519.7 3483.02 11583.3 3261.59
11531.7 3529.21 11594.7 3304.6
11543.9 3516.47 11606.9 3331.68
11555.9 3557.89 11619.8 3336.46
11566.7 3561.07 11630.6 3440.01
11578.9 3583.38 11642.8 3486.2
11592.1 3674.18 11655.7 3444.78
11603.2 3696.48 11667.1 3463.9
11614.8 3763.38 11679.3 3492.57
11627.4 3860.56 11691 3521.25
11639.4 3782.5 11703.3 3581.78
11650.7 3841.44 11715.5 3631.16
11663.6 3857.37 11727.2 3674.18
11676.7 3881.27 11739.5 3734.71
11687.8 3898.79 11751.4 3720.37
11699.2 4038.97 11763.7 3723.56
11711.7 4045.34 11776 3742.67
11724 4160.04 11787.9 3803.21
11736 4190.31 11799.9 3865.33
11746.8 4164.82 11811.9 3935.43
11759.3 4238.1 11823.8 3980.03
11772.2 4174.38 11837.3 4008.7
11783.3 4187.12 11849 4023.04
11794.4 4244.47 11860.6 4015.08
11808.9 4258.8 11872.9 4024.63
11819.8 4292.26 11883.7 4072.42
11831.4 4443.59 11897.1 4132.96
11842.8 4456.34 11908.5 4203.05
11856 4521.65 11920.8 4242.87
11867.4 4542.36 11932.2 4295.44
11879.9 4473.86 11944.1 4344.83
11892.5 4457.93 11957.6 4365.54
11903.3 4461.12 11969.8 4365.54
11915.8 4505.72 11982.7 4427.66
11927.8 4642.72 11994.4 4316.15
11940 4752.63 12000.2 4419.7
11952 4720.77 11987.4 4449.96
11963.4 4671.39 11974.8 4591.74
