6012.44 -43.8743 6024.49 -75.7342
6003.63 -82.1062 6036.53 -83.6992
6000.99 -62.9902 6048.58 -117.152
6008.04 -51.8393 6060.62 -128.303
6019.49 -42.2813 6071.49 -82.1062
6031.54 -66.1762 6084.42 -120.338
6043.59 -23.1654 6095.88 -75.7342
6054.75 -48.6533 6108.8 -102.815
6068.26 -102.815 6120.26 -67.7692
6080.31 -78.9202 6132.59 -70.9552
6091.76 -77.3272 6144.05 -75.7342
6104.69 -75.7342 6156.09 -37.5023
6116.44 -77.3272 6168.43 -72.5482
6127.89 -53.4323 6180.47 -113.966
6140.23 -55.0253 6192.81 -77.3272
6152.86 -26.3513 6205.43 -136.268
6164.61 -45.4673 6216.01 -131.489
6176.65 -23.1654 6228.63 -78.9202
6187.81 -78.9202 6240.97 -107.594
6200.73 -115.559 6253.6 -47.0603
6212.48 -55.0253 6264.17 -61.3972
6225.7 -39.0953 6276.21 -104.408
6236.56 -34.3163 6287.95 -118.745
6248.6 -31.1303 6300.58 -110.78
6261.53 -47.0603 6313.21 -106.001
6272.39 -61.3972 6324.37 -123.524
6285.02 -62.9902 6336.11 -72.5482
6297.65 -98.0361 6348.73 -117.152
6309.39 -88.4781 6361.36 -80.5132
6320.84 -67.7692 6372.81 -66.1762
6332.29 -70.9552 6385.14 -50.2463
6344.92 -16.7934 6396.89 -67.7692
6356.96 -61.3972 6408.92 -112.373
6368.99 -59.8042 6420.96 -72.5482
6381.62 -32.7233 6433.29 -129.896
6393.07 -51.8393 6445.62 -102.815
6404.81 -62.9902 6457.65 -47.0603
6416.55 -75.7342 6468.81 -109.187
6428.3 -88.4781 6481.43 -93.2571
6441.22 -69.3622 6492.88 -102.815
6452.37 -31.1303 6505.2 -101.222
6465.58 -67.7692 6517.53 -118.745
6476.44 -88.4781 6528.69 -107.594
6489.06 -43.8743 6541.01 -101.222
6500.8 -53.4323 6553.05 -112.373
6513.42 -104.408 6565.66 -93.2571
6524.58 -83.6992 6577.11 -75.7342
6537.49 -50.2463 6589.14 -62.9902
6549.52 -55.0253 6601.47 -77.3272
6561.26 -74.1412 6613.5 -117.152
6573 -107.594 6625.24 -93.2571
6584.74 -53.4323 6638.15 -82.1062
6597.95 -34.3163 6648.71 -118.745
6609.39 -51.8393 6661.62 -112.373
6620.83 -47.0603 6674.24 -90.0711
6633.16 -40.6883 6685.09 -93.2571
6645.19 -70.9552 6698 -86.8852
6657.22 -64.5832 6709.44 -56.6182
6669.25 -56.6182 6722.06 -56.6182
6682.45 -58.2112 6734.09 -75.7342
6693.02 -66.1762 6745.82 -125.117
6705.63 -56.6182 6758.44 -101.222
6717.66 -64.5832 6769.59 -118.745
6729.1 -26.3513 6782.49 -96.4431
6742.01 -35.9093 6794.23 -123.524
6754.33 -93.2571 6805.96 -88.4781
6765.48 -74.1412 6818.28 -67.7692
6777.21 -72.5482 6829.13 -51.8393
6789.83 -72.5482 6842.03 -85.2922
6801.27 -98.0361 6854.06 -69.3622
6813 -50.2463 6865.2 -104.408
6826.78 -67.7692 6878.4 -86.8852
6837.93 -80.5132 6890.13 -66.1762
6850.54 -62.9902 6902.74 -62.9902
6861.98 -48.6533 6914.47 -145.826
6873.71 -53.4323 6925.61 -104.408
6885.73 -83.6992 6937.64 -77.3272
6897.76 -64.5832 6949.95 -82.1062
6909.49 -93.2571 6961.39 -72.5482
6921.51 -42.2813 6974 -82.1062
6933.53 -85.2922 6986.6 -153.791
6945.85 -37.5023 6998.33 -85.2922
6957.58 -64.5832 7010.64 -69.3622
6969.01 -91.6641 7022.37 -72.5482
6982.5 -37.5023 7035.27 -125.117
6994.81 -45.4673 7045.24 -72.5482
7005.37 -66.1762 7057.84 -125.117
7017.09 -53.4323 7070.45 -107.594
7030.58 -94.8501 7082.76 -82.1062
7042.01 -91.6641 7093.9 -91.6641
7053.44 -58.2112 7106.5 -118.745
7066.05 -64.5832 7117.93 -117.152
7078.07 -53.4323 7130.54 -55.0253
7090.09 -4.04942 7142.55 -94.8501
7101.81 -31.1303 7154.86 -75.7342
7114.12 -75.7342 7166.59 -55.0253
7126.43 5.50855 7178.01 -117.152
7137.28 -62.9902 7191.2 -88.4781
7150.17 -74.1412 7202.92 -107.594
7161.6 -78.9202 7214.35 -99.6291
7173.62 -80.5132 7226.07 -101.222
7186.81 -50.2463 7239.55 -40.6883
7197.65 -70.9552 7251.27 -93.2571
7209.66 -53.4323 7263.29 -77.3272
7222.26 2.32256 7275.01 -107.594
7234.28 -32.7233 7286.43 -113.966
7245.7 -69.3622 7298.44 -107.594
7258.01 -45.4673 7311.04 -82.1062
7270.03 -75.7342 7323.05 -104.408
7282.04 -5.64241 7334.48 -85.2922
7293.76 -32.7233 7346.78 -102.815
7305.77 -29.5373 7358.79 -85.2922
7318.07 -43.8743 7371.1 -67.7692
7330.08 -110.78 7382.52 -94.8501
7341.51 -55.0253 7395.99 -67.7692
7354.69 -67.7692 7406.54 -98.0361
7366.11 -64.5832 7418.55 -118.745
7378.13 -75.7342 7432.02 -118.745
7390.14 -56.6182 7443.44 -78.9202
7401.27 -69.3622 7454.86 -90.0711
7414.45 -50.2463 7467.75 -69.3622
7426.75 -82.1062 7478.88 -35.9093
7438.17 -75.7342 7491.47 -118.745
7450.76 -43.8743 7503.77 -61.3972
7462.77 -27.9443 7515.19 -109.187
7473.9 -51.8393 7527.19 -99.6291
7487.37 -90.0711 7538.61 -120.338
7497.91 -69.3622 7552.38 -98.0361
7510.5 -56.6182 7563.5 -83.6992
7522.51 -43.8743 7575.8 -90.0711
7533.93 -31.1303 7588.09 -147.419
7545.64 -31.1303 7598.34 -66.1762
7558.23 -48.6533 7611.51 -94.8501
7571.41 -13.6074 7623.52 -66.1762
7581.95 -88.4781 7635.23 -67.7692
7593.36 -66.1762 7647.52 -113.966
7606.25 -86.8852 7659.82 -112.373
7617.96 -27.9443 7670.65 -85.2922
7629.96 -42.2813 7683.82 -98.0361
7641.96 -42.2813 7696.11 -72.5482
7654.84 -27.9443 7708.11 -83.6992
7666.84 -45.4673 7719.53 -86.8852
7677.38 -93.2571 7731.82 -91.6641
7690.85 -93.2571 7744.11 -75.7342
7702.55 -43.8743 7755.82 -91.6641
7714.85 -55.0253 7768.11 -90.0711
7726.26 -85.2922 7779.82 -48.6533
7738.26 -64.5832 7791.81 -94.8501
7749.97 -42.2813 7805.86 -86.8852
7763.14 -55.0253 7815.81 -144.233
7774.55 -93.2571 7827.51 -137.861
7785.96 -50.2463 7840.1 -85.2922
7798.55 -53.4323 7852.38 -113.966
7810.83 -86.8852 7863.79 -64.5832
7821.37 -77.3272 7877.25 -64.5832
7834.53 -74.1412 7888.66 -88.4781
7846.53 -72.5482 7900.07 -109.187
7859.41 -48.6533 7912.07 -112.373
7869.65 -34.3163 7924.36 -99.6291
7883.1 -32.7233 7936.35 -74.1412
7894.22 -42.2813 7947.76 -115.559
7906.22 -59.8042 7961.21 -77.3272
7918.21 -102.815 7971.74 -91.6641
7929.91 -70.9552 7983.74 -104.408
7942.78 -77.3272 7996.61 -107.594
7953.9 -58.2112 8009.18 -78.9202
7966.77 -74.1412 8020.88 -85.2922
7979.35 -59.8042 8032.88 -102.815
7990.47 -48.6533 8044.57 -110.78
8002.75 -55.0253 8056.27 -86.8852
8013.86 -53.4323 8069.14 -94.8501
8026.15 -26.3513 8080.25 -112.373
8039.89 -58.2112 8091.95 -102.815
8050.13 -59.8042 8104.52 -51.8393
8062.41 -42.2813 8117.1 -99.6291
8074.7 -75.7342 8128.21 -70.9552
8086.69 -48.6533 8140.49 -115.559
8099.55 -50.2463 8152.77 -96.4431
8110.96 -67.7692 8165.35 -78.9202
8122.65 -80.5132 8177.04 -106.001
8134.94 -86.8852 8189.03 -61.3972
8145.75 -66.1762 8200.72 -99.6291
8158.91 -82.1062 8213 -104.408
8170.32 -69.3622 8224.7 -86.8852
8183.18 -59.8042 8236.68 -121.931
8195.46 -32.7233 8248.67 -99.6291
8206.57 -40.6883 8261.53 -70.9552
8218.56 -43.8743 8273.81 -106.001
8230.54 -74.1412 8285.79 -59.8042
8243.11 -80.5132 8297.19 -83.6992
8254.81 -80.5132 8309.76 -94.8501
8266.79 -50.2463 8321.45 -85.2922
8278.78 -39.0953 8333.15 -72.5482
8290.76 -24.7583 8345.42 -115.559
8303.04 -77.3272 8357.7 -56.6182
8315.02 -27.9443 8369.39 -98.0361
8325.84 -59.8042 8381.08 -96.4431
8338.99 -104.408 8393.64 -86.8852
8350.1 -72.5482 8405.33 -35.9093
8363.25 -88.4781 8417.61 -72.5482
8374.35 -64.5832 8430.17 -37.5023
8386.05 -45.4673 8441.57 -102.815
8398.03 -72.5482 8454.14 -77.3272
8410.89 -58.2112 8464.95 -64.5832
8423.45 -61.3972 8477.81 -96.4431
8434.85 -50.2463 8489.49 -110.78
8445.95 -18.3864 8500.89 -99.6291
8459.1 -21.5724 8514.04 -69.3622
8471.09 -67.7692 8525.73 -74.1412
8482.48 -37.5023 8538 -93.2571
8494.46 -40.6883 8549.97 -121.931
8507.32 -62.9902 8561.95 -80.5132
8519 -61.3972 8573.64 -96.4431
8530.69 -50.2463 8586.49 -109.187
8542.38 -91.6641 8597.89 -96.4431
8554.06 -43.8743 8610.45 -134.675
8566.92 -55.0253 8621.26 -58.2112
8578.31 -85.2922 8634.4 -118.745
8591.46 -47.0603 8645.8 -53.4323
8601.98 -83.6992 8658.35 -83.6992
8614.83 -62.9902 8669.75 -77.3272
8627.39 -64.5832 8681.43 -98.0361
8638.78 -66.1762 8694.58 -99.6291
8650.76 -32.7233 8706.26 -102.815
8662.74 -56.6182 8718.53 -123.524
8675.3 -72.5482 8730.5 -66.1762
8688.15 -27.9443 8741.89 -78.9202
8698.96 -56.6182 8754.45 -69.3622
8712.1 -59.8042 8766.13 -27.9443
8722.61 -77.3272 8778.69 -96.4431
8734.88 -62.9902 8790.08 -101.222
8746.86 -64.5832 8802.64 -101.222
8759.12 -51.8393 8814.61 -120.338
8770.51 -53.4323 8826.29 -115.559
8782.78 -42.2813 8839.14 -121.931
8794.75 -67.7692 8850.53 -101.222
8807.89 -72.5482 8862.79 -83.6992
8819.57 -39.0953 8874.47 -67.7692
8830.67 -34.3163 8887.61 -101.222
8844.1 -13.6074 8899 -88.4781
8854.03 -48.6533 8911.55 -136.268
8867.17 -66.1762 8922.94 -142.64
8878.56 -62.9902 8934.91 -125.117
8891.41 -101.222 8947.17 -164.942
8903.67 -62.9902 8958.27 -110.78
8914.77 -83.6992 8971.12 -83.6992
8927.91 -59.8042 8983.38 -90.0711
8938.42 -24.7583 8995.06 -88.4781
8951.55 -47.0603 9007.61 -115.559
8962.94 -66.1762 9018.7 -102.815
8974.91 -55.0253 9030.09 -112.373
8986.59 -18.3864 9043.52 -133.082
8999.43 -106.001 9055.19 -152.198
9011.11 -43.8743 9066.58 -94.8501
9023.66 -64.5832 9079.42 -94.8501
9035.05 -40.6883 9091.39 -39.0953
9046.73 -23.1654 9103.36 -5.64241
9059.28 -31.1303 9115.03 -29.5373
9070.37 -27.9443 9127.29 -42.2813
9083.22 -37.5023 9139.55 -47.0603
9094.89 -16.7934 9151.81 -58.2112
9107.74 -56.6182 9163.49 -56.6182
9120.87 -16.7934 9175.45 -32.7233
9130.21 -19.9794 9187.13 -43.8743
9143.05 -15.2004 9198.8 -27.9443
9155.02 -16.7934 9211.35 -13.6074
9166.99 10.2875 9223.61 -26.3513
9179.25 -51.8393 9235.58 -13.6074
9190.63 -7.23541 9248.42 -2.45642
9203.47 7.10155 9259.8 -66.1762
9214.85 -51.8393 9271.18 -5.64241
9227.7 19.8455 9283.14 -31.1303
9239.66 21.4385 9295.99 16.6595
9251.63 5.50855 9307.95 -5.64241
9263.01 26.2175 9320.5 48.5194
9275.27 18.2525 9331.01 32.5895
9287.82 85.1583 9343.55 5.50855
9299.49 54.8914 9356.1 24.6245
9310.58 43.7404 9367.77 59.6704
9322.54 37.3684 9380.32 13.4735
9334.51 42.1474 9391.7 40.5544
9347.35 42.1474 9404.25 99.4952
9358.44 83.5653 9416.21 96.3093
9371.57 30.9965 9428.18 97.9023
9383.53 81.9723 9440.14 81.9723
9395.79 110.646 9451.81 62.8564
9407.46 91.5303 9464.36 75.6003
9419.13 145.692 9476.9 140.913
9431.68 67.6354 9488.57 129.762
9442.76 144.099 9500.24 126.576
9455.31 145.692 9512.21 171.18
9467.27 167.994 9523.88 195.075
9479.24 148.878 9536.71 123.39
9491.78 182.331 9548.09 123.39
9502.87 169.587 9560.64 169.587
9515.42 183.924 9572.89 163.215
9527.09 188.703 9584.27 158.436
9539.34 183.924 9596.52 169.587
9550.72 211.005 9609.07 203.04
9562.97 187.11 9620.74 230.121
9574.64 215.784 9632.7 222.156
9587.77 263.574 9645.24 231.714
9598.86 212.598 9657.2 252.423
9611.69 255.609 9668.87 242.865
9623.65 290.655 9681.12 166.401
9635.61 260.388 9692.5 241.272
9647.28 241.272 9704.46 250.83
9658.66 265.167 9716.71 250.83
9671.79 293.841 9728.67 297.027
9682.58 322.515 9741.22 338.444
9695.42 375.083 9752.59 300.213
9707.96 325.701 9764.55 360.746
9719.05 344.816 9776.51 335.259
9731.3 392.606 9789.06 306.585
9742.97 375.083 9801.6 362.339
9754.64 352.781 9813.26 363.932
9767.18 355.967 9824.93 386.234
9779.43 384.641 9837.19 402.164
9790.81 449.954 9849.14 408.536
9803.64 456.326 9861.1 398.978
9815.02 464.291 9873.65 400.571
9828.43 469.07 9885.6 360.746
9838.94 481.814 9896.69 408.536
9851.48 508.895 9908.94 465.884
9864.31 459.512 9921.19 480.221
9874.81 475.442 9933.15 521.639
9887.64 504.116 9945.98 502.523
9899.32 561.464 9957.06 510.488
9911.56 574.208 9970.19 505.709
9924.11 575.801 9981.27 481.814
9934.61 596.51 9993.52 473.849
9946.85 574.208 10006.1 539.162
9959.11 551.906 10017.1 496.151
9971.36 586.952 10030.3 571.022
9983.9 618.812 10041.6 647.486
9995.27 634.742 10053.9 602.882
10007.2 634.742 10066.4 672.973
10019.2 685.717 10077.5 722.356
10031.1 712.798 10090.4 663.415
10044 738.286 10102.3 665.008
10055.6 749.437 10114.6 644.299
10067 736.693 10125.9 668.194
10079.3 768.553 10138.2 741.472
10091.8 811.564 10150.1 744.658
10103.5 774.925 10162.4 741.472
10115.4 787.669 10173.5 824.308
10126.8 840.238 10186.3 787.669
10139.9 848.203 10198.3 841.831
10152.2 873.691 10209.9 781.297
10163.9 903.958 10222.8 774.925
10175.2 916.702 10233.3 867.319
10187.5 934.225 10246.1 856.168
10199.7 905.551 10258.9 873.691
10211.4 932.632 10270 902.365
10223.3 969.27 10283.1 913.516
10234.7 978.828 10294.2 889.621
10247.8 951.748 10307.1 962.898
10259.8 1042.55 10318.7 881.656
10271.8 1029.8 10330.4 951.748
10283.7 1052.11 10342.9 985.2
10294.8 1029.8 10354.3 983.607
10307.1 1058.48 10366.8 1090.34
10319.9 1088.75 10378.8 1093.52
10331.5 1072.82 10391.3 1096.71
10343.5 1074.41 10402.4 1125.38
10355.8 1119.01 10414.4 1052.11
10366.8 1182.73 10426.9 1064.85
10378.8 1163.62 10439.2 1103.08
10391.3 1230.52 10451.4 1177.95
10403.9 1238.49 10462.5 1227.34
10416.1 1238.49 10476.2 1256.01
10426.9 1299.02 10486.4 1267.16
10439.7 1262.38 10499.2 1294.24
10451.4 1273.53 10510.9 1270.35
10462.5 1305.39 10522.9 1260.79
10475.3 1338.85 10536 1271.94
10487 1359.55 10547.4 1322.92
10499.2 1380.26 10558.5 1338.85
10512.4 1385.04 10571.3 1380.26
10523.2 1453.54 10582.9 1394.6
10535.7 1413.72 10595.2 1477.44
10548 1442.39 10607.7 1480.62
10559 1447.17 10619.4 1445.58
10572.5 1486.99 10631.6 1483.81
10583.2 1512.48 10642.4 1451.95
10596.1 1530 10655 1426.46
10607.4 1534.78 10667.2 1459.91
10619.1 1552.31 10679.8 1525.23
10631.4 1579.39 10692.3 1518.85
10643.9 1574.61 10703.4 1596.91
10655.6 1684.53 10715.6 1620.81
10667.5 1657.44 10728.2 1623.99
10678.9 1647.89 10739.3 1576.2
10690.9 1668.6 10752.1 1552.31
10702.8 1692.49 10764.1 1604.88
10715.4 1676.56 10776 1601.69
10727.9 1751.43 10787.7 1617.62
10738.7 1730.72 10799.4 1789.66
10751.8 1786.48 10811.6 1770.55
10763.5 1848.6 10823.9 1789.66
10775.1 1869.31 10836.4 1794.44
10787.4 1872.5 10848.1 1789.66
10798.8 1842.23 10859.4 1813.56
10811.6 1859.75 10872.9 1824.71
10823.9 1896.39 10883.6 1815.15
10835.5 1904.36 10897.4 1862.94
10846.9 1939.4 10907.6 1931.44
10858.9 2036.58 10921.3 1941
10871.7 2046.13 10933.2 1998.35
10882.8 2097.11 10945.5 2011.09
10895.6 2148.09 10956 2031.8
10907.3 2124.19 10969.1 2046.13
10919 2140.12 10980.5 2085.96
10930.9 2108.26 10993 2079.59
10944 2082.77 11004.7 2089.15
10955.7 2179.95 11017.3 2119.41
10968.3 2208.62 11028.6 2141.71
10980.8 2258 11041.2 2248.45
10991 2320.13 11052.5 2253.22
11004.1 2336.06 11065.4 2221.36
11015.8 2307.39 11076.8 2218.18
11028 2313.76 11088.7 2229.33
11040 2267.56 11101 2265.97
11051.7 2308.98 11112.6 2264.38
11063.3 2355.18 11124.9 2288.27
11075.6 2344.03 11137.1 2377.48
11087.6 2399.78 11149.1 2444.38
11099.5 2471.46 11161.7 2415.71
11112.1 2509.7 11173.3 2398.19
11124.3 2579.79 11184.7 2430.05
11135.1 2581.38 11197.8 2465.09
11148.2 2576.6 11209.2 2493.77
11159 2559.08 11222.6 2490.58
11170.7 2559.08 11234 2578.2
11184.4 2637.14 11246 2547.93
11195.5 2713.6 11257.9 2597.31
11207.5 2713.6 11269.6 2662.62
11220.3 2839.45 11282.4 2681.74
11231.1 2802.81 11293.5 2712.01
11243.6 2798.03 11306.1 2727.94
11255.9 2858.56 11317.8 2747.05
11267 2820.33 11330 2774.13
11279.2 2869.71 11342.5 2834.67
11291.2 3003.52 11353.9 2805.99
11303.8 2995.56 11366.2 2836.26
11314.8 3062.47 11378.1 2853.78
11327.4 3073.62 11389.2 2856.97
11340.2 3068.84 11403 2941.4
11351.6 3097.51 11413.8 2955.74
11363.6 3138.93 11425.7 2978.04
11375.5 3110.26 11438.6 3024.23
11387.5 3199.46 11449.9 3059.28
11400.6 3210.61 11461.3 3038.57
11411.4 3237.7 11474.2 3076.8
11424 3310.97 11486.4 3064.06
11435.4 3303.01 11498.1 3048.13
11448.2 3293.45 11510.4 3164.42
11460.4 3347.61 11522 3150.08
11471 3342.83 11534 3226.54
11483.2 3419.3 11545.7 3282.3
11495.8 3425.67 11559.4 3264.78
11507.1 3384.25 11571.3 3326.9
11520 3483.02 11582.7 3323.72
11531.9 3549.92 11594.1 3247.25
11543.3 3549.92 11606.7 3320.53
11555.3 3570.63 11619.2 3328.5
11567.8 3600.9 11631.5 3373.1
11579.8 3602.49 11643.4 3479.83
11592.4 3683.73 11655.4 3483.02
11603.2 3682.14 11667.7 3527.62
11615.1 3774.53 11680.5 3578.6
11627.7 3849.41 11691.9 3586.56
11640.2 3874.89 11703.6 3653.47
11651.9 3911.53 11715.5 3632.76
11663.3 3940.21 11728.1 3650.28
11675.5 3860.56 11739.5 3739.49
11687.2 3991.18 11752 3793.65
11700.1 4013.48 11763.7 3831.88
11711.7 3981.62 11776 3908.35
11723.7 4118.62 11788.2 3930.65
11736 4140.92 11799.6 3914.72
11747.4 4117.03 11812.2 3976.84
11759.6 4217.39 11824.4 3932.24
11771.9 4214.2 11835.5 3930.65
11783.8 4198.27 11847.8 4000.74
11795.8 4277.92 11860.9 4005.52
11807.5 4258.8 11872 4134.55
11820.3 4340.05 11884 4190.31
11831.7 4392.62 11897.1 4174.38
11843.4 4400.58 11909.1 4258.8
11855.4 4485.01 11920.8 4193.49
11867.9 4545.54 11933 4252.43
11879.9 4528.02 11945 4320.93
11891.6 4575.81 11957.6 4282.7
11903.3 4547.14 11970.7 4309.78
11915.8 4518.46 11983 4416.51
11927.5 4539.17 11993.5 4398.99
11938.6 4594.93 11999.3 4497.75
11951.4 4714.4 11988.5 4563.07
11964.3 4628.38 11974.8 4625.19
