6013.03 -118.745 6024.78 -91.6641
6004.51 -125.117 6036.53 -34.3163
5999.81 -75.7342 6047.99 -83.6992
6008.63 -112.373 6060.33 -70.9552
6019.2 -83.6992 6072.67 -24.7583
6030.95 -82.1062 6084.71 -72.5482
6043.59 -66.1762 6096.17 -37.5023
6055.34 -99.6291 6108.21 -102.815
6068.26 -56.6182 6120.84 -61.3972
6079.72 -88.4781 6132.59 -53.4323
6091.76 -91.6641 6143.75 -67.7692
6104.69 -106.001 6156.38 -4.04942
6115.56 -113.966 6167.55 -78.9202
6128.77 -86.8852 6181.35 -66.1762
6140.23 -96.4431 6192.81 -64.5832
6152.86 -69.3622 6205.14 -99.6291
6164.9 -109.187 6216.01 -94.8501
6176.36 -77.3272 6228.63 -75.7342
6188.69 -126.71 6240.38 -80.5132
6201.03 -113.966 6253.01 -48.6533
6212.48 -83.6992 6264.46 -77.3272
6224.23 -120.338 6277.09 -35.9093
6235.98 -78.9202 6288.84 -90.0711
6248.9 -53.4323 6300.29 -69.3622
6260.94 -75.7342 6312.33 -85.2922
6272.1 -106.001 6325.25 -53.4323
6284.43 -96.4431 6336.7 -66.1762
6296.18 -102.815 6348.44 -115.559
6308.8 -112.373 6360.19 -109.187
6320.55 -78.9202 6372.81 -56.6182
6332.59 -131.489 6384.55 -82.1062
6344.63 -96.4431 6397.18 -82.1062
6356.96 -109.187 6408.92 -99.6291
6368.99 -91.6641 6421.55 -126.71
6381.62 -72.5482 6432.99 -101.222
6392.48 -126.71 6445.03 -129.896
6405.11 -102.815 6456.77 -53.4323
6416.85 -94.8501 6469.1 -115.559
6429.47 -75.7342 6480.55 -77.3272
6440.92 -86.8852 6492.58 -21.5724
6452.96 -78.9202 6505.2 -61.3972
6464.99 -102.815 6517.24 -94.8501
6477.32 -86.8852 6528.39 -61.3972
6490.24 -83.6992 6541.89 -82.1062
6501.68 -142.64 6553.34 -62.9902
6511.95 -120.338 6565.37 -101.222
6524.58 -109.187 6577.4 -75.7342
6537.78 -134.675 6589.44 -77.3272
6549.52 -123.524 6600.59 -58.2112
6560.68 -75.7342 6612.91 -99.6291
6572.41 -80.5132 6624.94 -120.338
6585.33 -113.966 6638.73 -42.2813
6597.07 -117.152 6649 -142.64
6609.68 -93.2571 6661.62 -101.222
6621.13 -172.907 6673.06 -56.6182
6632.87 -59.8042 6685.68 -59.8042
6645.19 -70.9552 6697.12 -70.9552
6657.51 -74.1412 6709.74 -34.3163
6669.54 -86.8852 6722.65 -67.7692
6681.87 -75.7342 6733.21 -66.1762
6693.9 -117.152 6745.24 -72.5482
6705.04 -136.268 6758.14 -67.7692
6717.95 -115.559 6770.17 -58.2112
6729.4 -98.0361 6781.61 -128.303
6741.72 -110.78 6793.64 -98.0361
6752.57 -69.3622 6805.96 -90.0711
6765.77 -85.2922 6816.81 -112.373
6777.8 -147.419 6829.13 -82.1062
6789.53 -77.3272 6841.74 -58.2112
6801.27 -93.2571 6854.35 -67.7692
6813.58 -99.6291 6866.38 -77.3272
6825.32 -69.3622 6878.11 -69.3622
6838.22 -102.815 6889.84 -64.5832
6849.07 -80.5132 6901.86 -86.8852
6861.98 -98.0361 6914.47 -83.6992
6873.41 -75.7342 6925.91 -93.2571
6884.85 -93.2571 6937.64 -96.4431
6897.76 -107.594 6950.25 -88.4781
6909.49 -98.0361 6961.97 -27.9443
6921.8 -93.2571 6974.29 -58.2112
6934.12 -115.559 6986.02 -58.2112
6945.85 -110.78 6998.63 -55.0253
6957.87 -80.5132 7010.06 -82.1062
6969.89 -93.2571 7022.66 -106.001
6981.62 -104.408 7034.98 -93.2571
6993.64 -104.408 7046.7 -50.2463
7005.95 -62.9902 7058.14 -82.1062
7017.39 -62.9902 7070.45 -72.5482
7030.29 -109.187 7083.05 -88.4781
7041.72 -77.3272 7094.48 -78.9202
7053.44 -72.5482 7107.38 -90.0711
7064.59 -120.338 7118.52 -70.9552
7078.66 -83.6992 7130.54 -50.2463
7089.8 -125.117 7141.97 -55.0253
7102.1 -88.4781 7154.86 -67.7692
7114.71 -77.3272 7165.41 -94.8501
7125.26 -26.3513 7178.31 -91.6641
7137.86 -83.6992 7191.79 -64.5832
7150.17 -75.7342 7201.75 -45.4673
7161.31 -117.152 7215.52 -51.8393
7174.2 -134.675 7226.37 -64.5832
7185.93 -101.222 7239.26 -40.6883
7197.65 -112.373 7251.27 -78.9202
7210.25 -86.8852 7262.11 -78.9202
7221.38 -75.7342 7275.3 -53.4323
7234.57 -102.815 7286.72 -106.001
7245.7 -58.2112 7299.32 -45.4673
7258.31 -83.6992 7311.34 -85.2922
7270.32 -106.001 7322.76 -82.1062
7282.04 -139.454 7335.65 -66.1762
7294.34 -104.408 7347.07 -67.7692
7306.06 -86.8852 7359.38 -16.7934
7317.78 -110.78 7371.1 -82.1062
7330.38 -121.931 7383.69 -43.8743
7341.51 -98.0361 7395.41 -69.3622
7354.4 -72.5482 7407.12 -75.7342
7366.7 -128.303 7417.67 -72.5482
7378.71 -94.8501 7430.85 -78.9202
7389.55 -98.0361 7443.44 -64.5832
7402.14 -139.454 7455.45 -58.2112
7413.86 -123.524 7468.04 -69.3622
7426.45 -82.1062 7478.58 -109.187
7438.17 -145.826 7491.76 -129.896
7450.18 -110.78 7504.06 -125.117
7462.48 -112.373 7515.48 -125.117
7474.78 -145.826 7528.07 -86.8852
7485.9 -147.419 7540.08 -61.3972
7497.91 -107.594 7550.91 -117.152
7509.92 -104.408 7563.21 -75.7342
7521.92 -106.001 7575.21 -58.2112
7534.51 -80.5132 7587.51 -90.0711
7546.52 -58.2112 7598.93 -107.594
7558.23 -77.3272 7611.81 -98.0361
7570.24 -93.2571 7623.52 -104.408
7582.82 -72.5482 7635.52 -120.338
7594.24 -99.6291 7648.11 -104.408
7606.25 -96.4431 7659.82 -77.3272
7617.96 -121.931 7671.53 -45.4673
7630.25 -93.2571 7684.7 -77.3272
7642.55 -118.745 7695.23 -64.5832
7654.84 -88.4781 7708.7 -51.8393
7666.55 -115.559 7718.94 -99.6291
7678.84 -94.8501 7732.41 -83.6992
7690.55 -109.187 7743.82 -107.594
7703.14 -77.3272 7755.23 -88.4781
7714.55 -125.117 7768.11 -88.4781
7726.84 -82.1062 7780.4 -59.8042
7738.85 -85.2922 7791.81 -74.1412
7750.84 -96.4431 7804.4 -59.8042
7762.55 -72.5482 7816.1 -62.9902
7774.84 -93.2571 7828.1 -102.815
7786.84 -50.2463 7840.39 -94.8501
7798.25 -101.222 7851.8 -112.373
7809.96 -83.6992 7864.67 -107.594
7822.83 -80.5132 7876.38 -50.2463
7834.53 -82.1062 7887.49 -94.8501
7846.53 -112.373 7900.66 -62.9902
7858.53 -77.3272 7911.48 -78.9202
7869.94 -80.5132 7924.06 -101.222
7882.52 -106.001 7937.23 -83.6992
7894.22 -110.78 7948.64 -77.3272
7906.22 -96.4431 7959.46 -139.454
7917.92 -120.338 7972.62 -67.7692
7930.79 -59.8042 7984.03 -113.966
7942.78 -98.0361 7996.02 -101.222
7953.9 -120.338 8008.31 -90.0711
7965.89 -121.931 8021.18 -86.8852
7978.77 -59.8042 8032.58 -82.1062
7989.88 -99.6291 8045.16 -53.4323
8001.58 -153.791 8056.57 -123.524
8014.45 -113.966 8068.55 -98.0361
8025.85 -121.931 8079.67 -66.1762
8038.43 -128.303 8091.66 -104.408
8050.72 -85.2922 8104.52 -80.5132
8063 -34.3163 8116.81 -91.6641
8074.99 -90.0711 8128.21 -77.3272
8087.86 -96.4431 8140.49 -75.7342
8098.97 -93.2571 8153.36 -96.4431
8111.25 -86.8852 8163.88 -121.931
8122.65 -86.8852 8177.33 -66.1762
8134.94 -117.152 8189.61 -128.303
8146.34 -91.6641 8200.43 -78.9202
8158.91 -74.1412 8213.29 -110.78
8171.49 -66.1762 8225.28 -121.931
8183.18 -72.5482 8236.68 -101.222
8194.29 -93.2571 8249.55 -98.0361
8206.86 -66.1762 8261.82 -104.408
8218.85 -107.594 8273.22 -10.4214
8231.42 -106.001 8284.62 -80.5132
8242.53 -96.4431 8297.78 -93.2571
8254.81 -91.6641 8309.47 -72.5482
8266.79 -102.815 8321.45 -93.2571
8278.78 -77.3272 8333.73 -91.6641
8290.47 -66.1762 8345.13 -72.5482
8302.75 -110.78 8358.28 -70.9552
8315.32 -69.3622 8369.68 -70.9552
8327.01 -98.0361 8381.37 -70.9552
8338.41 -62.9902 8394.23 -101.222
8350.68 -75.7342 8405.63 -104.408
8362.37 -88.4781 8417.32 -129.896
8374.35 -75.7342 8429.3 -117.152
8386.63 -94.8501 8441.28 -93.2571
8398.32 -118.745 8453.84 -98.0361
8411.47 -128.303 8464.95 -88.4781
8422.28 -78.9202 8478.1 -91.6641
8434.85 -69.3622 8490.66 -104.408
8447.12 -102.815 8501.47 -67.7692
8458.81 -55.0253 8513.16 -109.187
8470.5 -90.0711 8524.85 -113.966
8482.48 -90.0711 8537.7 -104.408
8493.88 -82.1062 8549.68 -136.268
8507.9 -88.4781 8561.37 -110.78
8519 -70.9552 8573.64 -106.001
8530.98 -58.2112 8585.62 -90.0711
8541.79 -93.2571 8598.18 -55.0253
8555.82 -88.4781 8609.86 -51.8393
8567.21 -142.64 8622.42 -101.222
8579.48 -42.2813 8634.4 -88.4781
8590.87 -69.3622 8645.5 -99.6291
8603.44 -107.594 8658.06 -113.966
8614.83 -61.3972 8670.04 -53.4323
8627.1 -83.6992 8682.31 -145.826
8639.08 -102.815 8694.87 -61.3972
8651.05 -113.966 8705.67 -45.4673
8663.61 -82.1062 8717.94 -102.815
8675.01 -91.6641 8729.92 -59.8042
8687.56 -70.9552 8742.18 -106.001
8698.37 -59.8042 8754.16 -88.4781
8710.64 -83.6992 8765.55 -99.6291
8722.91 -82.1062 8778.1 -120.338
8734.59 -101.222 8791.25 -109.187
8747.73 -62.9902 8803.22 -102.815
8758.83 -80.5132 8815.49 -94.8501
8771.68 -98.0361 8826.87 -112.373
8782.78 -62.9902 8837.68 -77.3272
8795.04 -66.1762 8851.11 -106.001
8807.02 -82.1062 8862.5 -129.896
8819.28 -70.9552 8874.76 -94.8501
8830.38 -112.373 8886.74 -123.524
8844.1 -47.0603 8898.12 -101.222
8854.32 -78.9202 8910.39 -91.6641
8867.17 -69.3622 8923.53 -121.931
8878.85 -99.6291 8934.33 -77.3272
8890.53 -66.1762 8947.17 -43.8743
8902.8 -93.2571 8958.27 -88.4781
8914.47 -99.6291 8970.82 -61.3972
8926.74 -51.8393 8982.79 -134.675
8940.46 -102.815 8994.76 -96.4431
8950.68 -75.7342 9006.44 -82.1062
8963.53 -77.3272 9019.29 -91.6641
8974.62 -75.7342 9030.96 -62.9902
8986.59 -82.1062 9043.52 -40.6883
8998.56 -53.4323 9054.9 -72.5482
9010.82 -80.5132 9067.75 -67.7692
9023.66 -75.7342 9079.71 -55.0253
9035.34 -120.338 9091.39 -47.0603
9047.6 -131.489 9103.65 -15.2004
9058.99 -72.5482 9115.33 -78.9202
9071.25 -31.1303 9128.17 -62.9902
9083.51 -42.2813 9139.26 -59.8042
9094.89 -26.3513 9150.65 -50.2463
9107.15 -75.7342 9162.32 -18.3864
9119.41 -69.3622 9175.75 -62.9902
9131.09 -102.815 9186.84 -82.1062
9143.35 -83.6992 9200.85 -47.0603
9154.73 -43.8743 9211.06 -56.6182
9166.41 -18.3864 9224.49 -48.6533
9178.95 -4.04942 9235.28 19.8455
9190.34 27.8105 9248.13 -24.7583
9202.89 -2.45642 9259.51 -18.3864
9215.15 -29.5373 9271.47 10.2875
9226.82 -5.64241 9284.02 -15.2004
9238.79 -19.9794 9296.57 5.50855
9251.63 0.729569 9307.66 2.32256
9263.01 30.9965 9319.33 -31.1303
9275.56 -10.4214 9331.3 45.3334
9286.65 38.9614 9342.68 29.4035
9299.49 38.9614 9355.23 13.4735
9310.29 15.0665 9367.77 72.4143
9323.42 34.1825 9379.74 3.91556
9335.09 32.5895 9391.7 23.0315
9347.93 51.7054 9403.96 58.0774
9360.19 70.8213 9416.5 69.2283
9370.98 5.50855 9428.47 40.5544
9383.24 42.1474 9439.26 99.4952
9394.33 70.8213 9451.52 58.0774
9406.58 78.7863 9464.36 43.7404
9419.71 134.541 9476.03 51.7054
9431.68 109.053 9488.28 62.8564
9442.76 110.646 9499.66 50.1124
9454.73 94.7163 9512.5 105.867
9467.57 105.867 9524.46 69.2283
9478.94 107.46 9536.71 120.204
9491.49 112.239 9548.97 126.576
9503.45 134.541 9560.64 164.808
9516.29 121.797 9572.6 206.226
9526.79 172.773 9583.98 142.506
9539.34 180.738 9597.11 166.401
9551.3 179.145 9609.07 182.331
9563.26 160.029 9620.74 166.401
9574.93 183.924 9632.99 177.552
9587.48 252.423 9643.49 193.482
9599.15 179.145 9656.62 183.924
9611.11 226.935 9668.87 246.051
9622.78 242.865 9679.96 250.83
9635.32 225.342 9693.08 279.504
9646.41 258.795 9704.17 274.725
9658.66 316.143 9717 273.132
9671.79 319.329 9729.26 244.458
9682.87 324.108 9740.63 295.434
9695.13 330.48 9753.47 246.051
9707.38 327.294 9764.84 317.736
9719.63 287.469 9777.39 335.259
9732.17 319.329 9789.35 371.897
9743.26 373.49 9801.01 359.153
9755.51 348.002 9813.56 336.851
9766.6 383.048 9825.52 325.701
9778.26 403.757 9836.31 352.781
9790.81 422.873 9849.43 363.932
9804.22 355.967 9861.4 443.582
9815.02 379.862 9873.35 470.663
9827.27 400.571 9885.6 454.733
9839.52 391.013 9897.85 512.081
9852.06 437.21 9909.82 489.779
9862.56 446.768 9920.9 470.663
9874.52 497.744 9933.44 434.024
9887.64 524.825 9945.98 451.547
9899.32 494.558 9956.77 513.674
9911.56 515.267 9969.9 558.278
9922.65 502.523 9981.27 564.65
9934.61 496.151 9993.52 599.696
9947.44 515.267 10006.9 663.415
9958.52 559.871 10017.4 574.208
9971.36 580.58 10030.6 558.278
9984.19 602.882 10041.9 561.464
9994.98 658.636 10053.6 571.022
10007.2 629.963 10066.1 553.499
10018.9 682.531 10076.9 591.731
10031.4 636.334 10090.6 677.752
10043.7 623.591 10102 714.391
10055.1 665.008 10113.4 714.391
10067.3 687.31 10125.9 720.763
10079.9 752.623 10137.6 712.798
10091.8 762.181 10150.1 677.752
10103.5 816.343 10162.4 660.229
10115.4 816.343 10172.6 706.426
10127.7 789.262 10186.6 725.542
10140.2 763.774 10197.7 770.146
10151 824.308 10209.9 846.61
10163.3 792.448 10222.5 870.505
10174.9 843.424 10234.1 851.389
10186.9 900.772 10247 865.726
10199.7 900.772 10258.9 794.041
10210.5 886.435 10270.6 798.82
10223.3 942.19 10282 848.203
10235.9 953.34 10295.1 892.807
10247.3 986.793 10306.8 980.421
10259.5 967.677 10318.7 1002.72
10271.2 958.12 10330.7 1002.72
10284 983.607 10342.3 993.165
10295.4 1031.4 10354.6 927.853
10307.6 1050.51 10366.5 966.084
10319 1079.19 10379.4 986.793
10331.5 1052.11 10391 956.526
10343.2 1058.48 10403.6 1010.69
10355.5 1088.75 10414.7 1064.85
10368 1087.15 10427.5 1125.38
10379.4 1117.42 10438.9 1165.21
10391.9 1176.36 10450.2 1139.72
10403.6 1149.28 10462.5 1090.34
10415.3 1220.96 10475.3 1101.49
10427.2 1232.11 10487.6 1082.37
10439.5 1206.63 10499 1083.97
10452 1217.78 10511.2 1123.79
10463.1 1249.64 10522.9 1195.48
10475.3 1233.71 10534.8 1243.27
10487 1303.8 10548 1238.49
10499.5 1318.14 10559.9 1260.79
10511.5 1354.78 10571.3 1263.97
10522.6 1377.08 10583.2 1228.93
10535.7 1353.18 10595.8 1200.25
10547.1 1389.82 10607.7 1246.45
10559.6 1377.08 10618.8 1281.5
10571.3 1399.38 10632.5 1263.97
10582.9 1472.66 10643.3 1357.96
10595.2 1467.88 10656.1 1396.19
10607.7 1469.47 10667.8 1400.97
10619.7 1502.92 10679.5 1434.42
10631.6 1553.9 10692.3 1383.45
10643.9 1566.64 10703.1 1434.42
10656.1 1598.5 10716.2 1404.16
10667.8 1552.31 10727.9 1467.88
10680.1 1558.68 10739.3 1537.97
10691.4 1592.13 10752.1 1517.26
10703.7 1593.72 10763.8 1557.09
10715.6 1670.19 10776.3 1574.61
10727.6 1721.16 10788 1617.62
10739.9 1716.39 10799.9 1609.65
10751.8 1759.4 10812.2 1606.47
10763.2 1749.84 10823.6 1604.88
10776.3 1727.54 10836.7 1705.23
10787.4 1775.33 10847.5 1711.61
10799.1 1776.92 10860.6 1671.78
10811.9 1842.23 10872.6 1706.83
10823 1904.36 10884.2 1722.76
10835.2 1886.84 10896.8 1748.24
10848.1 1894.8 10908.7 1791.26
10858.9 1931.44 10920.7 1783.29
10872 1905.95 10933 1842.23
10883.4 1947.37 10944.3 1882.06
10894.7 2004.72 10956.9 1904.36
10907 2041.36 10968 1883.65
10919.2 2085.96 10980.5 1907.54
10931.2 2081.18 10992.5 1937.81
10944.3 2100.3 11004.7 1950.56
10956 2135.34 11016.1 1974.45
10967.7 2130.56 11028.3 2025.43
10979.3 2152.87 11041.2 2027.02
10991.3 2146.49 11053.4 2050.91
11004.4 2214.99 11065.4 2081.18
11015.8 2258 11076.5 2130.56
11027.5 2216.59 11088.4 2106.67
11039.4 2264.38 11101.3 2087.55
11052 2344.03 11112.6 2132.16
11063.9 2326.5 11124.3 2170.39
11075.3 2375.88 11137.1 2234.11
11087.3 2366.33 11149.4 2222.96
11099.5 2390.22 11162.2 2304.2
11111.8 2391.81 11172.4 2302.61
11124.6 2431.64 11184.4 2316.94
11135.7 2453.94 11196.4 2328.1
11147.4 2536.78 11208.3 2380.66
11159.9 2555.89 11222 2375.88
11171.6 2552.71 11233.7 2375.88
11183.8 2590.94 11245.4 2458.72
11195.8 2595.72 11257.6 2442.79
11207.5 2616.43 11269.6 2479.43
11219.4 2686.52 11282.7 2536.78
11231.4 2672.18 11292.9 2541.56
11243.6 2699.26 11305.8 2594.13
11255.3 2766.17 11317.8 2598.9
11267.6 2743.87 11329.1 2586.16
11280.7 2802.81 11341.7 2621.21
11290.9 2799.62 11353.6 2651.47
11303.8 2833.07 11366.8 2731.12
11315.1 2904.76 11378.1 2772.54
11327.7 2936.62 11390.1 2762.98
11339.9 2946.18 11403.5 2756.61
11351.6 2965.29 11414 2778.91
11363.6 3011.49 11426 2786.88
11374.9 3051.32 11438.3 2844.23
11387.8 3035.38 11450.2 2868.12
11398.6 3095.92 11461.6 2907.95
11412 3035.38 11474.4 2950.96
11423.7 3070.43 11485.8 2966.89
11435.4 3095.92 11499.5 3016.27
11447.9 3185.13 11510 3070.43
11459 3191.5 11523.2 3084.77
11472.1 3253.63 11535.5 3102.29
11483.8 3283.89 11546.8 3126.19
11495.8 3306.19 11559.1 3135.74
11507.4 3306.19 11570.8 3137.34
11520 3333.28 11582.1 3191.5
11531.9 3341.24 11595 3263.18
11543.3 3396.99 11606.9 3323.72
11555.3 3443.19 11619.2 3296.64
11568.1 3462.31 11631.2 3369.91
11579.5 3553.11 11643.4 3443.19
11591.2 3530.81 11655.1 3406.55
11603.7 3535.58 11666.8 3353.98
11615.4 3604.08 11679.6 3390.62
11627.4 3647.09 11690.7 3435.23
11639.9 3602.49 11702.7 3471.86
11651 3667.8 11715.8 3522.84
11663.6 3701.26 11727.8 3569.04
11676.1 3698.07 11738.9 3640.72
11687.5 3768.16 11752.3 3627.98
11698.9 3843.03 11763.7 3618.42
11711.4 3843.03 11776 3709.22
11724 3932.24 11787.6 3663.02
11735.7 3922.68 11799.6 3655.06
11747.4 3956.14 11812.2 3761.79
11759 3914.72 11823.3 3741.08
11772.2 3905.16 11836.1 3800.02
11782.4 3951.36 11848.4 3871.71
11796.4 4054.9 11861.2 3884.45
11808.1 4066.05 11872.9 3858.96
11819.5 4134.55 11884.6 3937.02
11831.7 4209.42 11897.1 3876.49
11843.1 4187.12 11909.1 3970.47
11854.8 4247.65 11920.8 3984.81
11867.4 4282.7 11932.8 4031.01
11879.6 4269.96 11945 4160.04
11891.6 4341.64 11957.6 4217.39
11903.3 4357.57 11970.1 4172.78
11915.5 4411.73 11982.7 4233.32
11926.9 4472.27 11994.7 4204.64
11939.8 4507.31 11998.7 4255.62
11951.1 4569.44 11987.9 4336.86
11963.4 4459.52 11975.1 4348.01
