6012.44 -301.939 6024.49 -300.346
6003.92 -290.789 6035.95 -352.915
5999.81 -230.255 6048.87 -300.346
6008.33 -271.673 6059.16 -319.462
6019.79 -286.01 6072.67 -311.497
6030.95 -239.813 6084.71 -327.427
6043.88 -222.29 6096.17 -317.869
6056.22 -292.381 6108.21 -293.974
6068.26 -281.231 6120.55 -314.683
6079.72 -268.487 6132.01 -317.869
6092.65 -252.557 6144.34 -325.834
6104.4 -281.231 6156.68 -341.764
6116.14 -250.964 6168.43 -313.09
6128.48 -265.301 6180.76 -333.799
6140.23 -290.789 6192.51 -287.603
6152.57 -333.799 6204.26 -311.497
6164.61 -258.929 6216.89 -335.392
6176.06 -286.01 6228.05 -375.217
6188.11 -292.381 6240.68 -351.322
6200.44 -293.974 6251.84 -309.904
6212.48 -292.381 6264.76 -313.09
6224.52 -257.336 6276.8 -314.683
6236.27 -289.195 6288.84 -281.231
6248.6 -279.638 6301.46 -322.648
6261.82 -313.09 6312.03 -321.055
6272.98 -276.452 6325.25 -316.276
6284.72 -278.045 6336.4 -338.578
6297.35 -295.567 6348.73 -327.427
6308.51 -271.673 6360.19 -313.09
6320.84 -327.427 6373.1 -309.904
6332.59 -286.01 6384.85 -300.346
6344.92 -279.638 6397.77 -327.427
6356.96 -271.673 6408.92 -298.753
6369.29 -273.266 6421.55 -308.311
6381.33 -297.16 6433.58 -354.508
6392.78 -279.638 6445.62 -321.055
6405.4 -274.859 6456.77 -346.543
6416.26 -284.417 6468.51 -287.603
6429.47 -235.034 6481.14 -324.241
6441.51 -284.417 6492.88 -279.638
6452.66 -289.195 6504.62 -282.824
6464.99 -292.381 6517.83 -301.939
6476.44 -279.638 6529.86 -301.939
6488.77 -274.859 6541.31 -311.497
6501.39 -319.462 6553.05 -338.578
6513.42 -241.406 6565.37 -360.88
6524.87 -239.813 6577.7 -333.799
6536.32 -235.034 6588.85 -359.287
6549.52 -305.125 6601.76 -284.417
6561.26 -274.859 6613.5 -276.452
6572.71 -265.301 6624.94 -324.241
6585.33 -258.929 6636.97 -338.578
6597.36 -303.532 6649.3 -319.462
6608.8 -271.673 6661.33 -372.031
6621.42 -303.532 6673.65 -301.939
6633.75 -279.638 6685.39 -330.613
6644.9 -252.557 6697.42 -336.985
6657.51 -290.789 6709.44 -306.718
6668.37 -297.16 6722.65 -319.462
6682.16 -263.708 6732.91 -308.311
6693.9 -281.231 6744.65 -293.974
6705.34 -293.974 6758.44 -333.799
6717.37 -274.859 6771.05 -335.392
6729.1 -317.869 6781.9 -346.543
6741.42 -301.939 6793.35 -383.182
6753.74 -265.301 6805.96 -329.02
6764.6 -300.346 6818.57 -325.834
6777.8 -303.532 6829.72 -314.683
6789.24 -286.01 6842.03 -329.02
6801.27 -282.824 6854.64 -336.985
6813.29 -330.613 6866.08 -333.799
6825.9 -266.894 6877.81 -301.939
6837.93 -262.115 6890.13 -333.799
6849.37 -279.638 6901.86 -344.95
6861.39 -278.045 6913.59 -324.241
6873.41 -281.231 6925.91 -352.915
6885.73 -341.764 6938.52 -284.417
6897.46 -289.195 6949.95 -317.869
6909.49 -293.974 6961.09 -308.311
6922.09 -286.01 6974.29 -360.88
6934.41 -271.673 6985.72 -327.427
6945.55 -303.532 6998.63 -364.066
6957.58 -282.824 7010.06 -319.462
6969.89 -293.974 7022.37 -311.497
6981.32 -282.824 7034.1 -287.603
6993.64 -314.683 7045.53 -308.311
7005.66 -270.08 7058.43 -313.09
7017.97 -282.824 7070.15 -329.02
7029.41 -274.859 7082.76 -293.974
7041.72 -289.195 7094.19 -343.357
7053.44 -327.427 7106.21 -314.683
7066.05 -284.417 7118.52 -359.287
7078.36 -300.346 7130.54 -349.729
7090.38 -286.01 7142.26 -309.904
7102.1 -295.567 7154.57 -338.578
7113.24 -322.648 7166 -313.09
7124.67 -292.381 7179.19 -250.964
7138.16 -278.045 7190.32 -357.694
7149.29 -284.417 7202.92 -322.648
7161.9 -298.753 7214.64 -324.241
7174.5 -260.522 7226.66 -356.101
7185.63 -290.789 7238.67 -324.241
7197.65 -295.567 7251.86 -330.613
7210.84 -290.789 7262.41 -308.311
7221.38 -276.452 7274.71 -293.974
7233.69 -308.311 7287.6 -319.462
7246 -292.381 7299.03 -332.206
7258.6 -295.567 7311.04 -338.578
7269.44 -235.034 7322.76 -309.904
7281.74 -293.974 7335.65 -340.171
7293.76 -255.743 7347.37 -332.206
7306.65 -270.08 7359.09 -314.683
7318.37 -246.185 7371.97 -286.01
7330.67 -295.567 7383.4 -262.115
7341.8 -239.813 7394.24 -293.974
7354.11 -301.939 7407.12 -282.824
7365.82 -298.753 7418.84 -335.392
7378.42 -301.939 7431.73 -329.02
7390.14 -273.266 7443.44 -378.403
7402.14 -265.301 7454.86 -316.276
7414.45 -297.16 7467.46 -297.16
7427.04 -271.673 7479.76 -298.753
7437.29 -284.417 7491.47 -298.753
7449.88 -239.813 7503.18 -298.753
7461.89 -284.417 7515.77 -289.195
7474.78 -317.869 7527.19 -297.16
7486.2 -303.532 7539.2 -340.171
7497.91 -258.929 7551.5 -344.95
7510.21 -257.336 7564.97 -297.16
7521.92 -266.894 7574.92 -324.241
7534.51 -258.929 7587.51 -321.055
7547.11 -321.055 7598.63 -306.718
7557.35 -295.567 7611.81 -313.09
7569.65 -289.195 7623.52 -341.764
7581.95 -297.16 7635.52 -300.346
7593.66 -292.381 7648.11 -284.417
7606.54 -265.301 7659.82 -348.136
7618.84 -242.999 7672.11 -301.939
7630.54 -316.276 7683.53 -329.02
7642.84 -260.522 7695.23 -311.497
7654.55 -258.929 7708.41 -316.276
7667.14 -306.718 7719.82 -309.904
7677.97 -281.231 7732.11 -343.357
7690.55 -317.869 7744.7 -321.055
7702.55 -314.683 7756.11 -322.648
7714.85 -276.452 7768.4 -373.624
7726.84 -297.16 7779.82 -346.543
7737.97 -287.603 7791.81 -316.276
7750.84 -284.417 7804.4 -311.497
7762.26 -276.452 7815.81 -314.683
7774.55 -308.311 7828.1 -290.789
7786.55 -287.603 7839.8 -346.543
7799.13 -281.231 7852.09 -314.683
7810.83 -270.08 7864.97 -387.961
7822.25 -284.417 7876.67 -348.136
7834.83 -254.15 7888.37 -389.554
7846.24 -271.673 7900.37 -362.473
7858.82 -260.522 7912.36 -322.648
7870.82 -254.15 7924.94 -343.357
7883.1 -255.743 7936.06 -308.311
7894.52 -252.557 7948.05 -329.02
7906.8 -270.08 7960.04 -313.09
7918.8 -316.276 7972.04 -333.799
7931.08 -266.894 7984.91 -322.648
7942.78 -301.939 7996.31 -311.497
7954.49 -260.522 8008.6 -329.02
7966.48 -309.904 8020.3 -336.985
7978.77 -273.266 8031.71 -356.101
7989.59 -279.638 8045.45 -306.718
8002.75 -305.125 8056.27 -329.02
8014.16 -289.195 8067.97 -343.357
8026.73 -301.939 8079.96 -349.729
8038.72 -286.01 8092.83 -346.543
8050.13 -316.276 8104.23 -338.578
8062.12 -266.894 8117.98 -343.357
8074.99 -247.778 8127.92 -333.799
8086.39 -212.732 8140.49 -308.311
8099.26 -286.01 8153.36 -335.392
8110.37 -308.311 8164.47 -348.136
8123.24 -265.301 8177.63 -324.241
8134.06 -311.497 8189.61 -327.427
8146.92 -324.241 8201.31 -316.276
8159.2 -292.381 8213.88 -301.939
8170.9 -242.999 8224.99 -341.764
8182.89 -247.778 8236.39 -319.462
8194.88 -262.115 8249.25 -329.02
8206.28 -290.789 8261.24 -340.171
8219.43 -300.346 8273.22 -303.532
8230.84 -321.055 8285.79 -316.276
8243.11 -292.381 8297.19 -332.206
8254.51 -316.276 8309.18 -336.985
8266.79 -282.824 8320.87 -284.417
8278.78 -278.045 8333.15 -348.136
8291.05 -301.939 8345.13 -311.497
8302.45 -343.357 8357.4 -336.985
8315.32 -247.778 8369.09 -293.974
8326.72 -295.567 8381.08 -265.301
8339.87 -325.834 8393.06 -330.613
8350.68 -317.869 8405.63 -336.985
8363.25 -306.718 8417.32 -346.543
8374.65 -289.195 8429 -311.497
8387.22 -287.603 8442.15 -316.276
8398.32 -260.522 8454.43 -317.869
8410.6 -260.522 8466.41 -301.939
8422.28 -255.743 8477.81 -293.974
8434.56 -316.276 8490.37 -360.88
8446.54 -287.603 8501.18 -325.834
8458.81 -308.311 8514.04 -343.357
8469.92 -344.95 8526.02 -335.392
8482.48 -281.231 8537.41 -333.799
8495.92 -270.08 8550.56 -301.939
8507.61 -281.231 8561.37 -290.789
8518.71 -266.894 8574.22 -319.462
8531.86 -327.427 8586.2 -341.764
8541.5 -297.16 8597.89 -298.753
8554.94 -329.02 8609.57 -329.02
8566.92 -319.462 8621.84 -346.543
8579.19 -309.904 8634.11 -332.206
8591.17 -322.648 8646.09 -290.789
8602.56 -287.603 8658.35 -341.764
8615.41 -287.603 8670.04 -325.834
8627.1 -329.02 8681.43 -319.462
8639.08 -235.034 8694.58 -336.985
8651.05 -274.859 8705.97 -321.055
8662.74 -313.09 8717.65 -340.171
8675.59 -263.708 8730.5 -359.287
8687.27 -313.09 8741.89 -319.462
8698.96 -292.381 8754.16 -357.694
8711.22 -306.718 8766.72 -391.147
8722.61 -284.417 8777.81 -293.974
8734.88 -252.557 8790.66 -333.799
8747.15 -276.452 8802.34 -335.392
8759.41 -322.648 8814.61 -351.322
8770.22 -305.125 8826.29 -373.624
8783.65 -298.753 8837.68 -352.915
8793.88 -344.95 8849.94 -368.845
8807.6 -271.673 8863.08 -341.764
8818.7 -268.487 8875.64 -301.939
8830.38 -281.231 8887.32 -292.381
8842.93 -303.532 8898.12 -349.729
8854.91 -287.603 8910.68 -308.311
8866.59 -316.276 8922.65 -348.136
8877.98 -332.206 8934.33 -362.473
8890.82 -301.939 8947.17 -316.276
8903.38 -274.859 8959.14 -293.974
8914.77 -278.045 8971.12 -313.09
8927.91 -282.824 8982.79 -295.567
8939.29 -286.01 8995.06 -313.09
8950.39 -330.613 9006.73 -273.266
8963.53 -330.613 9018.7 -301.939
8975.5 -317.869 9032.13 -364.066
8987.17 -276.452 9042.35 -340.171
8999.73 -309.904 9054.9 -375.217
9011.11 -241.406 9067.16 -403.891
9022.79 -266.894 9079.42 -348.136
9035.63 -247.778 9091.39 -370.438
9046.73 -284.417 9103.36 -311.497
9059.28 -278.045 9115.33 -327.427
9070.96 -265.301 9127.58 -313.09
9083.22 -332.206 9139.55 -306.718
9095.19 -252.557 9151.52 -329.02
9107.44 -265.301 9163.78 -352.915
9119.41 -241.406 9175.45 -319.462
9131.38 -244.592 9186.54 -352.915
9143.05 -219.104 9199.68 -286.01
9154.73 -199.988 9211.35 -257.336
9166.41 -227.069 9223.9 -252.557
9179.83 -231.848 9234.99 -270.08
9190.63 -249.371 9248.42 -247.778
9202.89 -230.255 9259.8 -273.266
9214.56 -220.697 9272.06 -260.522
9227.11 -235.034 9284.02 -196.802
9239.08 -158.57 9295.99 -238.22
9251.34 -182.465 9308.24 -231.848
9263.3 -169.721 9319.63 -254.15
9275.85 -207.953 9331.88 -244.592
9286.94 -177.686 9343.26 -214.325
9299.49 -217.511 9356.1 -169.721
9310.58 -174.5 9367.77 -207.953
9323.13 -206.36 9380.03 -136.268
9335.09 -185.651 9392.58 -214.325
9347.06 -131.489 9403.96 -152.198
9359.89 -126.71 9416.8 -199.988
9370.98 -91.6641 9427.89 -155.384
9383.53 -67.7692 9439.85 -185.651
9396.37 -131.489 9452.39 -129.896
9406.58 -144.233 9463.48 -125.117
9419.42 -126.71 9476.32 -171.314
9430.8 -144.233 9488.28 -168.128
9443.06 -158.57 9500.54 -147.419
9455.02 -90.0711 9511.91 -149.012
9466.98 -48.6533 9524.17 -168.128
9479.53 -32.7233 9536.71 -129.896
9490.62 -64.5832 9548.38 -118.745
9503.45 -29.5373 9560.05 -90.0711
9514.25 -48.6533 9572.6 -77.3272
9526.79 -69.3622 9584.27 -82.1062
9539.63 -34.3163 9596.52 -56.6182
9551.88 -85.2922 9609.07 -48.6533
9563.26 7.10155 9620.74 -66.1762
9574.93 18.2525 9632.7 -39.0953
9587.19 11.8805 9644.37 -8.8284
9599.15 -31.1303 9657.78 -35.9093
9611.4 -24.7583 9669.45 0.729569
9623.36 34.1825 9681.12 91.5303
9635.32 26.2175 9693.08 66.0424
9647.28 50.1124 9704.46 105.867
9659.83 64.4494 9716.71 124.983
9671.5 78.7863 9729.55 74.0073
9683.46 75.6003 9740.93 93.1233
9694.54 81.9723 9752.88 97.9023
9708.25 118.611 9764.84 112.239
9719.05 94.7163 9777.39 201.447
9730.72 120.204 9789.35 179.145
9742.38 94.7163 9801.6 150.471
9755.8 124.983 9813.85 183.924
9767.18 137.727 9825.52 185.517
9779.72 175.959 9836.6 199.854
9791.1 183.924 9849.43 236.493
9803.64 188.703 9861.4 252.423
9815.6 206.226 9873.65 247.644
9828.14 167.994 9886.19 211.005
9839.52 147.285 9896.69 190.296
9851.18 169.587 9909.52 241.272
9863.14 166.401 9920.31 292.248
9875.4 241.272 9933.73 309.771
9887.06 225.342 9945.4 298.62
9899.9 308.178 9957.65 330.48
9910.98 282.69 9969.32 285.876
9923.23 311.364 9980.69 276.318
9936.06 250.83 9994.11 255.609
9948.02 265.167 10006.1 284.283
9959.11 282.69 10017.7 343.223
9971.36 325.701 10029.7 346.409
9983.61 344.816 10041.6 359.153
9995.56 405.35 10053.9 360.746
10007.2 418.094 10065 392.606
10019.8 416.501 10077.5 478.628
10032 408.536 10089.5 448.361
10043.4 432.431 10101.7 457.919
10055.6 403.757 10114 494.558
10067.3 389.42 10125.9 467.477
10079.3 429.245 10137.9 477.035
10090.4 446.768 10150.1 470.663
10103.5 513.674 10162.1 499.337
10115.1 559.871 10174 534.383
10128.6 553.499 10186.9 580.58
10138.8 588.545 10198 629.963
10151 564.65 10210.5 706.426
10163.6 582.173 10222.8 644.299
10174.9 558.278 10233.8 677.752
10186.6 631.556 10245.8 684.124
10199.1 661.822 10258.1 671.38
10211.1 708.019 10270.6 712.798
10223.6 735.1 10282.6 723.949
10235 733.507 10295.4 735.1
10248.1 731.914 10306.5 746.251
10259.8 695.275 10318.1 800.413
10271.5 690.496 10330.7 802.006
10284 733.507 10342.6 822.715
10294.5 782.89 10354.9 798.82
10307.9 789.262 10366.5 790.855
10320.2 848.203 10378.8 806.785
10330.7 840.238 10390.8 813.157
10343.5 884.842 10403 840.238
10355.8 860.947 10415.3 864.133
10367.1 873.691 10426.9 814.75
10379.1 848.203 10439.7 873.691
10391.6 865.726 10449.9 884.842
10403.6 931.039 10463.7 892.807
10415.5 913.516 10475.3 929.446
10426.6 978.828 10486.7 950.155
10439.5 1009.1 10499 969.27
10451.4 1052.11 10511.2 937.411
10463.1 1044.14 10524 977.235
10475.9 1029.8 10534.8 962.898
10487.6 1034.58 10546.8 942.19
10499.2 1050.51 10559.3 993.165
10512.1 1047.33 10571 988.386
10523.7 1123.79 10583.5 991.572
10535.7 1138.13 10595.8 1061.66
10547.7 1198.66 10607.2 1103.08
10559 1213 10618.8 1119.01
10571.6 1227.34 10631.9 1111.05
10582.9 1219.37 10643 1119.01
10595.8 1198.66 10655.9 1146.09
10608.3 1228.93 10668.1 1098.3
10620 1278.31 10679.8 1130.16
10631.4 1303.8 10691.4 1163.62
10643.6 1342.03 10703.7 1203.44
10655.9 1351.59 10716.2 1278.31
10667.8 1338.85 10727.6 1256.01
10679.8 1400.97 10739.9 1275.13
10691.4 1364.33 10751.8 1267.16
10702.8 1405.75 10764.4 1268.75
10716.2 1439.2 10776.3 1278.31
10727.9 1416.9 10787.4 1357.96
10740.1 1496.55 10799.1 1278.31
10752.1 1523.63 10812.5 1388.23
10763.8 1560.27 10823.6 1490.18
10775.4 1587.35 10836.1 1544.34
10787.1 1577.79 10848.6 1525.23
10799.1 1536.38 10860.3 1542.75
10811.6 1592.13 10872.6 1517.26
10823.9 1655.85 10884.8 1491.77
10835.5 1644.7 10896.5 1491.77
10846.9 1745.06 10907.9 1549.12
10859.4 1760.99 10920.1 1657.44
10871.1 1784.88 10933.2 1660.63
10882.5 1804 10944.6 1729.13
10895.9 1743.47 10956 1692.49
10907 1756.21 10969.1 1692.49
10919.5 1784.88 10981.1 1717.98
10931.8 1792.85 10992.8 1694.08
10943.5 1891.61 11004.4 1654.26
10956 1945.78 11016.4 1705.23
10968.3 1993.57 11029.2 1756.21
10979.9 2057.29 11040.6 1807.19
10992.2 2030.21 11052.5 1918.7
11003.5 2022.24 11065.4 1955.33
11014.6 2014.28 11076.5 1955.33
11028.3 1972.86 11089.6 1915.51
11039.1 2003.12 11100.7 1821.52
11051.7 2060.47 11112.1 1854.98
11063.9 2125.78 11125.5 1859.75
11075.9 2181.54 11136.6 1883.65
11086.7 2269.15 11149.7 2015.87
11098.9 2230.92 11160.8 2063.66
11111.5 2272.34 11173 2154.46
11123.2 2214.99 11185.9 2175.17
11135.7 2135.34 11196.7 2160.83
11147.9 2194.28 11209.8 2095.52
11159.3 2238.89 11221.2 2095.52
11171 2305.79 11233.7 2081.18
11184.1 2409.34 11245.7 2167.2
11195.2 2474.65 11257.9 2227.74
11207.8 2460.31 11269 2301.01
11219.7 2449.16 11281.3 2433.23
11230.8 2380.66 11293.2 2445.98
11243.6 2401.37 11306.1 2423.67
11255.9 2371.11 11317.8 2350.4
11267.9 2431.64 11329.7 2321.72
11278.9 2555.89 11342 2318.54
11291.5 2622.8 11354.2 2355.18
11303.2 2676.96 11366.2 2466.69
11315.4 2713.6 11378.4 2530.41
11328 2684.93 11389.8 2592.53
11339.9 2648.29 11401.8 2669
11351 2635.54 11413.8 2648.29
11364.1 2563.86 11426.3 2684.93
11374.9 2673.77 11438.3 2632.36
11386.9 2780.51 11450.5 2616.43
11400 2852.19 11461.9 2635.54
11410.5 2949.36 11474.4 2700.86
11424 2981.22 11486.7 2756.61
11435.9 2979.63 11498.1 2853.78
11447.9 2950.96 11510.6 2965.29
11459.3 2858.56 11522.9 2973.26
11471.5 2844.23 11534 2949.36
11483.8 2935.03 11545.9 2920.69
11496.1 2963.7 11558.2 2968.48
11506.9 3129.37 11571 2923.88
11519.1 3166.01 11583 3030.61
11532.2 3245.66 11594.4 3052.91
11543.9 3248.85 11606.4 3143.71
11555.3 3260 11619.5 3212.21
11567.8 3137.34 11630.6 3253.63
11579.5 3123 11642.8 3256.81
11590.9 3167.6 11655.1 3223.36
11603.2 3314.16 11667.7 3258.4
11615.1 3393.81 11679.3 3295.04
11628 3478.24 11691.9 3336.46
11639.4 3476.64 11702.7 3291.86
11651.6 3476.64 11716.1 3392.22
11663.6 3471.86 11727.2 3389.03
11675.8 3438.41 11740.1 3419.3
11686.9 3438.41 11751.7 3449.56
11699.5 3433.63 11764 3403.37
11711.2 3495.76 11776.3 3385.84
11723.4 3581.78 11787.4 3449.56
11736 3659.84 11799.6 3457.53
11747.6 3721.97 11811.9 3495.76
11759.3 3737.9 11823.3 3618.42
11771.3 3779.31 11837 3647.09
11784.1 3764.98 11848.1 3607.27
11794.9 3717.19 11859.5 3634.35
11808.1 3744.27 11872.6 3562.67
11819.8 3787.28 11884.9 3686.92
11831.4 3878.08 11896.8 3677.36
11842.8 3944.98 11909.4 3718.78
11855.4 4019.86 11920.8 3812.77
11867.9 4024.63 11932.8 3851
11879.6 4054.9 11945 3836.66
11891.3 4000.74 11958.2 3897.2
11903.8 4013.48 11971.3 3903.57
11914.9 4110.66 11983.3 3975.25
11927.5 4140.92 11993.8 3954.54
11939.5 4228.54 11999 4003.93
11951.1 4273.14 11987.9 4037.38
11963.7 4161.63 11974.8 4148.89
