6012.15 -7.23541 6024.49 238.086
6003.34 102.681 6035.95 222.156
6000.99 148.878 6047.4 220.563
6008.63 134.541 6060.33 234.9
6018.61 158.436 6072.08 187.11
6031.54 128.169 6084.42 167.994
6044.47 156.843 6096.46 188.703
6056.22 171.18 6108.21 196.668
6067.68 137.727 6120.26 191.889
6079.42 172.773 6132.59 193.482
6092.06 193.482 6144.64 254.016
6104.1 175.959 6156.68 246.051
6117.02 177.552 6167.55 185.517
6129.07 140.913 6180.47 234.9
6140.23 128.169 6192.81 212.598
6152.27 152.064 6204.85 182.331
6164.61 110.646 6217.18 195.075
6176.06 128.169 6227.75 195.075
6188.4 139.32 6240.38 190.296
6201.32 140.913 6252.42 257.202
6212.48 171.18 6265.05 233.307
6225.11 129.762 6276.8 234.9
6236.27 134.541 6288.54 242.865
6248.31 150.471 6301.17 145.692
6260.65 139.32 6313.5 214.191
6272.69 158.436 6324.95 183.924
6284.43 145.692 6336.4 195.075
6296.18 155.25 6348.44 187.11
6308.8 166.401 6361.36 247.644
6321.14 144.099 6373.4 228.528
6332.29 136.134 6384.55 220.563
6344.92 126.576 6397.18 231.714
6356.66 131.355 6409.22 218.97
6368.99 107.46 6421.25 215.784
6380.15 142.506 6433.88 201.447
6392.78 126.576 6445.62 218.97
6405.4 131.355 6456.18 166.401
6417.14 148.878 6468.81 215.784
6429.47 156.843 6480.55 214.191
6441.8 112.239 6493.76 268.353
6453.84 147.285 6505.79 230.121
6465.28 105.867 6517.83 201.447
6477.32 145.692 6529.27 204.633
6489.65 102.681 6541.6 193.482
6501.1 163.215 6552.16 198.261
6512.84 172.773 6565.08 185.517
6524.58 163.215 6577.11 215.784
6537.2 117.018 6589.73 261.981
6548.64 144.099 6601.17 191.889
6561.85 112.239 6613.5 191.889
6573.3 113.832 6625.53 218.97
6585.62 104.274 6637.56 209.412
6597.65 112.239 6649.3 193.482
6609.39 163.215 6661.91 211.005
6622.01 139.32 6673.06 164.808
6633.75 166.401 6685.68 203.04
6645.48 115.425 6697.71 203.04
6657.22 142.506 6708.86 203.04
6668.66 101.088 6721.47 187.11
6681.87 104.274 6734.09 191.889
6692.72 118.611 6745.82 209.412
6705.92 145.692 6758.44 206.226
6717.95 152.064 6769 183.924
6729.4 112.239 6782.49 209.412
6741.72 145.692 6794.81 180.738
6752.86 136.134 6805.66 209.412
6764.89 107.46 6817.98 209.412
6777.8 89.9373 6829.13 198.261
6789.83 120.204 6841.74 137.727
6801.56 121.797 6854.35 220.563
6813.29 126.576 6865.79 145.692
6825.9 152.064 6878.11 175.959
6837.93 182.331 6889.84 161.622
6849.66 150.471 6902.74 196.668
6861.98 161.622 6914.47 191.889
6873.71 140.913 6926.49 179.145
6885.15 120.204 6938.22 183.924
6897.76 147.285 6950.25 167.994
6909.49 120.204 6961.97 145.692
6921.8 132.948 6974.88 188.703
6934.41 152.064 6986.02 171.18
6945.55 211.005 6997.45 209.412
6957.87 152.064 7010.64 209.412
6969.6 166.401 7022.66 211.005
6981.03 166.401 7034.68 174.366
6994.23 132.948 7046.7 199.854
7005.66 145.692 7058.43 144.099
7018.85 161.622 7070.74 126.576
7029.11 156.843 7082.76 139.32
7041.43 171.18 7094.19 166.401
7054.33 201.447 7106.21 182.331
7065.76 196.668 7118.23 185.517
7078.07 148.878 7130.83 196.668
7089.8 160.029 7142.85 175.959
7102.69 145.692 7154.86 161.622
7114.12 131.355 7167.46 166.401
7125.55 139.32 7178.31 152.064
7138.45 144.099 7190.61 147.285
7149.59 169.587 7202.63 175.959
7162.48 166.401 7214.64 222.156
7174.5 185.517 7226.07 182.331
7185.93 174.366 7239.26 185.517
7197.06 124.983 7250.69 190.296
7211.13 145.692 7262.99 222.156
7221.68 117.018 7275.3 137.727
7233.98 145.692 7287.02 172.773
7246.29 139.32 7299.03 124.983
7258.31 139.32 7311.63 193.482
7270.9 150.471 7322.76 175.959
7281.45 155.25 7334.77 217.377
7294.05 121.797 7347.07 222.156
7305.77 190.296 7359.38 163.215
7318.07 128.169 7371.68 214.191
7330.38 185.517 7383.69 199.854
7342.39 172.773 7394.53 207.819
7353.81 140.913 7406.54 147.285
7366.11 128.169 7419.13 136.134
7377.25 183.924 7431.14 174.366
7391.01 129.762 7442.56 180.738
7401.85 150.471 7454.57 231.714
7414.15 156.843 7466.58 198.261
7426.16 185.517 7479.46 209.412
7437.29 150.471 7491.18 198.261
7450.47 131.355 7503.18 196.668
7462.48 117.018 7514.6 182.331
7473.9 152.064 7527.49 171.18
7487.37 163.215 7539.78 148.878
7498.2 188.703 7550.91 214.191
7509.92 193.482 7562.91 167.994
7522.8 190.296 7575.8 217.377
7533.34 139.32 7587.51 257.202
7547.11 81.9723 7599.22 169.587
7557.94 175.959 7612.1 148.878
7571.11 152.064 7623.52 167.994
7582.24 145.692 7635.81 193.482
7593.66 169.587 7647.52 191.889
7606.54 174.366 7658.94 191.889
7617.96 152.064 7670.94 183.924
7630.25 169.587 7684.11 172.773
7642.55 123.39 7695.82 155.25
7653.96 179.145 7707.53 177.552
7666.84 148.878 7718.94 179.145
7677.97 171.18 7732.41 171.18
7690.55 139.32 7743.82 164.808
7701.67 152.064 7755.82 177.552
7713.97 156.843 7768.4 150.471
7727.14 120.204 7780.4 153.657
7738.55 164.808 7791.81 158.436
7750.55 136.134 7804.4 167.994
7762.84 161.622 7815.22 153.657
7774.55 160.029 7828.39 142.506
7786.25 152.064 7840.68 188.703
7797.67 150.471 7852.38 191.889
7810.25 153.657 7863.79 196.668
7822.54 160.029 7876.67 144.099
7833.95 203.04 7887.79 187.11
7846.24 155.25 7900.07 183.924
7858.24 161.622 7912.07 120.204
7870.23 137.727 7924.36 121.797
7881.93 142.506 7936.35 144.099
7894.52 145.692 7947.76 167.994
7906.51 163.215 7959.46 166.401
7919.09 139.32 7972.33 171.18
7929.91 172.773 7985.2 228.528
7942.78 166.401 7996.31 120.204
7954.19 167.994 8008.31 152.064
7967.06 144.099 8020.59 169.587
7979.06 187.11 8033.17 88.3443
7990.47 179.145 8044.87 121.797
8002.46 150.471 8055.98 115.425
8014.16 152.064 8068.26 144.099
8026.15 142.506 8081.42 231.714
8038.43 152.064 8091.36 172.773
8050.72 110.646 8105.4 140.913
8062.41 147.285 8117.68 175.959
8074.99 137.727 8127.92 104.274
8086.1 126.576 8141.37 144.099
8099.26 129.762 8153.06 139.32
8110.96 172.773 8164.18 150.471
8122.65 158.436 8177.04 177.552
8135.23 187.11 8189.32 212.598
8146.34 123.39 8200.72 145.692
8158.04 112.239 8213.29 177.552
8171.19 139.32 8224.7 174.366
8182.6 139.32 8237.56 169.587
8195.46 117.018 8249.55 155.25
8207.15 153.657 8261.24 118.611
8217.97 140.913 8272.93 150.471
8230.84 182.331 8284.91 124.983
8242.82 158.436 8296.61 167.994
8255.68 177.552 8309.47 212.598
8265.91 117.018 8321.16 204.633
8278.78 147.285 8333.44 172.773
8291.05 131.355 8345.13 163.215
8302.75 123.39 8357.99 117.018
8314.15 148.878 8369.68 129.762
8326.42 180.738 8380.49 167.994
8338.41 158.436 8393.94 145.692
8351.27 204.633 8405.33 163.215
8362.08 150.471 8417.32 177.552
8375.52 139.32 8429.88 153.657
8386.34 118.611 8440.69 164.808
8398.9 161.622 8453.84 112.239
8410.6 124.983 8466.12 126.576
8422.58 137.727 8477.51 128.169
8434.26 124.983 8490.08 177.552
8447.71 174.366 8500.89 155.25
8458.81 153.657 8514.04 140.913
8471.09 174.366 8525.73 150.471
8482.77 155.25 8538 155.25
8495.04 195.075 8549.97 152.064
8507.32 155.25 8562.54 105.867
8519 81.9723 8574.22 97.9023
8530.69 88.3443 8585.62 152.064
8542.96 160.029 8597.89 126.576
8554.65 150.471 8609.86 212.598
8566.34 193.482 8621.55 156.843
8578.6 179.145 8634.4 174.366
8591.17 177.552 8646.09 160.029
8601.68 104.274 8657.48 121.797
8614.83 126.576 8671.21 118.611
8626.81 101.088 8681.72 121.797
8638.49 131.355 8694.58 136.134
8650.76 169.587 8706.55 223.749
8663.03 179.145 8717.65 198.261
8674.71 174.366 8730.5 193.482
8687.86 188.703 8742.77 140.913
8698.96 177.552 8754.45 156.843
8711.22 153.657 8765.84 94.7163
8722.91 140.913 8778.98 104.274
8734.59 121.797 8790.08 99.4952
8747.44 120.204 8802.34 140.913
8758.54 131.355 8814.61 161.622
8771.39 163.215 8826.29 147.285
8783.07 166.401 8838.85 74.0073
8795.04 152.064 8850.23 81.9723
8807.02 190.296 8863.38 69.2283
8818.99 160.029 8875.06 -5.64241
8830.67 124.983 8887.03 26.2175
8843.23 137.727 8898.71 40.5544
8855.49 112.239 8910.97 89.9373
8866.88 169.587 8923.23 105.867
8879.73 150.471 8934.33 81.9723
8891.41 164.808 8946.59 155.25
8903.38 211.005 8959.14 128.169
8914.47 148.878 8970.82 56.4844
8927.61 148.878 8983.09 54.8914
8938.42 134.541 8995.35 64.4494
8950.68 117.018 9007.32 26.2175
8962.65 96.3093 9019.29 139.32
8975.5 120.204 9031.25 97.9023
8987.17 132.948 9043.22 99.4952
8998.85 204.633 9054.61 121.797
9010.82 179.145 9066.58 144.099
9023.37 169.587 9078.84 93.1233
9034.76 182.331 9091.1 75.6003
9046.73 163.215 9103.07 107.46
9059.57 91.5303 9115.33 140.913
9070.37 109.053 9127.58 101.088
9083.8 89.9373 9138.97 188.703
9095.77 167.994 9151.23 212.598
9107.15 175.959 9163.49 171.18
9118.83 215.784 9176.04 148.878
9130.8 228.528 9187.71 193.482
9142.47 238.086 9199.09 183.924
9155.32 177.552 9211.35 158.436
9166.7 172.773 9223.9 172.773
9178.95 102.681 9235.87 206.226
9191.51 156.843 9248.42 217.377
9202.89 153.657 9259.8 228.528
9214.85 179.145 9270.89 206.226
9226.82 255.609 9284.02 238.086
9239.08 257.202 9295.99 233.307
9251.92 274.725 9308.24 203.04
9263.3 231.714 9319.92 209.412
9274.68 148.878 9331.3 212.598
9287.23 156.843 9342.68 250.83
9298.91 198.261 9356.39 233.307
9311.16 198.261 9367.48 298.62
9323.13 258.795 9380.32 306.585
9334.8 327.294 9391.99 290.655
9347.35 301.806 9404.25 263.574
9359.6 303.399 9416.21 242.865
9371.28 295.434 9428.47 297.027
9383.53 238.086 9440.43 292.248
9393.74 230.121 9452.1 332.072
9407.46 201.447 9464.06 346.409
9420 246.051 9475.74 368.711
9430.51 254.016 9487.99 375.083
9443.64 317.736 9499.66 325.701
9455.02 360.746 9512.5 363.932
9467.86 357.56 9524.75 324.108
9478.65 363.932 9536.13 367.118
9491.49 298.62 9548.38 363.932
9502.87 300.213 9560.64 386.234
9515.42 277.911 9572.02 408.536
9526.79 282.69 9584.27 461.105
9539.63 362.339 9596.23 430.838
9551.59 400.571 9608.77 480.221
9562.68 443.582 9620.44 387.827
9575.52 481.814 9633.28 416.501
9587.77 461.105 9643.49 394.199
9599.44 383.048 9657.2 391.013
9610.53 416.501 9668.58 446.768
9622.78 378.269 9681.12 467.477
9635.03 371.897 9692.21 521.639
9646.99 454.733 9705.04 556.685
9659.24 462.698 9716.42 491.372
9670.62 550.313 9728.96 454.733
9683.17 555.092 9740.05 469.07
9694.83 569.429 9753.18 427.652
9707.08 539.162 9764.84 483.407
9718.75 539.162 9776.51 497.744
9731.59 504.116 9789.06 551.906
9742.97 571.022 9801.01 577.394
9756.39 561.464 9813.56 555.092
9766.6 650.671 9825.23 583.766
9779.72 623.591 9836.31 518.453
9791.97 628.37 9849.43 558.278
9803.06 649.078 9861.4 494.558
9815.89 601.289 9873.65 545.534
9826.68 553.499 9884.73 617.219
9839.23 607.661 9897.27 650.671
9851.77 590.138 9909.52 663.415
9862.56 677.752 9921.19 708.019
9875.1 714.391 9932.86 644.299
9887.94 738.286 9945.98 647.486
9899.02 733.507 9957.94 657.043
9911.56 749.437 9969.9 583.766
9922.94 677.752 9981.57 679.345
9935.77 722.356 9993.82 717.577
9947.44 688.903 10006.1 746.251
9959.11 751.03 10018 792.448
9971.06 790.855 10029.4 811.564
9983.61 822.715 10041.6 872.098
9994.98 852.982 10054.5 829.087
10007.8 864.133 10065.3 782.89
10018.9 846.61 10077.5 778.111
10032 872.098 10089.8 794.041
10044 803.599 10102.3 875.284
10054.5 870.505 10113.7 931.039
10067.9 849.796 10125.3 956.526
10081 910.33 10137.6 993.165
10091.8 956.526 10149.9 959.713
10104.1 991.572 10162.4 903.958
10116 999.537 10173.8 934.225
10127.4 993.165 10185.7 985.2
10139.1 980.421 10199.1 953.34
10151.6 956.526 10209.3 988.386
10163.3 999.537 10222.5 1050.51
10175.5 1036.18 10234.1 1093.52
10187.5 1072.82 10246.4 1115.83
10200.3 1133.35 10258.3 1152.46
10211.1 1174.77 10270.6 1107.86
10223.1 1136.53 10282.3 1096.71
10236.2 1157.24 10294.2 1044.14
10247.6 1090.34 10306.5 1020.25
10259.2 1071.22 10318.1 1080.78
10271.8 1128.57 10330.4 1168.39
10283.4 1205.03 10343.2 1238.49
10295.7 1232.11 10354.6 1281.5
10307.1 1235.3 10366.8 1252.82
10319.6 1241.67 10379.1 1263.97
10331.3 1257.6 10390.8 1185.92
10343.5 1262.38 10403 1190.7
10355.5 1238.49 10415.5 1181.14
10367.1 1262.38 10427.2 1220.96
10379.7 1289.46 10439.2 1271.94
10391.3 1329.29 10451.1 1353.18
10403.3 1365.93 10463.1 1370.71
10415.5 1437.61 10475.6 1415.31
10427.2 1385.04 10487 1397.79
10439.5 1483.81 10499.5 1373.89
10450.8 1423.27 10510.6 1412.12
10463.1 1385.04 10522.6 1385.04
10475.3 1393.01 10535.4 1388.23
10486.7 1445.58 10546.5 1437.61
10499.2 1459.91 10559 1459.91
10512.4 1507.7 10571.9 1558.68
10523.2 1579.39 10584.1 1592.13
10535.7 1636.74 10595.2 1531.6
10546.5 1609.65 10607.7 1485.4
10559.9 1619.21 10619.4 1522.04
10571.3 1555.49 10631.9 1501.33
10582.9 1550.71 10643.9 1510.89
10596.4 1604.88 10655.9 1560.27
10607.2 1667 10668.1 1643.11
10620.3 1710.01 10680.1 1667
10631.4 1721.16 10692.3 1713.2
10643.6 1745.06 10703.1 1667
10655.6 1757.8 10715.6 1660.63
10667.8 1799.22 10727.9 1571.42
10679.8 1776.92 10739.3 1635.14
10691.1 1789.66 10752.7 1676.56
10703.4 1772.14 10763.8 1770.55
10715.6 1784.88 10776 1835.86
10727 1867.72 10788 1869.31
10739.9 1842.23 10800.5 1864.53
10752.4 1902.77 10812.2 1894.8
10762.9 1955.33 10823.3 1880.46
10775.4 1993.57 10836.7 1837.45
10787.4 1963.3 10847.8 1851.79
10799.4 2009.5 10859.7 1842.23
10811.9 1984.01 10871.7 1888.43
10823 1963.3 10883.6 1931.44
10836.1 2027.02 10896.5 2006.31
10847.2 2057.29 10908.5 2073.22
10859.4 2111.45 10920.7 2074.81
10871.4 2151.27 10932.1 2079.59
10883.4 2191.1 10944.6 2036.58
10894.7 2140.12 10957.2 2062.06
10908.2 2173.57 10969.1 2077.99
10919.5 2160.83 10980.8 2170.39
10930.9 2176.76 10992.8 2178.35
10943.7 2240.48 11005 2224.55
10955.7 2227.74 11017.5 2280.31
10967.1 2277.12 11028.9 2286.68
10979.3 2308.98 11040.3 2211.81
10992.2 2340.84 11052.8 2234.11
11002.4 2407.74 11064.8 2294.64
11015.8 2439.6 11077 2337.65
11027.5 2423.67 11089.6 2366.33
11040 2412.52 11101.3 2415.71
11051.4 2444.38 11112.6 2423.67
11064.2 2423.67 11124.9 2452.35
11075.3 2479.43 11137.1 2390.22
11087.3 2532 11149.1 2369.51
11100.1 2568.64 11161.4 2417.3
11112.1 2618.02 11172.4 2468.28
11123.2 2653.07 11184.7 2495.36
11135.1 2578.2 11197.5 2522.44
11147.6 2629.17 11209.5 2578.2
11160.2 2619.61 11221.5 2602.09
11171.3 2684.93 11232.8 2619.61
11183.5 2759.8 11245.1 2630.76
11196.1 2823.52 11257.1 2602.09
11207.8 2841.04 11269.6 2600.5
11219.1 2868.12 11282.1 2672.18
11231.7 2863.34 11293.8 2683.33
11244.2 2863.34 11305.8 2748.65
11255 2837.85 11317.5 2812.37
11267.6 2888.83 11329.7 2866.53
11279.2 2955.74 11342.8 2874.49
11290.9 2965.29 11353.1 2901.57
11303.8 3065.65 11365.6 2887.24
11315.1 3076.8 11377.6 2856.97
11327.4 3092.73 11389.2 2939.8
11339.9 3140.52 11401.8 2968.48
11351.6 3111.85 11414.3 3049.72
11362.7 3057.69 11425.7 3145.3
11375.2 3095.92 11438.6 3124.59
11387.8 3111.85 11450.2 3135.74
11399.8 3134.15 11462.8 3164.42
11411.1 3296.64 11474.4 3065.65
11424.3 3355.58 11486.1 3091.14
11435.6 3389.03 11499 3158.05
11447.3 3449.56 11511.2 3224.95
11459.9 3357.17 11522.9 3253.63
11471.5 3266.37 11535.5 3342.83
11482.9 3280.71 11547.4 3365.13
11496.1 3353.98 11559.1 3390.62
11507.4 3436.82 11571 3344.43
11520 3572.22 11582.4 3323.72
11531.9 3656.65 11595.9 3290.26
11543.3 3706.04 11606.7 3274.33
11555.6 3688.51 11619.2 3315.75
11567.6 3698.07 11631.2 3468.68
11579.8 3655.06 11643.1 3530.81
11591.8 3669.4 11655.4 3591.34
11603.5 3686.92 11666.8 3586.56
11615.7 3714 11679.3 3564.26
11626.5 3790.46 11691.3 3481.42
11639.9 3930.65 11703.6 3462.31
11652.2 3976.84 11715.5 3486.2
11663.3 4027.82 11726.9 3596.12
11676.7 4067.65 11739.8 3736.3
11687.5 3986.4 11752 3828.7
11699.5 3954.54 11764 3851
11710.9 3917.9 11775.4 3870.11
11723.1 3900.38 11787.9 3839.85
11736 4002.33 11799 3788.87
11748.2 4128.18 11812.5 3749.05
11758.7 4212.61 11824.1 3811.17
11771.6 4325.71 11837 3917.9
11782.7 4330.49 11848.4 4008.7
11796.1 4336.86 11860 4097.91
11807.5 4215.79 11872.6 4183.93
11820.3 4211.01 11885.2 4206.24
11831.7 4168 11896.5 4144.11
11842.5 4249.25 11908.8 4132.96
11855.7 4312.97 11921.1 4093.13
11867.4 4378.28 11932.8 4102.69
11879 4516.87 11944.7 4174.38
11891.3 4567.85 11957.6 4231.72
11903.5 4650.68 11971 4357.57
11915.2 4649.09 11982.4 4491.38
11928.1 4564.66 11995.2 4534.39
11939.2 4537.58 11999 4539.17
11951.7 4502.53 11987.6 4469.08
11964 4365.54 11975.7 4483.42
