6012.44 175.959 6024.78 27.8105
6004.22 185.517 6036.53 -35.9093
6000.69 201.447 6048.58 -5.64241
6008.04 152.064 6060.62 -26.3513
6019.79 175.959 6071.79 -16.7934
6031.83 139.32 6084.13 -27.9443
6043.88 147.285 6095.88 -7.23541
6055.92 152.064 6109.09 -53.4323
6067.68 91.5303 6120.55 -26.3513
6080.6 203.04 6133.18 -24.7583
6092.06 169.587 6144.05 -12.0144
6104.4 129.762 6156.38 -50.2463
6116.73 180.738 6167.84 -53.4323
6127.89 147.285 6181.06 -50.2463
6140.23 152.064 6193.1 -56.6182
6153.15 185.517 6205.43 -29.5373
6164.61 153.657 6216.3 -18.3864
6176.94 140.913 6228.34 19.8455
6188.99 161.622 6240.68 -39.0953
6200.73 147.285 6252.42 -48.6533
6212.78 129.762 6265.64 -55.0253
6225.41 163.215 6276.21 -40.6883
6236.56 145.692 6288.25 -48.6533
6248.9 139.32 6301.17 -62.9902
6260.65 80.3793 6313.21 -64.5832
6272.69 75.6003 6325.25 -21.5724
6285.02 156.843 6337.28 -35.9093
6296.76 121.797 6348.73 -12.0144
6309.1 142.506 6360.77 -24.7583
6322.02 109.053 6372.52 -34.3163
6332.59 99.4952 6385.14 -19.9794
6344.92 128.169 6396.89 -64.5832
6356.66 126.576 6408.34 -55.0253
6369.29 158.436 6420.66 -40.6883
6381.33 158.436 6432.99 -8.8284
6393.07 161.622 6445.03 -31.1303
6404.52 115.425 6456.77 -24.7583
6416.55 166.401 6469.1 2.32256
6428.89 140.913 6482.02 -19.9794
6440.63 129.762 6492.88 -8.8284
6452.96 156.843 6506.38 -43.8743
6465.28 140.913 6517.24 -47.0603
6476.73 80.3793 6528.69 -70.9552
6489.06 107.46 6541.89 -31.1303
6502.27 89.9373 6553.05 -47.0603
6512.54 117.018 6565.37 -16.7934
6525.16 112.239 6577.11 0.729569
6537.78 140.913 6589.73 5.50855
6549.52 110.646 6601.17 -12.0144
6561.85 112.239 6613.2 -69.3622
6573.3 78.7863 6626.41 -72.5482
6585.03 62.8564 6638.44 -51.8393
6597.65 132.948 6648.42 -34.3163
6609.68 152.064 6661.91 -2.45642
6621.42 118.611 6673.65 -18.3864
6633.75 132.948 6685.09 5.50855
6645.19 124.983 6698.3 -23.1654
6657.81 89.9373 6710.03 -45.4673
6669.84 110.646 6722.35 -4.04942
6681.57 120.204 6733.21 3.91556
6693.31 91.5303 6744.94 -19.9794
6705.04 96.3093 6758.14 -51.8393
6718.25 91.5303 6770.17 -45.4673
6730.27 142.506 6781.9 -35.9093
6740.84 96.3093 6793.93 -42.2813
6752.86 124.983 6805.96 -19.9794
6765.18 102.681 6818.28 -2.45642
6777.8 94.7163 6829.42 -43.8743
6790.12 105.867 6841.45 -24.7583
6801.56 113.832 6854.64 -45.4673
6813.58 109.053 6865.5 -64.5832
6825.9 120.204 6878.11 -35.9093
6837.63 101.088 6890.42 -50.2463
6849.95 140.913 6901.57 -53.4323
6861.98 107.46 6913.59 -27.9443
6873.71 97.9023 6925.91 -7.23541
6885.15 126.576 6937.93 16.6595
6897.46 107.46 6949.36 0.729569
6910.37 86.7513 6963.15 -0.863426
6922.09 126.576 6973.41 -29.5373
6934.12 94.7163 6986.02 -45.4673
6946.14 113.832 6998.04 -47.0603
6957.87 134.541 7010.94 -2.45642
6970.18 93.1233 7022.08 -55.0253
6980.74 123.39 7034.39 -37.5023
6993.64 120.204 7046.41 -19.9794
7005.66 70.8213 7058.14 -29.5373
7017.97 105.867 7069.86 5.50855
7029.7 86.7513 7082.47 2.32256
7041.72 109.053 7094.78 -24.7583
7053.44 96.3093 7106.5 -21.5724
7065.46 139.32 7119.69 -72.5482
7078.95 137.727 7130.54 -62.9902
7090.97 126.576 7142.26 -29.5373
7101.52 105.867 7154.86 -13.6074
7114.42 94.7163 7166.29 5.50855
7125.55 139.32 7178.31 -8.8284
7137.57 101.088 7190.32 -8.8284
7150.47 131.355 7203.22 2.32256
7161.9 88.3443 7215.82 -61.3972
7173.91 96.3093 7226.37 -8.8284
7186.22 139.32 7238.67 -34.3163
7197.94 124.983 7250.69 -69.3622
7210.54 107.46 7262.7 -27.9443
7221.68 115.425 7275.3 -18.3864
7233.69 77.1933 7287.02 -50.2463
7246 124.983 7298.44 0.729569
7258.6 112.239 7310.75 -19.9794
7269.44 123.39 7322.17 -35.9093
7282.04 128.169 7335.65 -61.3972
7294.05 109.053 7347.07 -40.6883
7306.35 101.088 7359.96 -74.1412
7318.37 97.9023 7371.68 -47.0603
7330.96 104.274 7383.4 -23.1654
7341.8 80.3793 7394.82 26.2175
7354.11 120.204 7406.83 -31.1303
7366.41 94.7163 7419.72 -48.6533
7378.42 88.3443 7431.73 -34.3163
7389.26 109.053 7442.56 -34.3163
7401.85 81.9723 7454.86 -98.0361
7414.15 88.3443 7466.87 -51.8393
7427.04 64.4494 7478.58 -8.8284
7437.88 96.3093 7491.76 21.4385
7450.18 94.7163 7503.18 -12.0144
7462.18 139.32 7514.9 -34.3163
7473.31 96.3093 7527.78 -40.6883
7486.2 99.4952 7539.2 -21.5724
7498.2 75.6003 7551.5 -13.6074
7509.92 81.9723 7563.21 -88.4781
7521.92 51.7054 7575.51 -50.2463
7533.64 99.4952 7587.51 -18.3864
7546.23 102.681 7599.81 -21.5724
7557.65 38.9614 7611.22 13.4735
7570.24 42.1474 7623.81 -8.8284
7581.95 102.681 7636.11 -29.5373
7593.36 51.7054 7648.11 -15.2004
7605.95 97.9023 7659.82 16.6595
7618.25 81.9723 7671.23 -26.3513
7630.54 48.5194 7684.7 -32.7233
7643.13 43.7404 7695.23 -45.4673
7654.84 96.3093 7707.53 -43.8743
7666.84 38.9614 7719.53 15.0665
7677.97 88.3443 7732.11 8.69454
7689.97 48.5194 7743.82 -2.45642
7702.55 94.7163 7756.11 -34.3163
7714.26 78.7863 7767.52 -37.5023
7726.26 86.7513 7779.82 -51.8393
7738.85 66.0424 7791.52 -39.0953
7750.84 64.4494 7803.81 -31.1303
7761.96 81.9723 7816.39 -42.2813
7774.84 37.3684 7828.39 0.729569
7786.55 70.8213 7839.8 30.9965
7798.55 88.3443 7851.51 -34.3163
7809.66 97.9023 7863.79 -26.3513
7823.12 89.9373 7876.38 -34.3163
7835.12 62.8564 7888.37 -61.3972
7846.24 77.1933 7900.37 -10.4214
7858.24 81.9723 7912.36 -34.3163
7871.11 72.4143 7924.06 -61.3972
7881.93 77.1933 7935.76 2.32256
7893.64 80.3793 7947.47 -27.9443
7906.51 88.3443 7961.21 0.729569
7918.5 53.2984 7972.62 -8.8284
7930.5 94.7163 7983.44 -59.8042
7942.49 107.46 7996.61 -55.0253
7954.19 70.8213 8008.01 -56.6182
7967.06 89.9373 8020.88 -61.3972
7978.77 54.8914 8032.88 -47.0603
7989.88 58.0774 8044.28 -56.6182
8002.46 58.0774 8056.57 -7.23541
8013.86 56.4844 8068.55 -40.6883
8025.85 58.0774 8080.25 -32.7233
8039.02 35.7755 8091.66 -61.3972
8050.42 70.8213 8104.52 -26.3513
8063.29 78.7863 8116.81 -34.3163
8074.11 29.4035 8128.5 -39.0953
8086.98 85.1583 8141.08 -21.5724
8098.68 29.4035 8153.06 -48.6533
8111.25 67.6354 8164.47 -37.5023
8122.07 89.9373 8177.33 -16.7934
8134.94 61.2634 8188.74 -58.2112
8146.63 53.2984 8201.89 -27.9443
8158.62 105.867 8213 -32.7233
8171.19 32.5895 8224.4 -43.8743
8182.89 56.4844 8237.27 -53.4323
8194.88 78.7863 8248.08 -47.0603
8206.86 59.6704 8261.24 21.4385
8219.43 93.1233 8273.51 -39.0953
8231.13 50.1124 8285.21 -43.8743
8242.53 94.7163 8298.07 -34.3163
8254.51 81.9723 8309.47 -21.5724
8266.79 43.7404 8321.45 -34.3163
8278.49 16.6595 8333.15 -29.5373
8290.18 35.7755 8345.13 13.4735
8301.87 5.50855 8357.7 -35.9093
8315.02 48.5194 8368.8 -50.2463
8325.84 99.4952 8381.66 -24.7583
8338.41 53.2984 8394.23 -26.3513
8350.1 70.8213 8405.33 -42.2813
8363.25 61.2634 8417.9 -40.6883
8374.65 37.3684 8429.3 -27.9443
8386.92 2.32256 8440.99 -23.1654
8398.61 45.3334 8453.55 -16.7934
8410.89 43.7404 8464.36 -42.2813
8422.58 -4.04942 8477.51 -55.0253
8435.14 77.1933 8490.37 -19.9794
8446.83 34.1825 8500.89 -43.8743
8458.81 69.2283 8513.75 -19.9794
8470.5 -0.863426 8525.43 -7.23541
8482.77 -21.5724 8538 -34.3163
8495.34 30.9965 8550.56 -24.7583
8507.32 5.50855 8561.37 -82.1062
8518.13 53.2984 8574.22 -61.3972
8531.28 26.2175 8585.32 -55.0253
8542.09 10.2875 8598.18 -66.1762
8555.23 26.2175 8610.74 -29.5373
8567.5 56.4844 8620.96 -58.2112
8578.6 16.6595 8633.82 -19.9794
8590.29 26.2175 8645.8 -18.3864
8602.85 -0.863426 8658.06 -53.4323
8614.83 -37.5023 8670.04 -27.9443
8627.1 72.4143 8681.43 -55.0253
8639.37 37.3684 8694.28 -40.6883
8651.64 53.2984 8706.55 -21.5724
8662.74 42.1474 8719.11 -59.8042
8674.71 48.5194 8730.79 -72.5482
8686.98 18.2525 8741.6 -123.524
8699.25 16.6595 8754.45 -126.71
8710.93 50.1124 8766.13 -98.0361
8722.03 45.3334 8778.1 -158.57
8734.3 83.5653 8790.66 -128.303
8746.56 29.4035 8802.93 -131.489
8758.54 54.8914 8813.73 -182.465
8771.39 38.9614 8826 -160.163
8783.07 67.6354 8839.43 -129.896
8795.34 32.5895 8850.82 -110.78
8806.73 56.4844 8863.08 -172.907
8819.28 66.0424 8875.35 -160.163
8830.09 32.5895 8887.03 -66.1762
8843.23 50.1124 8898.42 -101.222
8854.32 85.1583 8910.97 -93.2571
8867.17 42.1474 8922.94 -104.408
8878.56 56.4844 8935.2 -50.2463
8891.12 59.6704 8947.17 -90.0711
8903.09 32.5895 8958.56 -99.6291
8914.77 58.0774 8971.12 -120.338
8927.61 -10.4214 8983.38 -104.408
8939.58 43.7404 8995.35 -93.2571
8951.55 24.6245 9006.73 -31.1303
8962.65 8.69454 9018.99 -21.5724
8975.5 81.9723 9031.25 -27.9443
8986.3 54.8914 9043.22 -35.9093
8999.43 35.7755 9054.61 -62.9902
9011.4 77.1933 9067.16 -72.5482
9023.37 83.5653 9078.84 -19.9794
9035.05 40.5544 9090.51 -51.8393
9046.73 70.8213 9103.65 -40.6883
9059.86 96.3093 9115.03 -0.863426
9071.25 51.7054 9127.58 8.69454
9083.51 80.3793 9138.97 -31.1303
9094.89 97.9023 9151.23 37.3684
9106.86 70.8213 9164.07 29.4035
9119.12 74.0073 9175.45 34.1825
9130.8 64.4494 9188.3 -16.7934
9143.35 115.425 9199.68 35.7755
9154.73 69.2283 9211.06 -2.45642
9167.57 54.8914 9224.49 15.0665
9178.95 59.6704 9234.99 30.9965
9191.21 75.6003 9247.83 69.2283
9203.47 72.4143 9260.38 48.5194
9215.15 117.018 9271.76 80.3793
9227.11 110.646 9284.02 70.8213
9239.37 121.797 9295.99 94.7163
9251.63 104.274 9307.37 37.3684
9262.72 81.9723 9320.79 75.6003
9275.27 81.9723 9330.72 70.8213
9286.94 117.018 9343.55 67.6354
9299.2 91.5303 9356.1 59.6704
9311.16 137.727 9367.77 94.7163
9323.13 152.064 9380.32 66.0424
9334.8 167.994 9391.12 81.9723
9347.35 112.239 9405.13 112.239
9360.19 175.959 9415.92 120.204
9371.57 155.25 9427.59 137.727
9382.36 164.808 9440.43 183.924
9395.2 174.366 9452.69 188.703
9406.88 156.843 9464.06 150.471
9420.3 172.773 9476.32 167.994
9431.09 190.296 9487.7 142.506
9443.64 187.11 9500.24 179.145
9455.6 209.412 9512.5 191.889
9466.69 187.11 9523.88 177.552
9478.94 198.261 9536.13 209.412
9490.62 239.679 9548.97 209.412
9502.87 177.552 9560.64 199.854
9516 222.156 9572.89 226.935
9527.09 238.086 9583.98 206.226
9539.63 236.493 9597.11 163.215
9551.59 289.062 9608.19 241.272
9562.97 324.108 9621.03 199.854
9575.52 268.353 9632.7 247.644
9587.48 328.887 9644.66 252.423
9599.44 320.922 9656.62 279.504
9610.82 328.887 9668.87 289.062
9623.65 311.364 9680.83 285.876
9635.03 314.55 9692.21 301.806
9647.87 359.153 9705.04 295.434
9659.24 365.525 9716.42 266.76
9671.5 357.56 9728.67 322.515
9682.87 348.002 9741.8 354.374
9695.13 384.641 9752.88 357.56
9706.5 351.188 9765.72 445.175
9719.05 391.013 9776.8 403.757
9731.01 430.838 9789.35 446.768
9742.68 391.013 9801.31 408.536
9754.93 462.698 9813.26 421.28
9767.76 421.28 9825.23 414.908
9778.55 453.14 9836.6 461.105
9791.1 465.884 9849.43 504.116
9802.77 481.814 9861.98 510.488
9815.02 465.884 9873.65 540.755
9827.27 507.302 9884.73 467.477
9839.23 504.116 9897.27 508.895
9852.06 580.58 9909.52 502.523
9863.73 539.162 9921.19 524.825
9875.69 547.127 9933.73 585.359
9887.94 558.278 9945.98 540.755
9899.6 578.987 9956.77 588.545
9911.27 588.545 9970.19 575.801
9923.52 602.882 9980.4 607.661
9935.77 601.289 9993.82 593.324
9947.73 641.113 10005.8 612.44
9959.11 690.496 10016.9 628.37
9971.36 711.205 10029.7 639.521
9983.31 741.472 10041.4 621.998
9995.27 706.426 10053.6 687.31
10006.6 679.345 10065.3 688.903
10019.2 676.159 10078.1 770.146
10032 703.24 10090.4 771.739
10043.7 763.774 10102 766.96
10055.6 782.89 10114.3 749.437
10067.9 808.378 10125.3 751.03
10078.7 864.133 10137.6 795.634
10091.2 814.75 10149.6 829.087
10102.9 800.413 10162.4 845.017
10114.3 792.448 10174.6 859.354
10127.1 835.459 10186.6 813.157
10139.4 856.168 10197.1 902.365
10151 878.47 10209.9 889.621
10163.3 943.783 10222.2 881.656
10174.6 966.084 10233.5 946.969
10187.8 974.049 10247 983.607
10199.7 935.818 10257.8 994.758
10210.8 974.049 10270.6 999.537
10223.3 986.793 10282.6 1009.1
10235 932.632 10294.2 983.607
10248.1 962.898 10306.2 975.642
10260.1 972.456 10318.7 1025.03
10271.2 1085.56 10331 1036.18
10283.4 1107.86 10342.3 1096.71
10295.1 1157.24 10354.9 1079.19
10307.3 1213 10366.8 1142.91
10319.6 1126.98 10378.5 1133.35
10331.5 1125.38 10391.6 1099.9
10343.8 1088.75 10402.7 1117.42
10356 1090.34 10414.1 1103.08
10367.7 1088.75 10427.5 1082.37
10379.7 1155.65 10438.9 1115.83
10391.3 1273.53 10450.5 1138.13
10403.6 1275.13 10463.4 1154.06
10415.3 1335.66 10474.7 1179.55
10427.5 1306.99 10487.3 1220.96
10439.7 1254.42 10499 1284.68
10452 1289.46 10510.6 1262.38
10463.4 1262.38 10523.2 1220.96
10475.9 1327.69 10536 1240.08
10487.9 1375.48 10548 1219.37
10499.5 1388.23 10558.7 1244.86
10510.6 1424.87 10571.6 1367.52
10524 1486.99 10583.5 1380.26
10536.6 1482.21 10595.5 1394.6
10547.4 1466.28 10606.9 1396.19
10559.6 1456.73 10619.7 1410.53
10571.3 1415.31 10631.4 1394.6
10583.8 1471.06 10642.7 1394.6
10595.5 1533.19 10655.9 1429.65
10607.4 1560.27 10668.1 1509.3
10619.1 1631.96 10679.2 1522.04
10632.2 1665.41 10691.7 1536.38
10643 1681.34 10704 1547.53
10655.9 1667 10714.8 1603.28
10666.7 1601.69 10728.2 1633.55
10678.9 1639.92 10739.6 1665.41
10691.1 1676.56 10751.8 1659.04
10703.4 1694.08 10764.1 1638.33
10715.6 1754.62 10776.3 1633.55
10727.9 1775.33 10787.7 1678.15
10739.9 1788.07 10799.6 1710.01
10752.1 1805.59 10812.2 1767.36
10762.9 1813.56 10823.9 1778.51
10775.4 1770.55 10835.5 1789.66
10788 1824.71 10848.4 1775.33
10799.6 1824.71 10859.7 1760.99
10811.6 1886.84 10872.9 1768.95
10823.9 1944.18 10885.1 1819.93
10835.5 1947.37 10896.5 1823.12
10847.8 1956.93 10908.5 1926.66
10859.4 1977.64 10920.7 1933.03
10871.7 1996.75 10931.8 1953.74
10883.1 1947.37 10944.9 1984.01
10896.2 2015.87 10955.4 1985.6
10908.5 2038.17 10969.1 1964.89
10920.4 2074.81 10981.4 1969.67
10931.5 2143.31 10993 1991.97
10943.2 2186.32 11004.7 1956.93
10955.7 2191.1 11016.7 1984.01
10968.5 2230.92 11028.3 2023.83
10979.3 2240.48 11040.9 2133.75
10991.6 2226.14 11053.1 2181.54
11004.7 2275.53 11065.4 2186.32
11016.1 2245.26 11076.2 2207.03
11027.8 2334.47 11089 2203.84
11038.8 2329.69 11101.3 2197.47
11052.8 2406.15 11112.3 2211.81
11063.3 2471.46 11125.2 2191.1
11075.6 2474.65 11137.1 2238.89
11087.3 2477.84 11149.4 2313.76
11099.8 2466.69 11160.8 2391.81
11111.8 2461.91 11173.3 2444.38
11124.3 2500.14 11185.6 2442.79
11135.7 2519.25 11197.3 2444.38
11147.1 2587.75 11210.7 2463.5
11160.2 2571.82 11221.8 2438.01
11171.6 2657.85 11233.7 2426.86
11183.5 2673.77 11245.1 2511.29
11196.1 2708.82 11257.6 2493.77
11207.2 2669 11270.2 2592.53
11219.7 2770.95 11282.1 2638.73
11232 2673.77 11294.1 2702.45
11243.9 2734.31 11306.7 2735.9
11255 2785.28 11317.8 2718.38
11267.9 2833.07 11329.4 2697.67
11279.8 2861.75 11342 2680.15
11292.4 2966.89 11353.6 2637.14
11303.8 2919.1 11366.5 2710.41
11315.1 2893.61 11377.6 2769.35
11327.7 2919.1 11389.5 2868.12
11340.2 2893.61 11401.8 2957.33
11351.6 3013.08 11413.8 2946.18
11363.3 3040.16 11426 2954.14
11376.1 3086.36 11438 2933.43
11388.1 3166.01 11449.6 2872.9
11399.8 3178.75 11462.5 2896.79
11411.7 3153.27 11473.9 2968.48
11424.3 3202.65 11485.5 2981.22
11435.6 3156.45 11498.4 3057.69
11447.3 3210.61 11510.9 3110.26
11459.9 3234.51 11522.9 3134.15
11470.7 3253.63 11535.5 3191.5
11484.4 3374.69 11546.5 3252.03
11496.3 3427.26 11559.7 3226.54
11507.4 3457.53 11570.8 3224.95
11520 3532.4 11582.7 3221.77
11531.4 3494.17 11594.4 3240.88
11543.3 3460.71 11607.2 3317.35
11555.6 3468.68 11619.2 3381.06
11567.6 3511.69 11630.9 3414.52
11580.1 3513.28 11642.6 3470.27
11591.8 3615.24 11655.1 3500.54
11603.5 3624.79 11667.4 3511.69
11614.8 3734.71 11679 3489.39
11627.1 3792.06 11691.6 3471.86
11639.6 3717.19 11703.9 3546.74
11651 3747.45 11716.1 3613.64
11663.6 3698.07 11727.8 3577
11675.5 3736.3 11739.5 3712.41
11688.4 3823.92 11751.7 3718.78
11699.8 3836.66 11763.7 3691.7
11712 3886.04 11776.3 3772.94
11723.4 3946.58 11788.2 3760.2
11735.4 3997.55 11799.9 3814.36
11747.4 3951.36 11813 3844.63
11759.9 4054.9 11823.5 3825.51
11771.6 4089.95 11836.1 3843.03
11784.1 4091.54 11849 3843.03
11795.2 4144.11 11859.8 3944.98
11808.1 4131.37 11872.3 3983.22
11820.3 4204.64 11884.3 4101.1
11830.6 4231.72 11896.8 4086.76
11843.7 4252.43 11909.1 4152.07
11855.4 4351.2 11920.5 4104.28
11866.2 4395.8 11931.9 4064.46
11879.9 4406.95 11945 4074.02
11891.3 4424.48 11957.9 4168
11903.5 4405.36 11970.7 4231.72
11915.8 4469.08 11982.7 4359.16
11927.8 4512.09 11994.4 4324.12
11939.8 4500.94 11999.6 4419.7
11951.7 4588.55 11988.2 4421.29
11963.7 4488.2 11976 4470.67
