6011.86 -26.3513 6024.2 -23.1654
6003.92 -43.8743 6036.53 -77.3272
6000.99 -34.3163 6047.4 -67.7692
6007.45 -78.9202 6060.04 -32.7233
6019.79 -82.1062 6071.79 -18.3864
6030.95 -47.0603 6084.42 -37.5023
6043.88 -75.7342 6096.46 -45.4673
6055.34 -19.9794 6107.63 -59.8042
6067.97 5.50855 6120.55 -40.6883
6080.31 -0.863426 6132.3 -45.4673
6092.35 -29.5373 6144.05 -37.5023
6104.1 -43.8743 6156.38 -70.9552
6116.14 -96.4431 6168.13 -64.5832
6128.48 -70.9552 6181.06 -32.7233
6139.94 -61.3972 6192.22 -0.863426
6152.27 -62.9902 6204.85 -51.8393
6164.61 -24.7583 6215.71 -31.1303
6176.65 -37.5023 6228.63 -37.5023
6189.28 -75.7342 6240.09 -67.7692
6200.44 -74.1412 6252.72 -45.4673
6212.78 -90.0711 6265.05 -51.8393
6225.41 -32.7233 6276.5 -47.0603
6236.56 -64.5832 6288.54 -53.4323
6248.31 13.4735 6301.76 -31.1303
6261.23 -40.6883 6312.33 -77.3272
6272.98 -43.8743 6324.95 -88.4781
6285.02 -69.3622 6336.99 -32.7233
6297.65 -40.6883 6348.44 -67.7692
6308.51 -40.6883 6361.07 -50.2463
6320.55 -55.0253 6373.4 -53.4323
6332.59 -47.0603 6385.14 -40.6883
6345.21 11.8805 6396.89 -26.3513
6356.66 -66.1762 6409.22 -50.2463
6368.7 -39.0953 6420.66 -50.2463
6381.03 -27.9443 6433.29 -35.9093
6393.07 -31.1303 6445.03 -47.0603
6405.4 -2.45642 6457.07 -47.0603
6415.97 -47.0603 6468.81 -23.1654
6428.89 -53.4323 6481.14 -39.0953
6441.51 -55.0253 6492.58 -43.8743
6452.37 -62.9902 6505.5 -69.3622
6464.7 -47.0603 6517.53 -8.8284
6477.03 -35.9093 6528.69 -50.2463
6488.77 -35.9093 6541.6 -40.6883
6501.39 15.0665 6553.34 -40.6883
6513.13 -64.5832 6564.78 -19.9794
6525.75 -45.4673 6577.11 -35.9093
6538.08 -39.0953 6589.44 -74.1412
6550.11 -37.5023 6600.88 -40.6883
6560.97 -40.6883 6612.91 -37.5023
6573 -18.3864 6624.94 -29.5373
6584.74 -21.5724 6638.15 -12.0144
6597.36 -29.5373 6649 -55.0253
6607.92 -40.6883 6661.03 -29.5373
6621.42 -77.3272 6673.65 -12.0144
6633.45 -43.8743 6684.8 -31.1303
6644.9 -16.7934 6697.12 -62.9902
6658.39 -58.2112 6710.03 -35.9093
6668.08 -27.9443 6720.89 -29.5373
6681.57 -34.3163 6732.91 -27.9443
6693.9 -32.7233 6745.82 -43.8743
6705.34 -61.3972 6757.85 -58.2112
6717.37 -19.9794 6769.88 -47.0603
6729.4 -7.23541 6781.61 -47.0603
6741.72 -5.64241 6794.23 -74.1412
6754.33 -62.9902 6805.96 -7.23541
6764.89 -48.6533 6817.69 -47.0603
6777.51 -39.0953 6829.72 -21.5724
6789.83 -18.3864 6842.33 -58.2112
6801.27 -51.8393 6854.06 -37.5023
6813 -50.2463 6865.5 -32.7233
6824.73 -19.9794 6878.4 -19.9794
6838.22 -24.7583 6890.13 -35.9093
6849.37 -18.3864 6902.74 -82.1062
6861.68 -7.23541 6914.47 -37.5023
6872.54 -12.0144 6926.2 -50.2463
6885.44 -48.6533 6937.93 -61.3972
6897.76 -42.2813 6949.36 -53.4323
6909.19 -16.7934 6962.56 -5.64241
6921.51 -56.6182 6974 -16.7934
6934.41 -51.8393 6985.72 -59.8042
6945.26 -21.5724 6998.04 -32.7233
6957.28 -10.4214 7009.76 -39.0953
6970.18 -18.3864 7022.37 -55.0253
6981.62 -48.6533 7034.39 21.4385
6993.64 -50.2463 7046.12 -37.5023
7005.07 -67.7692 7058.43 -53.4323
7017.68 -48.6533 7070.15 -64.5832
7030.29 -48.6533 7082.76 -51.8393
7041.43 -37.5023 7094.48 -34.3163
7053.44 -37.5023 7106.21 -32.7233
7066.05 -26.3513 7118.23 -39.0953
7077.78 -61.3972 7130.83 -40.6883
7089.8 -70.9552 7143.43 8.69454
7102.1 -59.8042 7154.28 -16.7934
7114.42 -59.8042 7166.59 -13.6074
7125.85 -39.0953 7178.31 -37.5023
7138.45 -26.3513 7191.79 -5.64241
7149.88 -61.3972 7202.63 -4.04942
7161.31 -27.9443 7214.94 -90.0711
7174.5 -0.863426 7227.24 -27.9443
7186.22 -23.1654 7238.67 -19.9794
7197.65 -42.2813 7250.1 -42.2813
7209.96 -12.0144 7263.29 -27.9443
7221.97 -34.3163 7275.3 -8.8284
7234.28 -82.1062 7287.6 -21.5724
7246 -74.1412 7299.03 -62.9902
7257.72 -31.1303 7311.34 -40.6883
7270.32 -69.3622 7322.17 -43.8743
7282.33 -53.4323 7335.07 -50.2463
7294.34 -55.0253 7347.07 -51.8393
7306.35 -40.6883 7358.21 -37.5023
7318.66 -51.8393 7371.39 -16.7934
7330.96 -29.5373 7383.4 -7.23541
7341.22 -59.8042 7394.53 -39.0953
7354.11 -51.8393 7407.42 -88.4781
7366.41 -32.7233 7419.13 -74.1412
7378.13 -4.04942 7431.14 -43.8743
7390.14 -40.6883 7443.44 -56.6182
7401.85 -34.3163 7454.57 3.91556
7414.45 -2.45642 7467.46 18.2525
7426.45 -34.3163 7479.46 -13.6074
7437.29 -40.6883 7491.76 8.69454
7450.18 -55.0253 7503.77 -24.7583
7462.18 -26.3513 7515.48 -37.5023
7473.61 -32.7233 7527.78 -51.8393
7485.61 -34.3163 7540.08 -42.2813
7498.2 -56.6182 7550.33 -47.0603
7509.33 -4.04942 7563.79 -50.2463
7521.92 -27.9443 7575.51 -32.7233
7534.51 -18.3864 7586.92 2.32256
7547.11 -15.2004 7599.51 -16.7934
7558.52 -43.8743 7611.81 2.32256
7570.24 -24.7583 7623.52 -56.6182
7582.82 -23.1654 7634.93 -75.7342
7593.95 0.729569 7648.4 -51.8393
7606.54 -24.7583 7659.23 -47.0603
7617.08 -16.7934 7671.53 -75.7342
7630.84 -35.9093 7684.11 -23.1654
7641.96 8.69454 7695.82 -0.863426
7654.55 -21.5724 7707.82 -0.863426
7666.84 -64.5832 7719.82 -56.6182
7678.26 -34.3163 7731.23 -55.0253
7689.09 -45.4673 7744.41 -67.7692
7703.43 19.8455 7756.4 -27.9443
7713.97 -16.7934 7767.52 -53.4323
7726.84 -16.7934 7780.11 -47.0603
7737.97 -24.7583 7792.11 -67.7692
7750.84 -48.6533 7804.4 -29.5373
7763.43 -53.4323 7815.22 -13.6074
7773.96 -12.0144 7828.1 -45.4673
7786.84 -7.23541 7840.68 -59.8042
7798.55 -13.6074 7852.38 -64.5832
7810.25 -59.8042 7864.67 -61.3972
7823.12 -39.0953 7876.67 -24.7583
7835.12 -48.6533 7887.79 -31.1303
7846.24 -39.0953 7900.95 -45.4673
7857.94 -55.0253 7911.48 10.2875
7870.52 -40.6883 7924.06 -32.7233
7882.52 -12.0144 7937.23 3.91556
7894.22 -15.2004 7948.34 -48.6533
7906.51 -56.6182 7960.34 -29.5373
7918.5 -31.1303 7971.74 -37.5023
7930.5 -5.64241 7984.32 -18.3864
7942.49 8.69454 7996.02 -35.9093
7954.49 -40.6883 8008.89 -47.0603
7966.48 -39.0953 8020.3 7.10155
7978.77 -43.8743 8032.29 -15.2004
7990.47 -45.4673 8044.87 -32.7233
8001.87 -43.8743 8056.27 -18.3864
8015.03 -23.1654 8067.97 -0.863426
8026.44 0.729569 8079.67 -48.6533
8038.72 -29.5373 8092.24 -16.7934
8050.13 19.8455 8105.4 -29.5373
8063 -18.3864 8116.81 -29.5373
8073.82 -15.2004 8128.5 -47.0603
8087.56 -0.863426 8141.08 2.32256
8099.26 -2.45642 8152.77 -51.8393
8110.66 -50.2463 8164.76 -35.9093
8122.36 26.2175 8177.33 -24.7583
8133.77 -0.863426 8188.74 -10.4214
8146.34 -27.9443 8201.01 -32.7233
8158.91 -19.9794 8213 -43.8743
8170.61 -18.3864 8224.99 -40.6883
8184.06 -26.3513 8237.27 -32.7233
8195.46 -26.3513 8249.25 -21.5724
8207.15 5.50855 8261.24 -61.3972
8217.97 34.1825 8273.22 8.69454
8231.42 19.8455 8284.04 -24.7583
8242.53 -0.863426 8297.49 7.10155
8255.98 32.5895 8308.3 11.8805
8266.5 -12.0144 8320.58 -48.6533
8279.07 -13.6074 8334.31 -18.3864
8290.76 -8.8284 8345.13 -4.04942
8302.45 11.8805 8357.4 -39.0953
8314.73 10.2875 8369.39 -43.8743
8327.01 -5.64241 8381.08 -45.4673
8338.7 -55.0253 8393.94 -67.7692
8350.97 26.2175 8404.75 -27.9443
8362.08 8.69454 8417.61 -37.5023
8375.23 32.5895 8429 3.91556
8386.05 -27.9443 8441.57 -10.4214
8398.9 -19.9794 8453.84 -23.1654
8410.3 -10.4214 8464.95 -23.1654
8422.87 -27.9443 8477.51 -47.0603
8435.73 -45.4673 8489.49 -77.3272
8446.83 0.729569 8502.35 -74.1412
8459.1 -13.6074 8514.04 7.10155
8470.21 -40.6883 8525.73 -21.5724
8482.19 -5.64241 8536.53 -16.7934
8494.75 0.729569 8550.27 -12.0144
8506.73 -29.5373 8561.66 -21.5724
8519 -15.2004 8574.22 -29.5373
8531.86 -42.2813 8585.62 -10.4214
8542.09 -18.3864 8598.18 -43.8743
8554.36 -16.7934 8609.86 -64.5832
8567.5 5.50855 8621.55 -51.8393
8577.73 8.69454 8634.69 -43.8743
8591.46 16.6595 8646.96 -13.6074
8602.85 10.2875 8657.48 -66.1762
8615.41 -13.6074 8670.33 -47.0603
8626.51 -35.9093 8682.31 -77.3272
8638.78 -18.3864 8693.7 -118.745
8651.05 7.10155 8706.84 -109.187
8663.32 -45.4673 8718.53 -129.896
8675.01 7.10155 8730.5 -91.6641
8687.56 2.32256 8742.18 -69.3622
8698.66 15.0665 8753.57 -61.3972
8710.35 3.91556 8766.42 -64.5832
8722.32 -27.9443 8778.1 -55.0253
8736.05 -31.1303 8789.79 -21.5724
8746.86 -5.64241 8802.64 -106.001
8758.83 2.32256 8815.19 -86.8852
8771.1 -4.04942 8827.75 -121.931
8782.48 -2.45642 8838.56 -117.152
8794.75 -32.7233 8850.53 -42.2813
8807.31 11.8805 8863.08 -67.7692
8819.28 -18.3864 8874.47 -8.8284
8830.96 29.4035 8886.44 -34.3163
8844.1 -26.3513 8899 -15.2004
8854.91 3.91556 8911.26 -51.8393
8867.76 11.8805 8922.36 -102.815
8877.98 -29.5373 8934.62 -88.4781
8890.53 -2.45642 8947.17 -72.5482
8902.8 34.1825 8959.14 -83.6992
8915.06 13.4735 8971.12 -29.5373
8928.2 3.91556 8983.09 -40.6883
8938.71 7.10155 8995.06 -12.0144
8951.26 -7.23541 9007.32 -26.3513
8962.36 27.8105 9019.58 -10.4214
8974.62 -5.64241 9030.67 -85.2922
8986.59 -10.4214 9042.93 -27.9443
8998.85 8.69454 9054.9 -16.7934
9010.82 26.2175 9066.87 -34.3163
9023.66 54.8914 9079.42 -7.23541
9035.34 48.5194 9090.51 -0.863426
9047.02 45.3334 9103.65 0.729569
9060.74 16.6595 9115.03 7.10155
9070.67 -29.5373 9127.58 -45.4673
9083.8 13.4735 9139.84 -16.7934
9093.73 34.1825 9151.81 -32.7233
9106.28 13.4735 9163.78 -19.9794
9119.41 104.274 9175.16 -24.7583
9131.38 72.4143 9187.71 -4.04942
9143.05 66.0424 9199.97 -26.3513
9155.9 86.7513 9211.06 66.0424
9166.99 23.0315 9223.9 43.7404
9179.54 83.5653 9235.58 35.7755
9191.8 81.9723 9247.54 15.0665
9203.18 38.9614 9259.51 5.50855
9214.85 61.2634 9271.47 -5.64241
9227.11 21.4385 9283.44 19.8455
9238.79 81.9723 9296.86 -4.04942
9250.46 115.425 9307.95 69.2283
9262.43 85.1583 9319.92 78.7863
9275.27 113.832 9331.88 56.4844
9286.65 132.948 9343.55 86.7513
9299.2 97.9023 9355.52 75.6003
9311.75 115.425 9366.9 45.3334
9323.13 102.681 9380.03 93.1233
9334.8 107.46 9392.28 89.9373
9346.47 137.727 9403.66 115.425
9359.02 161.622 9416.21 110.646
9371.28 179.145 9427.89 104.274
9382.95 164.808 9439.85 171.18
9395.79 161.622 9451.81 183.924
9406.58 171.18 9464.36 104.274
9418.84 211.005 9476.61 131.355
9431.68 137.727 9488.57 156.843
9442.76 179.145 9500.24 140.913
9455.31 196.668 9512.21 171.18
9466.69 211.005 9523.29 105.867
9479.24 195.075 9537.59 193.482
9490.91 277.911 9548.09 214.191
9503.16 301.806 9560.34 217.377
9515.71 277.911 9572.6 201.447
9526.5 260.388 9583.98 183.924
9539.05 244.458 9597.4 238.086
9551.88 244.458 9608.77 233.307
9562.68 279.504 9620.74 230.121
9575.81 287.469 9633.28 298.62
9587.19 309.771 9644.66 316.143
9599.44 316.143 9656.91 312.957
9611.11 322.515 9668.58 327.294
9622.78 328.887 9681.12 284.283
9635.32 367.118 9692.21 266.76
9647.28 368.711 9704.75 273.132
9658.95 351.188 9716.71 371.897
9670.04 367.118 9728.67 370.304
9683.17 332.072 9740.34 402.164
9695.42 365.525 9752.88 395.792
9707.67 400.571 9764.55 410.129
9720.21 397.385 9777.09 408.536
9731.3 418.094 9789.64 363.932
9742.97 411.722 9801.31 397.385
9754.93 424.466 9813.26 403.757
9767.47 414.908 9825.52 437.21
9778.85 422.873 9836.31 429.245
9791.97 473.849 9848.85 446.768
9803.06 499.337 9860.81 499.337
9815.89 500.93 9873.06 510.488
9826.98 499.337 9885.89 528.011
9840.1 548.72 9896.69 508.895
9852.06 571.022 9909.52 473.849
9863.44 547.127 9921.19 494.558
9875.4 629.963 9933.15 502.523
9887.64 591.731 9945.1 491.372
9899.6 614.033 9958.23 553.499
9911.27 647.486 9970.19 583.766
9922.94 680.938 9981.86 637.928
9935.48 674.566 9993.23 642.706
9947.44 657.043 10006.3 629.963
9959.11 658.636 10017.1 647.486
9971.36 696.868 10030.6 636.334
9983.02 725.542 10042.2 668.194
9995.27 741.472 10053.6 668.194
10007.8 743.065 10066.7 682.531
10018.6 779.704 10077.5 746.251
10030.6 738.286 10090.6 714.391
10044 751.03 10102 698.461
10055.4 771.739 10114.3 789.262
10067.3 741.472 10125.9 833.866
10079 794.041 10138.2 868.912
10090.9 781.297 10149.3 886.435
10104.6 878.47 10162.4 809.971
10114.3 913.516 10173.8 851.389
10128.3 880.063 10185.7 867.319
10140.5 889.621 10199.1 911.923
10151 927.853 10210.2 953.34
10164.4 929.446 10222.2 951.748
10174.6 891.214 10233.8 946.969
10187.5 939.004 10247.3 932.632
10200.3 940.597 10258.9 969.27
10212 972.456 10270.3 975.642
10223.6 1072.82 10283.1 1047.33
10235.9 1023.43 10293.9 1007.5
10247.6 1111.05 10305.6 1039.36
10260.4 1106.27 10318.4 1044.14
10270.9 1085.56 10329.2 996.351
10283.1 1082.37 10342.9 1080.78
10295.7 1039.36 10354.9 1085.56
10307.6 1134.94 10366 1111.05
10319.6 1157.24 10378.8 1136.53
10331.5 1227.34 10391 1147.69
10343.5 1297.43 10403 1112.64
10355.5 1268.75 10415.3 1165.21
10366.5 1303.8 10427.5 1125.38
10379.4 1311.76 10439.2 1179.55
10390.8 1268.75 10451.1 1217.78
10403.6 1254.42 10462.8 1252.82
10415.5 1265.57 10475.3 1256.01
10427.5 1306.99 10486.1 1313.36
10439.2 1362.74 10499 1316.54
10450.5 1397.79 10511.2 1265.57
10463.4 1388.23 10523.5 1326.1
10475.3 1447.17 10534.5 1294.24
10487 1453.54 10547.4 1343.62
10499.8 1365.93 10559.6 1396.19
10511.2 1405.75 10570.4 1408.94
10522.9 1429.65 10583.5 1447.17
10536.3 1421.68 10595.2 1467.88
10548 1542.75 10606.6 1494.96
10559.6 1571.42 10619.1 1491.77
10571.6 1604.88 10631.1 1466.28
10582.9 1609.65 10643 1515.67
10596.4 1674.97 10655.6 1498.14
10607.7 1580.98 10667.5 1514.07
10619.1 1622.4 10680.4 1558.68
10632.2 1569.83 10691.7 1668.6
10643.3 1646.29 10703.1 1638.33
10655.9 1713.2 10715.6 1697.27
10667.8 1757.8 10727.6 1702.05
10679.2 1811.96 10740.1 1684.53
10692.6 1804 10751.8 1713.2
10703.4 1808.78 10763.8 1687.71
10715.1 1804 10776.3 1711.61
10727.9 1799.22 10788 1762.58
10739 1834.27 10799.9 1847.01
10751.2 1818.34 10812.8 1867.72
10763.2 1851.79 10823.9 1896.39
10776.6 1942.59 10835.8 1853.38
10787.7 1993.57 10847.5 1878.87
10798.5 1991.97 10860 1832.67
10811.6 2027.02 10872.3 1854.98
10823.6 2039.76 10883.6 1851.79
10836.4 2036.58 10896.2 1856.57
10846.9 2003.12 10908.7 1913.92
10859.1 2082.77 10920.7 2027.02
10871.7 2105.08 10932.4 2031.8
10883.1 2135.34 10944.9 2087.55
10895.9 2187.91 10956.6 2044.54
10907.3 2205.43 10968.3 2030.21
10919.8 2234.11 10980.5 2022.24
10931.5 2213.4 10992.5 2057.29
10944 2250.04 11005.6 2090.74
10954.8 2243.67 11017 2181.54
10967.1 2286.68 11028.3 2229.33
10979.9 2385.44 11040.6 2270.75
10990.7 2391.81 11053.7 2337.65
11004.1 2425.27 11065.1 2277.12
11016.4 2433.23 11076.5 2312.17
11028 2391.81 11089 2280.31
11040.3 2406.15 11101.3 2269.15
11052 2495.36 11113.2 2379.07
11063.1 2474.65 11124.9 2436.42
11075.9 2519.25 11136.9 2479.43
11088.1 2586.16 11150.3 2498.55
11098.9 2578.2 11161.4 2565.45
11111.8 2590.94 11173.6 2498.55
11124 2638.73 11185.3 2544.74
11136 2584.57 11197 2581.38
11147.9 2657.85 11209.5 2590.94
11160.2 2667.4 11222 2565.45
11171.6 2664.22 11233.7 2573.42
11183.3 2758.2 11246.3 2608.46
11196.1 2785.28 11257.6 2704.04
11207.5 2892.02 11269.9 2721.56
11220 2912.72 11282.1 2734.31
11230.5 2890.42 11293.5 2815.55
11243.9 2915.91 11306.1 2747.05
11255.9 2911.13 11318 2747.05
11267 2888.83 11329.7 2734.31
11278.7 2904.76 11342.3 2775.73
11291.2 3019.46 11353.1 2842.63
11303.4 3087.95 11365.6 2960.51
11315.4 3167.6 11377.3 2976.44
11328 3218.58 11389.5 2974.85
11339.9 3228.14 11401.8 2915.91
11351 3194.68 11414.9 2981.22
11363.3 3138.93 11426 2933.43
11376.4 3116.63 11437.7 3008.3
11386.9 3134.15 11449.9 3108.66
11400.3 3247.25 11462.8 3150.08
11411.4 3369.91 11473.9 3234.51
11423.7 3411.33 11486.4 3279.11
11434.8 3478.24 11498.1 3296.64
11447.6 3479.83 11510 3334.87
11460.1 3427.26 11523.2 3338.05
11471.2 3400.18 11534.6 3320.53
11483.5 3416.11 11546.8 3338.05
11495.8 3350.8 11559.1 3416.11
11507.4 3414.52 11570.8 3452.75
11520 3511.69 11583.3 3508.5
11531.4 3613.64 11594.7 3564.26
11543.6 3753.83 11608.1 3615.24
11555.9 3750.64 11619.2 3613.64
11567.3 3785.69 11631.2 3626.39
11578.6 3780.91 11643.1 3541.96
11591.5 3699.66 11655.4 3612.05
11602.9 3656.65 11667.1 3556.29
11616 3761.79 11679.6 3667.8
11627.4 3803.21 11691.3 3712.41
11639.9 3927.46 11702.7 3772.94
11651.3 4099.51 11715 3758.6
11662.7 4089.95 11727.2 3744.27
11675.3 4124.99 11739.8 3739.49
11687.8 4077.2 11752 3812.77
11700.1 3991.18 11764 3820.73
11711.7 4040.56 11776 3843.03
11724.3 4056.49 11787.4 3941.8
11736 4132.96 11799.9 3940.21
11747.4 4255.62 11811.9 3991.18
11758.7 4351.2 11824.1 4008.7
11771.9 4360.76 11836.4 4034.19
11784.4 4406.95 11848.7 4074.02
11795.8 4317.75 11861.2 4145.7
11808.4 4314.56 11872.3 4198.27
11819.8 4305 11884.6 4250.84
11831.1 4305 11897.1 4290.67
11844.3 4383.06 11909.7 4330.49
11855.7 4477.04 11920.5 4349.61
11867.9 4564.66 11933.3 4395.8
11879.9 4696.88 11944.7 4403.77
11891.9 4663.43 11957.6 4416.51
11903.5 4660.24 11971 4461.12
11915.5 4625.19 11983 4497.75
11928.1 4642.72 11994.4 4594.93
11938.9 4620.41 11998.5 4696.88
11951.7 4773.34 11987.9 4719.18
11963.4 4677.76 11974.8 4773.34
