6012.74 -32.7233 6024.2 -64.5832
6004.22 -18.3864 6036.24 -70.9552
6000.69 -55.0253 6047.99 -53.4323
6009.21 16.6595 6060.62 -64.5832
6019.79 -32.7233 6072.67 -26.3513
6031.25 11.8805 6084.13 -94.8501
6043.29 -37.5023 6096.17 -48.6533
6055.63 -50.2463 6107.92 -61.3972
6067.09 -53.4323 6121.72 -61.3972
6080.01 -37.5023 6132.01 -90.0711
6091.76 -43.8743 6144.05 -101.222
6104.4 0.729569 6156.38 -62.9902
6117.02 -58.2112 6168.43 -18.3864
6127.6 -12.0144 6179.88 -69.3622
6140.52 -18.3864 6193.39 -51.8393
6152.57 -43.8743 6205.43 -62.9902
6164.32 -64.5832 6216.3 -50.2463
6177.24 3.91556 6228.05 -99.6291
6188.69 -34.3163 6240.97 -53.4323
6201.03 -8.8284 6252.72 -91.6641
6212.48 -10.4214 6264.46 -31.1303
6224.82 -7.23541 6276.5 -67.7692
6236.27 10.2875 6289.72 -61.3972
6249.19 -24.7583 6300.58 -43.8743
6261.23 -15.2004 6312.91 -58.2112
6272.69 -8.8284 6325.83 -70.9552
6285.02 -37.5023 6337.28 -45.4673
6297.35 -29.5373 6348.15 -61.3972
6308.51 11.8805 6361.07 -67.7692
6321.72 -74.1412 6373.4 -50.2463
6332 -35.9093 6385.44 -53.4323
6344.92 -24.7583 6396.59 -48.6533
6356.66 10.2875 6409.22 -43.8743
6368.7 -7.23541 6421.55 -13.6074
6381.03 -42.2813 6433.29 -45.4673
6393.07 10.2875 6445.32 -59.8042
6405.11 -58.2112 6457.36 -62.9902
6416.26 -16.7934 6469.39 -53.4323
6429.18 -58.2112 6480.84 -43.8743
6441.51 -45.4673 6492.29 -48.6533
6452.96 -47.0603 6506.09 -24.7583
6464.7 -21.5724 6516.36 -12.0144
6477.03 -13.6074 6528.69 -75.7342
6488.77 0.729569 6541.01 -61.3972
6500.51 24.6245 6553.63 -64.5832
6513.72 -18.3864 6565.37 -93.2571
6526.04 -34.3163 6577.99 -74.1412
6536.61 26.2175 6589.14 -62.9902
6549.23 -34.3163 6601.76 -53.4323
6561.26 -2.45642 6613.5 -48.6533
6573.3 10.2875 6625.82 -34.3163
6585.33 -19.9794 6637.27 -66.1762
6597.95 -42.2813 6649.59 -74.1412
6608.8 -8.8284 6661.33 -62.9902
6621.42 26.2175 6673.36 -88.4781
6632.28 -4.04942 6685.09 -86.8852
6645.19 2.32256 6697.71 -64.5832
6657.51 -8.8284 6709.44 -29.5373
6669.25 -2.45642 6722.06 -48.6533
6681.28 -7.23541 6733.5 -69.3622
6693.31 -13.6074 6745.24 -59.8042
6705.34 -69.3622 6757.56 -43.8743
6717.95 -35.9093 6769.59 -34.3163
6729.1 -34.3163 6782.2 -96.4431
6741.72 2.32256 6794.23 -78.9202
6753.16 -18.3864 6805.66 -50.2463
6765.18 -34.3163 6817.4 -64.5832
6777.51 -0.863426 6829.13 -32.7233
6789.83 23.0315 6842.03 -34.3163
6800.97 -15.2004 6854.06 -47.0603
6814.17 -66.1762 6864.91 -24.7583
6825.9 -29.5373 6877.81 -51.8393
6838.22 -56.6182 6890.13 -70.9552
6849.37 -45.4673 6901.86 -82.1062
6861.98 -34.3163 6914.77 0.729569
6874 7.10155 6925.91 -42.2813
6884.27 -16.7934 6937.64 -64.5832
6897.46 -21.5724 6949.66 -48.6533
6909.78 -15.2004 6961.97 -45.4673
6921.8 -21.5724 6973.7 -47.0603
6933.53 -13.6074 6985.43 -70.9552
6945.55 -32.7233 6998.63 -80.5132
6957.58 5.50855 7010.06 -43.8743
6969.6 3.91556 7021.78 -50.2463
6981.62 5.50855 7034.68 -82.1062
6993.93 -2.45642 7046.7 -37.5023
7005.07 38.9614 7058.14 -42.2813
7017.09 13.4735 7070.45 -56.6182
7029.99 -21.5724 7082.76 -47.0603
7042.01 -7.23541 7094.48 -112.373
7053.44 -24.7583 7106.21 -69.3622
7065.46 -34.3163 7118.23 -53.4323
7077.78 -7.23541 7130.54 -88.4781
7089.5 -4.04942 7141.67 -15.2004
7101.81 24.6245 7154.86 -0.863426
7114.71 -2.45642 7166.29 -16.7934
7125.85 24.6245 7177.72 2.32256
7138.16 -4.04942 7191.49 -40.6883
7150.47 -34.3163 7202.34 -59.8042
7162.19 -51.8393 7214.94 -48.6533
7173.33 -35.9093 7226.07 -37.5023
7185.34 -35.9093 7238.09 -8.8284
7197.65 11.8805 7251.27 -43.8743
7209.66 8.69454 7262.7 -21.5724
7221.68 -7.23541 7275.01 -13.6074
7233.69 -59.8042 7287.6 -15.2004
7246.29 -4.04942 7298.44 -31.1303
7258.6 -10.4214 7311.34 7.10155
7269.73 -56.6182 7322.76 -21.5724
7281.45 -7.23541 7335.65 -69.3622
7293.76 -19.9794 7347.37 -51.8393
7306.06 19.8455 7358.5 -66.1762
7317.49 -26.3513 7371.1 -51.8393
7329.79 -18.3864 7383.69 11.8805
7342.09 -10.4214 7395.11 -19.9794
7353.52 -12.0144 7407.71 -51.8393
7366.41 -29.5373 7419.72 -27.9443
7378.13 -27.9443 7431.14 -47.0603
7390.14 -26.3513 7443.44 -31.1303
7403.02 -59.8042 7455.45 -31.1303
7413.86 -16.7934 7466.58 -15.2004
7426.16 -2.45642 7478.58 -35.9093
7438.75 -40.6883 7492.05 -62.9902
7450.76 -0.863426 7503.48 -51.8393
7461.6 24.6245 7515.19 -31.1303
7473.61 -42.2813 7527.49 -50.2463
7485.9 -40.6883 7539.2 -2.45642
7498.79 -19.9794 7550.91 -37.5023
7510.21 13.4735 7563.21 -18.3864
7522.22 21.4385 7576.09 -53.4323
7533.93 30.9965 7586.92 -7.23541
7546.23 -0.863426 7599.51 -62.9902
7558.23 13.4735 7611.81 -31.1303
7570.24 16.6595 7624.4 -55.0253
7582.53 -40.6883 7635.52 -72.5482
7593.66 -39.0953 7647.52 -29.5373
7605.95 -10.4214 7660.11 -88.4781
7618.54 32.5895 7672.11 -48.6533
7630.25 35.7755 7684.7 -5.64241
7642.25 -2.45642 7696.41 -31.1303
7655.43 -27.9443 7708.41 -59.8042
7666.84 -7.23541 7720.41 -13.6074
7678.26 -35.9093 7732.11 -86.8852
7690.26 -13.6074 7743.82 -48.6533
7702.55 -27.9443 7755.82 -69.3622
7714.55 -31.1303 7768.4 -35.9093
7726.26 -12.0144 7780.69 -19.9794
7738.55 -23.1654 7792.69 -7.23541
7750.55 27.8105 7804.1 -15.2004
7762.84 -15.2004 7816.39 -23.1654
7774.55 -16.7934 7828.68 -45.4673
7786.84 -21.5724 7840.1 -75.7342
7798.84 -35.9093 7852.09 -0.863426
7810.54 -10.4214 7864.38 -98.0361
7822.83 -21.5724 7875.21 -15.2004
7834.24 38.9614 7888.37 -47.0603
7846.82 13.4735 7900.37 -2.45642
7858.24 16.6595 7912.07 -53.4323
7869.94 15.0665 7924.36 -40.6883
7882.52 32.5895 7936.06 -56.6182
7893.93 19.8455 7948.05 -32.7233
7907.1 -50.2463 7960.63 -12.0144
7919.09 -18.3864 7972.33 -35.9093
7930.5 -34.3163 7984.32 -7.23541
7942.49 29.4035 7996.31 -43.8743
7953.9 27.8105 8008.01 -7.23541
7965.89 21.4385 8020.59 -0.863426
7978.47 10.2875 8032.58 -5.64241
7991.05 16.6595 8044.28 0.729569
8002.16 27.8105 8057.44 -58.2112
8015.33 8.69454 8068.26 -31.1303
8025.85 -61.3972 8079.96 -85.2922
8038.72 -47.0603 8091.66 -35.9093
8051.3 -19.9794 8105.4 23.0315
8063 -12.0144 8117.39 -16.7934
8075.28 35.7755 8129.09 -48.6533
8087.27 43.7404 8141.37 -21.5724
8099.85 46.9264 8152.48 -42.2813
8110.08 -21.5724 8165.05 -12.0144
8122.65 -13.6074 8177.04 -26.3513
8134.06 -29.5373 8189.32 -83.6992
8146.92 -26.3513 8200.72 -64.5832
8158.04 -48.6533 8213 -15.2004
8171.49 5.50855 8225.57 -13.6074
8182.3 -24.7583 8237.27 26.2175
8195.75 8.69454 8248.96 -19.9794
8206.57 7.10155 8260.94 -69.3622
8219.14 -8.8284 8272.93 -48.6533
8230.25 -8.8284 8284.33 -47.0603
8242.24 -26.3513 8297.78 -23.1654
8254.22 -29.5373 8309.18 7.10155
8267.08 2.32256 8321.16 -18.3864
8279.07 -16.7934 8332.56 -21.5724
8291.05 37.3684 8345.42 -12.0144
8302.16 26.2175 8357.11 3.91556
8315.02 0.729569 8369.39 -40.6883
8326.13 21.4385 8381.66 -21.5724
8338.99 -12.0144 8393.64 -37.5023
8350.97 -19.9794 8405.33 -45.4673
8362.67 -27.9443 8417.61 -39.0953
8375.23 7.10155 8429.3 -15.2004
8386.63 -0.863426 8441.86 -10.4214
8398.9 2.32256 8453.84 3.91556
8409.72 53.2984 8464.95 -45.4673
8422.87 59.6704 8477.51 -32.7233
8434.56 34.1825 8489.79 -61.3972
8446.25 -4.04942 8502.35 -29.5373
8459.4 -23.1654 8514.62 -26.3513
8471.38 -12.0144 8525.73 -70.9552
8482.19 -21.5724 8538.29 -12.0144
8494.75 -2.45642 8549.97 -15.2004
8506.73 -31.1303 8561.66 -0.863426
8519.3 21.4385 8573.93 -53.4323
8531.28 34.1825 8585.91 -198.395
8542.09 -8.8284 8597.89 -223.883
8554.94 -15.2004 8610.45 -244.592
8566.92 -27.9443 8622.72 -185.651
8579.48 -39.0953 8634.4 -177.686
8591.46 -37.5023 8645.5 -174.5
8603.15 -4.04942 8658.65 -155.384
8614.25 48.5194 8670.33 -198.395
8627.39 26.2175 8682.31 -115.559
8638.78 27.8105 8693.99 -152.198
8651.34 10.2875 8705.97 -156.977
8662.74 19.8455 8718.24 -193.616
8675.88 8.69454 8730.5 -158.57
8686.98 -16.7934 8742.18 -141.047
8698.37 -15.2004 8754.45 -126.71
8710.06 -0.863426 8766.13 -150.605
8723.78 16.6595 8778.1 -115.559
8734.88 11.8805 8790.66 -117.152
8747.15 62.8564 8802.64 -102.815
8758.83 29.4035 8815.19 -126.71
8771.1 16.6595 8826.29 -145.826
8782.78 3.91556 8838.85 -142.64
8795.04 11.8805 8850.82 -107.594
8807.6 10.2875 8863.38 -80.5132
8818.41 8.69454 8874.76 -61.3972
8830.96 34.1825 8887.61 -94.8501
8842.64 -19.9794 8898.42 -59.8042
8855.2 30.9965 8910.97 -53.4323
8866.88 3.91556 8923.53 -59.8042
8878.56 -16.7934 8934.91 -85.2922
8890.82 3.91556 8946.88 -64.5832
8903.09 43.7404 8958.27 -43.8743
8914.77 15.0665 8971.12 -50.2463
8926.45 13.4735 8982.5 -62.9902
8938.71 8.69454 8995.35 -19.9794
8950.68 -10.4214 9007.02 -19.9794
8963.82 -21.5724 9018.99 -26.3513
8974.91 53.2984 9030.96 -43.8743
8987.47 37.3684 9043.22 -58.2112
8999.43 26.2175 9055.19 -34.3163
9010.82 27.8105 9067.16 -42.2813
9022.79 26.2175 9079.42 15.0665
9035.63 -5.64241 9091.1 15.0665
9047.6 24.6245 9103.65 -15.2004
9059.28 7.10155 9114.74 89.9373
9071.25 61.2634 9127.29 75.6003
9083.51 5.50855 9139.26 46.9264
9095.19 54.8914 9150.65 16.6595
9107.74 64.4494 9162.9 -24.7583
9119.12 62.8564 9175.45 -13.6074
9130.8 72.4143 9187.71 16.6595
9143.35 64.4494 9199.68 67.6354
9155.61 96.3093 9211.06 81.9723
9166.11 34.1825 9223.32 102.681
9180.12 117.018 9234.7 78.7863
9191.51 30.9965 9248.13 110.646
9203.47 64.4494 9260.09 101.088
9214.56 77.1933 9272.06 30.9965
9227.11 81.9723 9283.44 53.2984
9238.5 89.9373 9295.99 67.6354
9251.05 132.948 9307.08 94.7163
9263.59 78.7863 9320.21 131.355
9275.56 88.3443 9331.59 136.134
9287.52 147.285 9343.55 161.622
9299.2 123.39 9355.23 121.797
9311.16 142.506 9367.19 112.239
9322.25 126.576 9379.74 75.6003
9335.97 128.169 9392.28 81.9723
9347.35 167.994 9403.66 93.1233
9358.44 187.11 9415.92 132.948
9371.57 211.005 9428.18 136.134
9383.53 214.191 9439.85 188.703
9395.79 241.272 9452.39 195.075
9406.88 203.04 9464.06 212.598
9419.42 218.97 9476.03 199.854
9431.09 169.587 9488.86 171.18
9443.35 174.366 9500.24 148.878
9455.02 179.145 9513.37 191.889
9467.57 231.714 9524.46 177.552
9478.65 234.9 9535.84 180.738
9491.49 279.504 9548.09 211.005
9502.87 265.167 9559.76 180.738
9514.25 265.167 9572.31 265.167
9527.38 250.83 9583.98 257.202
9538.76 241.272 9596.23 223.749
9551.59 266.76 9608.19 217.377
9563.26 303.399 9621.03 239.679
9575.52 279.504 9632.7 258.795
9587.77 304.992 9644.66 316.143
9598.56 308.178 9656.62 327.294
9610.53 343.223 9668.58 343.223
9623.65 335.259 9680.54 333.665
9635.61 309.771 9692.79 344.816
9647.28 363.932 9705.04 335.259
9658.66 351.188 9716.71 341.63
9671.79 395.792 9728.67 338.444
9682.29 408.536 9740.93 320.922
9695.71 338.444 9753.47 394.199
9707.67 464.291 9764.55 394.199
9718.46 462.698 9777.39 419.687
9731.01 505.709 9789.64 435.617
9743.55 457.919 9801.31 434.024
9755.22 453.14 9812.97 402.164
9767.47 488.186 9824.93 441.989
9779.72 499.337 9837.77 441.989
9791.68 500.93 9848.56 467.477
9802.47 551.906 9860.81 467.477
9815.02 556.685 9874.52 469.07
9828.43 577.394 9886.48 524.825
9838.64 590.138 9897.27 513.674
9851.77 577.394 9909.82 505.709
9863.14 585.359 9920.9 582.173
9875.4 602.882 9932.86 531.197
9887.64 655.45 9945.98 582.173
9898.44 653.857 9957.36 572.615
9911.27 676.159 9969.61 548.72
9922.94 642.706 9982.15 520.046
9935.48 649.078 9993.23 571.022
9948.02 708.019 10005.5 555.092
9959.11 682.531 10017.4 634.742
9971.94 708.019 10029.7 660.229
9983.02 739.879 10042.2 663.415
9995.27 696.868 10053.3 658.636
10007.8 715.984 10066.1 660.229
10019.5 744.658 10078.1 738.286
10030.3 727.135 10089.5 693.682
10043.1 779.704 10102.9 722.356
10054.5 802.006 10114 743.065
10067.3 800.413 10126.8 712.798
10079.9 825.901 10137.3 768.553
10090.6 846.61 10149.9 778.111
10104.1 856.168 10162.7 794.041
10114.9 886.435 10173.5 835.459
10127.4 902.365 10186.6 835.459
10139.4 919.888 10198 835.459
10151 977.235 10210.2 881.656
10163.6 977.235 10223.1 835.459
10175.2 991.572 10233.5 852.982
10187.5 980.421 10246.4 907.144
10199.7 1001.13 10258.6 932.632
10211.4 1048.92 10270 911.923
10223.1 1098.3 10283.1 994.758
10236.2 1099.9 10295.4 988.386
10247.8 1099.9 10306.5 997.944
10259.8 1085.56 10319 1007.5
10270.6 1138.13 10330.4 1005.91
10282.8 1181.14 10342.6 1039.36
10295.7 1168.39 10354.6 989.979
10306.8 1200.25 10367.4 999.537
10319.6 1249.64 10378.8 1053.7
10331 1201.85 10390.5 1055.29
10342.6 1225.74 10402.7 1082.37
10355.5 1246.45 10415.8 1136.53
10367.1 1230.52 10426.9 1134.94
10378.8 1297.43 10439.5 1101.49
10390.8 1283.09 10451.4 1147.69
10403.9 1343.62 10462.5 1085.56
10415.5 1338.85 10475 1157.24
10426.9 1318.14 10486.7 1192.29
10439.7 1377.08 10499 1200.25
10452 1400.97 10510.6 1254.42
10463.7 1388.23 10523.2 1310.17
10475.6 1463.1 10535.1 1308.58
10487.9 1410.53 10546.8 1271.94
10499.2 1440.8 10559.3 1299.02
10510.9 1464.69 10571.3 1291.06
10523.5 1474.25 10582.6 1306.99
10535.1 1450.35 10594.9 1308.58
10547.7 1542.75 10606.9 1400.97
10559.9 1544.34 10618.8 1453.54
10572.5 1571.42 10631.9 1517.26
10582.9 1606.47 10643.6 1506.11
10596.1 1631.96 10656.1 1498.14
10608 1652.67 10666.9 1471.06
10619.1 1670.19 10680.1 1466.28
10631.9 1697.27 10691.7 1507.7
10644.2 1705.23 10703.7 1526.82
10655.9 1748.24 10715.9 1595.32
10667.2 1737.09 10727.9 1673.37
10680.1 1759.4 10739.6 1713.2
10692 1781.7 10751.2 1714.79
10704 1874.09 10763.8 1724.35
10715.6 1894.8 10776 1663.82
10727.3 1886.84 10787.7 1659.04
10739.3 1839.05 10799.9 1654.26
10751.2 1834.27 10812.5 1662.22
10763.2 1875.68 10823.9 1729.13
10776 1874.09 10835.8 1783.29
10786.5 1945.78 10849.2 1815.15
10799.4 1948.96 10859.7 1811.96
10811 2015.87 10872.9 1835.86
10823.9 1999.94 10884.2 1813.56
10835.8 1998.35 10896.2 1829.49
10847.8 2041.36 10908.5 1831.08
10858.9 2052.51 10920.1 1845.42
10871.4 2060.47 10933.5 1872.5
10883.1 2114.63 10944.9 1929.85
10895 2103.48 10957.2 2003.12
10907.6 2133.75 10968 2044.54
10920.4 2103.48 10980.2 2033.39
10931.2 2159.24 10992.5 2057.29
10943.5 2221.36 11005.9 2065.25
10956 2234.11 11016.7 2060.47
10968.5 2288.27 11028.6 2114.63
10978.8 2305.79 11040.3 2170.39
10991 2312.17 11052.8 2238.89
11003.3 2323.32 11064.8 2250.04
11015.8 2366.33 11077.6 2285.08
11027.8 2409.34 11089.3 2329.69
11039.1 2415.71 11100.7 2261.19
11051.4 2425.27 11113.5 2323.32
11063.6 2501.73 11124.9 2305.79
11075.6 2549.52 11136.6 2342.43
11087.3 2509.7 11149.1 2434.83
11099.5 2549.52 11160.8 2433.23
11111.2 2633.95 11172.7 2444.38
11124.6 2667.4 11185 2485.8
11135.1 2632.36 11197.8 2463.5
11147.4 2656.25 11208.6 2449.16
11159.6 2651.47 11222.3 2468.28
11171.3 2721.56 11233.1 2461.91
11183.8 2747.05 11245.4 2465.09
11195.5 2777.32 11257.9 2589.35
11208 2831.48 11269.9 2581.38
11218.8 2837.85 11281.9 2649.88
11231.7 2884.05 11294.7 2684.93
11243.1 2863.34 11304.9 2637.14
11255 2912.72 11318 2755.02
11267.3 2841.04 11329.1 2710.41
11278.9 2920.69 11342.3 2683.33
11291.5 3011.49 11353.9 2785.28
11302.9 2974.85 11366.8 2755.02
11314.8 3043.35 11378.7 2841.04
11327.4 3044.94 11390.1 2896.79
11340.2 3075.21 11402.1 2920.69
11350.7 3108.66 11414 2936.62
11363.8 3102.29 11427.2 2971.66
11375.2 3143.71 11437.4 2966.89
11386.9 3173.98 11449.9 2987.6
11399.8 3199.46 11462.2 3091.14
11411.1 3197.87 11473.9 3052.91
11424.3 3239.29 11487 3121.41
11435.9 3317.35 11499.5 3119.81
11447.6 3387.44 11510.4 3134.15
11459.3 3365.13 11522.9 3186.72
11471.8 3393.81 11534.6 3188.31
11483.8 3428.85 11547.1 3299.82
11495.8 3444.78 11558.5 3365.13
11507.1 3518.06 11571 3347.61
11519.7 3562.67 11583 3393.81
11531.7 3577 11595.6 3371.51
11543.3 3661.43 11606.4 3287.08
11555.3 3688.51 11619.5 3400.18
11567.3 3659.84 11631.5 3430.45
11579.5 3706.04 11644 3455.94
11592.1 3686.92 11655.7 3521.25
11603.5 3728.34 11667.4 3551.52
11616.3 3796.84 11679.3 3599.3
11627.7 3833.48 11690.7 3607.27
11639.9 3919.5 11703.9 3567.44
11651.6 3941.8 11715.5 3608.86
11663 3933.83 11727.2 3664.62
11675.3 3933.83 11739.5 3639.13
11687.8 3995.96 11752 3720.37
11699.2 3944.98 11763.4 3780.91
11711.4 3999.15 11777.1 3854.18
11723.1 3995.96 11788.2 3914.72
11735.4 4067.65 11799.3 3919.5
11747.4 4136.14 11812.2 3933.83
11759.6 4217.39 11823.8 3922.68
11771.6 4260.4 11836.4 3873.3
11782.7 4287.48 11848.1 3911.53
11795.5 4257.21 11860.6 4029.41
11806.6 4273.14 11872.3 4085.17
11819.8 4212.61 11883.7 4175.97
11832.3 4258.8 11897.4 4223.76
11843.1 4370.31 11909.4 4231.72
11855.7 4411.73 11920.2 4244.47
11867.6 4470.67 11933.3 4273.14
11879.9 4606.08 11945 4217.39
11891 4558.29 11957.6 4265.18
11903 4602.89 11970.7 4343.23
11915.5 4583.78 11982.1 4418.1
11926.9 4499.35 11994.1 4461.12
11939.8 4672.98 11998.5 4555.1
11951.7 4708.03 11987.4 4569.44
11964 4590.15 11974.5 4660.24
