7014.16 -1096.84 7027.35 -1098.44
7003.61 -1087.29 7041.43 -1044.28
7000.38 -1131.89 7054.62 -1076.13
7010.35 -1045.87 7069.86 -1111.18
7023.25 -1101.62 7083.05 -1093.66
7038.79 -1088.88 7098.59 -1103.22
7052.27 -1066.58 7111.19 -1117.55
7066.93 -1101.62 7124.97 -1115.96
7080.12 -1085.69 7139.62 -1122.33
7095.07 -1082.51 7153.4 -1076.13
7109.73 -1085.69 7167.76 -1109.59
7122.62 -1074.54 7181.53 -1120.74
7138.16 -1037.9 7195.6 -1104.81
7151.35 -1076.13 7208.78 -1131.89
7164.24 -1093.66 7223.73 -1130.3
7179.48 -1093.66 7237.21 -1127.11
7193.55 -1084.1 7251.57 -1088.88
7207.32 -1058.61 7265.92 -1087.29
7220.8 -1106.4 7279.69 -1077.73
7236.04 -1093.66 7294.64 -1095.25
7249.51 -1087.29 7308.11 -1100.03
7263.87 -1077.73 7322.76 -1162.16
7277.94 -1080.91 7335.65 -1139.85
7291.41 -1106.4 7350.59 -1092.06
7305.18 -1098.44 7363.48 -1114.37
7318.95 -1074.54 7377.54 -1084.1
7333.31 -1114.37 7392.48 -1119.15
7348.25 -1103.22 7405.37 -1119.15
7361.14 -1037.9 7420.01 -1152.6
7375.2 -1074.54 7433.48 -1157.38
7389.84 -1050.65 7448.71 -1074.54
7403.9 -1130.3 7461.89 -1106.4
7418.25 -1130.3 7476.24 -1109.59
7431.43 -1088.88 7490.3 -1088.88
7446.66 -1064.98 7503.77 -1104.81
7459.26 -1058.61 7518.12 -1119.15
7473.61 -1084.1 7531.59 -1098.44
7487.66 -1069.76 7545.64 -1098.44
7502.3 -1098.44 7560.57 -1109.59
7514.9 -1119.15 7574.92 -1080.91
7529.83 -1077.73 7587.51 -1122.33
7544.47 -1036.31 7602.15 -1104.81
7557.65 -1128.7 7616.79 -1077.73
7571.99 -1085.69 7630.84 -1047.46
7586.05 -1093.66 7644.89 -1100.03
7600.68 -1101.62 7658.06 -1079.32
7613.27 -1128.7 7672.99 -1069.76
7627.62 -1093.66 7686.75 -1109.59
7641.96 -1076.13 7701.38 -1098.44
7656.3 -1063.39 7714.55 -1085.69
7669.77 -1053.83 7728.89 -1122.33
7684.11 -1042.68 7742.65 -1088.88
7698.16 -1055.43 7756.4 -1109.59
7712.21 -1063.39 7770.74 -1088.88
7726.26 -1098.44 7784.79 -1098.44
7740.31 -1069.76 7799.13 -1088.88
7754.36 -1060.2 7812.59 -1082.51
7768.7 -1069.76 7827.51 -1071.36
7782.16 -1063.39 7840.97 -1096.84
7796.5 -1050.65 7855.02 -1085.69
7810.54 -1101.62 7868.77 -1109.59
7824 -1063.39 7883.1 -1092.06
7838.63 -1061.8 7896.56 -1092.06
7852.09 -1096.84 7910.9 -1101.62
7866.43 -1047.46 7925.53 -1141.45
7880.47 -1031.53 7939.57 -1138.26
7893.64 -1045.87 7953.32 -1109.59
7908.85 -1042.68 7967.06 -1149.41
7922.89 -1084.1 7981.11 -1146.23
7936.06 -1061.8 7995.14 -1103.22
7950.68 -1058.61 8008.31 -1147.82
7964.43 -1063.39 8022.64 -1107.99
7978.18 -1069.76 8037.85 -1151.01
7992.8 -1090.47 8050.42 -1111.18
8005.97 -1100.03 8065.63 -1123.92
8020.88 -1090.47 8079.08 -1154.19
8034.92 -1087.29 8093.7 -1152.6
8048.67 -1096.84 8107.74 -1144.63
8062.71 -1088.88 8121.48 -1115.96
8077.91 -1117.55 8136.11 -1120.74
8091.07 -1071.36 8148.97 -1098.44
8105.4 -1050.65 8163.88 -1101.62
8117.98 -1125.52 8177.33 -1076.13
8132.6 -1098.44 8191.66 -1096.84
8145.75 -1128.7 8205.11 -1166.94
8160.96 -1082.51 8220.31 -1117.55
8174.99 -1072.95 8235.22 -1138.26
8188.74 -1087.29 8247.79 -1100.03
8202.48 -1039.5 8262.41 -1076.13
8216.8 -1077.73 8275.85 -1127.11
8230.84 -1092.06 8289.59 -1141.45
8244.87 -1077.73 8303.33 -1125.52
8259.19 -1068.17 8318.24 -1107.99
8272.64 -1064.98 8332.27 -1127.11
8286.67 -1045.87 8345.42 -1098.44
8300.7 -1037.9 8359.16 -1096.84
8314.73 -1066.58 8374.35 -1087.29
8329.05 -1057.02 8387.51 -1077.73
8343.08 -1063.39 8403 -1101.62
8356.24 -1096.84 8415.27 -1087.29
8371.14 -1064.98 8430.17 -1092.06
8384.88 -1088.88 8443.91 -1090.47
8398.32 -1069.76 8458.23 -1074.54
8412.64 -1047.46 8473.13 -1063.39
8426.67 -1076.13 8486.57 -1055.43
8440.69 -1085.69 8500.01 -1080.91
8454.72 -1101.62 8514.62 -1127.11
8469.33 -1080.91 8528.65 -1068.17
8482.77 -1077.73 8543.25 -1060.2
8497.09 -1050.65 8556.69 -1068.17
8511.11 -1072.95 8570.13 -1074.54
8525.43 -1088.88 8584.16 -1052.24
8538.58 -1080.91 8599.06 -1041.09
8552.89 -1122.33 8612.49 -1095.25
8568.38 -1082.51 8626.81 -1076.13
8581.82 -1079.32 8640.24 -1115.96
8594.97 -1045.87 8655.14 -1100.03
8609.28 -1090.47 8668.87 -1090.47
8622.42 -1053.83 8682.6 -1074.54
8637.03 -1090.47 8697.5 -1071.36
8651.34 -1055.43 8711.52 -1104.81
8665.36 -1103.22 8724.66 -1114.37
8679.39 -1093.66 8738.39 -1143.04
8693.41 -1050.65 8752.7 -1101.62
8706.84 -1061.8 8767.01 -1128.7
8721.45 -1072.95 8780.73 -1111.18
8734.59 -1049.05 8794.75 -1096.84
8749.78 -1090.47 8807.89 -1084.1
8763.5 -1082.51 8822.49 -1111.18
8777.52 -1084.1 8837.09 -1120.74
8790.66 -1107.99 8851.4 -1112.77
8804.97 -1064.98 8865.42 -1106.4
8819.57 -1069.76 8879.44 -1100.03
8832.42 -1066.58 8892.28 -1064.98
8847.02 -1058.61 8907.76 -1071.36
8861.33 -1061.8 8920.9 -1107.99
8875.06 -1077.73 8935.5 -1114.37
8890.24 -1087.29 8949.8 -1096.84
8903.67 -1042.68 8964.69 -1117.55
8917.39 -1072.95 8977.83 -1139.85
8931.12 -1079.32 8991.85 -1120.74
8945.72 -1050.65 9005.57 -1122.33
8959.14 -1037.9 9019.29 -1120.74
8973.16 -1082.51 9032.71 -1096.84
8987.17 -1103.22 9047.6 -1068.17
9001.19 -1060.2 9062.2 -1131.89
9014.91 -1087.29 9075.63 -1143.04
9029.21 -1061.8 9089.93 -1139.85
9042.93 -1072.95 9103.36 -1104.81
9056.94 -1050.65 9117.95 -1127.11
9071.83 -1057.02 9131.67 -1092.06
9084.97 -1044.28 9145.1 -1076.13
9100.44 -1069.76 9160.28 -1104.81
9112.7 -1076.13 9174.87 -1119.15
9127.88 -1071.36 9187.71 -1123.92
9141.3 -1039.5 9202.6 -1144.63
9155.61 -1039.5 9216.31 -1114.37
9169.03 -1037.9 9230.32 -1109.59
9183.92 -1087.29 9244.62 -1080.91
9197.05 -1098.44 9258.34 -1093.66
9211.06 -1061.8 9273.22 -1076.13
9225.95 -1077.73 9286.07 -1109.59
9239.37 -1036.31 9300.66 -1082.51
9253.67 -1029.94 9315.25 -1096.84
9267.1 -1071.36 9328.09 -1085.69
9281.69 -1066.58 9342.09 -1058.61
9295.99 -1069.76 9355.52 -1072.95
9309.12 -1104.81 9370.98 -1063.39
9323.13 -1104.81 9384.7 -1088.88
9337.43 -1080.91 9398.41 -1104.81
9351.72 -1092.06 9412.71 -1111.18
9366.02 -1029.94 9426.42 -1037.9
9379.45 -1085.69 9440.72 -1084.1
9393.74 -1100.03 9455.02 -1029.94
9408.04 -1066.58 9468.73 -1114.37
9422.05 -1106.4 9482.44 -1114.37
9435.18 -1093.66 9496.45 -1107.99
9449.48 -1074.54 9510.75 -1106.4
9463.19 -1041.09 9524.75 -1076.13
9478.65 -1082.51 9538.17 -1096.84
9491.49 -1077.73 9552.76 -1076.13
9505.49 -1088.88 9567.64 -1104.81
9519.79 -1109.59 9580.77 -1127.11
9534.09 -1044.28 9595.94 -1120.74
9547.8 -1055.43 9608.77 -1146.23
9561.8 -1069.76 9623.07 -1111.18
9576.1 -1047.46 9637.66 -1106.4
9590.98 -1068.17 9651.37 -1082.51
9603.52 -1045.87 9664.5 -1109.59
9617.53 -1120.74 9679.08 -1088.88
9632.11 -1080.91 9693.67 -1076.13
9645.24 -1053.83 9706.5 -1135.08
9658.95 -1037.9 9721.67 -1162.16
9673.83 -1055.43 9735.09 -1165.34
9688.42 -1045.87 9749.38 -1130.3
9701.25 -1061.8 9763.39 -1076.13
9715.84 -1045.87 9777.09 -1123.92
9729.26 -1096.84 9792.26 -1090.47
9742.97 -1085.69 9806.56 -1162.16
9757.84 -1015.6 9819.1 -1144.63
9771.55 -1076.13 9833.98 -1170.12
9786.14 -999.671 9846.81 -1133.48
9799.26 -1018.79 9861.4 -1082.51
9812.97 -1050.65 9875.69 -1090.47
9827.27 -1090.47 9889.4 -1109.59
9841.56 -1082.51 9903.4 -1115.96
9854.98 -1135.08 9917.1 -1114.37
9869.56 -1050.65 9931.69 -1155.78
9883.86 -1080.91 9946.85 -1112.77
9898.44 -1044.28 9959.4 -1139.85
9912.44 -1006.04 9974.27 -1136.67
9925.56 -1064.98 9987.4 -1087.29
9939.86 -1050.65 10001.7 -1130.3
9953.56 -1092.06 10016.3 -1096.84
9966.69 -1085.69 10030.3 -1141.45
9982.15 -1050.65 10044.6 -1117.55
9995.56 -1023.57 10058 -1106.4
10009.9 -996.485 10071.7 -1061.8
10023.6 -1039.5 10086.3 -1104.81
10037.9 -1021.97 10100.6 -1052.24
10051.6 -1055.43 10113.7 -1128.7
10065.8 -1036.31 10126.8 -1112.77
10080.4 -1098.44 10142.6 -1127.11
10093.3 -1058.61 10156 -1131.89
10107.3 -1033.12 10170.9 -1115.96
10122.4 -1050.65 10184.3 -1084.1
10135.6 -994.892 10199.1 -1127.11
10149.6 -1045.87 10213.1 -1085.69
10163.6 -1100.03 10226.5 -1119.15
10178.4 -1085.69 10241.4 -1170.12
10191.5 -1069.76 10254 -1109.59
10205.6 -1069.76 10268 -1174.9
10219.8 -1053.83 10283.7 -1111.18
10233 -999.671 10296.5 -1088.88
10248.4 -1045.87 10310.8 -1096.84
10262.4 -1020.38 10324.8 -1103.22
10275.6 -1084.1 10338.8 -1166.94
10290.1 -1093.66 10352.3 -1092.06
10303.8 -1080.91 10366.8 -1136.67
10317.8 -1029.94 10381.4 -1117.55
10331.5 -1014.01 10394.3 -1114.37
10345.5 -1029.94 10408.5 -1085.69
10360.1 -1036.31 10422.8 -1100.03
10373.3 -1037.9 10437.4 -1120.74
10387.3 -1080.91 10451.7 -1100.03
10401.8 -1049.05 10464.2 -1136.67
10415.5 -1079.32 10479.1 -1135.08
10430.1 -1009.23 10494 -1088.88
10443.8 -1034.72 10507.1 -1085.69
10457.8 -1033.12 10521.1 -1100.03
10472.7 -1034.72 10536 -1104.81
10485.8 -1057.02 10549.4 -1109.59
10500.1 -1076.13 10563.1 -1130.3
10514.1 -1079.32 10578 -1143.04
10528.1 -1093.66 10591.1 -1104.81
10541.8 -1055.43 10604.8 -1115.96
10556.4 -1057.02 10619.4 -1085.69
10569.8 -999.671 10633.7 -1084.1
10584.4 -1050.65 10647.4 -1101.62
10597.5 -1029.94 10661.1 -1071.36
10612.4 -1060.2 10676.6 -1117.55
10625.5 -1063.39 10690.3 -1096.84
10639.8 -1069.76 10702.5 -1061.8
10652.9 -1088.88 10718 -999.671
10667.8 -1014.01 10732.3 -956.66
10681.8 -978.962 10745.4 -1023.57
10696.1 -1037.9 10759.4 -1055.43
10710.4 -1031.53 10774.3 -1053.83
10723.8 -996.485 10787.7 -1068.17
10738.7 -1050.65 10801.4 -1064.98
10752.4 -1001.26 10816.3 -1057.02
10764.9 -990.113 10829.4 -978.962
10779.8 -926.393 10844 -963.032
10794.1 -924.801 10856.8 -1002.86
10808.1 -935.951 10872.3 -1006.04
10822.4 -924.801 10886 -982.148
10835.2 -958.253 10900.6 -1018.79
10849.5 -966.218 10913.7 -1020.38
10864.4 -918.429 10928 -970.997
10878.1 -888.162 10943.2 -955.067
10892.1 -862.674 10956 -927.987
10906.4 -861.081 10970 -927.987
10919.5 -827.628 10983.7 -956.66
10933.8 -897.72 10998.3 -921.614
10947.8 -899.313 11012 -905.685
10961.8 -891.348 11026.6 -916.836
10975.8 -877.011 11040.9 -910.463
10989.5 -864.267 11054.3 -873.825
11004.7 -821.256 11068.9 -834
11017.8 -824.442 11082.9 -853.116
11031.8 -829.221 11096.6 -861.081
11046.4 -829.221 11110.3 -837.186
11059.8 -865.86 11124.6 -873.825
11074.4 -905.685 11138.9 -837.186
11088.7 -864.267 11152.9 -746.385
11101.9 -792.582 11166.3 -719.304
11116.1 -819.663 11180.6 -795.768
11129.9 -757.536 11194.9 -714.525
11143.9 -838.779 11209.5 -768.687
11158.5 -838.779 11222.9 -695.409
11171.9 -813.291 11236.6 -716.118
11187 -816.477 11250.6 -697.002
11200.2 -757.536 11265.5 -666.735
11213 -747.978 11279.2 -649.212
11228.5 -671.514 11293.5 -642.84
11242.2 -711.339 11306.4 -655.584
11256.5 -749.571 11320.7 -606.201
11270.5 -730.455 11335.5 -650.805
11284.8 -728.862 11349 -590.272
11298.2 -668.328 11363.6 -569.563
11312.2 -625.317 11376.7 -566.377
11326.2 -558.412 11391.3 -534.517
11341.1 -575.935 11405.6 -583.9
11353.9 -631.689 11419.9 -548.854
11368.2 -604.608 11433.6 -561.598
11382.2 -607.794 11447.3 -571.156
11395.9 -587.086 11461.9 -518.587
11409.7 -531.331 11475.9 -488.32
11423.4 -493.099 11490.2 -375.217
11438.9 -475.576 11503.6 -472.39
11452.3 -499.471 11517.9 -466.018
11465.7 -470.797 11531.9 -486.727
11480 -494.692 11545.9 -491.506
11494.3 -556.819 11560 -399.112
11508 -448.495 11574.3 -346.543
11522 -450.088 11587.7 -348.136
11537.2 -325.834 11601.7 -321.055
11550.6 -338.578 11616.3 -352.915
11564.9 -351.322 11630 -322.648
11577.8 -413.449 11643.4 -362.473
11592.4 -432.565 11658.3 -370.438
11606.7 -365.659 11673.2 -330.613
11620.4 -367.252 11685.8 -273.266
11634.4 -324.241 11700.1 -271.673
11647.8 -254.15 11715 -230.255
11662.1 -187.244 11728.7 -244.592
11676.1 -185.651 11742.4 -274.859
11691 -308.311 11756.7 -303.532
11703.9 -246.185 11770.4 -301.939
11718.5 -250.964 11784.4 -235.034
11731.9 -230.255 11798.1 -195.209
11746.5 -139.454 11812.8 -161.756
11759.9 -126.71 11827.1 -145.826
11775.1 -61.3972 11841.6 -235.034
11788.2 -56.6182 11853.9 -196.802
11801.9 -94.8501 11868.8 -228.662
11817.4 -107.594 11882.8 -125.117
11830 -72.5482 11897.1 -126.71
11844.3 19.8455 11911.1 -88.4781
11858.3 53.2984 11925.2 -88.4781
11871.7 120.204 11938 -82.1062
11885.5 101.088 11953.2 -21.5724
11900.1 80.3793 11968.1 -21.5724
11914.6 72.4143 11981.5 -5.64241
11928.7 21.4385 11994.7 19.8455
11943 110.646 12008.7 88.3443
11956.7 134.541 12022.7 142.506
11970.4 190.296 12037.3 128.169
11984.7 238.086 12051 139.32
11997.9 231.714 12065.3 93.1233
12012.2 203.04 12079.4 96.3093
12026.2 126.576 12093.4 180.738
12040.8 193.482 12107.1 175.959
12054.2 201.447 12122 231.714
12067.7 330.48 12135.7 298.62
12082.6 357.56 12149.7 303.399
12095.4 343.223 12164 225.342
12110.6 359.153 12177.5 203.04
12124.9 304.992 12191.5 276.318
12137.8 314.55 12205.2 312.957
12152.4 328.887 12219.3 391.013
12165.8 434.024 12233.6 414.908
12180.1 481.814 12248.8 451.547
12194.7 499.337 12261 464.291
12208.2 518.453 12275.6 389.42
12223.1 429.245 12290.3 387.827
12237.1 440.396 12304 375.083
12250.2 435.617 12318.6 408.536
12265.1 504.116 12331.1 508.895
12278 593.324 12346.3 590.138
12292 644.299 12360.4 612.44
12306.9 728.728 12374.1 610.847
12320.3 629.963 12389.3 582.173
12333.8 668.194 12402.7 529.604
12348.4 578.987 12416.2 521.639
12361.8 609.254 12430.2 685.717
12376.1 650.671 12443.9 692.089
12390.8 690.496 12458.6 802.006
12403.9 821.122 12473.2 786.076
12418.2 859.354 12486.9 712.798
12432 833.866 12501.5 728.728
12445.7 803.599 12514.4 700.054
12461.2 728.728 12529.6 811.564
12474.3 739.879 12543 884.842
12488.6 841.831 12556.7 967.677
12502.1 950.155 12570.2 921.481
12515.5 1013.87 12584.8 983.607
12530.4 1066.44 12598.2 958.12
12544.5 1063.26 12612.6 905.551
12558.5 1004.32 12627.2 910.33
12571.6 1031.4 12640.6 946.969
12586.6 1026.62 12654.9 1042.55
12600.3 1111.05 12669 1144.5
12616.1 1206.63 12682.7 1165.21
12628.6 1220.96 12697.9 1214.59
12642.1 1332.47 12711.4 1125.38
12655.8 1251.23 12725.4 1115.83
12670.4 1270.35 12739.4 1079.19
12683.6 1249.64 12753.5 1162.02
12698.5 1294.24 12767.2 1257.6
12713.1 1353.18 12781.2 1324.51
12726 1346.81 12795.9 1399.38
12740 1501.33 12808.4 1275.13
12754.6 1463.1 12823.1 1314.95
12768.4 1533.19 12838 1235.3
12782.1 1437.61 12852 1313.36
12796.7 1479.03 12865.5 1378.67
12809.9 1510.89 12880.4 1450.35
12824.5 1536.38 12893.8 1542.75
12839.1 1635.14 12907.9 1561.86
12852.9 1611.25 12922.2 1541.16
12866.6 1689.3 12935.6 1536.38
12880.4 1657.44 12950.5 1579.39
12894.4 1681.34 12963.1 1619.21
12908.1 1757.8 12978 1644.7
12922.2 1789.66 12991.5 1706.83
12936.5 1874.09 13006.4 1762.58
12950.3 1869.31 13019.3 1781.7
12964.3 1909.14 13034.5 1772.14
12978.3 1882.06 13048.8 1862.94
12992.1 1918.7 13062.6 1786.48
13006.1 1966.49 13076.6 1837.45
13021.3 2017.46 13090.9 1929.85
13034.5 2109.85 13105 1987.19
13049.4 2154.46 13118.4 2031.8
13062 2175.17 13132.5 2074.81
13076.3 2211.81 13148 2027.02
13090.4 2162.42 13160.6 2038.17
13103.2 2195.88 13174.3 2046.13
13118.1 2214.99 13189 2149.68
13132.5 2358.36 13203 2218.18
13147.1 2436.42 13217.9 2261.19
13159.7 2490.58 13230.2 2272.34
13174 2519.25 13245.4 2301.01
13188.4 2452.35 13259.5 2299.42
13202.4 2468.28 13273.5 2385.44
13216.7 2444.38 13286.7 2339.25
13230.5 2504.92 13301.9 2404.56
13244.8 2575.01 13315.4 2422.08
13258.6 2680.15 13329.7 2468.28
13272.6 2758.2 13342.9 2543.15
13285.8 2708.82 13357.5 2546.34
13301 2778.91 13371.8 2563.86
13314.8 2766.17 13385.9 2594.13
13327.9 2748.65 13399.6 2630.76
13342.3 2790.06 13414 2649.88
13356 2858.56 13426.8 2731.12
13370.4 2939.8 13441.2 2719.97
13384.7 3025.83 13456.1 2761.39
13398.5 3073.62 13470.4 2841.04
13411.9 3099.1 13483.9 2812.37
13426.6 3083.17 13498.3 2954.14
13440 3091.14 13512 2965.29
13454.6 3186.72 13526.4 3044.94
13468.4 3256.81 13539.5 3062.47
13482.2 3328.5 13554.2 3036.98
13495.9 3350.8 13569.1 3099.1
13510.8 3392.22 13581.7 3030.61
13524.3 3344.43 13596 3166.01
13538.6 3398.59 13609.8 3237.7
13552.7 3424.08 13624.1 3310.97
13566.2 3557.89 13639 3392.22
13579.9 3620.01 13652.5 3411.33
13594 3592.93 13666.9 3440.01
13608.6 3592.93 13680.6 3376.29
13623.2 3526.03 13694.1 3401.77
13637 3588.15 13709 3438.41
13650.8 3610.46 13723.1 3497.35
13664.5 3720.37 13737.1 3656.65
13678.6 3737.9 13750.3 3712.41
13692.6 3798.43 13765.2 3793.65
13707.3 3863.74 13779.6 3714
13719.8 3801.62 13793.3 3661.43
13734.2 3855.78 13807.1 3664.62
13748.5 3827.1 13821.7 3725.15
13762.3 3866.93 13835.2 3863.74
13776.4 3952.95 13849 3937.02
13790.1 4050.12 13863.6 4059.68
13803.6 4195.09 13877.7 4008.7
13818.2 4166.41 13892 4010.3
13832.3 4177.56 13906.1 3970.47
13846.6 4163.23 13919.8 3991.18
13860.7 4155.26 13934.5 4102.69
13873.8 4254.03 13948.8 4191.9
13888.8 4410.14 13963.5 4314.56
13902.3 4580.59 13978.7 4397.4
13916.6 4695.29 13992.5 4457.93
13929.5 4666.61 13999.5 4451.56
13943.8 4657.05 13986 4422.88
13958.8 4591.74 13972.5 4451.56
