7014.16 -1014.01 7028.23 -1090.47
7003.9 -1074.54 7040.55 -1068.17
7000.38 -1071.36 7055.5 -1072.95
7010.94 -1047.46 7069.86 -1096.84
7023.84 -1050.65 7083.34 -1093.66
7038.2 -1041.09 7098.29 -1063.39
7052.27 -1109.59 7111.48 -1072.95
7066.05 -1098.44 7125.55 -1104.81
7080.41 -1079.32 7140.21 -1114.37
7094.19 -1109.59 7153.69 -1092.06
7109.73 -1057.02 7167.46 -1127.11
7123.5 -1079.32 7181.24 -1071.36
7137.57 -1090.47 7195.3 -1041.09
7150.47 -1021.97 7209.66 -1066.58
7165.41 -1041.09 7223.44 -1074.54
7180.36 -1084.1 7237.5 -1119.15
7192.96 -1084.1 7251.27 -1128.7
7207.91 -1052.24 7265.92 -1076.13
7221.38 -1068.17 7280.28 -1112.77
7235.74 -1026.75 7293.46 -1077.73
7248.93 -1068.17 7308.11 -1063.39
7263.58 -1066.58 7321.88 -1077.73
7277.06 -1010.82 7335.36 -1101.62
7291.71 -1064.98 7349.71 -1082.51
7305.48 -1066.58 7363.77 -1096.84
7319.24 -1061.8 7378.13 -1120.74
7333.01 -1064.98 7391.6 -1106.4
7347.37 -1069.76 7405.95 -1060.2
7361.72 -1057.02 7419.43 -1077.73
7376.07 -1096.84 7434.36 -1052.24
7390.14 -1074.54 7448.71 -1144.63
7404.19 -1044.28 7461.31 -1135.08
7418.25 -1088.88 7476.24 -1147.82
7431.73 -1055.43 7490.01 -1117.55
7445.78 -1082.51 7504.06 -1084.1
7460.13 -1069.76 7518.41 -1057.02
7473.61 -1077.73 7531.88 -1042.68
7487.66 -1068.17 7546.52 -1080.91
7502.01 -1068.17 7559.4 -1122.33
7515.48 -1104.81 7574.33 -1135.08
7530.41 -1060.2 7587.8 -1109.59
7543.88 -1109.59 7603.03 -1103.22
7558.23 -1111.18 7616.2 -1092.06
7571.99 -1072.95 7630.54 -1100.03
7585.46 -1111.18 7644.89 -1077.73
7600.39 -1014.01 7658.65 -1084.1
7614.15 -1069.76 7672.11 -1128.7
7627.32 -1026.75 7686.45 -1090.47
7642.55 -1074.54 7700.8 -1122.33
7656.3 -1090.47 7714.85 -1103.22
7670.35 -1085.69 7728.6 -1072.95
7684.7 -1111.18 7742.36 -1090.47
7698.16 -1044.28 7757.57 -1060.2
7712.21 -1057.02 7771.04 -1085.69
7726.26 -1060.2 7784.5 -1076.13
7740.01 -1092.06 7798.84 -1123.92
7753.48 -1069.76 7812.59 -1125.52
7767.52 -1088.88 7827.22 -1103.22
7782.45 -1069.76 7840.68 -1128.7
7796.5 -1112.77 7854.43 -1119.15
7810.25 -1052.24 7869.06 -1115.96
7824.88 -1057.02 7883.69 -1115.96
7838.05 -1045.87 7897.73 -1119.15
7852.68 -1060.2 7910.9 -1147.82
7866.43 -1071.36 7924.94 -1115.96
7880.47 -1031.53 7939.57 -1095.25
7893.93 -1072.95 7952.73 -1087.29
7908.27 -1076.13 7966.77 -1084.1
7923.48 -1087.29 7981.69 -1090.47
7936.64 -1055.43 7995.44 -1119.15
7950.68 -1039.5 8009.77 -1098.44
7965.31 -1071.36 8022.93 -1128.7
7978.47 -1069.76 8037.85 -1090.47
7993.39 -1092.06 8051.3 -1109.59
8006.55 -1076.13 8065.34 -1084.1
8020.59 -1076.13 8079.08 -1069.76
8034.63 -1088.88 8093.7 -1082.51
8048.38 -1077.73 8107.74 -1111.18
8062.41 -1080.91 8121.78 -1125.52
8077.04 -1049.05 8135.81 -1115.96
8091.07 -1079.32 8149.85 -1074.54
8105.4 -1127.11 8163.59 -1061.8
8118.56 -1103.22 8177.04 -1106.4
8132.6 -1049.05 8191.37 -1082.51
8146.05 -1042.68 8205.11 -1109.59
8160.67 -1076.13 8220.02 -1101.62
8174.7 -1072.95 8233.47 -1127.11
8188.15 -1057.02 8247.79 -1082.51
8202.77 -1055.43 8261.24 -1079.32
8215.63 -1084.1 8275.56 -1085.69
8230.84 -1090.47 8290.18 -1101.62
8244.28 -1055.43 8304.21 -1131.89
8259.19 -1066.58 8318.24 -1141.45
8272.64 -1053.83 8331.68 -1087.29
8286.38 -1041.09 8345.71 -1115.96
8300.99 -1090.47 8360.03 -1130.3
8315.32 -1098.44 8374.65 -1077.73
8328.76 -1079.32 8388.67 -1095.25
8342.79 -1101.62 8402.7 -1066.58
8356.53 -1084.1 8415.56 -1125.52
8371.43 -1055.43 8429.88 -1098.44
8384 -1053.83 8444.2 -1101.62
8398.61 -1093.66 8458.52 -1128.7
8412.35 -1085.69 8473.13 -1112.77
8426.38 -1072.95 8487.16 -1072.95
8440.99 -1101.62 8499.43 -1080.91
8454.72 -1123.92 8514.62 -1117.55
8469.62 -1095.25 8528.65 -1128.7
8483.36 -1072.95 8542.38 -1096.84
8497.67 -1092.06 8555.82 -1131.89
8510.82 -1072.95 8571.01 -1106.4
8525.14 -1090.47 8584.45 -1144.63
8538.87 -1087.29 8598.76 -1090.47
8552.6 -1080.91 8613.37 -1077.73
8567.5 -1120.74 8626.81 -1084.1
8581.23 -1074.54 8640.83 -1101.62
8594.97 -1096.84 8655.14 -1100.03
8609.28 -1044.28 8668.29 -1088.88
8623.3 -1080.91 8682.01 -1111.18
8636.74 -1130.3 8696.62 -1112.77
8650.76 -1085.69 8710.93 -1098.44
8665.07 -1090.47 8724.07 -1092.06
8678.8 -1096.84 8738.97 -1115.96
8693.41 -1058.61 8752.11 -1123.92
8707.13 -1047.46 8767.01 -1109.59
8719.99 -1049.05 8780.73 -1147.82
8734.59 -1060.2 8794.46 -1090.47
8748.9 -1101.62 8809.06 -1128.7
8763.5 -1055.43 8823.37 -1076.13
8776.64 -1072.95 8836.51 -1087.29
8790.66 -1068.17 8851.69 -1077.73
8805.27 -1101.62 8865.71 -1082.51
8818.99 -1037.9 8879.14 -1135.08
8832.13 -1025.16 8892.87 -1101.62
8847.32 -1085.69 8907.47 -1101.62
8861.04 -1066.58 8921.48 -1120.74
8875.64 -1074.54 8936.08 -1111.18
8889.36 -1072.95 8950.1 -1109.59
8902.8 -1076.13 8963.53 -1111.18
8917.98 -1068.17 8977.25 -1119.15
8931.99 -1077.73 8991.55 -1136.67
8944.84 -1076.13 9005.27 -1128.7
8959.44 -1117.55 9019.58 -1139.85
8972.58 -1082.51 9033.88 -1109.59
8987.17 -1098.44 9047.9 -1112.77
9002.06 -1128.7 9061.91 -1098.44
9014.91 -1082.51 9075.92 -1133.48
9029.21 -1096.84 9089.35 -1109.59
9042.93 -1060.2 9104.23 -1136.67
9056.94 -1087.29 9118.83 -1093.66
9072.12 -1088.88 9131.67 -1098.44
9086.14 -1090.47 9146.27 -1117.55
9099.27 -1049.05 9160.28 -1103.22
9113.28 -1037.9 9174 -1096.84
9127.29 -1115.96 9187.71 -1104.81
9142.18 -1119.15 9202.01 -1138.26
9155.9 -1076.13 9216.61 -1171.71
9169.03 -1093.66 9229.16 -1136.67
9183.33 -1090.47 9244.92 -1120.74
9196.76 -1071.36 9258.05 -1069.76
9211.94 -1090.47 9272.93 -1115.96
9225.36 -1101.62 9286.65 -1139.85
9239.08 -1036.31 9300.66 -1115.96
9253.96 -1084.1 9314.95 -1144.63
9267.97 -1106.4 9327.8 -1144.63
9280.81 -1077.73 9342.09 -1151.01
9295.99 -1087.29 9356.1 -1119.15
9308.83 -1093.66 9370.11 -1112.77
9322.83 -1085.69 9383.24 -1069.76
9338.01 -1079.32 9399 -1111.18
9351.43 -1096.84 9412.13 -1152.6
9366.31 -1069.76 9426.42 -1139.85
9380.03 -1066.58 9440.72 -1109.59
9393.45 -1101.62 9455.02 -1107.99
9406.88 -1119.15 9468.15 -1098.44
9420.88 -1085.69 9483.03 -1076.13
9435.76 -1079.32 9497.33 -1092.06
9449.18 -1077.73 9510.46 -1133.48
9464.36 -1100.03 9523.58 -1135.08
9477.19 -1071.36 9539.05 -1115.96
9491.49 -1084.1 9552.47 -1143.04
9505.49 -1100.03 9567.06 -1079.32
9519.79 -1061.8 9581.06 -1143.04
9534.09 -1090.47 9594.77 -1082.51
9547.51 -1052.24 9609.07 -1106.4
9560.93 -1036.31 9622.49 -1144.63
9575.23 -1087.29 9637.66 -1127.11
9589.81 -1060.2 9651.37 -1138.26
9603.82 -1087.29 9665.08 -1080.91
9618.11 -1093.66 9678.5 -1138.26
9630.95 -1064.98 9692.5 -1068.17
9645.24 -1117.55 9706.5 -1092.06
9658.95 -1076.13 9721.38 -1117.55
9673.54 -1064.98 9735.38 -1127.11
9687.25 -1068.17 9748.51 -1131.89
9700.96 -1031.53 9763.97 -1143.04
9715.84 -1107.99 9777.68 -1157.38
9729.26 -1119.15 9790.81 -1136.67
9742.68 -1095.25 9805.68 -1128.7
9757.55 -1098.44 9818.23 -1104.81
9771.85 -1064.98 9834.56 -1085.69
9785.56 -1028.35 9847.98 -1117.55
9800.14 -1042.68 9860.81 -1106.4
9813.85 -1072.95 9875.69 -1111.18
9827.85 -1079.32 9889.11 -1114.37
9841.27 -1117.55 9904.56 -1120.74
9855.27 -1053.83 9917.69 -1130.3
9870.15 -1084.1 9931.98 -1053.83
9883.86 -1053.83 9945.69 -1115.96
9896.69 -1050.65 9959.69 -1119.15
9911.85 -1042.68 9973.11 -1111.18
9925.27 -1028.35 9988.27 -1115.96
9939.27 -1077.73 10002 -1096.84
9954.15 -1101.62 10015.4 -1151.01
9967.57 -1104.81 10029.7 -1136.67
9981.57 -1061.8 10043.7 -1076.13
9995.56 -1068.17 10058.3 -1100.03
10009.9 -1047.46 10072 -1100.03
10023.9 -1071.36 10086.3 -1173.31
10038.1 -1050.65 10101.4 -1139.85
10052.1 -1127.11 10113.1 -1149.41
10065.6 -1117.55 10128.3 -1096.84
10079.6 -1107.99 10142.6 -1082.51
10093.9 -1061.8 10156.3 -1066.58
10108.1 -1093.66 10170.6 -1085.69
10122.4 -1029.94 10184.5 -1098.44
10135.9 -1079.32 10199.1 -1158.97
10149.6 -1058.61 10213.1 -1174.9
10163.9 -1093.66 10226 -1135.08
10179.9 -1112.77 10239.7 -1123.92
10191.3 -1123.92 10254.3 -1151.01
10206.1 -1080.91 10268.8 -1171.71
10219.5 -1052.24 10282.8 -1176.49
10233.5 -1057.02 10297.4 -1158.97
10248.7 -1096.84 10309.7 -1216.32
10262.4 -1060.2 10324.5 -1186.05
10275.3 -1068.17 10339.1 -1136.67
10289.8 -1096.84 10352.5 -1162.16
10303.8 -1111.18 10366.8 -1119.15
10318.1 -1080.91 10381.1 -1100.03
10332.1 -1082.51 10394.8 -1130.3
10345.3 -1036.31 10408.5 -1203.57
10359.8 -1050.65 10423.1 -1182.87
10374.1 -1088.88 10437.1 -1198.8
10387.8 -1087.29 10451.1 -1154.19
10401.5 -1088.88 10465.1 -1111.18
10415.5 -1131.89 10478.8 -1090.47
10430.1 -1103.22 10493.4 -1085.69
10444.1 -1071.36 10506.5 -1125.52
10458.1 -1020.38 10521.7 -1128.7
10471.8 -1084.1 10536 -1170.12
10486.1 -1093.66 10548.8 -1171.71
10499.2 -1107.99 10563.4 -1163.75
10514.1 -1084.1 10576.5 -1106.4
10527.8 -1104.81 10591.7 -1085.69
10542.1 -1085.69 10604.5 -1077.73
10556.4 -1055.43 10619.4 -1079.32
10570.4 -1047.46 10634 -1299.15
10584.7 -1066.58 10647.1 -1318.27
10597.5 -1060.2 10661.1 -1284.82
10612.1 -1095.25 10676 -1243.4
10625.8 -1044.28 10689.1 -1163.75
10640.1 -1037.9 10703.7 -1171.71
10654.1 -1028.35 10717.4 -1170.12
10667.8 -1034.72 10732.3 -1224.28
10681.2 -1028.35 10745.1 -1248.18
10696.1 -983.741 10759.4 -1206.76
10710.7 -1049.05 10774.6 -1198.8
10723.8 -1020.38 10788.6 -1162.16
10738.1 -1044.28 10801.1 -1079.32
10752.1 -1001.26 10816.3 -1085.69
10765.5 -961.439 10830.3 -1093.66
10779.8 -998.078 10844 -1136.67
10794.1 -974.183 10858.6 -1170.12
10807.5 -1031.53 10872 -1117.55
10822.1 -1002.86 10886.3 -1076.13
10836.4 -1017.19 10900.3 -1023.57
10849.8 -998.078 10914 -991.706
10863.8 -955.067 10928.9 -964.625
10877 -966.218 10942.3 -988.52
10891.8 -900.906 10956 -1002.86
10906.1 -913.649 10969.7 -1039.5
10919.5 -920.021 10984 -1029.94
10934.4 -963.032 10998.6 -967.811
10947.8 -985.334 11011.4 -910.463
10963 -988.52 11026.6 -857.895
10976.4 -902.499 11040.3 -870.639
10989.8 -875.418 11054.3 -904.092
11005 -875.418 11068.3 -872.232
11018.1 -884.976 11082.9 -958.253
11032.1 -902.499 11096.6 -915.242
11045.8 -877.011 11110.6 -896.127
11059.5 -872.232 11123.7 -862.674
11074.1 -853.116 11138.9 -802.14
11088.4 -832.407 11152.9 -848.337
11101.6 -832.407 11167.5 -841.965
11116.1 -838.779 11180.9 -829.221
11129.6 -818.07 11193.8 -798.954
11143.9 -778.245 11209.8 -808.512
11158.2 -759.129 11223.2 -802.14
11172.2 -810.105 11236.9 -773.466
11186.5 -757.536 11251.2 -803.733
11199.6 -735.234 11265.2 -790.989
11213.9 -762.315 11278.9 -789.396
11228.5 -724.083 11293.2 -736.827
11242.8 -714.525 11307.3 -681.072
11257.1 -677.886 11321.5 -700.188
11269.9 -724.083 11335.5 -593.458
11284.5 -689.037 11349.3 -681.072
11298.5 -647.619 11363 -661.956
11311.6 -665.142 11377 -682.665
11325.3 -617.352 11391.9 -653.991
11340.2 -620.538 11405.9 -620.538
11353.4 -634.875 11420.2 -536.11
11367.6 -615.759 11433.9 -469.204
11381.9 -599.829 11447.3 -470.797
11396.8 -539.296 11461 -523.366
11410.3 -563.191 11475.6 -628.503
11423.7 -542.482 11489.6 -642.84
11438.9 -507.436 11503.3 -610.98
11452 -540.889 11517.9 -528.145
11466 -529.738 11531.7 -400.705
11480 -539.296 11545.4 -375.217
11494.3 -456.46 11560.5 -399.112
11507.4 -462.832 11573.7 -473.983
11521.4 -475.576 11588.3 -552.04
11536.6 -454.867 11601.4 -552.04
11550 -432.565 11615.7 -496.285
11565.2 -415.042 11630.3 -381.589
11577.8 -451.681 11644.3 -252.557
11592.4 -453.274 11659.2 -230.255
11607.2 -408.67 11672 -286.01
11619.5 -330.613 11685.5 -351.322
11633.5 -268.487 11699.5 -399.112
11649 -231.848 11713.8 -494.692
11661.8 -289.195 11728.4 -418.228
11676.1 -297.16 11742.1 -309.904
11690.7 -338.578 11757 -155.384
11704.4 -250.964 11771 -88.4781
11718.5 -203.174 11784.7 -172.907
11732.5 -155.384 11797.3 -192.023
11746.2 -107.594 11812.5 -333.799
11760.8 -104.408 11826.5 -329.02
11774.2 -93.2571 11841.4 -222.29
11788.8 -120.338 11855.4 -153.791
11802.8 -117.152 11868.8 74.0073
11816.8 -109.187 11883.1 32.5895
11830.6 -31.1303 11896.8 2.32256
11844 -4.04942 11910.6 -77.3272
11858.3 43.7404 11924 -160.163
11872.9 70.8213 11938.6 -147.419
11885.5 3.91556 11952.3 -121.931
11900.3 -2.45642 11967.2 -40.6883
11914.6 -5.64241 11980.9 19.8455
11928.4 32.5895 11995.2 101.088
11942.7 24.6245 12008.4 85.1583
11956.7 97.9023 12023.3 37.3684
11971.3 121.797 12036.7 -12.0144
11984.4 115.425 12051.3 -70.9552
11997.6 139.32 12065.6 7.10155
12011.9 129.762 12078.8 62.8564
12025.6 142.506 12093.4 129.762
12040.2 155.25 12107.4 175.959
12053.6 160.029 12121.4 207.819
12068.3 201.447 12135.1 152.064
12081.7 206.226 12150 166.401
12095.4 201.447 12163.5 191.889
12110.6 212.598 12177.8 218.97
12124.9 324.108 12192.4 255.609
12138.3 335.259 12206.4 284.283
12152.4 333.665 12220.1 287.469
12166.4 365.525 12233.6 311.364
12180.4 341.63 12247 349.595
12194.4 376.676 12261.3 430.838
12207.6 440.396 12275.6 403.757
12222.5 473.849 12290.3 422.873
12236.2 516.86 12304.6 365.525
12249.6 537.569 12318 351.188
12264.8 563.057 12332 473.849
12277.7 585.359 12344.9 469.07
12292.6 564.65 12360.7 598.103
12306.3 540.755 12374.4 633.149
12320.6 515.267 12388.4 594.917
12334.4 590.138 12402.2 588.545
12348.1 606.068 12415.9 531.197
12361.8 714.391 12429.9 537.569
12376.1 690.496 12444.2 558.278
12389.9 779.704 12458.6 692.089
12404.2 701.647 12472.3 795.634
12418.5 661.822 12486.3 814.75
12431.4 639.521 12500.3 752.623
12447.2 763.774 12514.1 685.717
12460.3 838.645 12529 668.194
12474.9 883.249 12542.1 709.612
12488.6 964.491 12557 819.529
12502.7 927.853 12571.1 939.004
12515.8 918.295 12583.9 1004.32
12529.9 897.586 12598.8 1050.51
12543.6 951.748 12613.1 911.923
12558.2 1025.03 12626.3 867.319
12571.9 1106.27 12640.9 843.424
12586.3 1130.16 12654.9 939.004
12601.2 1189.1 12669 1125.38
12614.3 1139.72 12683.6 1179.55
12628.6 1168.39 12697.1 1197.07
12642.7 1168.39 12711.7 1190.7
12656.1 1177.95 12724.8 1117.42
12669.9 1240.08 12739.4 1063.26
12684.2 1318.14 12753.8 1056.89
12697.9 1432.83 12766.6 1150.87
12712.3 1436.02 12781.2 1228.93
12726.3 1429.65 12794.7 1346.81
12739.4 1318.14 12809.9 1388.23
12754.6 1332.47 12823.4 1383.45
12767.5 1377.08 12837.4 1308.58
12782.1 1431.24 12851.1 1219.37
12797.6 1541.16 12865.2 1182.73
12810.2 1502.92 12879.8 1263.97
12824.8 1558.68 12894.4 1483.81
12838.5 1514.07 12908.7 1596.91
12852.6 1526.82 12921.6 1592.13
12866.3 1565.05 12935.6 1582.57
12880.4 1620.81 12950 1428.05
12895 1676.56 12963.1 1413.72
12908.4 1700.46 12978 1483.81
12922.5 1791.26 12992.7 1619.21
12936.5 1851.79 13006.1 1772.14
12950.5 1802.41 13020.2 1870.91
12964.3 1864.53 13034.2 1874.09
12978.3 1877.28 13048.2 1789.66
12993 1939.4 13062 1706.83
13006.4 2034.98 13077.2 1765.77
13019.6 2074.81 13089.8 1773.73
13034.8 2192.69 13104.7 1896.39
13048 2146.49 13118.7 1998.35
13063.2 2179.95 13133.7 2124.19
13075.4 2162.42 13146.8 2168.8
13090.7 2200.66 13160 2100.3
13104.7 2254.82 13174.6 2036.58
13118.1 2316.94 13188.4 2015.87
13133.1 2390.22 13202.4 2089.15
13146.2 2340.84 13216.7 2168.8
13160.9 2415.71 13231.1 2283.49
13174 2366.33 13244.8 2404.56
13189 2399.78 13259.8 2367.92
13202.7 2398.19 13272.6 2316.94
13215.9 2487.39 13286.7 2218.18
13230.8 2484.21 13301.6 2226.14
13244.5 2544.74 13315.4 2375.88
13257.1 2610.06 13328.8 2402.97
13272 2611.65 13342.9 2514.48
13287.3 2630.76 13357.5 2487.39
13300.4 2594.13 13371.5 2474.65
13314.8 2613.24 13385.3 2481.02
13328.5 2683.33 13399.3 2466.69
13342.6 2735.9 13413.7 2549.52
13355.7 2836.26 13428 2614.83
13371.2 2917.5 13441.8 2686.52
13384.7 2966.89 13456.4 2731.12
13398.8 2930.25 13469.6 2844.23
13412.2 2882.46 13483.6 2802.81
13426.8 2976.44 13498 2767.76
13440.3 3016.27 13511.4 2820.33
13454.4 3156.45 13526.9 2801.21
13469 3240.88 13540.1 3057.69
13481.6 3228.14 13553 3143.71
13496.2 3299.82 13568.5 3186.72
13510 3231.32 13582.5 3213.8
13524.3 3299.82 13596 3083.17
13539.2 3248.85 13610.6 3115.03
13552.4 3341.24 13625 3057.69
13566.7 3392.22 13638.5 3216.99
13580.2 3497.35 13651.6 3389.03
13594.3 3546.74 13667.1 3541.96
13609.2 3559.48 13681.5 3503.73
13622.6 3569.04 13694.7 3506.91
13635.8 3604.08 13708.4 3419.3
13651.6 3589.75 13723.1 3320.53
13664.2 3717.19 13737.4 3441.6
13678.3 3784.09 13751.5 3535.58
13692.6 3800.02 13764.9 3720.37
13706.4 3798.43 13779.6 3839.85
13720.7 3764.98 13793.9 3827.1
13734.5 3819.14 13807.4 3835.07
13748.8 3879.67 13821.7 3656.65
13763.2 4075.61 13835.5 3588.15
13776.4 4099.51 13849.6 3569.04
13790.1 4182.34 13863.3 3768.16
13804.5 4074.02 13877.7 4045.34
13817.9 4003.93 13892.9 4126.59
13832.3 4032.6 13906.7 4207.83
13846.6 4144.11 13919.8 4062.87
13861 4343.23 13934.8 3959.32
13873.6 4480.23 13947.9 3898.79
13888.5 4550.32 13963.2 3995.96
13902.3 4548.73 13978.7 4268.36
13915.4 4451.56 13992.5 4422.88
13929.8 4422.88 14000.6 4663.43
13944.4 4383.06 13986 4579
13958.5 4516.87 13972.2 4472.27
