7014.45 -1020.38 7026.47 -996.485
7003.61 -998.078 7041.43 -1007.64
7000.38 -935.951 7055.2 -999.671
7010.94 -970.997 7069.86 -983.741
7023.84 -937.544 7083.05 -1001.26
7037.91 -955.067 7097.71 -991.706
7052.86 -953.474 7111.48 -1076.13
7066.93 -991.706 7126.73 -1033.12
7081 -939.137 7139.03 -1047.46
7094.48 -908.871 7153.69 -1012.42
7109.73 -977.369 7167.46 -1029.94
7122.62 -915.242 7181.24 -1017.19
7137.28 -935.951 7195.89 -994.892
7151.64 -953.474 7208.78 -988.52
7164.53 -939.137 7223.14 -1001.26
7178.89 -963.032 7236.91 -1017.19
7194.13 -970.997 7251.57 -1017.19
7206.44 -942.323 7266.8 -1026.75
7220.8 -953.474 7279.4 -1023.57
7235.74 -958.253 7294.05 -1023.57
7248.93 -963.032 7307.53 -1018.79
7263.58 -942.323 7321.3 -1002.86
7277.64 -951.881 7335.65 -1031.53
7291.41 -945.509 7350 -1020.38
7305.77 -972.59 7364.65 -1020.38
7319.54 -921.614 7377.83 -1037.9
7333.31 -916.836 7392.48 -1029.94
7347.37 -953.474 7406.24 -1010.82
7361.14 -948.695 7419.72 -1015.6
7375.78 -977.369 7434.07 -1014.01
7389.26 -975.776 7447.83 -1006.04
7403.61 -940.73 7461.89 -1034.72
7417.96 -985.334 7476.24 -1010.82
7431.43 -902.499 7490.88 -993.299
7445.2 -963.032 7504.06 -996.485
7460.13 -951.881 7518.12 -1033.12
7473.02 -926.393 7531.88 -996.485
7488.54 -900.906 7546.23 -993.299
7502.01 -988.52 7559.4 -974.183
7516.07 -945.509 7574.92 -985.334
7529.83 -934.358 7589.56 -988.52
7544.18 -935.951 7603.03 -959.846
7557.65 -920.021 7616.2 -1044.28
7572.28 -900.906 7630.54 -975.776
7586.05 -924.801 7644.6 -1018.79
7599.51 -931.172 7657.18 -980.555
7613.86 -942.323 7672.4 -990.113
7628.49 -913.649 7686.75 -937.544
7642.25 -948.695 7701.67 -982.148
7656.01 -940.73 7714.85 -982.148
7669.48 -939.137 7728.6 -1021.97
7683.53 -926.393 7742.94 -985.334
7698.75 -897.72 7756.11 -990.113
7712.21 -955.067 7770.45 -1036.31
7726.55 -982.148 7784.79 -1017.19
7740.01 -915.242 7799.13 -977.369
7753.77 -953.474 7812.88 -986.927
7767.82 -923.207 7827.22 -1014.01
7782.74 -934.358 7840.68 -1041.09
7794.74 -943.916 7854.14 -1015.6
7809.96 -924.801 7869.06 -1036.31
7824.29 -980.555 7883.98 -1010.82
7838.05 -940.73 7896.86 -1007.64
7852.38 -985.334 7910.9 -998.078
7866.14 -948.695 7925.53 -1018.79
7879.89 -929.579 7939.27 -1060.2
7894.52 -945.509 7953.02 -1045.87
7907.97 -915.242 7967.06 -1033.12
7922.89 -956.66 7981.69 -1039.5
7936.64 -967.811 7995.44 -991.706
7950.1 -948.695 8009.18 -1034.72
7963.85 -940.73 8022.64 -1015.6
7978.47 -961.439 8037.26 -1021.97
7993.1 -958.253 8051.59 -1028.35
8006.55 -948.695 8065.05 -1018.79
8020.59 -942.323 8079.67 -993.299
8034.92 -929.579 8092.24 -1052.24
8049.25 -943.916 8106.86 -1060.2
8061.83 -935.951 8121.19 -1052.24
8077.33 -939.137 8136.4 -1012.42
8091.95 -947.102 8148.97 -998.078
8104.52 -951.881 8163.3 -1004.45
8118.56 -937.544 8177.92 -1025.16
8132.31 -927.987 8191.95 -1017.19
8146.63 -904.092 8205.99 -1039.5
8160.08 -934.358 8219.14 -1018.79
8174.7 -913.649 8234.64 -1006.04
8188.44 -937.544 8247.2 -983.741
8202.18 -904.092 8261.53 -1042.68
8216.22 -934.358 8276.15 -1004.45
8229.96 -905.685 8290.76 -1023.57
8244.87 -929.579 8303.92 -1036.31
8259.48 -915.242 8319.11 -1015.6
8272.93 -940.73 8332.27 -1028.35
8287.25 -951.881 8345.71 -988.52
8300.99 -948.695 8359.45 -1015.6
8315.02 -956.66 8374.94 -978.962
8329.05 -912.057 8388.09 -975.776
8343.38 -935.951 8402.41 -961.439
8356.82 -950.288 8416.15 -1015.6
8370.26 -918.429 8429.88 -1041.09
8384.88 -970.997 8443.91 -1029.94
8398.61 -897.72 8458.23 -1012.42
8411.76 -926.393 8471.67 -1021.97
8426.96 -927.987 8486.86 -996.485
8440.99 -961.439 8500.6 -985.334
8455.31 -963.032 8514.04 -969.404
8468.75 -926.393 8528.65 -1025.16
8482.48 -910.463 8543.25 -1045.87
8497.38 -951.881 8555.82 -1061.8
8511.11 -947.102 8570.72 -1050.65
8525.14 -955.067 8584.74 -982.148
8538.29 -916.836 8597.89 -1021.97
8552.89 -943.916 8612.2 -953.474
8567.5 -935.951 8627.39 -983.741
8580.36 -964.625 8640.54 -986.927
8595.55 -974.183 8655.14 -1026.75
8608.7 -926.393 8668.87 -1057.02
8623.01 -945.509 8682.6 -1049.05
8637.61 -948.695 8696.62 -1023.57
8650.76 -920.021 8710.64 -970.997
8665.07 -950.288 8724.37 -985.334
8678.51 -943.916 8738.97 -985.334
8693.41 -980.555 8752.99 -1001.26
8706.84 -958.253 8767.59 -1063.39
8721.74 -927.987 8781.32 -1057.02
8735.17 -942.323 8795.04 -1025.16
8749.78 -931.172 8807.89 -996.485
8763.5 -947.102 8823.08 -990.113
8777.23 -964.625 8836.51 -1006.04
8790.66 -983.741 8851.99 -972.59
8805.85 -980.555 8865.13 -1021.97
8820.16 -961.439 8879.14 -1037.9
8833.01 -942.323 8892.87 -1028.35
8847.61 -958.253 8908.05 -1020.38
8861.33 -959.846 8921.77 -1017.19
8874.76 -923.207 8935.5 -1002.86
8889.36 -904.092 8949.51 -1017.19
8903.38 -942.323 8963.82 -998.078
8917.1 -915.242 8976.95 -1018.79
8931.41 -939.137 8991.85 -1052.24
8945.13 -951.881 9006.15 -1045.87
8959.14 -929.579 9020.45 -988.52
8974.04 -931.172 9032.71 -1021.97
8987.47 -961.439 9047.9 -980.555
9001.48 -942.323 9061.91 -993.299
9014.61 -932.765 9075.34 -970.997
9029.5 -918.429 9090.22 -1041.09
9043.81 -884.976 9103.36 -1009.23
9057.53 -967.811 9118.25 -982.148
9071.54 -905.685 9131.38 -942.323
9084.68 -905.685 9145.98 -970.997
9099.27 -932.765 9160.57 -994.892
9113.28 -937.544 9173.7 -1025.16
9127.29 -951.881 9188 -1055.43
9141.6 -982.148 9202.3 -1012.42
9155.32 -899.313 9216.02 -1020.38
9168.74 -977.369 9230.61 -978.962
9183.63 -900.906 9243.46 -963.032
9197.05 -932.765 9258.34 -983.741
9211.35 -948.695 9271.76 -1001.26
9224.49 -994.892 9286.07 -1033.12
9239.37 -934.358 9300.36 -1020.38
9252.8 -970.997 9314.37 -1015.6
9267.39 -929.579 9328.67 -1018.79
9281.69 -921.614 9341.51 -983.741
9295.7 -958.253 9356.39 -937.544
9309.41 -896.127 9370.98 -996.485
9324 -913.649 9384.41 -993.299
9337.43 -935.951 9398.7 -1010.82
9351.72 -929.579 9413 -1036.31
9366.31 -927.987 9427.01 -1047.46
9379.45 -964.625 9441.01 -1004.45
9393.45 -910.463 9455.02 -978.962
9407.46 -920.021 9467.86 -991.706
9420.88 -910.463 9483.03 -940.73
9435.76 -943.916 9497.03 -1012.42
9448.6 -918.429 9510.75 -1031.53
9463.19 -947.102 9524.46 -1061.8
9477.78 -937.544 9539.05 -1020.38
9492.37 -942.323 9553.05 -988.52
9505.2 -937.544 9567.93 -994.892
9518.92 -881.79 9581.06 -972.59
9533.5 -861.081 9594.77 -982.148
9547.22 -932.765 9609.94 -1029.94
9561.51 -921.614 9622.78 -1010.82
9575.23 -978.962 9636.78 -1025.16
9589.81 -951.881 9651.95 -1029.94
9602.65 -939.137 9665.95 -1080.91
9617.82 -908.871 9678.5 -974.183
9631.53 -924.801 9693.67 -993.299
9644.95 -904.092 9706.79 -974.183
9659.24 -951.881 9721.67 -953.474
9673.54 -980.555 9735.38 -1047.46
9687.54 -964.625 9749.09 -1006.04
9701.84 -910.463 9763.68 -1071.36
9716.13 -910.463 9776.8 -1009.23
9728.96 -948.695 9791.97 -1020.38
9743.55 -896.127 9805.39 -1002.86
9758.14 -916.836 9819.1 -999.671
9771.85 -907.278 9833.68 -1004.45
9784.97 -935.951 9847.39 -998.078
9799.26 -942.323 9862.56 -1025.16
9813.85 -955.067 9875.69 -1057.02
9828.14 -947.102 9889.4 -1039.5
9841.27 -870.639 9903.98 -1034.72
9855.85 -889.755 9917.69 -974.183
9869.85 -961.439 9931.69 -996.485
9883.56 -910.463 9946.27 -983.741
9896.4 -967.811 9959.11 -990.113
9911.85 -967.811 9974.86 -1037.9
9926.44 -942.323 9988.27 -1044.28
9939.56 -924.801 10001.7 -1039.5
9954.15 -891.348 10016.3 -983.741
9967.86 -900.906 10030 -1017.19
9981.27 -915.242 10043.1 -972.59
9995.56 -920.021 10059.1 -964.625
10010.1 -956.66 10072 -1020.38
10023.9 -939.137 10086.9 -996.485
10038.1 -963.032 10100.3 -1026.75
10051.9 -934.358 10113.4 -996.485
10065.6 -904.092 10128.3 -1028.35
10079.6 -905.685 10142.3 -959.846
10094.4 -902.499 10156.3 -970.997
10107.6 -991.706 10170.6 -967.811
10121.9 -937.544 10184.5 -986.927
10135.6 -927.987 10198.8 -1001.26
10150.1 -905.685 10212.6 -986.927
10164.4 -880.197 10226.3 -988.52
10177.5 -881.79 10241.4 -1021.97
10191.9 -955.067 10254.8 -1006.04
10205.6 -894.534 10268 -1006.04
10219.5 -934.358 10282.6 -1265.7
10233.5 -967.811 10297.4 -1286.41
10247.8 -964.625 10309.7 -1288
10262.4 -934.358 10325.1 -1276.85
10275.8 -910.463 10338.5 -1305.53
10290.1 -913.649 10352.8 -1243.4
10303.5 -891.348 10366.5 -1310.31
10317.8 -967.811 10380.5 -1394.73
10331.8 -937.544 10395.1 -1359.69
10345.5 -924.801 10409.1 -1415.44
10360.1 -978.962 10423.4 -1340.57
10373.8 -902.499 10437.4 -1292.78
10387.3 -894.534 10451.1 -1300.75
10402.7 -900.906 10464.8 -1310.31
10415.8 -910.463 10479.4 -1315.08
10429.8 -926.393 10493.1 -1310.31
10443.8 -1028.35 10507.1 -1319.86
10457.5 -951.881 10520.5 -1311.9
10471.2 -942.323 10535.7 -1259.33
10486.1 -926.393 10550 -1219.5
10499.8 -920.021 10562.8 -1165.34
10514.1 -892.941 10576.8 -1201.98
10527.2 -912.057 10591.7 -1260.92
10542.1 -966.218 10604.5 -1251.36
10556.4 -935.951 10620 -1257.74
10570.4 -982.148 10633.1 -1230.66
10584.4 -977.369 10647.4 -1158.97
10597.2 -883.383 10661.1 -1093.66
10612.1 -894.534 10675.7 -1039.5
10626.7 -872.232 10689.4 -1103.22
10639.5 -924.801 10703.1 -1135.08
10654.7 -872.232 10717.4 -1170.12
10667.2 -913.649 10731.4 -1216.32
10682.7 -870.639 10745.4 -1146.23
10696.1 -902.499 10760 -1050.65
10710.7 -848.337 10774 -1026.75
10723.8 -877.011 10788 -970.997
10738.1 -872.232 10801.4 -1009.23
10751.2 -853.116 10815.7 -1047.46
10766.7 -881.79 10829.7 -1096.84
10778.9 -834 10844 -1101.62
10793.8 -867.453 10858.6 -1026.75
10808.7 -849.93 10871.7 -948.695
10822.4 -872.232 10885.4 -870.639
10835.5 -873.825 10900.3 -846.744
10850.1 -830.814 10914.9 -862.674
10863.8 -853.116 10928.3 -939.137
10877.5 -830.814 10941.7 -985.334
10891.5 -821.256 10956.3 -1006.04
10905.2 -763.908 10970.3 -967.811
10919.8 -754.35 10984.3 -829.221
10934.1 -762.315 10998.6 -728.862
10947.8 -770.28 11011.7 -736.827
10962.1 -822.849 11026.9 -738.42
10975.8 -794.175 11040 -843.558
10991 -827.628 11054.6 -886.569
11004.4 -751.164 11067.7 -932.765
11017.8 -719.304 11082.6 -829.221
11032.4 -712.932 11096.3 -709.746
11045.3 -703.374 11110.3 -639.654
11059.5 -714.525 11125.2 -596.644
11073.9 -738.42 11139.5 -711.339
11087.9 -719.304 11152.3 -783.024
11101.9 -725.676 11166.6 -818.07
11116.1 -679.479 11181.5 -837.186
11129.6 -679.479 11194.6 -755.943
11143.9 -572.749 11209.5 -625.317
11157.6 -606.201 11223.2 -577.528
11173 -665.142 11236.9 -567.97
11185.9 -625.317 11251.8 -591.865
11199.9 -639.654 11265.5 -698.595
11213.9 -638.061 11279.5 -805.326
11228.2 -572.749 11292.9 -751.164
11242.8 -539.296 11306.7 -657.177
11256.5 -513.808 11321.5 -539.296
11269.9 -470.797 11335.3 -450.088
11284.5 -521.773 11349.3 -458.053
11297.9 -555.226 11363.3 -480.355
11311.9 -556.819 11377.3 -614.166
11326.5 -555.226 11391.3 -625.317
11339.6 -473.983 11405.9 -601.422
11353.9 -415.042 11419.6 -443.716
11368.2 -399.112 11433.3 -418.228
11382.5 -403.891 11447.3 -348.136
11395.9 -403.891 11462.2 -346.543
11410.5 -397.519 11474.7 -415.042
11424 -450.088 11490.2 -464.425
11438.6 -403.891 11503.6 -540.889
11451.7 -451.681 11518.8 -446.902
11466.3 -352.915 11531.7 -370.438
11480.3 -297.16 11545.7 -321.055
11495.8 -300.346 11560 -278.045
11508.3 -284.417 11573.7 -359.287
11521.4 -360.88 11587.4 -399.112
11536.6 -333.799 11601.7 -446.902
11550.3 -321.055 11617.2 -383.182
11564.6 -265.301 11629.1 -335.392
11577.8 -187.244 11644.3 -212.732
11591.5 -214.325 11658.3 -149.012
11606.4 -180.872 11672.3 -217.511
11620.1 -204.767 11686.3 -276.452
11634.4 -212.732 11699.8 -362.473
11648.4 -212.732 11713.8 -351.322
11662.1 -161.756 11726.9 -247.778
11676.7 -107.594 11742.4 -115.559
11690.7 -120.338 11756.7 -61.3972
11704.1 -40.6883 11770.1 -56.6182
11718.8 -70.9552 11784.1 -115.559
11732.5 -42.2813 11798.4 -235.034
11745.9 -70.9552 11812.5 -271.673
11760.2 -101.222 11826.8 -223.883
11773.9 -18.3864 11840.8 -72.5482
11789.4 -10.4214 11854.8 66.0424
11801.9 34.1825 11869.7 147.285
11816 81.9723 11883.4 118.611
11830 45.3334 11897.1 8.69454
11844.3 75.6003 11910.3 -120.338
11857.1 23.0315 11925.2 -160.163
11872.6 113.832 11938 -62.9902
11886 152.064 11953.5 131.355
11900.6 179.145 11967.5 306.585
11914.4 206.226 11980.6 365.525
11928.1 204.633 11994.4 258.795
11942.7 188.703 12009 88.3443
11955.8 171.18 12022.4 -51.8393
11969.8 190.296 12037 -74.1412
11983.9 252.423 12052.5 110.646
11998.2 257.202 12065 335.259
12012.5 319.329 12079.4 545.534
12026.5 261.981 12093.4 537.569
12039.9 322.515 12108 386.234
12054.2 308.178 12122.6 260.388
12069.1 370.304 12135.4 72.4143
12082 375.083 12149.4 131.355
12096.6 395.792 12163.5 303.399
12110.6 406.943 12176.6 537.569
12123.5 410.129 12192.1 731.914
12138.6 483.407 12205.8 731.914
12152.7 443.582 12219.8 588.545
12167 531.197 12233.9 363.932
12180.1 510.488 12247.6 271.539
12194.4 508.895 12261.3 234.9
12207.3 588.545 12275.6 492.965
12221.9 564.65 12289.7 684.124
12236.5 607.661 12305.1 849.796
12250.2 606.068 12318 835.459
12264.5 666.601 12331.7 650.671
12278.3 679.345 12344.6 443.582
12292.9 698.461 12361 392.606
12306.3 749.437 12373.8 491.372
12320.6 760.588 12388.4 628.37
12335.2 798.82 12402.2 789.262
12347.5 765.367 12416.2 886.435
12362.1 776.518 12429.9 830.68
12375.3 830.68 12443.9 706.426
12390.8 862.54 12459.1 593.324
12403.6 923.074 12472.9 593.324
12418.8 940.597 12485.7 731.914
12431.7 910.33 12500.9 824.308
12445.7 943.783 12513.8 950.155
12460.3 956.526 12528.7 1034.58
12473.7 994.758 12543 989.979
12488.1 1063.26 12557.6 932.632
12501.8 1080.78 12570.8 840.238
12516.4 1096.71 12583.9 931.039
12530.2 1134.94 12599.4 982.014
12544.5 1155.65 12613.1 1130.16
12558.5 1160.43 12626.9 1182.73
12572.5 1150.87 12640.9 1131.76
12586.6 1200.25 12654.9 1119.01
12600.3 1233.71 12669 1082.37
12614.6 1263.97 12683.3 1111.05
12627.2 1329.29 12697.3 1189.1
12643.3 1413.72 12710.8 1246.45
12656.4 1413.72 12725.1 1359.55
12670.1 1437.61 12738.6 1335.66
12683.6 1442.39 12753.5 1265.57
12697.9 1391.41 12767.2 1171.58
12712.5 1450.35 12781.8 1244.86
12726.3 1499.74 12796.5 1314.95
12740.3 1566.64 12809.6 1416.9
12754.1 1608.06 12823.1 1522.04
12768.7 1595.32 12837.1 1479.03
12782.4 1651.07 12851.4 1504.52
12796.5 1660.63 12865.5 1483.81
12810.5 1703.64 12880.1 1453.54
12824.2 1665.41 12894.4 1537.97
12838.9 1682.93 12907.9 1571.42
12851.7 1651.07 12921.9 1659.04
12866.9 1773.73 12935.6 1690.9
12880.4 1901.17 12949.7 1730.72
12894.4 1910.73 12963.7 1703.64
12908.1 1931.44 12977.5 1717.98
12922.2 1878.87 12992.7 1713.2
12936.2 1923.47 13007 1759.4
12950.5 1890.02 13020.2 1786.48
12964.3 1960.11 13034.2 1854.98
12978.3 2066.84 13047.7 1843.82
12993 2127.38 13061.7 1904.36
13006.1 2219.77 13076 1891.61
13020.2 2189.5 13091.2 1912.32
13034.2 2165.61 13104.1 1941
13048.5 2213.4 13117.9 2017.46
13062.6 2200.66 13132.2 2066.84
13076.3 2313.76 13147.4 2093.92
13090.4 2305.79 13160.6 2065.25
13104.4 2393.41 13174.3 2103.48
13119.3 2445.98 13188.7 2167.2
13132.2 2434.83 13202.4 2184.73
13146.5 2506.51 13217.3 2280.31
13159.7 2414.12 13230.8 2289.86
13174 2506.51 13245.1 2315.35
13188.7 2444.38 13258 2348.8
13202.7 2570.23 13273.5 2356.77
13216.7 2616.43 13287.3 2399.78
13230.2 2657.85 13301.3 2468.28
13244.8 2673.77 13315 2503.32
13259.2 2618.02 13329.7 2592.53
13272.3 2676.96 13342.9 2565.45
13287.5 2723.16 13357.5 2616.43
13301 2716.79 13371.5 2619.61
13314.2 2844.23 13385.3 2707.23
13328.2 2805.99 13399.3 2699.26
13342.3 2858.56 13413.4 2755.02
13356.3 2930.25 13428.3 2764.58
13369.8 2876.09 13442.1 2786.88
13384.7 3025.83 13456.1 2885.64
13398.5 3014.68 13470.4 2896.79
13411.9 3011.49 13484.2 2963.7
13426.3 3073.62 13497.4 2930.25
13440 3110.26 13512 2998.75
13454.4 3183.53 13525.2 3076.8
13468.1 3202.65 13540.4 3151.67
13483 3328.5 13554.2 3201.06
13495.9 3304.6 13568.2 3215.39
13510.3 3374.69 13582.3 3221.77
13524.6 3395.4 13595.7 3215.39
13538.1 3473.46 13610.4 3231.32
13551.8 3522.84 13624.1 3381.06
13567 3551.52 13639 3411.33
13580.2 3608.86 13651.3 3484.61
13594.3 3602.49 13667.1 3502.13
13607.4 3685.33 13680.6 3484.61
13622.9 3707.63 13695.3 3565.85
13636.4 3761.79 13709.3 3502.13
13649.6 3737.9 13722.8 3583.38
13664.2 3819.14 13737.7 3596.12
13679.4 3806.39 13750.9 3664.62
13692.6 3851 13764.6 3741.08
13706.7 3924.28 13778.7 3803.21
13720.7 3878.08 13793.3 3863.74
13734.2 4011.89 13806.8 3777.72
13747.9 4015.08 13821.1 3796.84
13762.9 3999.15 13835.2 3795.24
13776.9 4096.32 13849.6 3879.67
13790.4 4148.89 13863.3 4048.53
13804.2 4182.34 13878.5 4134.55
13818.8 4233.32 13891.7 4188.71
13831.7 4298.63 13906.4 4134.55
13846.6 4403.77 13920.7 4177.56
13860.4 4470.67 13935.4 4185.53
13874.1 4504.13 13948.8 4255.62
13888.2 4612.45 13963.2 4312.97
13902 4548.73 13978.4 4461.12
13916.9 4626.79 13992.5 4528.02
13930.1 4579 14000.1 4556.7
13944.1 4751.04 13987.2 4663.43
13958.5 4784.49 13972.2 4644.31
