7013.87 -1165.34 7026.47 -1184.46
7002.44 -1174.9 7040.84 -1213.13
7001.55 -1128.7 7055.79 -1238.62
7010.94 -1131.89 7069.57 -1224.28
7023.54 -1123.92 7083.34 -1209.95
7037.91 -1155.78 7097.12 -1246.59
7052.86 -1158.97 7111.78 -1203.57
7066.05 -1222.69 7124.67 -1206.76
7081.29 -1152.6 7140.5 -1189.24
7094.48 -1151.01 7153.69 -1182.87
7108.85 -1143.04 7168.34 -1203.57
7122.62 -1120.74 7181.24 -1213.13
7136.69 -1138.26 7195.6 -1211.54
7151.35 -1184.46 7209.37 -1195.61
7165.12 -1171.71 7223.73 -1190.83
7178.89 -1179.68 7238.09 -1178.09
7193.55 -1195.61 7251.57 -1171.71
7207.32 -1160.56 7266.22 -1208.35
7220.8 -1170.12 7278.81 -1194.02
7234.86 -1154.19 7293.76 -1211.54
7249.81 -1160.56 7307.23 -1213.13
7263.29 -1131.89 7321.88 -1201.98
7277.64 -1157.38 7335.65 -1227.47
7291.71 -1144.63 7349.71 -1176.49
7306.06 -1160.56 7363.77 -1158.97
7319.83 -1144.63 7377.54 -1179.68
7333.6 -1123.92 7391.89 -1270.48
7347.66 -1186.05 7405.66 -1259.33
7361.43 -1160.56 7420.01 -1211.54
7376.66 -1182.87 7433.78 -1214.73
7389.84 -1186.05 7448.13 -1214.73
7403.02 -1158.97 7462.18 -1163.75
7417.96 -1174.9 7475.95 -1198.8
7431.73 -1146.23 7490.59 -1224.28
7445.78 -1151.01 7504.35 -1251.36
7459.84 -1195.61 7518.7 -1233.84
7473.31 -1135.08 7531.88 -1244.99
7486.78 -1149.41 7546.23 -1217.91
7501.43 -1154.19 7560.28 -1225.88
7515.77 -1162.16 7574.04 -1208.35
7531.29 -1144.63 7589.85 -1206.76
7543.59 -1141.45 7602.44 -1201.98
7557.65 -1143.04 7616.79 -1203.57
7571.99 -1152.6 7630.54 -1221.1
7586.05 -1163.75 7644.89 -1214.73
7600.68 -1152.6 7657.77 -1217.91
7614.15 -1146.23 7672.11 -1257.74
7627.62 -1115.96 7687.04 -1182.87
7642.55 -1115.96 7699.92 -1186.05
7656.01 -1146.23 7715.43 -1198.8
7669.77 -1179.68 7728.6 -1225.88
7683.82 -1163.75 7743.23 -1254.55
7697.87 -1144.63 7756.7 -1186.05
7711.92 -1179.68 7771.04 -1181.27
7725.97 -1144.63 7784.2 -1221.1
7740.31 -1168.53 7798.55 -1208.35
7754.36 -1192.42 7812.59 -1201.98
7767.82 -1186.05 7827.22 -1201.98
7782.16 -1165.34 7841.85 -1232.25
7795.62 -1205.17 7855.31 -1149.41
7811.13 -1149.41 7869.94 -1222.69
7823.71 -1158.97 7883.1 -1176.49
7838.34 -1149.41 7896.86 -1201.98
7852.09 -1144.63 7910.61 -1200.39
7866.14 -1182.87 7925.23 -1217.91
7880.76 -1168.53 7938.69 -1272.07
7893.93 -1165.34 7953.02 -1203.57
7908.27 -1190.83 7967.36 -1194.02
7922.89 -1168.53 7980.81 -1209.95
7936.35 -1186.05 7995.14 -1203.57
7950.1 -1155.78 8008.89 -1233.84
7964.72 -1179.68 8023.22 -1248.18
7978.47 -1146.23 8037.26 -1244.99
7992.22 -1203.57 8051.59 -1241.81
8006.26 -1189.24 8065.92 -1225.88
8020.59 -1171.71 8078.79 -1192.42
8034.63 -1184.46 8092.83 -1233.84
8048.67 -1222.69 8107.45 -1162.16
8062.41 -1131.89 8121.19 -1208.35
8077.04 -1130.3 8135.81 -1194.02
8091.36 -1155.78 8148.97 -1213.13
8104.82 -1178.09 8163.59 -1221.1
8118.56 -1195.61 8178.21 -1192.42
8132.31 -1160.56 8190.78 -1178.09
8146.05 -1205.17 8206.86 -1197.2
8160.08 -1209.95 8220.31 -1214.73
8174.41 -1165.34 8234.34 -1268.89
8188.74 -1146.23 8247.79 -1225.88
8203.06 -1201.98 8262.41 -1243.4
8216.8 -1144.63 8275.85 -1197.2
8231.13 -1179.68 8289.89 -1213.13
8244.57 -1222.69 8303.62 -1216.32
8258.02 -1179.68 8317.36 -1192.42
8272.64 -1152.6 8331.68 -1187.64
8286.67 -1171.71 8345.13 -1205.17
8300.12 -1174.9 8359.45 -1208.35
8315.02 -1103.22 8374.65 -1243.4
8328.18 -1176.49 8387.8 -1200.39
8343.67 -1174.9 8402.12 -1198.8
8356.24 -1155.78 8416.15 -1205.17
8371.43 -1138.26 8431.05 -1232.25
8385.17 -1179.68 8444.2 -1213.13
8398.61 -1189.24 8458.23 -1189.24
8413.81 -1166.94 8472.25 -1268.89
8426.96 -1151.01 8485.99 -1225.88
8440.4 -1120.74 8499.72 -1203.57
8455.01 -1213.13 8514.91 -1192.42
8468.45 -1154.19 8528.94 -1205.17
8482.48 -1146.23 8541.79 -1162.16
8497.38 -1146.23 8556.98 -1168.53
8511.7 -1160.56 8570.13 -1189.24
8524.56 -1187.64 8585.62 -1227.47
8538.87 -1165.34 8598.76 -1205.17
8552.6 -1154.19 8612.49 -1201.98
8566.63 -1149.41 8626.81 -1201.98
8581.23 -1184.46 8640.54 -1166.94
8594.67 -1181.27 8654.56 -1176.49
8608.4 -1206.76 8669.16 -1213.13
8623.3 -1227.47 8683.48 -1194.02
8636.74 -1165.34 8697.2 -1237.03
8651.05 -1158.97 8710.35 -1209.95
8664.78 -1184.46 8725.53 -1186.05
8678.51 -1168.53 8738.68 -1222.69
8692.82 -1200.39 8753.28 -1151.01
8705.97 -1160.56 8766.72 -1219.5
8720.86 -1162.16 8780.44 -1201.98
8735.17 -1157.38 8794.75 -1221.1
8748.9 -1144.63 8809.35 -1262.52
8763.5 -1184.46 8823.66 -1184.46
8776.94 -1165.34 8836.51 -1213.13
8790.08 -1173.31 8851.69 -1237.03
8805.56 -1149.41 8865.42 -1219.5
8818.99 -1198.8 8879.44 -1189.24
8833.88 -1195.61 8893.74 -1243.4
8847.32 -1203.57 8907.76 -1248.18
8861.33 -1181.27 8921.19 -1240.21
8874.18 -1179.68 8935.79 -1252.96
8889.07 -1197.2 8949.8 -1232.25
8903.38 -1176.49 8964.11 -1186.05
8917.1 -1186.05 8976.95 -1187.64
8931.12 -1157.38 8991.26 -1219.5
8945.42 -1154.19 9005.86 -1243.4
8959.73 -1170.12 9019.87 -1238.62
8972.87 -1200.39 9033.59 -1295.97
8987.76 -1208.35 9047.9 -1211.54
9001.48 -1179.68 9061.61 -1206.76
9014.03 -1187.64 9076.21 -1233.84
9029.8 -1155.78 9089.93 -1205.17
9043.81 -1186.05 9103.36 -1249.77
9058.11 -1190.83 9117.66 -1232.25
9070.96 -1201.98 9131.96 -1248.18
9085.26 -1194.02 9145.68 -1259.33
9099.27 -1157.38 9160.57 -1232.25
9112.99 -1184.46 9174.58 -1256.14
9127.88 -1184.46 9187.71 -1206.76
9141.3 -1184.46 9202.01 -1192.42
9155.9 -1181.27 9216.02 -1186.05
9168.45 -1160.56 9229.16 -1217.91
9183.33 -1163.75 9244.04 -1233.84
9197.05 -1186.05 9258.34 -1221.1
9211.94 -1194.02 9272.06 -1211.54
9225.65 -1168.53 9286.07 -1187.64
9239.08 -1190.83 9300.95 -1205.17
9252.5 -1178.09 9314.08 -1197.2
9267.39 -1143.04 9327.8 -1211.54
9281.1 -1162.16 9342.97 -1216.32
9295.4 -1178.09 9356.98 -1230.66
9308.83 -1141.45 9370.4 -1219.5
9322.83 -1206.76 9384.7 -1176.49
9337.43 -1181.27 9398.7 -1184.46
9352.01 -1174.9 9412.42 -1213.13
9365.15 -1157.38 9426.42 -1203.57
9379.74 -1151.01 9440.43 -1224.28
9393.16 -1224.28 9455.31 -1249.77
9406.58 -1146.23 9467.86 -1213.13
9420.88 -1163.75 9482.74 -1237.03
9435.76 -1149.41 9496.45 -1276.85
9449.77 -1200.39 9510.16 -1205.17
9463.48 -1192.42 9524.75 -1213.13
9477.78 -1158.97 9539.05 -1244.99
9491.49 -1171.71 9553.34 -1229.06
9505.2 -1178.09 9567.06 -1229.06
9519.79 -1174.9 9581.06 -1206.76
9533.5 -1195.61 9595.06 -1173.31
9547.22 -1200.39 9609.07 -1275.26
9562.1 -1165.34 9623.65 -1211.54
9576.39 -1189.24 9636.49 -1246.59
9589.52 -1166.94 9651.66 -1211.54
9603.23 -1170.12 9664.79 -1270.48
9617.24 -1162.16 9679.37 -1257.74
9631.24 -1163.75 9693.38 -1233.84
9644.66 -1168.53 9707.08 -1222.69
9660.41 -1213.13 9721.38 -1194.02
9674.12 -1187.64 9735.09 -1214.73
9687.54 -1211.54 9749.09 -1240.21
9700.96 -1198.8 9763.68 -1221.1
9715.84 -1181.27 9777.39 -1260.92
9730.13 -1230.66 9792.26 -1225.88
9742.97 -1166.94 9804.81 -1240.21
9758.14 -1192.42 9819.1 -1225.88
9772.43 -1174.9 9833.68 -1200.39
9785.56 -1197.2 9847.69 -1249.77
9799.56 -1198.8 9862.56 -1259.33
9814.14 -1197.2 9875.69 -1243.4
9827.56 -1166.94 9889.11 -1225.88
9841.27 -1186.05 9903.69 -1251.36
9855.56 -1184.46 9916.81 -1238.62
9870.15 -1181.27 9931.4 -1227.47
9882.69 -1219.5 9946.27 -1221.1
9897.85 -1201.98 9959.69 -1240.21
9911.56 -1136.67 9973.98 -1235.43
9925.86 -1173.31 9987.69 -1225.88
9939.86 -1128.7 10001.7 -1254.55
9953.56 -1197.2 10015.7 -1237.03
9967.57 -1117.55 10030.3 -1268.89
9981.86 -1182.87 10043.4 -1222.69
9995.56 -1170.12 10058 -1243.4
10009.6 -1198.8 10071.7 -1267.29
10023.6 -1176.49 10086.9 -1214.73
10037 -1163.75 10100 -1265.7
10051.6 -1232.25 10114 -1256.14
10065.8 -1176.49 10128.3 -1265.7
10080.1 -1119.15 10142.3 -1300.75
10093.9 -1181.27 10156.3 -1283.22
10107.3 -1222.69 10170 -1275.26
10121.6 -1171.71 10183.7 -1286.41
10135.3 -1198.8 10198 -1270.48
10149.6 -1165.34 10212 -1246.59
10164.1 -1163.75 10226.8 -1214.73
10176.7 -1119.15 10240.6 -1286.41
10191.5 -1179.68 10255.7 -1251.36
10205.8 -1189.24 10268.5 -1281.63
10219.8 -1160.56 10282.6 -1264.11
10233.8 -1181.27 10296.3 -1276.85
10247.8 -1155.78 10310.3 -1286.41
10261.8 -1179.68 10324.8 -1268.89
10276.7 -1171.71 10339.7 -1257.74
10289.3 -1182.87 10352.3 -1294.38
10304.4 -1131.89 10366.8 -1283.22
10318.7 -1227.47 10380.8 -1280.04
10332.4 -1205.17 10395.4 -1273.67
10345.3 -1181.27 10408.5 -1264.11
10360.4 -1216.32 10422.8 -1240.21
10374.1 -1209.95 10437.7 -1295.97
10387.5 -1194.02 10450.8 -1272.07
10402.1 -1265.7 10464.8 -1308.71
10415.8 -1181.27 10479.1 -1268.89
10430.4 -1216.32 10493.7 -1268.89
10443.8 -1238.62 10507.4 -1283.22
10458.1 -1205.17 10521.1 -1256.14
10471.8 -1213.13 10535.7 -1249.77
10485.8 -1243.4 10549.4 -1288
10500.1 -1201.98 10563.7 -1272.07
10513.8 -1194.02 10577.4 -1276.85
10528.1 -1203.57 10592 -1244.99
10542.1 -1214.73 10604.5 -1205.17
10555.8 -1206.76 10619.1 -1216.32
10570.4 -1160.56 10634 -1200.39
10584.4 -1151.01 10646.8 -1260.92
10597.2 -1197.2 10660.2 -1251.36
10612.7 -1197.2 10676 -1262.52
10626.1 -1166.94 10690.3 -1243.4
10639.5 -1143.04 10702.8 -1205.17
10654.4 -1190.83 10718.3 -1162.16
10667.8 -1141.45 10731.1 -1157.38
10681.8 -1154.19 10744.8 -1209.95
10696.4 -1100.03 10759.7 -1216.32
10709.2 -1093.66 10773.7 -1230.66
10723.8 -1115.96 10788.3 -1222.69
10737.8 -1093.66 10801.7 -1186.05
10752.1 -1098.44 10815.7 -1103.22
10765.2 -1120.74 10830.3 -1114.37
10780.1 -1096.84 10843.7 -1127.11
10793.8 -1080.91 10858 -1082.51
10808.1 -1049.05 10872.3 -1127.11
10821.8 -1061.8 10886.3 -1162.16
10835.8 -1034.72 10899.7 -1106.4
10850.4 -1002.86 10914 -1072.95
10862.9 -977.369 10928 -951.881
10879 -1052.24 10942 -975.776
10891.5 -1077.73 10956.9 -937.544
10907 -1010.82 10970.6 -1007.64
10919.2 -1060.2 10984.6 -1045.87
10934.1 -961.439 10998.9 -1071.36
10947.8 -986.927 11012.6 -1015.6
10961.5 -950.288 11026.6 -908.871
10976.1 -967.811 11040.3 -943.916
10990.1 -993.299 11054.9 -951.881
11004.4 -959.846 11068 -947.102
11017.8 -1041.09 11083.2 -1028.35
11032.4 -975.776 11097.5 -988.52
11046.1 -947.102 11110.3 -996.485
11059.8 -915.242 11124.9 -948.695
11073.9 -888.162 11138.6 -926.393
11088.1 -945.509 11152.9 -861.081
11102.7 -955.067 11166.3 -900.906
11116.7 -974.183 11180.6 -937.544
11130.1 -961.439 11194.9 -926.393
11144.1 -904.092 11209.5 -913.649
11157.6 -894.534 11223.5 -886.569
11171.9 -843.558 11236.9 -881.79
11186.5 -832.407 11250.9 -794.175
11199.6 -862.674 11264.9 -775.059
11213.9 -888.162 11279.5 -837.186
11227.9 -884.976 11293.2 -832.407
11241.9 -834 11307.3 -886.569
11255.3 -834 11322.4 -818.07
11270.5 -775.059 11335.3 -794.175
11284.5 -800.547 11349.3 -736.827
11299.1 -762.315 11362.4 -685.851
11312.2 -776.652 11377.3 -641.247
11326.2 -716.118 11391.6 -650.805
11341.1 -722.49 11405.3 -740.013
11354.2 -724.083 11419.6 -728.862
11367.9 -679.479 11433.9 -770.28
11382.5 -717.711 11447.6 -661.956
11396.5 -677.886 11462.2 -564.784
11409.1 -704.967 11476.2 -585.493
11424.5 -673.107 11490.2 -558.412
11437.4 -641.247 11503.3 -575.935
11452.6 -628.503 11517.9 -604.608
11466.6 -575.935 11532.2 -671.514
11480.3 -585.493 11545.4 -671.514
11494.3 -532.924 11560.3 -596.644
11508.3 -561.598 11574.9 -550.447
11523.2 -547.261 11588 -458.053
11536.3 -529.738 11602.3 -462.832
11550 -564.784 11616 -534.517
11564.3 -491.506 11630.6 -545.668
11577.5 -528.145 11644.6 -591.865
11591.8 -485.134 11658.6 -532.924
11606.1 -446.902 11672.6 -510.622
11621 -512.215 11686.3 -418.228
11633.8 -451.681 11701.2 -407.077
11648.1 -462.832 11714.4 -394.333
11661.8 -443.716 11728.1 -407.077
11676.4 -408.67 11743 -483.541
11689.6 -410.263 11756.7 -394.333
11704.4 -327.427 11771.3 -421.414
11718.2 -379.996 11783.8 -407.077
11732.8 -336.985 11799 -336.985
11745.6 -317.869 11811.9 -324.241
11760.2 -368.845 11826.8 -260.522
11774.2 -282.824 11840.2 -268.487
11787.9 -246.185 11854.2 -273.266
11802.2 -153.791 11868.8 -276.452
11815.7 -160.163 11882.5 -209.546
11830.6 -187.244 11896.5 -212.732
11844.3 -198.395 11910.9 -196.802
11858 -252.557 11924.3 -133.082
11872.3 -156.977 11938.3 -195.209
11886.3 -190.43 11952.9 -145.826
11899.8 -51.8393 11966.9 -152.198
11914.1 -40.6883 11980.6 -126.71
11928.7 -8.8284 11994.7 -32.7233
11942.4 -23.1654 12009.3 -0.863426
11956.1 -62.9902 12023 -59.8042
11970.1 -59.8042 12036.1 -88.4781
11983.6 -86.8852 12051.3 -155.384
11999 -39.0953 12064.7 -107.594
12012.2 16.6595 12079.9 -56.6182
12026.5 86.7513 12093.7 50.1124
12040.5 105.867 12107.4 35.7755
12053.9 104.274 12122 121.797
12068 88.3443 12136.3 91.5303
12082 78.7863 12149.4 74.0073
12096 117.018 12163.2 45.3334
12110.3 129.762 12177.2 91.5303
12124.3 242.865 12191.5 172.773
12138 293.841 12205.5 198.261
12152.1 242.865 12219.8 277.911
12166.4 255.609 12233.9 289.062
12180.4 223.749 12247.3 285.876
12194.1 246.051 12262.2 274.725
12209 320.922 12275.9 198.261
12222.5 406.943 12289.4 211.005
12236.5 485 12303.1 301.806
12249.9 443.582 12316.8 389.42
12264.5 430.838 12331.7 432.431
12278.6 389.42 12346.3 429.245
12293.2 379.862 12360.4 410.129
12306.3 414.908 12373.8 349.595
12320.9 523.232 12388.1 395.792
12333.5 572.615 12401.9 422.873
12348.1 626.777 12415.9 526.418
12362.4 672.973 12429.9 577.394
12376.1 639.521 12443.9 601.289
12390.2 505.709 12459.1 660.229
12404.8 545.534 12471.7 617.219
12418.8 590.138 12486.9 650.671
12432 693.682 12500.6 631.556
12447.4 786.076 12514.6 703.24
12460.6 830.68 12528.7 736.693
12474.6 860.947 12542.7 809.971
12488.1 754.216 12556.5 908.737
12501.5 735.1 12570.8 958.12
12516.7 728.728 12584.5 889.621
12530.2 747.844 12599.1 878.47
12544.8 961.306 12612.3 845.017
12558.8 1032.99 12626.6 824.308
12571.9 1077.59 12640.6 888.028
12587.1 1009.1 12655.5 972.456
12600.9 1021.84 12668.4 1034.58
12614.6 932.632 12683.6 999.537
12628.3 978.828 12697.9 1005.91
12642.4 1106.27 12711.7 977.235
12656.1 1134.94 12725.4 1026.62
12669.6 1236.89 12738.8 1005.91
12684.8 1276.72 12752.6 994.758
12698.8 1302.21 12768.1 1068.04
12712.5 1206.63 12781.5 1039.36
12726 1190.7 12795.3 1158.84
12740.3 1217.78 12809 1138.13
12754.6 1224.15 12822.8 1200.25
12768.7 1389.82 12838 1225.74
12782.7 1485.4 12852 1192.29
12795.9 1520.45 12865.8 1240.08
12809.9 1447.17 12879.8 1228.93
12823.9 1416.9 12894.7 1300.61
12838.3 1445.58 12907 1388.23
12852.6 1456.73 12921.3 1399.38
12866.9 1573.02 12936.5 1472.66
12879.8 1643.11 12949.4 1545.93
12894.7 1738.69 12964 1625.58
12907.9 1767.36 12978 1654.26
12922.2 1708.42 12992.4 1713.2
12935.4 1727.54 13006.1 1644.7
12951.1 1733.91 13019.3 1635.14
12964.3 1799.22 13034.2 1687.71
12977.8 1913.92 13049.1 1768.95
12992.7 1909.14 13062.3 1854.98
13006.1 1974.45 13077.5 1925.07
13020.5 1971.26 13090.1 1990.38
13034.2 1980.82 13104.7 1955.33
13048 2047.73 13118.4 1870.91
13062.6 2100.3 13131.9 1999.94
13077.2 2133.75 13147.1 1976.04
13090.9 2135.34 13159.7 2090.74
13104.1 2275.53 13174.9 2097.11
13118.7 2226.14 13188.7 2143.31
13131.6 2144.9 13202.4 2179.95
13146.5 2176.76 13217 2167.2
13159.7 2146.49 13230.5 2168.8
13174.6 2288.27 13245.1 2085.96
13187.8 2359.95 13259.2 2136.94
13201.8 2477.84 13272.9 2165.61
13216.7 2415.71 13287.5 2294.64
13230.8 2377.48 13301.3 2379.07
13244.8 2345.62 13315.6 2442.79
13258.3 2379.07 13328.8 2433.23
13272.9 2511.29 13343.4 2304.2
13285.8 2684.93 13357.2 2259.6
13300.4 2790.06 13371.2 2273.93
13313.6 2743.87 13385.9 2409.34
13328.2 2689.7 13399.6 2552.71
13342 2637.14 13414 2625.99
13356.3 2664.22 13427.4 2715.19
13370.4 2786.88 13441.5 2691.3
13385 2968.48 13455.2 2691.3
13397.9 3116.63 13470.1 2656.25
13412.2 3145.3 13483.6 2643.51
13426.8 3091.14 13497.7 2809.18
13440 3027.42 13511.4 2906.35
13454.9 2970.07 13526.4 3019.46
13468.4 3043.35 13539.8 3118.22
13483.3 3159.64 13553.9 3154.86
13495.3 3298.23 13567.6 3099.1
13510.8 3459.12 13582.8 2986
13525.2 3478.24 13596.9 3030.61
13538.1 3411.33 13609.8 3127.78
13552.7 3252.03 13624.1 3264.78
13566.4 3207.43 13638.8 3417.7
13580.2 3263.18 13652.5 3449.56
13594.3 3467.09 13666.6 3406.55
13607.1 3733.12 13680.3 3346.02
13622.1 3764.98 13695 3330.09
13636.7 3734.71 13708.4 3398.59
13650.8 3591.34 13723.6 3510.1
13664.5 3492.57 13736.2 3604.08
13677.7 3505.32 13751.2 3635.94
13692.3 3653.47 13764.9 3661.43
13706.4 3846.22 13779.6 3634.35
13719.8 4013.48 13793.3 3674.18
13734.5 4094.73 13808.3 3694.88
13747.1 4005.52 13822.3 3714
13762.6 3938.61 13835.5 3838.25
13776.4 3857.37 13849.6 3865.33
13790.4 3881.27 13863.9 3972.07
13804.2 4002.33 13877.7 3973.66
13818.8 4215.79 13892.3 3959.32
13832 4352.79 13906.1 3991.18
13846.6 4421.29 13920.4 4042.16
13860.1 4395.8 13935.4 4182.34
13874.4 4277.92 13948.5 4255.62
13888.2 4249.25 13963.2 4360.76
13901.4 4292.26 13979 4387.84
13915.7 4457.93 13991.3 4276.33
13930.7 4633.16 14000.9 4312.97
13944.1 4784.49 13986 4308.19
13958.5 4792.46 13972.8 4453.15
