7014.16 -1133.48 7026.77 -1198.8
7003.9 -1157.38 7040.84 -1143.04
7000.68 -1125.52 7054.62 -1181.27
7010.64 -1119.15 7069.57 -1192.42
7023.25 -1139.85 7082.76 -1186.05
7038.49 -1162.16 7097.41 -1198.8
7052.86 -1162.16 7110.6 -1162.16
7066.34 -1133.48 7124.38 -1186.05
7080.41 -1127.11 7139.91 -1147.82
7095.36 -1163.75 7153.1 -1201.98
7108.55 -1123.92 7167.76 -1186.05
7122.33 -1182.87 7181.53 -1182.87
7137.28 -1166.94 7196.48 -1216.32
7151.93 -1176.49 7209.96 -1184.46
7164.53 -1168.53 7223.44 -1155.78
7178.89 -1115.96 7237.79 -1158.97
7193.25 -1152.6 7250.39 -1235.43
7207.61 -1154.19 7265.92 -1184.46
7221.68 -1136.67 7279.4 -1181.27
7235.16 -1166.94 7294.34 -1165.34
7249.81 -1163.75 7307.23 -1138.26
7263.29 -1157.38 7321.59 -1186.05
7277.06 -1136.67 7335.94 -1176.49
7291.41 -1135.08 7349.71 -1189.24
7306.35 -1115.96 7364.65 -1171.71
7319.24 -1149.41 7377.54 -1182.87
7333.6 -1144.63 7391.6 -1187.64
7347.37 -1120.74 7406.24 -1208.35
7361.43 -1160.56 7420.01 -1189.24
7376.37 -1123.92 7433.78 -1170.12
7389.55 -1127.11 7448.13 -1197.2
7403.61 -1120.74 7462.77 -1192.42
7417.38 -1120.74 7476.53 -1181.27
7431.73 -1144.63 7490.3 -1186.05
7446.08 -1123.92 7504.06 -1213.13
7459.55 -1128.7 7518.41 -1179.68
7473.31 -1107.99 7532.17 -1209.95
7488.25 -1122.33 7546.52 -1209.95
7502.01 -1125.52 7561.16 -1190.83
7515.77 -1106.4 7574.92 -1187.64
7530.71 -1112.77 7588.68 -1151.01
7544.76 -1125.52 7602.44 -1203.57
7558.52 -1146.23 7616.49 -1155.78
7571.99 -1194.02 7629.37 -1162.16
7586.63 -1096.84 7644.89 -1206.76
7599.22 -1101.62 7658.35 -1209.95
7613.86 -1174.9 7672.99 -1176.49
7628.2 -1143.04 7686.45 -1194.02
7641.96 -1160.56 7700.21 -1192.42
7656.01 -1139.85 7714.55 -1209.95
7670.35 -1151.01 7728.02 -1171.71
7683.82 -1125.52 7743.53 -1162.16
7697.87 -1155.78 7757.87 -1208.35
7711.92 -1165.34 7771.04 -1149.41
7725.97 -1178.09 7784.2 -1151.01
7739.72 -1144.63 7799.13 -1173.31
7753.19 -1158.97 7812.3 -1190.83
7768.4 -1158.97 7826.64 -1176.49
7782.74 -1166.94 7840.68 -1138.26
7796.5 -1143.04 7855.02 -1214.73
7811.13 -1158.97 7869.35 -1176.49
7823.71 -1179.68 7883.4 -1181.27
7838.92 -1192.42 7897.44 -1197.2
7852.38 -1184.46 7911.19 -1178.09
7866.14 -1131.89 7925.53 -1173.31
7881.06 -1112.77 7939.27 -1179.68
7894.81 -1160.56 7953.32 -1157.38
7908.27 -1087.29 7967.36 -1211.54
7922.31 -1198.8 7981.69 -1190.83
7936.64 -1181.27 7995.44 -1182.87
7950.39 -1163.75 8009.48 -1170.12
7964.72 -1141.45 8023.22 -1160.56
7978.18 -1128.7 8038.43 -1189.24
7992.22 -1141.45 8050.72 -1206.76
8006.84 -1139.85 8065.34 -1213.13
8020.01 -1155.78 8079.38 -1225.88
8034.34 -1158.97 8093.41 -1203.57
8048.08 -1173.31 8107.16 -1147.82
8063 -1143.04 8121.19 -1157.38
8076.16 -1123.92 8135.81 -1179.68
8091.36 -1146.23 8148.68 -1189.24
8105.11 -1138.26 8163.59 -1227.47
8119.14 -1131.89 8177.92 -1214.73
8132.6 -1128.7 8191.66 -1194.02
8146.05 -1149.41 8205.99 -1165.34
8161.25 -1201.98 8219.73 -1178.09
8174.99 -1168.53 8234.34 -1149.41
8189.03 -1197.2 8246.62 -1155.78
8202.77 -1151.01 8262.11 -1214.73
8217.39 -1139.85 8275.56 -1203.57
8230.54 -1166.94 8290.47 -1214.73
8244.28 -1147.82 8303.33 -1200.39
8258.9 -1165.34 8317.95 -1149.41
8272.64 -1146.23 8332.27 -1179.68
8286.38 -1171.71 8346.59 -1186.05
8300.7 -1147.82 8360.62 -1211.54
8315.61 -1162.16 8374.65 -1189.24
8328.47 -1100.03 8387.8 -1219.5
8342.5 -1122.33 8401.54 -1173.31
8356.53 -1136.67 8414.98 -1198.8
8370.85 -1120.74 8430.17 -1155.78
8384.88 -1160.56 8444.79 -1128.7
8398.61 -1181.27 8457.94 -1174.9
8412.93 -1141.45 8472.25 -1166.94
8426.67 -1174.9 8486.57 -1243.4
8440.99 -1147.82 8500.01 -1203.57
8453.84 -1179.68 8514.33 -1195.61
8469.33 -1189.24 8528.35 -1221.1
8482.48 -1157.38 8542.67 -1190.83
8497.09 -1155.78 8556.69 -1181.27
8510.53 -1128.7 8571.01 -1165.34
8524.26 -1151.01 8585.03 -1219.5
8539.16 -1157.38 8598.76 -1186.05
8552.31 -1144.63 8612.49 -1209.95
8568.09 -1119.15 8627.1 -1216.32
8581.53 -1163.75 8639.66 -1170.12
8594.97 -1165.34 8654.85 -1192.42
8608.99 -1149.41 8668.87 -1186.05
8622.13 -1135.08 8682.31 -1173.31
8637.03 -1117.55 8697.2 -1163.75
8651.34 -1146.23 8711.22 -1201.98
8665.36 -1127.11 8725.24 -1190.83
8679.68 -1168.53 8738.68 -1163.75
8693.11 -1178.09 8752.7 -1179.68
8706.84 -1174.9 8766.72 -1187.64
8721.15 -1158.97 8780.73 -1144.63
8735.17 -1157.38 8795.34 -1190.83
8748.9 -1158.97 8808.48 -1184.46
8763.5 -1146.23 8823.08 -1201.98
8776.35 -1125.52 8836.8 -1192.42
8792.12 -1143.04 8851.69 -1213.13
8805.56 -1171.71 8864.84 -1189.24
8819.28 -1144.63 8879.14 -1147.82
8833.3 -1119.15 8893.16 -1208.35
8847.32 -1151.01 8907.76 -1182.87
8860.16 -1112.77 8921.77 -1221.1
8875.64 -1146.23 8935.5 -1176.49
8889.36 -1138.26 8950.1 -1203.57
8903.38 -1149.41 8964.4 -1198.8
8917.69 -1162.16 8978.12 -1194.02
8930.53 -1187.64 8991.26 -1163.75
8945.72 -1149.41 9006.44 -1216.32
8960.31 -1197.2 9019.87 -1158.97
8972.58 -1106.4 9033.59 -1206.76
8988.05 -1170.12 9047.6 -1173.31
9002.06 -1152.6 9061.61 -1163.75
9015.2 -1165.34 9075.04 -1186.05
9029.5 -1163.75 9089.64 -1201.98
9042.93 -1136.67 9104.23 -1176.49
9056.94 -1190.83 9118.54 -1127.11
9071.54 -1149.41 9131.09 -1181.27
9084.97 -1130.3 9145.98 -1205.17
9099.85 -1115.96 9159.69 -1225.88
9113.28 -1155.78 9174.58 -1208.35
9127 -1179.68 9188 -1186.05
9142.18 -1162.16 9202.01 -1179.68
9155.61 -1141.45 9216.02 -1154.19
9169.33 -1149.41 9230.32 -1192.42
9181.87 -1144.63 9244.62 -1232.25
9197.64 -1181.27 9258.34 -1230.66
9211.35 -1144.63 9271.76 -1235.43
9225.95 -1144.63 9286.07 -1221.1
9239.08 -1155.78 9300.95 -1178.09
9253.96 -1151.01 9314.37 -1151.01
9267.1 -1155.78 9328.38 -1181.27
9281.98 -1133.48 9341.8 -1187.64
9295.7 -1152.6 9356.1 -1205.17
9309.12 -1141.45 9369.82 -1224.28
9322.83 -1147.82 9384.7 -1205.17
9338.01 -1136.67 9398.41 -1194.02
9352.01 -1138.26 9412.13 -1186.05
9366.31 -1098.44 9427.3 -1176.49
9380.32 -1082.51 9441.01 -1206.76
9393.45 -1138.26 9454.14 -1205.17
9407.17 -1117.55 9469.32 -1168.53
9421.47 -1146.23 9482.15 -1214.73
9435.47 -1184.46 9497.03 -1227.47
9449.48 -1160.56 9511.04 -1229.06
9463.77 -1154.19 9525.04 -1178.09
9477.19 -1125.52 9538.76 -1171.71
9492.07 -1154.19 9552.76 -1194.02
9505.79 -1103.22 9567.35 -1229.06
9519.5 -1158.97 9580.48 -1217.91
9533.21 -1139.85 9594.48 -1198.8
9547.22 -1182.87 9609.36 -1230.66
9561.8 -1182.87 9622.78 -1192.42
9575.52 -1158.97 9637.66 -1171.71
9589.81 -1157.38 9651.37 -1201.98
9603.52 -1133.48 9665.66 -1190.83
9617.82 -1130.3 9678.79 -1206.76
9631.82 -1173.31 9693.67 -1209.95
9646.12 -1138.26 9707.08 -1182.87
9658.95 -1160.56 9721.09 -1197.2
9673.25 -1157.38 9735.67 -1182.87
9688.42 -1158.97 9748.51 -1208.35
9700.96 -1128.7 9763.09 -1176.49
9716.13 -1114.37 9777.39 -1179.68
9729.84 -1100.03 9791.68 -1187.64
9743.26 -1143.04 9806.26 -1206.76
9757.55 -1120.74 9818.52 -1238.62
9771.55 -1158.97 9833.98 -1227.47
9786.43 -1170.12 9847.39 -1186.05
9800.14 -1146.23 9860.81 -1222.69
9813.56 -1125.52 9875.98 -1189.24
9827.27 -1128.7 9888.81 -1213.13
9840.98 -1122.33 9904.85 -1237.03
9855.56 -1119.15 9917.98 -1168.53
9869.56 -1147.82 9931.4 -1194.02
9882.98 -1152.6 9946.56 -1300.75
9898.44 -1154.19 9960.57 -1342.17
9911.27 -1158.97 9974.27 -1342.17
9926.44 -1154.19 9988.56 -1319.86
9939.56 -1100.03 10001.4 -1337.39
9953.27 -1127.11 10016 -1404.29
9966.69 -1168.53 10030 -1391.55
9981.86 -1152.6 10043.4 -1353.32
9995.27 -1171.71 10058 -1401.11
10009.9 -1176.49 10071.7 -1315.08
10023.9 -1178.09 10086.9 -1343.76
10037.6 -1092.06 10099.7 -1362.87
10052.1 -1072.95 10114 -1318.27
10065 -1117.55 10128.6 -1381.99
10080.7 -1120.74 10142.8 -1367.65
10093.9 -1184.46 10156.3 -1316.68
10108.1 -1174.9 10170.9 -1334.2
10120.7 -1143.04 10185.1 -1338.98
10135.9 -1158.97 10198 -1343.76
10150.4 -1120.74 10212.3 -1302.34
10163.9 -1095.25 10225.7 -1345.35
10178.4 -1128.7 10240.6 -1335.79
10192.4 -1114.37 10254.3 -1278.45
10206.1 -1138.26 10268.5 -1332.61
10219.8 -1133.48 10283.1 -1318.27
10234.4 -1152.6 10297.4 -1289.6
10248.4 -1192.42 10310.3 -1302.34
10262.4 -1138.26 10324.8 -1308.71
10276.1 -1115.96 10338.8 -1305.53
10289.6 -1106.4 10352.8 -1297.56
10303.5 -1135.08 10366.5 -1289.6
10318.1 -1178.09 10381.4 -1262.52
10332.4 -1174.9 10395.1 -1224.28
10345.3 -1158.97 10408.5 -1238.62
10360.4 -1146.23 10423.1 -1222.69
10373.5 -1128.7 10436.8 -1275.26
10388.1 -1144.63 10452 -1262.52
10402.4 -1200.39 10465.1 -1256.14
10416.7 -1141.45 10478.8 -1243.4
10429.8 -1112.77 10493.4 -1267.29
10443.8 -1144.63 10507.1 -1216.32
10457.8 -1111.18 10520.5 -1254.55
10471.8 -1151.01 10535.7 -1257.74
10485.5 -1162.16 10548.5 -1233.84
10500.4 -1143.04 10562.5 -1268.89
10513.8 -1151.01 10577.7 -1211.54
10528.1 -1117.55 10592.3 -1198.8
10542.4 -1082.51 10605.4 -1203.57
10555.5 -1154.19 10618.8 -1189.24
10570.1 -1131.89 10633.4 -1200.39
10583.2 -1085.69 10647.7 -1192.42
10597.2 -1123.92 10661.4 -1248.18
10611.5 -1071.36 10675.7 -1233.84
10626.4 -1064.98 10689.7 -1213.13
10639.8 -1074.54 10703.4 -1143.04
10654.4 -1087.29 10717.4 -1147.82
10667.8 -1109.59 10731.7 -1189.24
10681.5 -1090.47 10745.7 -1122.33
10695.8 -1162.16 10758.8 -1158.97
10710.7 -1069.76 10773.7 -1152.6
10723.5 -1093.66 10787.7 -1143.04
10737.8 -1082.51 10802.3 -1114.37
10751.8 -1064.98 10816.3 -1063.39
10766.4 -1080.91 10829.7 -1076.13
10779.5 -1074.54 10844.3 -1084.1
10793.2 -1079.32 10857.4 -1079.32
10808.7 -1053.83 10872.9 -1050.65
10821.8 -1066.58 10886.6 -1047.46
10835.5 -1015.6 10900 -1042.68
10849.8 -1015.6 10914 -990.113
10864.4 -1028.35 10928.6 -1002.86
10877 -1006.04 10941.7 -1009.23
10892.4 -1028.35 10956 -964.625
10904.7 -983.741 10970.6 -990.113
10920.1 -972.59 10984.6 -961.439
10934.1 -988.52 10998 -1007.64
10947.2 -913.649 11012.6 -950.288
10962.1 -945.509 11027.2 -912.057
10975.3 -894.534 11040.3 -924.801
10989.8 -961.439 11055.2 -947.102
11004.7 -912.057 11068.3 -942.323
11017.3 -908.871 11083.5 -897.72
11032.1 -908.871 11096.9 -972.59
11046.4 -867.453 11110.6 -897.72
11060.4 -924.801 11124.9 -899.313
11074.7 -830.814 11140.1 -886.569
11088.1 -861.081 11153.8 -845.151
11101.9 -881.79 11166.6 -899.313
11116.4 -835.593 11180.3 -857.895
11129.3 -846.744 11194.9 -905.685
11144.4 -814.884 11208.9 -899.313
11158.2 -843.558 11222.6 -818.07
11171.6 -822.849 11237.2 -821.256
11186.5 -794.175 11251.5 -760.722
11200.5 -781.431 11265.5 -736.827
11213.9 -779.838 11278.7 -733.641
11228.5 -813.291 11294.1 -781.431
11241 -779.838 11306.7 -789.396
11256.2 -743.199 11321.3 -708.153
11269.6 -741.606 11335.3 -736.827
11284.5 -727.269 11349.3 -679.479
11297.9 -709.746 11363 -665.142
11311.3 -704.967 11377.6 -653.991
11326.5 -693.816 11391.9 -604.608
11340.2 -661.956 11405.3 -657.177
11353.4 -638.061 11419.9 -603.016
11367.4 -599.829 11433.9 -623.724
11381.6 -638.061 11447.9 -591.865
11397.4 -622.131 11461.3 -561.598
11409.4 -572.749 11475.3 -550.447
11424.3 -536.11 11489.6 -509.029
11438.3 -516.994 11504.2 -537.703
11452.6 -502.657 11517.9 -536.11
11465.7 -505.843 11531.4 -507.436
11480.6 -496.285 11545.7 -446.902
11495.2 -493.099 11560.3 -483.541
11507.7 -419.821 11573.7 -448.495
11522 -451.681 11587.7 -467.611
11536.9 -469.204 11601.1 -459.646
11550.3 -434.158 11616 -384.775
11564.3 -454.867 11630.6 -437.344
11577.8 -432.565 11644.6 -387.961
11592.7 -408.67 11658 -407.077
11606.1 -354.508 11672.9 -402.298
11619.8 -367.252 11685.5 -332.206
11634.4 -362.473 11699.8 -370.438
11648.1 -367.252 11714.7 -287.603
11661.8 -434.158 11728.7 -344.95
11676.1 -349.729 11742.7 -332.206
11689.6 -362.473 11756.7 -311.497
11703.6 -305.125 11769.5 -273.266
11717.6 -338.578 11785 -266.894
11733.1 -282.824 11798.7 -239.813
11746.8 -271.673 11812.5 -244.592
11759.9 -301.939 11826.5 -263.708
11774.5 -222.29 11841.4 -204.767
11787.9 -241.406 11854.5 -182.465
11803.1 -236.627 11868.2 -211.139
11816 -166.535 11883.4 -193.616
11830.9 -144.233 11897.1 -179.279
11844.6 -43.8743 11911.7 -86.8852
11858 -109.187 11923.1 -77.3272
11872 -42.2813 11938.9 -56.6182
11886.9 -48.6533 11952 -85.2922
11899.5 -21.5724 11967.5 -29.5373
11914.6 56.4844 11981.2 -5.64241
11929 30.9965 11995.5 -69.3622
11943 64.4494 12008.7 -66.1762
11956.7 37.3684 12023 34.1825
11971 58.0774 12037 48.5194
11983.3 107.46 12051.6 131.355
11998.2 102.681 12065.3 99.4952
12012.5 183.924 12079.4 85.1583
12026.8 158.436 12093.7 78.7863
12040.2 158.436 12108 89.9373
12053.9 117.018 12122.3 139.32
12069.1 145.692 12135.7 152.064
12082 215.784 12149.2 231.714
12096.9 190.296 12164 193.482
12110.6 244.458 12176.6 218.97
12124.3 172.773 12191.8 207.819
12138.3 279.504 12205.5 175.959
12152.4 311.364 12219 274.725
12166.4 281.097 12234.1 257.202
12180.4 367.118 12248.8 327.294
12194.4 333.665 12262.2 332.072
12208.7 360.746 12275.4 440.396
12221.6 367.118 12289.9 355.967
12236.5 432.431 12304 410.129
12250.8 489.779 12317.4 424.466
12264.2 477.035 12331.4 424.466
12278.6 575.801 12346.9 548.72
12292.6 521.639 12359.2 575.801
12306 540.755 12374.1 607.661
12320 610.847 12387.5 637.928
12334.4 586.952 12401.9 559.871
12348.7 660.229 12415.9 618.812
12362.4 692.089 12430.2 610.847
12375.9 690.496 12444.5 653.857
12389.9 719.17 12459.1 711.205
12404.2 717.577 12472.6 696.868
12418.8 733.507 12486 728.728
12432 709.612 12500.9 690.496
12445.7 811.564 12514.4 738.286
12460.6 802.006 12529 774.925
12474 859.354 12542.1 805.192
12487.8 913.516 12556.7 802.006
12503 884.842 12569 813.157
12517 856.168 12584.8 835.459
12529.9 809.971 12598.5 860.947
12544.2 872.098 12612.3 888.028
12558.8 913.516 12626.9 942.19
12572.5 1007.5 12640.9 939.004
12585.7 1096.71 12654.9 953.34
12600.9 1082.37 12668.1 988.386
12614.9 1125.38 12682.4 1042.55
12627.8 1048.92 12696.8 1029.8
12643 1071.22 12711.1 1061.66
12656.1 1120.61 12725.4 1139.72
12671.3 1227.34 12739.4 1171.58
12683.9 1351.59 12754.1 1220.96
12698.2 1373.89 12768.1 1236.89
12712.8 1440.8 12781 1299.02
12725.7 1408.94 12796.2 1294.24
12740.9 1370.71 12809.6 1284.68
12754.6 1345.22 12822.2 1281.5
12768.1 1400.97 12838.3 1306.99
12782.1 1490.18 12851.7 1388.23
12797 1536.38 12865.2 1464.69
12810.5 1646.29 12879.2 1541.16
12824.5 1676.56 12893.5 1530
12838.3 1614.43 12907.3 1525.23
12852.3 1576.2 12922.8 1515.67
12866.6 1555.49 12934.8 1475.84
12879.8 1631.96 12950.9 1563.46
12895 1625.58 12963.4 1553.9
12907.9 1732.32 12978.6 1612.84
12922.8 1792.85 12992.7 1689.3
12935.9 1708.42 13006.1 1679.75
12951.1 1710.01 13019.6 1751.43
12963.7 1703.64 13033.9 1706.83
12978.6 1805.59 13048.2 1770.55
12993 1791.26 13062.3 1694.08
13005.8 1901.17 13076.3 1703.64
13020.5 1948.96 13090.1 1796.03
13034.5 1905.95 13104.1 1832.67
13048.5 2001.53 13119 1961.71
13062.6 1952.15 13131.9 1976.04
13076 2092.33 13146.8 1984.01
13090.4 2093.92 13160.6 1934.63
13105.3 2168.8 13174.9 1944.18
13118.1 2211.81 13188.7 1993.57
13132.5 2214.99 13203 2058.88
13146.5 2336.06 13216.2 2184.73
13159.7 2336.06 13230.5 2221.36
13174.3 2390.22 13245.1 2213.4
13189 2385.44 13260 2240.48
13202.7 2441.2 13273.2 2208.62
13215.9 2527.22 13286.7 2262.78
13230.5 2592.53 13300.7 2253.22
13244.8 2619.61 13315.4 2326.5
13257.4 2648.29 13329.1 2431.64
13273.5 2643.51 13343.1 2484.21
13286.4 2619.61 13357.5 2560.67
13300.1 2641.91 13371.8 2525.63
13313.6 2692.89 13385.3 2492.17
13328.2 2686.52 13399 2482.62
13342.3 2747.05 13413.4 2567.04
13356.9 2777.32 13427.1 2633.95
13370.4 2774.13 13441.5 2712.01
13385 2868.12 13456.1 2901.57
13397.3 2866.53 13469.9 2842.63
13412.2 2941.4 13484.2 2785.28
13425.7 2890.42 13497.7 2777.32
13440 2942.99 13512 2825.11
13454.6 3009.9 13526.1 2844.23
13467.8 3038.57 13539.5 2946.18
13483 3143.71 13553.3 3084.77
13495.9 3102.29 13569.1 3068.84
13510 3231.32 13582.8 3129.37
13524.9 3148.49 13596.3 3145.3
13538.6 3274.33 13609.5 3118.22
13552.4 3342.83 13624.4 3156.45
13567 3395.4 13638.8 3132.56
13580.8 3524.43 13652.8 3274.33
13594.3 3479.83 13666.6 3331.68
13608.6 3575.41 13680.9 3459.12
13622.9 3549.92 13694.1 3438.41
13636.4 3647.09 13709 3417.7
13649.9 3760.2 13723.1 3422.48
13664.5 3779.31 13737.1 3374.69
13677.4 3819.14 13751.2 3440.01
13691.7 3820.73 13764.6 3516.47
13706.7 3852.59 13779.9 3674.18
13720.7 3860.56 13792.8 3723.56
13734.2 3878.08 13807.4 3720.37
13747.7 3968.88 13822.3 3774.53
13762.3 3991.18 13835.5 3726.74
13776.4 4085.17 13849.3 3787.28
13790.7 4129.77 13864.8 3843.03
13803.9 4150.48 13878 3890.82
13818.2 4153.67 13892.6 3991.18
13831.7 4118.62 13906.4 4037.38
13846.3 4174.38 13920.4 4139.33
13861 4234.91 13935.1 4126.59
13874.4 4328.9 13949.4 4169.6
13887.9 4446.78 13963.5 4191.9
13902 4440.41 13978.1 4185.53
13916 4499.35 13992.2 4311.37
13930.4 4414.92 13999.5 4419.7
13944.1 4481.82 13986.3 4504.13
13959.4 4539.17 13971.9 4485.01
