7013.58 -1200.39 7027.06 -1179.68
7003.02 -1155.78 7041.13 -1190.83
7000.09 -1178.09 7055.5 -1198.8
7010.94 -1158.97 7069.28 -1149.41
7023.84 -1155.78 7083.34 -1213.13
7038.49 -1206.76 7097.41 -1205.17
7052.57 -1136.67 7112.66 -1216.32
7066.64 -1157.38 7125.26 -1201.98
7081 -1174.9 7139.91 -1187.64
7094.48 -1158.97 7153.69 -1163.75
7109.14 -1151.01 7167.46 -1157.38
7123.21 -1155.78 7181.53 -1225.88
7136.98 -1120.74 7195.89 -1200.39
7151.93 -1152.6 7209.96 -1179.68
7164.83 -1178.09 7223.73 -1190.83
7178.6 -1187.64 7238.38 -1178.09
7192.96 -1171.71 7251.27 -1205.17
7207.61 -1203.57 7267.1 -1189.24
7221.09 -1157.38 7280.28 -1155.78
7235.16 -1162.16 7293.76 -1179.68
7250.39 -1181.27 7307.53 -1203.57
7263.87 -1171.71 7321.88 -1182.87
7277.64 -1184.46 7335.36 -1178.09
7290.83 -1146.23 7349.71 -1203.57
7305.77 -1192.42 7364.07 -1171.71
7320.12 -1173.31 7377.25 -1166.94
7333.89 -1165.34 7391.89 -1190.83
7346.78 -1154.19 7406.54 -1187.64
7362.31 -1166.94 7420.01 -1208.35
7375.2 -1174.9 7433.78 -1187.64
7390.14 -1187.64 7448.13 -1190.83
7403.9 -1195.61 7462.77 -1160.56
7418.25 -1162.16 7475.66 -1151.01
7431.73 -1166.94 7490.88 -1200.39
7446.66 -1168.53 7504.65 -1144.63
7459.84 -1181.27 7518.41 -1248.18
7473.31 -1163.75 7531.59 -1235.43
7487.66 -1178.09 7546.52 -1213.13
7502.6 -1216.32 7560.87 -1197.2
7516.07 -1184.46 7574.63 -1179.68
7529.24 -1179.68 7588.97 -1216.32
7543.88 -1152.6 7603.03 -1144.63
7557.65 -1144.63 7616.79 -1216.32
7571.99 -1122.33 7629.67 -1166.94
7586.34 -1222.69 7644.3 -1224.28
7599.51 -1190.83 7658.65 -1241.81
7614.44 -1160.56 7672.99 -1201.98
7627.62 -1201.98 7686.16 -1221.1
7641.96 -1135.08 7699.63 -1189.24
7656.3 -1084.1 7714.85 -1165.34
7670.06 -1182.87 7729.19 -1186.05
7684.4 -1155.78 7742.94 -1176.49
7697.87 -1198.8 7756.99 -1178.09
7711.63 -1186.05 7771.04 -1206.76
7725.97 -1187.64 7784.5 -1230.66
7740.01 -1168.53 7797.96 -1160.56
7754.36 -1093.66 7812.59 -1182.87
7768.7 -1133.48 7827.22 -1173.31
7781.86 -1115.96 7841.85 -1144.63
7795.32 -1173.31 7854.43 -1162.16
7810.25 -1170.12 7868.77 -1211.54
7824.59 -1213.13 7882.52 -1198.8
7838.05 -1186.05 7897.73 -1123.92
7852.68 -1141.45 7911.19 -1173.31
7866.72 -1122.33 7925.82 -1160.56
7879.89 -1117.55 7939.27 -1165.34
7894.81 -1157.38 7954.19 -1163.75
7907.97 -1147.82 7967.06 -1187.64
7922.6 -1209.95 7981.98 -1205.17
7936.94 -1208.35 7994.85 -1213.13
7950.1 -1173.31 8008.89 -1221.1
7964.72 -1173.31 8023.51 -1240.21
7978.47 -1139.85 8036.97 -1144.63
7992.8 -1157.38 8052.18 -1157.38
8006.55 -1152.6 8065.34 -1195.61
8020.88 -1197.2 8079.38 -1151.01
8035.22 -1200.39 8092.53 -1211.54
8048.08 -1151.01 8107.74 -1224.28
8062.71 -1155.78 8121.48 -1194.02
8077.04 -1149.41 8136.11 -1201.98
8091.66 -1147.82 8148.68 -1194.02
8105.11 -1141.45 8163.01 -1189.24
8118.56 -1146.23 8177.63 -1179.68
8132.89 -1211.54 8191.66 -1241.81
8146.92 -1206.76 8205.99 -1222.69
8160.67 -1214.73 8219.14 -1222.69
8174.41 -1143.04 8233.47 -1195.61
8188.74 -1166.94 8247.2 -1179.68
8202.77 -1125.52 8261.24 -1217.91
8215.93 -1117.55 8275.56 -1203.57
8230.54 -1144.63 8289.59 -1221.1
8245.16 -1192.42 8303.92 -1192.42
8258.9 -1214.73 8318.24 -1186.05
8272.93 -1194.02 8332.56 -1189.24
8285.79 -1125.52 8345.13 -1208.35
8300.12 -1171.71 8360.03 -1166.94
8315.02 -1162.16 8373.77 -1170.12
8328.47 -1190.83 8387.51 -1200.39
8342.79 -1192.42 8401.83 -1201.98
8356.53 -1163.75 8416.44 -1240.21
8370.56 -1229.06 8430.76 -1200.39
8385.46 -1166.94 8443.62 -1181.27
8398.9 -1162.16 8458.52 -1186.05
8412.93 -1155.78 8471.96 -1168.53
8426.96 -1143.04 8486.28 -1200.39
8440.4 -1194.02 8500.3 -1186.05
8455.31 -1200.39 8514.62 -1205.17
8468.45 -1189.24 8528.06 -1195.61
8482.77 -1152.6 8542.09 -1184.46
8496.51 -1163.75 8556.11 -1166.94
8511.11 -1125.52 8570.72 -1127.11
8524.85 -1186.05 8583.57 -1170.12
8538.87 -1154.19 8598.76 -1171.71
8553.48 -1174.9 8612.2 -1225.88
8567.5 -1192.42 8626.81 -1192.42
8580.36 -1200.39 8640.54 -1214.73
8594.38 -1136.67 8654.56 -1181.27
8609.57 -1147.82 8668.29 -1174.9
8623.01 -1168.53 8682.89 -1186.05
8636.16 -1147.82 8696.62 -1198.8
8650.76 -1162.16 8711.22 -1152.6
8664.78 -1184.46 8724.66 -1205.17
8678.8 -1197.2 8738.68 -1189.24
8692.24 -1198.8 8752.7 -1189.24
8707.13 -1181.27 8767.3 -1186.05
8721.74 -1122.33 8780.73 -1174.9
8735.17 -1173.31 8794.46 -1192.42
8748.9 -1168.53 8808.48 -1155.78
8762.92 -1187.64 8822.2 -1208.35
8776.64 -1222.69 8836.51 -1240.21
8790.95 -1187.64 8851.4 -1208.35
8805.85 -1216.32 8865.13 -1213.13
8819.28 -1157.38 8879.73 -1206.76
8833.3 -1189.24 8893.74 -1221.1
8847.32 -1149.41 8906.88 -1194.02
8860.75 -1155.78 8921.19 -1157.38
8875.93 -1192.42 8936.08 -1189.24
8889.36 -1176.49 8949.8 -1260.92
8903.67 -1168.53 8964.4 -1201.98
8917.1 -1173.31 8976.95 -1189.24
8930.24 -1197.2 8990.68 -1197.2
8945.13 -1144.63 9005.86 -1227.47
8959.44 -1211.54 9019.58 -1209.95
8972.87 -1163.75 9033.88 -1171.71
8988.34 -1171.71 9048.19 -1181.27
9000.6 -1174.9 9061.91 -1195.61
9014.91 -1144.63 9075.04 -1182.87
9029.21 -1152.6 9089.35 -1179.68
9043.52 -1143.04 9103.07 -1173.31
9058.11 -1170.12 9117.66 -1152.6
9071.54 -1154.19 9130.8 -1141.45
9085.26 -1154.19 9146.85 -1176.49
9099.56 -1168.53 9159.11 -1200.39
9112.7 -1174.9 9174.29 -1219.5
9127.88 -1162.16 9188 -1225.88
9141.6 -1166.94 9201.43 -1192.42
9155.02 -1154.19 9216.02 -1194.02
9169.03 -1168.53 9228.57 -1173.31
9183.92 -1186.05 9244.04 -1200.39
9198.8 -1154.19 9258.05 -1206.76
9211.06 -1173.31 9272.64 -1176.49
9224.78 -1154.19 9286.36 -1221.1
9238.2 -1189.24 9299.49 -1184.46
9253.96 -1146.23 9313.2 -1190.83
9266.81 -1151.01 9328.09 -1200.39
9281.4 -1160.56 9341.51 -1200.39
9294.82 -1178.09 9356.1 -1176.49
9309.41 -1187.64 9370.11 -1144.63
9323.42 -1168.53 9384.41 -1456.86
9338.01 -1141.45 9399 -1483.94
9352.01 -1144.63 9412.13 -1468.01
9366.31 -1123.92 9426.72 -1434.56
9379.74 -1128.7 9439.56 -1442.52
9393.16 -1165.34 9454.73 -1447.3
9407.17 -1149.41 9468.73 -1397.92
9422.05 -1173.31 9482.44 -1440.93
9435.47 -1176.49 9497.33 -1420.22
9449.48 -1157.38 9510.16 -1485.53
9463.19 -1195.61 9525.63 -1450.49
9477.78 -1149.41 9539.05 -1421.81
9491.49 -1171.71 9552.76 -1404.29
9505.79 -1176.49 9566.76 -1394.73
9519.79 -1144.63 9580.48 -1391.55
9533.8 -1176.49 9595.06 -1388.36
9547.8 -1160.56 9609.07 -1412.26
9561.51 -1160.56 9623.07 -1386.77
9574.93 -1131.89 9636.78 -1366.06
9589.81 -1147.82 9651.37 -1415.44
9602.94 -1143.04 9664.5 -1358.09
9617.24 -1139.85 9679.08 -1350.13
9631.24 -1216.32 9693.08 -1338.98
9644.95 -1154.19 9707.38 -1297.56
9659.54 -1174.9 9722.25 -1348.54
9674.12 -1158.97 9735.38 -1385.18
9687.25 -1128.7 9749.97 -1345.35
9701.84 -1160.56 9763.97 -1351.72
9715.25 -1181.27 9777.39 -1329.42
9729.26 -1237.03 9791.39 -1335.79
9743.26 -1219.5 9805.97 -1294.38
9757.26 -1174.9 9819.1 -1311.9
9771.85 -1206.76 9834.27 -1324.64
9784.97 -1152.6 9847.69 -1353.32
9799.56 -1158.97 9862.27 -1313.49
9813.85 -1149.41 9875.4 -1288
9826.98 -1187.64 9889.98 -1305.53
9841.85 -1178.09 9904.56 -1249.77
9855.85 -1190.83 9917.4 -1280.04
9869.85 -1155.78 9931.4 -1300.75
9883.56 -1136.67 9946.56 -1270.48
9897.85 -1152.6 9959.4 -1308.71
9912.15 -1130.3 9973.4 -1278.45
9925.56 -1162.16 9987.69 -1297.56
9939.86 -1130.3 10001.4 -1260.92
9953.86 -1176.49 10015.1 -1270.48
9968.73 -1155.78 10030 -1323.05
9981.57 -1135.08 10044.3 -1260.92
9995.56 -1160.56 10057.7 -1264.11
10009.3 -1130.3 10071.7 -1272.07
10024.1 -1162.16 10086 -1281.63
10037.6 -1147.82 10100.6 -1249.77
10051.3 -1139.85 10113.4 -1272.07
10065.6 -1138.26 10128.3 -1252.96
10080.4 -1139.85 10142 -1248.18
10093.9 -1190.83 10156.3 -1259.33
10107.8 -1174.9 10170.9 -1243.4
10121.9 -1152.6 10184.3 -1224.28
10135.9 -1157.38 10198.3 -1243.4
10149.9 -1158.97 10212 -1197.2
10164.4 -1190.83 10226.3 -1227.47
10178.4 -1184.46 10240 -1240.21
10191.3 -1187.64 10254.3 -1257.74
10205.8 -1230.66 10268.3 -1240.21
10219.8 -1186.05 10282.8 -1251.36
10233.5 -1184.46 10296.5 -1221.1
10247.8 -1157.38 10310.8 -1221.1
10261.5 -1158.97 10325.1 -1232.25
10275.6 -1203.57 10338.8 -1219.5
10289.8 -1197.2 10352.5 -1248.18
10303.8 -1249.77 10367.1 -1241.81
10317.8 -1173.31 10381.1 -1256.14
10331.5 -1182.87 10394.8 -1292.78
10346.1 -1154.19 10409.4 -1259.33
10360.1 -1139.85 10423.1 -1230.66
10373.8 -1168.53 10437.1 -1170.12
10387.3 -1162.16 10450.8 -1208.35
10402.7 -1194.02 10465.1 -1208.35
10416.1 -1155.78 10478.5 -1217.91
10430.1 -1178.09 10494.3 -1246.59
10443.8 -1200.39 10506.2 -1246.59
10458.4 -1147.82 10521.4 -1216.32
10472.1 -1173.31 10535.4 -1151.01
10485.5 -1152.6 10550 -1141.45
10499.5 -1152.6 10562.8 -1165.34
10514.1 -1171.71 10578 -1179.68
10527.2 -1178.09 10591.4 -1232.25
10541.5 -1141.45 10605.4 -1162.16
10555.8 -1144.63 10619.4 -1173.31
10569.5 -1173.31 10634.3 -1135.08
10584.7 -1107.99 10647.4 -1114.37
10597.5 -1154.19 10660.8 -1139.85
10613 -1168.53 10675.7 -1109.59
10626.1 -1155.78 10688.8 -1143.04
10640.7 -1133.48 10703.1 -1166.94
10653.8 -1106.4 10717.1 -1173.31
10667.8 -1082.51 10732.3 -1122.33
10681.5 -1107.99 10745.4 -1119.15
10695.8 -1101.62 10760 -1115.96
10709.8 -1107.99 10774.3 -1079.32
10723.8 -1103.22 10787.7 -1114.37
10738.1 -1127.11 10802 -1074.54
10752.1 -1107.99 10816 -1123.92
10766.7 -1077.73 10830 -1069.76
10780.1 -1026.75 10843.4 -1034.72
10794.4 -1079.32 10857.7 -1069.76
10808.4 -1079.32 10872.3 -1010.82
10822.4 -1072.95 10886.9 -999.671
10835.2 -1092.06 10899.4 -1020.38
10849.8 -1061.8 10914.6 -1029.94
10864.1 -1069.76 10928.9 -1004.45
10877.8 -1002.86 10942 -990.113
10891.8 -1004.45 10956.3 -972.59
10907 -978.962 10970 -935.951
10919.2 -1002.86 10984.6 -970.997
10933.8 -1015.6 10998.6 -974.183
10947.8 -1006.04 11012.6 -948.695
10962.4 -1017.19 11026 -985.334
10976.4 -1010.82 11040.3 -940.73
10989.8 -920.021 11054.3 -932.765
11003.8 -926.393 11068.6 -920.021
11017.8 -916.836 11083.5 -878.604
11031.3 -982.148 11097.2 -867.453
11046.4 -994.892 11110.6 -870.639
11060.4 -950.288 11125.2 -926.393
11073.9 -977.369 11139.2 -923.207
11087.9 -920.021 11152.6 -883.383
11101.6 -908.871 11166.9 -822.849
11116.4 -878.604 11180.6 -824.442
11129.9 -910.463 11195.8 -829.221
11143.9 -867.453 11208.9 -771.873
11157.9 -888.162 11223.2 -843.558
11171.6 -875.418 11236.9 -838.779
11187 -849.93 11251.5 -813.291
11200.2 -878.604 11265.2 -861.081
11213 -808.512 11279.2 -743.199
11228.5 -814.884 11292.4 -749.571
11242.2 -816.477 11307 -631.689
11255.6 -800.547 11321.5 -712.932
11270.2 -867.453 11335.8 -658.77
11284.2 -789.396 11349.3 -700.188
11297.3 -735.234 11363 -722.49
11312.2 -727.269 11377.3 -689.037
11325 -738.42 11391 -653.991
11340.5 -693.816 11405.9 -571.156
11354.5 -663.549 11419.6 -547.261
11367.9 -700.188 11432.7 -529.738
11382.2 -690.63 11447 -583.9
11395.9 -725.676 11462.2 -668.328
11409.7 -636.468 11475.3 -609.387
11424.3 -553.633 11489 -590.272
11439.1 -580.714 11503.9 -587.086
11451.7 -593.458 11518.2 -520.18
11466.3 -591.865 11531.9 -516.994
11479.7 -622.131 11545.9 -461.239
11494.3 -564.784 11559.7 -516.994
11508.6 -572.749 11574 -510.622
11521.4 -521.773 11588.3 -532.924
11536.3 -563.191 11602.3 -497.878
11550 -485.134 11616.3 -419.821
11563.5 -507.436 11630.3 -426.193
11578.1 -499.471 11644.6 -360.88
11592.9 -548.854 11658.6 -405.484
11606.9 -496.285 11672 -392.74
11620.4 -432.565 11685.8 -421.414
11634.1 -392.74 11700.4 -410.263
11648.1 -330.613 11714.1 -362.473
11661.5 -351.322 11727.8 -338.578
11677 -368.845 11743.3 -236.627
11690.4 -403.891 11757.3 -223.883
11704.4 -391.147 11770.7 -262.115
11718.5 -330.613 11784.7 -289.195
11733.1 -273.266 11798.1 -286.01
11746.2 -206.36 11812.5 -198.395
11759.6 -196.802 11825.9 -152.198
11774.2 -238.22 11841.1 -82.1062
11788.2 -198.395 11854.8 -96.4431
11801.9 -231.848 11869.1 -126.71
11816.8 -223.883 11881.6 -107.594
11830 -158.57 11896.3 -137.861
11844.9 -133.082 11911.1 -134.675
11857.7 -85.2922 11924.6 -88.4781
11871.7 -106.001 11938.6 -8.8284
11885.7 -88.4781 11953.2 -19.9794
11899.5 -94.8501 11966.6 8.69454
11914.4 -80.5132 11980.6 -18.3864
11928.1 -86.8852 11995.2 -35.9093
11942.7 -78.9202 12009 -45.4673
11955.8 27.8105 12023.3 -39.0953
11970.4 42.1474 12036.4 62.8564
11982.7 91.5303 12051 110.646
11998.2 54.8914 12065.9 70.8213
12012.2 77.1933 12079.4 109.053
12026.2 61.2634 12093.1 115.425
12040.2 53.2984 12107.4 77.1933
12054.2 123.39 12121.7 58.0774
12069.1 150.471 12135.7 101.088
12082.3 239.679 12149.4 169.587
12095.7 252.423 12163.5 249.237
12110.6 209.412 12177.5 287.469
12124 236.493 12190.9 263.574
12137.8 182.331 12205.5 244.458
12152.4 287.469 12220.4 223.749
12166.7 297.027 12234.1 255.609
12181.3 277.911 12248.5 293.841
12193.8 336.851 12261.9 320.922
12208.4 352.781 12274.8 402.164
12222.2 387.827 12289.7 365.525
12236.2 397.385 12303.7 445.175
12249.9 435.617 12317.4 414.908
12264.5 411.722 12332.6 367.118
12277.7 473.849 12346 400.571
12292.6 472.256 12360.4 408.536
12306.3 507.302 12375 424.466
12320.3 569.429 12388.4 510.488
12334.1 583.766 12402.2 550.313
12347.8 582.173 12416.5 601.289
12362.4 604.475 12429.9 540.755
12376.4 601.289 12443.9 551.906
12389.9 685.717 12459.4 515.267
12404.8 665.008 12472.6 572.615
12418.5 700.054 12486.9 599.696
12432 715.984 12501.5 644.299
12446.9 714.391 12514.4 701.647
12460.3 787.669 12527.8 672.973
12474.3 779.704 12543.3 719.17
12488.4 856.168 12556.7 747.844
12503 852.982 12570.2 763.774
12516.7 911.923 12584.5 784.483
12530.2 886.435 12598.2 809.971
12543.6 951.748 12612.9 800.413
12559.1 972.456 12626.9 870.505
12571.1 1012.28 12640.9 962.898
12586 1068.04 12655.8 935.818
12600.3 1055.29 12668.4 942.19
12614.3 1101.49 12682.7 993.165
12628.1 1085.56 12697.1 939.004
12642.4 1134.94 12711.1 985.2
12656.1 1150.87 12724.5 1050.51
12669.9 1106.27 12739.4 1058.48
12684.8 1205.03 12753.5 1076
12698.8 1203.44 12767.2 1103.08
12712.3 1263.97 12782.4 1138.13
12726.6 1340.44 12795.3 1114.23
12740 1303.8 12809 1263.97
12754.6 1316.54 12823.6 1190.7
12768.4 1297.43 12836.8 1267.16
12781.8 1365.93 12851.1 1262.38
12796.2 1397.79 12865.5 1256.01
12810.2 1458.32 12879.8 1292.65
12824.5 1531.6 12893.8 1324.51
12838.3 1531.6 12907.9 1362.74
12852.6 1549.12 12921.3 1391.41
12867.8 1525.23 12934.8 1459.91
12880.4 1577.79 12949.7 1485.4
12894.7 1641.51 12964.3 1512.48
12908.7 1667 12978.3 1592.13
12922.2 1737.09 12991.2 1568.24
12935.9 1749.84 13006.4 1625.58
12950.5 1811.96 13019.6 1702.05
12964 1810.37 13033.9 1700.46
12977.5 1792.85 13048.5 1856.57
12993 1856.57 13061.4 1816.74
13006.1 1874.09 13076.3 1921.88
13020.8 1972.86 13090.9 1850.2
13033.9 1974.45 13104.4 1859.75
13048.2 2027.02 13119 1960.11
13062.3 2079.59 13132.5 2007.9
13076.3 2017.46 13146.2 2149.68
13090.7 2039.76 13160.3 2141.71
13104.1 2081.18 13174 2191.1
13119.3 2226.14 13188.7 2152.87
13131.9 2232.52 13203.6 2044.54
13147.1 2334.47 13217 2144.9
13159.7 2367.92 13230.8 2079.59
13174.6 2320.13 13244.2 2285.08
13187.8 2363.14 13259.2 2261.19
13203.3 2359.95 13273.2 2304.2
13215.9 2438.01 13286.1 2348.8
13231.1 2493.77 13300.7 2280.31
13244.2 2460.31 13314.8 2313.76
13257.7 2546.34 13329.4 2264.38
13272.3 2546.34 13343.4 2337.65
13286.4 2590.94 13356.9 2402.97
13300.4 2629.17 13370.6 2482.62
13313.6 2662.62 13385 2581.38
13328.8 2632.36 13399.6 2565.45
13342.9 2697.67 13413.4 2527.22
13356.6 2778.91 13427.7 2506.51
13370.1 2758.2 13441.8 2504.92
13385 2844.23 13456.4 2654.66
13398.2 2872.9 13468.7 2748.65
13412.5 2837.85 13483.9 2901.57
13426.6 2958.92 13497.7 2923.88
13440 2986 13510.8 2907.95
13454.1 3115.03 13526.6 2877.68
13467.8 3100.7 13539.8 2869.71
13482.5 3105.48 13553.3 2944.58
13496.2 3121.41 13569.4 3043.35
13510.3 3170.79 13582 3142.12
13524.9 3250.44 13596 3148.49
13538.3 3285.49 13610.6 3258.4
13552.4 3441.6 13624.7 3201.06
13565.9 3390.62 13639.3 3153.27
13580.8 3432.04 13652.8 3193.09
13593.4 3481.42 13666.6 3199.46
13608 3506.91 13680.6 3338.05
13622.1 3624.79 13694.4 3360.36
13636.7 3631.16 13709 3451.16
13649.6 3709.22 13723.4 3467.09
13664.2 3737.9 13737.1 3392.22
13678.9 3750.64 13751.5 3494.17
13692 3736.3 13764.9 3443.19
13706.7 3718.78 13779.3 3569.04
13719.8 3830.29 13793.6 3672.58
13734.5 3855.78 13807.4 3777.72
13748.5 3975.25 13821.4 3795.24
13762.6 4062.87 13836.1 3742.67
13776.4 4075.61 13849.8 3764.98
13790.7 4045.34 13864.2 3683.73
13804.2 3954.54 13877.4 3828.7
13817.3 4027.82 13891.7 3981.62
13832 4072.42 13906.1 4043.75
13846.6 4217.39 13920.4 4160.04
13860.7 4346.42 13935.4 4140.92
13873.6 4348.01 13949.4 4069.24
13888.5 4379.87 13963.5 4064.46
13902.3 4282.7 13978.7 4144.11
13916.9 4332.08 13991.9 4204.64
13930.7 4320.93 14000.9 4268.36
13943.3 4492.98 13986 4507.31
13959.1 4653.87 13971.9 4451.56
