7014.45 -1158.97 7027.06 -1276.85
7003.9 -1232.25 7041.13 -1284.82
7000.97 -1227.47 7055.5 -1281.63
7010.64 -1256.14 7069.86 -1284.82
7024.72 -1252.96 7083.93 -1283.22
7038.49 -1227.47 7097.71 -1284.82
7053.15 -1219.5 7111.19 -1265.7
7066.93 -1208.35 7124.97 -1291.19
7080.41 -1216.32 7139.62 -1276.85
7094.48 -1222.69 7153.69 -1273.67
7108.85 -1240.21 7167.46 -1292.78
7122.91 -1251.36 7180.95 -1252.96
7136.4 -1222.69 7195.6 -1259.33
7151.93 -1244.99 7209.96 -1256.14
7165.12 -1238.62 7223.14 -1229.06
7178.31 -1262.52 7237.79 -1257.74
7193.25 -1237.03 7251.86 -1276.85
7207.61 -1192.42 7266.22 -1246.59
7221.38 -1208.35 7279.99 -1275.26
7234.86 -1240.21 7294.64 -1267.29
7249.51 -1200.39 7307.23 -1251.36
7263.87 -1222.69 7321.88 -1260.92
7276.76 -1165.34 7335.07 -1252.96
7291.41 -1147.82 7350.59 -1265.7
7305.77 -1213.13 7363.77 -1233.84
7319.54 -1224.28 7377.83 -1278.45
7333.31 -1184.46 7392.48 -1256.14
7347.37 -1205.17 7406.24 -1299.15
7361.72 -1219.5 7420.89 -1240.21
7376.07 -1201.98 7433.48 -1284.82
7391.01 -1190.83 7448.13 -1281.63
7403.32 -1225.88 7462.48 -1259.33
7418.25 -1195.61 7476.24 -1275.26
7431.43 -1179.68 7489.71 -1233.84
7445.78 -1190.83 7504.35 -1244.99
7458.96 -1174.9 7518.7 -1252.96
7474.19 -1246.59 7531.59 -1276.85
7487.08 -1251.36 7546.23 -1295.97
7502.01 -1237.03 7560.28 -1283.22
7515.77 -1195.61 7574.63 -1260.92
7529.54 -1230.66 7588.97 -1260.92
7544.76 -1200.39 7602.73 -1291.19
7558.82 -1214.73 7616.2 -1238.62
7571.99 -1208.35 7629.67 -1238.62
7586.34 -1198.8 7644.3 -1244.99
7599.51 -1229.06 7658.06 -1302.34
7614.15 -1201.98 7672.99 -1302.34
7628.49 -1197.2 7686.16 -1249.77
7642.25 -1181.27 7700.8 -1246.59
7655.72 -1230.66 7715.14 -1267.29
7669.77 -1237.03 7729.19 -1254.55
7684.4 -1181.27 7743.53 -1249.77
7698.45 -1227.47 7756.11 -1273.67
7711.92 -1221.1 7770.45 -1278.45
7725.67 -1222.69 7784.5 -1275.26
7740.6 -1198.8 7798.84 -1308.71
7754.36 -1201.98 7812.59 -1256.14
7768.99 -1192.42 7828.1 -1243.4
7782.16 -1197.2 7840.68 -1214.73
7796.5 -1222.69 7854.73 -1230.66
7810.25 -1225.88 7869.65 -1256.14
7824 -1168.53 7883.1 -1321.46
7838.92 -1194.02 7897.73 -1305.53
7852.97 -1163.75 7911.48 -1297.56
7866.43 -1221.1 7924.94 -1248.18
7880.47 -1187.64 7939.57 -1249.77
7894.22 -1194.02 7953.9 -1248.18
7907.97 -1251.36 7967.36 -1254.55
7922.31 -1216.32 7981.69 -1273.67
7936.64 -1246.59 7994.85 -1237.03
7950.98 -1187.64 8008.6 -1286.41
7964.72 -1216.32 8023.22 -1283.22
7978.47 -1203.57 8037.26 -1267.29
7992.51 -1235.43 8051.89 -1267.29
8006.84 -1230.66 8065.63 -1283.22
8020.59 -1256.14 8079.08 -1260.92
8034.63 -1221.1 8093.7 -1288
8048.08 -1208.35 8107.16 -1321.46
8062.71 -1251.36 8121.78 -1273.67
8077.91 -1213.13 8136.11 -1230.66
8091.66 -1184.46 8149.56 -1259.33
8104.82 -1208.35 8163.59 -1256.14
8119.14 -1235.43 8178.21 -1244.99
8132.31 -1237.03 8191.95 -1256.14
8146.63 -1163.75 8205.99 -1248.18
8161.25 -1229.06 8219.14 -1300.75
8174.99 -1208.35 8234.05 -1289.6
8188.44 -1170.12 8248.08 -1291.19
8202.18 -1138.26 8261.82 -1240.21
8217.39 -1211.54 8275.27 -1280.04
8230.84 -1192.42 8291.05 -1278.45
8245.16 -1222.69 8303.33 -1264.11
8258.32 -1182.87 8317.95 -1268.89
8272.93 -1205.17 8331.68 -1270.48
8286.67 -1190.83 8346.01 -1260.92
8300.99 -1198.8 8360.03 -1278.45
8315.61 -1165.34 8374.35 -1265.7
8329.34 -1174.9 8389.26 -1265.7
8343.96 -1216.32 8402.12 -1246.59
8356.82 -1209.95 8415.56 -1264.11
8370.26 -1205.17 8431.05 -1251.36
8385.17 -1214.73 8444.2 -1251.36
8398.32 -1194.02 8458.52 -1252.96
8412.93 -1190.83 8472.25 -1283.22
8426.96 -1179.68 8486.28 -1265.7
8440.4 -1200.39 8499.72 -1214.73
8455.31 -1190.83 8515.2 -1257.74
8469.04 -1205.17 8528.65 -1259.33
8482.77 -1232.25 8543.25 -1259.33
8497.38 -1230.66 8556.98 -1246.59
8511.11 -1205.17 8570.72 -1243.4
8524.85 -1206.76 8584.45 -1259.33
8538.87 -1224.28 8598.76 -1270.48
8551.73 -1203.57 8612.78 -1257.74
8567.5 -1237.03 8626.22 -1252.96
8581.23 -1176.49 8640.54 -1240.21
8595.26 -1206.76 8653.97 -1262.52
8609.28 -1181.27 8667.99 -1235.43
8623.01 -1186.05 8682.6 -1256.14
8637.03 -1229.06 8696.62 -1260.92
8651.34 -1174.9 8710.93 -1284.82
8664.78 -1182.87 8724.66 -1294.38
8679.68 -1195.61 8738.39 -1244.99
8693.11 -1155.78 8752.7 -1256.14
8707.13 -1208.35 8767.01 -1230.66
8721.15 -1165.34 8779.86 -1308.71
8735.47 -1214.73 8794.75 -1260.92
8748.9 -1192.42 8809.35 -1260.92
8763.21 -1205.17 8823.66 -1273.67
8776.94 -1197.2 8836.8 -1229.06
8791.25 -1198.8 8851.69 -1265.7
8805.85 -1203.57 8865.13 -1254.55
8819.28 -1179.68 8879.73 -1289.6
8833.59 -1205.17 8892.58 -1292.78
8846.73 -1208.35 8906.59 -1264.11
8861.04 -1168.53 8920.9 -1308.71
8875.06 -1224.28 8936.08 -1326.24
8889.65 -1217.91 8949.8 -1278.45
8903.38 -1186.05 8963.53 -1270.48
8917.39 -1222.69 8976.08 -1315.08
8931.12 -1170.12 8991.85 -1248.18
8945.72 -1181.27 9006.15 -1262.52
8959.14 -1201.98 9019.87 -1303.93
8974.04 -1241.81 9033.3 -1249.77
8987.47 -1211.54 9047.02 -1278.45
9001.19 -1184.46 9062.2 -1259.33
9014.32 -1211.54 9075.04 -1278.45
9028.92 -1176.49 9090.22 -1227.47
9044.39 -1182.87 9103.07 -1237.03
9057.24 -1221.1 9118.54 -1241.81
9070.96 -1227.47 9131.09 -1260.92
9084.68 -1194.02 9145.98 -1260.92
9098.98 -1179.68 9160.28 -1244.99
9113.28 -1187.64 9173.41 -1238.62
9128.17 -1229.06 9187.71 -1246.59
9141.3 -1211.54 9201.43 -1272.07
9154.73 -1209.95 9215.73 -1241.81
9168.74 -1149.41 9230.03 -1230.66
9184.21 -1206.76 9244.92 -1260.92
9197.93 -1187.64 9258.92 -1329.42
9211.06 -1181.27 9272.06 -1256.14
9225.07 -1187.64 9286.36 -1257.74
9239.95 -1216.32 9300.66 -1240.21
9253.67 -1162.16 9314.37 -1230.66
9267.39 -1219.5 9327.8 -1230.66
9281.4 -1189.24 9341.22 -1260.92
9295.4 -1174.9 9356.39 -1259.33
9309.41 -1184.46 9370.11 -1233.84
9323.13 -1182.87 9383.53 -1260.92
9338.01 -1187.64 9398.41 -1262.52
9352.01 -1190.83 9412.13 -1259.33
9365.44 -1252.96 9427.3 -1241.81
9379.15 -1273.67 9439.56 -1246.59
9393.16 -1208.35 9455.6 -1278.45
9407.17 -1179.68 9468.44 -1281.63
9421.47 -1158.97 9483.03 -1291.19
9435.18 -1198.8 9496.74 -1251.36
9449.48 -1206.76 9510.75 -1273.67
9462.9 -1200.39 9525.04 -1249.77
9477.78 -1260.92 9538.76 -1270.48
9491.49 -1222.69 9553.34 -1283.22
9505.49 -1155.78 9566.76 -1260.92
9519.21 -1155.78 9581.06 -1288
9534.38 -1197.2 9595.94 -1286.41
9547.51 -1209.95 9609.07 -1235.43
9561.51 -1205.17 9623.95 -1256.14
9575.23 -1248.18 9636.49 -1240.21
9590.1 -1224.28 9651.66 -1286.41
9603.82 -1214.73 9665.08 -1307.12
9616.94 -1154.19 9678.79 -1268.89
9630.95 -1200.39 9694.25 -1302.34
9646.41 -1160.56 9707.67 -1229.06
9659.83 -1198.8 9720.8 -1224.28
9674.41 -1229.06 9735.67 -1240.21
9687.54 -1209.95 9749.09 -1254.55
9701.84 -1201.98 9763.39 -1237.03
9715.25 -1173.31 9777.39 -1260.92
9728.96 -1194.02 9791.39 -1268.89
9743.55 -1200.39 9805.1 -1273.67
9758.14 -1187.64 9819.1 -1268.89
9772.14 -1190.83 9833.68 -1256.14
9785.85 -1249.77 9847.98 -1248.18
9799.26 -1233.84 9861.69 -1264.11
9813.26 -1211.54 9876.27 -1283.22
9827.56 -1162.16 9889.69 -1273.67
9842.14 -1152.6 9904.27 -1280.04
9855.56 -1182.87 9917.98 -1254.55
9869.56 -1197.2 9931.69 -1246.59
9883.27 -1205.17 9946.27 -1237.03
9897.56 -1262.52 9958.81 -1232.25
9911.56 -1198.8 9974.57 -1251.36
9926.15 -1171.71 9988.27 -1295.97
9940.44 -1170.12 10002 -1243.4
9953.56 -1152.6 10016.3 -1278.45
9967.27 -1160.56 10030 -1299.15
9982.15 -1216.32 10044 -1264.11
9996.15 -1251.36 10058.3 -1291.19
10009 -1244.99 10072.9 -1230.66
10023.6 -1192.42 10086 -1216.32
10037.6 -1182.87 10100.3 -1256.14
10051.3 -1147.82 10114 -1267.29
10065.8 -1182.87 10128.3 -1209.95
10081 -1174.9 10142 -1241.81
10093.9 -1189.24 10156.3 -1257.74
10107.6 -1187.64 10171.1 -1235.43
10121.9 -1249.77 10184 -1222.69
10135.3 -1165.34 10198.3 -1254.55
10150.1 -1173.31 10212.8 -1251.36
10163.9 -1208.35 10226.8 -1260.92
10178.4 -1179.68 10240.6 -1241.81
10191.9 -1222.69 10254.8 -1270.48
10206.1 -1275.26 10268.5 -1281.63
10220.1 -1238.62 10282.8 -1331.01
10232.7 -1219.5 10297.1 -1275.26
10247.6 -1229.06 10310.8 -1289.6
10261.8 -1189.24 10325.1 -1280.04
10276.1 -1187.64 10338.8 -1267.29
10289.8 -1165.34 10351.7 -1252.96
10304.1 -1206.76 10367.1 -1265.7
10318.4 -1195.61 10381.4 -1237.03
10332.1 -1237.03 10394.8 -1260.92
10345.3 -1222.69 10408.8 -1267.29
10360.1 -1181.27 10423.4 -1295.97
10373 -1178.09 10437.1 -1303.93
10388.4 -1192.42 10451.1 -1243.4
10401.3 -1214.73 10464.8 -1203.57
10416.1 -1214.73 10479.4 -1267.29
10430.4 -1216.32 10493.4 -1283.22
10443.2 -1182.87 10507.7 -1262.52
10458.1 -1195.61 10521.4 -1278.45
10471.5 -1198.8 10535.4 -1270.48
10485.8 -1144.63 10549.1 -1313.49
10500.1 -1173.31 10563.4 -1295.97
10513.8 -1176.49 10577.7 -1291.19
10526.4 -1208.35 10591.4 -1273.67
10541.2 -1232.25 10605.4 -1297.56
10556.1 -1217.91 10619.7 -1315.08
10571 -1216.32 10633.7 -1310.31
10584.1 -1158.97 10647.1 -1289.6
10598.4 -1190.83 10660.8 -1208.35
10612.4 -1135.08 10675.7 -1257.74
10626.7 -1173.31 10690.6 -1235.43
10639.5 -1198.8 10703.4 -1214.73
10653.5 -1166.94 10717.1 -1275.26
10667.8 -1214.73 10732.3 -1222.69
10682.1 -1178.09 10746.3 -1283.22
10694.9 -1141.45 10760 -1273.67
10709.8 -1114.37 10774.3 -1229.06
10723.5 -1114.37 10788.3 -1229.06
10738.1 -1195.61 10802.3 -1168.53
10751.5 -1141.45 10815.7 -1144.63
10766.4 -1182.87 10830.3 -1166.94
10780.1 -1149.41 10844.6 -1186.05
10793.8 -1114.37 10857.1 -1211.54
10808.4 -1085.69 10873.2 -1120.74
10822.1 -1096.84 10886.3 -1160.56
10835.5 -1107.99 10900 -1111.18
10848.4 -1128.7 10913.4 -1098.44
10864.4 -1088.88 10928.9 -1050.65
10877 -1123.92 10942.6 -1047.46
10892.7 -1058.61 10956.3 -1047.46
10905.8 -1039.5 10970.3 -1057.02
10919.8 -1009.23 10984 -1080.91
10934.1 -983.741 10998.3 -1101.62
10947.8 -1017.19 11012.6 -1050.65
10962.4 -1044.28 11026 -1018.79
10976.4 -1018.79 11040.3 -942.323
10990.4 -998.078 11054.3 -963.032
11004.4 -999.671 11068.6 -889.755
11017.5 -961.439 11082.6 -904.092
11032.7 -920.021 11096.3 -948.695
11046.7 -947.102 11110.6 -955.067
11059.8 -881.79 11125.2 -935.951
11073.3 -951.881 11138.3 -905.685
11087.9 -966.218 11153.8 -838.779
11101.9 -972.59 11167.2 -837.186
11116.7 -924.801 11181.2 -853.116
11129.6 -892.941 11194.3 -875.418
11143.9 -907.278 11209.5 -872.232
11158.2 -859.488 11223.2 -897.72
11171.9 -918.429 11236.1 -904.092
11187 -875.418 11250.9 -864.267
11200.2 -897.72 11265.5 -797.361
11214.8 -899.313 11279.5 -816.477
11228.2 -869.046 11293.2 -794.175
11242.2 -840.372 11307.8 -816.477
11255.6 -819.663 11320.7 -826.035
11269.9 -829.221 11335.5 -826.035
11283.9 -816.477 11349.6 -795.768
11298.5 -781.431 11364.1 -749.571
11311.3 -770.28 11377.3 -665.142
11326.2 -728.862 11391.6 -671.514
11341.4 -703.374 11405.9 -641.247
11353.6 -634.875 11419.6 -676.293
11368.2 -630.096 11433.3 -668.328
11381.6 -666.735 11447.9 -689.037
11396.5 -655.584 11461.3 -622.131
11410 -685.851 11475.6 -591.865
11424.3 -708.153 11489 -579.121
11438.3 -610.98 11503.3 -524.959
11452.3 -540.889 11517.6 -563.191
11465.7 -513.808 11531.4 -569.563
11480 -505.843 11545.4 -596.644
11494 -550.447 11560.5 -614.166
11508 -590.272 11574.3 -552.04
11522.9 -599.829 11587.4 -469.204
11536 -571.156 11601.7 -504.25
11550 -488.32 11616.3 -493.099
11563.2 -450.088 11630 -512.215
11578.9 -430.972 11643.7 -510.622
11592.4 -442.123 11657.7 -526.552
11606.1 -481.948 11672.6 -509.029
11620.1 -461.239 11686 -450.088
11632.9 -528.145 11700.9 -443.716
11648.1 -516.994 11714.4 -411.856
11661.8 -462.832 11728.7 -416.635
11676.7 -354.508 11742.4 -443.716
11689.9 -357.694 11756.4 -462.832
11704.1 -322.648 11771 -372.031
11718.8 -330.613 11784.1 -378.403
11732.2 -379.996 11798.1 -362.473
11745.9 -348.136 11813 -333.799
11760.8 -348.136 11826.2 -293.974
11774.8 -308.311 11839.9 -276.452
11788.2 -204.767 11855.4 -274.859
11801.4 -172.907 11868.8 -247.778
11816.8 -141.047 11882.8 -235.034
11830 -203.174 11896.5 -156.977
11844.3 -192.023 11911.1 -137.861
11858 -203.174 11924 -91.6641
11872.3 -196.802 11938.6 -106.001
11886.6 -107.594 11952.9 -158.57
11899.8 -77.3272 11966 -153.791
11914.1 -94.8501 11980.6 -120.338
11928.7 -88.4781 11994.9 -74.1412
11943.3 -94.8501 12009.6 18.2525
11956.1 -51.8393 12023 23.0315
11970.1 -75.7342 12037 37.3684
11984.7 -74.1412 12050.7 -31.1303
11997.3 -48.6533 12065.3 -67.7692
12012.2 -7.23541 12079.6 16.6595
12026.8 91.5303 12093.4 29.4035
12040.2 86.7513 12106.8 136.134
12054.2 110.646 12121.4 99.4952
12067.1 50.1124 12135.7 152.064
12082.6 132.948 12149.7 93.1233
12095.7 109.053 12164 62.8564
12110.3 182.331 12177.2 115.425
12124.3 247.644 12192.1 131.355
12137.8 277.911 12206.1 148.878
12152.7 319.329 12219.3 218.97
12166.7 274.725 12233.3 234.9
12180.1 281.097 12247.6 284.283
12194.1 261.981 12261.3 281.097
12209 362.339 12275.6 312.957
12222.8 344.816 12289.7 265.167
12236.2 430.838 12303.4 314.55
12249.9 448.361 12318.6 360.746
12264.8 470.663 12331.4 421.28
12277.7 441.989 12345.8 505.709
12291.7 515.267 12360.4 486.593
12306.9 456.326 12373.8 507.302
12320 502.523 12388.1 432.431
12334.9 543.941 12402.7 472.256
12347.8 548.72 12415.6 553.499
12361.8 642.706 12429.6 596.51
12376.4 623.591 12443.4 620.405
12389 653.857 12458 621.998
12404.5 588.545 12472.3 647.486
12418.5 609.254 12486.9 598.103
12432.3 645.893 12500.6 633.149
12446.6 687.31 12514.4 657.043
12460.9 766.96 12528.4 657.043
12473.4 751.03 12542.7 749.437
12488.1 763.774 12557 698.461
12501.5 754.216 12570.5 773.332
12517.3 768.553 12584.5 792.448
12530.2 794.041 12598.5 784.483
12543.9 868.912 12613.4 792.448
12559.4 899.179 12626.3 790.855
12572.2 895.993 12640.6 846.61
12586.3 991.572 12655.3 897.586
12600.3 983.607 12668.7 935.818
12614.6 1004.32 12682.4 980.421
12627.5 1036.18 12697.6 977.235
12642.4 1044.14 12710.8 958.12
12656.4 1131.76 12725.4 950.155
12670.4 1187.51 12739.4 991.572
12683.9 1281.5 12753.2 1050.51
12698.5 1302.21 12766.9 1088.75
12713.7 1278.31 12780.4 1125.38
12726 1286.28 12795.9 1138.13
12741.5 1275.13 12809 1222.56
12754.4 1327.69 12823.1 1243.27
12769 1399.38 12837.7 1262.38
12782.4 1530 12852 1291.06
12797 1531.6 12866.6 1262.38
12810.5 1458.32 12881 1351.59
12824.2 1431.24 12893.2 1329.29
12838 1415.31 12906.7 1420.09
12852.3 1434.42 12922.2 1445.58
12867.2 1464.69 12935.6 1541.16
12880.4 1510.89 12950.5 1557.09
12895 1635.14 12964.3 1587.35
12907.3 1622.4 12978.6 1614.43
12922.5 1633.55 12992.4 1641.51
12935.6 1571.42 13006.1 1641.51
12950.9 1638.33 13019 1714.79
12964.6 1612.84 13033.6 1716.39
12977.5 1651.07 13048.5 1760.99
12992.1 1808.78 13062.9 1776.92
13005.8 1848.6 13075.7 1861.35
13020.8 1966.49 13090.7 1880.46
13034.8 1913.92 13104.1 1886.84
13048.5 1931.44 13118.7 1882.06
13062.6 1947.37 13132.8 1870.91
13077.2 1933.03 13146.2 1934.63
13090.1 2042.95 13160.9 1917.1
13104.1 2170.39 13174.6 1979.23
13118.1 2250.04 13189 2039.76
13131.9 2339.25 13203 1982.42
13147.1 2351.99 13216.7 2003.12
13160.6 2296.24 13230.5 2020.65
13174.9 2264.38 13245.1 2152.87
13189.2 2308.98 13259.2 2090.74
13202.4 2402.97 13272.9 2117.82
13217 2490.58 13287 2157.64
13230.5 2552.71 13301 2203.84
13244.8 2560.67 13315 2310.57
13258 2549.52 13328.8 2315.35
13272.6 2509.7 13342.9 2393.41
13285.8 2514.48 13357.5 2374.29
13300.4 2516.07 13370.6 2452.35
13313.9 2606.87 13385.9 2449.16
13328.2 2656.25 13400.2 2493.77
13342.6 2748.65 13413.4 2618.02
13356.6 2813.96 13427.7 2648.29
13371.2 2724.75 13442.1 2707.23
13384.4 2665.81 13455.8 2828.3
13398.2 2689.7 13469.6 2853.78
13412.2 2785.28 13483.3 2874.49
13426.8 2944.58 13497.4 2841.04
13440.6 2989.19 13512.3 2880.86
13454.6 3057.69 13526.1 2852.19
13468.4 2997.15 13539.8 2968.48
13482.7 3041.76 13553.9 3016.27
13496.5 3048.13 13568.5 3108.66
13509.1 3089.55 13582.5 3123
13524.6 3213.8 13596 3094.33
13538.3 3323.72 13609.8 3081.58
13552.4 3408.15 13624.4 3022.64
13566.4 3349.2 13639.3 3073.62
13580.8 3404.96 13652.2 3221.77
13594.5 3400.18 13666.9 3248.85
13608.6 3441.6 13680.6 3368.32
13622.1 3500.54 13694.4 3363.54
13635.8 3561.07 13708.4 3353.98
13649.6 3706.04 13723.1 3323.72
13664.2 3803.21 13736.5 3288.67
13679.4 3771.35 13752.4 3393.81
13692.6 3763.38 13764.9 3473.46
13706.7 3627.98 13779 3599.3
13721.3 3741.08 13792.5 3691.7
13733.9 3811.17 13806.5 3723.56
13748.8 3932.24 13822.6 3742.67
13762.3 4085.17 13835.2 3690.11
13776.6 4102.69 13849.3 3674.18
13790.4 4077.2 13864.2 3715.59
13804.8 3957.73 13877.4 3866.93
13818.8 3948.17 13892 4034.19
13832.3 4067.65 13905.8 4131.37
13846.6 4147.3 13919.5 4175.97
13861 4322.52 13935.6 4101.1
13873.8 4363.94 13949.4 4053.31
13887.9 4406.95 13963.8 3978.44
13902.5 4373.5 13978.1 4168
13915.7 4290.67 13992.5 4218.98
13931.5 4266.77 14000.1 4411.73
13944.4 4282.7 13985.4 4472.27
13957.3 4470.67 13972.5 4379.87
