7014.45 -1225.88 7027.06 -1291.19
7003.61 -1235.43 7041.43 -1267.29
7000.38 -1254.55 7055.2 -1303.93
7010.35 -1268.89 7069.57 -1292.78
7024.42 -1248.18 7083.05 -1232.25
7038.49 -1257.74 7097.41 -1294.38
7052.57 -1252.96 7112.07 -1259.33
7066.05 -1237.03 7125.55 -1280.04
7080.71 -1294.38 7139.62 -1302.34
7095.07 -1248.18 7153.69 -1280.04
7108.85 -1270.48 7167.17 -1291.19
7122.62 -1229.06 7181.82 -1254.55
7137.28 -1230.66 7195.3 -1260.92
7151.93 -1244.99 7209.37 -1254.55
7165.12 -1240.21 7222.85 -1272.07
7178.31 -1267.29 7238.09 -1299.15
7193.84 -1295.97 7251.86 -1305.53
7207.03 -1249.77 7266.51 -1346.94
7221.09 -1262.52 7279.69 -1268.89
7236.04 -1281.63 7293.76 -1288
7249.22 -1257.74 7307.82 -1262.52
7263.58 -1280.04 7321 -1244.99
7277.64 -1249.77 7336.53 -1297.56
7291.41 -1288 7350.3 -1302.34
7305.77 -1265.7 7364.07 -1305.53
7319.24 -1264.11 7377.83 -1297.56
7333.6 -1211.54 7392.18 -1262.52
7347.66 -1224.28 7406.24 -1276.85
7361.72 -1273.67 7420.01 -1257.74
7375.78 -1275.26 7434.36 -1295.97
7390.43 -1246.59 7447.83 -1305.53
7403.02 -1291.19 7461.89 -1283.22
7417.96 -1273.67 7475.07 -1262.52
7431.73 -1302.34 7490.3 -1273.67
7445.49 -1262.52 7505.23 -1300.75
7459.55 -1238.62 7518.41 -1265.7
7473.31 -1244.99 7531.88 -1281.63
7488.25 -1254.55 7546.52 -1252.96
7501.72 -1244.99 7560.57 -1259.33
7515.77 -1225.88 7574.04 -1284.82
7529.83 -1252.96 7589.27 -1289.6
7543.88 -1206.76 7601.85 -1315.08
7557.94 -1260.92 7616.79 -1249.77
7571.7 -1213.13 7630.25 -1283.22
7585.75 -1256.14 7644.6 -1278.45
7599.22 -1262.52 7658.06 -1265.7
7614.15 -1281.63 7672.7 -1260.92
7627.62 -1275.26 7687.33 -1248.18
7642.55 -1246.59 7700.21 -1308.71
7655.13 -1259.33 7715.14 -1240.21
7670.06 -1259.33 7728.6 -1235.43
7684.11 -1260.92 7743.53 -1268.89
7699.04 -1257.74 7756.11 -1264.11
7711.92 -1251.36 7771.04 -1295.97
7727.14 -1272.07 7784.79 -1264.11
7740.31 -1273.67 7799.13 -1307.12
7754.06 -1288 7812.88 -1302.34
7768.7 -1246.59 7826.93 -1316.68
7782.74 -1307.12 7841.27 -1299.15
7795.32 -1278.45 7854.14 -1280.04
7810.25 -1272.07 7869.65 -1265.7
7824.59 -1254.55 7883.1 -1297.56
7838.92 -1283.22 7896.56 -1278.45
7851.51 -1268.89 7911.19 -1268.89
7865.26 -1235.43 7925.53 -1265.7
7879.59 -1270.48 7939.27 -1280.04
7894.52 -1283.22 7953.61 -1288
7907.97 -1329.42 7966.48 -1281.63
7922.31 -1294.38 7981.69 -1272.07
7936.35 -1280.04 7995.44 -1315.08
7950.1 -1267.29 8008.89 -1294.38
7964.14 -1262.52 8023.81 -1276.85
7978.47 -1246.59 8036.97 -1267.29
7992.22 -1254.55 8051.59 -1284.82
8007.14 -1268.89 8065.05 -1299.15
8020.59 -1276.85 8079.38 -1272.07
8034.63 -1252.96 8093.12 -1295.97
8047.79 -1259.33 8107.74 -1292.78
8062.71 -1233.84 8121.19 -1252.96
8077.04 -1217.91 8134.35 -1286.41
8090.78 -1264.11 8149.85 -1278.45
8105.11 -1283.22 8163.3 -1280.04
8117.98 -1232.25 8178.21 -1232.25
8132.01 -1254.55 8190.78 -1265.7
8146.34 -1251.36 8205.69 -1307.12
8160.67 -1254.55 8219.43 -1335.79
8173.53 -1270.48 8234.34 -1305.53
8188.44 -1254.55 8247.5 -1280.04
8202.18 -1273.67 8261.53 -1295.97
8216.8 -1251.36 8275.56 -1219.5
8230.84 -1241.81 8289.89 -1295.97
8245.16 -1264.11 8303.92 -1295.97
8258.61 -1267.29 8318.82 -1294.38
8272.64 -1288 8331.39 -1292.78
8286.96 -1280.04 8345.71 -1284.82
8301.28 -1251.36 8360.33 -1324.64
8314.44 -1291.19 8374.06 -1316.68
8328.76 -1241.81 8388.09 -1254.55
8343.38 -1232.25 8402.41 -1283.22
8356.82 -1240.21 8416.15 -1305.53
8370.56 -1281.63 8430.47 -1311.9
8384.88 -1278.45 8444.2 -1315.08
8399.2 -1260.92 8458.23 -1308.71
8413.23 -1264.11 8472.25 -1288
8426.38 -1257.74 8485.4 -1280.04
8440.99 -1264.11 8500.3 -1291.19
8455.01 -1232.25 8514.62 -1267.29
8469.04 -1217.91 8528.35 -1318.27
8483.07 -1278.45 8542.38 -1308.71
8496.8 -1264.11 8556.11 -1313.49
8511.11 -1249.77 8570.13 -1284.82
8524.85 -1240.21 8585.03 -1311.9
8538.87 -1278.45 8598.47 -1288
8552.6 -1265.7 8612.78 -1288
8567.5 -1230.66 8626.81 -1265.7
8581.23 -1272.07 8640.24 -1310.31
8595.26 -1286.41 8654.56 -1280.04
8609.57 -1273.67 8669.16 -1299.15
8623.01 -1264.11 8682.6 -1272.07
8636.45 -1221.1 8696.62 -1276.85
8651.34 -1270.48 8711.22 -1254.55
8665.07 -1275.26 8725.24 -1283.22
8679.09 -1276.85 8739.85 -1318.27
8693.11 -1275.26 8753.28 -1299.15
8707.72 -1265.7 8767.59 -1327.83
8721.15 -1227.47 8781.03 -1310.31
8734.88 -1270.48 8794.17 -1276.85
8748.9 -1265.7 8809.35 -1275.26
8763.5 -1289.6 8823.37 -1300.75
8777.23 -1267.29 8837.39 -1267.29
8790.95 -1310.31 8851.4 -1260.92
8804.39 -1294.38 8864.84 -1278.45
8819.87 -1311.9 8880.6 -1340.57
8833.01 -1254.55 8893.45 -1337.39
8846.73 -1233.84 8907.47 -1299.15
8861.33 -1273.67 8920.31 -1289.6
8875.06 -1249.77 8935.79 -1291.19
8889.07 -1244.99 8949.22 -1288
8904.25 -1272.07 8964.11 -1280.04
8917.1 -1289.6 8978.41 -1354.91
8931.12 -1265.7 8991.85 -1321.46
8944.55 -1238.62 9005.57 -1321.46
8959.14 -1289.6 9019.87 -1284.82
8972.87 -1259.33 9033.01 -1307.12
8987.76 -1252.96 9047.6 -1288
9000.9 -1303.93 9061.91 -1345.35
9014.61 -1311.9 9076.5 -1313.49
9029.5 -1281.63 9089.93 -1318.27
9043.81 -1260.92 9104.23 -1302.34
9057.24 -1260.92 9117.66 -1291.19
9070.67 -1265.7 9131.67 -1323.05
9084.97 -1237.03 9145.39 -1264.11
9099.85 -1240.21 9159.98 -1310.31
9113.28 -1275.26 9174 -1308.71
9127.29 -1291.19 9188.3 -1307.12
9141.6 -1278.45 9202.01 -1275.26
9155.32 -1270.48 9216.9 -1305.53
9168.74 -1233.84 9229.45 -1302.34
9183.63 -1233.84 9244.04 -1262.52
9197.64 -1241.81 9258.05 -1324.64
9210.48 -1246.59 9272.64 -1318.27
9225.07 -1256.14 9286.36 -1326.24
9239.37 -1286.41 9301.24 -1342.17
9253.96 -1243.4 9314.08 -1334.2
9266.81 -1264.11 9328.67 -1310.31
9280.52 -1259.33 9341.51 -1295.97
9294.53 -1198.8 9356.39 -1268.89
9309.7 -1249.77 9370.69 -1268.89
9323.13 -1254.55 9383.82 -1302.34
9337.43 -1257.74 9399 -1319.86
9352.01 -1254.55 9413 -1319.86
9366.02 -1259.33 9427.01 -1318.27
9379.15 -1244.99 9440.72 -1292.78
9393.16 -1252.96 9455.02 -1254.55
9406.29 -1246.59 9467.86 -1294.38
9421.76 -1254.55 9483.32 -1281.63
9435.18 -1307.12 9497.03 -1288
9449.18 -1286.41 9509.87 -1315.08
9463.19 -1278.45 9524.75 -1267.29
9477.19 -1316.68 9538.46 -1284.82
9491.49 -1254.55 9553.05 -1275.26
9505.49 -1241.81 9567.06 -1272.07
9519.21 -1244.99 9580.77 -1316.68
9532.92 -1232.25 9594.77 -1311.9
9547.8 -1305.53 9608.77 -1332.61
9560.93 -1323.05 9623.07 -1283.22
9575.23 -1278.45 9636.78 -1313.49
9589.52 -1295.97 9651.37 -1295.97
9604.4 -1241.81 9665.37 -1316.68
9617.82 -1289.6 9678.5 -1324.64
9631.82 -1237.03 9694.25 -1351.72
9645.83 -1280.04 9707.08 -1329.42
9659.83 -1283.22 9721.38 -1332.61
9674.41 -1229.06 9735.09 -1354.91
9687.54 -1270.48 9749.67 -1324.64
9702.71 -1280.04 9763.68 -1272.07
9715.55 -1284.82 9777.09 -1292.78
9729.84 -1249.77 9791.39 -1335.79
9744.42 -1297.56 9805.97 -1326.24
9758.14 -1276.85 9818.81 -1338.98
9771.85 -1276.85 9833.68 -1331.01
9785.85 -1272.07 9847.39 -1295.97
9799.85 -1233.84 9860.52 -1268.89
9813.56 -1268.89 9875.69 -1272.07
9827.85 -1244.99 9889.69 -1254.55
9841.56 -1259.33 9903.1 -1335.79
9855.85 -1295.97 9917.98 -1319.86
9869.27 -1303.93 9930.81 -1331.01
9882.98 -1264.11 9945.4 -1337.39
9897.27 -1267.29 9959.11 -1283.22
9912.44 -1256.14 9973.98 -1262.52
9925.27 -1260.92 9987.69 -1259.33
9939.27 -1273.67 10001.1 -1288
9952.98 -1246.59 10016.6 -1356.5
9968.15 -1249.77 10030 -1340.57
9981.86 -1280.04 10044.3 -1331.01
9995.86 -1292.78 10058.6 -1329.42
10010.7 -1315.08 10071.1 -1332.61
10023.9 -1267.29 10086.3 -1356.5
10037.6 -1272.07 10100.8 -1334.2
10052.4 -1291.19 10114.6 -1331.01
10066.1 -1307.12 10127.7 -1413.85
10079.6 -1288 10142.3 -1453.67
10093.6 -1318.27 10155.4 -1413.85
10107.3 -1270.48 10170.3 -1351.72
10122.4 -1307.12 10184 -1323.05
10136.7 -1331.01 10198.5 -1374.02
10149.3 -1307.12 10212.8 -1402.7
10163.3 -1315.08 10226.3 -1391.55
10178.1 -1280.04 10240.3 -1456.86
10191.9 -1248.18 10254.3 -1396.33
10205.8 -1251.36 10268.3 -1407.48
10220.4 -1275.26 10282.8 -1324.64
10233.3 -1259.33 10296.8 -1276.85
10247.3 -1268.89 10310.8 -1358.09
10261.8 -1273.67 10324.8 -1375.62
10276.4 -1295.97 10339.1 -1402.7
10289.6 -1297.56 10352 -1444.12
10304.4 -1276.85 10367.4 -1397.92
10318.7 -1284.82 10380.3 -1391.55
10331.8 -1248.18 10394.5 -1359.69
10345 -1276.85 10408.5 -1307.12
10360.4 -1251.36 10422.8 -1327.83
10374.4 -1281.63 10437.1 -1413.85
10388.1 -1303.93 10451.4 -1413.85
10402.1 -1268.89 10464.8 -1415.44
10415.8 -1281.63 10478.5 -1381.99
10429.5 -1243.4 10493.7 -1340.57
10443.8 -1256.14 10506 -1316.68
10458.1 -1273.67 10521.4 -1311.9
10471.5 -1291.19 10535.4 -1353.32
10485.5 -1240.21 10549.4 -1372.43
10499.5 -1264.11 10562.8 -1402.7
10514.4 -1265.7 10576.5 -1354.91
10528.1 -1222.69 10591.7 -1354.91
10542.1 -1262.52 10605.7 -1288
10556.1 -1272.07 10619.1 -1283.22
10570.4 -1243.4 10633.7 -1265.7
10582.9 -1278.45 10647.7 -1331.01
10597.2 -1318.27 10661.1 -1334.2
10612.4 -1264.11 10675.4 -1332.61
10624.9 -1273.67 10690 -1276.85
10640.4 -1232.25 10703.7 -1292.78
10654.1 -1281.63 10717.7 -1276.85
10667.2 -1270.48 10731.7 -1237.03
10681.8 -1268.89 10745.4 -1222.69
10695.2 -1273.67 10759.1 -1244.99
10708.9 -1291.19 10773.7 -1300.75
10723.8 -1246.59 10787.7 -1275.26
10737.5 -1243.4 10800.8 -1259.33
10752.7 -1246.59 10816.6 -1195.61
10766.1 -1181.27 10830 -1214.73
10779.5 -1225.88 10845.1 -1201.98
10794.7 -1262.52 10857.4 -1225.88
10808.1 -1214.73 10873.4 -1233.84
10821.2 -1238.62 10886.3 -1213.13
10836.1 -1219.5 10899.1 -1197.2
10850.1 -1178.09 10913.4 -1173.31
10864.4 -1214.73 10929.2 -1157.38
10877.8 -1168.53 10942.3 -1151.01
10891.5 -1120.74 10956.3 -1197.2
10906.1 -1106.4 10970.6 -1205.17
10919.5 -1133.48 10984.9 -1206.76
10933 -1084.1 10998.6 -1173.31
10948.7 -1138.26 11012.3 -1162.16
10962.1 -1115.96 11026.6 -1127.11
10975.5 -1101.62 11040.6 -1087.29
10989.5 -1103.22 11054 -1069.76
11003.8 -1053.83 11068.3 -1088.88
11017.8 -1098.44 11082.6 -1095.25
11032.1 -1076.13 11096.3 -1077.73
11045.3 -1026.75 11110.6 -1106.4
11060.4 -1029.94 11124.3 -1057.02
11074.4 -1010.82 11138.6 -1050.65
11088.1 -1036.31 11152.6 -982.148
11102.4 -1012.42 11165.7 -998.078
11115.9 -1063.39 11180.3 -964.625
11129.9 -1012.42 11194.6 -1023.57
11144.1 -970.997 11209.8 -993.299
11157.9 -993.299 11223.5 -977.369
11172.2 -926.393 11237.2 -889.755
11186.2 -935.951 11250.9 -862.674
11200.8 -1010.82 11265.8 -877.011
11213.3 -993.299 11279.5 -904.092
11227.9 -1004.45 11292.9 -924.801
11242.5 -934.358 11306.4 -916.836
11255.6 -913.649 11320.7 -889.755
11269.9 -894.534 11335.3 -853.116
11283.9 -845.151 11349.3 -821.256
11299.7 -883.383 11364.1 -843.558
11311.6 -905.685 11377.6 -783.024
11325.3 -853.116 11391 -810.105
11339.6 -878.604 11405.6 -867.453
11353.9 -826.035 11420.2 -878.604
11367.6 -781.431 11434.2 -754.35
11383.1 -773.466 11447.3 -829.221
11395.7 -746.385 11461.3 -741.606
11409.4 -749.571 11475.6 -689.037
11424.8 -789.396 11490.2 -704.967
11438.3 -740.013 11503.3 -692.223
11452 -795.768 11517.6 -740.013
11465.7 -695.409 11531.9 -789.396
11479.4 -722.49 11545.4 -759.129
11495.2 -663.549 11559.7 -625.317
11507.7 -617.352 11574.3 -614.166
11522.3 -677.886 11587.7 -580.714
11536 -642.84 11602.6 -603.016
11549.5 -681.072 11616.6 -631.689
11564.3 -644.433 11630.3 -623.724
11578.4 -603.016 11644.3 -598.237
11592.1 -531.331 11658.6 -575.935
11606.9 -532.924 11672.9 -521.773
11620.1 -556.819 11686 -488.32
11635 -526.552 11699.8 -483.541
11647.2 -579.121 11713.8 -481.948
11662.1 -488.32 11728.4 -480.355
11675.8 -489.913 11743 -513.808
11689.6 -458.053 11756.4 -475.576
11703.9 -391.147 11770.1 -438.937
11717.6 -383.182 11784.1 -413.449
11732.8 -391.147 11798.4 -346.543
11745 -408.67 11812.5 -352.915
11761.4 -400.705 11826.8 -357.694
11774.8 -386.368 11841.1 -395.926
11787.4 -394.333 11855.4 -405.484
11802.5 -306.718 11868.8 -405.484
11816.5 -295.567 11881.9 -266.894
11830.6 -214.325 11897.1 -242.999
11844.9 -236.627 11911.1 -196.802
11857.7 -252.557 11924 -198.395
11872.3 -270.08 11938 -233.441
11886 -278.045 11953.2 -297.16
11899.8 -233.441 11967.8 -214.325
11914.1 -244.592 11980.9 -182.465
11929 -182.465 11994.9 -83.6992
11942.4 -123.524 12009.3 -69.3622
11956.7 -101.222 12023 -40.6883
11970.1 -117.152 12036.1 -16.7934
11983.3 -166.535 12050.4 -37.5023
11998.2 -126.71 12065.9 -69.3622
12011.6 -75.7342 12078.5 -66.1762
12026.8 -74.1412 12093.1 -42.2813
12040.8 -75.7342 12107.1 30.9965
12053.6 -15.2004 12122 129.762
12068 70.8213 12135.4 164.808
12082.6 42.1474 12149.4 167.994
12096.3 61.2634 12164.3 107.46
12110 54.8914 12176.6 48.5194
12124.3 80.3793 12191.2 54.8914
12138.6 96.3093 12204.9 93.1233
12151.8 104.274 12219.3 214.191
12166.1 191.889 12233.6 247.644
12180.7 214.191 12247.6 241.272
12194.1 242.865 12261.9 239.679
12208.2 203.04 12275.9 206.226
12222.8 241.272 12289.9 217.377
12236.2 239.679 12304.9 215.784
12250.5 250.83 12317.1 273.132
12265.4 316.143 12331.4 349.595
12278 352.781 12346.3 311.364
12291.7 391.013 12360.4 357.56
12306.3 333.665 12373.2 341.63
12320.9 446.768 12387.8 348.002
12334.6 457.919 12402.7 340.037
12349 413.315 12416.8 391.013
12362.4 416.501 12430.2 459.512
12375.3 470.663 12443.4 499.337
12390.5 540.755 12458.3 620.405
12405.1 563.057 12472.3 591.731
12418.8 571.022 12486.3 623.591
12432.3 575.801 12500.6 513.674
12446.9 571.022 12514.1 588.545
12460.3 550.313 12528.1 657.043
12474.6 623.591 12543 663.415
12488.1 704.833 12556.7 819.529
12502.7 719.17 12570.2 868.912
12516.1 762.181 12583 802.006
12529.6 766.96 12598.2 758.995
12545 795.634 12612.6 763.774
12558.2 781.297 12626.6 792.448
12572.8 840.238 12640 865.726
12586.3 851.389 12654.9 875.284
12601.2 892.807 12668.7 934.225
12614.9 954.934 12682.4 1001.13
12628.6 1042.55 12697.3 954.934
12642.1 1045.73 12711.1 975.642
12656.1 1052.11 12725.7 942.19
12670.4 1072.82 12739.4 924.667
12684.2 1090.34 12753.5 959.713
12699.1 1111.05 12766.9 1066.44
12713.1 1185.92 12781.8 1088.75
12726.6 1240.08 12796.2 1165.21
12740.3 1222.56 12809.6 1165.21
12753.8 1275.13 12823.1 1146.09
12767.8 1297.43 12838 1147.69
12782.1 1330.88 12851.7 1149.28
12796.5 1334.07 12865.5 1230.52
12810.5 1378.67 12880.1 1254.42
12824.2 1404.16 12893.5 1348.4
12838.9 1420.09 12908.7 1334.07
12852.6 1405.75 12921.3 1334.07
12865.5 1421.68 12935.9 1367.52
12880.4 1510.89 12950 1415.31
12894.7 1574.61 12964 1477.44
12907.3 1603.28 12978 1479.03
12922.5 1625.58 12992.1 1501.33
12935.6 1620.81 13005.8 1518.85
12951.7 1614.43 13020.2 1579.39
12964.6 1702.05 13034.2 1647.89
12979.2 1741.87 13048.2 1631.96
12992.1 1775.33 13062.6 1668.6
13005.8 1913.92 13076.6 1667
13020.2 1890.02 13090.7 1780.1
13034.8 1928.25 13103.8 1831.08
13049.1 1979.23 13118.7 1853.38
13062.6 1979.23 13134 1872.5
13076.3 1977.64 13146.5 1850.2
13090.4 2039.76 13159.7 1837.45
13104.7 2124.19 13174.3 1893.21
13118.4 2219.77 13189.5 1984.01
13132.8 2230.92 13203.6 2039.76
13146.8 2256.41 13216.5 2054.1
13160.3 2265.97 13230.8 2095.52
13173.1 2237.29 13244.8 2054.1
13188.1 2235.7 13259.2 2076.4
13202.1 2294.64 13272.6 2128.97
13215.6 2374.29 13287 2151.27
13230.5 2420.49 13301 2238.89
13243.7 2452.35 13315 2259.6
13258.3 2393.41 13330.3 2318.54
13272 2407.74 13343.4 2336.06
13286.4 2387.04 13357.8 2449.16
13301 2484.21 13370.9 2447.57
13314.5 2552.71 13385.9 2485.8
13328.5 2641.91 13399.6 2444.38
13342.3 2633.95 13413.4 2530.41
13356 2683.33 13427.1 2621.21
13369.8 2648.29 13442.3 2704.04
13385 2691.3 13455.5 2742.27
13398.2 2750.24 13470.1 2739.09
13411.9 2845.82 13484.2 2766.17
13427.1 2909.54 13497.7 2793.25
13439.4 3011.49 13511.4 2839.45
13455.2 3032.2 13526.4 2872.9
13467.2 3054.5 13539.5 2962.11
13482.7 3092.73 13554.7 2984.41
13496.5 3029.01 13568.5 2966.89
13510.3 3135.74 13581.7 3016.27
13524.3 3202.65 13596.3 3081.58
13538.6 3346.02 13609.5 3151.67
13552.4 3385.84 13624.7 3189.91
13565.9 3446.38 13638.5 3188.31
13579.9 3331.68 13652.8 3216.99
13594.5 3339.65 13666.6 3240.88
13607.7 3401.77 13680.9 3263.18
13622.6 3401.77 13695.6 3306.19
13636.1 3546.74 13708.7 3331.68
13649.9 3597.71 13723.4 3428.85
13664.5 3577 13736.2 3443.19
13678.3 3581.78 13750.3 3463.9
13691.2 3532.4 13765.2 3556.29
13706.4 3580.19 13779.9 3584.97
13719.8 3656.65 13793.3 3653.47
13734.8 3764.98 13807.1 3591.34
13747.1 3784.09 13821.1 3706.04
13762 3847.81 13835.5 3686.92
13775.8 3873.3 13849.6 3807.99
13791 3919.5 13864.2 3868.52
13803.3 3935.43 13877.7 3927.46
13818.5 3943.39 13892.3 3976.84
13832.6 4038.97 13906.4 4013.48
13846.9 4099.51 13920.7 4077.2
13860.7 4234.91 13935.4 4109.06
13873.3 4328.9 13948.8 4128.18
13888.5 4348.01 13963.5 4203.05
13902.3 4410.14 13978.4 4289.07
13916.6 4378.28 13992.2 4276.33
13930.1 4411.73 14000.4 4446.78
13943.8 4478.64 13985.7 4494.57
13958.5 4572.62 13972.2 4526.43
