7014.16 -1362.87 7027.06 -1332.61
7003.02 -1369.25 7041.72 -1343.76
6999.8 -1345.35 7055.79 -1393.14
7010.06 -1324.64 7069.57 -1405.88
7024.13 -1381.99 7082.76 -1378.8
7038.49 -1383.58 7097.12 -1440.93
7052.86 -1337.39 7111.19 -1329.42
7067.22 -1372.43 7125.85 -1385.18
7080.71 -1288 7140.21 -1332.61
7094.78 -1334.2 7153.4 -1364.47
7109.14 -1358.09 7167.46 -1323.05
7123.21 -1327.83 7181.24 -1366.06
7137.57 -1313.49 7195.6 -1369.25
7151.05 -1364.47 7209.96 -1342.17
7164.83 -1362.87 7223.73 -1358.09
7179.19 -1351.72 7237.79 -1321.46
7193.55 -1311.9 7251.57 -1372.43
7207.32 -1327.83 7266.51 -1348.54
7221.68 -1393.14 7279.69 -1383.58
7235.45 -1335.79 7293.76 -1342.17
7249.81 -1351.72 7306.94 -1356.5
7263.87 -1311.9 7322.17 -1370.84
7277.06 -1372.43 7335.36 -1338.98
7291.12 -1342.17 7349.71 -1343.76
7304.89 -1370.84 7364.36 -1377.21
7318.95 -1353.32 7377.25 -1350.13
7333.01 -1327.83 7391.6 -1394.73
7348.25 -1358.09 7406.24 -1343.76
7362.31 -1362.87 7420.89 -1378.8
7374.9 -1316.68 7434.07 -1362.87
7389.55 -1323.05 7448.71 -1375.62
7404.19 -1329.42 7461.01 -1354.91
7417.38 -1362.87 7475.66 -1359.69
7432.02 -1270.48 7490.3 -1358.09
7446.08 -1310.31 7503.77 -1378.8
7459.55 -1359.69 7518.7 -1348.54
7474.19 -1327.83 7531.59 -1372.43
7487.66 -1332.61 7546.81 -1375.62
7501.43 -1310.31 7559.69 -1329.42
7515.48 -1329.42 7574.92 -1385.18
7529.83 -1313.49 7588.39 -1370.84
7544.47 -1273.67 7602.15 -1362.87
7557.94 -1299.15 7616.79 -1354.91
7570.82 -1343.76 7630.84 -1358.09
7586.34 -1362.87 7645.47 -1313.49
7600.39 -1326.24 7657.77 -1321.46
7614.15 -1294.38 7672.7 -1351.72
7627.91 -1300.75 7686.16 -1329.42
7641.96 -1289.6 7701.09 -1321.46
7655.72 -1297.56 7714.55 -1342.17
7670.06 -1335.79 7728.31 -1353.32
7684.11 -1338.98 7742.36 -1311.9
7697.58 -1354.91 7756.7 -1286.41
7711.63 -1310.31 7770.45 -1324.64
7725.97 -1332.61 7785.38 -1297.56
7740.01 -1273.67 7799.13 -1327.83
7755.23 -1329.42 7812.59 -1305.53
7768.7 -1324.64 7826.93 -1324.64
7781.57 -1362.87 7840.68 -1310.31
7795.91 -1361.28 7855.02 -1327.83
7810.25 -1383.58 7869.06 -1295.97
7824 -1350.13 7882.52 -1302.34
7838.63 -1297.56 7896.86 -1299.15
7851.8 -1297.56 7910.9 -1284.82
7866.43 -1353.32 7925.82 -1288
7879.89 -1367.65 7939.27 -1300.75
7893.93 -1358.09 7952.73 -1315.08
7907.97 -1366.06 7966.77 -1332.61
7921.72 -1340.57 7981.4 -1324.64
7935.76 -1351.72 7996.02 -1324.64
7949.81 -1366.06 8009.18 -1292.78
7964.72 -1354.91 8023.81 -1353.32
7977.89 -1348.54 8038.14 -1366.06
7993.1 -1318.27 8050.72 -1334.2
8006.26 -1351.72 8065.63 -1359.69
8020.59 -1308.71 8079.38 -1337.39
8034.63 -1375.62 8093.7 -1354.91
8048.08 -1359.69 8107.45 -1388.36
8062.71 -1356.5 8121.19 -1388.36
8077.04 -1335.79 8135.52 -1372.43
8090.78 -1318.27 8149.85 -1421.81
8104.82 -1319.86 8163.88 -1393.14
8119.14 -1346.94 8177.63 -1391.55
8131.72 -1303.93 8191.07 -1396.33
8146.92 -1323.05 8205.69 -1370.84
8160.67 -1318.27 8220.02 -1381.99
8174.99 -1313.49 8234.05 -1434.56
8189.03 -1316.68 8247.5 -1399.51
8201.89 -1305.53 8262.11 -1409.07
8216.51 -1358.09 8276.73 -1401.11
8231.13 -1294.38 8290.18 -1396.33
8245.16 -1310.31 8303.92 -1380.4
8258.61 -1326.24 8318.82 -1404.29
8272.64 -1286.41 8331.39 -1385.18
8286.09 -1303.93 8345.71 -1338.98
8300.7 -1310.31 8359.16 -1413.85
8315.02 -1286.41 8374.94 -1367.65
8328.18 -1286.41 8387.8 -1391.55
8343.96 -1364.47 8402.12 -1383.58
8357.4 -1316.68 8416.15 -1338.98
8370.85 -1324.64 8431.05 -1346.94
8385.17 -1292.78 8443.62 -1324.64
8398.61 -1321.46 8458.81 -1329.42
8413.52 -1292.78 8471.96 -1338.98
8427.54 -1343.76 8485.99 -1338.98
8440.69 -1362.87 8500.01 -1335.79
8454.14 -1308.71 8514.33 -1329.42
8469.04 -1338.98 8528.65 -1326.24
8481.9 -1338.98 8542.09 -1272.07
8496.8 -1264.11 8556.11 -1310.31
8511.41 -1321.46 8571.59 -1311.9
8524.85 -1383.58 8583.86 -1319.86
8539.46 -1348.54 8598.47 -1359.69
8552.6 -1342.17 8612.49 -1319.86
8566.34 -1311.9 8627.1 -1319.86
8580.65 -1335.79 8640.54 -1270.48
8596.13 -1358.09 8654.56 -1332.61
8609.28 -1292.78 8668.29 -1329.42
8623.59 -1318.27 8682.6 -1334.2
8637.03 -1331.01 8696.62 -1323.05
8651.05 -1343.76 8710.93 -1346.94
8665.07 -1375.62 8725.53 -1340.57
8679.68 -1324.64 8738.09 -1334.2
8692.82 -1321.46 8752.4 -1319.86
8706.84 -1303.93 8767.01 -1286.41
8721.45 -1334.2 8781.03 -1323.05
8735.47 -1324.64 8795.63 -1362.87
8749.19 -1319.86 8809.65 -1350.13
8763.8 -1327.83 8823.08 -1374.02
8776.94 -1321.46 8837.09 -1348.54
8791.25 -1326.24 8851.99 -1334.2
8804.97 -1313.49 8866.3 -1356.5
8819.28 -1332.61 8878.56 -1324.64
8833.01 -1334.2 8893.45 -1377.21
8847.02 -1324.64 8907.76 -1342.17
8861.04 -1338.98 8920.9 -1393.14
8875.06 -1318.27 8935.79 -1340.57
8889.07 -1337.39 8949.8 -1307.12
8903.67 -1326.24 8964.11 -1300.75
8917.1 -1286.41 8977.25 -1323.05
8931.12 -1284.82 8991.26 -1370.84
8945.72 -1283.22 9005.57 -1305.53
8959.44 -1313.49 9019.87 -1345.35
8973.45 -1337.39 9034.17 -1346.94
8987.76 -1338.98 9047.6 -1351.72
9001.19 -1318.27 9062.2 -1331.01
9014.32 -1343.76 9075.04 -1305.53
9029.5 -1221.1 9090.51 -1307.12
9043.52 -1292.78 9103.65 -1345.35
9057.24 -1289.6 9118.54 -1313.49
9071.25 -1299.15 9131.38 -1316.68
9085.55 -1295.97 9147.14 -1318.27
9099.56 -1323.05 9160.57 -1327.83
9112.7 -1324.64 9173.12 -1260.92
9127 -1310.31 9188 -1300.75
9141.3 -1310.31 9202.6 -1295.97
9155.32 -1300.75 9215.73 -1323.05
9168.74 -1335.79 9230.32 -1343.76
9183.92 -1334.2 9244.04 -1348.54
9197.05 -1383.58 9258.05 -1327.83
9211.94 -1334.2 9271.76 -1252.96
9224.78 -1367.65 9286.65 -1262.52
9239.08 -1338.98 9300.07 -1315.08
9253.09 -1311.9 9314.08 -1302.34
9267.39 -1331.01 9327.8 -1321.46
9281.69 -1300.75 9341.8 -1326.24
9295.99 -1367.65 9356.39 -1318.27
9309.12 -1364.47 9370.98 -1305.53
9323.42 -1354.91 9384.7 -1313.49
9337.43 -1350.13 9398.7 -1305.53
9351.72 -1343.76 9411.83 -1289.6
9366.31 -1311.9 9426.42 -1340.57
9379.45 -1315.08 9440.43 -1294.38
9393.45 -1367.65 9454.73 -1359.69
9407.46 -1311.9 9467.86 -1332.61
9421.47 -1375.62 9481.86 -1321.46
9435.18 -1372.43 9497.03 -1283.22
9450.64 -1319.86 9510.46 -1260.92
9463.19 -1323.05 9525.04 -1338.98
9478.07 -1319.86 9538.46 -1300.75
9492.37 -1302.34 9552.18 -1359.69
9505.2 -1300.75 9567.06 -1354.91
9518.92 -1310.31 9580.77 -1358.09
9533.8 -1346.94 9595.65 -1308.71
9548.38 -1343.76 9608.48 -1331.01
9561.8 -1354.91 9623.65 -1335.79
9574.93 -1305.53 9637.66 -1374.02
9589.52 -1286.41 9651.37 -1305.53
9603.52 -1273.67 9665.08 -1346.94
9617.82 -1316.68 9679.66 -1348.54
9630.66 -1300.75 9693.67 -1385.18
9645.53 -1310.31 9707.96 -1346.94
9659.54 -1329.42 9720.21 -1388.36
9673.25 -1288 9735.09 -1375.62
9687.83 -1275.26 9749.97 -1380.4
9701.25 -1295.97 9763.09 -1359.69
9716.42 -1319.86 9777.39 -1337.39
9729.84 -1288 9790.81 -1361.28
9743.55 -1310.31 9805.97 -1346.94
9757.84 -1319.86 9819.68 -1361.28
9771.26 -1340.57 9833.68 -1326.24
9785.85 -1321.46 9848.27 -1381.99
9799.56 -1318.27 9861.4 -1358.09
9813.26 -1308.71 9876.27 -1340.57
9827.27 -1342.17 9889.69 -1375.62
9841.85 -1343.76 9903.98 -1364.47
9856.15 -1346.94 9917.1 -1295.97
9869.56 -1367.65 9931.98 -1318.27
9884.15 -1338.98 9946.56 -1310.31
9897.56 -1351.72 9959.69 -1367.65
9912.15 -1369.25 9973.4 -1329.42
9925.86 -1342.17 9988.27 -1326.24
9939.86 -1394.73 10002 -1313.49
9953.27 -1361.28 10015.1 -1286.41
9967.57 -1369.25 10030.3 -1300.75
9981.86 -1331.01 10043.4 -1295.97
9996.15 -1335.79 10058.3 -1342.17
10009.9 -1291.19 10072.3 -1335.79
10024.1 -1332.61 10085.7 -1326.24
10038.7 -1289.6 10100.6 -1308.71
10052.1 -1292.78 10114 -1307.12
10065.6 -1303.93 10128 -1295.97
10080.1 -1291.19 10142.6 -1260.92
10093.9 -1326.24 10156.6 -1276.85
10107.6 -1283.22 10171.1 -1259.33
10121.9 -1235.43 10184.5 -1324.64
10136.1 -1273.67 10198 -1356.5
10150.1 -1254.55 10212.6 -1315.08
10164.1 -1331.01 10226 -1288
10178.1 -1268.89 10240.8 -1257.74
10191.5 -1327.83 10255.1 -1280.04
10206.1 -1327.83 10269.1 -1256.14
10220.7 -1337.39 10282.8 -1305.53
10233.8 -1313.49 10297.1 -1388.36
10247.6 -1284.82 10310.3 -1356.5
10262.4 -1291.19 10325.1 -1311.9
10276.1 -1278.45 10338.8 -1300.75
10290.4 -1348.54 10352.3 -1329.42
10303.8 -1342.17 10366.5 -1329.42
10317.6 -1289.6 10382.3 -1342.17
10331 -1265.7 10395.1 -1374.02
10345.5 -1288 10408.8 -1359.69
10359.8 -1270.48 10423.1 -1364.47
10373.8 -1300.75 10436.8 -1372.43
10388.4 -1300.75 10451.4 -1324.64
10401.5 -1270.48 10464.5 -1310.31
10415.3 -1294.38 10478.8 -1299.15
10430.7 -1319.86 10493.7 -1370.84
10443.8 -1268.89 10507.4 -1353.32
10457.8 -1268.89 10520.8 -1353.32
10472.4 -1288 10534.8 -1358.09
10485.8 -1272.07 10549.7 -1327.83
10499.8 -1303.93 10563.1 -1329.42
10513.8 -1323.05 10576.5 -1337.39
10527.8 -1340.57 10592 -1323.05
10542.1 -1272.07 10605.4 -1372.43
10556.4 -1292.78 10619.7 -1354.91
10570.1 -1260.92 10634.3 -1337.39
10584.4 -1291.19 10647.7 -1318.27
10597.8 -1272.07 10662 -1340.57
10611.5 -1262.52 10675.4 -1323.05
10627 -1307.12 10689.7 -1281.63
10640.1 -1302.34 10703.4 -1370.84
10654.4 -1291.19 10717.4 -1280.04
10667.2 -1256.14 10732.3 -1323.05
10681.5 -1295.97 10745.1 -1319.86
10695.8 -1276.85 10759.7 -1324.64
10710.4 -1265.7 10774 -1224.28
10724.4 -1244.99 10788.3 -1203.57
10737.5 -1238.62 10801.4 -1224.28
10751.2 -1262.52 10816.6 -1174.9
10765.5 -1194.02 10830.6 -1235.43
10779.8 -1244.99 10844.9 -1166.94
10793.8 -1195.61 10857.7 -1168.53
10808.4 -1233.84 10873.4 -1187.64
10821.8 -1256.14 10886.3 -1154.19
10835.2 -1208.35 10900.6 -1087.29
10850.7 -1205.17 10914.9 -1107.99
10864.4 -1181.27 10928.9 -1152.6
10878.7 -1125.52 10942.6 -1123.92
10891.8 -1181.27 10956.6 -1122.33
10906.1 -1135.08 10969.7 -1636.87
10919.5 -1174.9 10984.6 -1571.56
10934.7 -1178.09 10997.7 -1579.52
10948.1 -1119.15 11012.3 -1584.3
10962.1 -1143.04 11026.6 -1552.44
10976.1 -1042.68 11040.9 -1566.78
10989.3 -1002.86 11054.6 -1542.88
11003.8 -1034.72 11068.9 -1512.62
11017.8 -1010.82 11082.6 -1437.74
11031.5 -1033.12 11096.9 -1458.45
11046.4 -998.078 11110.9 -1425
11060.1 -986.927 11124 -1442.52
11073.3 -1010.82 11138.9 -1423.41
11088.1 -978.962 11152.6 -1366.06
11101.9 -932.765 11166.9 -1329.42
11115.9 -940.73 11180.9 -1319.86
11130.7 -948.695 11194.6 -1259.33
11143.9 -940.73 11208.6 -1216.32
11157.6 -972.59 11223.2 -1209.95
11172.2 -929.579 11236.4 -1229.06
11185.3 -964.625 11251.2 -1214.73
11200.5 -888.162 11265.2 -1225.88
11213.9 -878.604 11279.5 -1133.48
11228.8 -843.558 11293.2 -1071.36
11242.2 -854.709 11306.7 -1079.32
11256.2 -870.639 11320.4 -1060.2
11269.9 -864.267 11335.5 -1092.06
11284.8 -873.825 11349 -1087.29
11298.8 -857.895 11363.8 -1111.18
11312.2 -821.256 11378.1 -1092.06
11325.3 -795.768 11391.3 -1031.53
11340.2 -776.652 11405.6 -1033.12
11354.5 -732.048 11419.9 -1002.86
11368.2 -784.617 11433.6 -996.485
11382.5 -730.455 11447 -996.485
11395.9 -805.326 11460.4 -1061.8
11409.4 -755.943 11476.2 -1052.24
11423.7 -746.385 11489.9 -1034.72
11438.3 -673.107 11503.9 -988.52
11451.7 -639.654 11518.8 -967.811
11465.4 -676.293 11531.7 -929.579
11480.6 -638.061 11545.7 -840.372
11494 -701.781 11560.3 -972.59
11508.6 -689.037 11573.4 -937.544
11521.1 -657.177 11586.8 -970.997
11536 -604.608 11602 -953.474
11549.2 -566.377 11616 -808.512
11563.8 -574.342 11628.6 -765.501
11577.5 -587.086 11644 -760.722
11592.1 -588.679 11658 -708.153
11605.8 -587.086 11672.9 -759.129
11619.8 -593.458 11686.3 -770.28
11634.7 -556.819 11699.8 -781.431
11647.8 -539.296 11714.1 -663.549
11662.1 -529.738 11728.1 -666.735
11675.8 -469.204 11743.3 -639.654
11690.1 -451.681 11756.7 -626.91
11703.9 -488.32 11770.4 -595.051
11717.6 -499.471 11783.8 -620.538
11732.5 -520.18 11797.9 -604.608
11746.2 -481.948 11813.6 -548.854
11760.5 -402.298 11826.2 -518.587
11773.6 -373.624 11839.9 -499.471
11787.9 -340.171 11854.8 -445.309
11802.8 -300.346 11868.8 -395.926
11816 -311.497 11882.2 -410.263
11830.6 -336.985 11897.1 -403.891
11844.3 -230.255 11910.6 -408.67
11857.7 -250.964 11924.9 -395.926
11872.6 -203.174 11938.3 -303.532
11886.6 -153.791 11952.6 -215.918
11900.3 -176.093 11966.9 -286.01
11914.9 -75.7342 11981.2 -236.627
11929.3 -145.826 11994.7 -201.581
11942.7 -101.222 12009.8 -230.255
11955.8 -86.8852 12023 -196.802
11970.1 -75.7342 12036.7 -182.465
11984.7 -26.3513 12051 -168.128
11997.9 -8.8284 12065 -110.78
12012.5 21.4385 12079.4 -77.3272
12026.5 19.8455 12092.5 -58.2112
12039.6 48.5194 12107.4 -35.9093
12054.5 -16.7934 12120.8 -5.64241
12068 -12.0144 12135.1 -45.4673
12082.6 101.088 12149.7 21.4385
12096 66.0424 12163.5 3.91556
12110.3 161.622 12177.8 126.576
12124.3 144.099 12191.5 140.913
12138.3 123.39 12205.8 140.913
12152.4 115.425 12219.3 132.948
12165.5 101.088 12233.9 121.797
12180.4 217.377 12247.9 177.552
12195 206.226 12262.8 145.692
12207.9 273.132 12275.6 204.633
12222.5 320.922 12290.3 244.458
12236.2 304.992 12303.4 281.097
12250.2 370.304 12317.7 269.946
12264.5 328.887 12331.7 250.83
12278.9 379.862 12346.6 258.795
12291.4 379.862 12360.1 244.458
12306.9 448.361 12374.4 247.644
12319.8 515.267 12388.1 341.63
12334.4 537.569 12402.4 421.28
12348.1 601.289 12415.9 453.14
12362.4 556.685 12430.8 488.186
12376.4 561.464 12444.5 489.779
12389.6 582.173 12457.1 451.547
12404.5 644.299 12472.6 429.245
12417.9 728.728 12486 465.884
12431.7 735.1 12500.9 585.359
12446.6 774.925 12514.4 708.019
12460.3 739.879 12529.6 738.286
12474 725.542 12542.7 720.763
12488.1 731.914 12557 706.426
12502.4 758.995 12570.5 645.893
12515.5 851.389 12585.1 730.321
12530.4 856.168 12598.8 768.553
12544.2 923.074 12612.9 841.831
12558.2 867.319 12627.2 956.526
12571.9 862.54 12640.3 939.004
12586 900.772 12654.9 956.526
12600 886.435 12668.7 942.19
12614.6 977.235 12683.3 911.923
12628.1 978.828 12697.3 892.807
12642.7 1077.59 12711.4 986.793
12655.8 1085.56 12725.7 1039.36
12670.1 1080.78 12739.1 1120.61
12684.2 1095.12 12752.9 1222.56
12698.5 1023.43 12767.5 1142.91
12712.8 1107.86 12781.2 1107.86
12726.3 1095.12 12795.9 1037.77
12740.3 1233.71 12809.6 1087.15
12754.1 1299.02 12823.6 1136.53
12767.8 1345.22 12837.7 1211.41
12781.5 1356.37 12852.6 1345.22
12795.9 1227.34 12865.2 1338.85
12811.1 1251.23 12880.4 1350
12823.9 1297.43 12894.1 1276.72
12838.5 1415.31 12907.3 1251.23
12851.7 1483.81 12921 1356.37
12866.3 1525.23 12936.5 1388.23
12880.7 1550.71 12950 1533.19
12894.1 1499.74 12964.6 1557.09
12908.7 1502.92 12978.3 1592.13
12921.9 1455.13 12992.4 1577.79
12935.6 1534.78 13005.8 1490.18
12950.3 1647.89 13020.2 1510.89
12964.6 1748.24 13034.5 1488.59
12978.3 1791.26 13048.8 1623.99
12992.4 1800.81 13061.7 1694.08
13006.1 1762.58 13076.3 1842.23
13020.2 1751.43 13090.1 1840.64
13034.2 1725.94 13104.4 1762.58
13048.2 1792.85 13118.7 1754.62
13062.9 1921.88 13132.8 1659.04
13075.7 2093.92 13146.8 1748.24
13090.4 2191.1 13160.9 1843.82
13104.4 2164.02 13174.6 1960.11
13118.7 2176.76 13189 2093.92
13132.2 2105.08 13202.1 2041.36
13145.9 2183.13 13216.5 2041.36
13160.6 2269.15 13230.5 1958.52
13174 2412.52 13245.4 2015.87
13189 2506.51 13258.9 2085.96
13202.1 2568.64 13272.6 2167.2
13216.7 2575.01 13287.5 2281.9
13230.2 2508.1 13301 2307.39
13244.5 2576.6 13315 2418.9
13257.7 2559.08 13330 2356.77
13272.6 2643.51 13343.4 2366.33
13286.7 2715.19 13357.5 2396.59
13300.7 2688.11 13371.5 2377.48
13314.5 2764.58 13385.6 2453.94
13328.2 2750.24 13399.9 2573.42
13342.6 2777.32 13413.4 2704.04
13356.3 2764.58 13427.7 2724.75
13370.4 2770.95 13441.8 2702.45
13383.5 2849 13455.2 2700.86
13398.2 2876.09 13469.6 2678.55
13412.5 2909.54 13483.9 2791.66
13426.8 2907.95 13498 2879.27
13440 2893.61 13511.4 2933.43
13454.1 2887.24 13526.9 3011.49
13468.4 2880.86 13540.1 2958.92
13481.6 3103.88 13553.6 2970.07
13496.5 3175.57 13567.6 3014.68
13510.6 3212.21 13582 3089.55
13524.3 3204.24 13596.3 3113.44
13538.3 3111.85 13610.6 3169.2
13552.7 3150.08 13624.4 3175.57
13566.2 3242.47 13638.8 3166.01
13580.8 3441.6 13652.8 3189.91
13594.5 3506.91 13666 3240.88
13608.6 3626.39 13681.8 3301.42
13622.4 3626.39 13695.3 3334.87
13636.1 3537.18 13709.3 3363.54
13649.6 3577 13723.1 3420.89
13663.9 3487.8 13737.1 3379.47
13679.1 3599.3 13750.3 3396.99
13693.2 3680.55 13765.2 3436.82
13706.4 3863.74 13779.3 3492.57
13719.6 3991.18 13793.3 3599.3
13733.6 3975.25 13806.8 3637.54
13748.3 3943.39 13822.3 3787.28
13762.6 3792.06 13835.8 3811.17
13776.6 3766.57 13849 3792.06
13790.1 3777.72 13863.3 3793.65
13804.2 3970.47 13877.7 3771.35
13817.6 4168 13891.4 3828.7
13832.3 4284.29 13906.4 3973.66
13846 4392.62 13920.1 4140.92
13860.1 4231.72 13934.8 4265.18
13873.6 4144.11 13948.2 4257.21
13887.6 4077.2 13962.6 4241.28
13902.8 4174.38 13978.7 4190.31
13916.3 4335.27 13992.2 4177.56
13930.4 4524.83 14000.6 4231.72
13943.8 4696.88 13986.6 4338.45
13958.8 4695.29 13971.4 4464.3
