7014.16 -1439.34 7027.06 -1386.77
7003.61 -1361.28 7041.13 -1417.04
7000.09 -1386.77 7055.79 -1444.12
7010.35 -1389.95 7069.86 -1405.88
7023.25 -1412.26 7083.34 -1440.93
7038.79 -1407.48 7098 -1412.26
7052.57 -1375.62 7111.19 -1421.81
7065.17 -1417.04 7125.55 -1405.88
7081.59 -1386.77 7140.5 -1402.7
7094.48 -1396.33 7152.81 -1380.4
7109.43 -1393.14 7167.76 -1420.22
7123.5 -1410.66 7181.24 -1420.22
7137.28 -1417.04 7195.3 -1407.48
7150.76 -1452.08 7209.96 -1409.07
7164.83 -1410.66 7223.14 -1393.14
7179.19 -1413.85 7237.79 -1420.22
7193.55 -1393.14 7251.86 -1391.55
7207.61 -1412.26 7265.92 -1415.44
7221.38 -1409.07 7279.69 -1428.19
7235.74 -1407.48 7293.76 -1439.34
7249.22 -1405.88 7308.11 -1421.81
7263.58 -1423.41 7321.3 -1397.92
7277.35 -1372.43 7336.82 -1445.71
7291.41 -1362.87 7350.88 -1437.74
7305.48 -1364.47 7364.36 -1417.04
7318.95 -1378.8 7377.25 -1456.86
7333.01 -1402.7 7391.31 -1455.27
7348.54 -1396.33 7405.66 -1456.86
7361.43 -1386.77 7420.01 -1404.29
7374.9 -1423.41 7435.24 -1448.9
7390.43 -1396.33 7448.13 -1434.56
7403.9 -1404.29 7462.18 -1477.57
7417.96 -1388.36 7475.36 -1431.37
7431.73 -1399.51 7490.01 -1452.08
7446.08 -1374.02 7504.94 -1399.51
7460.13 -1436.15 7518.7 -1447.3
7473.61 -1431.37 7531.88 -1432.97
7487.95 -1378.8 7546.23 -1436.15
7502.3 -1397.92 7561.16 -1455.27
7515.77 -1415.44 7573.75 -1466.42
7530.71 -1393.14 7589.27 -1447.3
7544.47 -1362.87 7601.56 -1401.11
7557.94 -1431.37 7615.61 -1447.3
7571.99 -1393.14 7631.42 -1401.11
7586.34 -1429.78 7644.3 -1405.88
7599.51 -1396.33 7658.65 -1423.41
7613.86 -1381.99 7672.11 -1401.11
7628.2 -1396.33 7687.04 -1432.97
7642.55 -1380.4 7700.5 -1448.9
7656.3 -1413.85 7714.85 -1420.22
7670.35 -1335.79 7728.6 -1409.07
7684.4 -1354.91 7742.94 -1381.99
7698.45 -1385.18 7756.99 -1405.88
7711.92 -1415.44 7771.33 -1415.44
7725.67 -1421.81 7783.91 -1440.93
7740.6 -1389.95 7799.42 -1428.19
7753.77 -1409.07 7812.59 -1480.76
7768.7 -1428.19 7826.93 -1432.97
7782.74 -1418.63 7840.68 -1388.36
7796.5 -1412.26 7854.73 -1394.73
7810.25 -1359.69 7869.35 -1412.26
7824 -1426.59 7882.52 -1434.56
7839.22 -1378.8 7897.15 -1440.93
7852.38 -1428.19 7911.19 -1448.9
7866.14 -1409.07 7925.53 -1428.19
7879.89 -1372.43 7939.27 -1412.26
7893.93 -1439.34 7953.9 -1380.4
7907.97 -1407.48 7967.36 -1396.33
7921.43 -1421.81 7981.4 -1394.73
7936.35 -1420.22 7996.02 -1417.04
7950.68 -1423.41 8009.18 -1432.97
7963.85 -1389.95 8023.81 -1460.05
7978.18 -1370.84 8036.38 -1431.37
7992.51 -1407.48 8051.01 -1397.92
8006.55 -1450.49 8065.05 -1405.88
8020.59 -1404.29 8079.38 -1409.07
8034.92 -1456.86 8093.12 -1461.64
8048.08 -1417.04 8106.86 -1432.97
8061.83 -1345.35 8121.78 -1469.6
8076.74 -1343.76 8135.52 -1432.97
8090.78 -1361.28 8150.43 -1431.37
8105.11 -1388.36 8164.18 -1412.26
8119.14 -1397.92 8178.21 -1410.66
8132.31 -1431.37 8191.95 -1409.07
8147.22 -1428.19 8206.28 -1434.56
8160.67 -1447.3 8220.02 -1429.78
8174.41 -1399.51 8233.47 -1436.15
8188.74 -1364.47 8247.79 -1437.74
8201.89 -1415.44 8261.82 -1445.71
8216.51 -1405.88 8276.15 -1409.07
8230.84 -1391.55 8289.89 -1423.41
8244.87 -1381.99 8304.21 -1421.81
8258.61 -1401.11 8318.24 -1472.79
8273.81 -1447.3 8332.85 -1461.64
8286.67 -1367.65 8345.71 -1432.97
8301.28 -1380.4 8359.74 -1475.98
8314.44 -1383.58 8373.48 -1412.26
8328.18 -1407.48 8388.38 -1380.4
8342.5 -1423.41 8402.12 -1447.3
8357.11 -1436.15 8415.86 -1469.6
8370.56 -1474.38 8431.64 -1464.83
8384.58 -1453.67 8443.91 -1437.74
8399.49 -1342.17 8458.23 -1418.63
8412.64 -1367.65 8472.25 -1413.85
8426.67 -1432.97 8485.99 -1442.52
8440.11 -1407.48 8500.3 -1458.45
8454.72 -1421.81 8513.75 -1423.41
8469.04 -1475.98 8527.77 -1425
8483.07 -1429.78 8541.79 -1437.74
8496.21 -1434.56 8556.69 -1448.9
8510.82 -1429.78 8569.84 -1474.38
8525.43 -1394.73 8584.16 -1475.98
8538.58 -1402.7 8598.47 -1437.74
8554.06 -1423.41 8613.08 -1431.37
8567.8 -1381.99 8627.1 -1378.8
8580.36 -1437.74 8640.54 -1436.15
8595.26 -1426.59 8654.85 -1453.67
8608.99 -1391.55 8669.16 -1458.45
8622.72 -1405.88 8683.18 -1436.15
8636.16 -1431.37 8696.04 -1428.19
8651.64 -1425 8710.64 -1460.05
8664.78 -1404.29 8724.95 -1447.3
8679.68 -1409.07 8739.55 -1389.95
8693.99 -1394.73 8752.99 -1466.42
8706.55 -1405.88 8766.72 -1425
8721.45 -1397.92 8780.73 -1456.86
8734.59 -1405.88 8795.04 -1444.12
8748.9 -1378.8 8809.65 -1388.36
8763.21 -1456.86 8823.37 -1415.44
8777.23 -1399.51 8836.51 -1482.35
8790.95 -1409.07 8851.11 -1402.7
8805.27 -1417.04 8865.42 -1426.59
8818.99 -1372.43 8878.56 -1393.14
8833.3 -1415.44 8892.87 -1480.76
8847.02 -1409.07 8907.76 -1409.07
8861.33 -1429.78 8920.9 -1437.74
8875.64 -1380.4 8935.5 -1445.71
8888.78 -1428.19 8949.51 -1432.97
8902.8 -1410.66 8963.82 -1420.22
8917.1 -1380.4 8977.54 -1431.37
8931.7 -1407.48 8991.55 -1426.59
8945.42 -1381.99 9005.57 -1439.34
8959.44 -1409.07 9019.87 -1460.05
8972.58 -1432.97 9033.3 -1455.27
8987.47 -1397.92 9047.9 -1468.01
9001.48 -1431.37 9061.32 -1445.71
9015.49 -1423.41 9075.63 -1437.74
9029.5 -1397.92 9089.93 -1404.29
9042.93 -1318.27 9103.65 -1439.34
9057.24 -1377.21 9117.66 -1447.3
9071.54 -1402.7 9131.38 -1477.57
9085.55 -1425 9145.1 -1452.08
9099.27 -1436.15 9159.98 -1456.86
9112.99 -1453.67 9173.7 -1439.34
9126.71 -1389.95 9187.71 -1468.01
9141.89 -1391.55 9202.3 -1460.05
9155.32 -1396.33 9214.85 -1453.67
9169.33 -1440.93 9230.61 -1487.13
9183.04 -1469.6 9244.04 -1434.56
9197.34 -1405.88 9259.22 -1437.74
9211.35 -1442.52 9272.35 -1396.33
9225.07 -1442.52 9286.36 -1426.59
9239.08 -1415.44 9300.66 -1407.48
9253.96 -1417.04 9314.66 -1445.71
9267.68 -1389.95 9327.21 -1482.35
9281.1 -1399.51 9341.22 -1493.5
9295.11 -1429.78 9355.52 -1496.69
9308.53 -1442.52 9370.4 -1464.83
9322.83 -1456.86 9384.12 -1429.78
9338.3 -1404.29 9398.41 -1456.86
9351.72 -1437.74 9412.13 -1402.7
9365.44 -1429.78 9426.72 -1447.3
9379.45 -1393.14 9441.01 -1487.13
9393.45 -1396.33 9455.02 -1509.43
9407.17 -1417.04 9468.73 -1432.97
9421.47 -1409.07 9482.44 -1447.3
9436.06 -1429.78 9496.45 -1439.34
9448.89 -1409.07 9510.46 -1434.56
9463.77 -1453.67 9524.75 -1447.3
9476.9 -1364.47 9539.63 -1464.83
9491.78 -1429.78 9553.64 -1479.16
9505.2 -1410.66 9565.89 -1487.13
9518.63 -1399.51 9581.06 -1456.86
9533.5 -1410.66 9595.36 -1437.74
9546.92 -1450.49 9608.19 -1466.42
9561.8 -1456.86 9623.07 -1413.85
9575.52 -1426.59 9637.66 -1440.93
9589.52 -1409.07 9651.37 -1460.05
9603.23 -1421.81 9664.79 -1468.01
9617.82 -1431.37 9678.5 -1455.27
9631.82 -1432.97 9693.38 -1463.23
9645.53 -1378.8 9707.96 -1469.6
9658.66 -1402.7 9720.8 -1437.74
9673.83 -1425 9734.8 -1479.16
9686.96 -1394.73 9749.09 -1468.01
9702.13 -1458.45 9763.39 -1468.01
9715.25 -1432.97 9777.39 -1483.94
9729.84 -1448.9 9791.68 -1520.58
9743.55 -1361.28 9805.1 -1488.72
9757.55 -1394.73 9819.1 -1434.56
9772.14 -1393.14 9833.39 -1445.71
9786.14 -1425 9847.69 -1475.98
9799.56 -1436.15 9861.1 -1483.94
9813.85 -1412.26 9876.27 -1474.38
9827.56 -1450.49 9889.4 -1464.83
9841.85 -1374.02 9903.69 -1448.9
9854.98 -1377.21 9918.86 -1456.86
9869.85 -1372.43 9930.81 -1477.57
9884.15 -1383.58 9945.69 -1450.49
9897.27 -1425 9959.69 -1525.36
9911.56 -1480.76 9974.27 -1423.41
9926.44 -1460.05 9987.69 -1472.79
9939.86 -1421.81 10001.7 -1474.38
9952.69 -1345.35 10016.3 -1434.56
9967.57 -1432.97 10030.3 -1428.19
9982.44 -1374.02 10043.7 -1434.56
9994.98 -1426.59 10058.6 -1480.76
10009.9 -1444.12 10072 -1483.94
10023.9 -1442.52 10086 -1485.53
10037.3 -1447.3 10100.6 -1495.09
10051 -1412.26 10114 -1464.83
10066.1 -1374.02 10128.3 -1420.22
10079.3 -1356.5 10142.6 -1431.37
10093.6 -1396.33 10156.6 -1440.93
10108.1 -1450.49 10170.3 -1471.2
10121.9 -1455.27 10184.5 -1469.6
10135.3 -1464.83 10198.5 -1493.5
10150.1 -1474.38 10212.6 -1472.79
10164.1 -1434.56 10226 -1448.9
10177.8 -1388.36 10240 -1413.85
10191.3 -1385.18 10254 -1396.33
10205.8 -1370.84 10268 -1469.6
10220.7 -1442.52 10283.1 -1517.39
10233.8 -1461.64 10297.4 -1530.14
10247.8 -1450.49 10310 -1507.84
10261.8 -1436.15 10325.7 -1460.05
10276.1 -1385.18 10339.4 -1453.67
10290.1 -1343.76 10352.5 -1415.44
10303.8 -1356.5 10367.1 -1434.56
10318.7 -1417.04 10380.3 -1493.5
10332.1 -1471.2 10395.4 -1530.14
10345.8 -1444.12 10408.5 -1506.24
10359.8 -1475.98 10422.8 -1503.06
10373.5 -1380.4 10437.4 -1464.83
10387.3 -1345.35 10450.8 -1439.34
10403 -1425 10465.4 -1428.19
10416.4 -1405.88 10479.1 -1493.5
10429.8 -1453.67 10492.8 -1518.99
10443.5 -1464.83 10507.4 -1522.17
10458.1 -1472.79 10521.4 -1539.7
10472.1 -1409.07 10536 -1458.45
10486.4 -1396.33 10549.4 -1440.93
10499.5 -1420.22 10563.1 -1425
10513.2 -1334.2 10577.7 -1410.66
10527.8 -1434.56 10591.1 -1499.87
10542.4 -1471.2 10605.4 -1448.9
10555.8 -1450.49 10619.4 -1477.57
10570.4 -1456.86 10632.8 -1503.06
10583.5 -1375.62 10647.7 -1463.23
10597.5 -1381.99 10661.1 -1366.06
10612.1 -1316.68 10676 -1353.32
10626.4 -1346.94 10690.3 -1426.59
10639.2 -1358.09 10703.7 -1434.56
10654.7 -1450.49 10717.7 -1423.41
10667.5 -1452.08 10731.7 -1432.97
10681.5 -1401.11 10746.3 -1405.88
10696.1 -1361.28 10759.7 -1383.58
10710.4 -1289.6 10775.4 -1380.4
10723.5 -1289.6 10787.7 -1343.76
10738.4 -1281.63 10802 -1353.32
10751.5 -1383.58 10816 -1369.25
10767 -1391.55 10830.3 -1361.28
10779.5 -1409.07 10844 -1374.02
10794.1 -1337.39 10857.4 -1346.94
10807.5 -1310.31 10872 -1329.42
10821.5 -1240.21 10887.4 -1332.61
10835.8 -1227.47 10899.7 -1337.39
10849.8 -1259.33 10914.6 -1315.08
10864.1 -1334.2 10928.6 -1316.68
10878.1 -1353.32 10942 -1276.85
10891.8 -1369.25 10956.3 -1237.03
10906.4 -1324.64 10970 -1225.88
10920.4 -1240.21 10984.9 -1244.99
10934.1 -1203.57 10998.3 -1276.85
10948.1 -1174.9 11013.8 -1201.98
10962.4 -1229.06 11026.3 -1249.77
10975.3 -1273.67 11040.9 -1165.34
10989.8 -1334.2 11054.3 -1179.68
11004.4 -1316.68 11068.9 -1101.62
11018.1 -1201.98 11082 -1127.11
11032.1 -1179.68 11096.3 -1163.75
11046.4 -1119.15 11110.6 -1151.01
11059.5 -1136.67 11124.9 -1152.6
11074.1 -1168.53 11139.2 -1084.1
11088.1 -1178.09 11152.3 -1069.76
11103 -1192.42 11167.8 -1050.65
11116.1 -1141.45 11180.6 -1055.43
11130.1 -1133.48 11194.9 -1074.54
11144.4 -1064.98 11208.3 -1074.54
11158.5 -1031.53 11223.8 -1058.61
11172.7 -1064.98 11236.9 -1045.87
11185.9 -1052.24 11251.2 -1063.39
11200.2 -1074.54 11264.4 -1009.23
11213.9 -1123.92 11279.5 -934.358
11227.9 -1084.1 11293.8 -985.334
11242.5 -1028.35 11307 -924.801
11256.2 -935.951 11321.3 -972.59
11270.2 -1006.04 11335.3 -991.706
11284.5 -955.067 11349.3 -993.299
11298.2 -1039.5 11363 -951.881
11312.5 -1034.72 11378.1 -867.453
11326.2 -1029.94 11391.3 -854.709
11341.1 -963.032 11405.6 -819.663
11354.8 -845.151 11419.6 -873.825
11367.6 -880.197 11434.2 -923.207
11382.5 -915.242 11447.9 -908.871
11395.9 -921.614 11461.6 -920.021
11409.7 -924.801 11476.2 -783.024
11424.5 -916.836 11490.5 -797.361
11438 -851.523 11503.6 -728.862
11451.7 -822.849 11517.6 -743.199
11466.3 -790.989 11531.1 -784.617
11479.7 -776.652 11546.3 -778.245
11495.5 -810.105 11560 -837.186
11507.4 -853.116 11573.4 -733.641
11522.3 -797.361 11587.7 -732.048
11537.2 -810.105 11601.7 -657.177
11549.2 -736.827 11616.6 -622.131
11564.9 -685.851 11629.4 -706.56
11578.1 -615.759 11643.7 -674.7
11592.1 -658.77 11658.6 -727.269
11605.8 -698.595 11672 -727.269
11619.8 -722.49 11686 -722.49
11634.4 -775.059 11700.4 -661.956
11649 -650.805 11714.1 -614.166
11661.5 -606.201 11727.2 -575.935
11676.4 -473.983 11742.4 -501.064
11690.7 -523.366 11757.3 -534.517
11703.9 -558.412 11769.8 -560.005
11717.6 -588.679 11784.7 -531.331
11732.5 -684.258 11798.4 -556.819
11745.9 -590.272 11812.2 -485.134
11759 -512.215 11826.2 -454.867
11774.5 -381.589 11840.2 -413.449
11788.2 -368.845 11854.5 -367.252
11802.5 -403.891 11869.7 -381.589
11816.5 -402.298 11882.2 -352.915
11830.9 -512.215 11897.1 -392.74
11844.3 -450.088 11911.1 -340.171
11858 -427.786 11924.9 -411.856
11872.6 -319.462 11938.6 -327.427
11885.5 -215.918 11952.3 -268.487
11900.1 -250.964 11966.9 -231.848
11913.8 -204.767 11980.4 -206.36
11928.1 -282.824 11994.9 -204.767
11943.5 -333.799 12009.6 -249.371
11956.7 -317.869 12023 -265.301
11970.7 -293.974 12036.4 -247.778
11983.9 -166.535 12051.3 -266.894
11998.5 -90.0711 12065 -174.5
12011.9 -16.7934 12079.1 -94.8501
12026.5 -98.0361 12092.8 -121.931
12039.9 -192.023 12106.8 -115.559
12053.9 -203.174 12121.4 -94.8501
12068.5 -179.279 12134.8 -115.559
12081.7 -126.71 12150.3 -112.373
12096.6 7.10155 12163.5 -53.4323
12110.9 45.3334 12177.5 -5.64241
12123.7 13.4735 12192.4 19.8455
12138 -40.6883 12206.1 50.1124
12152.4 -62.9902 12219.3 48.5194
12166.4 -77.3272 12234.1 89.9373
12179.2 30.9965 12247.3 61.2634
12194.4 77.1933 12262.5 40.5544
12208.2 160.029 12275.6 126.576
12222.5 167.994 12289.4 139.32
12235.6 169.587 12304.3 214.191
12250.2 182.331 12318.3 314.55
12263.9 188.703 12331.4 276.318
12277.7 249.237 12346.6 298.62
12292.6 354.374 12361 268.353
12306.6 408.536 12373.2 297.027
12320.3 477.035 12388.4 354.374
12333.8 449.954 12402.4 394.199
12348.4 470.663 12416.2 387.827
12362.1 395.792 12430.2 416.501
12376.4 440.396 12443.9 454.733
12390.8 526.418 12459.1 437.21
12404.8 580.58 12472.3 494.558
12418.8 665.008 12486.3 492.965
12432.3 680.938 12500.9 531.197
12446 636.334 12514.4 567.836
12460.9 566.243 12528.7 586.952
12474 526.418 12542.1 596.51
12488.4 641.113 12556.5 623.591
12501.8 700.054 12570.5 650.671
12517 789.262 12585.1 665.008
12529.9 845.017 12598.8 723.949
12544.2 830.68 12612.6 803.599
12557.9 760.588 12626.9 802.006
12571.9 735.1 12640.6 843.424
12586.9 782.89 12655.8 778.111
12599.4 797.227 12669 743.065
12613.7 927.853 12683 773.332
12627.8 1050.51 12697.6 787.669
12643 1050.51 12711.4 966.084
12656.4 1023.43 12725.1 1007.5
12669.9 996.351 12739.4 1021.84
12684.2 994.758 12753.2 1017.06
12697.9 1020.25 12766 967.677
12712 1112.64 12780.4 1029.8
12725.7 1222.56 12795.6 1036.18
12740 1292.65 12809.3 1136.53
12754.4 1265.57 12823.9 1150.87
12768.7 1236.89 12837.7 1200.25
12782.1 1263.97 12851.7 1256.01
12797.3 1271.94 12865.2 1208.22
12810.2 1361.15 12880.1 1246.45
12823.9 1436.02 12894.4 1179.55
12838.5 1474.25 12907.6 1256.01
12852.3 1557.09 12921.6 1359.55
12866.3 1512.48 12935.9 1415.31
12879.8 1491.77 12949.7 1512.48
12894.7 1463.1 12963.4 1451.95
12909 1488.59 12978 1469.47
12922.8 1631.96 12992.1 1424.87
12936.2 1641.51 13006.4 1472.66
12950.5 1732.32 13020.5 1526.82
12964 1686.12 13034.2 1608.06
12977.8 1714.79 13048.5 1756.21
12992.7 1711.61 13061.4 1689.3
13006.7 1652.67 13076 1708.42
13020.2 1745.06 13090.4 1722.76
13034.8 1815.15 13104.4 1700.46
13048 1912.32 13118.7 1738.69
13061.7 2004.72 13131.9 1799.22
13076.3 2062.06 13147.4 1936.22
13090.7 2103.48 13160.9 1945.78
13103.8 1982.42 13174.3 2028.61
13118.1 2060.47 13188.7 2068.44
13131.9 2025.43 13202.7 2033.39
13146.8 2187.91 13215.9 1996.75
13159.4 2262.78 13232.3 1890.02
13174.3 2361.55 13244.8 2019.05
13188.4 2422.08 13258.6 2128.97
13202.7 2393.41 13272.9 2229.33
13216.2 2383.85 13286.7 2304.2
13230.5 2390.22 13301.3 2304.2
13245.4 2471.46 13315 2259.6
13257.7 2533.59 13329.7 2114.63
13272.6 2586.16 13343.7 2189.5
13286.4 2673.77 13357.5 2337.65
13300.4 2670.59 13371.2 2441.2
13313.6 2654.66 13385.9 2595.72
13328.5 2635.54 13401.1 2554.3
13342.6 2575.01 13412.2 2624.39
13356.6 2630.76 13427.1 2547.93
13369.5 2637.14 13441.8 2565.45
13383.8 2810.77 13456.4 2630.76
13398.2 2863.34 13470.1 2681.74
13411.6 2912.72 13484.2 2853.78
13426 2922.28 13498 2907.95
13440.6 2821.92 13512.9 2931.84
13453.8 2887.24 13526.4 2915.91
13468.1 2829.89 13539.5 2893.61
13483.6 2986 13554.2 2869.71
13496.2 3143.71 13567.3 2906.35
13510.3 3237.7 13582 3049.72
13524.3 3366.73 13596.9 3146.89
13538.1 3301.42 13610.6 3258.4
13552.4 3346.02 13624.4 3213.8
13566.2 3232.92 13638.5 3180.35
13581.1 3303.01 13652.8 3178.75
13594 3318.94 13666.9 3083.17
13608 3516.47 13681.2 3266.37
13622.4 3761.79 13694.7 3411.33
13636.1 3843.03 13708.4 3514.88
13650.2 3908.35 13722.8 3599.3
13664.5 3685.33 13736.8 3521.25
13678.3 3592.93 13751.5 3516.47
13691.2 3573.82 13765.5 3470.27
13707 3621.61 13779.3 3540.36
13720.1 3876.49 13793.6 3627.98
13734.5 4043.75 13807.4 3721.97
13747.9 4215.79 13821.7 3876.49
13763.2 4120.21 13836.4 3860.56
13775.8 4048.53 13848.4 3935.43
13790.1 3927.46 13863.6 3849.41
13804.2 3855.78 13878.3 3882.86
13818.2 3995.96 13892 3903.57
13831.4 4190.31 13906.7 3999.15
13846.6 4292.26 13920.1 4171.19
13860.4 4427.66 13935.1 4188.71
13874.1 4419.7 13949.1 4220.57
13888.2 4365.54 13963.8 4156.85
13902.5 4320.93 13979.3 4153.67
13916.6 4325.71 13992.5 4171.19
13930.4 4359.16 14000.4 4287.48
13944.1 4543.95 13985.4 4477.04
13958.5 4698.47 13972.8 4571.03
