7014.16 -872.232 7027.35 -897.72
7003.61 -857.895 7042.01 -875.418
7000.09 -867.453 7056.08 -942.323
7010.94 -838.779 7069.86 -921.614
7024.13 -821.256 7083.34 -935.951
7038.79 -835.593 7098 -894.534
7052.57 -859.488 7110.9 -921.614
7066.93 -802.14 7125.55 -896.127
7080.12 -800.547 7139.03 -945.509
7094.48 -813.291 7152.81 -931.172
7109.73 -829.221 7166.88 -935.951
7122.33 -846.744 7181.82 -908.871
7136.98 -845.151 7195.6 -913.649
7151.64 -821.256 7209.08 -934.358
7164.83 -856.302 7223.14 -897.72
7179.48 -861.081 7237.21 -904.092
7192.96 -830.814 7252.15 -908.871
7207.32 -830.814 7265.34 -902.499
7221.97 -861.081 7279.4 -904.092
7235.16 -832.407 7293.76 -937.544
7249.81 -837.186 7306.94 -873.825
7262.99 -875.418 7321 -921.614
7277.06 -869.046 7335.94 -904.092
7291.71 -867.453 7350.3 -875.418
7305.48 -881.79 7363.19 -873.825
7319.83 -865.86 7377.54 -884.976
7333.6 -873.825 7391.89 -886.569
7347.66 -886.569 7405.37 -908.871
7361.14 -888.162 7419.72 -934.358
7375.78 -900.906 7433.78 -926.393
7389.26 -889.755 7448.71 -900.906
7403.32 -900.906 7461.6 -953.474
7418.25 -923.207 7475.36 -908.871
7432.02 -905.685 7490.59 -964.625
7445.78 -867.453 7504.35 -964.625
7459.84 -880.197 7518.12 -912.057
7474.78 -921.614 7532.17 -920.021
7486.78 -902.499 7546.23 -921.614
7502.01 -888.162 7559.11 -908.871
7515.19 -870.639 7573.75 -894.534
7530.12 -913.649 7588.97 -932.765
7544.47 -892.941 7601.27 -913.649
7557.94 -912.057 7616.49 -942.323
7572.28 -896.127 7630.84 -980.555
7586.34 -924.801 7644.89 -912.057
7598.93 -853.116 7658.35 -888.162
7614.15 -916.836 7672.4 -937.544
7627.91 -896.127 7687.04 -886.569
7641.67 -896.127 7700.5 -947.102
7655.72 -951.881 7714.85 -955.067
7670.35 -912.057 7728.6 -951.881
7684.4 -884.976 7743.53 -891.348
7697.87 -865.86 7756.4 -937.544
7712.5 -900.906 7770.74 -889.755
7726.84 -870.639 7784.2 -886.569
7741.18 -920.021 7799.42 -905.685
7754.06 -916.836 7812.88 -921.614
7768.11 -942.323 7826.64 -883.383
7782.45 -878.604 7841.56 -931.172
7795.62 -864.267 7854.73 -913.649
7809.96 -848.337 7868.48 -881.79
7823.71 -867.453 7883.1 -910.463
7839.22 -878.604 7895.98 -908.871
7852.09 -878.604 7910.61 -873.825
7865.84 -905.685 7925.53 -918.429
7880.18 -888.162 7939.27 -931.172
7894.52 -857.895 7952.73 -918.429
7909.14 -872.232 7967.06 -907.278
7922.31 -859.488 7981.98 -918.429
7936.64 -837.186 7994.85 -870.639
7950.98 -835.593 8009.77 -907.278
7965.02 -845.151 8023.51 -935.951
7978.77 -857.895 8036.68 -934.358
7992.8 -851.523 8052.47 -955.067
8006.55 -857.895 8065.05 -915.242
8021.47 -870.639 8079.08 -896.127
8034.92 -884.976 8093.41 -902.499
8048.08 -830.814 8107.45 -943.916
8062.41 -902.499 8122.07 -945.509
8076.16 -904.092 8135.52 -947.102
8091.07 -891.348 8149.85 -921.614
8104.82 -881.79 8163.01 -854.709
8118.85 -888.162 8177.92 -921.614
8132.89 -891.348 8190.78 -929.579
8146.63 -869.046 8206.86 -915.242
8160.37 -904.092 8220.02 -921.614
8174.41 -912.057 8234.05 -939.137
8188.74 -896.127 8248.08 -912.057
8201.89 -943.916 8262.11 -975.776
8217.39 -881.79 8275.85 -912.057
8231.42 -926.393 8289.59 -935.951
8244.28 -900.906 8303.92 -910.463
8258.02 -916.836 8318.53 -869.046
8272.35 -900.906 8331.98 -935.951
8286.67 -920.021 8346.3 -950.288
8301.58 -897.72 8359.16 -956.66
8315.32 -884.976 8374.06 -905.685
8329.05 -899.313 8388.09 -927.987
8342.79 -897.72 8402.7 -902.499
8356.53 -889.755 8417.02 -894.534
8370.26 -905.685 8430.17 -888.162
8384.58 -853.116 8443.91 -920.021
8398.61 -913.649 8458.23 -926.393
8412.93 -892.941 8472.84 -940.73
8426.38 -907.278 8486.57 -926.393
8440.4 -896.127 8499.43 -912.057
8454.72 -915.242 8514.62 -889.755
8469.04 -924.801 8528.65 -886.569
8483.36 -865.86 8542.38 -889.755
8497.09 -873.825 8555.52 -891.348
8510.53 -886.569 8570.42 -907.278
8525.14 -888.162 8584.74 -894.534
8538.29 -897.72 8598.18 -916.836
8553.48 -904.092 8612.78 -899.313
8567.21 -953.474 8627.1 -886.569
8580.65 -881.79 8640.83 -886.569
8594.97 -897.72 8654.27 -878.604
8608.99 -905.685 8669.16 -921.614
8623.59 -877.011 8682.31 -902.499
8637.03 -939.137 8697.2 -920.021
8651.64 -921.614 8710.93 -915.242
8665.66 -880.197 8725.53 -878.604
8679.97 -867.453 8738.97 -886.569
8692.82 -910.463 8753.57 -894.534
8707.72 -888.162 8767.3 -907.278
8721.74 -897.72 8780.73 -899.313
8734.59 -886.569 8794.75 -905.685
8749.48 -912.057 8808.77 -916.836
8762.92 -918.429 8822.2 -931.172
8777.23 -888.162 8836.8 -948.695
8791.54 -892.941 8851.4 -931.172
8805.85 -894.534 8865.71 -923.207
8819.28 -900.906 8879.14 -913.649
8833.3 -926.393 8893.45 -918.429
8847.9 -931.172 8907.17 -896.127
8861.62 -886.569 8921.19 -931.172
8875.35 -894.534 8934.91 -935.951
8889.36 -905.685 8950.1 -951.881
8903.67 -899.313 8963.23 -931.172
8916.81 -889.755 8976.66 -929.579
8930.83 -910.463 8991.55 -920.021
8945.13 -921.614 9005.86 -912.057
8959.73 -905.685 9019.58 -935.951
8973.74 -904.092 9033.3 -916.836
8987.17 -889.755 9047.9 -958.253
9000.6 -939.137 9061.32 -923.207
9015.2 -905.685 9076.21 -947.102
9028.92 -904.092 9089.64 -927.987
9043.22 -870.639 9103.94 -908.871
9057.53 -897.72 9118.54 -945.509
9070.96 -888.162 9131.09 -918.429
9084.97 -896.127 9145.98 -910.463
9098.4 -926.393 9160.57 -953.474
9113.87 -910.463 9173.7 -932.765
9126.71 -902.499 9187.42 -940.73
9141.6 -935.951 9202.3 -939.137
9155.61 -859.488 9215.73 -924.801
9168.74 -904.092 9230.03 -935.951
9183.92 -872.232 9244.04 -902.499
9198.51 -927.987 9258.92 -894.534
9210.77 -886.569 9272.06 -927.987
9225.36 -880.197 9285.77 -947.102
9239.37 -889.755 9300.07 -918.429
9253.96 -916.836 9314.66 -948.695
9267.97 -878.604 9328.38 -934.358
9281.1 -862.674 9342.68 -916.836
9295.99 -872.232 9356.69 -927.987
9309.12 -883.383 9370.4 -921.614
9324 -902.499 9384.41 -929.579
9338.01 -848.337 9398.41 -892.941
9351.72 -841.965 9412.42 -939.137
9366.61 -857.895 9426.42 -896.127
9379.45 -867.453 9441.01 -940.73
9393.45 -875.418 9455.6 -955.067
9407.75 -867.453 9468.15 -924.801
9421.76 -875.418 9482.44 -940.73
9435.76 -899.313 9497.33 -931.172
9450.35 -880.197 9511.04 -929.579
9463.19 -912.057 9524.75 -951.881
9477.49 -856.302 9538.46 -884.976
9492.07 -875.418 9553.93 -910.463
9504.91 -869.046 9566.76 -913.649
9519.5 -884.976 9581.93 -956.66
9533.8 -937.544 9595.36 -974.183
9547.22 -888.162 9609.07 -937.544
9561.22 -913.649 9622.78 -913.649
9575.52 -913.649 9637.07 -884.976
9590.69 -856.302 9651.08 -902.499
9603.23 -920.021 9664.5 -931.172
9617.82 -857.895 9679.66 -924.801
9630.95 -947.102 9693.38 -966.218
9645.83 -891.348 9706.79 -916.836
9659.24 -934.358 9721.38 -899.313
9673.54 -943.916 9735.38 -896.127
9687.25 -910.463 9749.67 -884.976
9701.84 -927.987 9763.97 -918.429
9715.55 -891.348 9777.09 -932.765
9730.72 -916.836 9791.39 -951.881
9743.84 -934.358 9805.1 -958.253
9757.55 -913.649 9819.1 -945.509
9771.55 -902.499 9834.27 -913.649
9785.56 -877.011 9848.27 -923.207
9799.26 -907.278 9861.69 -945.509
9813.85 -892.941 9875.4 -916.836
9827.56 -915.242 9889.98 -931.172
9840.69 -875.418 9903.98 -961.439
9855.85 -934.358 9917.1 -947.102
9869.56 -910.463 9931.4 -945.509
9883.86 -881.79 9945.69 -921.614
9897.85 -923.207 9959.98 -961.439
9912.44 -881.79 9974.27 -905.685
9927.02 -924.801 9987.69 -942.323
9940.15 -907.278 10002.3 -920.021
9952.69 -904.092 10016 -978.962
9967.27 -869.046 10029.7 -940.73
9981.57 -854.709 10043.7 -926.393
9995.27 -824.442 10058 -945.509
10009.9 -835.593 10072 -900.906
10023.6 -856.302 10086.3 -912.057
10037.3 -883.383 10100.3 -934.358
10051.6 -867.453 10113.7 -923.207
10065.6 -862.674 10128 -943.916
10080.1 -838.779 10142 -967.811
10093.3 -816.477 10156 -951.881
10108.4 -818.07 10170.6 -970.997
10121.3 -829.221 10184.5 -950.288
10135.3 -857.895 10199.7 -902.499
10149.6 -826.035 10212 -920.021
10163.3 -856.302 10226 -970.997
10178.1 -819.663 10240.3 -926.393
10191.5 -865.86 10254.8 -963.032
10206.1 -875.418 10268.3 -931.172
10219.8 -851.523 10282.3 -939.137
10233.3 -838.779 10296 -988.52
10248.1 -848.337 10311.7 -945.509
10262.4 -869.046 10324.3 -978.962
10275.6 -894.534 10339.1 -982.148
10289.6 -864.267 10352.8 -966.218
10303.8 -910.463 10366.3 -985.334
10317.8 -937.544 10380.5 -916.836
10332.4 -891.348 10395.4 -1009.23
10346.7 -894.534 10409.1 -972.59
10359.5 -873.825 10423.1 -953.474
10373.8 -910.463 10438 -931.172
10388.4 -934.358 10450.5 -918.429
10402.1 -902.499 10464.8 -940.73
10415.3 -896.127 10479.7 -1017.19
10430.4 -892.941 10493.4 -969.404
10443.5 -899.313 10506.8 -931.172
10458.1 -915.242 10522 -959.846
10472.4 -921.614 10535.1 -923.207
10485.8 -894.534 10548.5 -915.242
10499.5 -940.73 10564 -932.765
10513.8 -899.313 10577.4 -977.369
10527.5 -921.614 10591.4 -939.137
10541.8 -894.534 10605.1 -912.057
10557 -856.302 10619.7 -940.73
10569.8 -883.383 10634 -939.137
10584.4 -884.976 10648 -916.836
10597.5 -910.463 10661.7 -945.509
10611.8 -908.871 10676.3 -894.534
10625.5 -907.278 10688.8 -923.207
10639.8 -848.337 10703.1 -907.278
10653.5 -880.197 10716.8 -910.463
10668.4 -865.86 10732.6 -877.011
10681.5 -861.081 10745.7 -857.895
10695.2 -834 10759.7 -896.127
10710.1 -904.092 10773.1 -888.162
10724.1 -881.79 10787.7 -834
10738.1 -857.895 10802.6 -864.267
10752.1 -819.663 10815.4 -830.814
10766.7 -856.302 10829.4 -843.558
10779.5 -794.175 10844.3 -821.256
10794.4 -808.512 10857.7 -816.477
10808.4 -794.175 10872.6 -822.849
10822.1 -800.547 10886.6 -869.046
10836.1 -821.256 10900.9 -877.011
10850.7 -784.617 10914.6 -803.733
10864.7 -786.21 10928.3 -806.919
10877.8 -708.153 10942.9 -787.803
10892.1 -677.886 10956 -829.221
10905.5 -700.188 10970 -814.884
10920.4 -704.967 10983.7 -854.709
10934.7 -749.571 10998.3 -845.151
10948.1 -728.862 11012.6 -757.536
10961.5 -714.525 11026.9 -749.571
10975.3 -655.584 11040.9 -719.304
10990.1 -646.026 11054 -762.315
11004.1 -655.584 11069.5 -775.059
11018.1 -704.967 11082.6 -744.792
11031.3 -693.816 11096.6 -790.989
11046.4 -704.967 11111.2 -724.083
11059.3 -658.77 11125.2 -701.781
11072.7 -655.584 11139.8 -614.166
11088.1 -604.608 11152.6 -537.703
11102.1 -653.991 11166.9 -595.051
11116.7 -618.945 11181.2 -614.166
11130.4 -630.096 11194.9 -689.037
11145 -669.921 11208.6 -693.816
11157.6 -652.398 11223.2 -661.956
11171.9 -630.096 11236.9 -639.654
11186.2 -606.201 11250.1 -577.528
11200.5 -595.051 11265.2 -537.703
11213.6 -539.296 11278.7 -505.843
11229.1 -603.016 11293.5 -599.829
11242.2 -582.307 11307.5 -593.458
11255 -572.749 11321.3 -601.422
11269.9 -566.377 11334.7 -560.005
11284.2 -520.18 11349 -494.692
11298.2 -516.994 11363.6 -501.064
11311.9 -464.425 11377.9 -435.751
11325.6 -491.506 11391 -531.331
11341.1 -504.25 11405.9 -461.239
11353.9 -466.018 11419.3 -497.878
11368.8 -502.657 11432.7 -477.169
11381.4 -440.53 11448.2 -451.681
11395.7 -391.147 11461.9 -415.042
11410.5 -387.961 11474.7 -383.182
11424 -403.891 11489 -397.519
11438.9 -394.333 11503.6 -352.915
11453.2 -437.344 11517.9 -430.972
11466.3 -432.565 11531.4 -424.6
11479.7 -392.74 11545.9 -367.252
11494 -330.613 11559.7 -360.88
11508.3 -289.195 11574.3 -332.206
11521.7 -284.417 11588 -260.522
11535.7 -282.824 11602.3 -314.683
11550.6 -276.452 11616 -314.683
11563.8 -293.974 11629.4 -341.764
11579.2 -246.185 11643.7 -313.09
11592.4 -212.732 11657.5 -317.869
11605.5 -190.43 11672 -222.29
11620.4 -158.57 11686.6 -262.115
11633.5 -109.187 11700.4 -174.5
11648.1 -86.8852 11714.1 -211.139
11663 -142.64 11727.8 -188.837
11675.5 -171.314 11741.8 -177.686
11690.1 -107.594 11757.3 -156.977
11703.9 -98.0361 11771.6 -144.233
11718.8 -2.45642 11784.7 -133.082
11732.2 24.6245 11798.7 -160.163
11745.6 78.7863 11811.9 -128.303
11760.2 10.2875 11826.5 -51.8393
11774.2 2.32256 11840.8 -0.863426
11788.5 30.9965 11855.1 -18.3864
11802.5 35.7755 11868.8 -26.3513
11816.8 53.2984 11882.2 -23.1654
11830.9 131.355 11896.8 -4.04942
11844 102.681 11910.3 35.7755
11858.9 175.959 11924.3 21.4385
11872 102.681 11938.6 62.8564
11886.3 131.355 11952.6 67.6354
11899.5 99.4952 11967.5 58.0774
11914.9 69.2283 11981.8 144.099
11928.1 150.471 11995.5 110.646
11942.1 180.738 12009.3 118.611
11955.8 218.97 12023.6 158.436
11969.8 234.9 12037.6 172.773
11984.1 260.388 12051.9 179.145
11998.2 203.04 12065.3 231.714
12012.8 174.366 12079.6 293.841
12026.5 225.342 12093.1 322.515
12040.2 324.108 12106.5 322.515
12053.6 416.501 12122.3 332.072
12068.5 397.385 12135.1 355.967
12082.6 432.431 12149.4 341.63
12096.3 368.711 12164.3 351.188
12110.3 383.048 12177.8 397.385
12124.3 406.943 12191.8 340.037
12137.8 397.385 12205.5 355.967
12153.2 520.046 12220.4 406.943
12166.7 585.359 12234.1 492.965
12179.8 577.394 12248.2 532.79
12193.8 566.243 12262.5 502.523
12208.4 555.092 12275.9 485
12222.5 553.499 12289.7 435.617
12236.2 561.464 12304.6 430.838
12250.8 636.334 12317.7 488.186
12264.2 626.777 12332 524.825
12277.7 714.391 12346.3 625.184
12292.6 730.321 12360.1 601.289
12307.2 758.995 12374.1 637.928
12319.8 758.995 12388.4 604.475
12334.1 696.868 12402.7 571.022
12348.1 771.739 12416.2 658.636
12362.1 811.564 12430.2 647.486
12376.4 867.319 12443.6 711.205
12389.9 915.109 12458.6 752.623
12404.2 862.54 12471.7 798.82
12417.9 851.389 12486.3 829.087
12432.3 880.063 12500.3 792.448
12446.6 903.958 12514.4 771.739
12460.3 996.351 12528.4 723.949
12474 1058.48 12542.1 830.68
12488.9 1090.34 12556.5 878.47
12502.1 1088.75 12571.1 945.376
12515.8 1128.57 12583.9 931.039
12531 1103.08 12599.4 918.295
12544.2 1117.42 12613.4 902.365
12558.5 1146.09 12626.9 892.807
12571.9 1228.93 12640.6 951.748
12586 1342.03 12654.9 1021.84
12600 1357.96 12669.6 1042.55
12614.6 1415.31 12683 1120.61
12627.8 1391.41 12697.9 1114.23
12642.4 1353.18 12710.5 1139.72
12657 1402.57 12725.1 1166.8
12669.9 1420.09 12739.7 1179.55
12684.5 1502.92 12753.2 1236.89
12697.9 1523.63 12766.6 1225.74
12713.1 1627.18 12781.5 1327.69
12726.6 1561.86 12795.9 1289.46
12740.3 1539.56 12808.4 1279.9
12754.6 1576.2 12824.2 1332.47
12767.8 1520.45 12837.4 1300.61
12782.1 1625.58 12851.7 1367.52
12796.7 1631.96 12865.8 1375.48
12810.5 1710.01 12880.1 1437.61
12823.4 1697.27 12893.5 1472.66
12838.3 1663.82 12907 1475.84
12852 1659.04 12922.2 1523.63
12866.3 1641.51 12936.5 1542.75
12881 1698.86 12950 1611.25
12894.4 1775.33 12964.6 1604.88
12907.6 1826.3 12977.8 1663.82
12922.5 1912.32 12991.5 1716.39
12936.2 1931.44 13005.8 1719.57
12950.9 1925.07 13019.6 1745.06
12964 1893.21 13034.8 1824.71
12978.6 1877.28 13048 1842.23
12992.4 1960.11 13062.6 1858.16
13006.1 2012.68 13076.3 1955.33
13021 2122.6 13090.4 2007.9
13034.2 2167.2 13104.1 2028.61
13049.1 2259.6 13119 2039.76
13062 2197.47 13132.8 2068.44
13076.9 2213.4 13146.2 2133.75
13090.4 2210.21 13161.2 2168.8
13103.8 2264.38 13174.6 2181.54
13118.1 2383.85 13189 2170.39
13131.9 2391.81 13202.7 2222.96
13146.8 2504.92 13217 2261.19
13161.2 2476.24 13230.8 2301.01
13174.6 2474.65 13244.5 2332.87
13188.7 2539.96 13259.5 2342.43
13201.8 2535.18 13273.2 2299.42
13216.7 2578.2 13287.3 2323.32
13230.8 2603.68 13301.3 2390.22
13245.1 2664.22 13315 2461.91
13258.6 2707.23 13328.8 2420.49
13272.9 2716.79 13342.9 2479.43
13286.1 2769.35 13357.5 2508.1
13300.1 2758.2 13371.8 2522.44
13313.9 2826.7 13386.2 2592.53
13328.5 2871.31 13399.6 2624.39
13342.3 2898.39 13413.4 2669
13356 3000.34 13426.8 2702.45
13370.1 2982.82 13441.8 2770.95
13384.7 3029.01 13455.2 2915.91
13398.2 3052.91 13470.1 2912.72
13411.9 3153.27 13483.9 2923.88
13426.3 3150.08 13497.1 2958.92
13440.9 3223.36 13511.4 2970.07
13454.4 3317.35 13526.1 3046.54
13467.2 3271.15 13539.8 3151.67
13483.6 3374.69 13553.6 3218.58
13496.2 3369.91 13568.2 3237.7
13510.8 3473.46 13582.8 3309.38
13523.4 3506.91 13596 3205.84
13538.6 3572.22 13610.4 3266.37
13551.8 3597.71 13624.7 3263.18
13565.9 3581.78 13638.8 3369.91
13580.5 3620.01 13652.5 3462.31
13595.4 3635.94 13666.6 3467.09
13608.6 3666.21 13681.8 3486.2
13622.9 3750.64 13693.8 3427.26
13636.1 3758.6 13708.7 3424.08
13649.9 3847.81 13722.8 3417.7
13664.5 3828.7 13736.8 3454.34
13677.7 3873.3 13751.5 3577
13692.6 3870.11 13766.1 3553.11
13707 3852.59 13779 3699.66
13721 3860.56 13793 3685.33
13734.5 3889.23 13807.1 3667.8
13748.3 4003.93 13821.7 3631.16
13762.6 4101.1 13835.8 3721.97
13776.6 4102.69 13849.3 3792.06
13790.1 4136.14 13863.9 3857.37
13804.8 4105.88 13877.4 4050.12
13817.6 4150.48 13892 4105.88
13832 4156.85 13906.1 4142.52
13846.9 4249.25 13920.4 4112.25
13860.4 4386.24 13934.2 4015.08
13874.7 4435.63 13947.9 4147.3
13889.1 4591.74 13963.8 4195.09
13902 4543.95 13978.7 4395.8
13915.1 4561.47 13992.2 4489.79
13930.9 4594.93 14000.6 4585.37
13943.5 4663.43 13986.3 4615.64
13958.8 4671.39 13972.8 4524.83
