7014.16 -996.485 7027.65 -910.463
7003.02 -892.941 7041.13 -942.323
7000.09 -899.313 7056.08 -943.916
7010.94 -899.313 7069.28 -963.032
7023.25 -913.649 7082.47 -939.137
7037.91 -875.418 7097.41 -988.52
7052.27 -923.207 7111.19 -978.962
7066.64 -878.604 7125.55 -939.137
7080.12 -907.278 7139.03 -951.881
7094.19 -889.755 7153.69 -924.801
7109.43 -897.72 7166.59 -907.278
7122.62 -904.092 7181.82 -926.393
7136.98 -886.569 7196.48 -972.59
7150.47 -877.011 7210.25 -912.057
7165.12 -947.102 7223.73 -967.811
7179.19 -865.86 7237.79 -939.137
7192.96 -889.755 7252.15 -929.579
7207.32 -891.348 7265.63 -900.906
7219.63 -926.393 7280.57 -951.881
7235.16 -877.011 7294.05 -945.509
7250.1 -899.313 7308.11 -948.695
7263.29 -923.207 7322.17 -970.997
7277.94 -924.801 7335.65 -880.197
7291.41 -886.569 7349.71 -926.393
7305.77 -880.197 7364.07 -921.614
7318.95 -918.429 7378.13 -943.916
7334.48 -904.092 7391.6 -951.881
7347.95 -880.197 7405.66 -980.555
7361.43 -883.383 7420.3 -950.288
7375.49 -934.358 7433.78 -982.148
7389.84 -892.941 7449 -932.765
7403.61 -877.011 7461.6 -937.544
7417.96 -921.614 7476.53 -940.73
7432.02 -916.836 7489.42 -931.172
7446.08 -900.906 7503.77 -927.987
7459.84 -948.695 7518.7 -955.067
7473.61 -886.569 7532.76 -940.73
7488.83 -859.488 7546.23 -955.067
7502.6 -894.534 7559.4 -961.439
7515.77 -908.871 7574.63 -943.916
7530.41 -888.162 7588.09 -969.404
7543.88 -892.941 7602.73 -926.393
7557.35 -891.348 7616.49 -953.474
7571.41 -891.348 7630.25 -929.579
7586.05 -878.604 7644.89 -961.439
7600.1 -873.825 7658.35 -988.52
7613.86 -897.72 7672.7 -947.102
7627.91 -904.092 7686.45 -983.741
7642.25 -894.534 7701.67 -961.439
7656.6 -877.011 7714.85 -948.695
7670.65 -886.569 7728.31 -977.369
7684.4 -881.79 7743.23 -913.649
7698.16 -838.779 7757.28 -947.102
7711.92 -846.744 7771.33 -927.987
7726.26 -875.418 7784.5 -985.334
7740.31 -881.79 7799.13 -977.369
7753.77 -875.418 7813.18 -969.404
7768.99 -830.814 7827.81 -959.846
7782.16 -824.442 7840.97 -940.73
7796.2 -878.604 7855.02 -950.288
7810.83 -821.256 7868.77 -951.881
7825.17 -875.418 7882.52 -915.242
7838.92 -888.162 7896.86 -900.906
7852.09 -864.267 7910.61 -923.207
7866.72 -902.499 7925.53 -969.404
7879.89 -888.162 7938.69 -929.579
7893.93 -865.86 7953.32 -934.358
7908.27 -857.895 7967.06 -978.962
7922.6 -889.755 7981.4 -923.207
7935.76 -861.081 7994.27 -942.323
7949.81 -861.081 8009.18 -916.836
7963.85 -915.242 8022.64 -950.288
7978.77 -889.755 8037.85 -956.66
7992.51 -907.278 8051.01 -969.404
8006.55 -862.674 8065.92 -961.439
8020.01 -888.162 8079.08 -956.66
8034.34 -845.151 8093.41 -940.73
8048.67 -875.418 8107.74 -942.323
8062.12 -889.755 8121.48 -964.625
8077.04 -900.906 8135.23 -923.207
8090.78 -883.383 8149.56 -935.951
8105.11 -902.499 8164.18 -956.66
8118.56 -892.941 8177.92 -918.429
8132.01 -864.267 8191.95 -942.323
8146.34 -886.569 8205.4 -912.057
8160.96 -870.639 8220.02 -896.127
8175.29 -913.649 8233.76 -905.685
8188.44 -878.604 8248.08 -913.649
8203.06 -884.976 8261.82 -959.846
8217.97 -886.569 8275.27 -924.801
8231.42 -899.313 8290.18 -966.218
8244.57 -861.081 8303.62 -951.881
8258.9 -841.965 8318.82 -935.951
8273.51 -864.267 8332.56 -966.218
8286.67 -888.162 8345.42 -967.811
8300.7 -897.72 8360.03 -940.73
8314.73 -888.162 8374.65 -940.73
8328.76 -880.197 8387.51 -931.172
8341.33 -892.941 8402.7 -904.092
8356.82 -873.825 8415.86 -947.102
8370.26 -899.313 8430.76 -991.706
8385.17 -899.313 8443.91 -926.393
8399.2 -913.649 8457.94 -945.509
8413.81 -884.976 8471.96 -961.439
8426.96 -834 8487.16 -967.811
8440.69 -877.011 8500.3 -950.288
8455.6 -840.372 8514.62 -920.021
8468.45 -857.895 8528.65 -953.474
8482.19 -843.558 8541.5 -940.73
8496.21 -894.534 8556.98 -942.323
8511.11 -908.871 8570.72 -967.811
8524.85 -905.685 8584.45 -939.137
8539.46 -869.046 8599.64 -956.66
8552.89 -867.453 8612.49 -991.706
8567.5 -881.79 8627.1 -983.741
8580.94 -929.579 8640.83 -991.706
8595.26 -859.488 8654.56 -1026.75
8608.99 -910.463 8668.58 -977.369
8622.72 -888.162 8683.48 -945.509
8636.74 -912.057 8696.04 -950.288
8651.34 -849.93 8710.93 -945.509
8665.07 -843.558 8724.95 -993.299
8679.39 -884.976 8738.97 -983.741
8693.7 -923.207 8752.7 -985.334
8707.43 -899.313 8766.72 -985.334
8721.74 -897.72 8781.32 -978.962
8734.3 -900.906 8795.92 -975.776
8748.9 -848.337 8809.06 -955.067
8763.8 -877.011 8823.37 -956.66
8776.94 -854.709 8836.8 -994.892
8791.54 -864.267 8851.69 -1002.86
8804.97 -902.499 8865.13 -978.962
8819.28 -908.871 8878.85 -977.369
8832.72 -904.092 8892.87 -923.207
8847.32 -827.628 8907.17 -943.916
8860.75 -878.604 8920.61 -894.534
8875.64 -810.105 8935.5 -966.218
8889.36 -849.93 8948.93 -959.846
8902.8 -891.348 8964.4 -985.334
8917.1 -877.011 8977.25 -905.685
8931.12 -916.836 8991.85 -961.439
8945.72 -883.383 9005.57 -950.288
8959.14 -849.93 9020.16 -905.685
8973.74 -881.79 9033.01 -927.987
8987.17 -889.755 9047.31 -923.207
9000.9 -851.523 9061.91 -1045.87
9016.37 -904.092 9076.21 -990.113
9028.92 -913.649 9089.93 -990.113
9043.52 -918.429 9103.65 -980.555
9056.94 -891.348 9118.25 -931.172
9070.37 -862.674 9131.96 -945.509
9085.55 -841.965 9146.27 -929.579
9099.56 -880.197 9159.69 -977.369
9112.41 -840.372 9173.41 -958.253
9127.58 -900.906 9188.3 -974.183
9140.72 -902.499 9202.01 -953.474
9155.32 -929.579 9215.44 -913.649
9168.74 -878.604 9230.32 -908.871
9183.63 -908.871 9243.75 -945.509
9196.76 -892.941 9257.76 -945.509
9210.77 -865.86 9271.76 -950.288
9225.65 -891.348 9285.77 -977.369
9239.66 -881.79 9300.66 -972.59
9253.38 -892.941 9313.79 -964.625
9267.1 -904.092 9328.38 -931.172
9280.81 -854.709 9341.22 -947.102
9295.4 -872.232 9356.1 -963.032
9309.41 -845.151 9370.11 -943.916
9323.42 -923.207 9384.41 -942.323
9337.13 -899.313 9398.41 -1029.94
9352.31 -872.232 9411.83 -975.776
9364.56 -873.825 9427.01 -991.706
9379.45 -873.825 9440.14 -1010.82
9392.87 -931.172 9455.31 -970.997
9407.75 -867.453 9468.73 -937.544
9421.17 -918.429 9482.74 -991.706
9435.76 -870.639 9496.45 -978.962
9449.77 -900.906 9510.75 -1009.23
9463.19 -924.801 9524.46 -991.706
9477.19 -912.057 9538.46 -978.962
9492.07 -908.871 9553.05 -993.299
9505.2 -880.197 9566.47 -974.183
9518.92 -916.836 9580.48 -974.183
9533.8 -918.429 9595.36 -951.881
9546.92 -915.242 9608.48 -1015.6
9561.8 -920.021 9623.36 -1002.86
9575.23 -904.092 9636.78 -985.334
9589.23 -937.544 9652.24 -986.927
9603.52 -915.242 9665.08 -980.555
9617.24 -902.499 9678.79 -972.59
9632.11 -910.463 9693.96 -956.66
9646.12 -905.685 9707.38 -982.148
9658.95 -897.72 9721.67 -934.358
9673.25 -891.348 9735.09 -948.695
9687.25 -921.614 9749.09 -966.218
9701.54 -912.057 9763.39 -986.927
9715.25 -942.323 9777.09 -948.695
9729.84 -927.987 9791.68 -977.369
9743.84 -969.404 9805.1 -939.137
9757.55 -902.499 9818.81 -953.474
9771.55 -908.871 9833.39 -951.881
9786.14 -948.695 9847.39 -978.962
9799.56 -940.73 9860.52 -948.695
9813.85 -916.836 9875.98 -920.021
9827.85 -931.172 9889.69 -953.474
9841.56 -900.906 9904.85 -964.625
9855.27 -929.579 9916.81 -947.102
9869.27 -947.102 9931.69 -967.811
9883.86 -897.72 9945.69 -980.555
9897.56 -892.941 9959.98 -991.706
9910.98 -869.046 9974.27 -904.092
9925.86 -912.057 9987.69 -950.288
9939.86 -900.906 10001.4 -956.66
9954.15 -916.836 10016.3 -963.032
9967.57 -921.614 10030.3 -967.811
9981.86 -899.313 10044.3 -998.078
9995.56 -900.906 10058 -982.148
10009.6 -935.951 10071.4 -953.474
10024.4 -896.127 10087.1 -991.706
10037 -927.987 10101.1 -977.369
10051.9 -920.021 10113.4 -958.253
10065.3 -908.871 10128.6 -1021.97
10080.1 -853.116 10142.6 -1069.76
10093.6 -864.267 10156 -1087.29
10107.3 -864.267 10170.6 -1061.8
10122.1 -908.871 10184 -1007.64
10135 -945.509 10198.3 -980.555
10149.9 -926.393 10212.8 -935.951
10164.7 -982.148 10226 -1023.57
10177.8 -894.534 10240.8 -1018.79
10191.9 -867.453 10255.1 -1050.65
10206.1 -875.418 10268 -1063.39
10219.8 -892.941 10283.4 -1018.79
10233.8 -935.951 10296.3 -1012.42
10249 -905.685 10310 -959.846
10262.1 -908.871 10325.1 -1001.26
10275.8 -910.463 10339.4 -977.369
10289.6 -875.418 10352.8 -993.299
10303.5 -897.72 10366.8 -1045.87
10317.8 -892.941 10380.3 -1029.94
10331.8 -886.569 10395.4 -1015.6
10345.5 -947.102 10409.4 -983.741
10359.8 -967.811 10422.5 -1041.09
10374.1 -983.741 10436.8 -975.776
10387.5 -956.66 10451.1 -996.485
10401.3 -881.79 10465.4 -1039.5
10416.4 -888.162 10478.8 -1052.24
10430.1 -869.046 10493.7 -1052.24
10443.5 -886.569 10507.7 -1050.65
10457.5 -945.509 10521.1 -1002.86
10471.8 -915.242 10536 -985.334
10486.4 -940.73 10549.7 -959.846
10500.4 -934.358 10562.5 -1010.82
10514.1 -920.021 10577.1 -1151.01
10527.2 -923.207 10590.8 -1127.11
10541.8 -889.755 10605.1 -1042.68
10556.1 -889.755 10619.7 -1060.2
10570.1 -923.207 10632.8 -1034.72
10584.7 -932.765 10647.4 -1029.94
10597.8 -927.987 10661.4 -994.892
10611.8 -896.127 10675.1 -1071.36
10625.8 -926.393 10690 -1055.43
10640.1 -886.569 10703.1 -1017.19
10654.7 -902.499 10717.4 -974.183
10668.4 -854.709 10732.3 -956.66
10681.8 -910.463 10745.7 -902.499
10696.4 -927.987 10759.4 -916.836
10709.8 -897.72 10774.9 -966.218
10723.8 -889.755 10788.3 -951.881
10737.2 -867.453 10801.7 -980.555
10751.5 -896.127 10816.3 -929.579
10766.4 -883.383 10830.6 -913.649
10780.4 -884.976 10843.7 -894.534
10793.5 -862.674 10857.4 -821.256
10808.4 -859.488 10872 -891.348
10822.4 -853.116 10886.3 -886.569
10836.1 -877.011 10899.7 -889.755
10849.5 -849.93 10914.3 -921.614
10863.5 -865.86 10928.9 -881.79
10878.4 -845.151 10941.7 -822.849
10891.8 -875.418 10956.3 -800.547
10906.4 -840.372 10970.6 -794.175
10918.7 -846.744 10984.3 -856.302
10933.5 -835.593 10998 -896.127
10947.5 -856.302 11012.3 -873.825
10961.8 -814.884 11026.9 -851.523
10975.8 -819.663 11040.6 -829.221
10989.8 -816.477 11054.9 -776.652
11004.1 -838.779 11068.9 -770.28
11017.8 -824.442 11082.9 -797.361
11031.3 -819.663 11096.3 -811.698
11046.4 -810.105 11110.9 -805.326
11059 -794.175 11125.5 -802.14
11073.9 -779.838 11140.1 -798.954
11087.6 -747.978 11152.9 -771.873
11101.6 -792.582 11166.6 -698.595
11116.7 -775.059 11180.9 -666.735
11130.1 -768.687 11195.2 -690.63
11145 -752.757 11209.2 -770.28
11157.9 -703.374 11223.2 -704.967
11172.2 -700.188 11236.9 -692.223
11185 -697.002 11251.2 -661.956
11200.8 -676.293 11265.8 -609.387
11213.3 -630.096 11278.9 -532.924
11228.5 -703.374 11293.5 -569.563
11242.2 -677.886 11306.4 -628.503
11255.9 -620.538 11321 -577.528
11270.5 -603.016 11334.7 -572.749
11283.3 -548.854 11349.6 -502.657
11298.2 -563.191 11363.3 -454.867
11312.2 -548.854 11378.1 -445.309
11326.2 -561.598 11391 -451.681
11340.8 -603.016 11405.6 -481.948
11353.6 -571.156 11418.7 -440.53
11367.6 -603.016 11432.7 -448.495
11382.5 -523.366 11447.6 -488.32
11395.4 -423.007 11461.9 -405.484
11410.5 -368.845 11476.2 -373.624
11423.4 -424.6 11489.3 -336.985
11438.9 -456.46 11503.6 -295.567
11452.6 -483.541 11518.2 -357.694
11465.7 -480.355 11532.5 -379.996
11480 -387.961 11545.4 -426.193
11494 -416.635 11560.8 -399.112
11508 -282.824 11573.1 -332.206
11521.7 -297.16 11587.4 -325.834
11536.3 -317.869 11601.7 -317.869
11550 -329.02 11615.4 -292.381
11563.5 -399.112 11630.6 -402.298
11578.1 -349.729 11643.4 -381.589
11592.7 -362.473 11657.7 -415.042
11605.8 -266.894 11672.3 -336.985
11620.1 -212.732 11686 -332.206
11635.3 -188.837 11700.9 -360.88
11648.1 -153.791 11714.4 -319.462
11661.5 -241.406 11727.8 -289.195
11676.4 -258.929 11742.1 -343.357
11689.6 -316.276 11755.8 -255.743
11704.1 -262.115 11771.3 -281.231
11717.9 -206.36 11783.3 -241.406
11732.5 -196.802 11798.4 -255.743
11746.2 -99.6291 11811.9 -235.034
11760.2 -91.6641 11826.8 -192.023
11774.5 -182.465 11840.5 -220.697
11787.6 -192.023 11854.8 -174.5
11802.8 -158.57 11869.1 -169.721
11816.3 -107.594 11882.2 -123.524
11830 -90.0711 11896.3 -78.9202
11844.3 -80.5132 11911.1 -26.3513
11858.9 -40.6883 11925.2 -24.7583
11872 13.4735 11938.6 -27.9443
11886.3 2.32256 11952.6 -26.3513
11900.3 13.4735 11967.5 -48.6533
11914.6 5.50855 11980.9 5.50855
11928.4 24.6245 11994.1 29.4035
11942.7 80.3793 12009.6 78.7863
11956.7 112.239 12022.7 113.832
11969.5 117.018 12037.9 91.5303
11984.7 152.064 12051.9 69.2283
11998.2 129.762 12065.6 107.46
12012.2 163.215 12079.9 118.611
12025.6 152.064 12093.1 190.296
12041.1 233.307 12108 223.749
12053.9 234.9 12121.1 279.504
12069.1 293.841 12135.4 228.528
12082 292.248 12149.7 211.005
12095.7 308.178 12163.2 220.563
12111.2 316.143 12177.5 231.714
12124.9 360.746 12191.8 244.458
12138.6 335.259 12205.2 258.795
12152.1 391.013 12219.3 403.757
12165.8 397.385 12234.1 426.059
12180.7 441.989 12248.2 430.838
12194.4 464.291 12261.9 370.304
12209 516.86 12276.5 325.701
12222.8 534.383 12290.5 346.409
12235.6 550.313 12304.6 343.223
12250.2 516.86 12317.7 486.593
12263.9 516.86 12331.7 537.569
12277.7 606.068 12345.8 569.429
12292.3 657.043 12360.1 594.917
12306.3 679.345 12373.8 528.011
12320.9 708.019 12387.5 496.151
12334.4 684.124 12402.4 497.744
12348.1 698.461 12415.9 559.871
12362.7 680.938 12430.8 657.043
12376.1 758.995 12443.9 727.135
12390.8 743.065 12458.6 760.588
12403.9 797.227 12472.6 755.809
12418.2 763.774 12486.9 738.286
12432.3 805.192 12500.3 719.17
12446.9 857.761 12515 692.089
12460.9 902.365 12528.4 704.833
12473.4 867.319 12542.4 766.96
12488.9 876.877 12555.9 880.063
12502.1 880.063 12571.1 929.446
12516.4 954.934 12584.2 980.421
12530.2 978.828 12598.5 878.47
12544.2 1045.73 12613.4 833.866
12558.5 1093.52 12626.9 841.831
12571.6 1068.04 12641.5 832.273
12586 1068.04 12655.5 910.33
12600.9 1107.86 12669.6 966.084
12614.3 1195.48 12683.6 1042.55
12628.3 1214.59 12697.1 1001.13
12642.7 1251.23 12710.8 1055.29
12656.7 1267.16 12724.5 1044.14
12669.9 1271.94 12739.1 1025.03
12684.2 1348.4 12753.5 1087.15
12698.2 1314.95 12767.2 1123.79
12712.5 1399.38 12781.2 1208.22
12727.2 1383.45 12796.5 1275.13
12739.4 1418.5 12809.6 1284.68
12754.4 1445.58 12823.6 1319.73
12768.4 1396.19 12837.4 1246.45
12783 1455.13 12851.7 1278.31
12795.9 1477.44 12865.5 1303.8
12810.5 1528.41 12879.8 1346.81
12823.4 1539.56 12894.1 1499.74
12838.3 1506.11 12908.4 1520.45
12852.9 1542.75 12921.3 1582.57
12866.3 1537.97 12935.9 1541.16
12880.7 1627.18 12950 1533.19
12894.7 1608.06 12964.6 1523.63
12908.7 1651.07 12978.6 1592.13
12922.5 1694.08 12992.1 1655.85
12936.5 1759.4 13006.4 1659.04
12950.3 1786.48 13020.2 1719.57
12964 1792.85 13034.5 1773.73
12978 1784.88 13048 1815.15
12992.7 1835.86 13063.2 1804
13007.3 1878.87 13076.3 1842.23
13020.5 1972.86 13090.9 1870.91
13034.5 1991.97 13105.6 1843.82
13048.8 2098.7 13118.1 1990.38
13062.6 2121.01 13133.1 2003.12
13076.3 2121.01 13145.6 2114.63
13089.8 2116.23 13160.6 2125.78
13103.8 2122.6 13174.3 2111.45
13118.1 2195.88 13189 2100.3
13131.9 2234.11 13202.1 2055.69
13146.5 2339.25 13216.2 2132.16
13160.3 2313.76 13231.4 2203.84
13174.9 2388.63 13244.8 2321.72
13188.7 2410.93 13258.9 2367.92
13202.4 2377.48 13273.8 2339.25
13216.2 2445.98 13287 2398.19
13229.3 2439.6 13301.3 2336.06
13244.2 2511.29 13314.8 2363.14
13258 2549.52 13329.7 2291.46
13272.9 2605.28 13343.1 2353.58
13286.4 2675.37 13357.2 2390.22
13300.7 2653.07 13371.8 2428.45
13315 2630.76 13385.9 2565.45
13328.8 2669 13399.3 2576.6
13342.3 2704.04 13413.7 2571.82
13356 2812.37 13427.7 2520.85
13369.8 2861.75 13440.9 2477.84
13384.1 2949.36 13456.1 2509.7
13397.9 2920.69 13469.9 2559.08
13411.9 3006.71 13484.5 2704.04
13426.3 2993.97 13497.7 2716.79
13440.6 3040.16 13512 2790.06
13454.6 3127.78 13526.1 2866.53
13468.1 3169.2 13539.8 2844.23
13482.5 3236.1 13555 2895.2
13495.6 3244.07 13568.2 2860.16
13510.8 3306.19 13582.3 2912.72
13524.9 3318.94 13595.7 2963.7
13538.6 3379.47 13611.2 3046.54
13552.4 3409.74 13625 3172.38
13565.9 3425.67 13638.5 3213.8
13580.8 3438.41 13652.8 3301.42
13594.5 3438.41 13666.6 3215.39
13608.6 3514.88 13680.9 3239.29
13621.8 3551.52 13694.7 3252.03
13636.7 3610.46 13709 3279.11
13649.9 3640.72 13724 3467.09
13664.5 3675.77 13736.2 3514.88
13677.4 3710.81 13750.3 3629.57
13692.9 3696.48 13765.5 3620.01
13706.1 3653.47 13778.4 3653.47
13720.7 3698.07 13793.9 3678.95
13734.2 3747.45 13807.4 3683.73
13748.3 3849.41 13821.4 3693.29
13762.9 3941.8 13836.1 3710.81
13776.1 4061.27 13849.3 3807.99
13790.1 4053.31 13863.3 3935.43
13804.5 3962.51 13878 4016.67
13818.8 3957.73 13891.7 4070.83
13832.3 3948.17 13906.1 4061.27
13846.9 4113.84 13920.7 4018.26
13860.4 4234.91 13935.1 4013.48
13873.6 4357.57 13949.4 4072.42
13888.8 4443.59 13963.5 4147.3
13902.5 4410.14 13978.4 4300.22
13917.2 4480.23 13991.6 4362.35
13930.4 4445.19 14000.6 4416.51
13944.4 4451.56 13986.3 4308.19
13959.1 4448.37 13973.1 4376.69
