4012.99 152.064 4025.91 144.099
4003.02 113.832 4038.82 124.983
4000.96 136.134 4052.03 120.204
4010.06 121.797 4064.36 113.832
4022.39 93.1233 4077.57 51.7054
4035.3 145.692 4091.08 74.0073
4047.63 104.274 4104.58 83.5653
4061.72 137.727 4116.33 88.3443
4074.64 113.832 4129.54 50.1124
4086.97 94.7163 4142.46 78.7863
4100.77 129.762 4155.38 94.7163
4113.69 104.274 4169.48 56.4844
4127.19 134.541 4182.4 53.2984
4140.11 112.239 4194.73 74.0073
4152.15 115.425 4208.24 112.239
4166.83 155.25 4220.87 69.2283
4178.29 110.646 4232.91 113.832
4192.09 152.064 4247.01 75.6003
4205.6 86.7513 4260.23 88.3443
4217.05 113.832 4273.16 83.5653
4231.44 134.541 4286.37 81.9723
4244.07 115.425 4297.83 81.9723
4256.12 140.913 4311.34 126.576
4269.63 131.355 4324.86 81.9723
4283.73 112.239 4337.78 58.0774
4296.07 129.762 4350.71 85.1583
4309.29 97.9023 4364.23 89.9373
4321.92 118.611 4377.45 83.5653
4335.73 104.274 4390.96 72.4143
4348.36 102.681 4403.89 83.5653
4362.46 126.576 4415.35 112.239
4373.92 86.7513 4428.58 56.4844
4387.73 113.832 4442.39 46.9264
4400.66 132.948 4455.02 27.8105
4413.3 134.541 4468.25 67.6354
4425.93 148.878 4480.88 29.4035
4440.62 140.913 4494.4 81.9723
4452.67 107.46 4508.22 67.6354
4465.9 110.646 4520.27 74.0073
4479.12 88.3443 4533.78 86.7513
4491.46 137.727 4546.42 128.169
4504.69 121.797 4559.36 61.2634
4517.62 105.867 4572.58 89.9373
4530.85 150.471 4586.1 83.5653
4544.07 117.018 4599.03 77.1933
4557 96.3093 4611.97 101.088
4569.94 115.425 4624.31 99.4952
4583.16 152.064 4637.25 77.1933
4595.8 109.053 4650.77 96.3093
4608.44 110.646 4663.7 101.088
4621.67 123.39 4677.23 89.9373
4634.9 118.611 4690.45 91.5303
4647.83 94.7163 4703.39 83.5653
4661.94 126.576 4716.62 74.0073
4674.58 93.1233 4728.97 85.1583
4687.22 113.832 4741.9 109.053
4699.86 113.832 4754.84 118.611
4713.09 126.576 4768.36 72.4143
4726.32 96.3093 4781.59 70.8213
4739.55 132.948 4793.64 85.1583
4751.9 105.867 4806.87 59.6704
4765.42 102.681 4819.52 85.1583
4778.06 99.4952 4833.34 83.5653
4791.29 94.7163 4847.15 69.2283
4804.82 109.053 4859.21 93.1233
4817.46 156.843 4871.56 110.646
4830.39 110.646 4885.38 97.9023
4843.33 131.355 4898.61 81.9723
4855.97 144.099 4910.96 59.6704
4868.62 128.169 4924.19 46.9264
4882.14 137.727 4937.42 74.0073
4896.25 109.053 4950.06 50.1124
4908.31 86.7513 4963.29 58.0774
4920.95 137.727 4976.82 75.6003
4933.3 109.053 4989.46 83.5653
4947.12 109.053 5003.28 69.2283
4960.94 101.088 5016.22 81.9723
4973.58 120.204 5027.68 13.4735
4986.52 131.355 5040.92 56.4844
4999.46 156.843 5054.44 58.0774
5011.81 124.983 5067.38 54.8914
5026.21 117.018 5081.2 48.5194
5038.27 126.576 5093.55 30.9965
5051.5 107.46 5106.19 50.1124
5064.44 110.646 5120.89 74.0073
5077.38 107.46 5132.95 64.4494
5090.61 129.762 5145.59 54.8914
5103.84 89.9373 5159.41 42.1474
5116.78 144.099 5172.35 102.681
5129.42 101.088 5184.7 74.0073
5142.36 113.832 5198.23 121.797
5155 124.983 5210.58 77.1933
5168.82 180.738 5224.1 121.797
5181.76 124.983 5237.63 67.6354
5195.28 124.983 5249.68 118.611
5207.34 145.692 5262.32 99.4952
5221.16 101.088 5276.44 81.9723
5233.51 81.9723 5288.2 121.797
5246.74 102.681 5302.31 69.2283
5258.8 118.611 5315.54 117.018
5272.91 148.878 5328.77 81.9723
5285.55 112.239 5341.42 126.576
5298.49 102.681 5353.77 112.239
5311.72 164.808 5367.29 94.7163
5324.95 99.4952 5379.93 81.9723
5337.89 136.134 5392.57 89.9373
5351.71 145.692 5406.69 96.3093
5363.76 155.25 5419.33 74.0073
5376.4 136.134 5432.85 75.6003
5389.34 137.727 5445.2 35.7755
5402.57 113.832 5459.31 91.5303
5415.51 97.9023 5472.25 80.3793
5429.03 120.204 5484.89 54.8914
5441.97 145.692 5496.94 104.274
5454.9 129.762 5510.47 69.2283
5467.25 117.018 5523.4 56.4844
5481.07 112.239 5536.04 61.2634
5494.3 139.32 5549.86 78.7863
5506.06 153.657 5562.8 93.1233
5520.76 142.506 5575.44 40.5544
5533.1 124.983 5588.37 75.6003
5545.74 132.948 5601.89 72.4143
5558.97 89.9373 5614.53 75.6003
5571.61 104.274 5627.76 97.9023
5584.55 128.169 5641.58 61.2634
5597.78 118.611 5653.63 85.1583
5611.59 126.576 5666.85 74.0073
5623.94 132.948 5679.79 45.3334
5636.87 91.5303 5693.02 81.9723
5650.39 134.541 5706.83 120.204
5663.03 77.1933 5718.59 97.9023
5675.38 136.134 5732.4 96.3093
5689.19 104.274 5745.92 51.7054
5702.13 118.611 5757.09 97.9023
5714.18 148.878 5771.2 97.9023
5728.58 89.9373 5783.83 54.8914
5741.22 107.46 5797.35 74.0073
5753.85 101.088 5810.28 91.5303
5767.38 91.5303 5823.21 89.9373
5779.72 113.832 5836.15 94.7163
5792.65 97.9023 5849.96 86.7513
5806.76 172.773 5861.71 77.1933
5818.22 145.692 5876.4 86.7513
5832.32 117.018 5888.74 48.5194
5845.25 134.541 5901.97 77.1933
5857.6 85.1583 5914.02 67.6354
5869.65 155.25 5927.53 85.1583
5884.34 89.9373 5940.76 58.0774
5896.97 104.274 5952.51 54.8914
5910.2 137.727 5966.9 104.274
5922.54 129.762 5978.95 67.6354
5936.35 128.169 5992.76 81.9723
5949.28 136.134 6005.69 50.1124
5962.5 148.878 6018.03 62.8564
5975.72 150.471 6032.42 45.3334
5987.47 117.018 6044.76 74.0073
6001.28 134.541 6057.69 72.4143
6014.79 117.018 6071.2 102.681
6027.72 134.541 6084.13 104.274
6040.65 169.587 6097.34 51.7054
6052.99 161.622 6109.98 104.274
6066.21 144.099 6123.49 89.9373
6079.42 112.239 6136.41 112.239
6092.65 129.762 6148.75 97.9023
6106.16 147.285 6163.14 50.1124
6119.08 128.169 6174.89 46.9264
6131.12 131.355 6187.81 115.425
6144.93 129.762 6202.2 66.0424
6157.56 118.611 6213.95 78.7863
6170.78 139.32 6228.05 109.053
6183.7 161.622 6239.5 93.1233
6195.74 105.867 6254.18 67.6354
6209.25 120.204 6266.52 29.4035
6222.17 115.425 6278.85 43.7404
6235.68 94.7163 6291.48 62.8564
6248.6 115.425 6305.57 43.7404
6261.82 155.25 6319.08 70.8213
6274.45 129.762 6330.82 66.0424
6287.07 132.948 6344.33 77.1933
6300.29 107.46 6358.13 67.6354
6313.8 96.3093 6370.17 78.7863
6326.42 77.1933 6383.67 69.2283
6339.63 77.1933 6396.59 16.6595
6351.97 86.7513 6410.1 43.7404
6365.47 123.39 6422.13 81.9723
6379.56 128.169 6435.64 72.4143
6390.72 105.867 6447.67 88.3443
6404.52 132.948 6462.06 61.2634
6417.14 121.797 6474.68 67.6354
6430.94 124.983 6488.18 50.1124
6443.27 121.797 6501.98 51.7054
6456.77 117.018 6513.72 42.1474
6469.39 124.983 6527.22 77.1933
6482.6 131.355 6540.13 80.3793
6495.52 156.843 6552.75 115.425
6508.14 129.762 6565.66 53.2984
6521.64 129.762 6578.87 110.646
6534.85 126.576 6592.37 83.5653
6546.88 121.797 6605.28 26.2175
6561.26 128.169 6618.49 75.6003
6573.3 147.285 6631.4 48.5194
6587.09 118.611 6644.6 96.3093
6600.29 137.727 6656.93 70.8213
6612.03 137.727 6670.13 94.7163
6625.82 115.425 6683.33 107.46
6639.32 155.25 6696.24 85.1583
6651.65 142.506 6708.86 75.6003
6664.56 124.983 6722.35 70.8213
6677.76 142.506 6735.85 112.239
6690.38 115.425 6749.05 93.1233
6704.16 129.762 6761.37 64.4494
6716.78 123.39 6774.28 72.4143
6729.1 139.32 6788.06 83.5653
6742.6 105.867 6800.09 64.4494
6755.5 129.762 6813.58 123.39
6769.29 102.681 6826.78 53.2984
6781.02 158.436 6838.81 86.7513
6795.4 109.053 6852.3 86.7513
6807.13 118.611 6865.79 80.3793
6821.21 104.274 6878.69 62.8564
6833.82 86.7513 6892.18 83.5653
6846.73 156.843 6904.79 109.053
6859.92 121.797 6917.99 91.5303
6872.54 129.762 6930.89 89.9373
6885.15 144.099 6944.09 104.274
6898.93 117.018 6956.99 117.018
6911.83 80.3793 6969.89 97.9023
6925.03 131.355 6982.79 50.1124
6938.22 128.169 6996.28 75.6003
6950.83 144.099 7009.47 102.681
6963.73 161.622 7022.08 75.6003
6976.34 124.983 7035.27 102.681
6989.53 142.506 7049.05 81.9723
7002.73 117.018 7061.95 118.611
7016.21 160.029 7074.55 107.46
7028.53 121.797 7086.57 67.6354
7041.72 129.762 7100.93 21.4385
7055.2 110.646 7112.95 89.9373
7068.1 148.878 7126.43 75.6003
7081 132.948 7139.62 78.7863
7094.19 145.692 7152.81 94.7163
7106.79 150.471 7164.53 112.239
7119.69 179.145 7178.6 105.867
7133.47 129.762 7192.08 45.3334
7145.48 158.436 7205.85 83.5653
7158.67 139.32 7217.87 78.7863
7171.57 109.053 7231.05 72.4143
7183.88 99.4952 7243.36 94.7163
7197.65 110.646 7257.43 118.611
7210.25 177.552 7270.03 121.797
7223.73 172.773 7283.21 69.2283
7237.21 131.355 7295.52 34.1825
7250.1 169.587 7308.99 42.1474
7262.99 136.134 7321.3 59.6704
7275.59 153.657 7335.36 94.7163
7288.78 64.4494 7348.54 147.285
7301.67 132.948 7360.84 109.053
7314.85 128.169 7374.61 80.3793
7327.45 152.064 7386.91 72.4143
7340.92 158.436 7399.51 77.1933
7353.81 153.657 7413.57 26.2175
7366.99 153.657 7427.04 45.3334
7379.88 136.134 7439.63 56.4844
7392.18 89.9373 7452.52 91.5303
7405.66 134.541 7465.11 99.4952
7418.84 128.169 7478.58 126.576
7432.02 120.204 7491.76 62.8564
7444.91 147.285 7504.65 59.6704
7456.91 177.552 7517.53 15.0665
7470.97 128.169 7529.83 56.4844
7483.86 164.808 7543.59 23.0315
7496.74 128.169 7555.6 75.6003
7509.62 160.029 7569.65 69.2283
7522.51 152.064 7582.53 123.39
7535.98 129.762 7595.41 120.204
7549.15 179.145 7608.88 80.3793
7562.33 163.215 7621.47 -13.6074
7574.63 171.18 7634.35 34.1825
7587.51 140.913 7647.23 43.7404
7600.1 129.762 7660.7 32.5895
7614.44 129.762 7673.87 126.576
7627.32 112.239 7687.04 66.0424
7639.33 144.099 7699.92 148.878
7653.38 136.134 7712.5 51.7054
7666.84 144.099 7725.97 21.4385
7678.55 175.959 7738.55 8.69454
7692.01 132.948 7752.01 15.0665
7704.31 132.948 7765.48 88.3443
7718.06 99.4952 7778.65 45.3334
7730.65 117.018 7791.23 83.5653
7744.7 152.064 7803.52 51.7054
7755.82 131.355 7816.69 -7.23541
7769.57 180.738 7830.73 -113.966
7782.74 187.11 7843.61 -233.441
7795.91 124.983 7856.48 -180.872
7809.08 131.355 7869.35 -142.64
7821.37 112.239 7883.1 -88.4781
7835.41 137.727 7895.39 -78.9202
7847.99 136.134 7907.97 -102.815
7861.16 145.692 7922.6 -101.222
7873.74 172.773 7934.59 -86.8852
7887.49 203.04 7947.47 -96.4431
7900.66 150.471 7960.34 -93.2571
7912.65 134.541 7973.21 -56.6182
7925.53 97.9023 7986.95 -45.4673
7938.69 140.913 7999.83 16.6595
7952.15 156.843 8012.69 -27.9443
7965.31 220.563 8025.85 -15.2004
7979.06 230.121 8037.85 -24.7583
7990.76 187.11 8051.89 -31.1303
8004.21 188.703 8065.34 -10.4214
8017.08 161.622 8078.21 56.4844
8029.66 132.948 8089.9 91.5303
8042.53 163.215 8103.65 88.3443
8055.69 167.994 8117.98 78.7863
8068.55 180.738 8129.67 42.1474
8081.71 204.633 8143.12 13.4735
8096.04 226.935 8156.28 10.2875
8108.03 225.342 8169.44 30.9965
8120.9 169.587 8182.89 37.3684
8133.77 136.134 8195.46 112.239
8147.22 161.622 8207.74 86.7513
8159.79 185.517 8220.9 115.425
8173.83 220.563 8234.64 104.274
8186.1 231.714 8246.91 42.1474
8198.38 255.609 8260.65 -67.7692
8212.42 246.051 8272.93 -15.2004
8224.7 218.97 8286.38 124.983
8238.44 158.436 8299.53 144.099
8251.01 183.924 8312.98 206.226
8264.75 228.528 8325.55 185.517
8276.15 257.202 8338.99 212.598
8289.89 276.318 8352.14 150.471
8303.04 327.294 8364.13 169.587
8315.32 312.957 8377.86 152.064
8329.34 301.806 8391.01 207.819
8342.5 279.504 8403.29 269.946
8355.65 234.9 8416.73 351.188
8367.93 274.725 8430.47 343.223
8380.79 355.967 8442.74 362.339
8393.94 413.315 8456.18 335.259
8406.5 454.733 8468.75 289.062
8420.24 445.175 8482.48 325.701
8433.39 394.199 8494.75 352.781
8445.95 400.571 8508.49 389.42
8458.81 389.42 8521.05 424.466
8471.96 426.059 8534.2 451.547
8484.53 469.07 8547.34 438.803
8497.67 526.418 8561.08 445.175
8510.82 591.731 8573.64 424.466
8523.97 588.545 8586.2 403.757
8537.7 607.661 8599.06 464.291
8550.85 531.197 8612.49 496.151
8562.83 543.941 8625.64 539.162
8575.98 567.836 8637.32 601.289
8589.12 641.113 8651.64 629.963
8602.27 701.647 8664.49 602.882
8615.12 714.391 8677.34 601.289
8629.14 701.647 8690.19 604.475
8641.12 698.461 8704.21 609.254
8654.56 614.033 8716.77 695.275
8666.83 665.008 8729.92 711.205
8679.97 674.566 8742.47 762.181
8693.41 747.844 8755.91 840.238
8705.67 800.413 8768.76 763.774
8719.69 792.448 8781.32 821.122
8730.79 798.82 8795.04 859.354
8745.69 784.483 8809.06 876.877
8758.83 731.914 8820.74 905.551
8770.51 743.065 8834.17 948.562
8784.24 776.518 8846.73 1063.26
8796.5 894.4 8860.75 1072.82
8810.52 980.421 8873.31 1025.03
8823.66 1004.32 8887.03 1017.06
8835.64 1002.72 8898.42 1053.7
8849.07 993.165 8912.14 1096.71
8861.62 956.526 8925.57 1088.75
8874.76 897.586 8937.83 1195.48
8888.78 977.235 8951.26 1230.52
8901.04 1109.45 8965.28 1224.15
8914.77 1228.93 8977.83 1185.92
8926.74 1346.81 8990.09 1200.25
8940.75 1364.33 9004.4 1190.7
8953.31 1348.4 9015.78 1311.76
8966.74 1271.94 9028.92 1343.62
8979.29 1294.24 9042.35 1396.19
8992.43 1354.78 9056.36 1439.2
9005.57 1437.61 9068.91 1404.16
9017.53 1563.46 9082.34 1416.9
9030.67 1662.22 9094.6 1400.97
9043.81 1663.82 9107.74 1420.09
9056.94 1652.67 9120.87 1474.25
9070.37 1584.17 9133.42 1536.38
9083.22 1557.09 9146.56 1676.56
9096.06 1574.61 9160.28 1714.79
9109.2 1612.84 9173.12 1773.73
9122.62 1725.94 9186.54 1719.57
9135.47 1837.45 9199.09 1681.34
9148.6 1886.84 9212.23 1708.42
9161.44 1867.72 9225.36 1711.61
9173.7 1816.74 9237.91 1786.48
9187.13 1717.98 9250.75 1891.61
9200.55 1772.14 9264.76 2009.5
9212.81 1773.73 9277.02 2046.13
9226.53 1877.28 9290.73 1963.3
9239.66 1985.6 9303.28 1950.56
9251.34 2062.06 9317 1893.21
9265.05 2105.08 9329.84 1861.35
9278.77 2055.69 9341.8 1976.04
9290.73 2041.36 9355.81 2117.82
9304.16 2030.21 9368.36 2189.5
9317.87 2084.37 9381.49 2245.26
9330.72 2176.76 9394.62 2160.83
9343.26 2321.72 9408.04 2162.42
9356.69 2418.9 9420.3 2124.19
9370.11 2433.23 9435.47 2121.01
9381.49 2430.05 9447.14 2192.69
9395.2 2441.2 9459.4 2272.34
9407.75 2415.71 9473.99 2418.9
9420.88 2481.02 9486.24 2488.99
9434.89 2562.27 9498.78 2484.21
9446.27 2657.85 9511.62 2492.17
9459.98 2729.53 9525.34 2426.86
9473.4 2780.51 9537.59 2501.73
9486.24 2743.87 9551.59 2474.65
9499.08 2751.83 9563.85 2567.04
9512.5 2696.08 9577.27 2710.41
9525.92 2764.58 9590.4 2764.58
9537.88 2750.24 9603.52 2826.7
9551.59 2837.85 9616.07 2794.84
9564.72 2938.21 9630.07 2755.02
9576.68 2960.51 9642.91 2796.44
9589.81 2971.66 9655.74 2860.16
9602.36 2930.25 9668.29 2920.69
9615.78 2946.18 9681.12 2990.78
9628.9 2960.51 9695.13 3102.29
9642.32 2927.06 9707.96 3134.15
9656.33 3046.54 9720.8 3094.33
9668.87 3097.51 9734.22 3081.58
9680.54 3154.86 9746.76 3094.33
9694.25 3218.58 9759.3 3113.44
9706.79 3177.16 9773.6 3161.23
9720.8 3242.47 9785.56 3271.15
9733.92 3255.22 9798.68 3336.46
9746.17 3307.79 9812.1 3355.58
9759.59 3373.1 9824.93 3344.43
9772.72 3457.53 9838.64 3352.39
9785.56 3551.52 9851.77 3323.72
9798.68 3554.7 9864.31 3361.95
9811.81 3575.41 9876.85 3389.03
9824.64 3570.63 9890.56 3462.31
9837.19 3643.91 9903.98 3602.49
9850.31 3677.36 9917.1 3643.91
9863.14 3744.27 9929.65 3706.04
9875.98 3833.48 9941.9 3669.4
9889.11 3948.17 9955.9 3629.57
9902.81 3957.73 9967.86 3640.72
9915.65 4002.33 9982.73 3696.48
9928.19 3986.4 9994.11 3709.22
9941.61 3976.84 10008.1 3924.28
9953.27 3970.47 10021.2 3962.51
9966.98 4042.16 10034.9 4034.19
9979.82 4112.25 10047.2 4062.87
9993.52 4177.56 10060.6 4021.45
10006.6 4276.33 10072.3 3994.37
10018.9 4300.22 10086.3 4035.79
10031.1 4309.78 10099.7 4160.04
10046 4308.19 10113.1 4250.84
10057.4 4306.59 10125.6 4346.42
10071.1 4360.76 10139.1 4413.33
10084.2 4421.29 10151.6 4438.81
10097.9 4548.73 10164.4 4419.7
10110.2 4649.09 10177.5 4400.58
10123 4714.4 10189.8 4477.04
10136.7 4814.76 10204.1 4577.4
10149.3 4768.56 10217.8 4631.57
10163 4824.32 10229.5 4749.45
10174.4 4838.66 10243.5 4786.09
10188.6 4883.26 10256.3 4865.74
10201.8 5042.56 10268.3 4841.84
10214.3 5104.68 10283.1 4848.21
10227.7 5166.81 10294.8 4892.82
10239.7 5286.29 10308.2 4958.13
10253.7 5377.09 10321.6 5034.59
10265.9 5340.45 10333.9 5181.15
10278.8 5373.9 10347.3 5216.19
10291.6 5393.02 10360.7 5240.09
10304.7 5509.31 10373.5 5236.9
10318.1 5550.72 10386.7 5235.31
10331.5 5670.2 10399.8 5251.24
10344.4 5737.1 10413.5 5273.54
10357.2 5743.48 10425.8 5404.17
10370 5735.51 10439.7 5450.37
10383.8 5780.12 10452.6 5537.98
10396.9 5805.6 10466 5663.83
10408.8 5858.17 10479.4 5657.45
10422 5939.41 10493.1 5673.38
10435.1 5979.24 10500.1 5751.44
10448.2 5964.9 10486.7 5722.77
10461.6 5888.44 10474.4 5813.57
