4012.7 86.7513 4025.32 70.8213
4003.6 129.762 4037.94 89.9373
3999.49 118.611 4051.15 121.797
4009.76 91.5303 4064.66 88.3443
4022.09 77.1933 4077.28 72.4143
4034.72 104.274 4091.37 99.4952
4047.92 139.32 4103.7 62.8564
4060.84 126.576 4116.62 81.9723
4074.34 131.355 4128.95 70.8213
4088.44 150.471 4143.34 123.39
4100.47 117.018 4156.26 81.9723
4112.8 94.7163 4169.77 48.5194
4127.19 129.762 4182.1 74.0073
4139.52 124.983 4194.73 107.46
4152.74 123.39 4207.95 70.8213
4165.95 134.541 4220.28 83.5653
4178.88 142.506 4233.8 69.2283
4192.09 129.762 4247.01 72.4143
4204.72 110.646 4260.23 93.1233
4217.64 93.1233 4272.27 118.611
4229.98 113.832 4287.26 101.088
4244.66 128.169 4299.3 32.5895
4257.59 140.913 4311.93 56.4844
4269.92 134.541 4324.86 85.1583
4283.44 147.285 4338.67 83.5653
4295.19 145.692 4351.01 97.9023
4309.29 124.983 4364.23 53.2984
4323.1 152.064 4376.86 105.867
4335.43 72.4143 4389.79 94.7163
4348.95 124.983 4403.6 54.8914
4361.29 99.4952 4416.24 85.1583
4374.51 96.3093 4429.46 43.7404
4388.32 145.692 4442.39 40.5544
4400.07 115.425 4455.61 43.7404
4413.3 102.681 4467.95 72.4143
4426.23 105.867 4481.47 117.018
4439.45 118.611 4494.11 81.9723
4452.38 107.46 4507.92 93.1233
4465.9 144.099 4520.85 59.6704
4478.53 140.913 4534.37 34.1825
4491.46 123.39 4546.13 48.5194
4505.57 118.611 4560.24 62.8564
4518.5 96.3093 4572.58 75.6003
4531.14 123.39 4586.1 88.3443
4543.48 66.0424 4598.15 93.1233
4556.71 104.274 4612.26 109.053
4570.52 152.064 4624.02 102.681
4582.87 126.576 4638.13 45.3334
4595.51 155.25 4651.36 43.7404
4609.32 128.169 4664.59 69.2283
4622.26 160.029 4676.05 88.3443
4634.31 104.274 4689.57 70.8213
4647.83 105.867 4702.8 96.3093
4661.35 118.611 4716.03 110.646
4674.58 129.762 4728.67 59.6704
4687.22 160.029 4741.9 51.7054
4699.86 96.3093 4754.25 54.8914
4712.5 136.134 4768.07 66.0424
4726.32 66.0424 4781 45.3334
4739.26 110.646 4793.64 62.8564
4751.6 109.053 4807.17 105.867
4765.13 118.611 4820.69 94.7163
4777.77 140.913 4833.04 83.5653
4790.7 128.169 4846.86 58.0774
4803.64 169.587 4859.5 59.6704
4817.16 142.506 4871.85 54.8914
4830.39 131.355 4885.08 46.9264
4843.04 107.46 4898.31 94.7163
4856.86 147.285 4911.54 81.9723
4869.2 89.9373 4924.19 46.9264
4882.73 144.099 4937.12 75.6003
4895.96 136.134 4949.47 61.2634
4908.31 132.948 4963.59 40.5544
4921.54 99.4952 4976.82 59.6704
4934.77 105.867 4989.46 88.3443
4946.24 107.46 5002.98 83.5653
4960.35 129.762 5015.34 77.1933
4973.29 153.657 5027.98 109.053
4986.81 147.285 5041.5 54.8914
4999.16 126.576 5054.44 80.3793
5013.28 152.064 5067.09 43.7404
5025.33 140.913 5080.9 59.6704
5038.27 121.797 5093.55 80.3793
5050.91 123.39 5106.78 70.8213
5064.15 83.5653 5119.42 53.2984
5077.67 142.506 5132.07 77.1933
5089.73 174.366 5145.59 94.7163
5103.25 148.878 5159.71 56.4844
5117.07 167.994 5170.88 32.5895
5129.13 134.541 5183.82 61.2634
5142.65 121.797 5199.4 29.4035
5155.59 115.425 5210.58 96.3093
5168.53 91.5303 5223.51 88.3443
5181.76 102.681 5237.04 104.274
5195.58 109.053 5250.27 81.9723
5207.93 147.285 5262.32 85.1583
5220.87 136.134 5275.85 75.6003
5233.8 164.808 5289.08 23.0315
5246.45 104.274 5302.02 43.7404
5259.38 96.3093 5315.25 74.0073
5273.2 78.7863 5328.48 94.7163
5285.85 105.867 5341.71 88.3443
5299.37 107.46 5354.35 59.6704
5312.31 180.738 5367.58 96.3093
5324.66 158.436 5380.52 30.9965
5337.6 136.134 5393.16 -2.45642
5351.41 139.32 5406.69 54.8914
5363.76 99.4952 5419.33 15.0665
5376.11 85.1583 5431.97 88.3443
5390.81 134.541 5446.08 78.7863
5403.16 164.808 5458.43 86.7513
5415.51 164.808 5471.95 50.1124
5428.44 177.552 5484.01 80.3793
5441.97 139.32 5498.12 45.3334
5455.49 152.064 5510.76 69.2283
5466.96 86.7513 5523.11 42.1474
5481.07 145.692 5536.93 59.6704
5494 93.1233 5550.74 99.4952
5507.23 145.692 5562.5 56.4844
5520.46 161.622 5575.44 78.7863
5533.4 167.994 5588.96 54.8914
5545.74 155.25 5601.89 69.2283
5558.97 137.727 5615.41 72.4143
5572.2 117.018 5627.76 70.8213
5585.14 121.797 5641.87 86.7513
5597.48 136.134 5654.22 54.8914
5611.59 97.9023 5667.15 105.867
5623.35 167.994 5680.96 86.7513
5636.28 171.18 5693.31 53.2984
5650.69 102.681 5706.83 46.9264
5663.03 118.611 5718.88 29.4035
5675.67 109.053 5732.11 62.8564
5689.19 88.3443 5745.33 129.762
5702.72 123.39 5758.56 67.6354
5714.47 81.9723 5771.78 96.3093
5727.4 156.843 5783.83 61.2634
5740.92 155.25 5796.47 48.5194
5754.44 89.9373 5810.58 3.91556
5767.38 164.808 5822.63 48.5194
5779.72 94.7163 5836.73 59.6704
5792.94 113.832 5849.96 59.6704
5806.17 120.204 5862.3 62.8564
5819.1 128.169 5875.23 67.6354
5831.74 152.064 5888.45 83.5653
5845.25 134.541 5901.68 62.8564
5858.18 161.622 5914.9 13.4735
5870.82 166.401 5927.24 32.5895
5882.87 139.32 5940.17 40.5544
5897.56 99.4952 5953.1 61.2634
5909.61 150.471 5966.9 69.2283
5922.54 121.797 5979.83 83.5653
5936.94 145.692 5992.47 101.088
5949.28 86.7513 6005.69 58.0774
5961.91 169.587 6018.61 46.9264
5975.13 117.018 6030.95 48.5194
5988.06 167.994 6045.64 10.2875
6001.57 142.506 6057.1 72.4143
6014.21 88.3443 6070.32 77.1933
6027.43 126.576 6084.42 78.7863
6039.77 140.913 6096.76 53.2984
6053.87 150.471 6110.27 75.6003
6065.03 171.18 6123.49 43.7404
6079.42 163.215 6136.12 30.9965
6092.35 112.239 6149.04 35.7755
6105.57 117.018 6163.14 43.7404
6118.49 129.762 6174.6 43.7404
6131.12 118.611 6188.4 75.6003
6144.93 126.576 6201.32 54.8914
6157.56 112.239 6213.95 50.1124
6169.6 113.832 6227.46 74.0073
6183.99 113.832 6240.68 5.50855
6196.03 128.169 6253.6 -13.6074
6208.66 166.401 6266.52 27.8105
6222.76 161.622 6279.14 42.1474
6235.68 147.285 6292.36 56.4844
6248.02 171.18 6304.99 29.4035
6260.65 163.215 6319.08 40.5544
6273.57 147.285 6330.82 0.729569
6287.37 120.204 6344.63 5.50855
6299.41 53.2984 6357.54 -35.9093
6313.8 129.762 6370.17 -27.9443
6326.72 142.506 6384.85 24.6245
6339.63 112.239 6396.89 62.8564
6352.26 191.889 6410.1 -2.45642
6365.76 174.366 6423.01 -2.45642
6378.39 137.727 6435.93 5.50855
6391.31 142.506 6449.43 27.8105
6404.52 113.832 6462.35 16.6595
6417.44 113.832 6475.27 -0.863426
6430.06 163.215 6487.59 40.5544
6443.27 104.274 6501.68 40.5544
6456.77 188.703 6513.13 11.8805
6469.39 156.843 6527.51 64.4494
6481.72 156.843 6539.55 27.8105
6495.81 152.064 6552.75 53.2984
6508.14 129.762 6565.66 15.0665
6521.35 117.018 6579.16 -0.863426
6535.14 107.46 6592.37 16.6595
6547.18 147.285 6605.58 21.4385
6561.26 131.355 6619.07 58.0774
6573 155.25 6630.52 61.2634
6585.91 167.994 6644.31 69.2283
6600 128.169 6657.51 69.2283
6611.44 112.239 6669.84 83.5653
6626.12 89.9373 6683.63 37.3684
6637.86 124.983 6696.83 64.4494
6651.06 113.832 6709.15 51.7054
6663.97 132.948 6723.23 75.6003
6678.05 171.18 6735.26 102.681
6690.96 158.436 6748.46 153.657
6703.87 177.552 6761.66 124.983
6717.07 160.029 6775.16 83.5653
6729.4 123.39 6788.94 96.3093
6742.89 113.832 6800.09 104.274
6755.5 115.425 6814.17 134.541
6767.53 112.239 6825.9 132.948
6781.32 214.191 6839.98 204.633
6795.69 203.04 6853.18 225.342
6807.42 209.412 6865.79 67.6354
6820.62 255.609 6878.69 124.983
6833.82 171.18 6892.18 69.2283
6846.43 169.587 6904.79 113.832
6859.92 160.029 6918.58 203.04
6873.12 191.889 6931.19 239.679
6886.02 215.784 6944.09 281.097
6898.34 252.423 6957.58 289.062
6911.24 265.167 6970.48 268.353
6924.44 276.318 6982.79 274.725
6937.64 268.353 6996.57 252.423
6950.83 228.528 7008.89 292.248
6964.03 242.865 7022.37 285.876
6977.81 266.76 7035.27 352.781
6990.41 265.167 7049.05 405.35
7002.73 317.736 7061.36 438.803
7016.51 368.711 7074.26 422.873
7028.23 360.746 7086.86 462.698
7041.72 363.932 7100.35 368.711
7054.62 348.002 7113.54 424.466
7068.1 346.409 7127.02 424.466
7081.59 343.223 7138.74 459.512
7093.31 357.56 7152.22 555.092
7106.5 427.652 7165.12 561.464
7119.4 475.442 7178.6 607.661
7133.17 526.418 7192.37 540.755
7145.19 540.755 7204.98 496.151
7158.97 486.593 7217.87 477.035
7170.98 465.884 7231.05 518.453
7185.34 481.814 7243.07 606.068
7196.77 459.512 7257.13 687.31
7211.42 558.278 7269.73 774.925
7223.44 620.405 7283.21 773.332
7236.62 671.38 7295.81 717.577
7249.51 677.752 7309.58 715.984
7263.58 680.938 7321.3 669.787
7275.88 674.566 7335.65 733.507
7289.07 663.415 7348.25 779.704
7301.37 604.475 7360.26 841.831
7315.73 696.868 7374.32 946.969
7328.03 715.984 7387.21 935.818
7340.63 797.227 7400.39 911.923
7353.52 817.936 7412.98 934.225
7366.41 867.319 7425.57 900.772
7378.71 876.877 7438.17 919.888
7392.77 809.971 7452.81 1012.28
7406.24 803.599 7465.41 1023.43
7418.84 835.459 7478.88 1163.62
7432.02 927.853 7491.76 1157.24
7444.91 903.958 7504.65 1165.21
7457.21 1012.28 7517.82 1055.29
7470.97 1007.5 7530.12 1026.62
7483.56 1018.65 7543.3 1007.5
7497.33 993.165 7556.47 1115.83
7509.33 1004.32 7569.36 1238.49
7523.39 1045.73 7583.41 1275.13
7535.39 1064.85 7595.41 1302.21
7549.45 1119.01 7608.3 1326.1
7562.33 1160.43 7622.35 1265.57
7574.33 1244.86 7634.64 1251.23
7588.39 1240.08 7647.23 1249.64
7600.39 1248.04 7661.57 1279.9
7614.15 1241.67 7673.87 1391.41
7626.45 1295.83 7687.04 1472.66
7639.33 1340.44 7699.92 1525.23
7652.79 1410.53 7712.21 1522.04
7666.26 1467.88 7726.84 1526.82
7678.55 1517.26 7738.85 1482.21
7691.72 1509.3 7752.01 1541.16
7704.31 1504.52 7765.18 1619.21
7717.77 1496.55 7778.65 1657.44
7730.94 1534.78 7791.81 1719.57
7743.82 1633.55 7803.81 1813.56
7756.4 1708.42 7818.15 1783.29
7770.16 1741.87 7829.56 1784.88
7783.03 1743.47 7844.19 1784.88
7795.32 1799.22 7855.9 1764.18
7809.08 1823.12 7869.35 1864.53
7821.95 1832.67 7882.52 1950.56
7835.41 1821.52 7895.1 2036.58
7847.7 1878.87 7908.56 2081.18
7859.99 1955.33 7921.72 2084.37
7874.04 1976.04 7934.89 2030.21
7887.49 1968.08 7947.47 1948.96
7899.78 2001.53 7960.63 2001.53
7912.07 1995.16 7972.62 2089.15
7926.4 2023.83 7986.37 2191.1
7940.15 2062.06 8000.12 2326.5
7951.56 2093.92 8012.4 2351.99
7965.31 2165.61 8025.56 2329.69
7978.18 2192.69 8038.72 2272.34
7990.76 2205.43 8052.76 2230.92
8004.21 2216.59 8065.05 2293.05
8016.2 2208.62 8077.04 2308.98
8030.54 2305.79 8090.49 2422.08
8042.82 2350.4 8104.23 2528.81
8055.69 2420.49 8117.39 2590.94
8068.55 2500.14 8130.26 2584.57
8082.59 2516.07 8143.12 2552.71
8096.04 2551.11 8155.99 2517.66
8108.03 2511.29 8169.44 2487.39
8120.9 2508.1 8181.72 2575.01
8133.77 2579.79 8195.75 2700.86
8147.51 2602.09 8208.32 2809.18
8160.67 2715.19 8221.19 2880.86
8173.53 2788.47 8234.34 2942.99
8185.52 2847.41 8246.62 2864.93
8199.55 2852.19 8260.94 2817.14
8212.42 2837.85 8273.22 2755.02
8224.7 2855.38 8286.38 2868.12
8238.73 2872.9 8299.53 2978.04
8251.01 2837.85 8312.39 3110.26
8263.87 2989.19 8324.96 3191.5
8277.02 3006.71 8338.7 3215.39
8290.76 3095.92 8351.27 3167.6
8303.04 3127.78 8365.59 3110.26
8315.9 3132.56 8377.57 3040.16
8328.76 3137.34 8391.89 3124.59
8341.62 3092.73 8403.58 3224.95
8355.36 3135.74 8417.02 3291.86
8368.22 3197.87 8429.59 3470.27
8381.66 3252.03 8442.74 3463.9
8393.64 3363.54 8456.77 3465.49
8407.38 3440.01 8468.45 3338.05
8420.82 3420.89 8481.9 3331.68
8432.51 3463.9 8495.04 3318.94
8446.54 3476.64 8508.49 3438.41
8459.4 3471.86 8521.93 3637.54
8472.25 3500.54 8533.61 3760.2
8484.53 3540.36 8547.05 3777.72
8498.26 3707.63 8561.08 3780.91
8511.41 3752.23 8573.64 3699.66
8523.97 3849.41 8586.2 3634.35
8536.53 3851 8599.93 3651.87
8550.27 3830.29 8612.49 3725.15
8562.54 3841.44 8625.64 3916.31
8576.56 3890.82 8638.2 4018.26
8589.41 3922.68 8651.64 4140.92
8601.68 4056.49 8665.07 4155.26
8614.54 4137.74 8677.05 4086.76
8628.85 4239.69 8690.49 4016.67
8641.12 4238.1 8703.92 4018.26
8653.97 4258.8 8716.77 4123.4
8667.12 4244.47 8729.33 4293.85
8679.97 4246.06 8741.6 4427.66
8694.28 4322.52 8755.91 4574.22
8706.55 4368.72 8768.76 4583.78
8718.82 4445.19 8781.61 4510.5
8731.67 4593.33 8794.46 4462.71
8745.69 4543.95 8808.18 4411.73
8758.25 4609.26 8821.33 4486.6
8770.8 4604.48 8834.17 4623.6
8784.82 4663.43 8846.73 4786.09
8797.67 4669.8 8860.45 4945.39
8810.52 4741.48 8873.01 4972.47
8823.95 4833.88 8886.15 4899.19
8835.64 4865.74 8899.29 4830.69
8848.19 4954.94 8912.14 4768.56
8862.79 4997.95 8926.15 4765.38
8874.18 4982.02 8936.96 4822.72
8888.49 5005.92 8951.55 4978.84
8900.17 4993.18 8964.4 5082.38
8913.89 5076.01 8977.83 5190.71
8926.74 5192.3 8990.97 5240.09
8940.46 5287.88 9004.1 5192.3
8953.6 5402.58 9016.66 5103.09
8966.74 5357.97 9028.04 5133.36
8979 5420.1 9042.64 5220.97
8991.26 5378.68 9055.19 5362.75
9005.86 5385.05 9069.5 5463.11
9018.12 5498.15 9082.63 5579.4
9030.96 5593.74 9094.31 5628.78
9043.81 5727.55 9107.15 5654.27
9056.94 5845.43 9120.58 5690.91
9070.08 5899.59 9132.84 5692.5
9083.51 5928.26 9147.43 5773.74
9096.65 5925.08 9159.98 5885.25
9108.9 5850.21 9172.53 6030.22
9122.33 5945.79 9185.38 6076.41
9134.59 6050.92 9198.51 6078.01
9148.02 6195.89 9211.65 6095.53
9161.74 6320.14 9225.36 6066.85
9174.29 6444.39 9239.08 6074.82
9187.13 6444.39 9251.63 6232.53
9199.97 6383.86 9264.47 6293.06
9212.81 6355.19 9277.02 6393.42
9226.53 6398.2 9289.57 6444.39
9239.37 6460.32 9304.45 6420.5
9252.21 6637.15 9315.83 6455.55
9265.34 6731.13 9329.55 6420.5
9278.19 6833.08 9342.39 6409.35
9291.32 6849.01 9355.52 6535.19
9303.87 6887.25 9368.36 6594.14
9317 6844.24 9381.78 6793.26
9330.13 6874.5 9394.91 6825.12
9343.26 6957.34 9408.04 6818.75
9356.69 7054.51 9420.59 6837.86
9368.94 7121.42 9433.72 6813.97
9381.49 7267.97 9446.56 6939.82
9395.5 7293.46 9459.98 7032.21
9408.33 7322.13 9473.99 7089.56
9420.59 7304.61 9485.65 7306.2
9434.59 7358.77 9499.08 7365.14
9446.27 7409.75 9512.21 7409.75
9459.98 7527.63 9525.34 7424.09
9473.69 7624.8 9538.17 7438.42
9486.24 7729.94 9551.59 7470.28
9499.66 7755.43 9564.14 7554.71
9511.91 7808 9577.27 7718.79
9524.46 7833.48 9589.81 7844.64
9539.05 7914.73 9602.94 7921.1
9551.01 8003.94 9616.94 8002.34
9564.14 8097.92 9630.07 7925.88
9576.68 8156.86 9642.03 7962.52
9589.52 8220.58 9655.74 7999.16
9602.36 8305.01 9668.58 8016.68
9616.07 8328.91 9681.12 8199.87
9629.78 8378.29 9694.83 8336.87
9640.86 8437.23 9707.96 8395.81
9656.03 8526.44 9720.8 8470.68
9668.29 8606.09 9733.92 8446.79
9681.12 8682.55 9747.34 8410.15
9694.25 8672.99 9758.43 8351.21
9705.92 8757.42 9772.43 8440.42
9719.92 8774.95 9787.01 8558.3
9732.76 8849.82 9798.68 8731.93
9746.47 8988.41 9812.68 8894.42
9758.72 9007.52 9825.52 8932.65
9772.43 9138.15 9838.64 8996.37
9785.26 9181.16 9852.06 8937.43
9798.97 9205.05 9864.9 8902.38
9811.23 9278.33 9877.15 8964.51
9824.06 9303.82 9890.56 9056.91
9836.89 9418.52 9903.1 9252.84
9850.6 9490.2 9916.23 9434.45
9862.85 9631.98 9928.48 9493.39
9876.27 9751.45 9942.77 9541.18
9889.4 9834.29 9955.9 9480.64
9902.23 9898.01 9969.32 9482.24
9915.65 9953.76 9982.15 9506.13
9928.77 9883.67 9994.69 9608.08
9941.31 10035 10007.8 9823.14
9954.15 10060.5 10020.9 9952.17
9966.98 10200.7 10034.1 10014.3
9980.69 10348.8 10046.3 10066.9
9993.52 10434.8 10060.6 9960.13
10006.1 10575 10072.6 10038.2
10018.6 10489 10086.3 10044.6
10032.6 10517.7 10100 10232.5
10045.7 10547.9 10111.4 10411
10058.6 10559.1 10125.3 10522.5
10071.7 10731.1 10138.5 10656.3
10084.8 10863.4 10151 10632.4
10098.2 11011.5 10165.3 10563.9
10109.6 11123 10177.5 10538.4
10123.9 11092.8 10190.7 10586.2
10135.9 11131 10203.5 10686.5
10149.3 11051.3 10216.6 10898.4
10161.8 11054.5 10229.8 11051.3
10174.6 11210.6 10243.2 11220.2
10188.6 11295.1 10256.6 11236.1
10201.5 11551.5 10269.1 11169.2
10214 11658.3 10282.3 11088
10226.5 11757 10295.1 11022.7
10240 11798.4 10308.5 11215.4
10253.4 11623.2 10320.8 11312.6
10266.2 11659.9 10335 11586.6
10278.2 11699.7 10348.5 11723.6
10291.9 11800 10360.7 11808
10304.7 12043.8 10373.8 11835.1
10319 12180.8 10386.1 11682.2
10331.3 12478.7 10399.5 11715.6
10344.4 12473.9 10413.8 11750.7
10357.5 12408.6 10426.6 11895.6
10369.2 12392.6 10439.5 12182.4
10383.8 12321 10452.6 12274.8
10396.3 12524.9 10466.3 12402.2
10409.1 12706.5 10479.7 12410.2
10422.3 12880.1 10493.1 12341.7
10434.8 13122.2 10499.8 12399
10447.3 13074.4 10487.3 12395.8
10461.6 12935.8 10473.9 12609.3
