4012.7 81.9723 4026.79 69.2283
4003.89 128.169 4038.53 77.1933
4000.08 107.46 4051.45 67.6354
4008.88 99.4952 4064.66 45.3334
4021.21 89.9373 4077.28 64.4494
4034.72 77.1933 4090.2 15.0665
4048.8 27.8105 4104.29 21.4385
4060.55 72.4143 4116.92 58.0774
4075.52 118.611 4129.84 43.7404
4087.85 115.425 4142.46 53.2984
4100.77 118.611 4155.38 45.3334
4113.39 123.39 4168.6 70.8213
4126.6 115.425 4182.1 38.9614
4140.11 91.5303 4194.44 51.7054
4153.33 45.3334 4207.66 37.3684
4166.83 62.8564 4221.17 18.2525
4178.88 121.797 4233.8 67.6354
4192.68 110.646 4247.01 29.4035
4205.31 88.3443 4260.23 50.1124
4217.94 99.4952 4272.57 53.2984
4230.86 105.867 4285.49 26.2175
4244.37 46.9264 4298.71 21.4385
4257 62.8564 4311.34 26.2175
4270.81 62.8564 4325.15 58.0774
4283.14 58.0774 4338.67 43.7404
4296.66 96.3093 4350.71 45.3334
4308.99 117.018 4364.52 32.5895
4322.21 107.46 4377.15 51.7054
4335.14 74.0073 4389.5 24.6245
4348.36 75.6003 4403.89 34.1825
4361.29 70.8213 4417.41 27.8105
4374.22 66.0424 4428.58 11.8805
4387.44 70.8213 4442.39 62.8564
4400.37 99.4952 4455.9 16.6595
4413.59 112.239 4468.54 81.9723
4426.81 94.7163 4480.3 13.4735
4439.16 131.355 4495.58 29.4035
4452.38 78.7863 4507.33 48.5194
4465.01 83.5653 4520.85 32.5895
4479.12 74.0073 4533.49 19.8455
4490.88 67.6354 4546.42 19.8455
4504.39 77.1933 4559.65 32.5895
4517.62 78.7863 4573.17 21.4385
4530.55 107.46 4585.51 42.1474
4544.66 104.274 4598.74 37.3684
4557.88 99.4952 4612.26 21.4385
4570.52 69.2283 4624.02 53.2984
4584.05 83.5653 4637.84 34.1825
4596.68 85.1583 4651.65 86.7513
4609.32 96.3093 4663.41 13.4735
4621.96 124.983 4676.64 56.4844
4634.9 78.7863 4689.57 81.9723
4647.54 64.4494 4702.8 18.2525
4661.06 67.6354 4715.44 66.0424
4674.29 53.2984 4729.55 46.9264
4686.93 86.7513 4742.19 78.7863
4699.86 102.681 4754.84 74.0073
4713.38 101.088 4767.18 32.5895
4726.32 112.239 4781.59 -24.7583
4739.26 121.797 4793.94 40.5544
4752.48 51.7054 4807.76 46.9264
4764.24 51.7054 4820.4 58.0774
4778.06 66.0424 4832.75 30.9965
4790.7 70.8213 4845.68 18.2525
4803.64 128.169 4859.21 42.1474
4817.46 126.576 4872.14 10.2875
4829.81 132.948 4885.38 37.3684
4843.04 105.867 4898.31 30.9965
4856.27 104.274 4910.96 50.1124
4869.2 74.0073 4924.19 56.4844
4881.85 56.4844 4937.71 16.6595
4895.37 59.6704 4950.36 78.7863
4908.31 91.5303 4963.88 15.0665
4922.13 97.9023 4976.52 26.2175
4934.18 104.274 4990.05 34.1825
4947.71 136.134 5002.1 43.7404
4960.06 132.948 5015.92 59.6704
4973.29 105.867 5027.68 75.6003
4985.64 64.4494 5042.09 50.1124
4999.75 64.4494 5055.91 32.5895
5011.81 101.088 5067.38 89.9373
5025.63 136.134 5080.9 27.8105
5038.27 150.471 5094.73 40.5544
5051.5 96.3093 5106.49 40.5544
5064.44 83.5653 5120.89 32.5895
5077.97 88.3443 5132.95 105.867
5090.02 51.7054 5145.89 40.5544
5103.55 81.9723 5158.53 69.2283
5116.78 50.1124 5171.76 3.91556
5129.13 107.46 5184.41 27.8105
5142.36 117.018 5198.81 8.69454
5155.3 147.285 5210.87 11.8805
5169.12 132.948 5224.1 21.4385
5182.05 107.46 5237.33 58.0774
5195.28 46.9264 5249.98 50.1124
5208.22 61.2634 5263.21 48.5194
5220.57 77.1933 5276.73 43.7404
5234.1 89.9373 5288.49 26.2175
5246.45 129.762 5301.72 24.6245
5259.97 126.576 5315.84 30.9965
5272.03 147.285 5327.89 38.9614
5285.26 115.425 5341.42 34.1825
5298.78 70.8213 5354.06 61.2634
5311.43 115.425 5367 62.8564
5324.66 56.4844 5380.23 85.1583
5338.18 102.681 5393.16 40.5544
5350.53 132.948 5405.81 32.5895
5363.47 81.9723 5419.04 30.9965
5376.4 120.204 5432.85 -19.9794
5389.64 104.274 5444.91 15.0665
5402.87 89.9373 5458.73 27.8105
5415.51 78.7863 5471.07 19.8455
5429.03 61.2634 5484.01 27.8105
5441.97 94.7163 5497.53 50.1124
5454.9 101.088 5510.47 24.6245
5467.55 120.204 5523.7 23.0315
5481.07 139.32 5537.81 26.2175
5493.71 70.8213 5550.15 -5.64241
5506.65 85.1583 5562.21 30.9965
5520.17 74.0073 5576.02 34.1825
5533.4 109.053 5588.08 80.3793
5545.74 107.46 5602.19 46.9264
5558.97 145.692 5614.83 46.9264
5572.5 145.692 5627.76 21.4385
5585.43 142.506 5641.58 -12.0144
5597.78 115.425 5653.04 -58.2112
5611.59 48.5194 5666.85 -40.6883
5623.94 107.46 5679.79 -18.3864
5635.99 40.5544 5692.43 24.6245
5650.39 101.088 5707.42 -29.5373
5662.45 112.239 5719.47 -31.1303
5675.97 150.471 5732.4 3.91556
5688.9 145.692 5745.33 -39.0953
5701.83 96.3093 5757.97 -2.45642
5715.06 104.274 5771.49 -45.4673
5727.11 43.7404 5784.72 -18.3864
5740.92 86.7513 5797.06 27.8105
5753.85 89.9373 5810.28 30.9965
5767.96 128.169 5823.8 19.8455
5780.01 166.401 5836.73 -29.5373
5792.94 128.169 5849.37 -62.9902
5806.76 102.681 5862.59 -45.4673
5819.1 80.3793 5875.82 -40.6883
5832.32 64.4494 5889.04 -136.268
5844.96 38.9614 5901.97 -112.373
5857.6 69.2283 5914.6 -93.2571
5871.11 91.5303 5927.83 -168.128
5884.04 136.134 5940.76 -220.697
5896.39 120.204 5953.68 -161.756
5910.2 123.39 5966.02 -166.535
5923.42 110.646 5980.13 -131.489
5936.35 75.6003 5992.76 -75.7342
5948.39 70.8213 6005.69 -94.8501
5963.09 45.3334 6019.2 -53.4323
5974.84 129.762 6032.72 -51.8393
5988.35 88.3443 6045.35 -86.8852
6001.87 196.668 6056.8 -102.815
6013.62 203.04 6070.91 -112.373
6027.72 188.703 6084.71 -109.187
6040.94 136.134 6097.64 -24.7583
6053.28 126.576 6110.27 38.9614
6066.5 136.134 6123.49 24.6245
6079.72 155.25 6135.82 77.1933
6092.06 169.587 6149.04 59.6704
6105.27 209.412 6161.67 2.32256
6117.91 212.598 6174.89 21.4385
6130.83 228.528 6188.69 61.2634
6145.22 223.749 6201.32 58.0774
6157.85 199.854 6213.66 101.088
6170.48 230.121 6227.46 171.18
6183.7 196.668 6240.09 161.622
6196.62 203.04 6253.3 152.064
6209.25 285.876 6266.52 132.948
6223.05 276.318 6280.61 147.285
6235.1 298.62 6292.65 120.204
6248.6 335.259 6305.57 212.598
6260.94 274.725 6319.08 222.156
6274.74 258.795 6332 252.423
6287.66 293.841 6344.04 263.574
6301.17 293.841 6357.84 276.318
6312.62 312.957 6370.76 303.399
6326.13 343.223 6383.67 290.655
6339.93 397.385 6396.3 269.946
6352.55 408.536 6409.51 384.641
6366.06 432.431 6422.13 441.989
6377.8 392.606 6436.81 429.245
6391.6 422.873 6448.55 446.768
6404.23 406.943 6462.35 387.827
6416.55 451.547 6475.27 387.827
6430.06 457.919 6488.47 406.943
6443.56 537.569 6501.39 453.14
6456.48 518.453 6513.13 462.698
6469.39 534.383 6526.92 515.267
6482.02 520.046 6540.13 507.302
6495.52 559.871 6553.05 561.464
6508.73 561.464 6565.37 556.685
6521.94 569.429 6579.46 609.254
6534.26 636.334 6591.78 596.51
6547.18 620.405 6604.7 680.938
6560.09 633.149 6618.49 669.787
6573.88 688.903 6631.69 744.658
6586.5 649.078 6645.48 779.704
6599.12 711.205 6657.22 757.402
6612.62 744.658 6670.43 755.809
6624.94 776.518 6683.33 766.96
6639.61 798.82 6696.83 790.855
6650.47 773.332 6708.57 824.308
6664.85 790.855 6723.23 846.61
6677.47 817.936 6735.85 903.958
6690.67 782.89 6747.88 867.319
6703.58 876.877 6761.66 870.505
6716.78 881.656 6776.04 892.807
6729.69 962.898 6788.06 894.4
6742.3 951.748 6800.68 964.491
6755.5 945.376 6814.17 993.165
6769 1005.91 6826.49 1037.77
6782.49 956.526 6839.69 1082.37
6794.52 977.235 6853.47 1106.27
6807.13 1015.47 6865.5 1111.05
6820.04 1018.65 6879.28 1134.94
6834.11 1123.79 6891.31 1104.68
6846.43 1163.62 6903.91 1155.65
6859.63 1130.16 6917.99 1198.66
6872.54 1187.51 6930.6 1240.08
6885.73 1213 6944.38 1334.07
6899.22 1238.49 6956.4 1356.37
6910.95 1249.64 6970.18 1415.31
6924.15 1303.8 6983.09 1404.16
6937.93 1354.78 6995.99 1373.89
6951.71 1410.53 7009.18 1408.94
6962.85 1483.81 7022.37 1456.73
6976.63 1458.32 7034.98 1507.7
6989.53 1458.32 7048.46 1561.86
7002.14 1464.69 7061.07 1674.97
7016.21 1475.84 7073.97 1702.05
7028.53 1555.49 7087.45 1714.79
7041.43 1625.58 7100.64 1670.19
7054.03 1659.04 7112.36 1655.85
7067.81 1760.99 7127.02 1703.64
7080.41 1738.69 7139.03 1711.61
7093.61 1730.72 7151.93 1767.36
7105.92 1729.13 7165.41 1835.86
7119.4 1738.69 7178.89 1880.46
7132.88 1765.77 7192.37 1882.06
7145.48 1831.08 7205.27 1874.09
7159.26 1936.22 7218.16 1866.13
7171.27 1991.97 7231.05 1866.13
7184.46 2009.5 7243.36 1901.17
7197.36 2017.46 7257.13 1923.47
7210.25 2006.31 7270.61 1982.42
7224.02 1956.93 7282.92 2050.91
7236.04 2014.28 7295.81 2084.37
7250.1 2093.92 7308.99 2105.08
7262.99 2162.42 7322.17 2128.97
7275.3 2261.19 7334.18 2136.94
7289.07 2323.32 7348.83 2229.33
7301.96 2308.98 7360.55 2270.75
7313.68 2278.71 7374.02 2312.17
7329.2 2296.24 7386.91 2348.8
7340.92 2275.53 7400.09 2433.23
7353.52 2289.86 7413.57 2449.16
7366.11 2404.56 7427.04 2455.53
7379.3 2479.43 7438.75 2420.49
7393.06 2554.3 7452.52 2524.03
7406.54 2598.9 7465.41 2517.66
7418.84 2571.82 7478.29 2571.82
7432.31 2579.79 7491.76 2653.07
7444.61 2562.27 7504.06 2699.26
7457.5 2586.16 7518.12 2724.75
7470.97 2654.66 7530.71 2694.48
7484.44 2737.49 7543.88 2689.7
7497.33 2796.44 7555.89 2691.3
7510.21 2911.13 7568.77 2751.83
7523.09 2896.79 7582.24 2788.47
7535.39 2893.61 7596 2855.38
7549.15 2896.79 7608.3 2904.76
7562.33 2912.72 7621.47 2958.92
7574.92 2981.22 7634.35 2952.55
7588.09 3041.76 7647.81 2976.44
7600.1 3099.1 7661.57 2998.75
7614.15 3162.82 7673.87 3008.3
7626.45 3189.91 7687.33 3095.92
7640.2 3197.87 7699.33 3169.2
7653.09 3247.25 7711.92 3252.03
7666.55 3231.32 7725.97 3293.45
7678.84 3299.82 7739.43 3296.64
7691.43 3312.57 7752.6 3317.35
7704.89 3361.95 7765.18 3309.38
7718.06 3441.6 7777.18 3344.43
7731.23 3481.42 7790.94 3478.24
7744.41 3532.4 7804.1 3526.03
7756.99 3575.41 7817.57 3647.09
7769.57 3535.58 7830.15 3659.84
7783.33 3543.55 7843.9 3648.69
7795.91 3608.86 7856.77 3600.9
7808.49 3634.35 7869.65 3634.35
7821.95 3714 7882.23 3640.72
7834.24 3760.2 7894.81 3757.01
7847.99 3871.71 7907.97 3833.48
7860.58 3911.53 7921.14 3917.9
7873.16 3957.73 7934.89 3948.17
7886.32 3941.8 7947.17 3925.87
7900.37 3911.53 7960.92 3924.28
7912.07 4002.33 7973.21 3937.02
7926.11 4051.72 7986.66 3952.95
7938.1 4101.1 7999.83 4045.34
7952.44 4182.34 8012.11 4163.23
7965.31 4257.21 8025.85 4258.8
7978.47 4242.87 8038.72 4306.59
7991.05 4276.33 8052.76 4332.08
8003.92 4335.27 8065.05 4346.42
8017.37 4422.88 8077.33 4309.78
8029.37 4424.48 8090.19 4398.99
8043.4 4502.53 8103.35 4451.56
8056.27 4559.88 8117.98 4535.99
8067.97 4574.22 8130.55 4612.45
8082.88 4645.9 8142.83 4711.22
8095.17 4623.6 8156.28 4722.37
8107.45 4658.65 8169.15 4725.55
8120.9 4744.67 8181.43 4688.91
8134.35 4835.47 8195.75 4714.4
8147.51 4911.93 8208.62 4779.71
8159.79 4948.57 8220.9 4868.92
8172.66 5012.29 8234.34 4950.16
8186.1 5034.59 8248.08 5050.52
8199.55 5058.49 8260.36 5072.83
8212.42 5131.77 8274.39 5056.9
8224.11 5192.3 8286.67 5040.97
8237.56 5262.39 8299.24 5076.01
8251.3 5375.49 8312.98 5080.79
8263.87 5418.5 8324.96 5224.16
8276.73 5461.52 8338.99 5302.22
8290.76 5480.63 8351.85 5330.89
8303.04 5467.89 8365 5365.94
8316.19 5522.05 8378.15 5370.71
8328.76 5545.94 8391.31 5337.26
8342.21 5692.5 8403.29 5381.87
8355.65 5778.52 8416.15 5506.12
8368.51 5866.14 8430.47 5590.55
8380.79 5925.08 8442.74 5700.46
8394.52 5918.71 8456.47 5748.26
8407.09 5968.09 8468.75 5780.12
8419.07 5999.95 8481.6 5808.79
8433.1 6038.18 8495.04 5854.99
8445.66 6133.76 8507.9 5931.45
8459.1 6218.19 8521.05 6017.47
8472.25 6339.26 8534.49 6136.95
8484.82 6418.91 8547.05 6203.85
8497.97 6441.21 8561.37 6265.98
8511.11 6466.7 8574.22 6350.41
8523.97 6473.07 8586.49 6278.72
8537.12 6506.52 8599.64 6272.35
8550.56 6570.24 8612.49 6277.13
8563.41 6707.24 8625.93 6380.67
8575.98 6836.27 8638.2 6501.74
8588.25 6861.76 8651.64 6618.03
8602.85 6963.71 8663.9 6649.89
8614.54 6935.04 8677.34 6708.83
8628.27 6935.04 8690.78 6618.03
8640.54 6935.04 8703.92 6589.36
8653.68 7027.43 8716.19 6621.22
8667.41 7108.67 8729.92 6689.71
8680.85 7193.1 8742.77 6833.08
8693.41 7290.27 8755.62 6966.9
8706.26 7285.5 8769.34 7032.21
8718.82 7312.58 8782.48 7083.19
8732.25 7323.73 8794.46 6990.79
8745.1 7331.69 8808.18 7046.55
8757.37 7393.82 8821.33 7017.87
8771.1 7502.14 8834.17 7148.5
8784.24 7537.19 8847.02 7306.2
8797.09 7599.32 8859.58 7312.58
8810.81 7686.93 8873.89 7565.86
8822.49 7666.22 8886.44 7548.34
8836.22 7734.72 8899.58 7565.86
8849.36 7851.01 8912.14 7599.32
8862.21 7884.46 8925.28 7621.62
8875.64 8045.35 8938.42 7667.81
8887.32 8096.33 8951.26 7814.37
8900.75 8156.86 8964.11 7959.33
8913.6 8179.17 8976.95 8070.84
8927.32 8199.87 8990.68 8175.98
8941.05 8250.85 9003.81 8190.32
8952.43 8343.24 9017.24 8123.41
8966.15 8467.5 9029.8 8094.74
8979 8580.6 9042.06 8187.13
8992.14 8628.39 9055.48 8234.92
9006.15 8731.93 9068.33 8442.01
9017.83 8706.45 9082.63 8567.86
9031.55 8688.92 9095.19 8610.87
9043.22 8717.6 9107.15 8623.61
9057.82 8763.79 9120.58 8561.48
9070.67 8935.84 9133.42 8532.81
9083.22 9012.3 9146.56 8575.82
9096.65 9171.6 9159.98 8596.53
9108.32 9227.36 9173.12 8768.57
9122.92 9233.73 9186.54 8931.06
9135.17 9236.91 9197.93 9044.16
9148.02 9213.02 9212.23 9112.66
9162.03 9262.4 9225.65 9082.39
9174.29 9343.65 9238.79 9066.46
9186.54 9474.27 9252.5 9005.93
9200.55 9617.64 9263.59 9095.14
9212.52 9705.25 9277.31 9219.39
9225.95 9729.15 9290.44 9365.95
9239.66 9775.35 9302.99 9588.97
9252.21 9698.88 9316.41 9697.29
9265.93 9789.68 9328.67 9714.81
9277.89 9810.39 9341.22 9740.3
9291.61 10011.1 9355.23 9635.16
9304.45 10113.1 9368.65 9729.15
9317.58 10281.9 9382.36 9797.65
9330.42 10404.6 9394.04 10009.5
9342.68 10431.7 9408.04 10208.6
9355.81 10403 9420.88 10323.3
9369.82 10395 9433.72 10355.2
9381.2 10395 9446.56 10344
9395.5 10576.6 9459.98 10323.3
9407.75 10699.3 9473.69 10324.9
9421.17 10931.9 9487.11 10377.5
9434.3 11119.8 9499.08 10540
9446.56 11127.8 9512.5 10664.2
9460.27 11131 9524.75 10774.2
9473.69 11072 9538.76 10884.1
9485.95 11116.6 9551.88 10841.1
9499.37 11204.3 9564.14 10836.3
9512.21 11365.2 9577.56 10888.8
9525.92 11591.4 9590.4 10917.5
9538.17 11741.1 9604.11 11076.8
9551.59 11769.8 9616.94 11220.2
9563.55 11784.1 9628.9 11366.7
9576.39 11707.6 9642.32 11440
9590.69 11701.3 9655.16 11465.5
9603.82 11737.9 9669.16 11444.8
9616.36 11851 9682 11489.4
9629.49 12031 9694.54 11577
9642.32 12199.9 9707.96 11679
9655.74 12328.9 9721.09 11809.6
9667.7 12367.1 9734.51 11997.6
9681.12 12298.6 9746.76 12067.7
9694.25 12306.6 9759.3 12182.4
9707.67 12306.6 9772.43 12137.8
9720.5 12348 9785.56 12121.8
9733.05 12547.2 9798.97 12215.8
9746.47 12736.7 9812.68 12214.2
9759.3 12851.4 9825.23 12375.1
9771.55 12951.8 9837.77 12499.4
9785.56 12988.4 9851.77 12666.6
9798.39 12985.2 9864.31 12752.7
9811.23 13001.2 9877.15 12779.7
9824.64 13101.5 9890.56 12827.5
9837.19 13259.2 9903.69 12708.1
9849.73 13402.6 9916.23 12786.1
9863.73 13643.1 9929.65 12857.8
9875.98 13738.7 9941.9 12985.2
9889.4 13749.9 9955.61 13170
9903.1 13802.4 9968.15 13321.4
9914.48 13769 9981.86 13373.9
9928.48 13800.8 9994.69 13409
9940.73 13891.6 10007.5 13464.7
9953.86 14092.4 10021.5 13499.8
9967.27 14272.4 10034.1 13534.8
9979.52 14414.1 10046.9 13652.7
9992.94 14476.3 10060.3 13784.9
10005.8 14422.1 10073.1 13906
10018.6 14331.3 10087.1 14020.7
10032.3 14323.3 10100 14068.5
10044.9 14398.2 10112.8 14103.5
10058.9 14595.7 10125.3 14211.8
10070.8 14790.1 10137.9 14296.3
10084.5 14966.9 10152.2 14406.2
10097.4 15049.8 10164.7 14517.7
10109.9 14979.7 10177.3 14614.9
10123.9 14901.6 10190.7 14643.5
10135.9 14860.2 10203.5 14629.2
10149.3 14963.7 10216.6 14667.4
10162.1 15137.4 10229.5 14763
10174.4 15419.3 10242.9 14876.1
10188.1 15610.5 10256.3 15006.7
10201.5 15710.8 10269.4 15126.2
10213.4 15694.9 10282 15188.3
10227.1 15597.7 10295.1 15158.1
10239.4 15524.5 10308.5 15107.1
10253.4 15604.1 10321.3 15232.9
10266.8 15809.6 10335.3 15217
10279 16101.1 10347.6 15390.7
10291.9 16327.3 10361.3 15663.1
10305.6 16438.8 10373.8 15720.4
10318.1 16414.9 10386.7 15768.2
10331.3 16416.5 10399.8 15757
10344.1 16309.8 10413.2 15785.7
10356.9 16349.6 10426.3 15859
10369.5 16486.6 10440 15935.5
10383.2 16733.5 10453.7 16131.4
10396.6 16883.3 10466.3 16300.3
10409.4 17149.3 10480 16462.7
10422 17198.7 10493.7 16593.4
10435.7 17170 10500.7 16564.7
10447.9 17133.4 10487 16579
10461.3 16894.4 10474.2 16636.4
