4013.29 34.1825 4025.91 75.6003
4002.72 78.7863 4039.12 69.2283
4000.37 64.4494 4051.45 54.8914
4009.18 69.2283 4064.66 43.7404
4022.09 69.2283 4077.87 53.2984
4035.59 94.7163 4090.79 34.1825
4047.34 62.8564 4103.41 37.3684
4062.01 120.204 4116.03 15.0665
4074.64 101.088 4130.13 34.1825
4087.85 94.7163 4142.46 77.1933
4100.18 70.8213 4155.38 38.9614
4113.98 45.3334 4169.18 16.6595
4127.19 94.7163 4181.22 53.2984
4140.11 78.7863 4195.61 46.9264
4153.03 86.7513 4209.12 40.5544
4165.95 112.239 4221.17 66.0424
4179.17 115.425 4233.5 54.8914
4191.5 102.681 4247.01 16.6595
4205.31 102.681 4259.35 3.91556
4217.64 53.2984 4272.57 26.2175
4231.15 101.088 4287.26 45.3334
4244.96 66.0424 4298.12 45.3334
4257.59 78.7863 4312.23 43.7404
4270.51 113.832 4324.86 15.0665
4284.02 104.274 4338.08 38.9614
4296.66 132.948 4351.89 21.4385
4308.99 107.46 4364.82 37.3684
4322.8 78.7863 4377.45 62.8564
4335.43 67.6354 4390.67 54.8914
4348.95 2.32256 4403.6 23.0315
4361.58 117.018 4415.35 45.3334
4374.8 124.983 4428.87 27.8105
4387.44 171.18 4442.97 42.1474
4400.66 150.471 4455.02 -2.45642
4414.18 74.0073 4468.84 24.6245
4426.81 118.611 4480.88 23.0315
4439.45 62.8564 4494.11 30.9965
4452.08 77.1933 4508.22 66.0424
4465.6 136.134 4520.85 56.4844
4479.71 94.7163 4532.9 37.3684
4491.46 115.425 4546.13 21.4385
4504.39 117.018 4559.06 42.1474
4517.03 112.239 4571.99 -5.64241
4529.96 81.9723 4585.51 30.9965
4543.78 51.7054 4598.74 26.2175
4556.42 50.1124 4611.97 23.0315
4569.64 83.5653 4624.61 38.9614
4582.58 80.3793 4638.42 32.5895
4595.8 85.1583 4651.36 -134.675
4609.32 117.018 4663.7 -158.57
4622.26 123.39 4676.64 -144.233
4635.48 120.204 4689.87 -144.233
4648.71 85.1583 4702.51 -134.675
4660.76 66.0424 4715.44 -70.9552
4673.4 43.7404 4729.85 -53.4323
4686.34 132.948 4741.61 -42.2813
4700.16 89.9373 4756.31 -78.9202
4713.38 150.471 4768.65 -88.4781
4725.73 145.692 4781.3 -102.815
4738.96 101.088 4793.94 -88.4781
4752.48 134.541 4807.76 -48.6533
4765.42 81.9723 4820.1 -69.3622
4778.95 61.2634 4833.34 -34.3163
4791 78.7863 4846.56 -4.04942
4804.52 99.4952 4859.5 3.91556
4817.46 132.948 4871.26 -23.1654
4829.51 104.274 4885.38 -45.4673
4842.15 142.506 4897.14 -51.8393
4856.27 117.018 4911.84 -4.04942
4868.62 99.4952 4924.78 -56.6182
4882.14 72.4143 4938.01 -5.64241
4895.37 54.8914 4949.77 -85.2922
4908.01 123.39 4963.29 -26.3513
4920.95 137.727 4976.52 -42.2813
4933.89 128.169 4990.05 -42.2813
4946.83 147.285 5003.57 -94.8501
4960.06 94.7163 5015.34 -85.2922
4972.99 83.5653 5028.27 -55.0253
4985.93 117.018 5042.09 -40.6883
4998.28 81.9723 5055.03 -13.6074
5011.81 86.7513 5067.38 -5.64241
5025.92 117.018 5080.61 -55.0253
5038.56 97.9023 5093.84 5.50855
5050.91 110.646 5106.49 -12.0144
5063.85 120.204 5120.01 -42.2813
5077.67 113.832 5132.95 -51.8393
5091.2 93.1233 5145.89 -37.5023
5103.84 15.0665 5158.53 -35.9093
5115.9 94.7163 5171.47 -18.3864
5129.42 94.7163 5184.7 -26.3513
5142.95 86.7513 5198.52 -18.3864
5156.77 121.797 5212.05 -12.0144
5168.82 109.053 5223.81 -19.9794
5180.88 88.3443 5237.04 -18.3864
5194.99 137.727 5249.39 -15.2004
5207.93 94.7163 5262.32 -15.2004
5220.57 89.9373 5275.55 -12.0144
5234.39 80.3793 5289.08 13.4735
5246.15 105.867 5302.31 10.2875
5259.38 85.1583 5315.25 -12.0144
5273.2 112.239 5327.89 -56.6182
5285.85 91.5303 5340.53 -78.9202
5297.9 93.1233 5354.65 -18.3864
5311.43 97.9023 5367 -94.8501
5324.36 101.088 5380.23 -85.2922
5337.89 129.762 5393.16 -12.0144
5350.53 156.843 5405.81 -34.3163
5362.88 80.3793 5419.33 -53.4323
5377.58 89.9373 5432.85 -78.9202
5389.93 115.425 5445.5 -104.408
5401.98 81.9723 5458.73 -24.7583
5415.21 128.169 5471.66 -32.7233
5429.33 120.204 5484.3 -15.2004
5442.26 131.355 5497.24 56.4844
5455.49 148.878 5510.76 16.6595
5468.43 145.692 5523.4 67.6354
5480.78 174.366 5536.34 38.9614
5493.12 142.506 5549.27 34.1825
5506.35 121.797 5562.8 74.0073
5519.88 144.099 5576.02 129.762
5532.52 206.226 5588.96 115.425
5545.45 204.633 5601.6 131.355
5558.39 263.574 5615.41 131.355
5571.03 250.83 5628.05 124.983
5585.43 242.865 5640.69 144.099
5597.78 244.458 5654.51 182.331
5610.71 230.121 5667.15 180.738
5624.23 271.539 5679.79 226.935
5637.17 274.725 5692.72 236.493
5650.98 258.795 5706.24 290.655
5662.74 303.399 5718 340.037
5675.38 327.294 5732.69 357.56
5689.19 343.223 5745.04 332.072
5702.13 354.374 5758.26 381.455
5714.18 389.42 5771.78 357.56
5727.99 340.037 5784.72 367.118
5740.63 398.978 5797.65 457.919
5753.85 394.199 5810.58 496.151
5767.38 413.315 5823.51 547.127
5780.01 464.291 5837.03 507.302
5793.24 426.059 5849.37 512.081
5806.76 454.733 5861.71 532.79
5818.81 483.407 5875.23 542.348
5832.03 402.164 5888.74 555.092
5844.67 480.221 5901.68 558.278
5857.89 510.488 5914.6 615.626
5870.23 539.162 5928.71 657.043
5885.22 572.615 5939.87 623.591
5896.97 569.429 5953.68 692.089
5910.78 612.44 5967.49 677.752
5923.42 571.022 5978.95 685.717
5936.64 548.72 5992.47 730.321
5947.81 558.278 6005.69 674.566
5961.91 639.521 6018.91 755.809
5975.43 682.531 6032.13 765.367
5988.35 733.507 6044.76 762.181
6000.99 770.146 6058.27 773.332
6013.62 755.809 6070.61 795.634
6027.72 727.135 6083.83 865.726
6040.06 763.774 6097.05 902.365
6053.57 762.181 6110.56 891.214
6067.09 766.96 6123.78 932.632
6079.42 833.866 6135.24 940.597
6091.47 889.621 6147.87 989.979
6105.57 959.713 6162.55 988.386
6118.49 953.34 6174.3 1034.58
6130.24 997.944 6188.11 1072.82
6144.34 964.491 6201.03 1114.23
6157.85 1001.13 6214.54 1152.46
6170.48 1036.18 6226.87 1163.62
6183.41 1080.78 6240.68 1155.65
6196.03 1126.98 6253.6 1189.1
6209.55 1157.24 6266.22 1187.51
6222.76 1205.03 6279.44 1246.45
6235.39 1244.86 6291.48 1279.9
6248.6 1225.74 6304.69 1286.28
6261.82 1208.22 6319.08 1327.69
6274.45 1206.63 6331.71 1343.62
6286.78 1241.67 6345.21 1335.66
6301.17 1300.61 6357.25 1281.5
6312.91 1357.96 6371.05 1326.1
6326.42 1375.48 6383.97 1372.3
6339.34 1418.5 6397.18 1440.8
6352.55 1383.45 6409.51 1510.89
6365.47 1416.9 6423.31 1558.68
6378.1 1413.72 6435.93 1631.96
6391.6 1453.54 6447.97 1620.81
6404.23 1501.33 6462.35 1601.69
6417.14 1537.97 6473.5 1592.13
6430.35 1603.28 6487.89 1652.67
6443.56 1627.18 6500.8 1681.34
6456.77 1657.44 6514.01 1770.55
6469.39 1652.67 6526.92 1859.75
6481.43 1674.97 6540.72 1885.24
6496.4 1741.87 6553.93 1890.02
6508.73 1775.33 6565.66 1866.13
6521.35 1780.1 6579.75 1899.58
6534.26 1878.87 6591.78 1888.43
6547.18 1893.21 6605.28 1890.02
6560.97 1923.47 6618.19 2020.65
6573.59 1968.08 6631.1 2105.08
6586.5 1985.6 6643.72 2111.45
6599.71 2065.25 6657.81 2100.3
6613.2 2055.69 6670.43 2103.48
6624.94 2103.48 6683.63 2097.11
6638.15 2160.83 6696.54 2082.77
6651.35 2164.02 6709.15 2157.64
6663.97 2224.55 6722.65 2171.98
6677.76 2246.85 6735.56 2259.6
6690.38 2304.2 6748.76 2285.08
6703.28 2329.69 6761.37 2275.53
6716.78 2315.35 6774.86 2367.92
6729.4 2398.19 6788.06 2339.25
6742.01 2359.95 6801.56 2371.11
6756.09 2414.12 6813.58 2395
6769 2463.5 6826.78 2471.46
6781.32 2458.72 6840.27 2503.32
6794.81 2567.04 6852.59 2614.83
6807.72 2511.29 6865.79 2630.76
6820.62 2520.85 6878.99 2618.02
6833.82 2544.74 6891.6 2590.94
6846.43 2579.79 6905.67 2618.02
6859.34 2614.83 6917.7 2688.11
6872.54 2675.37 6930.89 2721.56
6885.15 2678.55 6943.8 2833.07
6899.22 2726.34 6957.58 2892.02
6911.83 2756.61 6969.6 2995.56
6925.03 2831.48 6983.67 2935.03
6937.64 2791.66 6995.99 2938.21
6950.83 2871.31 7009.18 2901.57
6963.44 2933.43 7022.96 2909.54
6976.63 2989.19 7034.98 2960.51
6989.83 3011.49 7048.76 3056.09
7002.44 3014.68 7060.77 3126.19
7015.92 3064.06 7075.14 3279.11
7029.11 3159.64 7086.86 3283.89
7040.55 3127.78 7100.64 3318.94
7054.91 3216.99 7113.83 3264.78
7067.81 3263.18 7127.02 3285.49
7080.71 3279.11 7139.03 3295.04
7094.19 3352.39 7152.52 3369.91
7107.38 3427.26 7165.12 3457.53
7119.4 3473.46 7178.89 3594.53
7132.59 3492.57 7192.08 3605.68
7145.78 3486.2 7204.98 3680.55
7158.38 3580.19 7218.45 3650.28
7171.57 3596.12 7230.47 3651.87
7185.05 3643.91 7243.65 3674.18
7197.94 3696.48 7257.13 3688.51
7210.54 3739.49 7270.61 3807.99
7223.44 3772.94 7282.62 3862.15
7237.21 3766.57 7296.69 3924.28
7249.51 3792.06 7309.28 3988
7263.87 3879.67 7322.17 3984.81
7275.59 3879.67 7335.36 3975.25
7288.48 3962.51 7348.25 3981.62
7301.96 3967.29 7360.84 4032.6
7315.14 4008.7 7374.9 4107.47
7327.74 4016.67 7386.91 4072.42
7340.63 4094.73 7399.22 4258.8
7353.52 4115.44 7412.98 4250.84
7366.99 4166.41 7425.87 4265.18
7379 4209.42 7439.34 4312.97
7393.06 4252.43 7453.4 4295.44
7405.07 4330.49 7464.53 4285.89
7418.84 4389.43 7478.58 4360.76
7432.6 4430.85 7491.76 4442
7444.61 4496.16 7504.06 4502.53
7458.08 4639.53 7516.94 4585.37
7470.97 4661.83 7530.71 4679.36
7484.73 4701.66 7543.59 4668.2
7496.74 4786.09 7555.6 4677.76
7510.21 4795.64 7569.65 4735.11
7522.51 4883.26 7582.82 4685.73
7536.56 4927.86 7596.29 4822.72
7549.45 4993.18 7609.17 4903.97
7562.33 5055.3 7621.76 4993.18
7574.04 5109.46 7634.93 5157.25
7588.09 5147.7 7646.94 5117.43
7600.68 5162.03 7661.57 5120.62
7613.86 5220.97 7673.87 5074.42
7626.45 5197.08 7687.04 5134.95
7640.2 5232.12 7699.92 5173.18
7652.79 5249.65 7712.5 5187.52
7665.96 5332.48 7726.55 5338.86
7678.55 5342.04 7739.14 5453.55
7692.6 5402.58 7752.01 5491.78
7704.6 5499.75 7765.48 5517.27
7718.06 5560.28 7778.06 5499.75
7730.94 5504.53 7791.23 5471.07
7744.11 5522.05 7804.4 5498.15
7756.7 5574.62 7816.69 5514.08
7769.87 5609.66 7829.85 5561.87
7783.33 5735.51 7842.73 5655.86
7796.2 5796.05 7856.48 5746.66
7809.66 5923.48 7869.06 5796.05
7822.25 6046.14 7882.52 5819.94
7834.24 6023.84 7895.1 5819.94
7848.29 6097.12 7909.44 5853.39
7861.45 6070.04 7920.85 5843.83
7873.45 6157.65 7934.89 5893.22
7886.91 6305.8 7947.17 5950.57
7900.07 6367.93 7961.21 6011.1
7912.65 6562.27 7973.21 6068.45
7925.53 6606.88 7986.66 6168.81
7939.86 6704.05 8000.12 6253.23
7951.27 6667.41 8012.11 6291.47
7965.02 6673.79 8025.85 6391.83
7977.6 6729.54 8039.31 6350.41
7990.47 6689.71 8051.59 6417.31
8005.38 6807.6 8064.46 6522.45
8017.08 6906.36 8077.33 6539.97
8029.66 7013.09 8091.07 6632.37
8043.11 7054.51 8104.23 6664.23
8055.69 7059.29 8117.1 6761.4
8068.85 7059.29 8129.67 6829.9
8082.59 7016.28 8142.83 6877.69
8095.17 7036.99 8156.57 6880.87
8107.45 7097.52 8168.56 6872.91
8122.65 7172.39 8181.72 6928.66
8133.47 7248.86 8194.88 6970.08
8147.51 7404.97 8208.91 7013.09
8159.5 7368.33 8220.6 7110.27
8172.66 7360.37 8234.05 7186.73
8186.4 7334.88 8247.5 7255.23
8198.97 7398.6 8260.07 7306.2
8212.12 7465.5 8274.1 7236.11
8224.99 7530.82 8286.38 7274.34
8238.44 7725.16 8299.53 7306.2
8251.01 7780.92 8313.85 7342.84
8264.16 7873.31 8325.84 7476.65
8277.61 7930.66 8338.41 7594.54
8289.89 7925.88 8351.85 7650.29
8302.45 7954.55 8365 7753.84
8316.49 8056.5 8377.28 7760.21
8329.93 8182.35 8391.01 7836.67
8340.75 8289.08 8403.87 7777.73
8355.94 8406.96 8417.32 7897.21
8367.34 8469.09 8429 7994.38
8380.79 8586.97 8442.15 8058.1
8393.35 8567.86 8456.18 8287.49
8407.09 8609.27 8469.62 8383.07
8419.65 8709.63 8481.6 8446.79
8433.97 8714.41 8494.46 8478.65
8445.66 8824.33 8508.78 8470.68
8459.1 8900.79 8520.47 8475.46
8471.09 9045.75 8534.49 8500.95
8484.82 9023.45 8547.93 8653.88
8498.26 9076.02 8560.2 8797.25
8511.99 9101.51 8572.76 8897.61
8523.09 9028.23 8586.49 9017.08
8536.83 9128.59 8599.64 9009.12
8549.97 9195.5 8612.2 9031.42
8563.7 9263.99 8625.05 8978.85
8575.68 9385.06 8639.37 9004.34
8589.12 9404.18 8651.64 9099.92
8602.56 9469.49 8663.9 9238.51
8615.71 9394.62 8677.34 9426.48
8628.56 9491.79 8690.78 9528.43
8639.95 9563.48 8703.34 9655.87
8654.27 9644.72 8716.77 9606.49
8667.99 9802.43 8730.79 9574.63
8680.55 9893.23 8742.18 9585.78
8693.11 10023.9 8755.03 9700.48
8706.26 10073.2 8769.05 9770.57
8719.11 10043 8782.78 10035
8731.08 10133.8 8795.34 10165.6
8745.39 10208.6 8807.6 10245.3
8758.83 10382.3 8821.33 10317
8771.68 10524.1 8834.17 10266
8784.53 10670.6 8847.32 10251.7
8796.21 10786.9 8859.87 10296.3
8810.81 10817.2 8873.01 10404.6
8823.66 10911.2 8885.28 10629.2
8835.64 10925.5 8899.29 10817.2
8850.23 10965.3 8912.72 10939.8
8861.92 11129.4 8924.69 10958.9
8876.22 11293.5 8939.29 10928.7
8887.9 11408.2 8951.55 10933.5
8900.75 11524.5 8964.4 10904.8
8913.6 11489.4 8977.25 10973.3
8927.03 11448 8990.09 11088
8940.17 11459.1 9003.23 11268
8952.72 11424.1 9016.66 11497.4
8966.74 11529.2 9030.09 11518.1
8979.29 11581.8 9042.93 11486.2
8992.43 11755.4 9056.07 11355.6
9004.98 11844.6 9069.79 11341.3
9017.83 11870.1 9081.17 11419.3
9030.96 11894 9094.89 11577
9044.68 11889.2 9107.74 11790.5
9057.53 11921.1 9120.87 11957.7
9070.37 11976.9 9133.42 11921.1
9083.51 12088.4 9146.85 11965.7
9095.77 12246.1 9160.28 11830.3
9108.9 12371.9 9172.83 11839.9
9123.21 12486.6 9186.54 11882.9
9135.76 12544 9199.97 12082
9147.73 12618.8 9212.23 12351.2
9161.74 12677.8 9225.07 12478.7
9174 12786.1 9238.79 12636.4
9186.84 12900.8 9251.05 12594.9
9200.85 13135 9264.18 12467.5
9213.1 13262.4 9278.19 12520.1
9225.95 13348.4 9289.86 12553.5
9239.08 13346.8 9302.7 12827.5
9252.8 13364.4 9316.71 13071.3
9264.76 13482.2 9328.96 13248.1
9278.77 13539.6 9341.8 13413.7
9292.19 13778.5 9355.81 13284.7
9303.28 13925.1 9368.36 13166.8
9317.58 14050.9 9381.78 13077.6
9329.84 14063.7 9395.5 13106.3
9343.26 13955.4 9407.46 13377.1
9356.69 13960.1 9420.59 13568.3
9369.52 13937.8 9434.89 13855
9381.78 14033.4 9446.56 13931.5
9395.5 14240.5 9459.69 13786.5
9408.33 14449.2 9473.69 13716.4
9421.47 14538.4 9485.95 13509.3
9434.3 14532 9498.78 13600.1
9447.43 14412.6 9512.79 13820
9460.56 14331.3 9524.46 14086
9473.4 14250.1 9538.17 14324.9
9486.24 14452.4 9551.59 14360
9498.78 14621.2 9564.43 14342.5
9511.91 14946.2 9577.85 14195.9
9525.92 15180.4 9590.1 14113.1
9538.76 15260 9603.23 14253.3
9550.72 15250.5 9616.36 14391.8
9564.14 15126.2 9629.78 14686.5
9576.97 15097.5 9642.32 14925.5
9590.98 15255.2 9656.03 15024.3
9602.65 15435.3 9668.87 15037
9616.94 15766.6 9682 14861.8
9629.78 15975.3 9694.83 14783.7
9641.74 16090 9707.67 14868.2
9655.45 16004 9720.21 14992.4
9668 15803.2 9734.51 15328.5
9681.41 15820.8 9747.34 15570.7
9694.25 15973.7 9760.47 15733.1
9707.38 16184 9773.01 15833.5
9719.63 16508.9 9786.43 15694.9
9733.05 16679.4 9799.56 15620
9746.47 16743.1 9812.68 15585
9758.43 16688.9 9824.35 15718.8
9772.14 16402.2 9838.35 16035.8
9785.56 16371.9 9851.18 16314.6
9798.68 16461.1 9864.9 16585.4
9810.93 16744.7 9877.44 16644.3
9824.35 17201.9 9890.27 16606.1
9836.6 17444 9903.4 16579
9850.31 17657.5 9916.52 16459.6
9862.27 17533.2 9929.06 16657.1
9876.85 17268.8 9943.07 16813.2
9889.11 17147.7 9955.61 17056.9
9901.94 17128.6 9968.73 17292.7
9914.48 17388.3 9981.57 17361.2
9928.19 17796.1 9994.98 17345.3
9941.9 18144.9 10007.8 17254.5
9954.44 18348.8 10020.4 17201.9
9967.27 18254.9 10034.1 17251.3
9980.4 18019.1 10047.5 17396.2
9993.82 17829.5 10060 17657.5
10006.9 17729.2 10072.3 17850.2
10018.9 17969.7 10086 17912.4
10030.8 18188 10099.1 17952.2
10044.3 18563.9 10111.6 17792.9
10058.3 18771 10125.3 17748.3
10071.4 18759.8 10137.6 17799.3
10084.2 18700.9 10151.6 17918.7
10097.1 18471.5 10164.7 18280.3
10109 18460.4 10177.8 18430.1
10123 18563.9 10190.7 18619.7
10136.7 18877.7 10203.5 18673.8
10149.3 19336.5 10216.6 18589.4
10162.1 19624.8 10230.1 18686.6
10175.2 19854.2 10242.9 18729.6
10188.1 19803.2 10255.7 19016.3
10201.5 19615.3 10269.1 19291.9
10213.7 19521.3 10282.6 19507
10226.5 19575.5 10295.1 19699.7
10240.3 19980.1 10308.5 19690.1
10253.4 20395.8 10320.8 19639.2
10265.9 20663.5 10333.6 19648.7
10279.9 20886.5 10348.2 19653.5
10291.9 20771.8 10361 19860.6
10304.4 20567.9 10373.8 20101.1
10319 20410.2 10386.4 20344.9
10331.3 20413.4 10399.5 20491.4
10343.5 20599.7 10413.2 20373.5
10357.2 20884.9 10426.6 20311.4
10370.3 21150.9 10440.6 20134.6
10382.6 21295.9 10452.9 20045.4
10396.9 21200.3 10466.6 20136.2
10409.1 21178 10479.7 20351.2
10422.3 20983.7 10492.5 20689
10434.5 20881.7 10500.7 20913.6
10447.9 21093.6 10486.7 21010.7
10460.4 21092 10474.4 21020.3
