4012.99 -372.031 4025.62 -336.985
4003.31 -278.045 4038.53 -303.532
4000.96 -286.01 4052.03 -306.718
4010.35 -241.406 4064.66 -319.462
4022.39 -309.904 4077.28 -316.276
4035.01 -255.743 4091.08 -329.02
4048.51 -250.964 4103.7 -287.603
4061.72 -254.15 4116.92 -329.02
4074.34 -150.605 4129.25 -273.266
4087.85 -231.848 4143.34 -263.708
4100.77 -201.581 4155.97 -303.532
4114.57 -211.139 4169.18 -297.16
4126.6 -247.778 4181.81 -274.859
4140.41 -223.883 4194.44 -254.15
4153.33 -182.465 4207.95 -249.371
4166.54 -163.349 4220.58 -255.743
4178.88 -177.686 4234.09 -247.778
4192.09 -142.64 4246.72 -225.476
4205.89 -141.047 4259.94 -231.848
4217.64 -106.001 4273.16 -217.511
4230.57 -128.303 4286.08 -223.883
4244.96 -107.594 4299.01 -150.605
4257.29 -109.187 4312.23 -215.918
4269.92 -67.7692 4325.15 -219.104
4283.44 -91.6641 4337.2 -174.5
4296.07 -50.2463 4351.89 -196.802
4309.58 -75.7342 4363.93 -227.069
4323.1 -69.3622 4376.57 -188.837
4335.14 -93.2571 4390.08 -203.174
4349.24 -29.5373 4403.6 -125.117
4362.46 -50.2463 4416.24 -129.896
4374.51 -32.7233 4428.87 -149.012
4387.15 -107.594 4442.68 -150.605
4400.66 -67.7692 4455.61 -96.4431
4413.88 -55.0253 4468.84 -134.675
4427.69 -91.6641 4482.06 -176.093
4439.16 -59.8042 4494.4 -158.57
4451.79 -31.1303 4508.22 -106.001
4465.6 -35.9093 4521.15 -118.745
4479.12 11.8805 4533.2 -121.931
4492.05 -2.45642 4546.72 -115.559
4504.39 -42.2813 4560.24 -128.303
4517.91 -0.863426 4571.7 -96.4431
4530.85 -27.9443 4585.81 -82.1062
4543.78 0.729569 4599.03 -40.6883
4557 -26.3513 4611.38 -61.3972
4569.94 54.8914 4625.2 -13.6074
4583.16 32.5895 4638.13 -35.9093
4596.39 59.6704 4651.06 7.10155
4608.74 38.9614 4663.41 2.32256
4622.55 -0.863426 4677.52 -35.9093
4635.19 35.7755 4689.28 -7.23541
4647.54 -4.04942 4703.39 16.6595
4661.35 50.1124 4716.62 24.6245
4674.29 88.3443 4728.97 78.7863
4686.93 134.541 4742.19 21.4385
4700.45 152.064 4755.72 24.6245
4712.5 167.994 4768.07 94.7163
4726.03 142.506 4780.71 72.4143
4739.55 128.169 4794.23 105.867
4752.48 129.762 4807.17 91.5303
4765.13 132.948 4820.1 86.7513
4778.65 187.11 4833.63 110.646
4791 252.423 4845.39 160.029
4804.52 281.097 4859.8 163.215
4816.87 293.841 4872.44 172.773
4830.69 273.132 4884.79 209.412
4842.74 238.086 4898.02 265.167
4855.97 187.11 4911.25 252.423
4869.2 241.272 4924.48 289.062
4883.02 265.167 4938.01 188.703
4895.96 335.259 4950.65 246.051
4908.01 367.118 4963 279.504
4921.54 397.385 4975.93 303.399
4933.89 402.164 4989.46 324.108
4946.83 370.304 5002.69 333.665
4960.94 359.153 5015.34 343.223
4973.58 341.63 5027.98 360.746
4985.93 336.851 5041.5 355.967
4999.46 426.059 5054.74 408.536
5012.39 424.466 5068.26 384.641
5025.92 472.256 5080.61 432.431
5038.86 502.523 5093.55 500.93
5050.91 483.407 5106.78 505.709
5064.15 486.593 5119.13 547.127
5077.38 502.523 5132.95 555.092
5090.9 505.709 5146.47 629.963
5103.55 539.162 5158.82 642.706
5116.78 628.37 5172.06 658.636
5129.13 744.658 5184.7 660.229
5142.06 739.879 5197.34 671.38
5155.3 717.577 5211.75 712.798
5169.12 778.111 5224.39 794.041
5181.17 743.065 5237.04 786.076
5195.28 782.89 5249.68 798.82
5207.34 827.494 5262.03 808.378
5221.75 857.761 5277.03 889.621
5233.51 926.26 5288.79 923.074
5246.15 953.34 5302.02 892.807
5259.09 993.165 5315.54 956.526
5273.5 956.526 5327.89 988.386
5285.26 964.491 5341.42 1010.69
5299.08 956.526 5354.06 1045.73
5312.6 980.421 5367.88 1037.77
5324.95 1031.4 5380.23 1087.15
5337.6 1093.52 5393.75 1104.68
5351.41 1134.94 5405.81 1120.61
5363.76 1123.79 5419.33 1112.64
5376.7 1090.34 5432.56 1166.8
5390.22 1117.42 5444.91 1224.15
5402.57 1083.97 5458.73 1256.01
5416.1 1103.08 5472.25 1263.97
5428.44 1158.84 5484.6 1287.87
5441.67 1240.08 5497.53 1241.67
5454.9 1291.06 5511.35 1289.46
5467.55 1319.73 5523.4 1346.81
5481.07 1313.36 5537.22 1350
5494.89 1308.58 5550.15 1494.96
5507.53 1314.95 5562.5 1472.66
5521.35 1311.76 5576.32 1542.75
5532.52 1370.71 5588.96 1530
5545.16 1459.91 5601.31 1507.7
5558.97 1555.49 5615.12 1526.82
5571.61 1620.81 5627.76 1571.42
5585.14 1636.74 5641.28 1596.91
5598.37 1631.96 5653.63 1641.51
5610.71 1614.43 5666.27 1727.54
5624.23 1568.24 5679.49 1799.22
5636.58 1580.98 5693.6 1775.33
5650.69 1655.85 5706.83 1796.03
5662.74 1768.95 5718.88 1792.85
5675.67 1834.27 5731.81 1775.33
5689.49 1972.86 5745.33 1804
5701.24 1917.1 5758.56 1848.6
5715.06 1899.58 5771.49 1945.78
5728.28 1815.15 5784.42 1904.36
5740.92 1759.4 5797.35 1862.94
5754.74 1823.12 5811.46 1773.73
5766.49 1944.18 5823.51 1743.47
5779.43 2076.4 5836.15 1756.21
5793.24 2152.87 5849.07 1816.74
5806.46 2184.73 5862.89 1869.31
5819.1 2146.49 5876.4 1996.75
5832.32 2077.99 5888.16 2060.47
5845.25 2046.13 5902.56 2124.19
5858.18 2114.63 5914.6 2146.49
5871.11 2160.83 5928.41 2077.99
5884.34 2332.87 5939.87 2090.74
5897.85 2441.2 5954.27 2097.11
5909.61 2490.58 5966.61 2192.69
5924.01 2525.63 5980.13 2297.83
5935.76 2423.67 5993.05 2356.77
5949.28 2380.66 6005.69 2457.13
5962.2 2366.33 6018.61 2461.91
5975.72 2433.23 6032.13 2488.99
5988.06 2664.22 6045.05 2466.69
6001.87 2778.91 6057.98 2469.87
6012.74 2850.6 6070.91 2547.93
6027.13 2880.86 6083.83 2635.54
6039.77 2772.54 6097.05 2732.72
6053.28 2688.11 6110.86 2845.82
6066.21 2675.37 6122.9 2833.07
6079.72 2805.99 6135.82 2860.16
6091.47 2898.39 6148.75 2790.06
6105.86 3054.5 6161.67 2849
6117.61 3140.52 6175.18 2903.17
6131.42 3143.71 6188.4 2907.95
6145.22 3060.87 6200.73 3017.86
6157.56 3009.9 6214.24 3115.03
6170.19 2987.6 6227.17 3153.27
6183.7 3095.92 6240.97 3105.48
6195.74 3201.06 6253.6 3115.03
6209.55 3361.95 6266.81 3118.22
6222.47 3412.92 6279.73 3052.91
6235.98 3425.67 6292.36 3154.86
6248.9 3382.66 6306.16 3275.93
6261.23 3298.23 6318.2 3287.08
6274.15 3330.09 6331.71 3358.76
6287.66 3368.32 6344.63 3417.7
6301.17 3489.39 6357.54 3416.11
6314.09 3642.32 6371.05 3420.89
6326.42 3626.39 6383.97 3412.92
6339.34 3709.22 6396.89 3381.06
6351.67 3669.4 6408.92 3522.84
6366.06 3627.98 6423.6 3588.15
6378.68 3721.97 6434.76 3575.41
6391.6 3749.05 6448.85 3640.72
6404.23 3870.11 6461.47 3669.4
6416.26 3999.15 6474.97 3712.41
6430.94 4053.31 6488.47 3723.56
6443.86 4085.17 6500.22 3788.87
6456.77 4070.83 6514.6 3839.85
6469.39 3975.25 6527.51 3937.02
6481.72 4011.89 6541.01 3992.77
6495.52 4113.84 6552.75 4027.82
6508.14 4293.85 6565.66 4147.3
6521.64 4383.06 6579.75 4121.81
6533.67 4524.83 6591.78 4158.45
6547.18 4502.53 6604.99 4222.17
6560.09 4492.98 6618.49 4166.41
6572.71 4416.51 6631.69 4281.11
6585.62 4395.8 6644.02 4332.08
6598.83 4446.78 6657.81 4402.17
6612.33 4655.46 6670.43 4465.89
6625.24 4809.98 6683.92 4457.93
6639.03 4946.98 6696.54 4534.39
6651.35 4918.3 6710.03 4566.25
6664.26 4846.62 6722.94 4574.22
6677.76 4765.38 6736.14 4641.12
6690.38 4739.89 6747.88 4609.26
6702.99 4776.53 6761.37 4676.17
6716.78 4916.71 6774.57 4730.33
6729.98 5082.38 6787.19 4856.18
6742.3 5267.17 6800.09 4975.65
6755.21 5327.7 6813.29 4974.06
6768.12 5271.95 6826.2 5068.05
6782.49 5201.86 6839.69 5106.28
6794.81 5114.24 6853.18 5093.53
6806.84 5120.62 6866.08 5080.79
6820.62 5214.6 6878.69 5126.99
6833.24 5451.96 6892.18 5222.57
6847.31 5628.78 6905.38 5318.15
6859.34 5698.87 6917.4 5448.77
6873.12 5717.99 6930.89 5479.04
6884.85 5620.82 6943.8 5507.71
6899.52 5565.06 6957.58 5579.4
6910.37 5552.32 6970.48 5549.13
6925.32 5652.68 6983.67 5571.43
6937.05 5831.09 6995.99 5639.93
6951.13 6019.06 7008.89 5776.93
6962.85 6159.25 7021.78 5869.32
6976.05 6160.84 7036.15 5936.23
6989.53 6100.31 7047.88 5918.71
7002.44 6041.37 7061.07 5969.68
7015.63 5996.76 7075.14 5964.9
7028.82 6081.19 7087.45 6074.82
7041.43 6234.12 7099.47 6151.28
7054.62 6372.71 7113.54 6205.44
7068.4 6557.5 7125.85 6280.32
7081.29 6567.05 7139.91 6345.63
7093.9 6547.94 7152.52 6407.75
7105.92 6511.3 7165.12 6407.75
7119.11 6447.58 7178.89 6396.6
7132.88 6504.93 7191.79 6442.8
7145.78 6645.11 7205.27 6496.96
7158.38 6850.61 7218.16 6613.25
7171.86 6986.01 7230.76 6721.58
7184.46 7009.91 7243.65 6836.27
7197.94 7060.88 7256.25 6976.45
7210.84 6962.12 7270.03 6976.45
7223.44 6962.12 7282.33 6981.23
7237.79 7003.54 7296.1 7008.31
7250.1 7107.08 7308.4 7013.09
7261.82 7280.72 7321.88 7115.04
7276.76 7390.63 7335.07 7145.31
7288.78 7492.58 7347.95 7274.34
7301.67 7561.08 7361.14 7385.85
7314.85 7476.65 7373.73 7425.68
7327.45 7446.39 7387.21 7573.83
7340.92 7518.07 7398.92 7529.22
7353.52 7597.72 7412.98 7549.93
7366.99 7763.39 7425.57 7586.57
7379.3 7887.65 7439.34 7589.76
7393.06 8027.83 7452.23 7642.33
7405.66 8042.17 7465.11 7744.28
7418.84 7965.7 7478 7830.3
7431.43 8026.24 7491.18 8008.72
7444.61 8021.46 7504.65 7983.23
7457.5 8161.64 7517.53 8096.33
7470.97 8269.97 7531.88 8107.48
7484.15 8348.02 7543.01 8050.13
7496.74 8505.73 7556.18 8080.4
7509.62 8513.69 7569.94 8059.69
7522.8 8513.69 7581.95 8332.09
7535.39 8542.37 7596 8442.01
7548.86 8532.81 7608.59 8567.86
7561.74 8679.37 7621.47 8672.99
7574.92 8728.75 7634.06 8604.5
7588.39 8878.49 7648.11 8604.5
7600.68 8999.56 7660.11 8551.93
7613.27 9036.2 7674.16 8585.38
7627.32 9072.84 7687.33 8781.32
7639.91 9123.81 7699.33 8859.37
7652.5 9205.05 7713.09 9101.51
7665.96 9263.99 7725.67 9224.17
7678.55 9310.19 7739.72 9189.12
7691.14 9426.48 7751.72 9217.8
7704.6 9518.87 7764.89 9150.89
7717.77 9609.67 7778.94 9147.71
7731.23 9655.87 7791.23 9289.48
7743.82 9641.53 7804.1 9350.02
7756.7 9754.64 7817.57 9582.59
7769.87 9757.82 7830.15 9684.55
7783.03 9883.67 7842.73 9797.65
7795.32 9953.76 7856.19 9811.98
7809.66 10011.1 7869.65 9718
7821.95 10092.4 7881.93 9735.52
7834.53 10151.3 7895.1 9725.96
7847.7 10270.8 7907.97 9843.84
7861.75 10318.6 7921.43 10047.7
7873.74 10344 7934.3 10148.1
7886.62 10452.4 7947.76 10342.5
7900.37 10403 7960.63 10364.8
7912.07 10533.6 7974.08 10289.9
7925.82 10637.2 7986.66 10250.1
7938.4 10715.2 8000.7 10224.6
7951.85 10888.8 8012.69 10304.2
7964.72 10930.3 8025.56 10492.2
7977.3 10949.4 8039.6 10600.5
7990.76 11025.8 8051.89 10821.9
8004.21 10982.8 8065.05 10820.4
8017.37 11126.2 8077.33 10841.1
8029.07 11221.8 8090.49 10778.9
8043.7 11314.2 8104.52 10758.2
8055.1 11487.8 8116.81 10828.3
8069.14 11489.4 8129.38 10877.7
8082.01 11583.4 8143.12 11095.9
8095.17 11618.4 8155.99 11309.4
8108.62 11666.2 8169.15 11419.3
8120.61 11782.5 8182.3 11562.7
8134.64 11851 8195.46 11454.4
8146.05 11922.7 8208.32 11545.2
8160.08 12066.1 8220.9 11446.4
8172.95 12064.5 8234.05 11564.3
8185.81 12225.4 8247.5 11642.3
8199.84 12271.6 8260.94 11801.6
8212.71 12344.8 8273.22 12007.1
8224.99 12456.4 8285.21 12080.4
8238.14 12454.8 8298.95 12113.9
8251.59 12601.3 8313.27 12153.7
8262.99 12594.9 8325.25 12105.9
8277.02 12711.2 8338.7 12187.1
8289.59 12786.1 8352.44 12252.5
8303.62 12856.2 8363.54 12314.6
8316.49 13068.1 8378.45 12507.3
8328.18 13080.8 8390.72 12534.4
8342.5 13150.9 8403.29 12733.5
8354.77 13222.6 8417.9 12760.6
8368.22 13163.6 8429.88 12754.2
8381.37 13249.7 8443.03 12883.3
8394.52 13268.8 8456.77 12857.8
8406.5 13455.2 8469.04 12972.5
8419.94 13596.9 8482.48 13111.1
8433.1 13730.8 8494.17 13058.5
8445.66 13816.8 8508.78 13287.9
8458.52 13788.1 8519.88 13243.3
8472.55 13804 8533.91 13370.7
8484.82 13832.7 8547.34 13487
8498.26 13928.3 8560.49 13544.4
8511.41 14135.4 8573.64 13703.7
8523.68 14307.4 8585.32 13753.1
8537.12 14332.9 8599.64 13867.8
8550.27 14425.3 8612.78 13950.6
8563.12 14444.4 8624.76 14017.5
8575.98 14412.6 8639.08 14135.4
8589.71 14481.1 8652.22 14167.2
8602.27 14517.7 8663.9 14312.2
8615.12 14772.6 8677.34 14471.5
8628.27 14809.2 8690.49 14600.5
8641.41 14979.7 8703.05 14796.5
8653.68 15089.6 8717.07 14828.3
8667.12 15057.7 8729.92 14880.9
8680.55 15142.1 8743.06 14939.8
8692.82 15110.3 8755.32 14802.8
8705.67 15218.6 8768.76 14925.5
8719.11 15358.8 8781.9 15016.3
8731.38 15494.2 8794.75 15183.6
8745.69 15642.3 8807.89 15317.4
8758.83 15704.5 8820.74 15341.3
8771.1 15792.1 8833.3 15377.9
8784.24 15804.8 8847.61 15362
8797.09 15803.2 8860.45 15358.8
8810.23 15986.4 8873.31 15419.3
8823.37 16013.5 8885.28 15417.7
8835.93 16199.9 8899.29 15632.8
8848.78 16319.4 8912.14 15769.8
8862.21 16383.1 8925.86 15889.3
8874.47 16561.5 8937.54 15949.8
8888.2 16612.5 8951.26 16042.2
8901.63 16671.4 8964.99 16050.2
8913.89 16762.2 8978.41 16139.4
8927.32 16732 8990.39 16184
8940.17 16873.7 9004.1 16352.8
8952.72 17012.3 9015.49 16508.9
8966.44 17224.2 9029.21 16746.3
8979.29 17426.5 9042.93 16838.7
8992.14 17439.2 9055.48 16875.3
9004.1 17547.6 9068.33 16994.8
9017.83 17437.7 9081.47 16956.6
9030.38 17448.8 9094.6 17052.1
9044.39 17526.9 9108.03 17213
9057.53 17630.4 9120.87 17286.3
9070.08 17885.3 9133.72 17472.7
9084.09 18082.8 9147.43 17469.5
9096.06 18180 9160.28 17577.8
9108.9 18264.4 9172.83 17644.7
9122.04 18203.9 9185.38 17740.3
9134.88 18269.2 9198.51 17820
9148.31 18238.9 9212.23 17818.4
9160.86 18332.9 9225.36 18009.5
9173.7 18581.4 9238.5 18079.6
9187.42 18729.6 9250.75 18152.9
9200.55 18852.2 9264.47 18259.6
9213.4 18974.9 9277.89 18274
9225.65 18952.6 9290.15 18318.6
9239.08 18992.4 9304.16 18353.6
9252.21 18973.3 9316.71 18318.6
9263.89 19103.9 9328.38 18522.5
9278.48 19299.9 9342.09 18532
9291.03 19443.2 9355.52 18704.1
9304.16 19680.6 9367.77 18783.7
9317.58 19714 9381.49 18756.7
9329.84 19776.2 9395.5 18799.7
9343.26 19790.5 9408.63 18796.5
9356.1 19731.6 9421.47 18998.8
9369.52 19892.5 9433.72 19096
9382.66 19973.7 9446.56 19194.7
9395.5 20297.1 9459.98 19362
9407.75 20472.3 9473.4 19371.5
9421.17 20595 9486.24 19377.9
9434.59 20736.7 9499.08 19524.5
9446.85 20677.8 9512.5 19629.6
9460.85 20714.4 9525.04 19859
9474.28 20763.8 9537.59 19968.9
9486.53 20841.9 9551.59 20180.8
9499.08 21015.5 9563.85 20273.2
9512.5 21240.1 9577.27 20199.9
9525.34 21444 9591.27 20206.3
9538.46 21603.3 9603.82 20222.2
9551.3 21655.9 9615.78 20285.9
9563.85 21690.9 9629.78 20572.7
9577.56 21616.1 9642.91 20776.6
9590.1 21670.2 9656.03 21152.5
9603.82 21823.2 9669.16 21160.5
9617.24 21904.4 9681.12 21026.7
9627.74 22191.1 9694.54 20888.1
9642.62 22291.5 9707.38 20677.8
9655.74 22426.9 9720.5 20810
9669.16 22454 9734.51 21096.8
9682 22356.8 9747.05 21442.4
9694.25 22403 9759.89 21898
9707.38 22433.3 9772.43 21839.1
9719.63 22498.6 9785.56 21738.7
9733.34 22766.2 9798.68 21490.2
9746.17 22828.3 9811.52 21342.1
9758.72 23110.3 9825.81 21432.9
9772.43 23178.8 9839.23 21683
9785.85 23272.8 9851.48 22202.3
9797.81 23406.6 9864.6 22563.9
9811.81 23377.9 9877.44 22759.8
9823.77 23438.5 9890.56 22807.6
9837.48 23550 9903.4 22428.5
9850.6 23599.4 9916.81 22286.7
9863.73 23847.9 9929.65 22138.6
9875.1 23940.3 9943.07 22315.4
9889.11 24021.5 9955.9 22865
9901.94 24177.6 9969.32 23268
9915.35 24220.6 9982.44 23637.6
9928.19 24459.6 9994.11 23723.6
9941.61 24585.4 10008.7 23459.2
9953.86 24759.1 10020.4 23242.5
9966.98 25015.5 10033.2 22971.7
9980.98 24999.6 10046.6 23118.3
9993.52 25178 10060.6 23502.2
10006.6 25176.4 10072.3 23962.6
10019.8 25203.5 10086.6 24485.1
10032.6 25323 10099.7 24472.3
10045.7 25291.1 10112.8 24432.5
10058 25549.2 10125.6 24222.2
10071.4 25627.2 10138.2 24013.5
10085.1 25820 10151.6 24137.8
10097.1 25977.7 10165 24195.1
10110.8 25982.5 10178.7 24553.6
10122.7 26035 10189.5 24897.6
10136.1 26036.6 10203.8 25013.9
10149 25985.7 10217.2 25079.2
10162.1 26146.6 10229.8 24942.2
10175.2 26246.9 10242.6 24658.7
10187.8 26530.5 10256 24550.4
10201.8 26745.5 10269.7 24572.7
10214 26949.4 10282 24931.1
10227.1 27115.1 10295.4 25289.5
10240.8 27056.2 10308.5 25592.2
10253.4 27145.4 10321.3 25796.1
10265.9 27103.9 10334.2 25632
10279.6 27164.5 10347 25587.4
10292.5 27457.6 10361 25493.4
10305.6 27594.6 10374.1 25560.3
10319.3 28035.8 10388.1 25877.3
10331 28117.1 10400.7 26170.5
10343.5 28268.4 10413.8 26603.7
10357.2 28459.6 10426 26804.5
10370.6 28316.2 10440 26890.5
10382.3 28419.8 10452.9 27070.5
10395.7 28446.8 10466.3 27008.4
10409.1 28634.8 10480.3 27244.1
10422.3 29085.6 10492.8 27362
10435.7 29356.4 10499.5 27747.5
10447.9 29789.7 10487.3 28368.8
10461.6 29757.9 10474.2 28956.6
