4013.58 -338.578 4025.03 -75.7342
4004.19 -184.058 4039.12 -142.64
4000.08 -172.907 4052.03 -182.465
4009.76 -163.349 4064.07 -203.174
4021.51 -145.826 4078.45 -228.662
4035.01 -149.012 4090.79 -179.279
4048.22 -149.012 4103.7 -174.5
4061.72 -161.756 4116.03 -160.163
4074.05 -120.338 4129.25 -172.907
4088.14 -118.745 4143.34 -180.872
4100.77 -98.0361 4156.56 -180.872
4113.39 -51.8393 4168.89 -120.338
4127.19 -102.815 4182.1 -174.5
4140.41 -74.1412 4195.32 -129.896
4153.03 -90.0711 4207.95 -109.187
4166.25 -90.0711 4221.46 -110.78
4178.88 -39.0953 4234.09 -182.465
4191.8 -55.0253 4247.31 -168.128
4205.31 -40.6883 4259.64 -134.675
4217.64 -48.6533 4273.45 -139.454
4231.74 5.50855 4285.79 -144.233
4243.19 -48.6533 4299.01 -51.8393
4257.59 -47.0603 4312.23 -88.4781
4270.51 -55.0253 4324.56 -144.233
4283.44 -26.3513 4337.78 -98.0361
4296.66 -5.64241 4351.01 -193.616
4309.58 -5.64241 4363.64 -152.198
4322.51 5.50855 4376.86 -144.233
4335.43 10.2875 4390.38 -86.8852
4348.65 21.4385 4402.72 -39.0953
4362.17 16.6595 4417.12 -70.9552
4373.92 24.6245 4430.05 -80.5132
4388.61 8.69454 4442.68 -58.2112
4400.37 53.2984 4455.02 -107.594
4413.88 75.6003 4468.84 -61.3972
4427.69 21.4385 4481.18 -39.0953
4440.33 132.948 4494.4 -15.2004
4452.38 34.1825 4507.92 18.2525
4465.9 83.5653 4519.97 75.6003
4478.53 140.913 4533.49 67.6354
4492.35 93.1233 4546.72 29.4035
4504.98 123.39 4559.94 11.8805
4517.62 142.506 4572.58 34.1825
4531.73 132.948 4585.51 18.2525
4543.48 113.832 4598.45 109.053
4557.3 175.959 4611.09 142.506
4569.35 211.005 4625.2 155.25
4582.58 169.587 4638.13 121.797
4596.1 177.552 4651.06 145.692
4609.32 203.04 4663.41 128.169
4622.85 175.959 4676.93 148.878
4635.19 198.261 4690.16 158.436
4647.24 153.657 4702.51 175.959
4660.47 204.633 4716.33 234.9
4674.29 241.272 4728.97 293.841
4687.52 220.563 4742.49 261.981
4700.74 292.248 4755.13 277.911
4713.38 252.423 4767.18 290.655
4726.03 297.027 4780.71 247.644
4738.96 247.644 4794.23 301.806
4751.9 260.388 4807.17 346.409
4765.13 281.097 4820.1 344.816
4778.65 349.595 4832.45 363.932
4791 376.676 4846.27 418.094
4804.52 451.547 4858.91 386.234
4817.16 414.908 4872.14 405.35
4830.69 469.07 4885.08 438.803
4843.33 475.442 4898.9 465.884
4856.56 457.919 4910.96 504.116
4868.32 513.674 4924.19 545.534
4882.73 532.79 4938.01 492.965
4895.67 601.289 4950.65 524.825
4908.01 628.37 4963 523.232
4920.95 609.254 4976.23 540.755
4934.48 599.696 4989.46 588.545
4946.24 628.37 5002.98 586.952
4960.94 669.787 5015.92 682.531
4973.88 671.38 5028.27 660.229
4986.52 684.124 5041.21 671.38
4999.46 700.054 5055.03 672.973
5012.39 771.739 5067.97 696.868
5025.04 731.914 5080.9 760.588
5038.86 708.019 5093.26 752.623
5051.5 719.17 5106.49 786.076
5063.85 728.728 5119.13 845.017
5077.67 743.065 5132.66 852.982
5090.31 798.82 5145.3 860.947
5103.55 827.494 5158.24 870.505
5117.07 795.634 5172.65 897.586
5129.13 822.715 5184.11 903.958
5142.36 827.494 5197.64 945.376
5155.3 851.389 5210.87 1040.96
5169.12 899.179 5223.81 1085.56
5182.05 943.783 5236.74 1109.45
5194.11 1101.49 5250.27 1083.97
5207.34 1091.93 5263.8 1074.41
5221.16 1123.79 5276.73 1091.93
5234.69 1045.73 5288.79 1150.87
5247.04 1131.76 5302.31 1185.92
5259.09 1123.79 5314.95 1287.87
5273.79 1176.36 5328.48 1273.53
5285.85 1256.01 5341.42 1294.24
5298.49 1359.55 5354.65 1295.83
5311.72 1408.94 5366.7 1300.61
5325.24 1399.38 5379.93 1305.39
5337.6 1391.41 5393.46 1348.4
5350.83 1318.14 5406.39 1423.27
5363.47 1385.04 5419.04 1455.13
5377.29 1407.34 5431.97 1482.21
5389.64 1493.37 5445.2 1536.38
5402.87 1595.32 5457.55 1550.71
5416.1 1622.4 5472.25 1561.86
5428.74 1644.7 5483.72 1612.84
5441.97 1635.14 5498.41 1639.92
5453.73 1566.64 5510.76 1689.3
5467.84 1549.12 5522.81 1740.28
5481.36 1593.72 5537.22 1760.99
5493.12 1628.77 5550.45 1794.44
5506.94 1738.69 5562.8 1759.4
5519.88 1827.89 5576.02 1808.78
5533.1 1847.01 5588.96 1842.23
5546.33 1767.36 5601.31 1880.46
5559.27 1775.33 5615.41 1976.04
5572.5 1792.85 5628.64 1955.33
5584.55 1778.51 5640.99 2054.1
5598.37 1835.86 5653.92 2031.8
5610.42 1926.66 5666.56 2065.25
5623.06 2066.84 5680.38 2055.69
5637.46 2081.18 5693.6 2017.46
5650.69 2101.89 5705.65 2141.71
5662.45 2109.85 5720.06 2164.02
5676.26 2070.03 5731.81 2246.85
5689.19 2113.04 5745.04 2267.56
5702.13 2140.12 5758.26 2222.96
5714.77 2235.7 5771.78 2256.41
5727.99 2355.18 5783.83 2238.89
5740.92 2371.11 5796.76 2256.41
5753.85 2422.08 5809.99 2320.13
5766.79 2407.74 5823.8 2401.37
5780.31 2404.56 5836.44 2482.62
5792.65 2449.16 5850.25 2543.15
5806.76 2476.24 5862.59 2555.89
5819.39 2579.79 5874.64 2598.9
5832.03 2602.09 5888.45 2535.18
5845.25 2637.14 5901.38 2551.11
5857.3 2735.9 5915.19 2619.61
5871.7 2672.18 5927.83 2669
5884.63 2727.94 5939.58 2758.2
5896.09 2683.33 5953.39 2793.25
5910.49 2692.89 5966.32 2839.45
5924.01 2783.69 5980.71 2871.31
5935.76 2801.21 5992.17 2845.82
5949.57 2896.79 6005.98 2825.11
5962.2 2982.82 6019.2 2817.14
5975.72 2976.44 6031.54 2904.76
5988.35 2993.97 6045.35 3035.38
6000.4 2989.19 6057.69 3044.94
6014.21 3016.27 6070.61 3118.22
6027.72 3067.24 6084.13 3076.8
6040.06 3123 6096.46 3107.07
6052.69 3193.09 6109.98 3103.88
6066.21 3285.49 6122.9 3083.17
6078.54 3277.52 6135.82 3228.14
6091.76 3298.23 6149.04 3295.04
6105.27 3315.75 6161.38 3376.29
6117.91 3377.88 6175.48 3430.45
6130.83 3392.22 6188.4 3412.92
6143.75 3471.86 6201.62 3462.31
6156.97 3557.89 6214.24 3389.03
6171.07 3612.05 6227.46 3463.9
6183.11 3669.4 6240.97 3529.21
6196.33 3627.98 6252.72 3589.75
6208.96 3701.26 6266.52 3712.41
6222.76 3726.74 6278.85 3744.27
6234.8 3710.81 6291.77 3763.38
6248.02 3827.1 6305.28 3755.42
6262.11 3854.18 6318.79 3694.88
6274.15 3965.69 6331.71 3742.67
6287.66 3986.4 6344.04 3806.39
6301.46 4007.11 6357.84 3903.57
6313.21 3949.76 6369.88 3965.69
6326.42 3954.54 6383.97 4072.42
6338.75 3965.69 6395.71 4085.17
6352.55 4074.02 6410.1 4067.65
6365.47 4104.28 6423.01 4112.25
6378.39 4230.13 6435.64 4112.25
6391.89 4260.4 6449.14 4180.75
6403.64 4269.96 6461.76 4276.33
6417.73 4317.75 6474.68 4346.42
6430.94 4322.52 6487.01 4411.73
6443.27 4346.42 6501.1 4483.42
6456.18 4391.02 6514.01 4451.56
6469.1 4424.48 6526.92 4485.01
6482.6 4551.92 6540.13 4485.01
6495.52 4583.78 6553.05 4537.58
6509.02 4722.37 6565.66 4629.97
6521.05 4752.63 6579.46 4680.95
6534.26 4738.3 6592.37 4830.69
6548.06 4779.71 6605.28 4809.98
6560.38 4800.42 6618.19 4848.21
6573 4905.56 6630.81 4830.69
6586.21 4980.43 6644.31 4794.05
6599.71 5042.56 6657.22 4889.63
6611.44 5141.32 6670.13 4974.06
6625.24 5185.93 6683.92 5044.15
6638.73 5236.9 6696.24 5119.02
6651.65 5297.44 6710.03 5139.73
6664.85 5305.4 6721.47 5134.95
6676.88 5342.04 6735.85 5142.92
6690.67 5396.2 6748.76 5099.91
6703.58 5482.22 6761.37 5155.66
6717.37 5533.2 6774.86 5225.75
6729.98 5537.98 6788.06 5332.48
6742.6 5611.26 6800.09 5443.99
6756.09 5577.8 6813.29 5448.77
6768.41 5630.37 6827.37 5565.06
6781.61 5702.06 6839.69 5593.74
6794.23 5713.21 6852.89 5584.18
6807.72 5840.65 6865.5 5606.48
6820.92 5861.36 6879.28 5625.59
6833.82 5913.93 6891.6 5789.67
6846.14 5942.6 6905.09 5821.53
6860.22 5926.67 6918.87 5866.14
6872.24 6003.13 6931.77 6041.37
6885.73 6030.22 6943.8 6036.59
6898.64 6195.89 6957.28 6154.47
6912.42 6337.66 6969.3 6183.14
6925.61 6353.59 6982.79 6195.89
6937.34 6434.84 6996.86 6339.26
6950.54 6391.83 7008.59 6359.97
6963.15 6425.28 7022.08 6414.13
6976.05 6442.8 7036.15 6452.36
6989.53 6524.04 7048.76 6498.56
7002.44 6734.32 7062.24 6595.73
7015.63 6806 7074.26 6641.93
7028.82 6911.14 7087.45 6790.07
7042.01 6986.01 7100.35 6845.83
7055.5 6935.04 7113.54 6863.35
7067.52 6958.93 7125.85 6935.04
7080.71 6943 7139.33 6820.34
7094.48 7076.81 7152.52 6831.49
7105.92 7194.69 7165.41 6892.03
7119.4 7317.35 7177.72 6970.08
7132.3 7463.91 7192.37 7123.01
7146.07 7459.13 7203.8 7252.04
7158.97 7419.31 7218.75 7392.23
7172.15 7451.17 7231.35 7400.19
7184.76 7347.62 7243.95 7360.37
7198.24 7490.99 7257.43 7253.64
7211.13 7602.5 7269.73 7221.77
7223.73 7788.88 7282.62 7334.88
7236.62 7935.44 7296.69 7463.91
7249.81 7916.32 7309.58 7621.62
7263.29 7949.77 7322.47 7917.91
7275.3 7866.94 7335.65 7949.77
7289.65 7819.15 7347.66 7940.22
7301.96 7960.92 7360.84 7865.35
7314.56 8050.13 7373.73 7752.24
7327.16 8228.55 7387.21 7772.95
7340.92 8384.66 7400.39 7897.21
7353.52 8430.86 7413.57 8171.2
7366.99 8435.64 7425.57 8410.15
7378.71 8410.15 7439.05 8513.69
7392.77 8371.92 7452.52 8504.14
7405.95 8360.77 7465.99 8446.79
7419.72 8499.36 7477.41 8360.77
7432.02 8680.96 7491.47 8281.12
7444.61 8845.04 7504.94 8352.8
7457.5 8939.02 7518.41 8620.42
7471.56 8921.5 7530.41 8802.03
7483.27 8921.5 7543.59 8978.85
7496.45 8942.21 7556.47 9093.54
7510.21 8961.33 7569.06 8964.51
7523.39 9101.51 7581.36 8870.53
7534.81 9197.09 7596 8744.68
7549.15 9345.24 7608.3 8720.78
7561.74 9466.3 7621.76 8910.35
7574.33 9498.16 7634.35 9142.93
7587.8 9494.98 7648.11 9424.89
7600.98 9507.72 7660.99 9522.06
7614.15 9571.44 7673.28 9479.05
7627.03 9588.97 7687.04 9424.89
7640.5 9759.42 7699.33 9190.72
7652.5 9818.36 7713.09 9233.73
7665.96 9950.58 7726.26 9351.61
7678.55 9947.39 7737.38 9499.76
7692.31 9999.96 7751.72 9794.46
7704.89 10043 7764.6 9899.6
7718.06 10089.2 7778.35 10030.2
7730.65 10199.1 7790.64 9945.8
7744.41 10310.6 7804.98 9888.45
7756.7 10409.4 7816.69 9888.45
7770.45 10508.1 7830.44 9855
7782.74 10546.4 7843.9 10022.3
7794.74 10629.2 7857.07 10254.8
7808.79 10589.4 7869.94 10458.7
7822.54 10677 7882.52 10661.1
7835.71 10786.9 7895.39 10621.2
7848.29 10855.4 7908.56 10640.3
7861.75 11057.7 7921.72 10543.2
7873.74 11100.7 7934.59 10489
7887.79 11199.5 7947.47 10624.4
7899.78 11250.5 7960.63 10688.1
7912.95 11217 7973.5 10955.8
7925.53 11368.3 7987.25 11151.7
7938.98 11319 7999.24 11172.4
7951.56 11417.7 8012.4 11228.2
7965.31 11546.8 8024.98 11123
7977.89 11621.6 8039.02 11105.5
7991.05 11859 8051.59 11150.1
8004.8 11865.4 8065.34 11182
8016.5 11941.8 8077.62 11369.9
8030.54 11959.3 8090.19 11473.5
8042.82 11863.8 8104.23 11608.9
8055.98 11991.2 8117.1 11709.2
8069.43 12002.4 8129.97 11674.2
8083.47 12109.1 8143.41 11726.8
8095.46 12327.3 8156.87 11731.5
8108.33 12386.3 8168.85 11779.3
8121.19 12623.6 8182.6 11937
8133.77 12591.8 8194.88 12037.4
8147.51 12587 8207.74 12206.3
8160.37 12639.6 8221.48 12271.6
8172.95 12641.1 8234.05 12362.4
8186.1 12838.7 8247.2 12438.8
8198.09 12956.6 8260.65 12430.9
8212.12 13147.7 8272.93 12502.6
8224.99 13359.6 8285.21 12642.7
8238.14 13351.6 8300.12 12717.6
8251.3 13482.2 8311.81 12872.1
8264.16 13436 8325.25 12972.5
8276.73 13498.2 8338.99 13115.9
8290.76 13620.8 8351.85 13211.4
8303.92 13716.4 8364.42 13216.2
8315.9 13941 8378.74 13329.3
8329.93 14022.3 8389.84 13338.9
8341.33 14127.4 8404.17 13464.7
8355.36 14184.8 8417.32 13491.8
8367.05 14175.2 8430.17 13577.8
8380.79 14275.6 8443.32 13772.2
8394.81 14355.2 8456.47 13781.7
8407.09 14449.2 8469.62 13925.1
8420.24 14591 8481.9 13952.2
8432.8 14594.2 8494.75 14006.3
8445.95 14745.5 8508.49 14122.6
8458.23 14745.5 8521.64 14047.8
8472.84 14796.5 8534.2 14219.8
8485.11 14841.1 8547.05 14248.5
8497.67 14807.6 8560.49 14379.1
8511.7 14955.8 8573.06 14490.6
8523.68 15017.9 8586.2 14520.9
8536.83 15051.3 8599.93 14721.6
8549.39 15205.9 8612.2 14774.2
8562.54 15244.1 8625.35 14710.4
8576.56 15374.7 8638.2 14822
8588.54 15459.2 8652.51 14788.5
8602.85 15519.7 8665.07 14936.6
8615.12 15556.3 8677.63 15094.4
8627.97 15618.5 8691.07 15182
8640.24 15667.8 8703.92 15475.1
8654.27 15838.3 8716.77 15451.2
8667.12 15922.7 8729.62 15570.7
8680.55 16112.3 8742.18 15559.5
8693.41 16306.6 8755.91 15495.8
8705.67 16364 8769.05 15626.4
8719.69 16448.4 8781.9 15651.9
8732.25 16445.2 8794.46 15871.7
8745.39 16445.2 8808.48 16013.5
8758.25 16585.4 8821.62 16180.8
8770.8 16631.6 8833.88 16364
8784.24 16869 8847.02 16287.5
8796.5 16991.6 8860.16 16252.5
8810.23 17138.2 8873.01 16209.5
8823.95 17187.6 8885.86 16129.8
8835.64 17147.7 8899 16368.8
8849.36 17189.1 8912.43 16572.7
8861.62 17106.3 8925.57 16867.4
8875.64 17236.9 8938.42 17109.5
8888.78 17367.6 8952.14 17028.3
8900.46 17436.1 8964.4 17009.1
8913.6 17708.5 8976.95 16818
8926.45 17729.2 8990.68 16703.3
8940.17 17864.6 9003.81 16798.9
8953.31 17772.2 9017.83 17006
8966.15 17748.3 9029.5 17504.6
8978.41 17848.6 9043.22 17761
8991.26 17933.1 9056.07 17955.4
9004.98 18125.8 9068.33 17864.6
9018.99 18345.7 9082.34 17520.5
9031.55 18484.2 9093.73 17330.9
9044.68 18657.9 9108.03 17227.4
9058.11 18600.5 9121.16 17412.2
9069.5 18648.3 9134.3 17893.2
9084.09 18694.5 9147.73 18412.6
9095.77 18643.5 9160.28 18796.5
9109.78 18917.5 9172.53 18801.3
9123.21 19022.7 9186.25 18493.8
9135.47 19276 9198.51 18100.3
9148.31 19420.9 9211.94 17788.1
9161.15 19452.8 9225.07 17910.8
9174 19602.5 9238.2 18337.7
9186.25 19475.1 9251.05 18951
9200.55 19565.9 9264.18 19546.8
9213.1 19612.1 9277.02 19687
9225.65 19704.5 9291.03 19530.8
9239.37 20004 9303.28 18941.4
9252.5 20086.8 9316.71 18538.4
9264.76 20235 9329.25 18489
9278.77 20319.4 9342.39 18853.8
9291.61 20297.1 9354.93 19613.7
9304.45 20333.7 9368.36 20298.7
9317.29 20278 9381.2 20606.1
9330.13 20415 9394.62 20399
9343.55 20687.4 9408.04 19806.4
9356.98 20733.6 9420.59 19306.2
9369.23 21007.6 9433.72 19105.5
9381.49 21080.8 9447.14 19379.5
9395.2 21123.8 9459.4 20238.1
9408.04 21265.6 9472.53 20919.9
9421.17 21241.7 9485.95 21329.3
9434.3 21461.6 9498.49 21243.3
9447.14 21565.1 9512.79 20601.3
9459.4 21706.9 9524.75 20105.9
9473.4 21936.3 9538.46 19758.6
9485.95 21992 9551.3 19992.8
9499.37 22215 9564.14 20782.9
9512.79 22266 9578.43 21546
9524.46 22261.2 9589.81 22076.5
9538.46 22565.5 9603.23 21909.2
9550.72 22517.7 9616.94 21469.5
9564.43 22728 9629.49 20993.2
9576.68 22873 9642.62 20550.4
9590.98 22914.4 9654.87 20940.6
9602.94 23113.5 9669.16 21504.6
9615.48 23060.9 9682 22180
9628.9 23170.8 9694.83 22638.8
9641.74 23296.7 9707.67 22466.7
9655.45 23303.1 9721.09 22207.1
9668.29 23526.1 9734.22 21761
9680.54 23522.9 9746.76 21683
9693.96 23771.4 9759.59 22030.3
9706.79 23855.8 9772.72 22430.1
9719.63 23876.5 9785.56 23092.8
9733.63 24035.8 9798.68 23239.3
9746.17 23925.9 9811.81 23072.1
9759.3 23953 9825.23 22804.4
9772.72 24034.2 9838.06 22388.7
9785.26 24177.6 9851.48 22514.5
9798.1 24456.4 9864.02 22861.8
9811.23 24669.8 9877.15 23422.5
9823.77 24846.7 9889.98 23897.2
9837.19 24931.1 9903.1 23841.5
9850.6 24786.1 9916.81 23607.3
9863.73 24837.1 9929.65 23056.1
9876.56 24806.8 9942.19 22849.1
9889.4 25033.1 9955.61 23045
9902.23 25340.5 9968.73 23591.4
9914.48 25569.9 9981.86 24258.9
9928.77 25877.3 9995.56 24668.3
9941.31 25939.5 10008.4 24620.5
9953.27 25888.5 10020.4 24305.1
9966.98 25906 10034.4 23781
9979.52 25784.9 10046.9 23698.1
9993.52 25972.9 10059.7 23878.1
10006.3 26194.3 10073.1 24413.4
10018.3 26450.8 10087.1 25015.5
10031.7 26742.3 10099.7 25351.6
10045.1 26802.9 10112.2 25472.7
10058.6 26833.1 10125.1 25198.7
10070.8 26779 10138.5 24888.1
10084.2 26716.8 10151 24684.2
10097.1 26895.3 10164.7 24783
10110.2 26938.3 10177.8 25123.9
10123.9 27303.1 10191.3 25546
10136.7 27470.3 10204.1 25880.5
10148.7 27618.5 10216.6 26011.1
10163 27666.3 10229.8 25874.2
10175.2 27616.9 10243.8 25743.5
10188.4 27682.2 10255.7 25498.2
10201.8 27800.1 10268.3 25592.2
10213.7 27925.9 10280.5 25684.6
10226.3 28247.7 10295.1 26036.6
10239.7 28327.4 10308.5 26208.7
10253.7 28496.2 10321.3 26296.3
10265.9 28486.7 10333.9 26160.9
10279.6 28489.8 10347.3 26238.9
10291.6 28620.5 10360.4 26178.4
10306.2 28722.4 10373.5 26336.1
10318.4 28975.7 10387.3 26570.3
10330.7 29318.2 10400.4 26798.1
10343.5 29485.5 10413.5 27037
10356.9 29745.1 10426.6 27319
10369.8 29652.7 10439.2 27446.4
10383.5 29676.6 10452.3 27750.7
10396.3 29751.5 10466.3 27870.2
10408 29730.8 10480 28268.4
10422.3 30146.6 10493.7 28421.4
10434.5 30355.2 10500.7 28955
10448.8 30704.1 10487 29506.2
10461.6 30721.6 10473.9 30051
