4013.29 -8.8284 4025.91 2.32256
4003.6 -12.0144 4038.82 -15.2004
3999.79 5.50855 4051.45 -16.7934
4009.18 -40.6883 4064.36 -55.0253
4022.09 -26.3513 4079.04 -93.2571
4035.01 -19.9794 4090.79 -107.594
4048.51 -4.04942 4102.82 -72.5482
4062.01 -5.64241 4117.21 -90.0711
4074.64 11.8805 4129.54 -43.8743
4087.85 -24.7583 4141.58 -86.8852
4100.47 -10.4214 4156.26 -39.0953
4113.1 -26.3513 4169.18 -53.4323
4128.37 -35.9093 4181.81 -51.8393
4140.41 0.729569 4195.03 -50.2463
4152.74 -39.0953 4208.24 -86.8852
4165.95 -16.7934 4220.28 -69.3622
4179.17 -0.863426 4233.5 -80.5132
4192.09 37.3684 4247.31 -37.5023
4205.31 10.2875 4260.53 -19.9794
4217.94 5.50855 4272.86 -47.0603
4230.86 -24.7583 4286.08 -29.5373
4244.66 -27.9443 4299.59 -82.1062
4256.71 -10.4214 4311.34 -67.7692
4269.63 -18.3864 4324.86 -62.9902
4284.32 0.729569 4338.37 -45.4673
4296.07 34.1825 4351.3 -78.9202
4309.29 3.91556 4364.52 -35.9093
4321.92 -42.2813 4378.04 -34.3163
4335.73 -35.9093 4390.38 -26.3513
4348.36 -18.3864 4402.72 -53.4323
4362.17 -37.5023 4415.65 -19.9794
4374.22 5.50855 4429.75 -126.71
4387.15 26.2175 4441.8 -58.2112
4400.37 18.2525 4455.9 -59.8042
4413.3 -10.4214 4468.25 -24.7583
4426.81 -10.4214 4481.18 -42.2813
4440.92 -18.3864 4494.7 -47.0603
4452.67 -40.6883 4507.92 -90.0711
4465.9 -12.0144 4520.85 -104.408
4479.12 -31.1303 4533.78 -106.001
4491.46 2.32256 4547.01 -32.7233
4504.39 -5.64241 4559.06 -43.8743
4517.62 15.0665 4572.88 -72.5482
4531.14 -32.7233 4586.1 -34.3163
4544.37 -10.4214 4597.86 -56.6182
4556.42 -35.9093 4611.38 -75.7342
4569.64 -69.3622 4625.2 -58.2112
4582.58 -5.64241 4637.54 -88.4781
4595.8 -5.64241 4650.48 -88.4781
4609.03 -13.6074 4664.29 -69.3622
4622.55 -7.23541 4676.64 -55.0253
4635.19 -0.863426 4689.57 -56.6182
4647.24 -0.863426 4702.51 -72.5482
4661.06 -26.3513 4715.74 -74.1412
4673.7 -29.5373 4728.97 -75.7342
4687.81 -31.1303 4741.61 -24.7583
4700.74 2.32256 4755.13 -40.6883
4711.91 -8.8284 4767.18 -50.2463
4725.44 3.91556 4781.59 -35.9093
4738.08 7.10155 4793.94 -42.2813
4751.9 2.32256 4807.17 -47.0603
4765.42 -2.45642 4820.4 -78.9202
4778.95 -16.7934 4833.34 -80.5132
4791 -19.9794 4845.98 -64.5832
4803.93 15.0665 4859.5 -39.0953
4817.16 -0.863426 4871.85 -43.8743
4829.81 10.2875 4885.08 -62.9902
4842.74 16.6595 4898.61 -61.3972
4856.86 32.5895 4910.96 -5.64241
4869.5 7.10155 4924.19 -83.6992
4882.44 -51.8393 4938.01 -75.7342
4895.37 -64.5832 4950.06 -86.8852
4908.31 -7.23541 4963.88 -77.3272
4921.83 11.8805 4976.82 -37.5023
4934.48 15.0665 4988.58 -19.9794
4946.83 -21.5724 5002.69 -58.2112
4960.65 -18.3864 5015.92 -86.8852
4974.47 -4.04942 5028.57 -55.0253
4986.23 -15.2004 5040.92 -58.2112
4999.46 -4.04942 5055.62 -72.5482
5012.69 7.10155 5066.79 -107.594
5025.92 -24.7583 5080.61 -51.8393
5038.86 -5.64241 5094.14 -34.3163
5051.5 -7.23541 5106.19 0.729569
5064.44 -16.7934 5119.72 -42.2813
5077.97 21.4385 5132.66 -93.2571
5091.2 -0.863426 5145.3 -112.373
5102.96 18.2525 5158.53 -94.8501
5116.78 -21.5724 5171.76 -98.0361
5129.42 -8.8284 5184.7 -26.3513
5143.24 -21.5724 5197.05 -39.0953
5155.3 -21.5724 5211.46 -51.8393
5168.82 0.729569 5223.81 -77.3272
5182.05 -8.8284 5236.74 -66.1762
5194.7 -0.863426 5249.98 -99.6291
5208.22 27.8105 5262.91 -47.0603
5220.28 10.2875 5275.55 -50.2463
5234.69 10.2875 5288.49 -48.6533
5245.86 -0.863426 5302.31 -8.8284
5259.97 13.4735 5315.54 -53.4323
5272.91 -19.9794 5327.6 -34.3163
5285.85 2.32256 5341.71 -62.9902
5298.2 7.10155 5354.35 -94.8501
5311.72 8.69454 5366.7 -83.6992
5325.54 10.2875 5380.23 -70.9552
5338.18 -19.9794 5392.87 -62.9902
5350.24 -35.9093 5406.39 -29.5373
5363.76 3.91556 5419.92 -32.7233
5376.99 23.0315 5432.56 -82.1062
5390.52 -12.0144 5444.61 -35.9093
5402.87 -19.9794 5459.02 -90.0711
5415.51 -4.04942 5471.66 -85.2922
5428.44 -12.0144 5484.01 -53.4323
5442.26 -21.5724 5498.12 -72.5482
5454.9 -19.9794 5510.17 -21.5724
5468.13 -23.1654 5522.81 -61.3972
5481.36 0.729569 5536.93 -62.9902
5493.71 11.8805 5549.57 -72.5482
5508.12 -2.45642 5562.8 -110.78
5520.46 3.91556 5575.73 -75.7342
5532.81 -0.863426 5588.08 -42.2813
5545.74 -15.2004 5601.6 -27.9443
5558.68 23.0315 5614.53 -16.7934
5571.32 -26.3513 5627.76 -12.0144
5585.73 -8.8284 5640.99 -62.9902
5598.66 -4.04942 5653.33 -55.0253
5611 -10.4214 5667.15 -59.8042
5623.06 -16.7934 5679.79 -78.9202
5637.46 7.10155 5693.6 -74.1412
5650.69 5.50855 5706.83 -59.8042
5662.15 -21.5724 5719.17 -31.1303
5676.26 3.91556 5732.11 -31.1303
5688.9 5.50855 5745.04 -16.7934
5702.42 -27.9443 5756.8 -69.3622
5714.47 -13.6074 5771.2 -62.9902
5727.7 37.3684 5784.72 -121.931
5740.92 -12.0144 5796.76 -94.8501
5753.85 -21.5724 5812.05 -64.5832
5767.08 23.0315 5822.92 -62.9902
5779.43 21.4385 5836.44 -8.8284
5793.24 11.8805 5849.66 -31.1303
5806.46 -13.6074 5862.3 -58.2112
5819.39 16.6595 5875.52 -74.1412
5831.74 -16.7934 5889.04 -94.8501
5845.25 -10.4214 5901.38 -72.5482
5856.72 0.729569 5914.9 -107.594
5871.41 -18.3864 5927.53 -61.3972
5884.04 -0.863426 5940.46 -18.3864
5896.97 15.0665 5953.1 -35.9093
5909.9 30.9965 5967.49 -10.4214
5922.54 -7.23541 5980.42 -98.0361
5936.35 -26.3513 5992.17 -72.5482
5949.57 7.10155 6006.27 -64.5832
5961.91 2.32256 6019.2 -107.594
5974.84 27.8105 6031.25 -45.4673
5988.94 7.10155 6045.05 -48.6533
6000.4 -21.5724 6057.39 -13.6074
6014.79 -10.4214 6070.91 -45.4673
6027.43 -12.0144 6084.13 -72.5482
6040.35 -40.6883 6096.17 -40.6883
6052.99 0.729569 6110.27 -86.8852
6066.79 19.8455 6123.19 -77.3272
6078.54 -23.1654 6135.82 -117.152
6092.35 -12.0144 6149.04 -67.7692
6105.57 2.32256 6162.55 -45.4673
6118.2 -7.23541 6174.01 -56.6182
6130.54 26.2175 6188.69 -24.7583
6143.75 40.5544 6201.62 -56.6182
6156.97 27.8105 6213.66 -72.5482
6170.48 2.32256 6227.17 -59.8042
6183.41 -37.5023 6240.68 -98.0361
6196.03 19.8455 6253.6 -62.9902
6209.25 16.6595 6266.52 -53.4323
6222.76 42.1474 6279.14 -61.3972
6235.1 34.1825 6293.53 -56.6182
6248.31 -80.5132 6305.57 -58.2112
6261.23 19.8455 6318.2 -74.1412
6273.27 3.91556 6331.41 -64.5832
6287.07 16.6595 6343.74 -59.8042
6301.17 56.4844 6357.25 -35.9093
6313.5 32.5895 6370.46 -45.4673
6326.13 27.8105 6383.97 -74.1412
6339.34 8.69454 6396.59 -90.0711
6351.67 -15.2004 6409.8 -53.4323
6365.47 7.10155 6423.01 -53.4323
6378.68 -42.2813 6435.93 -74.1412
6391.01 8.69454 6448.55 -29.5373
6403.34 -12.0144 6462.35 -56.6182
6417.14 56.4844 6475.56 -51.8393
6429.76 29.4035 6487.89 -50.2463
6443.27 27.8105 6501.39 -59.8042
6457.07 -4.04942 6514.01 -61.3972
6469.39 -18.3864 6527.22 -40.6883
6482.6 -55.0253 6539.84 -69.3622
6495.81 -26.3513 6553.34 -21.5724
6508.14 11.8805 6565.66 -72.5482
6521.94 -7.23541 6578.58 -31.1303
6533.67 10.2875 6591.78 -99.6291
6547.18 3.91556 6605.28 -40.6883
6560.38 2.32256 6618.49 -24.7583
6573.3 -24.7583 6630.52 -107.594
6587.09 -2.45642 6644.31 -67.7692
6599.41 -48.6533 6657.81 -45.4673
6612.33 5.50855 6670.13 -16.7934
6625.24 -2.45642 6683.33 -53.4323
6639.03 13.4735 6695.95 -90.0711
6651.35 35.7755 6709.44 -99.6291
6664.56 42.1474 6722.65 -101.222
6678.05 3.91556 6735.56 -75.7342
6691.26 -31.1303 6749.05 -78.9202
6703.87 8.69454 6761.96 -48.6533
6716.19 7.10155 6774.57 -4.04942
6729.4 -8.8284 6788.36 -29.5373
6742.3 -26.3513 6800.97 -51.8393
6755.8 -10.4214 6813.29 -82.1062
6768.12 3.91556 6826.78 -78.9202
6782.2 19.8455 6839.1 -106.001
6794.52 -13.6074 6853.47 -85.2922
6806.54 -13.6074 6865.5 -96.4431
6820.33 -64.5832 6878.69 -39.0953
6833.82 -40.6883 6892.77 -0.863426
6847.02 -0.863426 6904.21 -2.45642
6859.92 5.50855 6918.58 -47.0603
6872.83 -2.45642 6931.48 -115.559
6885.73 -10.4214 6943.21 -128.303
6897.76 13.4735 6956.99 -51.8393
6911.83 -10.4214 6970.77 -96.4431
6925.61 -15.2004 6983.38 -48.6533
6936.76 16.6595 6995.99 -31.1303
6951.13 16.6595 7008.59 -48.6533
6963.73 53.2984 7022.37 -72.5482
6977.51 7.10155 7035.56 -314.683
6990.12 37.3684 7048.17 -263.708
7002.44 -21.5724 7061.36 -231.848
7016.21 32.5895 7075.43 -266.894
7028.23 37.3684 7086.28 -177.686
7041.13 75.6003 7100.64 -161.756
7054.62 -10.4214 7113.24 -184.058
7067.52 -2.45642 7126.73 -172.907
7080.12 27.8105 7139.33 -222.29
7093.9 48.5194 7152.81 -235.034
7106.21 32.5895 7165.12 -223.883
7120.28 15.0665 7178.89 -184.058
7132.88 29.4035 7191.79 -182.465
7145.78 21.4385 7204.98 -141.047
7158.38 -2.45642 7217.57 -142.64
7171.86 40.5544 7232.23 -120.338
7184.76 42.1474 7243.07 -169.721
7197.94 7.10155 7257.43 -225.476
7210.84 29.4035 7268.85 -199.988
7224.02 37.3684 7283.21 -153.791
7236.91 32.5895 7296.39 -187.244
7249.51 18.2525 7310.16 -118.745
7262.7 32.5895 7322.47 -96.4431
7275.88 24.6245 7335.94 -137.861
7288.48 7.10155 7348.25 -153.791
7302.25 15.0665 7360.84 -217.511
7314.56 21.4385 7374.61 -227.069
7328.33 -10.4214 7386.91 -233.441
7340.63 37.3684 7399.8 -220.697
7354.11 26.2175 7412.98 -174.5
7365.82 51.7054 7426.16 -104.408
7379.88 34.1825 7439.05 -98.0361
7391.89 3.91556 7451.93 -94.8501
7405.07 21.4385 7464.53 -137.861
7418.84 37.3684 7478.88 -126.71
7432.9 37.3684 7491.47 -171.314
7444.32 50.1124 7503.77 -149.012
7458.08 15.0665 7517.53 -107.594
7469.8 16.6595 7530.41 -69.3622
7483.86 2.32256 7543.59 -31.1303
7496.15 -5.64241 7556.47 -19.9794
7509.92 29.4035 7569.65 -51.8393
7522.22 -2.45642 7581.95 -55.0253
7535.98 51.7054 7595.41 -64.5832
7548.86 56.4844 7609.17 -56.6182
7562.91 67.6354 7621.47 -82.1062
7573.75 58.0774 7634.35 -29.5373
7587.8 66.0424 7647.52 -7.23541
7600.98 83.5653 7660.99 19.8455
7613.57 74.0073 7673.87 -2.45642
7627.32 89.9373 7686.75 -15.2004
7639.62 86.7513 7700.5 -29.5373
7652.5 89.9373 7712.8 -10.4214
7665.38 145.692 7725.67 7.10155
7678.84 124.983 7738.26 42.1474
7691.43 137.727 7751.72 80.3793
7705.19 117.018 7765.48 97.9023
7717.77 118.611 7778.06 94.7163
7730.94 161.622 7790.94 89.9373
7744.11 175.959 7803.81 131.355
7756.7 191.889 7816.39 80.3793
7769.28 174.366 7830.44 126.576
7783.03 241.272 7843.9 158.436
7795.03 207.819 7855.9 211.005
7808.79 255.609 7869.35 156.843
7821.95 260.388 7882.52 196.668
7835.12 238.086 7895.1 185.517
7847.99 247.644 7908.85 211.005
7861.45 276.318 7921.14 222.156
7874.04 287.469 7934.59 218.97
7887.2 260.388 7948.05 261.981
7900.95 306.585 7960.04 284.283
7912.36 314.55 7973.21 314.55
7925.82 327.294 7986.66 317.736
7938.69 343.223 7999.24 371.897
7952.44 359.153 8012.99 368.711
7964.14 346.409 8025.85 349.595
7978.18 379.862 8038.72 384.641
7990.47 419.687 8052.47 391.013
8004.21 446.768 8065.63 443.582
8016.79 467.477 8077.04 520.046
8029.95 456.326 8090.49 515.267
8043.11 492.965 8104.23 567.836
8055.98 472.256 8117.1 582.173
8068.85 540.755 8130.26 602.882
8082.59 456.326 8142.25 657.043
8095.46 559.871 8156.87 628.37
8108.33 580.58 8169.15 738.286
8120.9 623.591 8182.3 703.24
8134.06 652.264 8195.17 728.728
8146.63 628.37 8206.86 719.17
8160.37 715.984 8221.19 711.205
8172.66 706.426 8234.64 733.507
8186.1 704.833 8247.5 719.17
8198.38 698.461 8260.36 743.065
8212.71 723.949 8274.1 790.855
8225.57 760.588 8286.67 803.599
8238.14 803.599 8298.66 841.831
8250.72 814.75 8313.56 846.61
8263.87 872.098 8325.84 816.343
8277.32 878.47 8338.99 800.413
8290.18 883.249 8352.14 827.494
8303.04 908.737 8364.71 872.098
8315.61 924.667 8376.69 969.27
8328.76 970.864 8391.6 1045.73
8342.21 994.758 8403.87 1082.37
8355.07 1037.77 8416.15 1091.93
8367.93 1096.71 8430.17 1037.77
8380.2 1087.15 8443.03 1056.89
8393.94 1126.98 8455.89 1037.77
8406.5 1142.91 8468.75 1111.05
8419.36 1146.09 8481.6 1190.7
8433.1 1224.15 8496.21 1297.43
8445.37 1217.78 8509.07 1361.15
8458.81 1303.8 8521.34 1335.66
8472.55 1308.58 8534.49 1340.44
8485.69 1373.89 8546.18 1287.87
8497.38 1350 8561.08 1270.35
8511.11 1378.67 8573.35 1318.14
8523.97 1426.46 8586.79 1385.04
8537.7 1445.58 8598.76 1490.18
8550.27 1483.81 8612.49 1534.78
8563.12 1461.51 8625.35 1603.28
8576.85 1517.26 8638.49 1542.75
8589.12 1557.09 8651.64 1482.21
8601.68 1579.39 8664.49 1518.85
8615.71 1657.44 8677.63 1504.52
8627.97 1686.12 8690.49 1573.02
8640.83 1702.05 8702.75 1636.74
8653.97 1682.93 8716.77 1697.27
8665.95 1764.18 8729.62 1725.94
8679.68 1804 8742.47 1719.57
8693.41 1802.41 8755.03 1694.08
8706.55 1894.8 8769.05 1733.91
8719.11 1917.1 8781.61 1735.5
8732.55 1972.86 8794.75 1818.34
8744.81 2030.21 8807.02 1856.57
8757.95 2028.61 8820.74 1917.1
8771.97 2090.74 8834.17 1934.63
8784.82 2082.77 8846.44 1918.7
8797.67 2098.7 8859.58 1941
8809.35 2159.24 8873.6 2001.53
8823.37 2208.62 8886.15 2025.43
8836.51 2273.93 8899.29 2079.59
8849.65 2283.49 8912.14 2151.27
8863.08 2353.58 8925.28 2246.85
8875.35 2313.76 8938.71 2221.36
8888.2 2283.49 8951.85 2272.34
8901.33 2344.03 8964.69 2283.49
8913.89 2339.25 8977.54 2270.75
8927.61 2430.05 8989.51 2331.28
8940.75 2509.7 9003.81 2359.95
8953.89 2536.78 9016.66 2466.69
8965.86 2536.78 9029.5 2552.71
8978.71 2551.11 9043.22 2614.83
8992.14 2559.08 9055.19 2589.35
9005.27 2549.52 9068.91 2575.01
9018.12 2627.58 9082.05 2520.85
9030.96 2656.25 9094.89 2500.14
9043.81 2751.83 9107.74 2605.28
9057.82 2796.44 9120.58 2670.59
9070.08 2860.16 9133.72 2807.59
9083.22 2917.5 9147.43 2825.11
9096.06 2872.9 9160.28 2829.89
9108.9 2954.14 9172.53 2802.81
9122.04 2986 9185.96 2721.56
9134.59 2981.22 9198.8 2678.55
9148.02 3014.68 9212.52 2793.25
9161.15 3056.09 9224.49 2968.48
9173.7 3116.63 9238.79 3070.43
9187.13 3186.72 9251.34 3169.2
9200.26 3232.92 9264.18 3166.01
9213.1 3282.3 9277.02 3072.02
9226.53 3267.96 9290.73 3006.71
9238.79 3282.3 9303.57 2938.21
9252.8 3373.1 9316.41 3103.88
9265.64 3317.35 9329.25 3277.52
9278.77 3425.67 9341.51 3424.08
9290.44 3411.33 9355.52 3577
9304.16 3440.01 9368.07 3537.18
9316.71 3495.76 9381.78 3494.17
9330.72 3556.29 9394.91 3369.91
9344.43 3634.35 9408.04 3291.86
9356.39 3634.35 9422.05 3336.46
9369.23 3721.97 9433.14 3495.76
9381.78 3769.76 9446.27 3725.15
9395.5 3764.98 9459.98 3874.89
9408.33 3817.55 9473.4 3897.2
9421.17 3819.14 9486.24 3844.63
9434.59 3851 9499.37 3707.63
9446.85 3943.39 9512.5 3634.35
9459.98 3970.47 9524.75 3624.79
9473.4 4075.61 9537.59 3741.08
9485.95 4150.48 9551.3 3962.51
9499.37 4212.61 9563.85 4147.3
9512.5 4212.61 9577.27 4230.13
9525.34 4193.49 9590.4 4199.86
9538.46 4182.34 9604.11 4110.66
9550.72 4231.72 9617.24 3994.37
9564.14 4327.3 9629.49 4011.89
9577.27 4446.78 9642.32 4128.18
9589.52 4537.58 9655.45 4268.36
9603.52 4617.23 9669.16 4457.93
9616.36 4585.37 9682 4571.03
9628.9 4577.4 9695.42 4606.08
9641.74 4580.59 9708.84 4528.02
9655.45 4625.19 9720.8 4486.6
9669.45 4660.24 9734.22 4461.12
9681.71 4787.68 9747.34 4477.04
9693.67 4878.48 9759.89 4604.48
9707.67 5012.29 9774.47 4738.3
9719.92 4994.77 9786.72 4880.07
9733.92 5036.19 9798.97 4919.9
9745.88 5002.73 9812.39 4910.34
9759.59 5015.48 9825.52 4867.33
9772.14 5074.42 9838.94 4867.33
9786.14 5122.21 9851.48 4864.14
9798.1 5265.58 9864.6 4937.42
9810.93 5383.46 9877.44 5074.42
9824.35 5450.37 9890.56 5162.03
9836.89 5474.26 9903.4 5213.01
9850.31 5482.22 9916.23 5294.25
9863.44 5493.38 9929.06 5235.31
9875.69 5541.17 9943.07 5275.14
9889.4 5561.87 9955.9 5262.39
9902.23 5667.01 9968.73 5332.48
9914.48 5724.36 9982.73 5439.21
9927.9 5818.35 9995.27 5475.85
9941.61 5869.32 10007.2 5590.55
9954.44 5845.43 10021.5 5585.77
9967.86 5972.87 10034.1 5620.82
9980.4 5939.41 10046.6 5636.74
9992.65 6012.69 10060.3 5655.86
10006.1 6076.41 10073.1 5792.86
10018.3 6138.54 10086.3 5826.31
10032.3 6242.08 10099.7 5882.07
10044.6 6308.99 10112.5 6007.91
10058 6324.92 10125.3 5990.39
10071.7 6402.98 10138.8 6054.11
10083.1 6393.42 10151.6 6065.26
10097.4 6393.42 10164.1 6117.83
10110.5 6453.95 10177.5 6227.75
10123.6 6509.71 10190.7 6296.25
10136.4 6699.27 10203.8 6401.38
10149.3 6772.55 10216.3 6444.39
10163.6 6901.58 10229.8 6453.95
10174.4 6893.62 10243.2 6469.88
10187.8 6852.2 10256.3 6501.74
10201.8 6847.42 10269.1 6598.91
10214 6845.83 10281.7 6672.19
10226.8 6944.59 10295.7 6770.96
10239.7 7036.99 10308.2 6847.42
10253.1 7159.65 10321.3 6901.58
10266.2 7304.61 10334.5 6860.17
10279.3 7309.39 10347.3 6947.78
10292.2 7333.29 10361.3 6978.05
10305.9 7331.69 10373.5 6998.76
10318.4 7293.46 10388.1 7075.22
10331.5 7379.48 10400.4 7167.61
10344.1 7435.24 10413.5 7301.42
10356.9 7588.16 10426.3 7346.03
10370.3 7710.82 10440 7368.33
10383.2 7761.8 10452.6 7446.39
10396.3 7870.12 10466.3 7419.31
10408.3 7831.89 10480 7530.82
10421.7 7871.72 10493.4 7599.32
10434.2 7876.5 10499.2 7683.74
10448.5 7967.3 10486.7 7723.57
10461.3 7890.83 10474.4 7796.85
