4013.58 129.762 4025.91 121.797
4003.31 136.134 4038.53 118.611
3999.79 172.773 4050.86 128.169
4010.65 161.622 4064.95 132.948
4021.8 158.436 4077.87 96.3093
4035.01 167.994 4090.2 134.541
4047.63 172.773 4103.12 140.913
4060.55 171.18 4117.21 129.762
4074.64 150.471 4130.13 121.797
4086.97 147.285 4142.17 101.088
4099.89 161.622 4156.26 99.4952
4113.1 131.355 4168.6 107.46
4127.49 145.692 4180.93 120.204
4139.82 171.18 4195.03 163.215
4153.33 167.994 4207.95 72.4143
4167.13 148.878 4219.99 137.727
4177.99 164.808 4234.68 102.681
4192.09 167.994 4246.72 110.646
4205.6 101.088 4259.94 123.39
4217.64 137.727 4272.57 126.576
4231.44 140.913 4286.67 139.32
4244.37 148.878 4299.01 150.471
4256.41 204.633 4311.93 129.762
4270.81 136.134 4324.86 137.727
4283.14 148.878 4337.49 129.762
4296.66 167.994 4351.59 101.088
4309.88 134.541 4363.93 129.762
4322.8 142.506 4377.15 89.9373
4336.02 113.832 4390.08 105.867
4348.95 126.576 4403.6 83.5653
4361.29 193.482 4415.65 105.867
4374.51 174.366 4428.87 124.983
4387.44 199.854 4442.68 117.018
4400.66 152.064 4455.32 147.285
4414.18 132.948 4467.36 99.4952
4427.4 134.541 4481.47 88.3443
4439.16 132.948 4493.81 142.506
4452.38 160.029 4507.63 120.204
4465.6 144.099 4521.15 128.169
4478.83 153.657 4532.31 113.832
4492.35 167.994 4546.13 101.088
4504.98 155.25 4561.12 104.274
4517.62 148.878 4572.29 131.355
4531.73 123.39 4585.81 118.611
4543.48 153.657 4599.03 102.681
4557 102.681 4611.38 107.46
4570.23 147.285 4624.31 115.425
4583.46 126.576 4638.42 148.878
4596.1 131.355 4651.06 109.053
4609.32 179.145 4663.7 104.274
4621.96 134.541 4677.81 91.5303
4634.6 132.948 4689.28 88.3443
4647.54 113.832 4702.8 109.053
4661.65 136.134 4715.44 139.32
4674.29 124.983 4728.97 112.239
4687.81 179.145 4742.78 112.239
4699.86 195.075 4755.13 115.425
4713.09 198.261 4767.18 109.053
4726.32 137.727 4781 102.681
4739.26 137.727 4794.23 102.681
4752.19 113.832 4807.17 117.018
4765.42 147.285 4820.99 131.355
4778.06 153.657 4833.04 152.064
4791.29 187.11 4845.09 158.436
4804.82 140.913 4859.5 113.832
4816.87 142.506 4870.67 123.39
4830.39 158.436 4885.08 117.018
4843.63 175.959 4898.61 110.646
4856.86 174.366 4911.25 123.39
4868.62 166.401 4924.78 126.576
4883.02 137.727 4937.12 152.064
4895.67 161.622 4950.06 118.611
4908.6 139.32 4963 160.029
4921.25 161.622 4976.82 123.39
4934.18 195.075 4990.05 86.7513
4946.83 144.099 5002.98 89.9373
4961.23 156.843 5015.34 109.053
4973.29 145.692 5027.98 121.797
4986.52 161.622 5042.39 142.506
5000.05 139.32 5053.56 136.134
5011.81 193.482 5067.67 153.657
5025.33 177.552 5080.32 142.506
5039.15 155.25 5093.84 169.587
5051.8 150.471 5105.9 88.3443
5063.56 155.25 5120.01 77.1933
5076.79 139.32 5133.24 117.018
5091.2 126.576 5145.59 129.762
5103.55 117.018 5159.12 137.727
5117.07 158.436 5172.35 152.064
5129.13 164.808 5184.11 134.541
5142.95 158.436 5197.93 97.9023
5155.88 153.657 5209.99 120.204
5169.12 121.797 5225.28 115.425
5181.76 139.32 5236.45 134.541
5194.7 144.099 5249.68 69.2283
5207.93 183.924 5262.62 136.134
5220.87 166.401 5275.85 134.541
5233.8 137.727 5288.79 117.018
5246.15 158.436 5302.02 78.7863
5259.97 102.681 5314.66 101.088
5272.91 126.576 5327.89 124.983
5285.85 118.611 5341.12 97.9023
5298.49 107.46 5354.94 120.204
5311.43 174.366 5367.29 124.983
5324.36 198.261 5380.52 126.576
5337.3 160.029 5393.16 121.797
5350.83 137.727 5406.98 124.983
5363.76 107.46 5419.92 118.611
5377.29 101.088 5432.85 64.4494
5389.64 105.867 5444.61 75.6003
5401.98 117.018 5458.73 124.983
5415.8 177.552 5472.25 140.913
5429.03 169.587 5484.89 126.576
5442.26 187.11 5496.94 123.39
5454.32 152.064 5509.88 89.9373
5468.43 147.285 5523.99 123.39
5480.19 115.425 5535.75 123.39
5494 104.274 5550.45 101.088
5507.23 105.867 5563.09 101.088
5520.17 120.204 5575.73 107.46
5533.1 198.261 5588.66 118.611
5546.33 193.482 5602.19 126.576
5558.97 226.935 5614.83 83.5653
5572.2 163.215 5627.47 104.274
5585.14 110.646 5640.99 128.169
5598.66 161.622 5653.92 126.576
5610.71 123.39 5667.15 86.7513
5624.53 156.843 5679.49 148.878
5637.76 152.064 5693.6 123.39
5650.1 190.296 5705.95 183.924
5663.92 177.552 5719.17 107.46
5675.67 169.587 5731.81 140.913
5689.49 123.39 5744.74 91.5303
5701.54 131.355 5757.38 120.204
5715.65 128.169 5770.9 129.762
5727.99 123.39 5784.72 142.506
5741.51 190.296 5797.65 102.681
5754.15 158.436 5810.58 156.843
5766.79 180.738 5823.21 112.239
5779.72 161.622 5836.44 107.46
5792.94 148.878 5849.66 145.692
5805.88 93.1233 5862.3 104.274
5818.51 86.7513 5875.82 123.39
5831.74 145.692 5888.74 105.867
5844.96 167.994 5901.68 105.867
5859.07 174.366 5915.19 137.727
5872 174.366 5927.53 180.738
5884.34 155.25 5940.46 123.39
5896.68 153.657 5953.1 126.576
5909.9 124.983 5967.2 147.285
5922.24 144.099 5979.83 134.541
5936.35 129.762 5992.47 152.064
5949.57 152.064 6006.57 112.239
5961.91 139.32 6018.61 126.576
5975.43 148.878 6031.54 105.867
5989.23 156.843 6044.76 136.134
6000.99 118.611 6058.27 137.727
6013.03 160.029 6070.91 89.9373
6028.02 148.878 6083.83 81.9723
6040.35 150.471 6097.64 145.692
6053.87 169.587 6110.27 124.983
6066.21 126.576 6122.61 131.355
6079.13 152.064 6136.12 113.832
6092.65 180.738 6148.75 147.285
6105.57 128.169 6162.85 96.3093
6117.61 132.948 6174.89 121.797
6131.42 136.134 6188.11 115.425
6143.75 204.633 6201.03 113.832
6158.73 148.878 6214.24 72.4143
6170.19 172.773 6227.75 139.32
6184.29 160.029 6240.38 97.9023
6195.74 152.064 6253.6 107.46
6209.25 142.506 6266.22 117.018
6223.35 153.657 6279.14 118.611
6235.98 128.169 6292.36 120.204
6248.31 123.39 6305.87 126.576
6261.53 156.843 6319.37 139.32
6273.86 145.692 6330.82 115.425
6287.66 187.11 6345.21 164.808
6301.17 164.808 6357.54 118.611
6313.5 166.401 6370.46 109.053
6326.42 160.029 6383.38 112.239
6339.34 144.099 6396.59 124.983
6352.26 172.773 6410.1 167.994
6365.47 126.576 6423.31 120.204
6378.68 115.425 6435.34 131.355
6391.31 187.11 6448.85 112.239
6403.93 179.145 6461.76 112.239
6417.73 156.843 6475.27 105.867
6430.06 142.506 6487.59 104.274
6443.56 128.169 6501.39 62.8564
6455.89 171.18 6513.13 152.064
6469.69 148.878 6527.81 117.018
6482.6 161.622 6540.13 179.145
6494.93 179.145 6553.34 144.099
6508.14 174.366 6566.25 120.204
6521.94 166.401 6579.46 48.5194
6534.85 134.541 6592.37 85.1583
6547.18 134.541 6604.99 131.355
6560.09 132.948 6617.61 142.506
6573.88 161.622 6631.4 148.878
6586.5 134.541 6644.9 126.576
6599.71 129.762 6657.51 140.913
6612.03 132.948 6669.84 86.7513
6624.94 132.948 6683.33 132.948
6639.61 128.169 6697.12 101.088
6651.35 115.425 6709.44 132.948
6664.85 167.994 6723.23 136.134
6677.76 129.762 6736.14 137.727
6690.08 182.331 6749.05 136.134
6703.28 179.145 6761.37 104.274
6716.49 128.169 6774.57 123.39
6729.1 158.436 6788.65 102.681
6742.89 145.692 6800.09 74.0073
6756.09 128.169 6813.88 109.053
6768.7 113.832 6825.61 148.878
6781.61 163.215 6839.69 123.39
6794.81 147.285 6852.89 129.762
6807.13 187.11 6865.79 142.506
6820.62 158.436 6878.69 142.506
6834.41 182.331 6891.6 91.5303
6846.43 129.762 6904.79 129.762
6859.92 117.018 6917.99 166.401
6872.83 160.029 6930.6 129.762
6886.02 144.099 6944.38 129.762
6898.34 179.145 6957.58 105.867
6911.24 172.773 6969.89 113.832
6924.44 152.064 6983.38 139.32
6937.64 153.657 6996.86 118.611
6950.25 129.762 7008.59 110.646
6963.44 124.983 7022.08 129.762
6976.34 167.994 7035.56 97.9023
6989.24 161.622 7047.88 128.169
7002.73 161.622 7060.48 118.611
7015.63 150.471 7073.67 160.029
7029.41 155.25 7087.16 137.727
7041.13 155.25 7100.64 126.576
7054.91 128.169 7113.54 110.646
7066.64 185.517 7126.43 105.867
7081 177.552 7139.62 86.7513
7093.9 132.948 7151.93 118.611
7106.5 112.239 7165.41 131.355
7119.69 191.889 7178.01 131.355
7133.17 177.552 7191.2 118.611
7145.48 132.948 7204.68 123.39
7158.67 123.39 7217.28 101.088
7171.86 198.261 7230.76 126.576
7184.76 129.762 7243.07 77.1933
7197.94 115.425 7257.43 112.239
7211.42 156.843 7269.44 121.797
7223.14 142.506 7283.21 131.355
7236.62 158.436 7295.52 120.204
7250.69 169.587 7309.28 163.215
7262.7 147.285 7321.59 179.145
7275.88 109.053 7335.94 145.692
7289.07 126.576 7348.25 129.762
7302.25 150.471 7360.26 129.762
7314.85 139.32 7374.02 113.832
7328.03 196.668 7387.5 137.727
7341.22 167.994 7399.51 121.797
7354.11 139.32 7412.98 124.983
7366.7 158.436 7426.16 167.994
7379.88 124.983 7439.05 109.053
7392.77 148.878 7452.81 124.983
7406.24 158.436 7465.41 104.274
7418.84 148.878 7478 97.9023
7431.43 144.099 7492.05 97.9023
7444.91 155.25 7504.94 110.646
7457.21 193.482 7516.94 142.506
7471.26 156.843 7530.12 144.099
7483.86 129.762 7543.88 134.541
7496.74 113.832 7555.3 83.5653
7509.62 109.053 7569.36 96.3093
7523.39 120.204 7582.53 113.832
7535.39 166.401 7596.59 134.541
7548.86 196.668 7608.59 101.088
7561.45 183.924 7622.35 110.646
7575.51 128.169 7634.93 139.32
7588.68 158.436 7647.52 132.948
7600.98 164.808 7660.99 113.832
7613.86 152.064 7673.28 128.169
7626.74 177.552 7687.04 109.053
7640.2 158.436 7699.63 115.425
7652.5 171.18 7712.8 110.646
7666.55 155.25 7726.26 69.2283
7679.43 163.215 7739.14 107.46
7691.43 134.541 7752.31 139.32
7704.31 164.808 7765.77 169.587
7718.06 136.134 7777.77 142.506
7731.23 134.541 7791.81 102.681
7744.11 156.843 7804.4 112.239
7756.7 158.436 7816.98 124.983
7769.87 160.029 7830.15 152.064
7782.45 153.657 7842.44 109.053
7795.32 172.773 7856.48 101.088
7809.37 169.587 7869.65 104.274
7822.25 153.657 7883.1 137.727
7834.53 169.587 7895.69 147.285
7847.12 179.145 7908.56 144.099
7861.45 160.029 7921.72 129.762
7873.74 179.145 7934.59 112.239
7887.49 163.215 7946.88 144.099
7899.49 163.215 7960.04 121.797
7912.36 137.727 7973.79 128.169
7925.23 144.099 7987.25 129.762
7938.98 177.552 8000.12 118.611
7951.56 156.843 8012.99 120.204
7965.02 145.692 8025.27 110.646
7978.18 166.401 8038.43 120.204
7990.47 155.25 8052.18 93.1233
8005.09 147.285 8064.46 104.274
8016.79 144.099 8078.21 107.46
8030.24 126.576 8090.19 89.9373
8043.4 153.657 8103.94 112.239
8056.86 142.506 8117.98 121.797
8068.26 191.889 8130.55 145.692
8082.01 179.145 8143.12 166.401
8096.04 144.099 8155.99 120.204
8108.33 132.948 8168.85 93.1233
8120.61 180.738 8182.6 128.169
8134.06 117.018 8195.75 129.762
8146.92 140.913 8207.74 113.832
8159.79 166.401 8220.6 113.832
8172.36 134.541 8234.34 164.808
8185.81 144.099 8246.62 102.681
8199.55 156.843 8260.65 113.832
8212.12 145.692 8273.81 89.9373
8225.28 163.215 8285.21 93.1233
8238.73 153.657 8299.82 145.692
8251.3 147.285 8313.27 132.948
8263.58 175.959 8325.25 102.681
8278.49 147.285 8338.7 174.366
8289.59 156.843 8350.97 124.983
8303.33 137.727 8364.71 107.46
8315.61 155.25 8378.15 129.762
8330.51 199.854 8390.72 134.541
8341.62 191.889 8403.87 169.587
8355.65 180.738 8416.44 121.797
8367.93 180.738 8429.59 161.622
8381.37 171.18 8443.03 128.169
8394.81 160.029 8456.18 121.797
8407.67 142.506 8469.62 144.099
8420.24 136.134 8481.9 109.053
8433.39 166.401 8494.17 107.46
8445.66 190.296 8508.78 109.053
8458.81 174.366 8520.76 115.425
8471.38 209.412 8533.61 123.39
8485.11 171.18 8547.93 85.1583
8498.55 132.948 8559.91 136.134
8511.11 177.552 8573.06 94.7163
8524.56 113.832 8586.2 156.843
8537.41 166.401 8599.35 93.1233
8550.27 137.727 8612.78 117.018
8562.54 124.983 8625.93 129.762
8576.27 180.738 8637.61 102.681
8589.71 158.436 8651.93 150.471
8601.98 147.285 8664.2 128.169
8615.12 112.239 8676.47 109.053
8628.27 94.7163 8690.49 109.053
8640.83 160.029 8703.63 107.46
8654.27 120.204 8716.19 124.983
8667.12 163.215 8730.5 153.657
8680.55 136.134 8743.06 134.541
8693.41 164.808 8755.62 124.983
8706.55 174.366 8769.34 134.541
8717.65 160.029 8781.61 136.134
8733.42 185.517 8795.34 129.762
8745.1 160.029 8807.89 121.797
8758.25 147.285 8820.74 136.134
8771.97 153.657 8834.76 139.32
8783.65 183.924 8847.02 110.646
8796.8 206.226 8860.45 117.018
8809.65 150.471 8872.43 109.053
8824.83 188.703 8886.44 91.5303
8836.22 144.099 8899.58 117.018
8848.78 129.762 8912.43 88.3443
8862.21 160.029 8925.86 104.274
8875.64 145.692 8938.71 121.797
8888.49 107.46 8951.26 110.646
8900.46 164.808 8964.11 140.913
8914.47 172.773 8977.83 120.204
8927.61 166.401 8989.8 117.018
8940.46 199.854 9004.1 124.983
8953.31 179.145 9017.24 104.274
8965.28 156.843 9028.92 160.029
8979.58 118.611 9041.76 121.797
8992.14 147.285 9056.07 136.134
9005.27 139.32 9068.04 96.3093
9018.41 182.331 9081.17 117.018
9030.67 148.878 9094.02 155.25
9043.52 204.633 9107.44 117.018
9058.11 145.692 9120.87 74.0073
9069.5 166.401 9134.01 101.088
9083.51 166.401 9147.43 117.018
9095.77 148.878 9160.28 145.692
9109.2 158.436 9172.83 142.506
9122.33 126.576 9185.96 142.506
9135.47 153.657 9199.09 150.471
9147.73 218.97 9212.52 109.053
9161.44 180.738 9225.95 123.39
9174 175.959 9237.62 128.169
9187.42 140.913 9250.75 115.425
9200.26 121.797 9264.18 134.541
9212.81 156.843 9277.89 161.622
9226.82 172.773 9290.73 134.541
9239.37 144.099 9304.16 117.018
9252.8 179.145 9317.58 124.983
9265.34 187.11 9330.42 117.018
9277.89 203.04 9341.8 104.274
9291.61 134.541 9355.23 129.762
9304.45 161.622 9368.36 137.727
9317.29 93.1233 9380.91 121.797
9329.25 140.913 9395.2 83.5653
9344.14 137.727 9407.75 107.46
9356.39 175.959 9421.76 123.39
9369.23 158.436 9433.72 72.4143
9382.95 217.377 9446.56 112.239
9395.5 160.029 9460.27 99.4952
9408.63 153.657 9473.4 80.3793
9421.17 129.762 9485.65 136.134
9433.72 118.611 9499.95 107.46
9446.85 169.587 9512.21 124.983
9459.69 163.215 9525.63 139.32
9473.4 215.784 9538.17 96.3093
9486.53 212.598 9550.72 86.7513
9499.08 183.924 9564.43 88.3443
9511.33 207.819 9577.56 86.7513
9525.04 136.134 9590.98 89.9373
9538.46 153.657 9603.52 142.506
9551.59 134.541 9615.78 134.541
9564.14 160.029 9630.36 105.867
9576.97 179.145 9642.62 113.832
9591.27 211.005 9655.45 81.9723
9602.94 166.401 9668.87 153.657
9616.65 164.808 9681.71 126.576
9628.9 156.843 9694.83 115.425
9642.03 155.25 9707.38 132.948
9655.74 128.169 9721.67 147.285
9668.87 134.541 9734.8 117.018
9681.71 153.657 9747.34 126.576
9693.96 167.994 9759.89 93.1233
9707.67 204.633 9773.89 78.7863
9719.92 160.029 9786.14 83.5653
9733.34 163.215 9799.26 94.7163
9746.76 172.773 9812.1 134.541
9758.72 163.215 9825.23 110.646
9772.72 117.018 9838.06 117.018
9785.56 180.738 9851.18 142.506
9797.51 137.727 9864.02 131.355
9811.81 196.668 9877.44 85.1583
9824.35 185.517 9890.85 80.3793
9837.19 156.843 9902.81 142.506
9850.02 187.11 9916.23 93.1233
9863.14 171.18 9930.23 128.169
9876.27 156.843 9942.77 83.5653
9889.4 152.064 9955.9 99.4952
9901.65 160.029 9968.73 56.4844
9915.35 193.482 9981.86 96.3093
9929.06 182.331 9994.98 75.6003
9941.61 177.552 10008.1 124.983
9954.44 150.471 10020.9 142.506
9967.27 142.506 10034.6 150.471
9981.27 142.506 10047.5 129.762
9992.65 132.948 10060 102.681
10006.6 148.878 10072.9 54.8914
10019.2 204.633 10087.1 70.8213
10032.6 177.552 10099.4 38.9614
10044.6 175.959 10112.2 99.4952
10057.7 160.029 10125.3 113.832
10070.8 180.738 10138.2 142.506
10084.2 177.552 10150.4 123.39
10097.6 158.436 10164.7 74.0073
10110.8 187.11 10178.1 109.053
10123.3 169.587 10190.7 77.1933
10136.1 206.226 10202.6 107.46
10149 171.18 10216.9 132.948
10163 174.366 10230.1 145.692
10175.2 211.005 10242.6 126.576
10188.4 139.32 10255.1 124.983
10201.5 148.878 10269.1 123.39
10214.3 212.598 10282.3 96.3093
10226.5 175.959 10294.8 69.2283
10240 172.773 10308.5 89.9373
10253.7 182.331 10321.3 112.239
10266.5 188.703 10333.6 140.913
10279 132.948 10347.3 166.401
10291.9 153.657 10360.7 123.39
10305.3 183.924 10373.8 144.099
10318.7 185.517 10387 117.018
10331 193.482 10400.4 88.3443
10343.5 209.412 10413.5 56.4844
10358.1 153.657 10426.9 97.9023
10369.5 132.948 10440 112.239
10382.6 145.692 10452.9 117.018
10396.6 144.099 10466.3 131.355
10409.1 155.25 10479.7 121.797
10422.3 185.517 10493.4 105.867
10436.5 203.04 10500.7 86.7513
10448.5 187.11 10487.6 66.0424
10461.3 115.425 10474.4 88.3443
