5010.34 -211.139 5020.92 -196.802
5004.46 -217.511 5032.1 -193.616
5001.22 -201.581 5041.21 -236.627
5006.22 -180.872 5051.8 -262.115
5015.34 -179.279 5060.91 -270.08
5023.86 -203.174 5071.5 -250.964
5034.74 -199.988 5081.2 -284.417
5045.91 -219.104 5091.2 -255.743
5055.91 -281.231 5101.49 -233.441
5064.73 -242.999 5111.19 -255.743
5075.61 -203.174 5121.19 -246.185
5085.61 -212.732 5132.07 -214.325
5095.9 -184.058 5141.77 -247.778
5105.31 -185.651 5152.06 -278.045
5115.9 -187.244 5162.06 -250.964
5125.89 -207.953 5171.76 -223.883
5135.01 -214.325 5181.76 -241.406
5145.01 -219.104 5191.76 -192.023
5155.59 -222.29 5201.17 -214.325
5165.29 -201.581 5211.75 -227.069
5176.17 -190.43 5220.87 -244.592
5184.7 -206.36 5231.16 -271.673
5195.58 -201.581 5241.15 -252.557
5206.16 -231.848 5252.03 -236.627
5215.28 -250.964 5261.74 -260.522
5225.28 -255.743 5272.03 -228.662
5235.86 -222.29 5281.44 -220.697
5245.56 -235.034 5290.85 -249.371
5255.56 -209.546 5300.55 -239.813
5265.85 -139.454 5311.72 -286.01
5275.55 -233.441 5321.42 -242.999
5285.85 -196.802 5331.42 -297.16
5296.14 -233.441 5342.01 -249.371
5306.43 -222.29 5352 -257.336
5316.43 -270.08 5361.7 -255.743
5325.54 -252.557 5371.99 -236.627
5335.83 -209.546 5381.4 -185.651
5346.12 -215.918 5392.28 -249.371
5356.71 -166.535 5401.4 -209.546
5366.7 -195.209 5412.27 -265.301
5376.7 -193.616 5421.98 -278.045
5386.4 -239.813 5432.27 -254.15
5396.4 -242.999 5441.67 -284.417
5405.22 -231.848 5452.85 -235.034
5415.51 -242.999 5461.67 -257.336
5426.09 -247.778 5472.25 -235.034
5435.5 -214.325 5481.95 -244.592
5446.38 -223.883 5491.65 -236.627
5455.79 -217.511 5502.24 -268.487
5466.08 -172.907 5510.76 -266.894
5476.37 -258.929 5522.52 -303.532
5485.48 -231.848 5532.81 -255.743
5496.65 -236.627 5541.92 -263.708
5506.65 -209.546 5552.21 -279.638
5517.52 -225.476 5562.21 -236.627
5526.64 -219.104 5572.5 -166.535
5536.63 -190.43 5582.2 -257.336
5546.04 -203.174 5593.07 -215.918
5556.62 -185.651 5601.89 -254.15
5566.91 -228.662 5612.18 -287.603
5576.61 -222.29 5621.59 -230.255
5586.61 -219.104 5633.05 -241.406
5596.89 -225.476 5642.46 -252.557
5606.6 -215.918 5652.16 -223.883
5617.18 -198.395 5661.56 -254.15
5626.58 -171.314 5672.44 -231.848
5636.87 -171.314 5682.73 -244.592
5645.98 -222.29 5692.72 -227.069
5656.86 -206.36 5702.13 -266.894
5666.56 -238.22 5712.71 -274.859
5676.26 -211.139 5722.11 -254.15
5687.14 -236.627 5732.69 -301.939
5695.95 -196.802 5742.1 -268.487
5707.12 -171.314 5752.68 -276.452
5716.53 -196.802 5762.67 -254.15
5726.23 -204.767 5772.96 -305.125
5736.51 -192.023 5782.95 -242.999
5747.98 -238.22 5792.65 -222.29
5755.91 -233.441 5801.76 -254.15
5767.08 -266.894 5812.93 -265.301
5776.19 -222.29 5822.33 -244.592
5786.48 -177.686 5833.5 -241.406
5796.76 -188.837 5843.78 -244.592
5807.34 -207.953 5853.19 -284.417
5817.04 -217.511 5862.89 -233.441
5826.74 -193.616 5872.88 -230.255
5837.03 -219.104 5883.16 -254.15
5847.61 -270.08 5892.86 -242.999
5856.42 -192.023 5903.73 -230.255
5867.59 -214.325 5913.43 -250.964
5876.7 -177.686 5922.83 -204.767
5886.98 -212.732 5933.41 -250.964
5896.97 -184.058 5942.81 -203.174
5906.96 -227.069 5953.39 -293.974
5917.25 -190.43 5963.97 -1487.13
5927.53 -255.743 5973.37 -1461.64
5936.94 -250.964 5984.53 -1676.69
5947.22 -195.209 5993.35 -1638.46
5956.62 -203.174 6003.04 -1608.2
5967.49 -217.511 6013.33 -1628.9
5976.89 -188.837 6023.31 -1606.6
5986.88 -220.697 6033.6 -1609.79
5997.75 -225.476 6044.47 -1565.18
6007.74 -188.837 6053.57 -1536.51
6016.85 -220.697 6063.86 -1523.77
6027.72 -225.476 6073.84 -1542.88
6036.53 -215.918 6084.13 -1501.46
6047.4 -219.104 6092.94 -1475.98
6057.1 -217.511 6102.63 -1475.98
6067.38 -184.058 6112.91 -1474.38
6077.07 -198.395 6123.78 -1463.23
6087.94 -179.279 6134.36 -1458.45
6096.46 -212.732 6144.05 -1450.49
6107.33 -235.034 6154.04 -1388.36
6116.73 -223.883 6164.61 -1323.05
6127.01 -233.441 6173.42 -1308.71
6136.41 -171.314 6183.99 -1289.6
6146.98 -172.907 6193.69 -1311.9
6159.03 -169.721 6204.26 -1297.56
6166.66 -169.721 6213.95 -1315.08
6176.65 -198.395 6223.64 -1313.49
6188.11 -239.813 6233.63 -1254.55
6196.03 -239.813 6244.2 -1189.24
6207.78 -230.255 6253.3 -1163.75
6217.77 -166.535 6263.88 -1146.23
6226.87 -192.023 6273.57 -1128.7
6238.62 -187.244 6283.84 -1154.19
6247.72 -204.767 6293.53 -1138.26
6258 -236.627 6304.1 -1138.26
6266.81 -220.697 6314.38 -1154.19
6277.68 -207.953 6323.78 -1087.29
6287.37 -214.325 6334.94 -1060.2
6298.23 -222.29 6344.33 -1004.45
6307.63 -244.592 6354.02 -1021.97
6317.03 -219.104 6364 -980.555
6327.59 -212.732 6373.99 -974.183
6337.58 -163.349 6384.85 -978.962
6348.15 -182.465 6393.66 -1017.19
6357.25 -228.662 6404.81 -988.52
6367.23 -215.918 6413.91 -996.485
6377.21 -203.174 6425.07 -888.162
6387.49 -185.651 6434.17 -900.906
6397.47 -207.953 6444.44 -862.674
6407.45 -239.813 6453.54 -848.337
6417.73 -222.29 6464.11 -824.442
6426.83 -207.953 6474.39 -867.453
6437.4 -219.104 6484.66 -857.895
6447.09 -230.255 6494.34 -864.267
6457.65 -242.999 6504.32 -861.081
6467.34 -241.406 6514.6 -800.547
6477.61 -199.988 6524.87 -773.466
6487.01 -176.093 6535.14 -725.676
6496.99 -187.244 6544.83 -682.665
6507.55 -195.209 6554.51 -692.223
6516.94 -199.988 6564.78 -719.304
6527.22 -215.918 6575.64 -741.606
6537.49 -177.686 6584.74 -738.42
6547.18 -212.732 6594.72 -697.002
6557.74 -190.43 6604.99 -700.188
6568.31 -206.36 6614.38 -677.886
6577.11 -211.139 6624.65 -610.98
6587.38 -145.826 6635.51 -566.377
6598.24 -212.732 6644.9 -577.528
6606.46 -179.279 6654.58 -601.422
6617.61 -198.395 6664.85 -598.237
6627.88 -172.907 6675.41 -583.9
6637.27 -163.349 6684.21 -558.412
6647.54 -187.244 6694.78 -567.97
6657.81 -219.104 6705.04 -545.668
6667.49 -212.732 6715.31 -467.611
6677.47 -217.511 6725.29 -496.285
6687.15 -204.767 6734.97 -470.797
6698.3 -207.953 6744.36 -501.064
6706.51 -238.22 6755.5 -502.657
6718.54 -211.139 6764.89 -502.657
6728.51 -242.999 6775.45 -537.703
6738.78 -222.29 6785.43 -523.366
6747.58 -176.093 6795.69 -478.762
6758.44 -249.371 6805.37 -462.832
6767.82 -225.476 6814.76 -435.751
6777.8 -219.104 6824.73 -416.635
6788.36 -193.616 6835.88 -399.112
6797.16 -215.918 6845.85 -483.541
6807.72 -139.454 6855.52 -462.832
6818.28 -195.209 6865.79 -501.064
6827.37 -169.721 6875.17 -450.088
6838.51 -238.22 6884.85 -466.018
6847.61 -225.476 6896 -426.193
6858.16 -225.476 6905.97 -365.659
6867.84 -207.953 6915.64 -386.368
6877.52 -207.953 6925.91 -383.182
6886.61 -172.907 6934.7 -384.775
6898.34 -163.349 6944.97 -423.007
6908.61 -199.988 6955.52 -419.821
6917.7 -153.791 6964.61 -416.635
6927.67 -204.767 6975.46 -415.042
6938.22 -255.743 6985.14 -383.182
6948.19 -241.406 6995.4 -365.659
6956.7 -164.942 7005.66 -340.171
6967.84 -185.651 7015.33 -364.066
6978.98 -188.837 7025.3 -300.346
6986.9 -214.325 7036.15 -344.95
6997.74 -241.406 7045.24 -306.718
7008.01 -188.837 7055.79 -284.417
7017.68 -204.767 7066.64 -305.125
7027.94 -212.732 7075.72 -266.894
7038.49 -176.093 7085.69 -276.452
7047.29 -214.325 7095.66 -257.336
7057.55 -214.325 7106.5 -250.964
7067.81 -203.174 7116.47 -289.195
7077.78 -185.651 7125.26 -212.732
7087.74 -131.489 7135.81 -231.848
7097.71 -144.233 7146.36 -215.918
7108.85 -156.977 7155.74 -193.616
7117.64 -156.977 7166.59 -198.395
7128.78 -180.872 7175.96 -185.651
7138.16 -172.907 7185.93 -206.36
7147.24 -158.57 7196.77 -220.697
7157.79 -136.268 7206.73 -231.848
7168.05 -156.977 7216.11 -244.592
7178.01 -107.594 7226.07 -228.662
7188.27 -113.966 7236.04 -222.29
7197.65 -126.71 7246.88 -249.371
7207.61 -102.815 7256.55 -217.511
7217.57 -85.2922 7265.92 -160.163
7228.12 -39.0953 7275.59 -190.43
7238.09 -32.7233 7286.14 -190.43
7248.34 -27.9443 7296.39 -153.791
7257.43 -8.8284 7308.11 -107.594
7268.56 -16.7934 7315.44 -104.408
7277.94 -18.3864 7326.57 -96.4431
7288.78 -12.0144 7337.11 -35.9093
7298.15 29.4035 7347.37 -26.3513
7307.82 -4.04942 7356.74 -4.04942
7317.78 80.3793 7366.7 -21.5724
7328.03 99.4952 7376.66 -16.7934
7337.41 97.9023 7386.62 -4.04942
7347.66 72.4143 7396.87 43.7404
7357.91 86.7513 7407.12 113.832
7368.17 70.8213 7416.5 89.9373
7378.13 91.5303 7427.04 153.657
7388.38 190.296 7436.41 144.099
7397.75 204.633 7446.95 137.727
7408.3 230.121 7456.62 155.25
7417.67 265.167 7467.46 94.7163
7428.5 242.865 7476.83 182.331
7437.58 239.679 7487.37 183.924
7447.25 279.504 7496.45 271.539
7458.38 218.97 7507.28 295.434
7468.63 226.935 7516.94 292.248
7477.71 236.493 7526.9 324.108
7488.54 254.016 7537.44 324.108
7497.03 359.153 7546.81 314.55
7508.16 386.234 7555.89 300.213
7518.7 422.873 7567.6 352.781
7528.36 426.059 7577.26 373.49
7538.32 386.234 7586.34 435.617
7547.98 383.048 7596.29 472.256
7557.65 355.967 7607.42 542.348
7568.77 376.676 7617.37 534.383
7577.85 459.512 7627.32 540.755
7587.8 528.011 7637.57 548.72
7598.34 548.72 7647.81 559.871
7608.3 607.661 7657.18 535.976
7617.96 631.556 7668.01 625.184
7627.03 590.138 7676.8 655.45
7637.86 596.51 7687.04 749.437
7647.23 555.092 7697.28 790.855
7658.06 596.51 7707.53 837.052
7668.6 601.289 7717.19 843.424
7677.09 685.717 7728.6 794.041
7688.21 744.658 7736.21 731.914
7698.45 835.459 7747.63 743.065
7709.28 845.017 7757.28 787.669
7718.06 870.505 7767.52 865.726
7728.31 889.621 7776.89 956.526
7738.55 825.901 7788.3 1015.47
7747.63 824.308 7797.67 1020.25
7758.45 854.575 7807.91 1020.25
7768.4 929.446 7818.44 1015.47
7777.48 972.456 7827.22 999.537
7787.42 1074.41 7838.63 1001.13
7798.25 1112.64 7847.7 1020.25
7808.2 1093.52 7858.24 1107.86
7818.15 1139.72 7868.48 1126.98
7827.81 1061.66 7878.13 1230.52
7838.05 1083.97 7888.08 1192.29
7847.99 1068.04 7898.03 1267.16
7858.82 1098.3 7908.56 1244.86
7868.48 1147.69 7917.63 1321.32
7878.13 1263.97 7928.45 1256.01
7888.96 1300.61 7937.81 1319.73
7898.03 1354.78 7947.47 1299.02
7908.85 1299.02 7958.29 1420.09
7918.8 1279.9 7967.94 1388.23
7927.87 1220.96 7978.77 1486.99
7938.98 1200.25 7987.83 1439.2
7948.34 1292.65 7998.65 1483.81
7958.58 1373.89 8008.31 1471.06
7967.65 1445.58 8018.84 1477.44
7979.06 1509.3 8028.78 1523.63
7987.54 1609.65 8038.72 1576.2
7998.65 1588.95 8048.96 1636.74
8008.01 1507.7 8058.61 1674.97
8017.96 1502.92 8068.55 1759.4
8029.37 1496.55 8078.21 1725.94
8038.43 1565.05 8087.56 1705.23
8048.08 1668.6 8098.97 1746.65
8058.32 1778.51 8109.2 1741.87
8068.85 1853.38 8119.44 1725.94
8078.79 1920.29 8128.5 1834.27
8089.9 1891.61 8139.03 1834.27
8099.26 1839.05 8148.68 1929.85
8108.33 1885.24 8158.62 1955.33
8118.56 1847.01 8168.56 2011.09
8128.21 1910.73 8178.79 1993.57
8138.74 1991.97 8188.44 1985.6
8149.56 2077.99 8198.68 1964.89
8158.33 2160.83 8208.91 1976.04
8167.98 2200.66 8219.43 2070.03
8178.5 2184.73 8229.08 2128.97
8188.44 2187.91 8238.73 2189.5
8198.38 2151.27 8248.96 2211.81
8209.2 2140.12 8260.07 2216.59
8219.14 2183.13 8268.25 2213.4
8228.5 2234.11 8279.65 2226.14
8238.44 2301.01 8289.3 2270.75
8248.38 2382.26 8299.24 2307.39
8259.19 2410.93 8308.89 2315.35
8268.55 2442.79 8319.7 2380.66
8278.49 2428.45 8329.05 2414.12
8288.42 2428.45 8339.58 2422.08
8297.78 2402.97 8349.51 2506.51
8308.3 2441.2 8358.86 2528.81
8318.24 2485.8 8369.97 2571.82
8329.34 2576.6 8379.62 2597.31
8338.99 2629.17 8389.55 2584.57
8348.34 2673.77 8399.2 2632.36
8357.99 2692.89 8409.72 2673.77
8367.93 2759.8 8419.65 2684.93
8378.45 2775.73 8429.88 2731.12
8388.67 2747.05 8439.23 2777.32
8398.32 2820.33 8449.46 2812.37
8408.26 2820.33 8459.69 2807.59
8418.19 2950.96 8469.62 2839.45
8428.13 3022.64 8479.85 2850.6
8438.65 3049.72 8489.79 2880.86
8448.29 3110.26 8498.84 2914.32
8457.94 3084.77 8510.82 2971.66
8468.75 3153.27 8520.17 3035.38
8478.97 3178.75 8530.4 3044.94
8488.91 3215.39 8540.63 3025.83
8497.97 3283.89 8550.27 3089.55
8509.66 3347.61 8559.91 3113.44
8519 3408.15 8569.55 3145.3
8528.65 3447.97 8579.48 3228.14
8538.87 3446.38 8590.58 3275.93
8548.51 3412.92 8599.64 3315.75
8558.15 3484.61 8610.74 3366.73
8569.26 3527.62 8619.5 3352.39
8577.73 3577 8630.31 3365.13
8588.83 3749.05 8640.24 3342.83
8599.06 3793.65 8650.47 3459.12
8608.11 3796.84 8660.4 3518.06
8618.04 3830.29 8670.62 3569.04
8627.97 3715.59 8680.85 3639.13
8638.49 3780.91 8690.19 3664.62
8649.01 3776.13 8700.12 3621.61
8659.23 3860.56 8710.35 3670.99
8669.16 3937.02 8719.4 3729.93
8679.39 4046.94 8731.08 3772.94
8688.44 4091.54 8740.14 3900.38
8698.37 4163.23 8750.94 3978.44
8708.89 4134.55 8760.29 3978.44
8718.82 4126.59 8770.8 4069.24
8728.75 4120.21 8780.44 4029.41
8738.39 4148.89 8790.37 4024.63
8748.32 4236.5 8801.18 4072.42
8758.54 4341.64 8810.52 4101.1
8768.47 4422.88 8820.45 4120.21
8778.4 4521.65 8830.67 4273.14
8788.91 4569.44 8840.6 4333.68
8798.84 4526.43 8851.4 4400.58
8808.77 4555.1 8860.75 4477.04
8818.7 4543.95 8872.14 4518.46
8828.92 4563.07 8880.02 4465.89
8838.26 4668.2 8891.99 4434.03
8847.9 4776.53 8899.87 4454.74
8858.12 4905.56 8911.85 4496.16
8868.92 4946.98 8920.61 4583.78
8878.27 4994.77 8930.83 4696.88
8888.78 4988.4 8941.63 4817.95
8898.42 4935.83 8951.55 4862.55
8908.64 4921.49 8961.48 4932.64
8917.98 4972.47 8971.7 4926.27
8928.78 5015.48 8981.33 4902.37
8939.29 5168.4 8991.26 4919.9
8949.51 5275.14 9000.9 4945.39
8957.98 5369.12 9010.82 4958.13
8969.07 5480.63 9021.91 5138.14
8978.12 5479.04 9030.96 5222.57
8988.93 5399.39 9042.64 5350.01
8999.14 5413.73 9051.69 5432.84
9008.19 5381.87 9061.61 5372.31
9018.12 5381.87 9071.83 5402.58
9028.63 5517.27 9082.63 5424.88
9038.26 5631.97 9090.81 5439.21
9049.06 5738.7 9101.9 5493.38
9058.4 5821.53 9111.53 5585.77
9068.62 5899.59 9122.33 5706.84
9078.26 5890.03 9131.38 5823.13
9088.47 5882.07 9141.89 5854.99
9098.4 5872.51 9151.52 5843.83
9107.74 5912.33 9162.32 5859.77
9118.83 5963.31 9172.24 5804.01
9128.17 6070.04 9181.58 5853.39
9138.39 6138.54 9191.8 5913.93
9149.19 6321.73 9202.6 5976.05
9158.82 6364.74 9212.23 6079.6
9167.87 6366.34 9222.15 6184.74
9178.95 6377.49 9231.78 6222.97
9188.88 6340.85 9242.29 6258.01
9199.09 6363.15 9252.5 6191.11
9208.14 6447.58 9263.01 6170.4
9218.94 6522.45 9272.35 6210.22
9228.57 6669.01 9282.56 6308.99
9238.5 6748.66 9291.61 6409.35
9248.13 6810.78 9303.28 6501.74
9259.22 6836.27 9312.33 6603.69
9268.26 6791.67 9322.83 6659.45
9278.48 6786.89 9332.17 6699.27
9288.11 6821.93 9342.97 6664.23
9298.61 6914.33 9351.72 6669.01
9308.53 7043.36 9363.1 6665.82
9319.33 7172.39 9372.15 6759.81
9328.09 7209.03 9383.24 6917.51
9338.59 7267.97 9393.16 7081.59
9349.39 7279.12 9401.91 7223.37
9359.6 7291.87 9413.29 7293.46
9369.23 7309.39 9422.92 7229.74
9378.86 7333.29 9432.26 7232.93
9387.91 7459.13 9443.06 7228.15
9398.41 7623.21 9452.39 7218.59
9408.04 7699.67 9462.61 7363.55
9418.84 7819.15 9473.69 7444.79
9428.76 7846.23 9482.74 7640.73
9437.81 7855.79 9493.53 7717.2
9448.89 7866.94 9503.16 7782.51
9459.1 7830.3 9513.96 7814.37
9468.44 7876.5 9523.88 7784.1
9477.19 8029.42 9532.92 7710.82
9488.57 8125 9543.72 7712.42
9498.49 8276.34 9553.93 7798.44
9508.12 8462.72 9562.68 7823.93
9519.5 8426.08 9574.35 8027.83
9529.13 8437.23 9583.39 8126.6
9538.46 8426.08 9593.31 8140.93
9548.67 8435.64 9603.52 8238.11
9558.3 8469.09 9614.61 8196.69
9569.1 8572.63 9623.36 8164.83
9578.73 8660.25 9633.86 8188.72
9588.35 8851.41 9644.07 8317.76
9598.56 8918.31 9653.99 8376.7
9609.36 8972.48 9663.91 8548.74
9618.99 8978.85 9674.12 8666.62
9628.9 8991.59 9683.46 8798.84
9638.82 9050.53 9694.83 8840.26
9649.03 9095.14 9704.17 8851.41
9658.66 9163.64 9713.8 8905.57
9668.87 9318.16 9724.88 8913.54
9678.79 9402.59 9734.8 8942.21
9688.71 9440.82 9745.01 9045.75
9698.33 9512.5 9754.05 9120.63
9708.55 9561.88 9764.84 9240.1
9719.05 9517.28 9774.47 9353.2
9728.38 9620.82 9784.39 9453.56
9738.88 9681.36 9794.6 9518.87
9749.09 9788.09 9804.22 9525.25
9758.72 9913.94 9815.02 9518.87
9768.93 9998.37 9824.64 9568.26
9778.85 10111.5 9835.43 9617.64
9789.35 10205.5 9845.06 9668.62
9798.39 10203.9 9854.68 9759.42
9808.6 10240.5 9865.77 9805.61
9818.23 10246.9 9875.1 9872.52
9829.31 10307.4 9885.31 9920.31
9838.35 10425.3 9895.23 9990.4
9849.14 10503.3 9906.02 10070
9858.19 10632.4 9915.06 10168.8
9868.98 10735.9 9925.27 10194.3
9878.02 10734.3 9935.19 10310.6
9888.52 10837.9 9946.56 10361.6
9898.44 10858.6 9955.9 10361.6
9908.06 10853.8 9966.69 10490.6
9918.27 10931.9 9976.61 10528.8
9929.06 11016.3 9987.98 10618
9938.69 11027.4 9996.73 10720
9948.9 11178.8 9998.19 10880.9
9958.52 11279.1 9989.15 10912.7
9969.02 11105.5 9977.77 11064.1
