5009.75 -211.139 5021.51 -196.802
5004.75 -217.511 5031.51 -193.616
5000.93 -201.581 5041.21 -236.627
5006.22 -180.872 5052.68 -262.115
5015.34 -179.279 5062.38 -270.08
5024.74 -203.174 5070.32 -250.964
5035.33 -199.988 5081.49 -284.417
5045.62 -219.104 5091.49 -255.743
5054.74 -281.231 5101.19 -233.441
5065.03 -242.999 5111.48 -255.743
5074.44 -203.174 5121.19 -246.185
5085.02 -212.732 5131.19 -214.325
5095.31 -184.058 5141.18 -247.778
5105.02 -185.651 5152.06 -278.045
5115.01 -187.244 5161.77 -250.964
5126.19 -207.953 5171.47 -223.883
5135.6 -214.325 5182.05 -241.406
5145.3 -219.104 5192.05 -192.023
5155.3 -222.29 5201.17 -214.325
5166.18 -201.581 5211.46 -227.069
5175.88 -190.43 5221.16 -244.592
5184.99 -206.36 5232.04 -271.673
5195.87 -201.581 5242.62 -252.557
5205.57 -231.848 5251.74 -236.627
5215.57 -250.964 5262.32 -260.522
5225.57 -255.743 5271.44 -228.662
5236.45 -222.29 5282.02 -220.697
5245.56 -235.034 5291.73 -249.371
5255.27 -209.546 5301.72 -239.813
5265.56 -139.454 5312.31 -286.01
5275.85 -233.441 5322.01 -242.999
5285.85 -196.802 5331.71 -297.16
5295.84 -233.441 5341.71 -249.371
5305.55 -222.29 5351.41 -257.336
5316.13 -270.08 5361.7 -255.743
5326.72 -252.557 5372.29 -236.627
5335.54 -209.546 5381.4 -185.651
5345.83 -215.918 5391.4 -249.371
5355.53 -166.535 5401.69 -209.546
5365.82 -195.209 5412.57 -265.301
5376.11 -193.616 5421.39 -278.045
5386.4 -239.813 5431.68 -254.15
5395.81 -242.999 5442.26 -284.417
5405.51 -231.848 5452.85 -235.034
5415.21 -242.999 5462.25 -257.336
5426.39 -247.778 5472.54 -235.034
5435.21 -214.325 5481.95 -244.592
5446.38 -223.883 5491.65 -236.627
5456.67 -217.511 5502.24 -268.487
5466.37 -172.907 5511.35 -266.894
5476.37 -258.929 5521.35 -303.532
5486.65 -231.848 5533.1 -255.743
5496.65 -236.627 5541.34 -263.708
5506.06 -209.546 5551.92 -279.638
5516.64 -225.476 5562.8 -236.627
5525.46 -219.104 5572.2 -166.535
5536.04 -190.43 5582.79 -257.336
5546.63 -203.174 5592.49 -215.918
5556.33 -185.651 5601.31 -254.15
5566.32 -228.662 5612.18 -287.603
5576.02 -222.29 5622.18 -230.255
5586.9 -219.104 5632.76 -241.406
5597.19 -225.476 5642.16 -252.557
5606.6 -215.918 5653.04 -223.883
5617.18 -198.395 5662.15 -254.15
5626.29 -171.314 5672.73 -231.848
5635.7 -171.314 5683.02 -244.592
5646.87 -222.29 5692.43 -227.069
5656.57 -206.36 5701.83 -266.894
5666.56 -238.22 5713 -274.859
5676.26 -211.139 5722.7 -254.15
5686.84 -236.627 5732.99 -301.939
5696.25 -196.802 5742.98 -268.487
5706.54 -171.314 5752.68 -276.452
5716.82 -196.802 5762.09 -254.15
5727.11 -204.767 5772.66 -305.125
5736.51 -192.023 5783.54 -242.999
5747.1 -238.22 5793.82 -222.29
5755.91 -233.441 5802.94 -254.15
5766.79 -266.894 5812.64 -265.301
5776.19 -222.29 5822.04 -244.592
5787.95 -177.686 5833.21 -241.406
5796.18 -188.837 5842.61 -244.592
5807.34 -207.953 5852.6 -284.417
5817.04 -217.511 5862.89 -233.441
5827.03 -193.616 5873.76 -230.255
5837.32 -219.104 5882.87 -254.15
5846.14 -270.08 5893.15 -242.999
5855.83 -192.023 5902.85 -230.255
5867.29 -214.325 5914.02 -250.964
5875.82 -177.686 5923.13 -204.767
5886.98 -212.732 5932.82 -250.964
5896.68 -184.058 5943.69 -203.174
5907.55 -227.069 5953.68 -293.974
5917.25 -190.43 5964.26 -1487.13
5926.94 -255.743 5973.37 -1461.64
5936.94 -250.964 5983.06 -1676.69
5947.22 -195.209 5992.76 -1638.46
5956.91 -203.174 6003.34 -1608.2
5966.9 -217.511 6013.03 -1628.9
5977.19 -188.837 6022.73 -1606.6
5986.88 -220.697 6033.01 -1609.79
5997.17 -225.476 6043.88 -1565.18
6007.74 -188.837 6052.99 -1536.51
6016.85 -220.697 6063.86 -1523.77
6027.72 -225.476 6073.84 -1542.88
6035.95 -215.918 6082.66 -1501.46
6047.99 -219.104 6093.23 -1475.98
6057.1 -217.511 6103.51 -1475.98
6067.38 -184.058 6113.5 -1474.38
6076.78 -198.395 6124.08 -1463.23
6086.77 -179.279 6133.77 -1458.45
6097.34 -212.732 6142.87 -1450.49
6107.04 -235.034 6153.45 -1388.36
6116.44 -223.883 6164.61 -1323.05
6127.89 -233.441 6173.13 -1308.71
6136.7 -171.314 6183.99 -1289.6
6146.69 -172.907 6193.69 -1311.9
6157.56 -169.721 6204.55 -1297.56
6167.25 -169.721 6213.95 -1315.08
6177.24 -198.395 6223.35 -1313.49
6187.81 -239.813 6234.51 -1254.55
6196.62 -239.813 6244.2 -1189.24
6207.49 -230.255 6253.6 -1163.75
6217.48 -166.535 6263.88 -1146.23
6226.87 -192.023 6273.57 -1128.7
6237.74 -187.244 6283.84 -1154.19
6248.31 -204.767 6294.12 -1138.26
6257.71 -236.627 6304.4 -1138.26
6267.4 -220.697 6313.8 -1154.19
6277.09 -207.953 6324.66 -1087.29
6287.37 -214.325 6333.47 -1060.2
6297.35 -222.29 6344.04 -1004.45
6307.63 -244.592 6353.43 -1021.97
6317.9 -219.104 6364.3 -980.555
6327.89 -212.732 6373.99 -974.183
6337.28 -163.349 6383.97 -978.962
6347.56 -182.465 6393.95 -1017.19
6357.54 -228.662 6405.11 -988.52
6366.94 -215.918 6413.62 -996.485
6378.1 -203.174 6424.48 -888.162
6387.49 -185.651 6434.46 -900.906
6397.77 -207.953 6444.44 -862.674
6407.75 -239.813 6454.42 -848.337
6417.44 -222.29 6464.4 -824.442
6427.12 -207.953 6474.09 -867.453
6438.28 -219.104 6484.37 -857.895
6447.97 -230.255 6494.93 -864.267
6457.07 -242.999 6504.32 -861.081
6467.34 -241.406 6515.48 -800.547
6477.32 -199.988 6523.99 -773.466
6487.3 -176.093 6534.85 -725.676
6497.57 -187.244 6544.53 -682.665
6508.43 -195.209 6554.22 -692.223
6517.24 -199.988 6564.49 -719.304
6527.81 -215.918 6574.76 -741.606
6537.78 -177.686 6585.03 -738.42
6546.88 -212.732 6595.3 -697.002
6557.45 -190.43 6604.7 -700.188
6567.43 -206.36 6614.38 -677.886
6577.4 -211.139 6624.06 -610.98
6586.8 -145.826 6634.92 -566.377
6597.95 -212.732 6644.6 -577.528
6607.92 -179.279 6654.87 -601.422
6617.02 -198.395 6665.44 -598.237
6627.58 -172.907 6675.7 -583.9
6637.86 -163.349 6684.8 -558.412
6648.12 -187.244 6694.78 -567.97
6658.39 -219.104 6704.75 -545.668
6667.2 -212.732 6714.73 -467.611
6677.17 -217.511 6724.7 -496.285
6688.32 -204.767 6734.68 -470.797
6698 -207.953 6744.36 -501.064
6707.1 -238.22 6755.21 -502.657
6717.95 -211.139 6765.48 -502.657
6727.64 -242.999 6776.04 -537.703
6737.9 -222.29 6785.13 -523.366
6747.58 -176.093 6795.4 -478.762
6758.14 -249.371 6803.9 -462.832
6767.53 -225.476 6815.34 -435.751
6778.09 -219.104 6825.32 -416.635
6786.6 -193.616 6835.29 -399.112
6798.04 -215.918 6845.26 -483.541
6807.42 -139.454 6855.23 -462.832
6818.28 -195.209 6865.5 -501.064
6827.08 -169.721 6875.17 -450.088
6837.93 -238.22 6884.27 -466.018
6847.31 -225.476 6896.58 -426.193
6858.16 -225.476 6905.97 -365.659
6867.55 -207.953 6915.64 -386.368
6876.93 -207.953 6925.61 -383.182
6887.49 -172.907 6935.29 -384.775
6898.05 -163.349 6945.85 -423.007
6908.31 -199.988 6955.82 -419.821
6917.11 -153.791 6965.49 -416.635
6927.37 -204.767 6975.46 -415.042
6937.64 -255.743 6986.31 -383.182
6947.31 -241.406 6995.99 -365.659
6958.16 -164.942 7005.07 -340.171
6968.13 -185.651 7016.51 -364.066
6978.39 -188.837 7025.3 -300.346
6987.19 -214.325 7035.56 -344.95
6998.04 -241.406 7044.94 -306.718
7007.71 -188.837 7056.38 -284.417
7018.85 -204.767 7066.05 -305.125
7027.06 -212.732 7076.02 -266.894
7037.61 -176.093 7086.28 -276.452
7047.88 -214.325 7095.36 -257.336
7057.84 -214.325 7106.5 -250.964
7068.4 -203.174 7116.47 -289.195
7077.78 -185.651 7125.85 -212.732
7087.45 -131.489 7135.81 -231.848
7098 -144.233 7146.66 -215.918
7107.67 -156.977 7156.33 -193.616
7117.64 -156.977 7166.29 -198.395
7128.19 -180.872 7176.26 -185.651
7137.86 -172.907 7185.34 -206.36
7148.12 -158.57 7195.6 -220.697
7157.79 -136.268 7206.73 -231.848
7168.64 -156.977 7216.7 -244.592
7178.01 -107.594 7225.78 -228.662
7187.98 -113.966 7236.33 -222.29
7197.94 -126.71 7246 -249.371
7208.78 -102.815 7256.84 -217.511
7217.57 -85.2922 7266.22 -160.163
7227.54 -39.0953 7276.18 -190.43
7238.09 -32.7233 7286.72 -190.43
7248.05 -27.9443 7296.1 -153.791
7258.31 -8.8284 7306.94 -107.594
7267.68 -16.7934 7315.73 -104.408
7277.06 -18.3864 7326.86 -96.4431
7287.6 -12.0144 7336.53 -35.9093
7298.44 29.4035 7346.2 -26.3513
7308.11 -4.04942 7356.45 -4.04942
7317.78 80.3793 7366.7 -21.5724
7328.62 99.4952 7376.37 -16.7934
7337.99 97.9023 7387.5 -4.04942
7347.95 72.4143 7396.58 43.7404
7357.33 86.7513 7406.54 113.832
7368.17 70.8213 7416.5 89.9373
7377.83 91.5303 7427.33 153.657
7387.79 190.296 7436.7 144.099
7398.04 204.633 7446.95 137.727
7407.71 230.121 7456.91 155.25
7418.84 265.167 7466.58 94.7163
7428.21 242.865 7477.41 182.331
7437.58 239.679 7487.08 183.924
7449 279.504 7496.45 271.539
7458.08 218.97 7507.57 295.434
7468.04 226.935 7516.65 292.248
7478.58 236.493 7527.19 324.108
7487.95 254.016 7536.86 324.108
7497.91 359.153 7546.81 314.55
7507.87 386.234 7556.18 300.213
7517.53 422.873 7567.01 352.781
7528.07 426.059 7576.97 373.49
7538.03 386.234 7586.92 435.617
7547.98 383.048 7597.46 472.256
7557.35 355.967 7607.71 542.348
7568.19 376.676 7617.08 534.383
7578.14 459.512 7627.32 540.755
7587.51 528.011 7637.86 548.72
7598.34 548.72 7648.4 559.871
7608.59 607.661 7658.06 535.976
7617.08 631.556 7667.72 625.184
7628.49 590.138 7677.67 655.45
7638.16 596.51 7687.63 749.437
7648.11 555.092 7697.58 790.855
7658.06 596.51 7706.65 837.052
7667.72 601.289 7718.36 843.424
7678.26 685.717 7727.43 794.041
7687.63 744.658 7737.38 731.914
7698.45 835.459 7747.33 743.065
7708.99 845.017 7757.87 787.669
7717.48 870.505 7767.82 865.726
7727.72 889.621 7777.77 956.526
7738.26 825.901 7787.72 1015.47
7748.5 824.308 7797.37 1020.25
7757.87 854.575 7808.49 1020.25
7768.7 929.446 7817.57 1015.47
7778.35 972.456 7828.68 999.537
7788.89 1074.41 7837.46 1001.13
7798.25 1112.64 7847.7 1020.25
7809.08 1093.52 7858.24 1107.86
7818.44 1139.72 7868.77 1126.98
7827.22 1061.66 7878.13 1230.52
7838.63 1083.97 7888.37 1192.29
7847.7 1068.04 7898.61 1267.16
7858.82 1098.3 7907.39 1244.86
7869.06 1147.69 7917.92 1321.32
7878.13 1263.97 7927.87 1256.01
7888.66 1300.61 7938.69 1319.73
7898.03 1354.78 7948.34 1299.02
7908.85 1299.02 7957.7 1420.09
7918.5 1279.9 7968.53 1388.23
7928.16 1220.96 7978.77 1486.99
7938.1 1200.25 7987.54 1439.2
7948.64 1292.65 7998.36 1483.81
7958 1373.89 8008.01 1471.06
7968.53 1445.58 8017.96 1477.44
7978.18 1509.3 8028.78 1523.63
7987.54 1609.65 8038.14 1576.2
7998.07 1588.95 8048.67 1636.74
8008.01 1507.7 8059.2 1674.97
8018.54 1502.92 8068.85 1759.4
8028.2 1496.55 8078.21 1725.94
8037.85 1565.05 8088.15 1705.23
8048.38 1668.6 8097.8 1746.65
8058.32 1778.51 8109.2 1741.87
8067.97 1853.38 8118.27 1725.94
8078.5 1920.29 8129.09 1834.27
8089.32 1891.61 8138.74 1834.27
8099.55 1839.05 8148.97 1929.85
8108.62 1885.24 8159.5 1955.33
8117.68 1847.01 8168.56 2011.09
8128.5 1910.73 8178.79 1993.57
8139.03 1991.97 8189.32 1985.6
8148.09 2077.99 8198.38 1964.89
8158.91 2160.83 8208.62 1976.04
8167.98 2200.66 8219.14 2070.03
8179.09 2184.73 8228.5 2128.97
8188.15 2187.91 8238.73 2189.5
8197.51 2151.27 8248.67 2211.81
8208.62 2140.12 8260.07 2216.59
8218.85 2183.13 8268.55 2213.4
8227.62 2234.11 8279.36 2226.14
8238.73 2301.01 8289.01 2270.75
8248.38 2382.26 8298.36 2307.39
8258.9 2410.93 8308.89 2315.35
8268.55 2442.79 8319.11 2380.66
8278.78 2428.45 8328.76 2414.12
8288.72 2428.45 8339.87 2422.08
8297.78 2402.97 8348.93 2506.51
8307.42 2441.2 8359.74 2528.81
8319.11 2485.8 8370.26 2571.82
8327.88 2576.6 8379.32 2597.31
8338.7 2629.17 8388.67 2584.57
8348.93 2673.77 8399.49 2632.36
8358.28 2692.89 8409.43 2673.77
8368.8 2759.8 8419.94 2684.93
8379.03 2775.73 8429.59 2731.12
8388.09 2747.05 8439.82 2777.32
8398.03 2820.33 8449.46 2812.37
8407.96 2820.33 8459.4 2807.59
8419.07 2950.96 8469.33 2839.45
8428.71 3022.64 8478.97 2850.6
8438.36 3049.72 8488.62 2880.86
8448.29 3110.26 8499.72 2914.32
8458.52 3084.77 8509.07 2971.66
8468.75 3153.27 8519.3 3035.38
8477.81 3178.75 8530.11 3044.94
8488.03 3215.39 8540.04 3025.83
8498.84 3283.89 8550.27 3089.55
8509.07 3347.61 8560.2 3113.44
8517.54 3408.15 8570.42 3145.3
8529.52 3447.97 8580.36 3228.14
8538.58 3446.38 8590 3275.93
8548.51 3412.92 8599.64 3315.75
8558.45 3484.61 8611.32 3366.73
8569.26 3527.62 8620.38 3352.39
8579.19 3577 8630.9 3365.13
8588.54 3749.05 8639.95 3342.83
8598.47 3793.65 8651.05 3459.12
8608.11 3796.84 8660.11 3518.06
8618.63 3830.29 8670.04 3569.04
8628.85 3715.59 8679.97 3639.13
8638.49 3780.91 8690.49 3664.62
8648.72 3776.13 8700.42 3621.61
8658.65 3860.56 8710.35 3670.99
8668.58 3937.02 8719.4 3729.93
8678.51 4046.94 8730.79 3772.94
8688.44 4091.54 8739.85 3900.38
8697.79 4163.23 8750.07 3978.44
8708.89 4134.55 8760.58 3978.44
8718.24 4126.59 8771.1 4069.24
8728.75 4120.21 8781.32 4029.41
8738.97 4148.89 8790.66 4024.63
8748.32 4236.5 8801.18 4072.42
8757.95 4341.64 8810.81 4101.1
8768.76 4422.88 8820.74 4120.21
8778.98 4521.65 8830.38 4273.14
8788.33 4569.44 8841.48 4333.68
8798.84 4526.43 8851.4 4400.58
8808.48 4555.1 8861.04 4477.04
8818.41 4543.95 8871.55 4518.46
8828.92 4563.07 8880.6 4465.89
8838.26 4668.2 8891.99 4434.03
8849.07 4776.53 8900.75 4454.74
8858.12 4905.56 8911.55 4496.16
8868.05 4946.98 8921.19 4583.78
8878.27 4994.77 8931.41 4696.88
8888.2 4988.4 8941.92 4817.95
8899 4935.83 8950.68 4862.55
8908.93 4921.49 8960.6 4932.64
8918.85 4972.47 8971.41 4926.27
8929.37 5015.48 8981.63 4902.37
8938.13 5168.4 8990.97 4919.9
8949.22 5275.14 9001.77 4945.39
8959.44 5369.12 9010.53 4958.13
8967.61 5480.63 9022.2 5138.14
8978.71 5479.04 9030.96 5222.57
8989.22 5399.39 9041.76 5350.01
8999.43 5413.73 9051.4 5432.84
9008.19 5381.87 9061.61 5372.31
9018.7 5381.87 9071.54 5402.58
9028.63 5517.27 9082.34 5424.88
9039.43 5631.97 9091.98 5439.21
9048.48 5738.7 9101.9 5493.38
9058.11 5821.53 9111.82 5585.77
9069.21 5899.59 9122.04 5706.84
9079.42 5890.03 9131.67 5823.13
9087.6 5882.07 9141.3 5854.99
9099.27 5872.51 9151.23 5843.83
9108.32 5912.33 9161.44 5859.77
9118.25 5963.31 9171.95 5804.01
9128.17 6070.04 9183.04 5853.39
9138.09 6138.54 9191.51 5913.93
9149.48 6321.73 9201.43 5976.05
9159.4 6364.74 9211.35 6079.6
9168.16 6366.34 9221.57 6184.74
9178.66 6377.49 9232.07 6222.97
9188.88 6340.85 9242.58 6258.01
9198.51 6363.15 9251.92 6191.11
9208.14 6447.58 9262.43 6170.4
9219.23 6522.45 9272.64 6210.22
9229.16 6669.01 9282.56 6308.99
9237.91 6748.66 9291.03 6409.35
9248.42 6810.78 9302.41 6501.74
9258.34 6836.27 9312.04 6603.69
9268.85 6791.67 9322.83 6659.45
9278.19 6786.89 9332.76 6699.27
9288.4 6821.93 9341.22 6664.23
9298.61 6914.33 9352.01 6669.01
9308.83 7043.36 9362.81 6665.82
9318.75 7172.39 9373.03 6759.81
9328.09 7209.03 9382.66 6917.51
9339.18 7267.97 9393.45 7081.59
9348.81 7279.12 9402.5 7223.37
9360.77 7291.87 9413.59 7293.46
9368.07 7309.39 9422.92 7229.74
9379.15 7333.29 9432.55 7232.93
9388.49 7459.13 9443.35 7228.15
9399.29 7623.21 9452.69 7218.59
9408.63 7699.67 9462.61 7363.55
9418.55 7819.15 9473.11 7444.79
9429.05 7846.23 9482.74 7640.73
9437.81 7855.79 9493.24 7717.2
9449.48 7866.94 9502.58 7782.51
9458.52 7830.3 9512.5 7814.37
9468.15 7876.5 9523.88 7784.1
9478.94 8029.42 9532.63 7710.82
9488.28 8125 9543.42 7712.42
9498.2 8276.34 9553.64 7798.44
9509.29 8462.72 9563.55 7823.93
9518.92 8426.08 9573.77 8027.83
9527.38 8437.23 9583.98 8126.6
9539.05 8426.08 9593.6 8140.93
9548.09 8435.64 9604.11 8238.11
9557.72 8469.09 9613.73 8196.69
9568.22 8572.63 9623.65 8164.83
9579.6 8660.25 9633.86 8188.72
9589.81 8851.41 9643.49 8317.76
9598.27 8918.31 9654.28 8376.7
9609.07 8972.48 9663.33 8548.74
9618.99 8978.85 9674.41 8666.62
9628.61 8991.59 9683.17 8798.84
9638.53 9050.53 9693.67 8840.26
9648.45 9095.14 9704.46 8851.41
9658.37 9163.64 9714.38 8905.57
9669.45 9318.16 9723.42 8913.54
9678.5 9402.59 9734.22 8942.21
9687.83 9440.82 9745.3 9045.75
9699.5 9512.5 9754.34 9120.63
9708.55 9561.88 9764.55 9240.1
9718.46 9517.28 9773.89 9353.2
9728.09 9620.82 9784.1 9453.56
9738.88 9681.36 9794.89 9518.87
9749.38 9788.09 9804.81 9525.25
9759.01 9913.94 9814.72 9518.87
9768.93 9998.37 9825.23 9568.26
9777.97 10111.5 9835.14 9617.64
9789.35 10205.5 9844.48 9668.62
9798.1 10203.9 9854.98 9759.42
9808.89 10240.5 9864.9 9805.61
9818.52 10246.9 9875.4 9872.52
9829.02 10307.4 9885.31 9920.31
9840.1 10425.3 9895.52 9990.4
9849.14 10503.3 9905.73 10070
9858.48 10632.4 9915.35 10168.8
9869.27 10735.9 9924.4 10194.3
9877.73 10734.3 9935.77 10310.6
9888.23 10837.9 9945.98 10361.6
9899.02 10858.6 9956.19 10361.6
9908.35 10853.8 9966.69 10490.6
9918.86 10931.9 9977.19 10528.8
9928.77 11016.3 9987.69 10618
9938.69 11027.4 9996.15 10720
9948.61 11178.8 9998.77 10880.9
9958.23 11279.1 9988.56 10912.7
9967.86 11105.5 9978.65 11064.1
