5010.34 -211.139 5020.92 -196.802
5003.87 -217.511 5031.51 -193.616
5000.93 -201.581 5041.21 -236.627
5005.63 -180.872 5051.21 -262.115
5015.04 -179.279 5060.91 -270.08
5024.45 -203.174 5071.2 -250.964
5034.45 -199.988 5081.79 -284.417
5045.03 -219.104 5091.78 -255.743
5055.91 -281.231 5101.49 -233.441
5063.56 -242.999 5112.37 -255.743
5075.61 -203.174 5121.19 -246.185
5085.32 -212.732 5131.48 -214.325
5095.9 -184.058 5141.48 -247.778
5105.02 -185.651 5152.36 -278.045
5115.6 -187.244 5161.18 -250.964
5125.31 -207.953 5170.88 -223.883
5134.72 -214.325 5181.17 -241.406
5145.01 -219.104 5192.05 -192.023
5155.88 -222.29 5201.75 -214.325
5165 -201.581 5211.46 -227.069
5176.17 -190.43 5222.04 -244.592
5185.88 -206.36 5230.86 -271.673
5195.58 -201.581 5241.45 -252.557
5206.16 -231.848 5252.33 -236.627
5215.57 -250.964 5261.74 -260.522
5225.86 -255.743 5272.03 -228.662
5235.57 -222.29 5281.73 -220.697
5245.86 -235.034 5290.85 -249.371
5256.74 -209.546 5302.02 -239.813
5264.97 -139.454 5311.72 -286.01
5276.73 -233.441 5321.13 -242.999
5286.43 -196.802 5331.71 -297.16
5295.84 -233.441 5341.71 -249.371
5306.72 -222.29 5352 -257.336
5316.13 -270.08 5361.7 -255.743
5325.54 -252.557 5372.29 -236.627
5335.54 -209.546 5381.99 -185.651
5345.53 -215.918 5392.28 -249.371
5356.12 -166.535 5402.28 -209.546
5366.11 -195.209 5411.39 -265.301
5376.11 -193.616 5422.56 -278.045
5385.81 -239.813 5431.97 -254.15
5396.4 -242.999 5441.67 -284.417
5405.81 -231.848 5451.96 -235.034
5415.8 -242.999 5461.67 -257.336
5426.39 -247.778 5471.95 -235.034
5435.79 -214.325 5481.95 -244.592
5446.38 -223.883 5492.53 -236.627
5456.67 -217.511 5502.24 -268.487
5466.08 -172.907 5512.53 -266.894
5476.07 -258.929 5522.52 -303.532
5486.36 -231.848 5531.93 -255.743
5496.06 -236.627 5542.22 -263.708
5506.35 -209.546 5551.92 -279.638
5516.35 -225.476 5561.33 -236.627
5526.34 -219.104 5572.5 -166.535
5537.22 -190.43 5581.31 -257.336
5546.92 -203.174 5592.19 -215.918
5557.21 -185.651 5602.19 -254.15
5566.32 -228.662 5612.48 -287.603
5576.91 -222.29 5621.88 -230.255
5587.49 -219.104 5632.76 -241.406
5596.6 -225.476 5642.16 -252.557
5606.89 -215.918 5652.45 -223.883
5616.59 -198.395 5662.15 -254.15
5627.17 -171.314 5673.03 -231.848
5635.4 -171.314 5681.85 -244.592
5646.87 -222.29 5692.13 -227.069
5656.27 -206.36 5702.13 -266.894
5666.85 -238.22 5712.71 -274.859
5676.26 -211.139 5722.41 -254.15
5686.55 -236.627 5733.28 -301.939
5695.95 -196.802 5742.69 -268.487
5707.12 -171.314 5752.39 -276.452
5715.94 -196.802 5762.09 -254.15
5726.82 -204.767 5773.55 -305.125
5736.51 -192.023 5782.36 -242.999
5747.39 -238.22 5792.65 -222.29
5755.91 -233.441 5802.94 -254.15
5767.08 -266.894 5812.93 -265.301
5777.96 -222.29 5822.92 -244.592
5786.77 -177.686 5833.21 -241.406
5796.76 -188.837 5842.9 -244.592
5806.76 -207.953 5852.01 -284.417
5817.63 -217.511 5862.3 -233.441
5826.74 -193.616 5873.17 -230.255
5836.44 -219.104 5882.57 -254.15
5846.43 -270.08 5893.74 -242.999
5857.01 -192.023 5903.14 -230.255
5867.29 -214.325 5913.13 -250.964
5876.7 -177.686 5923.42 -204.767
5886.39 -212.732 5933.12 -250.964
5896.09 -184.058 5943.11 -203.174
5907.55 -227.069 5952.8 -293.974
5916.95 -190.43 5962.5 -1487.13
5926.94 -255.743 5973.37 -1461.64
5937.82 -250.964 5982.77 -1676.69
5947.81 -195.209 5993.35 -1638.46
5957.21 -203.174 6002.75 -1608.2
5966.9 -217.511 6013.03 -1628.9
5976.31 -188.837 6023.02 -1606.6
5987.47 -220.697 6033.6 -1609.79
5997.17 -225.476 6043.59 -1565.18
6007.15 -188.837 6053.28 -1536.51
6016.85 -220.697 6063.56 -1523.77
6027.43 -225.476 6072.96 -1542.88
6037.12 -215.918 6083.24 -1501.46
6047.4 -219.104 6093.82 -1475.98
6057.39 -217.511 6103.22 -1475.98
6066.79 -184.058 6113.5 -1474.38
6077.37 -198.395 6123.49 -1463.23
6087.94 -179.279 6133.47 -1458.45
6096.17 -212.732 6143.46 -1450.49
6107.63 -235.034 6153.45 -1388.36
6116.73 -223.883 6164.32 -1323.05
6127.31 -233.441 6174.01 -1308.71
6137.29 -171.314 6183.99 -1289.6
6146.4 -172.907 6193.98 -1311.9
6157.85 -169.721 6203.67 -1297.56
6166.96 -169.721 6213.66 -1315.08
6176.36 -198.395 6223.64 -1313.49
6187.22 -239.813 6232.75 -1254.55
6196.62 -239.813 6243.61 -1189.24
6207.49 -230.255 6253.6 -1163.75
6217.48 -166.535 6264.17 -1146.23
6226.87 -192.023 6273.57 -1128.7
6237.15 -187.244 6283.84 -1154.19
6247.14 -204.767 6293.83 -1138.26
6256.53 -236.627 6303.52 -1138.26
6267.4 -220.697 6313.8 -1154.19
6277.97 -207.953 6323.48 -1087.29
6287.66 -214.325 6334.35 -1060.2
6297.06 -222.29 6344.63 -1004.45
6307.63 -244.592 6354.31 -1021.97
6317.03 -219.104 6364.59 -980.555
6327.89 -212.732 6374.28 -974.183
6337.58 -163.349 6384.26 -978.962
6347.56 -182.465 6393.66 -1017.19
6357.25 -228.662 6404.81 -988.52
6366.94 -215.918 6414.5 -996.485
6377.21 -203.174 6424.48 -888.162
6387.2 -185.651 6434.17 -900.906
6396.89 -207.953 6444.44 -862.674
6407.45 -239.813 6454.72 -848.337
6417.73 -222.29 6463.82 -824.442
6427.71 -207.953 6474.68 -867.453
6437.1 -219.104 6484.66 -857.895
6447.38 -230.255 6494.64 -864.267
6457.65 -242.999 6504.03 -861.081
6468.22 -241.406 6514.89 -800.547
6477.91 -199.988 6524.28 -773.466
6487.01 -176.093 6535.14 -725.676
6497.28 -187.244 6544.53 -682.665
6507.26 -195.209 6554.81 -692.223
6517.53 -199.988 6565.37 -719.304
6526.92 -215.918 6574.18 -741.606
6538.66 -177.686 6584.45 -738.42
6547.76 -212.732 6594.42 -697.002
6556.86 -190.43 6604.99 -700.188
6568.01 -206.36 6614.97 -677.886
6577.4 -211.139 6625.24 -610.98
6587.09 -145.826 6635.21 -566.377
6597.95 -212.732 6644.31 -577.528
6608.22 -179.279 6654.58 -601.422
6617.61 -198.395 6664.56 -598.237
6627 -172.907 6675.12 -583.9
6637.86 -163.349 6684.51 -558.412
6647.54 -187.244 6695.36 -567.97
6658.1 -219.104 6704.75 -545.668
6668.37 -212.732 6714.73 -467.611
6677.47 -217.511 6724.7 -496.285
6686.56 -204.767 6735.26 -470.797
6697.71 -207.953 6745.53 -501.064
6707.68 -238.22 6756.09 -502.657
6717.07 -211.139 6765.77 -502.657
6727.93 -242.999 6774.57 -537.703
6738.78 -222.29 6785.43 -523.366
6747.29 -176.093 6795.4 -478.762
6758.14 -249.371 6805.37 -462.832
6767.82 -225.476 6815.34 -435.751
6777.21 -219.104 6825.02 -416.635
6788.06 -193.616 6834.99 -399.112
6797.45 -215.918 6844.67 -483.541
6807.42 -139.454 6855.52 -462.832
6817.4 -195.209 6865.79 -501.064
6827.66 -169.721 6875.47 -450.088
6837.93 -238.22 6886.02 -466.018
6847.31 -225.476 6895.41 -426.193
6856.99 -225.476 6905.09 -365.659
6867.84 -207.953 6915.64 -386.368
6877.52 -207.953 6926.49 -383.182
6887.2 -172.907 6935.88 -384.775
6897.46 -163.349 6944.97 -423.007
6907.43 -199.988 6956.11 -419.821
6917.7 -153.791 6966.37 -416.635
6927.37 -204.767 6975.17 -415.042
6937.93 -255.743 6985.43 -383.182
6947.31 -241.406 6995.69 -365.659
6958.16 -164.942 7005.95 -340.171
6968.43 -185.651 7015.92 -364.066
6978.1 -188.837 7024.72 -300.346
6988.36 -214.325 7035.86 -344.95
6996.86 -241.406 7046.12 -306.718
7008.01 -188.837 7056.08 -284.417
7017.97 -204.767 7064.88 -305.125
7028.82 -212.732 7076.31 -266.894
7038.2 -176.093 7085.98 -276.452
7047.29 -214.325 7095.36 -257.336
7058.14 -214.325 7105.92 -250.964
7067.22 -203.174 7116.17 -289.195
7078.07 -185.651 7125.26 -212.732
7087.45 -131.489 7136.98 -231.848
7098.59 -144.233 7145.19 -215.918
7107.38 -156.977 7156.62 -193.616
7117.35 -156.977 7165.41 -198.395
7128.48 -180.872 7176.55 -185.651
7137.57 -172.907 7187.1 -206.36
7147.24 -158.57 7195.6 -220.697
7158.38 -136.268 7205.56 -231.848
7166.88 -156.977 7216.7 -244.592
7178.6 -107.594 7226.37 -228.662
7187.69 -113.966 7236.62 -222.29
7197.94 -126.71 7246.29 -249.371
7207.61 -102.815 7255.67 -217.511
7218.45 -85.2922 7266.22 -160.163
7228.71 -39.0953 7276.47 -190.43
7238.38 -32.7233 7286.43 -190.43
7247.46 -27.9443 7296.39 -153.791
7258.31 -8.8284 7306.35 -107.594
7268.27 -16.7934 7316.61 -104.408
7278.23 -18.3864 7326.28 -96.4431
7287.6 -12.0144 7336.82 -35.9093
7298.44 29.4035 7346.2 -26.3513
7308.7 -4.04942 7357.62 -4.04942
7317.49 80.3793 7366.7 -21.5724
7328.33 99.4952 7376.66 -16.7934
7337.99 97.9023 7386.03 -4.04942
7348.54 72.4143 7397.16 43.7404
7357.91 86.7513 7406.83 113.832
7367.58 70.8213 7416.5 89.9373
7377.83 91.5303 7427.04 153.657
7388.38 190.296 7436.41 144.099
7397.46 204.633 7446.66 137.727
7408.59 230.121 7456.91 155.25
7418.25 265.167 7466.87 94.7163
7428.8 242.865 7476.83 182.331
7437.88 239.679 7487.66 183.924
7449 279.504 7497.03 271.539
7457.5 218.97 7508.16 295.434
7467.75 226.935 7516.94 292.248
7478.29 236.493 7527.19 324.108
7489.13 254.016 7536.56 324.108
7497.91 359.153 7547.98 314.55
7507.87 386.234 7556.47 300.213
7517.82 422.873 7567.31 352.781
7528.95 426.059 7577.26 373.49
7538.03 386.234 7587.51 435.617
7548.28 383.048 7597.17 472.256
7557.94 355.967 7607.42 542.348
7568.48 376.676 7616.79 534.383
7577.85 459.512 7627.62 540.755
7588.68 528.011 7638.16 548.72
7598.63 548.72 7647.23 559.871
7608 607.661 7657.48 535.976
7618.54 631.556 7667.43 625.184
7628.49 590.138 7677.38 655.45
7638.16 596.51 7687.63 749.437
7647.52 555.092 7697.28 790.855
7657.48 596.51 7708.11 837.052
7668.01 601.289 7717.19 843.424
7678.26 685.717 7727.14 794.041
7687.92 744.658 7737.38 731.914
7698.45 835.459 7747.33 743.065
7708.11 845.017 7757.57 787.669
7718.06 870.505 7768.11 865.726
7728.6 889.621 7778.06 956.526
7737.97 825.901 7787.42 1015.47
7747.92 824.308 7798.84 1020.25
7757.57 854.575 7807.61 1020.25
7768.7 929.446 7817.86 1015.47
7778.65 972.456 7827.51 999.537
7788.89 1074.41 7837.46 1001.13
7797.96 1112.64 7848.58 1020.25
7808.2 1093.52 7858.53 1107.86
7818.44 1139.72 7867.31 1126.98
7827.81 1061.66 7877.55 1230.52
7838.05 1083.97 7888.08 1192.29
7847.7 1068.04 7898.61 1267.16
7857.94 1098.3 7907.97 1244.86
7869.06 1147.69 7918.21 1321.32
7878.42 1263.97 7928.45 1256.01
7888.96 1300.61 7937.81 1319.73
7898.03 1354.78 7947.47 1299.02
7907.97 1299.02 7958.29 1420.09
7919.09 1279.9 7967.94 1388.23
7928.74 1220.96 7978.47 1486.99
7938.4 1200.25 7989 1439.2
7947.76 1292.65 7998.36 1483.81
7957.7 1373.89 8007.43 1471.06
7968.53 1445.58 8018.25 1477.44
7977.89 1509.3 8028.2 1523.63
7989 1609.65 8038.72 1576.2
7998.65 1588.95 8048.96 1636.74
8008.01 1507.7 8058.9 1674.97
8018.25 1502.92 8068.26 1759.4
8028.49 1496.55 8077.62 1725.94
8037.85 1565.05 8088.44 1705.23
8048.38 1668.6 8098.68 1746.65
8058.32 1778.51 8108.62 1741.87
8067.39 1853.38 8119.14 1725.94
8078.79 1920.29 8129.09 1834.27
8089.32 1891.61 8139.03 1834.27
8098.97 1839.05 8148.68 1929.85
8109.2 1885.24 8159.79 1955.33
8118.85 1847.01 8168.27 2011.09
8128.5 1910.73 8178.21 1993.57
8137.28 1991.97 8189.32 1985.6
8148.68 2077.99 8198.38 1964.89
8158.33 2160.83 8208.91 1976.04
8168.27 2200.66 8219.14 2070.03
8178.5 2184.73 8228.5 2128.97
8188.15 2187.91 8239.31 2189.5
8198.68 2151.27 8248.96 2211.81
8208.32 2140.12 8259.78 2216.59
8218.85 2183.13 8268.55 2213.4
8228.5 2234.11 8279.36 2226.14
8238.14 2301.01 8289.01 2270.75
8248.67 2382.26 8299.24 2307.39
8257.73 2410.93 8309.47 2315.35
8268.25 2442.79 8319.99 2380.66
8278.49 2428.45 8328.76 2414.12
8288.72 2428.45 8339.58 2422.08
8297.78 2402.97 8349.22 2506.51
8308.3 2441.2 8359.16 2528.81
8318.24 2485.8 8369.09 2571.82
8329.05 2576.6 8380.2 2597.31
8338.41 2629.17 8389.84 2584.57
8348.93 2673.77 8399.49 2632.36
8359.16 2692.89 8409.43 2673.77
8367.93 2759.8 8419.94 2684.93
8377.57 2775.73 8429.88 2731.12
8388.67 2747.05 8439.52 2777.32
8398.61 2820.33 8449.46 2812.37
8409.43 2820.33 8458.81 2807.59
8419.07 2950.96 8470.5 2839.45
8427.84 3022.64 8478.97 2850.6
8438.94 3049.72 8489.49 2880.86
8447.71 3110.26 8499.72 2914.32
8457.94 3084.77 8509.66 2971.66
8468.75 3153.27 8519.59 3035.38
8478.39 3178.75 8530.4 3044.94
8488.32 3215.39 8539.75 3025.83
8498.26 3283.89 8550.85 3089.55
8509.36 3347.61 8559.32 3113.44
8518.71 3408.15 8570.42 3145.3
8528.35 3447.97 8579.48 3228.14
8538.58 3446.38 8590.58 3275.93
8548.51 3412.92 8600.22 3315.75
8557.57 3484.61 8609.28 3366.73
8568.97 3527.62 8620.38 3352.39
8577.44 3577 8630.31 3365.13
8588.25 3749.05 8639.66 3342.83
8598.76 3793.65 8650.47 3459.12
8608.11 3796.84 8660.11 3518.06
8618.33 3830.29 8669.45 3569.04
8628.85 3715.59 8680.55 3639.13
8638.49 3780.91 8689.9 3664.62
8648.72 3776.13 8700.12 3621.61
8658.94 3860.56 8709.76 3670.99
8669.16 3937.02 8719.69 3729.93
8679.09 4046.94 8731.08 3772.94
8689.03 4091.54 8740.72 3900.38
8698.37 4163.23 8751.24 3978.44
8709.18 4134.55 8760.29 3978.44
8719.11 4126.59 8770.8 4069.24
8727.87 4120.21 8780.15 4029.41
8738.09 4148.89 8790.95 4024.63
8748.32 4236.5 8800.01 4072.42
8758.83 4341.64 8810.81 4101.1
8768.17 4422.88 8820.74 4120.21
8777.52 4521.65 8830.67 4273.14
8788.33 4569.44 8840.6 4333.68
8798.26 4526.43 8851.4 4400.58
8808.77 4555.1 8861.04 4477.04
8818.41 4543.95 8871.84 4518.46
8829.5 4563.07 8880.9 4465.89
8837.97 4668.2 8890.82 4434.03
8848.48 4776.53 8900.17 4454.74
8858.41 4905.56 8910.97 4496.16
8868.34 4946.98 8920.61 4583.78
8879.44 4994.77 8931.12 4696.88
8889.07 4988.4 8941.63 4817.95
8898.71 4935.83 8951.55 4862.55
8907.76 4921.49 8961.48 4932.64
8918.85 4972.47 8971.12 4926.27
8928.2 5015.48 8980.75 4902.37
8939.29 5168.4 8990.97 4919.9
8947.76 5275.14 9001.77 4945.39
8958.56 5369.12 9011.4 4958.13
8968.49 5480.63 9021.62 5138.14
8978.71 5479.04 9031.55 5222.57
8988.93 5399.39 9041.76 5350.01
8998.27 5413.73 9052.27 5432.84
9007.61 5381.87 9061.03 5372.31
9018.7 5381.87 9071.54 5402.58
9028.04 5517.27 9081.76 5424.88
9038.55 5631.97 9092.27 5439.21
9049.94 5738.7 9102.19 5493.38
9058.4 5821.53 9111.53 5585.77
9068.62 5899.59 9122.33 5706.84
9078.26 5890.03 9131.96 5823.13
9088.47 5882.07 9142.18 5854.99
9098.98 5872.51 9151.23 5843.83
9108.61 5912.33 9162.03 5859.77
9118.83 5963.31 9171.95 5804.01
9128.46 6070.04 9183.04 5853.39
9138.68 6138.54 9192.09 5913.93
9148.89 6321.73 9202.3 5976.05
9159.4 6364.74 9211.65 6079.6
9168.16 6366.34 9221.86 6184.74
9178.37 6377.49 9231.78 6222.97
9189.46 6340.85 9241.71 6258.01
9198.51 6363.15 9251.63 6191.11
9207.85 6447.58 9263.01 6170.4
9218.94 6522.45 9272.64 6210.22
9228.57 6669.01 9282.27 6308.99
9238.5 6748.66 9293.07 6409.35
9248.42 6810.78 9302.41 6501.74
9257.76 6836.27 9312.33 6603.69
9269.14 6791.67 9322.54 6659.45
9278.77 6786.89 9332.17 6699.27
9288.98 6821.93 9342.09 6664.23
9298.61 6914.33 9352.31 6669.01
9308.83 7043.36 9362.23 6665.82
9318.46 7172.39 9372.74 6759.81
9328.38 7209.03 9382.36 6917.51
9338.59 7267.97 9392.58 7081.59
9349.39 7279.12 9402.5 7223.37
9359.6 7291.87 9412.13 7293.46
9368.94 7309.39 9422.92 7229.74
9379.15 7333.29 9433.14 7232.93
9388.49 7459.13 9442.76 7228.15
9397.83 7623.21 9452.98 7218.59
9408.63 7699.67 9462.61 7363.55
9419.13 7819.15 9473.4 7444.79
9427.89 7846.23 9483.32 7640.73
9438.39 7855.79 9493.53 7717.2
9449.18 7866.94 9503.45 7782.51
9458.52 7830.3 9513.96 7814.37
9469.32 7876.5 9523 7784.1
9479.24 8029.42 9533.8 7710.82
9488.57 8125 9542.55 7712.42
9498.49 8276.34 9553.05 7798.44
9508.71 8462.72 9563.85 7823.93
9518.33 8426.08 9573.47 8027.83
9529.13 8437.23 9583.68 8126.6
9538.76 8426.08 9593.9 8140.93
9549.26 8435.64 9603.52 8238.11
9558.59 8469.09 9613.44 8196.69
9569.39 8572.63 9623.65 8164.83
9578.43 8660.25 9634.16 8188.72
9588.06 8851.41 9643.49 8317.76
9598.27 8918.31 9654.58 8376.7
9609.36 8972.48 9664.5 8548.74
9618.11 8978.85 9673.83 8666.62
9628.61 8991.59 9684.04 8798.84
9638.53 9050.53 9694.25 8840.26
9648.74 9095.14 9702.42 8851.41
9659.24 9163.64 9714.67 8905.57
9668.58 9318.16 9724.88 8913.54
9678.5 9402.59 9734.8 8942.21
9688.71 9440.82 9743.55 9045.75
9699.21 9512.5 9754.64 9120.63
9709.42 9561.88 9764.55 9240.1
9718.17 9517.28 9774.47 9353.2
9729.26 9620.82 9784.39 9453.56
9738.88 9681.36 9794.89 9518.87
9747.93 9788.09 9805.39 9525.25
9758.43 9913.94 9816.18 9518.87
9768.64 9998.37 9824.64 9568.26
9779.14 10111.5 9834.56 9617.64
9788.76 10205.5 9845.06 9668.62
9798.39 10203.9 9855.27 9759.42
9808.6 10240.5 9864.9 9805.61
9818.81 10246.9 9875.1 9872.52
9828.43 10307.4 9885.89 9920.31
9838.35 10425.3 9894.65 9990.4
9849.14 10503.3 9906.31 10070
9858.77 10632.4 9915.06 10168.8
9869.27 10735.9 9925.27 10194.3
9878.6 10734.3 9935.19 10310.6
9888.23 10837.9 9945.69 10361.6
9898.73 10858.6 9955.31 10361.6
9908.06 10853.8 9966.4 10490.6
9918.27 10931.9 9976.61 10528.8
9929.36 11016.3 9988.56 10618
9938.69 11027.4 9996.44 10720
9949.19 11178.8 9998.19 10880.9
9957.94 11279.1 9988.86 10912.7
9968.73 11105.5 9978.94 11064.1
