5009.75 -211.139 5021.51 -196.802
5003.57 -217.511 5031.8 -193.616
5001.81 -201.581 5041.21 -236.627
5005.63 -180.872 5051.8 -262.115
5014.75 -179.279 5062.38 -270.08
5025.04 -203.174 5071.5 -250.964
5034.74 -199.988 5080.9 -284.417
5045.03 -219.104 5092.37 -255.743
5055.32 -281.231 5102.08 -233.441
5065.03 -242.999 5111.78 -255.743
5075.61 -203.174 5121.19 -246.185
5085.32 -212.732 5131.77 -214.325
5094.73 -184.058 5141.77 -247.778
5105.6 -185.651 5152.36 -278.045
5115.6 -187.244 5161.18 -250.964
5125.01 -207.953 5171.17 -223.883
5135.3 -214.325 5181.76 -241.406
5145.59 -219.104 5190.88 -192.023
5154.71 -222.29 5201.46 -214.325
5165.59 -201.581 5212.05 -227.069
5175.59 -190.43 5221.45 -244.592
5185.29 -206.36 5231.74 -271.673
5195.58 -201.581 5241.74 -252.557
5206.46 -231.848 5251.74 -236.627
5215.57 -250.964 5261.44 -260.522
5225.86 -255.743 5272.03 -228.662
5236.16 -222.29 5281.14 -220.697
5246.15 -235.034 5291.73 -249.371
5255.56 -209.546 5302.9 -239.813
5265.56 -139.454 5312.31 -286.01
5275.55 -233.441 5322.31 -242.999
5285.26 -196.802 5331.71 -297.16
5295.26 -233.441 5341.12 -249.371
5305.55 -222.29 5352 -257.336
5316.72 -270.08 5361.7 -255.743
5325.83 -252.557 5371.41 -236.627
5336.42 -209.546 5381.99 -185.651
5345.83 -215.918 5392.28 -249.371
5356.12 -166.535 5402.28 -209.546
5366.41 -195.209 5411.98 -265.301
5376.99 -193.616 5421.39 -278.045
5385.81 -239.813 5431.68 -254.15
5396.4 -242.999 5441.38 -284.417
5406.39 -231.848 5451.67 -235.034
5416.39 -242.999 5461.96 -257.336
5426.09 -247.778 5471.95 -235.034
5436.38 -214.325 5481.95 -244.592
5446.08 -223.883 5492.24 -236.627
5455.79 -217.511 5501.94 -268.487
5466.08 -172.907 5511.94 -266.894
5475.78 -258.929 5521.93 -303.532
5486.36 -231.848 5531.93 -255.743
5496.65 -236.627 5542.51 -263.708
5506.65 -209.546 5551.92 -279.638
5516.94 -225.476 5562.21 -236.627
5526.34 -219.104 5571.91 -166.535
5536.04 -190.43 5582.79 -257.336
5546.33 -203.174 5591.9 -215.918
5556.62 -185.651 5602.78 -254.15
5566.03 -228.662 5612.18 -287.603
5576.02 -222.29 5622.47 -230.255
5587.2 -219.104 5633.05 -241.406
5596.01 -225.476 5642.16 -252.557
5606.89 -215.918 5652.45 -223.883
5616.3 -198.395 5662.15 -254.15
5627.17 -171.314 5672.73 -231.848
5636.58 -171.314 5681.55 -244.592
5647.16 -222.29 5693.02 -227.069
5656.57 -206.36 5701.54 -266.894
5666.85 -238.22 5713 -274.859
5677.14 -211.139 5722.7 -254.15
5687.43 -236.627 5733.28 -301.939
5696.54 -196.802 5742.98 -268.487
5706.54 -171.314 5752.97 -276.452
5716.53 -196.802 5762.09 -254.15
5726.23 -204.767 5773.25 -305.125
5735.63 -192.023 5782.66 -242.999
5747.39 -238.22 5792.94 -222.29
5757.09 -233.441 5802.64 -254.15
5766.49 -266.894 5814.1 -265.301
5776.78 -222.29 5822.04 -244.592
5786.18 -177.686 5833.79 -241.406
5796.76 -188.837 5843.2 -244.592
5807.93 -207.953 5852.9 -284.417
5816.45 -217.511 5862.59 -233.441
5826.74 -193.616 5873.47 -230.255
5836.73 -219.104 5882.57 -254.15
5847.31 -270.08 5893.15 -242.999
5856.42 -192.023 5902.85 -230.255
5867.59 -214.325 5913.43 -250.964
5876.7 -177.686 5922.83 -204.767
5886.98 -212.732 5933.12 -250.964
5897.56 -184.058 5943.69 -203.174
5906.96 -227.069 5953.1 -293.974
5916.95 -190.43 5962.79 -1487.13
5926.94 -255.743 5973.07 -1461.64
5937.23 -250.964 5982.77 -1676.69
5946.63 -195.209 5991.88 -1638.46
5956.91 -203.174 6004.22 -1608.2
5967.2 -217.511 6013.03 -1628.9
5976.6 -188.837 6023.61 -1606.6
5987.47 -220.697 6033.01 -1609.79
5997.17 -225.476 6043.29 -1565.18
6006.27 -188.837 6053.28 -1536.51
6016.26 -220.697 6063.27 -1523.77
6027.43 -225.476 6072.67 -1542.88
6037.12 -215.918 6083.54 -1501.46
6047.11 -219.104 6093.53 -1475.98
6057.1 -217.511 6104.4 -1475.98
6066.79 -184.058 6113.79 -1474.38
6076.49 -198.395 6124.08 -1463.23
6087.65 -179.279 6133.18 -1458.45
6096.76 -212.732 6142.87 -1450.49
6107.33 -235.034 6153.45 -1388.36
6117.02 -223.883 6164.32 -1323.05
6128.19 -233.441 6173.13 -1308.71
6136.7 -171.314 6184.58 -1289.6
6148.16 -172.907 6193.98 -1311.9
6156.97 -169.721 6203.38 -1297.56
6167.25 -169.721 6213.36 -1315.08
6176.94 -198.395 6223.94 -1313.49
6186.93 -239.813 6233.63 -1254.55
6197.21 -239.813 6243.91 -1189.24
6206.9 -230.255 6255.07 -1163.75
6217.18 -166.535 6264.76 -1146.23
6227.46 -192.023 6274.45 -1128.7
6236.86 -187.244 6283.55 -1154.19
6248.02 -204.767 6293.53 -1138.26
6256.53 -236.627 6304.1 -1138.26
6267.4 -220.697 6313.8 -1154.19
6277.38 -207.953 6324.66 -1087.29
6286.19 -214.325 6333.17 -1060.2
6297.94 -222.29 6344.63 -1004.45
6307.04 -244.592 6354.31 -1021.97
6316.73 -219.104 6364 -980.555
6327.89 -212.732 6374.57 -974.183
6337.28 -163.349 6384.55 -978.962
6348.15 -182.465 6393.66 -1017.19
6357.25 -228.662 6404.23 -988.52
6367.23 -215.918 6414.5 -996.485
6376.92 -203.174 6425.07 -888.162
6387.78 -185.651 6434.46 -900.906
6397.47 -207.953 6444.15 -862.674
6407.16 -239.813 6454.13 -848.337
6417.73 -222.29 6464.11 -824.442
6427.71 -207.953 6474.39 -867.453
6437.4 -219.104 6484.95 -857.895
6447.09 -230.255 6494.34 -864.267
6457.36 -242.999 6504.62 -861.081
6467.63 -241.406 6515.18 -800.547
6476.73 -199.988 6525.16 -773.466
6487.59 -176.093 6534.56 -725.676
6496.69 -187.244 6544.83 -682.665
6507.85 -195.209 6554.22 -692.223
6518.41 -199.988 6564.78 -719.304
6526.92 -215.918 6574.47 -741.606
6538.37 -177.686 6585.03 -738.42
6547.76 -212.732 6595.6 -697.002
6556.86 -190.43 6604.11 -700.188
6567.72 -206.36 6614.97 -677.886
6577.99 -211.139 6624.94 -610.98
6587.09 -145.826 6634.63 -566.377
6597.95 -212.732 6645.48 -577.528
6608.51 -179.279 6654.29 -601.422
6617.61 -198.395 6664.56 -598.237
6627.58 -172.907 6674.53 -583.9
6637.27 -163.349 6684.51 -558.412
6647.24 -187.244 6695.07 -567.97
6656.93 -219.104 6705.04 -545.668
6667.49 -212.732 6714.73 -467.611
6677.76 -217.511 6724.99 -496.285
6688.03 -204.767 6734.97 -470.797
6697.12 -207.953 6745.24 -501.064
6707.39 -238.22 6756.09 -502.657
6717.37 -211.139 6765.48 -502.657
6727.64 -242.999 6775.16 -537.703
6737.61 -222.29 6786.3 -523.366
6747.29 -176.093 6795.98 -478.762
6758.14 -249.371 6805.37 -462.832
6767.82 -225.476 6815.34 -435.751
6778.68 -219.104 6825.32 -416.635
6787.48 -193.616 6834.41 -399.112
6797.16 -215.918 6844.97 -483.541
6807.42 -139.454 6855.52 -462.832
6817.98 -195.209 6865.2 -501.064
6828.54 -169.721 6875.47 -450.088
6838.81 -238.22 6884.56 -466.018
6848.19 -225.476 6895.12 -426.193
6857.87 -225.476 6905.67 -365.659
6867.84 -207.953 6915.06 -386.368
6878.11 -207.953 6925.32 -383.182
6887.79 -172.907 6935.29 -384.775
6897.46 -163.349 6945.26 -423.007
6908.02 -199.988 6955.52 -419.821
6917.7 -153.791 6966.08 -416.635
6927.37 -204.767 6975.46 -415.042
6937.93 -255.743 6986.31 -383.182
6947.9 -241.406 6995.69 -365.659
6958.46 -164.942 7005.37 -340.171
6966.66 -185.651 7016.51 -364.066
6977.81 -188.837 7026.18 -300.346
6987.78 -214.325 7035.86 -344.95
6997.74 -241.406 7045.82 -306.718
7007.42 -188.837 7055.79 -284.417
7018.27 -204.767 7066.05 -305.125
7027.94 -212.732 7076.02 -266.894
7037.91 -176.093 7085.69 -276.452
7047.58 -214.325 7095.66 -257.336
7057.84 -214.325 7105.33 -250.964
7068.69 -203.174 7115.59 -289.195
7078.36 -185.651 7124.97 -212.732
7087.45 -131.489 7136.1 -231.848
7098.29 -144.233 7145.48 -215.918
7107.38 -156.977 7155.74 -193.616
7117.64 -156.977 7165.7 -198.395
7128.19 -180.872 7175.96 -185.651
7137.57 -172.907 7185.93 -206.36
7148.41 -158.57 7195.6 -220.697
7156.91 -136.268 7206.15 -231.848
7168.05 -156.977 7216.4 -244.592
7177.14 -107.594 7226.66 -228.662
7187.69 -113.966 7236.33 -222.29
7197.94 -126.71 7245.7 -249.371
7207.91 -102.815 7255.67 -217.511
7217.87 -85.2922 7265.92 -160.163
7228.12 -39.0953 7276.47 -190.43
7238.38 -32.7233 7286.72 -190.43
7247.46 -27.9443 7295.81 -153.791
7258.31 -8.8284 7306.94 -107.594
7267.39 -16.7934 7316.9 -104.408
7277.94 -18.3864 7326.57 -96.4431
7287.31 -12.0144 7336.53 -35.9093
7296.98 29.4035 7346.78 -26.3513
7308.99 -4.04942 7355.86 -4.04942
7318.07 80.3793 7366.41 -21.5724
7327.74 99.4952 7376.37 -16.7934
7337.99 97.9023 7386.62 -4.04942
7348.83 72.4143 7396.87 43.7404
7357.62 86.7513 7407.12 113.832
7367.87 70.8213 7416.2 89.9373
7378.13 91.5303 7427.04 153.657
7388.08 190.296 7436.41 144.099
7398.04 204.633 7446.95 137.727
7408.3 230.121 7456.91 155.25
7417.96 265.167 7467.16 94.7163
7427.33 242.865 7476.53 182.331
7438.17 239.679 7487.66 183.924
7447.83 279.504 7496.74 271.539
7458.38 218.97 7507.57 295.434
7467.75 226.935 7516.36 292.248
7478.29 236.493 7527.19 324.108
7488.25 254.016 7537.15 324.108
7497.62 359.153 7546.81 314.55
7507.57 386.234 7556.47 300.213
7518.41 422.873 7567.89 352.781
7527.78 426.059 7576.68 373.49
7538.32 386.234 7587.51 435.617
7548.57 383.048 7597.17 472.256
7558.23 355.967 7607.12 542.348
7568.19 376.676 7617.37 534.383
7578.43 459.512 7627.62 540.755
7588.09 528.011 7637.28 548.72
7597.17 548.72 7646.65 559.871
7608.59 607.661 7657.18 535.976
7617.37 631.556 7668.01 625.184
7628.79 590.138 7677.09 655.45
7637.57 596.51 7687.33 749.437
7648.69 555.092 7697.87 790.855
7658.65 596.51 7707.53 837.052
7668.6 601.289 7716.31 843.424
7677.67 685.717 7727.72 794.041
7689.09 744.658 7737.38 731.914
7697.87 835.459 7747.63 743.065
7708.41 845.017 7757.28 787.669
7717.48 870.505 7768.11 865.726
7728.6 889.621 7778.35 956.526
7738.85 825.901 7788.01 1015.47
7747.92 824.308 7797.37 1020.25
7758.16 854.575 7807.61 1020.25
7768.99 929.446 7818.15 1015.47
7778.94 972.456 7828.1 999.537
7788.01 1074.41 7838.34 1001.13
7798.84 1112.64 7848.58 1020.25
7808.2 1093.52 7857.07 1107.86
7817.86 1139.72 7868.18 1126.98
7828.98 1061.66 7878.13 1230.52
7838.05 1083.97 7888.37 1192.29
7847.12 1068.04 7898.03 1267.16
7858.24 1098.3 7908.85 1244.86
7868.77 1147.69 7917.92 1321.32
7878.72 1263.97 7928.16 1256.01
7888.37 1300.61 7937.23 1319.73
7898.03 1354.78 7948.34 1299.02
7907.68 1299.02 7958.87 1420.09
7918.5 1279.9 7968.82 1388.23
7928.45 1220.96 7978.18 1486.99
7938.69 1200.25 7988.13 1439.2
7947.17 1292.65 7998.65 1483.81
7959.17 1373.89 8008.01 1471.06
7968.53 1445.58 8017.96 1477.44
7978.47 1509.3 8028.2 1523.63
7988.71 1609.65 8039.02 1576.2
7999.24 1588.95 8048.38 1636.74
8007.72 1507.7 8058.61 1674.97
8018.84 1502.92 8067.97 1759.4
8027.9 1496.55 8077.62 1725.94
8037.85 1565.05 8087.56 1705.23
8048.38 1668.6 8098.97 1746.65
8058.32 1778.51 8108.33 1741.87
8067.68 1853.38 8119.44 1725.94
8078.5 1920.29 8128.8 1834.27
8088.44 1891.61 8138.45 1834.27
8099.85 1839.05 8148.39 1929.85
8108.91 1885.24 8158.62 1955.33
8118.27 1847.01 8168.85 2011.09
8127.33 1910.73 8178.79 1993.57
8138.15 1991.97 8189.03 1985.6
8148.09 2077.99 8199.55 1964.89
8158.33 2160.83 8208.91 1976.04
8167.98 2200.66 8219.43 2070.03
8178.5 2184.73 8229.37 2128.97
8187.86 2187.91 8238.73 2189.5
8198.38 2151.27 8249.84 2211.81
8207.74 2140.12 8258.61 2216.59
8218.26 2183.13 8268.84 2213.4
8228.5 2234.11 8279.36 2226.14
8238.14 2301.01 8289.01 2270.75
8248.67 2382.26 8298.95 2307.39
8258.32 2410.93 8308.89 2315.35
8268.25 2442.79 8319.7 2380.66
8278.49 2428.45 8328.76 2414.12
8289.3 2428.45 8338.41 2422.08
8298.66 2402.97 8348.93 2506.51
8308.01 2441.2 8360.03 2528.81
8317.36 2485.8 8369.39 2571.82
8329.05 2576.6 8378.45 2597.31
8338.41 2629.17 8389.55 2584.57
8349.22 2673.77 8399.78 2632.36
8358.86 2692.89 8410.3 2673.77
8368.22 2759.8 8419.94 2684.93
8377.86 2775.73 8429.59 2731.12
8388.09 2747.05 8440.4 2777.32
8398.61 2820.33 8449.75 2812.37
8408.26 2820.33 8459.69 2807.59
8419.07 2950.96 8470.5 2839.45
8428.71 3022.64 8479.56 2850.6
8438.65 3049.72 8490.08 2880.86
8448 3110.26 8499.14 2914.32
8458.23 3084.77 8509.94 2971.66
8468.75 3153.27 8520.17 3035.38
8478.39 3178.75 8529.81 3044.94
8488.03 3215.39 8539.46 3025.83
8499.14 3283.89 8549.97 3089.55
8508.19 3347.61 8559.03 3113.44
8517.54 3408.15 8570.13 3145.3
8528.94 3447.97 8579.77 3228.14
8538.58 3446.38 8590.87 3275.93
8548.22 3412.92 8599.35 3315.75
8558.45 3484.61 8610.74 3366.73
8568.67 3527.62 8620.96 3352.39
8578.6 3577 8629.14 3365.13
8588.25 3749.05 8640.54 3342.83
8599.35 3793.65 8650.76 3459.12
8607.82 3796.84 8659.82 3518.06
8618.92 3830.29 8670.62 3569.04
8628.85 3715.59 8680.26 3639.13
8638.2 3780.91 8690.19 3664.62
8647.55 3776.13 8701.29 3621.61
8657.48 3860.56 8710.06 3670.99
8669.45 3937.02 8719.99 3729.93
8679.09 4046.94 8730.21 3772.94
8688.44 4091.54 8740.43 3900.38
8698.08 4163.23 8750.36 3978.44
8708.01 4134.55 8760.29 3978.44
8717.94 4126.59 8770.51 4069.24
8728.75 4120.21 8779.57 4029.41
8738.39 4148.89 8790.66 4024.63
8748.32 4236.5 8800.3 4072.42
8759.41 4341.64 8811.4 4101.1
8769.34 4422.88 8819.87 4120.21
8778.4 4521.65 8830.38 4273.14
8788.33 4569.44 8841.18 4333.68
8798.26 4526.43 8850.82 4400.58
8807.89 4555.1 8861.33 4477.04
8819.28 4543.95 8871.55 4518.46
8829.5 4563.07 8882.06 4465.89
8838.26 4668.2 8890.53 4434.03
8848.78 4776.53 8901.92 4454.74
8858.41 4905.56 8911.26 4496.16
8868.05 4946.98 8921.19 4583.78
8877.98 4994.77 8931.12 4696.88
8888.78 4988.4 8941.92 4817.95
8898.42 4935.83 8951.26 4862.55
8908.64 4921.49 8960.9 4932.64
8918.85 4972.47 8971.41 4926.27
8929.07 5015.48 8982.21 4902.37
8938.71 5168.4 8991.55 4919.9
8947.76 5275.14 9002.06 4945.39
8958.27 5369.12 9011.69 4958.13
8968.49 5480.63 9021.33 5138.14
8979 5479.04 9031.55 5222.57
8988.93 5399.39 9041.76 5350.01
8999.43 5413.73 9050.81 5432.84
9008.48 5381.87 9061.03 5372.31
9018.41 5381.87 9072.12 5402.58
9028.63 5517.27 9081.47 5424.88
9039.14 5631.97 9091.98 5439.21
9047.9 5738.7 9102.19 5493.38
9057.53 5821.53 9112.11 5585.77
9068.62 5899.59 9122.04 5706.84
9079.71 5890.03 9131.09 5823.13
9088.18 5882.07 9141.89 5854.99
9097.23 5872.51 9151.52 5843.83
9108.03 5912.33 9162.32 5859.77
9119.12 5963.31 9171.37 5804.01
9128.46 6070.04 9182.17 5853.39
9138.97 6138.54 9191.21 5913.93
9148.6 6321.73 9202.6 5976.05
9159.11 6364.74 9212.23 6079.6
9167.87 6366.34 9222.44 6184.74
9178.08 6377.49 9232.66 6222.97
9189.17 6340.85 9243.75 6258.01
9198.22 6363.15 9252.5 6191.11
9208.73 6447.58 9262.43 6170.4
9218.94 6522.45 9272.35 6210.22
9229.16 6669.01 9283.14 6308.99
9239.37 6748.66 9292.49 6409.35
9248.13 6810.78 9302.7 6501.74
9259.22 6836.27 9313.5 6603.69
9267.97 6791.67 9322.25 6659.45
9278.48 6786.89 9332.47 6699.27
9288.98 6821.93 9341.22 6664.23
9299.2 6914.33 9352.31 6669.01
9308.83 7043.36 9362.23 6665.82
9319.33 7172.39 9372.44 6759.81
9327.51 7209.03 9382.95 6917.51
9338.3 7267.97 9391.99 7081.59
9348.81 7279.12 9403.08 7223.37
9359.31 7291.87 9413.29 7293.46
9368.65 7309.39 9422.34 7229.74
9378.57 7333.29 9433.43 7232.93
9388.49 7459.13 9443.06 7228.15
9399.29 7623.21 9453.27 7218.59
9408.92 7699.67 9463.77 7363.55
9418.55 7819.15 9472.53 7444.79
9428.18 7846.23 9483.9 7640.73
9438.1 7855.79 9492.95 7717.2
9448.89 7866.94 9502.87 7782.51
9458.52 7830.3 9513.08 7814.37
9469.32 7876.5 9522.71 7784.1
9478.94 8029.42 9533.21 7710.82
9489.45 8125 9542.55 7712.42
9498.78 8276.34 9552.76 7798.44
9507.83 8462.72 9563.26 7823.93
9518.04 8426.08 9573.77 8027.83
9529.13 8437.23 9583.98 8126.6
9538.76 8426.08 9594.19 8140.93
9548.38 8435.64 9603.23 8238.11
9559.18 8469.09 9614.03 8196.69
9568.22 8572.63 9624.53 8164.83
9578.43 8660.25 9633.57 8188.72
9588.06 8851.41 9644.07 8317.76
9598.56 8918.31 9654.28 8376.7
9608.19 8972.48 9663.62 8548.74
9618.69 8978.85 9674.41 8666.62
9628.9 8991.59 9683.75 8798.84
9639.41 9050.53 9693.96 8840.26
9648.45 9095.14 9704.75 8851.41
9658.66 9163.64 9714.96 8905.57
9669.16 9318.16 9724.01 8913.54
9678.5 9402.59 9734.8 8942.21
9687.54 9440.82 9743.26 9045.75
9698.63 9512.5 9754.34 9120.63
9708.55 9561.88 9764.84 9240.1
9719.05 9517.28 9773.6 9353.2
9728.96 9620.82 9784.68 9453.56
9738.88 9681.36 9794.6 9518.87
9749.09 9788.09 9804.81 9525.25
9758.14 9913.94 9814.43 9518.87
9769.22 9998.37 9824.64 9568.26
9779.14 10111.5 9833.98 9617.64
9789.35 10205.5 9843.89 9668.62
9798.97 10203.9 9855.27 9759.42
9808.6 10240.5 9865.19 9805.61
9819.39 10246.9 9875.4 9872.52
9828.73 10307.4 9885.6 9920.31
9837.19 10425.3 9894.94 9990.4
9848.56 10503.3 9904.56 10070
9858.19 10632.4 9915.35 10168.8
9868.4 10735.9 9924.98 10194.3
9878.6 10734.3 9936.65 10310.6
9888.23 10837.9 9945.69 10361.6
9898.73 10858.6 9957.06 10361.6
9908.65 10853.8 9966.69 10490.6
9917.69 10931.9 9976.9 10528.8
9929.36 11016.3 9987.4 10618
9938.98 11027.4 9995.86 10720
9948.61 11178.8 9998.77 10880.9
9957.94 11279.1 9987.98 10912.7
9969.61 11105.5 9978.94 11064.1
