5010.04 -211.139 5020.92 -196.802
5004.16 -217.511 5032.1 -193.616
5000.63 -201.581 5042.68 -236.627
5006.22 -180.872 5052.09 -262.115
5014.75 -179.279 5061.2 -270.08
5024.45 -203.174 5070.91 -250.964
5035.04 -199.988 5081.2 -284.417
5044.74 -219.104 5091.49 -255.743
5055.62 -281.231 5101.78 -233.441
5065.03 -242.999 5111.19 -255.743
5074.73 -203.174 5122.07 -246.185
5085.02 -212.732 5131.48 -214.325
5096.19 -184.058 5141.77 -247.778
5105.02 -185.651 5151.18 -278.045
5115.31 -187.244 5160.59 -250.964
5125.01 -207.953 5171.47 -223.883
5135.3 -214.325 5182.05 -241.406
5145.3 -219.104 5191.46 -192.023
5156.18 -222.29 5201.17 -214.325
5165.59 -201.581 5212.34 -227.069
5175.88 -190.43 5221.75 -244.592
5185.58 -206.36 5232.04 -271.673
5196.75 -201.581 5242.04 -252.557
5205.28 -231.848 5251.74 -236.627
5216.45 -250.964 5261.74 -260.522
5225.28 -255.743 5271.73 -228.662
5236.16 -222.29 5282.32 -220.697
5245.56 -235.034 5291.73 -249.371
5255.27 -209.546 5302.61 -239.813
5266.44 -139.454 5311.43 -286.01
5276.14 -233.441 5321.42 -242.999
5286.14 -196.802 5332.6 -297.16
5294.96 -233.441 5342.01 -249.371
5305.25 -222.29 5352.59 -257.336
5315.84 -270.08 5362.29 -255.743
5324.95 -252.557 5371.41 -236.627
5336.13 -209.546 5381.7 -185.651
5345.53 -215.918 5391.99 -249.371
5355.24 -166.535 5401.69 -209.546
5365.82 -195.209 5411.1 -265.301
5375.52 -193.616 5421.68 -278.045
5386.4 -239.813 5431.97 -254.15
5396.1 -242.999 5442.55 -284.417
5406.69 -231.848 5452.26 -235.034
5416.1 -242.999 5462.25 -257.336
5425.5 -247.778 5471.95 -235.034
5436.68 -214.325 5482.25 -244.592
5445.2 -223.883 5492.24 -236.627
5456.67 -217.511 5502.24 -268.487
5465.78 -172.907 5511.64 -266.894
5476.37 -258.929 5521.93 -303.532
5486.65 -231.848 5532.81 -255.743
5496.65 -236.627 5542.51 -263.708
5506.06 -209.546 5552.51 -279.638
5516.35 -225.476 5562.21 -236.627
5526.64 -219.104 5572.79 -166.535
5536.93 -190.43 5582.49 -257.336
5546.92 -203.174 5592.78 -215.918
5556.62 -185.651 5601.31 -254.15
5566.91 -228.662 5613.06 -287.603
5576.91 -222.29 5622.18 -230.255
5585.73 -219.104 5632.46 -241.406
5597.19 -225.476 5642.46 -252.557
5605.42 -215.918 5653.04 -223.883
5616.59 -198.395 5662.45 -254.15
5625.41 -171.314 5672.15 -231.848
5637.17 -171.314 5683.02 -244.592
5646.57 -222.29 5693.02 -227.069
5656.57 -206.36 5702.72 -266.894
5666.56 -238.22 5712.41 -274.859
5676.55 -211.139 5721.82 -254.15
5685.96 -236.627 5731.81 -301.939
5696.84 -196.802 5743.57 -268.487
5706.24 -171.314 5752.39 -276.452
5716.82 -196.802 5762.97 -254.15
5726.52 -204.767 5772.66 -305.125
5736.81 -192.023 5783.24 -242.999
5747.39 -238.22 5793.53 -222.29
5756.8 -233.441 5802.35 -254.15
5766.79 -266.894 5812.34 -265.301
5776.49 -222.29 5822.92 -244.592
5786.48 -177.686 5832.91 -241.406
5796.47 -188.837 5843.49 -244.592
5806.76 -207.953 5852.9 -284.417
5815.87 -217.511 5863.18 -233.441
5827.33 -193.616 5873.47 -230.255
5836.73 -219.104 5882.57 -254.15
5847.02 -270.08 5892.86 -242.999
5856.42 -192.023 5902.26 -230.255
5866.41 -214.325 5913.72 -250.964
5877.87 -177.686 5923.13 -204.767
5887.28 -212.732 5932.82 -250.964
5897.27 -184.058 5943.4 -203.174
5907.55 -227.069 5952.8 -293.974
5916.66 -190.43 5963.67 -1487.13
5926.65 -255.743 5973.07 -1461.64
5936.64 -250.964 5982.18 -1676.69
5946.93 -195.209 5993.05 -1638.46
5957.21 -203.174 6003.63 -1608.2
5967.49 -217.511 6012.74 -1628.9
5977.78 -188.837 6023.31 -1606.6
5986.59 -220.697 6033.3 -1609.79
5997.46 -225.476 6043.88 -1565.18
6007.15 -188.837 6053.87 -1536.51
6016.85 -220.697 6063.86 -1523.77
6027.43 -225.476 6072.38 -1542.88
6036.53 -215.918 6083.54 -1501.46
6047.4 -219.104 6093.53 -1475.98
6057.1 -217.511 6104.1 -1475.98
6067.97 -184.058 6114.09 -1474.38
6077.07 -198.395 6123.19 -1463.23
6087.36 -179.279 6133.77 -1458.45
6097.34 -212.732 6143.17 -1450.49
6106.74 -235.034 6152.57 -1388.36
6117.61 -223.883 6164.9 -1323.05
6127.6 -233.441 6173.13 -1308.71
6136.7 -171.314 6183.41 -1289.6
6148.16 -172.907 6193.69 -1311.9
6157.85 -169.721 6204.85 -1297.56
6167.25 -169.721 6214.24 -1315.08
6176.94 -198.395 6224.23 -1313.49
6186.93 -239.813 6234.22 -1254.55
6196.62 -239.813 6244.49 -1189.24
6207.78 -230.255 6253.6 -1163.75
6217.48 -166.535 6263.88 -1146.23
6228.05 -192.023 6273.86 -1128.7
6238.03 -187.244 6283.84 -1154.19
6247.14 -204.767 6294.41 -1138.26
6257.12 -236.627 6304.69 -1138.26
6267.11 -220.697 6313.5 -1154.19
6276.8 -207.953 6323.78 -1087.29
6288.25 -214.325 6334.06 -1060.2
6297.35 -222.29 6343.74 -1004.45
6307.04 -244.592 6354.02 -1021.97
6317.61 -219.104 6363.71 -980.555
6327.3 -212.732 6373.99 -974.183
6336.99 -163.349 6383.97 -978.962
6346.68 -182.465 6393.95 -1017.19
6356.96 -228.662 6404.23 -988.52
6367.82 -215.918 6413.91 -996.485
6378.1 -203.174 6424.19 -888.162
6387.78 -185.651 6435.05 -900.906
6397.47 -207.953 6444.44 -862.674
6407.45 -239.813 6454.42 -848.337
6417.44 -222.29 6464.4 -824.442
6427.12 -207.953 6474.09 -867.453
6437.1 -219.104 6484.37 -857.895
6448.26 -230.255 6494.05 -864.267
6457.36 -242.999 6504.32 -861.081
6467.63 -241.406 6514.89 -800.547
6477.03 -199.988 6525.16 -773.466
6487.01 -176.093 6535.14 -725.676
6498.16 -187.244 6544.53 -682.665
6506.97 -195.209 6554.51 -692.223
6518.12 -199.988 6564.78 -719.304
6527.81 -215.918 6575.64 -741.606
6537.2 -177.686 6585.03 -738.42
6548.06 -212.732 6594.42 -697.002
6557.74 -190.43 6605.28 -700.188
6567.13 -206.36 6613.79 -677.886
6578.28 -211.139 6624.94 -610.98
6587.38 -145.826 6635.51 -566.377
6597.95 -212.732 6644.9 -577.528
6607.04 -179.279 6655.17 -601.422
6618.19 -198.395 6664.56 -598.237
6627.58 -172.907 6674.82 -583.9
6637.86 -163.349 6684.8 -558.412
6647.54 -187.244 6695.66 -567.97
6658.69 -219.104 6705.04 -545.668
6667.49 -212.732 6715.31 -467.611
6677.47 -217.511 6725.29 -496.285
6688.03 -204.767 6735.85 -470.797
6697.71 -207.953 6744.65 -501.064
6707.39 -238.22 6754.92 -502.657
6717.95 -211.139 6765.48 -502.657
6727.05 -242.999 6776.33 -537.703
6737.9 -222.29 6784.54 -523.366
6748.17 -176.093 6795.4 -478.762
6758.44 -249.371 6804.2 -462.832
6767.53 -225.476 6815.93 -435.751
6778.09 -219.104 6825.02 -416.635
6788.06 -193.616 6835.58 -399.112
6797.74 -215.918 6844.97 -483.541
6807.72 -139.454 6855.82 -462.832
6818.28 -195.209 6864.32 -501.064
6827.95 -169.721 6876.05 -450.088
6838.81 -238.22 6885.15 -466.018
6848.19 -225.476 6895.41 -426.193
6857.58 -225.476 6905.38 -365.659
6867.55 -207.953 6915.35 -386.368
6878.4 -207.953 6924.73 -383.182
6887.49 -172.907 6935.29 -384.775
6897.46 -163.349 6944.97 -423.007
6907.73 -199.988 6955.52 -419.821
6917.11 -153.791 6965.2 -416.635
6928.55 -204.767 6975.76 -415.042
6937.64 -255.743 6985.72 -383.182
6947.9 -241.406 6995.99 -365.659
6957.58 -164.942 7005.66 -340.171
6966.96 -185.651 7016.51 -364.066
6977.51 -188.837 7025.89 -300.346
6986.9 -214.325 7035.27 -344.95
6998.04 -241.406 7045.53 -306.718
7008.59 -188.837 7055.79 -284.417
7017.68 -204.767 7065.46 -305.125
7027.65 -212.732 7075.43 -266.894
7037.91 -176.093 7085.4 -276.452
7048.17 -214.325 7095.95 -257.336
7056.96 -214.325 7105.92 -250.964
7068.1 -203.174 7115.88 -289.195
7078.07 -185.651 7126.14 -212.732
7088.33 -131.489 7136.1 -231.848
7097.71 -144.233 7145.48 -215.918
7107.67 -156.977 7156.03 -193.616
7117.93 -156.977 7166.29 -198.395
7128.19 -180.872 7175.38 -185.651
7137.57 -172.907 7186.81 -206.36
7147.54 -158.57 7197.06 -220.697
7157.79 -136.268 7206.73 -231.848
7168.93 -156.977 7216.11 -244.592
7178.01 -107.594 7225.78 -228.662
7187.39 -113.966 7236.33 -222.29
7197.94 -126.71 7247.17 -249.371
7208.2 -102.815 7255.96 -217.511
7218.16 -85.2922 7266.22 -160.163
7228.12 -39.0953 7275.59 -190.43
7237.5 -32.7233 7285.85 -190.43
7248.05 -27.9443 7296.98 -153.791
7257.43 -8.8284 7306.35 -107.594
7267.97 -16.7934 7316.02 -104.408
7277.94 -18.3864 7326.28 -96.4431
7288.19 -12.0144 7336.24 -35.9093
7297.56 29.4035 7346.78 -26.3513
7308.7 -4.04942 7356.45 -4.04942
7317.78 80.3793 7365.82 -21.5724
7328.33 99.4952 7376.66 -16.7934
7337.99 97.9023 7387.79 -4.04942
7348.54 72.4143 7395.99 43.7404
7357.03 86.7513 7406.54 113.832
7367.58 70.8213 7417.08 89.9373
7378.13 91.5303 7426.45 153.657
7388.08 190.296 7437.88 144.099
7398.34 204.633 7446.95 137.727
7408.3 230.121 7456.62 155.25
7417.96 265.167 7466.87 94.7163
7428.21 242.865 7478 182.331
7437.58 239.679 7487.08 183.924
7447.83 279.504 7496.74 271.539
7458.08 218.97 7507.57 295.434
7468.63 226.935 7517.24 292.248
7477.41 236.493 7526.9 324.108
7489.13 254.016 7537.15 324.108
7498.2 359.153 7547.4 314.55
7508.75 386.234 7557.35 300.213
7518.99 422.873 7567.01 352.781
7527.78 426.059 7577.26 373.49
7538.32 386.234 7587.22 435.617
7548.57 383.048 7597.76 472.256
7557.94 355.967 7606.83 542.348
7567.89 376.676 7616.79 534.383
7578.43 459.512 7627.62 540.755
7588.09 528.011 7637.28 548.72
7597.46 548.72 7647.23 559.871
7608.88 607.661 7656.6 535.976
7617.08 631.556 7667.72 625.184
7627.91 590.138 7676.8 655.45
7638.45 596.51 7687.63 749.437
7648.69 555.092 7697.28 790.855
7657.18 596.51 7707.82 837.052
7667.72 601.289 7717.48 843.424
7677.67 685.717 7727.14 794.041
7688.5 744.658 7737.09 731.914
7698.16 835.459 7748.21 743.065
7709.28 845.017 7757.28 787.669
7717.77 870.505 7767.52 865.726
7728.6 889.621 7778.06 956.526
7737.67 825.901 7787.13 1015.47
7748.8 824.308 7797.08 1020.25
7759.33 854.575 7807.32 1020.25
7768.4 929.446 7817.86 1015.47
7777.48 972.456 7828.39 999.537
7788.01 1074.41 7836.88 1001.13
7797.96 1112.64 7847.12 1020.25
7808.79 1093.52 7857.94 1107.86
7817.86 1139.72 7867.31 1126.98
7828.39 1061.66 7878.13 1230.52
7838.63 1083.97 7888.08 1192.29
7848.29 1068.04 7898.61 1267.16
7858.82 1098.3 7907.68 1244.86
7867.6 1147.69 7918.21 1321.32
7879.01 1263.97 7929.04 1256.01
7888.37 1300.61 7937.81 1319.73
7898.32 1354.78 7948.34 1299.02
7908.56 1299.02 7958 1420.09
7918.21 1279.9 7967.94 1388.23
7927.87 1220.96 7977.6 1486.99
7937.81 1200.25 7988.42 1439.2
7948.34 1292.65 7998.95 1483.81
7959.46 1373.89 8008.01 1471.06
7968.53 1445.58 8018.25 1477.44
7978.47 1509.3 8027.9 1523.63
7988.42 1609.65 8038.43 1576.2
7998.36 1588.95 8048.38 1636.74
8008.01 1507.7 8059.49 1674.97
8017.96 1502.92 8067.97 1759.4
8028.78 1496.55 8077.91 1725.94
8038.14 1565.05 8088.15 1705.23
8048.38 1668.6 8098.97 1746.65
8059.2 1778.51 8108.62 1741.87
8067.68 1853.38 8119.73 1725.94
8078.79 1920.29 8128.5 1834.27
8088.44 1891.61 8138.74 1834.27
8098.68 1839.05 8148.97 1929.85
8108.33 1885.24 8158.91 1955.33
8118.56 1847.01 8167.98 2011.09
8129.09 1910.73 8179.38 1993.57
8138.15 1991.97 8189.32 1985.6
8148.68 2077.99 8198.38 1964.89
8158.04 2160.83 8209.2 1976.04
8168.27 2200.66 8218.85 2070.03
8178.5 2184.73 8229.08 2128.97
8188.15 2187.91 8239.31 2189.5
8198.68 2151.27 8249.84 2211.81
8208.32 2140.12 8259.19 2216.59
8218.56 2183.13 8269.72 2213.4
8227.62 2234.11 8279.95 2226.14
8237.85 2301.01 8289.01 2270.75
8247.5 2382.26 8298.95 2307.39
8258.9 2410.93 8309.76 2315.35
8268.25 2442.79 8319.41 2380.66
8277.9 2428.45 8329.05 2414.12
8288.42 2428.45 8339.28 2422.08
8298.66 2402.97 8348.64 2506.51
8308.89 2441.2 8359.45 2528.81
8318.53 2485.8 8369.97 2571.82
8328.18 2576.6 8379.03 2597.31
8338.99 2629.17 8390.72 2584.57
8348.05 2673.77 8399.78 2632.36
8357.99 2692.89 8409.13 2673.77
8368.8 2759.8 8419.65 2684.93
8378.74 2775.73 8429.59 2731.12
8388.09 2747.05 8440.11 2777.32
8399.49 2820.33 8449.75 2812.37
8407.96 2820.33 8459.69 2807.59
8417.9 2950.96 8469.04 2839.45
8428.71 3022.64 8480.43 2850.6
8438.36 3049.72 8489.79 2880.86
8449.75 3110.26 8500.01 2914.32
8457.94 3084.77 8509.36 2971.66
8468.16 3153.27 8519.88 3035.38
8478.39 3178.75 8530.11 3044.94
8488.03 3215.39 8540.33 3025.83
8498.55 3283.89 8549.68 3089.55
8509.07 3347.61 8559.32 3113.44
8519 3408.15 8569.84 3145.3
8528.94 3447.97 8580.65 3228.14
8538.87 3446.38 8590.29 3275.93
8548.81 3412.92 8600.22 3315.75
8557.86 3484.61 8610.74 3366.73
8568.97 3527.62 8620.67 3352.39
8578.02 3577 8630.9 3365.13
8588.83 3749.05 8639.95 3342.83
8598.47 3793.65 8650.47 3459.12
8608.7 3796.84 8660.11 3518.06
8618.33 3830.29 8670.33 3569.04
8628.56 3715.59 8681.14 3639.13
8638.2 3780.91 8690.78 3664.62
8648.72 3776.13 8700.12 3621.61
8658.35 3860.56 8710.35 3670.99
8667.7 3937.02 8721.45 3729.93
8678.22 4046.94 8730.5 3772.94
8688.73 4091.54 8739.85 3900.38
8698.08 4163.23 8751.24 3978.44
8708.3 4134.55 8760.29 3978.44
8718.53 4126.59 8770.8 4069.24
8729.04 4120.21 8780.15 4029.41
8738.09 4148.89 8790.37 4024.63
8748.02 4236.5 8799.42 4072.42
8758.25 4341.64 8810.81 4101.1
8769.34 4422.88 8820.74 4120.21
8778.69 4521.65 8830.96 4273.14
8788.62 4569.44 8840.89 4333.68
8798.84 4526.43 8850.53 4400.58
8807.89 4555.1 8860.75 4477.04
8818.11 4543.95 8870.97 4518.46
8828.33 4563.07 8881.48 4465.89
8838.56 4668.2 8890.82 4434.03
8849.07 4776.53 8901.04 4454.74
8858.41 4905.56 8910.97 4496.16
8868.34 4946.98 8920.61 4583.78
8877.98 4994.77 8930.53 4696.88
8889.07 4988.4 8941.05 4817.95
8898.71 4935.83 8951.55 4862.55
8908.34 4921.49 8960.6 4932.64
8918.27 4972.47 8971.12 4926.27
8929.07 5015.48 8981.63 4902.37
8938.13 5168.4 8990.68 4919.9
8948.93 5275.14 9000.6 4945.39
8958.56 5369.12 9011.99 4958.13
8968.78 5480.63 9021.04 5138.14
8977.54 5479.04 9032.13 5222.57
8988.63 5399.39 9040.89 5350.01
8999.14 5413.73 9051.98 5432.84
9008.19 5381.87 9061.32 5372.31
9018.41 5381.87 9071.25 5402.58
9028.63 5517.27 9082.05 5424.88
9037.97 5631.97 9091.98 5439.21
9048.19 5738.7 9102.19 5493.38
9058.11 5821.53 9112.11 5585.77
9068.04 5899.59 9122.04 5706.84
9079.42 5890.03 9131.67 5823.13
9089.35 5882.07 9141.3 5854.99
9098.69 5872.51 9151.81 5843.83
9108.9 5912.33 9162.9 5859.77
9118.25 5963.31 9171.95 5804.01
9127.88 6070.04 9182.46 5853.39
9138.68 6138.54 9192.09 5913.93
9149.19 6321.73 9202.01 5976.05
9159.11 6364.74 9211.94 6079.6
9169.03 6366.34 9222.73 6184.74
9178.66 6377.49 9231.78 6222.97
9188.3 6340.85 9242.29 6258.01
9197.64 6363.15 9252.5 6191.11
9208.14 6447.58 9262.43 6170.4
9218.94 6522.45 9271.76 6210.22
9227.4 6669.01 9281.98 6308.99
9238.5 6748.66 9292.49 6409.35
9248.71 6810.78 9302.7 6501.74
9259.22 6836.27 9312.62 6603.69
9268.55 6791.67 9321.96 6659.45
9278.48 6786.89 9332.17 6699.27
9288.4 6821.93 9342.39 6664.23
9299.2 6914.33 9352.01 6669.01
9308.53 7043.36 9362.81 6665.82
9318.46 7172.39 9373.03 6759.81
9328.96 7209.03 9383.53 6917.51
9339.76 7267.97 9392.58 7081.59
9349.39 7279.12 9402.21 7223.37
9360.19 7291.87 9412.42 7293.46
9369.52 7309.39 9422.92 7229.74
9378.28 7333.29 9433.14 7232.93
9388.2 7459.13 9443.35 7228.15
9398.7 7623.21 9452.69 7218.59
9408.33 7699.67 9463.48 7363.55
9418.84 7819.15 9473.11 7444.79
9428.47 7846.23 9483.61 7640.73
9438.68 7855.79 9493.24 7717.2
9447.72 7866.94 9503.75 7782.51
9458.23 7830.3 9513.08 7814.37
9468.44 7876.5 9523.88 7784.1
9477.78 8029.42 9533.8 7710.82
9488.86 8125 9543.13 7712.42
9498.78 8276.34 9553.64 7798.44
9508.71 8462.72 9564.43 7823.93
9518.63 8426.08 9573.18 8027.83
9528.25 8437.23 9583.68 8126.6
9538.76 8426.08 9593.6 8140.93
9548.97 8435.64 9603.52 8238.11
9558.59 8469.09 9614.03 8196.69
9568.81 8572.63 9623.65 8164.83
9578.14 8660.25 9633.86 8188.72
9590.1 8851.41 9644.37 8317.76
9598.27 8918.31 9653.99 8376.7
9608.77 8972.48 9663.91 8548.74
9618.69 8978.85 9673.54 8666.62
9628.03 8991.59 9684.04 8798.84
9639.99 9050.53 9694.25 8840.26
9648.45 9095.14 9704.17 8851.41
9658.37 9163.64 9714.96 8905.57
9668.87 9318.16 9724.01 8913.54
9678.2 9402.59 9734.51 8942.21
9689.29 9440.82 9744.42 9045.75
9698.04 9512.5 9753.76 9120.63
9707.96 9561.88 9764.84 9240.1
9718.46 9517.28 9774.76 9353.2
9728.67 9620.82 9784.39 9453.56
9738.3 9681.36 9795.18 9518.87
9749.38 9788.09 9804.81 9525.25
9758.14 9913.94 9814.72 9518.87
9768.34 9998.37 9824.93 9568.26
9778.55 10111.5 9835.14 9617.64
9788.76 10205.5 9845.64 9668.62
9797.51 10203.9 9854.98 9759.42
9808.6 10240.5 9865.48 9805.61
9818.23 10246.9 9874.23 9872.52
9828.73 10307.4 9886.19 9920.31
9838.94 10425.3 9895.81 9990.4
9849.14 10503.3 9906.02 10070
9857.89 10632.4 9915.06 10168.8
9868.4 10735.9 9924.69 10194.3
9878.31 10734.3 9935.19 10310.6
9888.52 10837.9 9946.27 10361.6
9898.15 10858.6 9955.31 10361.6
9908.35 10853.8 9966.98 10490.6
9918.27 10931.9 9976.9 10528.8
9929.06 11016.3 9986.52 10618
9938.4 11027.4 9996.15 10720
9948.61 11178.8 9997.9 10880.9
9958.52 11279.1 9988.56 10912.7
9968.73 11105.5 9978.07 11064.1
