5010.04 -211.139 5020.04 -196.802
5004.46 -217.511 5031.51 -193.616
5002.1 -201.581 5041.21 -236.627
5005.93 -180.872 5051.5 -262.115
5015.63 -179.279 5062.09 -270.08
5025.33 -203.174 5071.2 -250.964
5035.04 -199.988 5080.61 -284.417
5044.44 -219.104 5091.78 -255.743
5055.32 -281.231 5100.9 -233.441
5064.73 -242.999 5110.9 -255.743
5075.61 -203.174 5120.89 -246.185
5084.14 -212.732 5131.77 -214.325
5094.73 -184.058 5141.18 -247.778
5105.31 -185.651 5151.77 -278.045
5115.31 -187.244 5160.88 -250.964
5125.31 -207.953 5171.47 -223.883
5135.01 -214.325 5181.47 -241.406
5146.77 -219.104 5191.46 -192.023
5155 -222.29 5201.46 -214.325
5164.71 -201.581 5211.75 -227.069
5175.88 -190.43 5221.75 -244.592
5185.88 -206.36 5232.04 -271.673
5195.58 -201.581 5241.45 -252.557
5205.87 -231.848 5251.74 -236.627
5215.57 -250.964 5261.74 -260.522
5225.86 -255.743 5271.14 -228.662
5235.86 -222.29 5282.61 -220.697
5245.86 -235.034 5292.61 -249.371
5255.86 -209.546 5301.72 -239.813
5265.85 -139.454 5311.72 -286.01
5275.85 -233.441 5320.84 -242.999
5286.14 -196.802 5332.01 -297.16
5296.14 -233.441 5341.71 -249.371
5307.02 -222.29 5352 -257.336
5315.25 -270.08 5361.7 -255.743
5325.54 -252.557 5371.99 -236.627
5336.42 -209.546 5382.29 -185.651
5344.94 -215.918 5392.28 -249.371
5356.12 -166.535 5402.57 -209.546
5364.94 -195.209 5412.27 -265.301
5376.11 -193.616 5421.09 -278.045
5386.11 -239.813 5432.56 -254.15
5396.69 -242.999 5442.55 -284.417
5406.39 -231.848 5451.96 -235.034
5415.8 -242.999 5461.67 -257.336
5426.97 -247.778 5472.54 -235.034
5436.38 -214.325 5481.95 -244.592
5445.5 -223.883 5491.95 -236.627
5456.37 -217.511 5502.24 -268.487
5466.08 -172.907 5511.35 -266.894
5476.66 -258.929 5522.52 -303.532
5486.65 -231.848 5532.52 -255.743
5496.36 -236.627 5542.22 -263.708
5507.53 -209.546 5551.92 -279.638
5516.35 -225.476 5562.5 -236.627
5526.93 -219.104 5572.2 -166.535
5536.34 -190.43 5581.31 -257.336
5546.04 -203.174 5592.78 -215.918
5556.62 -185.651 5602.19 -254.15
5567.5 -228.662 5612.77 -287.603
5576.32 -222.29 5622.47 -230.255
5586.61 -219.104 5632.46 -241.406
5596.31 -225.476 5641.87 -252.557
5605.71 -215.918 5652.75 -223.883
5616.88 -198.395 5662.74 -254.15
5626.88 -171.314 5671.85 -231.848
5636.28 -171.314 5682.73 -244.592
5646.87 -222.29 5693.02 -227.069
5656.27 -206.36 5702.42 -266.894
5667.44 -238.22 5713.3 -274.859
5676.85 -211.139 5722.99 -254.15
5687.14 -236.627 5732.11 -301.939
5696.25 -196.802 5742.98 -268.487
5706.83 -171.314 5752.97 -276.452
5716.82 -196.802 5762.97 -254.15
5726.82 -204.767 5772.37 -305.125
5736.22 -192.023 5782.66 -242.999
5747.68 -238.22 5793.24 -222.29
5756.8 -233.441 5802.64 -254.15
5766.49 -266.894 5813.22 -265.301
5777.66 -222.29 5822.33 -244.592
5786.18 -177.686 5833.5 -241.406
5797.06 -188.837 5842.61 -244.592
5807.34 -207.953 5852.01 -284.417
5817.04 -217.511 5863.18 -233.441
5827.33 -193.616 5872 -230.255
5837.03 -219.104 5882.57 -254.15
5847.02 -270.08 5892.57 -242.999
5856.13 -192.023 5902.85 -230.255
5867 -214.325 5912.55 -250.964
5876.99 -177.686 5923.13 -204.767
5886.98 -212.732 5932.53 -250.964
5896.97 -184.058 5943.69 -203.174
5907.26 -227.069 5953.1 -293.974
5916.66 -190.43 5962.79 -1487.13
5926.36 -255.743 5973.96 -1461.64
5936.35 -250.964 5983.06 -1676.69
5947.81 -195.209 5993.64 -1638.46
5956.91 -203.174 6003.92 -1608.2
5967.2 -217.511 6013.62 -1628.9
5976.89 -188.837 6023.31 -1606.6
5987.18 -220.697 6033.6 -1609.79
5996.87 -225.476 6043 -1565.18
6006.57 -188.837 6053.57 -1536.51
6015.97 -220.697 6062.97 -1523.77
6026.84 -225.476 6073.84 -1542.88
6037.42 -215.918 6083.54 -1501.46
6046.82 -219.104 6094.41 -1475.98
6057.98 -217.511 6103.22 -1475.98
6067.09 -184.058 6113.5 -1474.38
6077.07 -198.395 6122.9 -1463.23
6086.77 -179.279 6133.47 -1458.45
6096.17 -212.732 6142.29 -1450.49
6107.04 -235.034 6153.45 -1388.36
6117.02 -223.883 6164.9 -1323.05
6127.01 -233.441 6173.42 -1308.71
6137.29 -171.314 6184.29 -1289.6
6146.98 -172.907 6193.98 -1311.9
6157.27 -169.721 6203.97 -1297.56
6167.25 -169.721 6213.66 -1315.08
6176.94 -198.395 6224.52 -1313.49
6187.81 -239.813 6233.92 -1254.55
6196.62 -239.813 6243.91 -1189.24
6207.49 -230.255 6254.18 -1163.75
6217.18 -166.535 6264.76 -1146.23
6226.58 -192.023 6273.57 -1128.7
6237.44 -187.244 6284.14 -1154.19
6248.31 -204.767 6292.95 -1138.26
6257.12 -236.627 6303.22 -1138.26
6267.69 -220.697 6314.09 -1154.19
6276.8 -207.953 6324.07 -1087.29
6287.37 -214.325 6334.64 -1060.2
6297.35 -222.29 6344.33 -1004.45
6307.04 -244.592 6353.43 -1021.97
6317.03 -219.104 6364.59 -980.555
6327.01 -212.732 6374.28 -974.183
6337.28 -163.349 6383.97 -978.962
6347.27 -182.465 6394.24 -1017.19
6357.54 -228.662 6403.93 -988.52
6367.82 -215.918 6414.5 -996.485
6377.21 -203.174 6424.48 -888.162
6386.9 -185.651 6434.46 -900.906
6397.18 -207.953 6445.03 -862.674
6406.87 -239.813 6453.84 -848.337
6417.44 -222.29 6464.99 -824.442
6427.12 -207.953 6474.68 -867.453
6437.99 -219.104 6484.66 -857.895
6447.67 -230.255 6494.05 -864.267
6457.65 -242.999 6504.03 -861.081
6467.63 -241.406 6514.6 -800.547
6477.32 -199.988 6523.7 -773.466
6486.71 -176.093 6534.85 -725.676
6497.57 -187.244 6544.53 -682.665
6507.26 -195.209 6554.51 -692.223
6516.65 -199.988 6564.49 -719.304
6527.81 -215.918 6574.76 -741.606
6537.78 -177.686 6584.74 -738.42
6548.06 -212.732 6595.01 -697.002
6557.45 -190.43 6605.58 -700.188
6567.72 -206.36 6614.97 -677.886
6577.99 -211.139 6624.65 -610.98
6586.8 -145.826 6634.63 -566.377
6597.95 -212.732 6644.9 -577.528
6608.51 -179.279 6654.58 -601.422
6617.9 -198.395 6665.73 -598.237
6626.7 -172.907 6675.7 -583.9
6637.86 -163.349 6684.51 -558.412
6647.24 -187.244 6694.78 -567.97
6657.81 -219.104 6704.75 -545.668
6667.49 -212.732 6714.43 -467.611
6677.76 -217.511 6724.7 -496.285
6687.15 -204.767 6735.26 -470.797
6698.3 -207.953 6744.65 -501.064
6707.39 -238.22 6754.33 -502.657
6717.66 -211.139 6764.6 -502.657
6727.34 -242.999 6775.45 -537.703
6737.61 -222.29 6784.84 -523.366
6746.7 -176.093 6795.1 -478.762
6758.44 -249.371 6805.08 -462.832
6767.82 -225.476 6815.05 -435.751
6777.8 -219.104 6825.32 -416.635
6787.77 -193.616 6835.58 -399.112
6797.74 -215.918 6844.97 -483.541
6807.42 -139.454 6856.11 -462.832
6817.98 -195.209 6864.91 -501.064
6828.25 -169.721 6875.47 -450.088
6838.51 -238.22 6884.85 -466.018
6847.61 -225.476 6895.7 -426.193
6857.58 -225.476 6904.79 -365.659
6867.55 -207.953 6916.52 -386.368
6877.81 -207.953 6925.61 -383.182
6886.91 -172.907 6935.58 -384.775
6898.05 -163.349 6944.67 -423.007
6907.73 -199.988 6956.4 -419.821
6918.28 -153.791 6965.79 -416.635
6927.67 -204.767 6975.46 -415.042
6937.93 -255.743 6986.31 -383.182
6947.61 -241.406 6995.69 -365.659
6958.75 -164.942 7005.07 -340.171
6967.25 -185.651 7016.21 -364.066
6977.51 -188.837 7025.6 -300.346
6987.48 -214.325 7036.15 -344.95
6997.45 -241.406 7046.12 -306.718
7008.59 -188.837 7055.2 -284.417
7017.68 -204.767 7065.76 -305.125
7028.82 -212.732 7075.72 -266.894
7038.2 -176.093 7085.98 -276.452
7046.7 -214.325 7095.95 -257.336
7058.43 -214.325 7105.62 -250.964
7067.52 -203.174 7115.88 -289.195
7078.66 -185.651 7126.14 -212.732
7087.45 -131.489 7136.4 -231.848
7097.71 -144.233 7146.07 -215.918
7107.67 -156.977 7156.03 -193.616
7117.93 -156.977 7166.29 -198.395
7127.02 -180.872 7176.55 -185.651
7137.86 -172.907 7185.63 -206.36
7147.83 -158.57 7196.77 -220.697
7157.79 -136.268 7206.15 -231.848
7168.34 -156.977 7216.4 -244.592
7178.01 -107.594 7226.95 -228.662
7187.98 -113.966 7236.62 -222.29
7198.24 -126.71 7245.7 -249.371
7207.32 -102.815 7255.67 -217.511
7217.57 -85.2922 7265.92 -160.163
7229 -39.0953 7276.47 -190.43
7236.91 -32.7233 7286.43 -190.43
7248.34 -27.9443 7295.52 -153.791
7258.31 -8.8284 7306.94 -107.594
7268.56 -16.7934 7316.9 -104.408
7277.35 -18.3864 7326.28 -96.4431
7287.6 -12.0144 7335.36 -35.9093
7297.27 29.4035 7346.78 -26.3513
7308.7 -4.04942 7356.45 -4.04942
7318.07 80.3793 7367.58 -21.5724
7328.03 99.4952 7376.66 -16.7934
7337.11 97.9023 7386.62 -4.04942
7348.54 72.4143 7396.87 43.7404
7358.5 86.7513 7407.12 113.832
7367.29 70.8213 7416.2 89.9373
7378.13 91.5303 7426.75 153.657
7388.08 190.296 7436.41 144.099
7398.04 204.633 7447.25 137.727
7408 230.121 7457.21 155.25
7418.55 265.167 7467.16 94.7163
7427.63 242.865 7477.41 182.331
7438.46 239.679 7486.49 183.924
7449 279.504 7497.33 271.539
7457.79 218.97 7506.4 295.434
7468.63 226.935 7517.24 292.248
7478.29 236.493 7526.61 324.108
7489.13 254.016 7537.44 324.108
7497.91 359.153 7547.4 314.55
7508.16 386.234 7557.06 300.213
7518.12 422.873 7566.43 352.781
7528.95 426.059 7577.85 373.49
7538.03 386.234 7587.51 435.617
7548.28 383.048 7596.88 472.256
7557.65 355.967 7607.42 542.348
7569.06 376.676 7617.37 534.383
7578.14 459.512 7628.2 540.755
7588.68 528.011 7636.11 548.72
7597.76 548.72 7647.81 559.871
7608 607.661 7657.18 535.976
7618.25 631.556 7667.43 625.184
7628.2 590.138 7677.38 655.45
7638.45 596.51 7687.33 749.437
7647.81 555.092 7697.87 790.855
7657.48 596.51 7707.23 837.052
7668.6 601.289 7717.19 843.424
7679.43 685.717 7727.43 794.041
7687.92 744.658 7737.97 731.914
7697.58 835.459 7747.33 743.065
7708.99 845.017 7757.28 787.669
7717.77 870.505 7768.11 865.726
7728.89 889.621 7777.18 956.526
7738.26 825.901 7787.72 1015.47
7748.21 824.308 7797.67 1020.25
7757.87 854.575 7808.49 1020.25
7768.4 929.446 7817.57 1015.47
7778.94 972.456 7827.81 999.537
7788.89 1074.41 7837.75 1001.13
7797.67 1112.64 7848.29 1020.25
7807.91 1093.52 7857.65 1107.86
7818.74 1139.72 7867.6 1126.98
7827.81 1061.66 7879.01 1230.52
7838.63 1083.97 7888.37 1192.29
7847.99 1068.04 7898.9 1267.16
7857.94 1098.3 7907.68 1244.86
7868.18 1147.69 7918.21 1321.32
7879.3 1263.97 7927.87 1256.01
7888.37 1300.61 7938.4 1319.73
7898.03 1354.78 7948.34 1299.02
7908.27 1299.02 7958.29 1420.09
7918.5 1279.9 7968.23 1388.23
7928.16 1220.96 7978.77 1486.99
7938.69 1200.25 7986.95 1439.2
7947.76 1292.65 7998.95 1483.81
7958.58 1373.89 8008.01 1471.06
7968.53 1445.58 8018.25 1477.44
7978.47 1509.3 8028.78 1523.63
7988.71 1609.65 8038.72 1576.2
7998.07 1588.95 8048.38 1636.74
8007.72 1507.7 8058.9 1674.97
8018.54 1502.92 8067.97 1759.4
8027.61 1496.55 8078.5 1725.94
8038.43 1565.05 8088.15 1705.23
8048.08 1668.6 8098.38 1746.65
8058.61 1778.51 8108.33 1741.87
8067.97 1853.38 8118.85 1725.94
8078.21 1920.29 8128.21 1834.27
8088.73 1891.61 8138.45 1834.27
8098.68 1839.05 8148.39 1929.85
8108.33 1885.24 8158.91 1955.33
8119.14 1847.01 8168.56 2011.09
8128.8 1910.73 8179.09 1993.57
8138.15 1991.97 8188.74 1985.6
8148.97 2077.99 8199.26 1964.89
8158.04 2160.83 8209.2 1976.04
8168.27 2200.66 8219.14 2070.03
8179.09 2184.73 8228.79 2128.97
8188.15 2187.91 8238.73 2189.5
8199.55 2151.27 8248.38 2211.81
8208.03 2140.12 8259.19 2216.59
8218.56 2183.13 8268.84 2213.4
8227.62 2234.11 8278.49 2226.14
8238.44 2301.01 8289.01 2270.75
8247.5 2382.26 8299.53 2307.39
8257.44 2410.93 8309.18 2315.35
8267.67 2442.79 8319.7 2380.66
8278.19 2428.45 8329.64 2414.12
8289.3 2428.45 8338.99 2422.08
8298.95 2402.97 8350.1 2506.51
8308.01 2441.2 8359.16 2528.81
8317.95 2485.8 8369.39 2571.82
8327.88 2576.6 8380.2 2597.31
8338.11 2629.17 8388.97 2584.57
8348.34 2673.77 8399.49 2632.36
8358.86 2692.89 8409.43 2673.77
8367.93 2759.8 8419.36 2684.93
8378.45 2775.73 8429.88 2731.12
8388.09 2747.05 8440.4 2777.32
8398.61 2820.33 8450.05 2812.37
8408.55 2820.33 8460.27 2807.59
8418.19 2950.96 8469.33 2839.45
8428.71 3022.64 8480.14 2850.6
8438.36 3049.72 8490.08 2880.86
8448.88 3110.26 8498.84 2914.32
8457.94 3084.77 8510.53 2971.66
8469.04 3153.27 8520.17 3035.38
8478.68 3178.75 8529.81 3044.94
8488.91 3215.39 8540.33 3025.83
8498.26 3283.89 8549.68 3089.55
8508.19 3347.61 8559.62 3113.44
8518.71 3408.15 8570.42 3145.3
8528.06 3447.97 8580.36 3228.14
8538.29 3446.38 8590.29 3275.93
8548.22 3412.92 8600.22 3315.75
8558.15 3484.61 8610.74 3366.73
8568.09 3527.62 8619.8 3352.39
8578.31 3577 8630.31 3365.13
8588.54 3749.05 8640.83 3342.83
8598.47 3793.65 8650.47 3459.12
8608.7 3796.84 8660.4 3518.06
8619.21 3830.29 8670.33 3569.04
8629.14 3715.59 8680.26 3639.13
8638.49 3780.91 8690.49 3664.62
8647.84 3776.13 8700.42 3621.61
8657.77 3860.56 8710.64 3670.99
8669.16 3937.02 8720.28 3729.93
8677.93 4046.94 8730.21 3772.94
8689.03 4091.54 8740.14 3900.38
8698.66 4163.23 8750.65 3978.44
8708.6 4134.55 8760.29 3978.44
8717.94 4126.59 8770.51 4069.24
8728.16 4120.21 8781.03 4029.41
8738.68 4148.89 8790.37 4024.63
8748.9 4236.5 8800.3 4072.42
8758.25 4341.64 8811.1 4101.1
8769.64 4422.88 8820.74 4120.21
8778.1 4521.65 8830.38 4273.14
8788.03 4569.44 8840.31 4333.68
8798.55 4526.43 8851.99 4400.58
8808.48 4555.1 8860.45 4477.04
8818.7 4543.95 8871.26 4518.46
8829.21 4563.07 8881.19 4465.89
8838.85 4668.2 8891.7 4434.03
8848.78 4776.53 8901.33 4454.74
8859 4905.56 8911.26 4496.16
8867.46 4946.98 8921.77 4583.78
8879.44 4994.77 8930.53 4696.88
8888.2 4988.4 8941.05 4817.95
8898.71 4935.83 8950.97 4862.55
8908.64 4921.49 8961.48 4932.64
8918.56 4972.47 8970.82 4926.27
8928.78 5015.48 8981.63 4902.37
8938.13 5168.4 8990.68 4919.9
8948.34 5275.14 9001.19 4945.39
8957.98 5369.12 9012.28 4958.13
8968.49 5480.63 9022.2 5138.14
8978.71 5479.04 9030.96 5222.57
8989.22 5399.39 9042.06 5350.01
8998.85 5413.73 9051.98 5432.84
9008.78 5381.87 9062.2 5372.31
9018.7 5381.87 9071.54 5402.58
9028.92 5517.27 9082.34 5424.88
9038.84 5631.97 9091.98 5439.21
9047.9 5738.7 9101.31 5493.38
9058.7 5821.53 9110.95 5585.77
9069.5 5899.59 9121.46 5706.84
9078.55 5890.03 9131.67 5823.13
9088.76 5882.07 9142.47 5854.99
9099.27 5872.51 9151.52 5843.83
9108.03 5912.33 9161.74 5859.77
9118.83 5963.31 9172.24 5804.01
9128.17 6070.04 9181.87 5853.39
9138.68 6138.54 9191.8 5913.93
9148.89 6321.73 9202.3 5976.05
9159.11 6364.74 9211.94 6079.6
9168.16 6366.34 9222.44 6184.74
9178.95 6377.49 9232.37 6222.97
9189.17 6340.85 9242 6258.01
9198.51 6363.15 9251.92 6191.11
9208.73 6447.58 9262.72 6170.4
9220.11 6522.45 9271.76 6210.22
9229.45 6669.01 9282.56 6308.99
9237.91 6748.66 9292.19 6409.35
9248.42 6810.78 9302.41 6501.74
9258.63 6836.27 9312.91 6603.69
9268.26 6791.67 9322.83 6659.45
9279.06 6786.89 9331.88 6699.27
9288.11 6821.93 9342.09 6664.23
9299.2 6914.33 9350.56 6669.01
9308.24 7043.36 9362.81 6665.82
9318.46 7172.39 9373.32 6759.81
9328.67 7209.03 9383.24 6917.51
9338.89 7267.97 9393.16 7081.59
9349.39 7279.12 9402.79 7223.37
9358.73 7291.87 9414.17 7293.46
9368.07 7309.39 9422.92 7229.74
9378.28 7333.29 9432.26 7232.93
9388.2 7459.13 9442.76 7228.15
9398.12 7623.21 9453.56 7218.59
9408.33 7699.67 9462.9 7363.55
9418.84 7819.15 9473.11 7444.79
9427.89 7846.23 9483.03 7640.73
9438.97 7855.79 9493.24 7717.2
9448.31 7866.94 9502.87 7782.51
9458.52 7830.3 9513.37 7814.37
9468.15 7876.5 9522.71 7784.1
9479.24 8029.42 9534.38 7710.82
9489.16 8125 9543.13 7712.42
9499.37 8276.34 9553.34 7798.44
9508.41 8462.72 9563.26 7823.93
9518.04 8426.08 9573.77 8027.83
9528.54 8437.23 9582.81 8126.6
9539.05 8426.08 9593.31 8140.93
9549.26 8435.64 9604.11 8238.11
9558.59 8469.09 9614.03 8196.69
9568.22 8572.63 9623.36 8164.83
9579.31 8660.25 9633.86 8188.72
9588.64 8851.41 9643.78 8317.76
9598.27 8918.31 9653.7 8376.7
9609.07 8972.48 9663.62 8548.74
9617.53 8978.85 9673.54 8666.62
9628.61 8991.59 9683.46 8798.84
9638.53 9050.53 9694.25 8840.26
9649.03 9095.14 9704.17 8851.41
9658.66 9163.64 9714.38 8905.57
9668.29 9318.16 9724.3 8913.54
9678.79 9402.59 9734.22 8942.21
9689.29 9440.82 9743.84 9045.75
9698.92 9512.5 9754.05 9120.63
9709.13 9561.88 9764.26 9240.1
9718.46 9517.28 9774.76 9353.2
9728.38 9620.82 9784.39 9453.56
9738.01 9681.36 9794.31 9518.87
9747.63 9788.09 9804.51 9525.25
9758.43 9913.94 9814.72 9518.87
9769.22 9998.37 9824.64 9568.26
9778.55 10111.5 9834.85 9617.64
9789.06 10205.5 9845.06 9668.62
9798.39 10203.9 9854.68 9759.42
9808.89 10240.5 9865.48 9805.61
9817.93 10246.9 9875.4 9872.52
9828.73 10307.4 9885.31 9920.31
9838.64 10425.3 9895.23 9990.4
9849.14 10503.3 9906.02 10070
9858.19 10632.4 9914.19 10168.8
9869.27 10735.9 9925.86 10194.3
9879.19 10734.3 9936.36 10310.6
9889.11 10837.9 9946.56 10361.6
9898.44 10858.6 9956.48 10361.6
9908.35 10853.8 9967.86 10490.6
9917.98 10931.9 9976.9 10528.8
9928.19 11016.3 9987.11 10618
9938.69 11027.4 9995.86 10720
9948.61 11178.8 9999.07 10880.9
9959.11 11279.1 9988.86 10912.7
9968.73 11105.5 9978.36 11064.1
