5009.75 -211.139 5020.92 -196.802
5003.57 -217.511 5032.39 -193.616
5002.1 -201.581 5041.5 -236.627
5005.93 -180.872 5051.8 -262.115
5014.45 -179.279 5061.79 -270.08
5024.45 -203.174 5071.5 -250.964
5035.33 -199.988 5081.49 -284.417
5044.74 -219.104 5091.2 -255.743
5055.03 -281.231 5101.19 -233.441
5064.44 -242.999 5110.9 -255.743
5075.32 -203.174 5122.07 -246.185
5085.9 -212.732 5131.19 -214.325
5095.9 -184.058 5141.48 -247.778
5105.02 -185.651 5151.77 -278.045
5116.19 -187.244 5161.47 -250.964
5125.01 -207.953 5171.47 -223.883
5135.01 -214.325 5181.17 -241.406
5146.47 -219.104 5190.88 -192.023
5155.59 -222.29 5202.05 -214.325
5165.29 -201.581 5211.46 -227.069
5176.47 -190.43 5221.16 -244.592
5186.46 -206.36 5231.74 -271.673
5196.46 -201.581 5241.45 -252.557
5205.28 -231.848 5252.03 -236.627
5215.57 -250.964 5261.15 -260.522
5225.57 -255.743 5271.44 -228.662
5236.74 -222.29 5282.61 -220.697
5245.56 -235.034 5291.43 -249.371
5256.74 -209.546 5301.14 -239.813
5265.85 -139.454 5312.01 -286.01
5274.97 -233.441 5321.13 -242.999
5286.14 -196.802 5331.42 -297.16
5295.26 -233.441 5342.59 -249.371
5306.14 -222.29 5351.71 -257.336
5315.84 -270.08 5362 -255.743
5327.3 -252.557 5371.99 -236.627
5335.24 -209.546 5382.58 -185.651
5345.83 -215.918 5391.99 -249.371
5356.12 -166.535 5401.69 -209.546
5366.11 -195.209 5412.27 -265.301
5375.82 -193.616 5421.09 -278.045
5385.52 -239.813 5431.68 -254.15
5395.81 -242.999 5441.97 -284.417
5406.39 -231.848 5452.26 -235.034
5415.8 -242.999 5462.55 -257.336
5426.09 -247.778 5472.54 -235.034
5435.21 -214.325 5481.95 -244.592
5446.97 -223.883 5492.53 -236.627
5456.08 -217.511 5501.65 -268.487
5466.96 -172.907 5511.35 -266.894
5476.07 -258.929 5521.64 -303.532
5486.36 -231.848 5532.52 -255.743
5496.65 -236.627 5542.22 -263.708
5506.06 -209.546 5551.63 -279.638
5516.94 -225.476 5561.33 -236.627
5526.64 -219.104 5572.5 -166.535
5536.04 -190.43 5581.31 -257.336
5546.33 -203.174 5593.07 -215.918
5555.74 -185.651 5602.78 -254.15
5566.62 -228.662 5612.18 -287.603
5576.61 -222.29 5621.88 -230.255
5586.9 -219.104 5633.35 -241.406
5595.72 -225.476 5641.87 -252.557
5606.3 -215.918 5653.04 -223.883
5615.71 -198.395 5663.62 -254.15
5626.29 -171.314 5671.56 -231.848
5636.28 -171.314 5682.43 -244.592
5646.87 -222.29 5692.72 -227.069
5656.86 -206.36 5701.83 -266.894
5667.44 -238.22 5712.71 -274.859
5676.55 -211.139 5723.29 -254.15
5686.84 -236.627 5732.11 -301.939
5695.95 -196.802 5742.39 -268.487
5707.71 -171.314 5753.27 -276.452
5716.53 -196.802 5762.97 -254.15
5726.52 -204.767 5772.96 -305.125
5736.22 -192.023 5782.95 -242.999
5747.98 -238.22 5792.94 -222.29
5756.21 -233.441 5802.94 -254.15
5767.08 -266.894 5813.22 -265.301
5777.07 -222.29 5822.92 -244.592
5786.48 -177.686 5832.91 -241.406
5796.18 -188.837 5842.9 -244.592
5806.76 -207.953 5853.19 -284.417
5817.34 -217.511 5862.89 -233.441
5826.45 -193.616 5872.29 -230.255
5836.44 -219.104 5883.16 -254.15
5847.31 -270.08 5893.45 -242.999
5855.83 -192.023 5902.85 -230.255
5867 -214.325 5913.13 -250.964
5876.11 -177.686 5922.24 -204.767
5886.98 -212.732 5932.23 -250.964
5896.68 -184.058 5943.69 -203.174
5907.26 -227.069 5953.39 -293.974
5916.66 -190.43 5963.09 -1487.13
5927.53 -255.743 5974.25 -1461.64
5936.94 -250.964 5982.48 -1676.69
5946.34 -195.209 5993.05 -1638.46
5957.21 -203.174 6003.92 -1608.2
5966.9 -217.511 6013.03 -1628.9
5976.89 -188.837 6023.02 -1606.6
5987.47 -220.697 6032.72 -1609.79
5996.58 -225.476 6043.59 -1565.18
6007.74 -188.837 6053.28 -1536.51
6016.26 -220.697 6063.86 -1523.77
6027.72 -225.476 6073.26 -1542.88
6035.95 -215.918 6084.13 -1501.46
6047.11 -219.104 6092.65 -1475.98
6057.1 -217.511 6103.81 -1475.98
6066.79 -184.058 6113.21 -1474.38
6076.78 -198.395 6123.19 -1463.23
6086.77 -179.279 6133.18 -1458.45
6096.46 -212.732 6143.46 -1450.49
6107.04 -235.034 6154.04 -1388.36
6117.02 -223.883 6164.61 -1323.05
6127.01 -233.441 6173.13 -1308.71
6137.29 -171.314 6183.99 -1289.6
6146.98 -172.907 6193.69 -1311.9
6158.44 -169.721 6203.38 -1297.56
6166.96 -169.721 6213.66 -1315.08
6176.94 -198.395 6223.94 -1313.49
6187.81 -239.813 6233.92 -1254.55
6196.33 -239.813 6244.79 -1189.24
6207.78 -230.255 6253.6 -1163.75
6218.06 -166.535 6264.46 -1146.23
6226.58 -192.023 6273.86 -1128.7
6237.15 -187.244 6284.14 -1154.19
6248.02 -204.767 6292.95 -1138.26
6257.12 -236.627 6304.1 -1138.26
6267.11 -220.697 6314.09 -1154.19
6277.68 -207.953 6324.37 -1087.29
6287.66 -214.325 6332.88 -1060.2
6297.94 -222.29 6344.33 -1004.45
6307.33 -244.592 6353.14 -1021.97
6316.73 -219.104 6364 -980.555
6327.3 -212.732 6374.57 -974.183
6336.7 -163.349 6383.67 -978.962
6347.27 -182.465 6394.54 -1017.19
6357.25 -228.662 6404.52 -988.52
6366.94 -215.918 6414.5 -996.485
6378.39 -203.174 6424.78 -888.162
6387.49 -185.651 6434.17 -900.906
6396.89 -207.953 6444.74 -862.674
6407.16 -239.813 6453.25 -848.337
6417.44 -222.29 6464.4 -824.442
6427.42 -207.953 6474.68 -867.453
6437.4 -219.104 6484.95 -857.895
6447.67 -230.255 6493.76 -864.267
6457.65 -242.999 6505.2 -861.081
6467.05 -241.406 6514.3 -800.547
6477.61 -199.988 6524.58 -773.466
6486.71 -176.093 6534.56 -725.676
6497.57 -187.244 6544.83 -682.665
6506.67 -195.209 6554.22 -692.223
6517.24 -199.988 6564.49 -719.304
6526.92 -215.918 6574.47 -741.606
6537.78 -177.686 6585.33 -738.42
6547.18 -212.732 6594.42 -697.002
6558.03 -190.43 6605.28 -700.188
6567.72 -206.36 6614.09 -677.886
6576.82 -211.139 6624.65 -610.98
6587.38 -145.826 6635.21 -566.377
6598.53 -212.732 6644.02 -577.528
6607.04 -179.279 6655.17 -601.422
6617.61 -198.395 6665.14 -598.237
6627.58 -172.907 6674.82 -583.9
6637.56 -163.349 6684.21 -558.412
6647.83 -187.244 6695.36 -567.97
6658.39 -219.104 6704.75 -545.668
6668.66 -212.732 6715.02 -467.611
6677.17 -217.511 6724.41 -496.285
6687.73 -204.767 6734.97 -470.797
6698.88 -207.953 6744.36 -501.064
6707.68 -238.22 6755.21 -502.657
6717.37 -211.139 6765.48 -502.657
6727.05 -242.999 6776.04 -537.703
6737.9 -222.29 6785.43 -523.366
6747.29 -176.093 6795.1 -478.762
6757.56 -249.371 6805.08 -462.832
6767.82 -225.476 6814.76 -435.751
6777.51 -219.104 6825.32 -416.635
6787.48 -193.616 6834.99 -399.112
6798.04 -215.918 6844.97 -483.541
6807.42 -139.454 6854.94 -462.832
6817.69 -195.209 6865.5 -501.064
6827.37 -169.721 6875.47 -450.088
6838.81 -238.22 6885.73 -466.018
6847.9 -225.476 6895.41 -426.193
6857.58 -225.476 6905.97 -365.659
6867.84 -207.953 6914.77 -386.368
6878.11 -207.953 6925.91 -383.182
6887.2 -172.907 6936.17 -384.775
6897.76 -163.349 6945.55 -423.007
6908.02 -199.988 6955.52 -419.821
6918.28 -153.791 6965.79 -416.635
6927.96 -204.767 6975.46 -415.042
6938.22 -255.743 6985.43 -383.182
6947.02 -241.406 6995.69 -365.659
6957.87 -164.942 7005.95 -340.171
6967.25 -185.651 7015.92 -364.066
6978.39 -188.837 7026.18 -300.346
6987.78 -214.325 7034.98 -344.95
6997.74 -241.406 7045.82 -306.718
7008.01 -188.837 7056.08 -284.417
7017.68 -204.767 7065.76 -305.125
7027.65 -212.732 7075.43 -266.894
7037.61 -176.093 7085.4 -276.452
7047.29 -214.325 7096.53 -257.336
7058.43 -214.325 7105.62 -250.964
7067.22 -203.174 7116.76 -289.195
7077.78 -185.651 7125.85 -212.732
7087.74 -131.489 7136.69 -231.848
7097.41 -144.233 7145.78 -215.918
7107.38 -156.977 7156.03 -193.616
7117.93 -156.977 7166.29 -198.395
7127.6 -180.872 7176.84 -185.651
7138.16 -172.907 7185.93 -206.36
7147.83 -158.57 7196.18 -220.697
7157.79 -136.268 7206.44 -231.848
7168.93 -156.977 7216.7 -244.592
7176.84 -107.594 7225.49 -228.662
7187.69 -113.966 7236.33 -222.29
7197.94 -126.71 7246.58 -249.371
7209.08 -102.815 7255.96 -217.511
7217.57 -85.2922 7266.51 -160.163
7227.83 -39.0953 7276.18 -190.43
7237.21 -32.7233 7285.85 -190.43
7248.34 -27.9443 7296.39 -153.791
7258.01 -8.8284 7306.65 -107.594
7267.68 -16.7934 7316.9 -104.408
7277.64 -18.3864 7326.28 -96.4431
7287.6 -12.0144 7336.82 -35.9093
7298.15 29.4035 7346.78 -26.3513
7308.4 -4.04942 7355.86 -4.04942
7318.95 80.3793 7367.29 -21.5724
7328.03 99.4952 7376.37 -16.7934
7338.58 97.9023 7386.33 -4.04942
7348.25 72.4143 7396.58 43.7404
7357.91 86.7513 7407.12 113.832
7369.05 70.8213 7416.2 89.9373
7378.42 91.5303 7427.04 153.657
7388.96 190.296 7436.7 144.099
7397.46 204.633 7446.37 137.727
7408.3 230.121 7457.21 155.25
7418.55 265.167 7467.16 94.7163
7428.5 242.865 7476.53 182.331
7438.17 239.679 7487.08 183.924
7449 279.504 7496.45 271.539
7457.21 218.97 7507.28 295.434
7467.46 226.935 7517.24 292.248
7477.12 236.493 7527.49 324.108
7487.66 254.016 7536.27 324.108
7497.33 359.153 7547.69 314.55
7508.16 386.234 7556.77 300.213
7518.41 422.873 7567.89 352.781
7528.36 426.059 7576.97 373.49
7537.44 386.234 7587.22 435.617
7547.4 383.048 7596 472.256
7557.94 355.967 7607.71 542.348
7568.19 376.676 7616.79 534.383
7578.73 459.512 7627.62 540.755
7587.8 528.011 7636.98 548.72
7598.34 548.72 7646.94 559.871
7608.3 607.661 7656.89 535.976
7617.96 631.556 7667.72 625.184
7628.2 590.138 7678.26 655.45
7638.16 596.51 7687.92 749.437
7648.11 555.092 7696.99 790.855
7657.77 596.51 7707.82 837.052
7668.6 601.289 7716.89 843.424
7677.09 685.717 7727.14 794.041
7688.21 744.658 7737.97 731.914
7698.45 835.459 7747.33 743.065
7707.82 845.017 7757.87 787.669
7718.06 870.505 7767.52 865.726
7728.6 889.621 7777.48 956.526
7737.97 825.901 7787.42 1015.47
7747.63 824.308 7798.25 1020.25
7758.16 854.575 7807.61 1020.25
7768.11 929.446 7818.15 1015.47
7779.23 972.456 7828.1 999.537
7788.01 1074.41 7838.34 1001.13
7798.25 1112.64 7847.99 1020.25
7808.49 1093.52 7858.24 1107.86
7818.44 1139.72 7868.18 1126.98
7828.68 1061.66 7878.13 1230.52
7837.75 1083.97 7887.79 1192.29
7848.58 1068.04 7898.61 1267.16
7858.24 1098.3 7908.56 1244.86
7868.48 1147.69 7917.92 1321.32
7879.3 1263.97 7927.87 1256.01
7888.37 1300.61 7939.57 1319.73
7898.32 1354.78 7948.05 1299.02
7908.56 1299.02 7958.58 1420.09
7918.5 1279.9 7968.23 1388.23
7928.45 1220.96 7978.18 1486.99
7937.81 1200.25 7987.83 1439.2
7947.17 1292.65 7998.65 1483.81
7958 1373.89 8008.89 1471.06
7968.53 1445.58 8018.25 1477.44
7978.47 1509.3 8029.07 1523.63
7988.13 1609.65 8039.02 1576.2
7998.07 1588.95 8048.96 1636.74
8008.6 1507.7 8058.9 1674.97
8018.84 1502.92 8068.55 1759.4
8028.49 1496.55 8077.62 1725.94
8038.43 1565.05 8088.44 1705.23
8047.79 1668.6 8098.97 1746.65
8058.61 1778.51 8108.03 1741.87
8068.55 1853.38 8119.14 1725.94
8078.5 1920.29 8128.8 1834.27
8089.03 1891.61 8139.03 1834.27
8098.97 1839.05 8148.39 1929.85
8108.91 1885.24 8159.5 1955.33
8118.56 1847.01 8168.27 2011.09
8128.5 1910.73 8179.09 1993.57
8138.74 1991.97 8188.44 1985.6
8148.39 2077.99 8198.97 1964.89
8158.91 2160.83 8209.2 1976.04
8168.85 2200.66 8218.56 2070.03
8178.21 2184.73 8229.08 2128.97
8187.57 2187.91 8238.73 2189.5
8197.8 2151.27 8248.67 2211.81
8208.32 2140.12 8258.9 2216.59
8218.26 2183.13 8269.13 2213.4
8228.79 2234.11 8279.95 2226.14
8237.85 2301.01 8289.01 2270.75
8248.38 2382.26 8298.36 2307.39
8258.9 2410.93 8309.47 2315.35
8267.96 2442.79 8319.41 2380.66
8278.78 2428.45 8329.05 2414.12
8289.01 2428.45 8340.16 2422.08
8298.36 2402.97 8349.8 2506.51
8308.01 2441.2 8360.03 2528.81
8318.24 2485.8 8369.39 2571.82
8329.34 2576.6 8379.91 2597.31
8337.82 2629.17 8389.26 2584.57
8348.05 2673.77 8399.78 2632.36
8358.86 2692.89 8409.43 2673.77
8368.8 2759.8 8419.65 2684.93
8378.45 2775.73 8429.3 2731.12
8387.8 2747.05 8439.23 2777.32
8398.32 2820.33 8449.75 2812.37
8409.43 2820.33 8459.69 2807.59
8418.49 2950.96 8470.21 2839.45
8427.84 3022.64 8479.56 2850.6
8438.36 3049.72 8490.08 2880.86
8448 3110.26 8500.01 2914.32
8458.23 3084.77 8509.94 2971.66
8468.75 3153.27 8518.42 3035.38
8478.68 3178.75 8529.81 3044.94
8488.03 3215.39 8539.16 3025.83
8498.84 3283.89 8549.39 3089.55
8508.49 3347.61 8560.49 3113.44
8518.42 3408.15 8570.42 3145.3
8529.52 3447.97 8579.77 3228.14
8538.29 3446.38 8590.29 3275.93
8548.51 3412.92 8599.64 3315.75
8559.32 3484.61 8610.74 3366.73
8568.67 3527.62 8619.8 3352.39
8578.31 3577 8630.6 3365.13
8588.25 3749.05 8639.37 3342.83
8598.76 3793.65 8650.47 3459.12
8609.57 3796.84 8660.11 3518.06
8618.92 3830.29 8670.62 3569.04
8628.85 3715.59 8680.26 3639.13
8637.91 3780.91 8690.49 3664.62
8648.42 3776.13 8699.83 3621.61
8658.65 3860.56 8710.93 3670.99
8669.16 3937.02 8719.99 3729.93
8678.51 4046.94 8730.79 3772.94
8688.44 4091.54 8739.55 3900.38
8698.37 4163.23 8751.24 3978.44
8708.89 4134.55 8760.58 3978.44
8718.53 4126.59 8770.51 4069.24
8728.46 4120.21 8781.32 4029.41
8738.39 4148.89 8790.37 4024.63
8749.19 4236.5 8801.47 4072.42
8758.54 4341.64 8809.94 4101.1
8769.34 4422.88 8820.45 4120.21
8777.81 4521.65 8830.67 4273.14
8788.62 4569.44 8841.48 4333.68
8798.55 4526.43 8851.69 4400.58
8808.48 4555.1 8859.87 4477.04
8819.28 4543.95 8871.84 4518.46
8828.63 4563.07 8881.48 4465.89
8839.14 4668.2 8891.41 4434.03
8848.78 4776.53 8900.46 4454.74
8858.41 4905.56 8911.26 4496.16
8868.63 4946.98 8921.48 4583.78
8878.56 4994.77 8931.12 4696.88
8888.2 4988.4 8941.05 4817.95
8897.83 4935.83 8952.14 4862.55
8908.64 4921.49 8961.77 4932.64
8917.98 4972.47 8971.7 4926.27
8928.49 5015.48 8981.04 4902.37
8938.42 5168.4 8990.09 4919.9
8949.22 5275.14 9001.48 4945.39
8959.14 5369.12 9011.4 4958.13
8969.07 5480.63 9021.62 5138.14
8978.71 5479.04 9030.67 5222.57
8988.34 5399.39 9042.06 5350.01
8999.73 5413.73 9051.69 5432.84
9008.19 5381.87 9061.32 5372.31
9019.29 5381.87 9072.12 5402.58
9028.34 5517.27 9081.76 5424.88
9038.55 5631.97 9091.39 5439.21
9048.77 5738.7 9102.19 5493.38
9059.28 5821.53 9111.82 5585.77
9068.33 5899.59 9122.62 5706.84
9079.13 5890.03 9131.96 5823.13
9088.18 5882.07 9141.3 5854.99
9098.98 5872.51 9151.81 5843.83
9108.9 5912.33 9161.74 5859.77
9119.7 5963.31 9171.95 5804.01
9129.05 6070.04 9182.75 5853.39
9138.68 6138.54 9192.09 5913.93
9148.31 6321.73 9202.01 5976.05
9158.23 6364.74 9212.23 6079.6
9168.74 6366.34 9222.15 6184.74
9178.66 6377.49 9232.07 6222.97
9188.3 6340.85 9242.87 6258.01
9199.09 6363.15 9251.92 6191.11
9208.73 6447.58 9261.26 6170.4
9217.48 6522.45 9272.06 6210.22
9227.99 6669.01 9282.27 6308.99
9238.5 6748.66 9292.49 6409.35
9248.13 6810.78 9302.99 6501.74
9259.51 6836.27 9311.75 6603.69
9268.85 6791.67 9322.83 6659.45
9279.06 6786.89 9332.17 6699.27
9289.27 6821.93 9342.09 6664.23
9298.61 6914.33 9352.01 6669.01
9308.83 7043.36 9362.23 6665.82
9319.04 7172.39 9372.44 6759.81
9327.8 7209.03 9382.07 6917.51
9338.89 7267.97 9393.74 7081.59
9348.81 7279.12 9402.79 7223.37
9359.31 7291.87 9413 7293.46
9369.52 7309.39 9422.05 7229.74
9378.86 7333.29 9433.43 7232.93
9388.2 7459.13 9443.93 7228.15
9397.83 7623.21 9452.98 7218.59
9408.33 7699.67 9463.19 7363.55
9419.13 7819.15 9472.23 7444.79
9429.05 7846.23 9483.32 7640.73
9438.97 7855.79 9493.53 7717.2
9448.31 7866.94 9503.16 7782.51
9458.81 7830.3 9513.37 7814.37
9468.44 7876.5 9523.29 7784.1
9478.94 8029.42 9533.5 7710.82
9488.86 8125 9542.84 7712.42
9498.49 8276.34 9553.05 7798.44
9509.29 8462.72 9562.97 7823.93
9518.63 8426.08 9573.47 8027.83
9528.25 8437.23 9583.98 8126.6
9539.05 8426.08 9594.48 8140.93
9548.09 8435.64 9602.94 8238.11
9558.3 8469.09 9614.61 8196.69
9568.81 8572.63 9623.65 8164.83
9578.43 8660.25 9634.45 8188.72
9589.52 8851.41 9644.07 8317.76
9598.86 8918.31 9653.12 8376.7
9608.48 8972.48 9663.33 8548.74
9617.82 8978.85 9674.41 8666.62
9628.61 8991.59 9683.46 8798.84
9638.24 9050.53 9694.83 8840.26
9648.74 9095.14 9704.17 8851.41
9658.37 9163.64 9714.09 8905.57
9668.29 9318.16 9724.01 8913.54
9678.79 9402.59 9734.22 8942.21
9688.71 9440.82 9745.3 9045.75
9698.92 9512.5 9754.05 9120.63
9709.42 9561.88 9763.68 9240.1
9718.17 9517.28 9773.89 9353.2
9729.26 9620.82 9784.1 9453.56
9738.3 9681.36 9794.6 9518.87
9748.51 9788.09 9804.51 9525.25
9758.72 9913.94 9814.14 9518.87
9768.93 9998.37 9824.93 9568.26
9779.14 10111.5 9834.56 9617.64
9788.18 10205.5 9844.77 9668.62
9798.68 10203.9 9854.68 9759.42
9808.89 10240.5 9864.6 9805.61
9818.52 10246.9 9875.69 9872.52
9828.73 10307.4 9885.31 9920.31
9838.06 10425.3 9894.65 9990.4
9848.56 10503.3 9905.73 10070
9858.48 10632.4 9915.65 10168.8
9869.27 10735.9 9925.27 10194.3
9878.31 10734.3 9935.48 10310.6
9887.94 10837.9 9946.56 10361.6
9898.15 10858.6 9955.9 10361.6
9908.94 10853.8 9966.4 10490.6
9918.27 10931.9 9977.19 10528.8
9928.77 11016.3 9987.4 10618
9939.27 11027.4 9997.02 10720
9948.31 11178.8 9998.48 10880.9
9958.52 11279.1 9988.56 10912.7
9969.32 11105.5 9978.36 11064.1
