5009.75 -211.139 5021.51 -196.802
5004.16 -217.511 5032.1 -193.616
5001.52 -201.581 5041.21 -236.627
5005.63 -180.872 5051.21 -262.115
5015.34 -179.279 5061.5 -270.08
5024.74 -203.174 5071.5 -250.964
5034.45 -199.988 5081.2 -284.417
5045.33 -219.104 5091.49 -255.743
5054.44 -281.231 5101.19 -233.441
5064.73 -242.999 5110.9 -255.743
5075.03 -203.174 5122.36 -246.185
5085.02 -212.732 5131.19 -214.325
5095.9 -184.058 5141.18 -247.778
5104.72 -185.651 5151.18 -278.045
5115.31 -187.244 5161.18 -250.964
5125.31 -207.953 5171.47 -223.883
5135.89 -214.325 5181.47 -241.406
5145.59 -219.104 5191.76 -192.023
5155.59 -222.29 5202.05 -214.325
5164.12 -201.581 5211.16 -227.069
5176.76 -190.43 5221.16 -244.592
5184.99 -206.36 5232.04 -271.673
5195.58 -201.581 5241.74 -252.557
5205.57 -231.848 5252.33 -236.627
5216.16 -250.964 5261.44 -260.522
5224.69 -255.743 5271.44 -228.662
5236.16 -222.29 5281.44 -220.697
5245.56 -235.034 5292.02 -249.371
5255.27 -209.546 5302.02 -239.813
5265.85 -139.454 5311.72 -286.01
5275.85 -233.441 5321.72 -242.999
5285.26 -196.802 5332.3 -297.16
5296.14 -233.441 5342.3 -249.371
5306.14 -222.29 5352 -257.336
5315.25 -270.08 5361.41 -255.743
5325.83 -252.557 5372.58 -236.627
5336.13 -209.546 5380.82 -185.651
5346.42 -215.918 5391.69 -249.371
5355.24 -166.535 5401.98 -209.546
5366.11 -195.209 5412.86 -265.301
5376.11 -193.616 5421.68 -278.045
5386.11 -239.813 5433.15 -254.15
5396.1 -242.999 5441.38 -284.417
5405.81 -231.848 5451.96 -235.034
5416.68 -242.999 5461.67 -257.336
5426.68 -247.778 5472.25 -235.034
5436.09 -214.325 5481.66 -244.592
5446.38 -223.883 5492.24 -236.627
5456.37 -217.511 5501.94 -268.487
5465.78 -172.907 5512.82 -266.894
5476.37 -258.929 5522.23 -303.532
5486.65 -231.848 5532.81 -255.743
5496.94 -236.627 5542.22 -263.708
5507.23 -209.546 5552.21 -279.638
5516.94 -225.476 5561.91 -236.627
5526.64 -219.104 5572.79 -166.535
5537.52 -190.43 5581.9 -257.336
5546.63 -203.174 5592.19 -215.918
5556.33 -185.651 5601.89 -254.15
5566.03 -228.662 5612.48 -287.603
5576.61 -222.29 5621.88 -230.255
5586.31 -219.104 5632.17 -241.406
5596.01 -225.476 5641.87 -252.557
5606.89 -215.918 5653.63 -223.883
5615.71 -198.395 5662.45 -254.15
5626.88 -171.314 5672.15 -231.848
5636.58 -171.314 5683.02 -244.592
5646.28 -222.29 5692.43 -227.069
5656.86 -206.36 5702.42 -266.894
5665.97 -238.22 5712.12 -274.859
5676.85 -211.139 5722.41 -254.15
5686.55 -236.627 5732.4 -301.939
5696.25 -196.802 5743.27 -268.487
5706.83 -171.314 5752.97 -276.452
5717.41 -196.802 5763.56 -254.15
5726.82 -204.767 5772.37 -305.125
5736.81 -192.023 5782.95 -242.999
5747.39 -238.22 5793.82 -222.29
5756.8 -233.441 5802.05 -254.15
5767.38 -266.894 5813.52 -265.301
5777.37 -222.29 5823.21 -244.592
5787.36 -177.686 5833.21 -241.406
5797.65 -188.837 5843.2 -244.592
5807.05 -207.953 5852.9 -284.417
5815.87 -217.511 5862.01 -233.441
5827.33 -193.616 5873.17 -230.255
5835.85 -219.104 5882.57 -254.15
5846.72 -270.08 5893.45 -242.999
5857.3 -192.023 5903.14 -230.255
5867 -214.325 5913.43 -250.964
5876.99 -177.686 5923.71 -204.767
5886.69 -212.732 5933.12 -250.964
5897.27 -184.058 5942.81 -203.174
5906.67 -227.069 5953.1 -293.974
5916.95 -190.43 5963.67 -1487.13
5927.24 -255.743 5972.78 -1461.64
5936.94 -250.964 5983.36 -1676.69
5948.1 -195.209 5993.64 -1638.46
5956.62 -203.174 6003.92 -1608.2
5967.49 -217.511 6013.03 -1628.9
5976.6 -188.837 6024.2 -1606.6
5987.18 -220.697 6033.6 -1609.79
5997.75 -225.476 6044.17 -1565.18
6006.86 -188.837 6052.4 -1536.51
6016.85 -220.697 6063.86 -1523.77
6027.13 -225.476 6073.26 -1542.88
6037.12 -215.918 6083.54 -1501.46
6047.4 -219.104 6093.23 -1475.98
6056.8 -217.511 6103.81 -1475.98
6067.09 -184.058 6113.5 -1474.38
6077.07 -198.395 6123.19 -1463.23
6087.06 -179.279 6133.47 -1458.45
6096.17 -212.732 6142.87 -1450.49
6106.16 -235.034 6153.45 -1388.36
6117.02 -223.883 6164.61 -1323.05
6126.72 -233.441 6173.42 -1308.71
6136.7 -171.314 6183.99 -1289.6
6147.87 -172.907 6193.39 -1311.9
6156.97 -169.721 6203.97 -1297.56
6167.25 -169.721 6213.36 -1315.08
6177.53 -198.395 6224.82 -1313.49
6186.93 -239.813 6233.33 -1254.55
6196.92 -239.813 6244.2 -1189.24
6208.08 -230.255 6254.18 -1163.75
6217.48 -166.535 6264.17 -1146.23
6227.17 -192.023 6273.57 -1128.7
6237.15 -187.244 6283.84 -1154.19
6246.84 -204.767 6293.53 -1138.26
6258.3 -236.627 6303.52 -1138.26
6267.11 -220.697 6314.09 -1154.19
6277.68 -207.953 6324.95 -1087.29
6287.66 -214.325 6334.06 -1060.2
6297.35 -222.29 6344.04 -1004.45
6307.33 -244.592 6354.02 -1021.97
6316.73 -219.104 6364.59 -980.555
6327.59 -212.732 6373.69 -974.183
6337.58 -163.349 6383.97 -978.962
6347.56 -182.465 6394.24 -1017.19
6356.96 -228.662 6403.64 -988.52
6367.23 -215.918 6414.5 -996.485
6378.1 -203.174 6424.19 -888.162
6387.49 -185.651 6433.58 -900.906
6397.18 -207.953 6444.15 -862.674
6407.75 -239.813 6454.13 -848.337
6417.14 -222.29 6464.4 -824.442
6428 -207.953 6474.68 -867.453
6438.28 -219.104 6485.24 -857.895
6447.38 -230.255 6494.64 -864.267
6457.95 -242.999 6504.32 -861.081
6467.63 -241.406 6514.01 -800.547
6477.32 -199.988 6523.99 -773.466
6487.59 -176.093 6534.85 -725.676
6497.87 -187.244 6544.83 -682.665
6506.67 -195.209 6555.69 -692.223
6517.83 -199.988 6564.78 -719.304
6526.92 -215.918 6574.18 -741.606
6537.2 -177.686 6584.15 -738.42
6547.76 -212.732 6594.13 -697.002
6557.45 -190.43 6604.99 -700.188
6567.13 -206.36 6614.97 -677.886
6577.99 -211.139 6624.94 -610.98
6587.38 -145.826 6634.33 -566.377
6597.65 -212.732 6644.31 -577.528
6607.92 -179.279 6653.99 -601.422
6617.9 -198.395 6663.97 -598.237
6626.7 -172.907 6674.82 -583.9
6637.86 -163.349 6685.09 -558.412
6647.54 -187.244 6695.07 -567.97
6658.1 -219.104 6705.34 -545.668
6667.2 -212.732 6715.61 -467.611
6677.17 -217.511 6725.29 -496.285
6688.61 -204.767 6734.97 -470.797
6698 -207.953 6744.65 -501.064
6707.39 -238.22 6754.92 -502.657
6717.07 -211.139 6764.3 -502.657
6727.64 -242.999 6775.74 -537.703
6737.61 -222.29 6785.13 -523.366
6747 -176.093 6795.69 -478.762
6758.14 -249.371 6806.84 -462.832
6767.24 -225.476 6814.76 -435.751
6777.8 -219.104 6824.44 -416.635
6787.48 -193.616 6835.88 -399.112
6797.74 -215.918 6844.38 -483.541
6808.01 -139.454 6855.23 -462.832
6817.98 -195.209 6865.5 -501.064
6828.25 -169.721 6875.47 -450.088
6838.22 -238.22 6884.85 -466.018
6847.9 -225.476 6895.12 -426.193
6858.16 -225.476 6904.79 -365.659
6867.84 -207.953 6915.94 -386.368
6877.81 -207.953 6925.32 -383.182
6887.49 -172.907 6936.17 -384.775
6898.05 -163.349 6945.85 -423.007
6908.61 -199.988 6955.52 -419.821
6917.99 -153.791 6965.79 -416.635
6928.25 -204.767 6975.46 -415.042
6937.93 -255.743 6985.14 -383.182
6947.02 -241.406 6995.99 -365.659
6958.16 -164.942 7005.37 -340.171
6967.25 -185.651 7016.21 -364.066
6978.69 -188.837 7025.6 -300.346
6988.07 -214.325 7036.74 -344.95
6998.04 -241.406 7046.12 -306.718
7008.3 -188.837 7055.79 -284.417
7017.39 -204.767 7065.17 -305.125
7027.65 -212.732 7076.02 -266.894
7037.91 -176.093 7085.98 -276.452
7047 -214.325 7095.95 -257.336
7057.55 -214.325 7105.62 -250.964
7068.4 -203.174 7116.17 -289.195
7078.07 -185.651 7125.85 -212.732
7088.04 -131.489 7136.1 -231.848
7097.41 -144.233 7145.19 -215.918
7107.97 -156.977 7156.62 -193.616
7117.93 -156.977 7166.29 -198.395
7128.48 -180.872 7176.26 -185.651
7138.16 -172.907 7186.51 -206.36
7147.83 -158.57 7195.3 -220.697
7157.79 -136.268 7205.85 -231.848
7168.64 -156.977 7216.7 -244.592
7178.31 -107.594 7226.66 -228.662
7188.56 -113.966 7236.04 -222.29
7198.24 -126.71 7246 -249.371
7207.91 -102.815 7255.67 -217.511
7217.87 -85.2922 7267.1 -160.163
7227.83 -39.0953 7276.18 -190.43
7237.5 -32.7233 7287.02 -190.43
7248.05 -27.9443 7296.1 -153.791
7258.01 -8.8284 7306.65 -107.594
7267.97 -16.7934 7316.9 -104.408
7277.94 -18.3864 7326.57 -96.4431
7287.6 -12.0144 7336.24 -35.9093
7298.44 29.4035 7346.49 -26.3513
7307.82 -4.04942 7356.45 -4.04942
7317.78 80.3793 7366.99 -21.5724
7328.91 99.4952 7375.78 -16.7934
7337.99 97.9023 7386.62 -4.04942
7348.54 72.4143 7396.58 43.7404
7357.62 86.7513 7406.24 113.832
7367.87 70.8213 7417.08 89.9373
7378.13 91.5303 7427.33 153.657
7388.38 190.296 7436.12 144.099
7397.75 204.633 7447.54 137.727
7408 230.121 7456.62 155.25
7417.96 265.167 7466.58 94.7163
7427.92 242.865 7477.41 182.331
7437.88 239.679 7487.08 183.924
7448.13 279.504 7496.74 271.539
7458.38 218.97 7507.57 295.434
7468.33 226.935 7516.65 292.248
7477.71 236.493 7527.49 324.108
7487.95 254.016 7537.15 324.108
7497.91 359.153 7547.4 314.55
7508.16 386.234 7556.77 300.213
7517.53 422.873 7567.31 352.781
7527.78 426.059 7577.55 373.49
7537.73 386.234 7587.51 435.617
7548.28 383.048 7596.88 472.256
7558.23 355.967 7607.71 542.348
7568.19 376.676 7617.08 534.383
7578.73 459.512 7627.91 540.755
7587.8 528.011 7636.98 548.72
7598.34 548.72 7647.81 559.871
7608 607.661 7657.18 535.976
7618.54 631.556 7667.14 625.184
7627.91 590.138 7677.38 655.45
7638.16 596.51 7687.92 749.437
7648.4 555.092 7697.87 790.855
7657.48 596.51 7706.94 837.052
7667.43 601.289 7717.77 843.424
7678.26 685.717 7727.72 794.041
7688.5 744.658 7737.97 731.914
7698.16 835.459 7747.63 743.065
7708.11 845.017 7757.57 787.669
7717.48 870.505 7768.7 865.726
7728.02 889.621 7777.48 956.526
7738.55 825.901 7787.42 1015.47
7748.5 824.308 7797.67 1020.25
7758.16 854.575 7807.61 1020.25
7767.82 929.446 7817.57 1015.47
7778.06 972.456 7827.51 999.537
7788.01 1074.41 7838.05 1001.13
7798.84 1112.64 7847.7 1020.25
7807.61 1093.52 7858.24 1107.86
7819.03 1139.72 7867.89 1126.98
7827.51 1061.66 7877.55 1230.52
7838.63 1083.97 7888.08 1192.29
7848.58 1068.04 7898.32 1267.16
7857.65 1098.3 7908.27 1244.86
7867.89 1147.69 7918.5 1321.32
7878.13 1263.97 7928.16 1256.01
7888.37 1300.61 7938.4 1319.73
7898.61 1354.78 7948.05 1299.02
7907.97 1299.02 7958.29 1420.09
7918.5 1279.9 7967.94 1388.23
7927.87 1220.96 7978.18 1486.99
7938.69 1200.25 7988.42 1439.2
7948.93 1292.65 7998.65 1483.81
7958 1373.89 8008.6 1471.06
7968.23 1445.58 8017.96 1477.44
7977.89 1509.3 8028.2 1523.63
7988.71 1609.65 8038.43 1576.2
7999.24 1588.95 8048.96 1636.74
8008.01 1507.7 8058.61 1674.97
8018.25 1502.92 8067.68 1759.4
8028.2 1496.55 8078.5 1725.94
8037.85 1565.05 8087.86 1705.23
8048.08 1668.6 8098.38 1746.65
8058.9 1778.51 8108.33 1741.87
8067.97 1853.38 8119.14 1725.94
8078.5 1920.29 8128.5 1834.27
8088.44 1891.61 8139.03 1834.27
8098.97 1839.05 8149.85 1929.85
8108.33 1885.24 8158.91 1955.33
8118.27 1847.01 8168.56 2011.09
8128.5 1910.73 8178.5 1993.57
8137.86 1991.97 8188.44 1985.6
8147.51 2077.99 8198.68 1964.89
8158.91 2160.83 8209.79 1976.04
8168.27 2200.66 8219.14 2070.03
8178.5 2184.73 8228.5 2128.97
8188.74 2187.91 8239.02 2189.5
8198.09 2151.27 8248.96 2211.81
8207.74 2140.12 8259.48 2216.59
8218.56 2183.13 8269.42 2213.4
8228.5 2234.11 8278.49 2226.14
8238.14 2301.01 8288.72 2270.75
8248.08 2382.26 8298.95 2307.39
8258.32 2410.93 8309.76 2315.35
8267.67 2442.79 8319.99 2380.66
8278.19 2428.45 8329.34 2414.12
8288.72 2428.45 8339.28 2422.08
8298.66 2402.97 8349.8 2506.51
8308.89 2441.2 8358.57 2528.81
8317.95 2485.8 8369.39 2571.82
8328.47 2576.6 8379.62 2597.31
8338.11 2629.17 8389.26 2584.57
8348.93 2673.77 8399.78 2632.36
8357.7 2692.89 8410.01 2673.77
8368.8 2759.8 8419.36 2684.93
8378.45 2775.73 8430.47 2731.12
8388.67 2747.05 8439.52 2777.32
8397.44 2820.33 8450.34 2812.37
8408.26 2820.33 8459.98 2807.59
8418.78 2950.96 8469.92 2839.45
8428.13 3022.64 8479.56 2850.6
8438.65 3049.72 8490.37 2880.86
8448.58 3110.26 8500.01 2914.32
8457.64 3084.77 8510.24 2971.66
8468.16 3153.27 8520.17 3035.38
8478.39 3178.75 8529.52 3044.94
8488.32 3215.39 8540.04 3025.83
8498.55 3283.89 8549.97 3089.55
8509.07 3347.61 8560.49 3113.44
8518.42 3408.15 8570.42 3145.3
8528.35 3447.97 8580.06 3228.14
8538.29 3446.38 8590.29 3275.93
8547.93 3412.92 8599.64 3315.75
8558.15 3484.61 8609.86 3366.73
8569.26 3527.62 8620.09 3352.39
8578.02 3577 8630.31 3365.13
8588.25 3749.05 8640.54 3342.83
8598.76 3793.65 8650.18 3459.12
8608.99 3796.84 8660.11 3518.06
8618.63 3830.29 8669.75 3569.04
8628.85 3715.59 8680.26 3639.13
8637.61 3780.91 8691.36 3664.62
8648.13 3776.13 8700.12 3621.61
8658.35 3860.56 8710.93 3670.99
8668.58 3937.02 8719.69 3729.93
8677.93 4046.94 8730.79 3772.94
8688.73 4091.54 8740.43 3900.38
8698.37 4163.23 8748.9 3978.44
8707.72 4134.55 8761.17 3978.44
8718.82 4126.59 8770.22 4069.24
8727.87 4120.21 8781.9 4029.41
8738.09 4148.89 8790.66 4024.63
8747.73 4236.5 8800.3 4072.42
8758.83 4341.64 8810.81 4101.1
8768.76 4422.88 8820.45 4120.21
8778.4 4521.65 8830.96 4273.14
8788.33 4569.44 8840.01 4333.68
8799.13 4526.43 8851.11 4400.58
8808.48 4555.1 8861.62 4477.04
8818.7 4543.95 8870.97 4518.46
8829.5 4563.07 8881.77 4465.89
8839.14 4668.2 8890.53 4434.03
8848.78 4776.53 8900.46 4454.74
8858.12 4905.56 8910.97 4496.16
8868.34 4946.98 8921.77 4583.78
8877.98 4994.77 8931.12 4696.88
8888.49 4988.4 8942.21 4817.95
8898.42 4935.83 8951.26 4862.55
8908.34 4921.49 8961.19 4932.64
8917.69 4972.47 8970.53 4926.27
8928.78 5015.48 8981.92 4902.37
8938.13 5168.4 8990.97 4919.9
8948.64 5275.14 9000.6 4945.39
8958.27 5369.12 9011.4 4958.13
8968.49 5480.63 9021.91 5138.14
8978.41 5479.04 9031.55 5222.57
8988.63 5399.39 9041.76 5350.01
8999.73 5413.73 9050.81 5432.84
9007.9 5381.87 9061.32 5372.31
9017.83 5381.87 9071.83 5402.58
9029.5 5517.27 9082.05 5424.88
9039.72 5631.97 9090.81 5439.21
9049.06 5738.7 9101.9 5493.38
9058.4 5821.53 9111.53 5585.77
9068.62 5899.59 9122.33 5706.84
9078.84 5890.03 9131.67 5823.13
9088.76 5882.07 9142.18 5854.99
9098.4 5872.51 9151.52 5843.83
9108.32 5912.33 9162.61 5859.77
9118.83 5963.31 9171.08 5804.01
9129.34 6070.04 9182.17 5853.39
9138.68 6138.54 9191.51 5913.93
9148.31 6321.73 9202.6 5976.05
9158.53 6364.74 9211.65 6079.6
9167.87 6366.34 9221.57 6184.74
9178.66 6377.49 9232.07 6222.97
9189.17 6340.85 9242 6258.01
9198.8 6363.15 9251.92 6191.11
9208.43 6447.58 9262.72 6170.4
9218.94 6522.45 9272.06 6210.22
9227.99 6669.01 9281.98 6308.99
9238.79 6748.66 9292.19 6409.35
9248.13 6810.78 9302.7 6501.74
9258.05 6836.27 9312.04 6603.69
9268.85 6791.67 9323.13 6659.45
9278.77 6786.89 9332.17 6699.27
9288.69 6821.93 9343.26 6664.23
9299.2 6914.33 9352.01 6669.01
9308.83 7043.36 9362.23 6665.82
9319.63 7172.39 9372.74 6759.81
9327.51 7209.03 9382.66 6917.51
9338.3 7267.97 9393.74 7081.59
9349.97 7279.12 9402.5 7223.37
9358.44 7291.87 9413.29 7293.46
9368.94 7309.39 9422.63 7229.74
9378.28 7333.29 9433.43 7232.93
9388.78 7459.13 9442.76 7228.15
9397.83 7623.21 9453.27 7218.59
9408.63 7699.67 9462.31 7363.55
9417.96 7819.15 9473.69 7444.79
9428.47 7846.23 9482.74 7640.73
9438.1 7855.79 9493.82 7717.2
9448.31 7866.94 9502.87 7782.51
9458.52 7830.3 9513.66 7814.37
9468.73 7876.5 9523.58 7784.1
9478.94 8029.42 9533.5 7710.82
9489.16 8125 9543.72 7712.42
9498.49 8276.34 9554.22 7798.44
9508.41 8462.72 9562.97 7823.93
9518.33 8426.08 9573.47 8027.83
9528.54 8437.23 9583.1 8126.6
9538.17 8426.08 9593.9 8140.93
9548.97 8435.64 9603.52 8238.11
9558.59 8469.09 9613.73 8196.69
9569.39 8572.63 9623.36 8164.83
9577.85 8660.25 9634.16 8188.72
9588.35 8851.41 9643.49 8317.76
9598.27 8918.31 9653.41 8376.7
9607.9 8972.48 9663.33 8548.74
9617.82 8978.85 9674.12 8666.62
9628.9 8991.59 9683.17 8798.84
9638.24 9050.53 9693.67 8840.26
9649.03 9095.14 9704.17 8851.41
9657.78 9163.64 9713.8 8905.57
9668.29 9318.16 9723.71 8913.54
9677.91 9402.59 9734.8 8942.21
9689 9440.82 9744.13 9045.75
9699.21 9512.5 9754.64 9120.63
9708.25 9561.88 9763.97 9240.1
9718.17 9517.28 9774.47 9353.2
9729.55 9620.82 9785.56 9453.56
9738.59 9681.36 9794.89 9518.87
9747.93 9788.09 9803.93 9525.25
9758.14 9913.94 9814.43 9518.87
9769.22 9998.37 9824.93 9568.26
9777.97 10111.5 9834.85 9617.64
9789.64 10205.5 9845.35 9668.62
9798.39 10203.9 9854.98 9759.42
9808.31 10240.5 9865.19 9805.61
9818.23 10246.9 9875.4 9872.52
9828.73 10307.4 9885.02 9920.31
9838.06 10425.3 9894.94 9990.4
9847.98 10503.3 9905.73 10070
9858.19 10632.4 9915.06 10168.8
9869.27 10735.9 9924.98 10194.3
9879.19 10734.3 9936.36 10310.6
9888.23 10837.9 9945.69 10361.6
9898.73 10858.6 9956.48 10361.6
9908.35 10853.8 9966.98 10490.6
9918.56 10931.9 9977.19 10528.8
9928.77 11016.3 9987.98 10618
9938.1 11027.4 9995.86 10720
9949.19 11178.8 9998.77 10880.9
9958.23 11279.1 9988.86 10912.7
9968.73 11105.5 9978.07 11064.1
