6012.44 -747.913 6026.25 -768.742
6003.34 -622.945 6039.18 -744.008
6000.4 -590.401 6052.4 -757.026
6008.92 -582.59 6064.74 -784.363
6022.73 -556.555 6077.37 -798.682
6035.36 -551.348 6090.59 -747.913
6048.29 -526.615 6104.4 -813.001
6062.09 -568.271 6116.73 -746.612
6075.31 -561.762 6130.54 -766.138
6088.24 -582.59 6142.87 -771.345
6101.16 -578.685 6155.5 -766.138
6113.5 -581.289 6169.02 -789.57
6127.01 -565.668 6182.23 -777.854
6139.94 -607.324 6195.15 -750.517
6153.45 -565.668 6208.08 -724.482
6166.08 -512.296 6220.41 -750.517
6178.41 -529.218 6234.22 -730.991
6192.51 -550.046 6246.84 -742.706
6205.14 -510.994 6259.76 -730.991
6217.48 -503.183 6272.98 -725.783
6231.57 -525.313 6286.78 -697.145
6243.91 -510.994 6298.82 -744.008
6258.3 -486.26 6312.03 -729.689
6270.04 -516.201 6325.54 -750.517
6284.14 -522.71 6338.17 -775.25
6296.47 -535.727 6351.09 -704.955
6309.1 -539.632 6363.71 -728.387
6322.9 -529.218 6377.51 -729.689
6334.06 -512.296 6390.72 -728.387
6348.73 -509.692 6403.34 -725.783
6361.65 -486.26 6416.55 -710.162
6374.87 -508.39 6429.47 -730.991
6387.78 -479.752 6442.68 -746.612
6400.41 -520.106 6455.89 -733.594
6413.33 -512.296 6469.39 -746.612
6425.95 -486.26 6481.43 -754.422
6439.75 -503.183 6494.64 -723.18
6452.96 -508.39 6507.55 -740.103
6465.28 -494.071 6520.76 -719.275
6479.08 -492.769 6533.38 -689.334
6491.11 -524.011 6546.88 -710.162
6504.32 -500.58 6559.5 -659.394
6517.53 -483.657 6572.71 -706.257
6529.57 -483.657 6586.5 -712.766
6543.95 -468.036 6599.41 -699.748
6556.86 -471.941 6612.03 -688.033
6569.77 -487.562 6624.94 -690.636
6582.39 -460.225 6638.15 -686.731
6595.6 -484.959 6650.76 -704.955
6608.8 -477.148 6663.97 -684.127
6621.42 -471.941 6677.76 -710.162
6635.21 -496.675 6690.08 -708.861
6646.66 -479.752 6702.4 -712.766
6661.33 -488.864 6716.19 -691.938
6674.53 -507.089 6729.4 -685.429
6686.85 -490.166 6741.72 -690.636
6700.35 -500.58 6755.21 -671.11
6712.67 -499.278 6768.12 -704.955
6725.29 -514.899 6780.73 -677.619
6738.49 -526.615 6793.35 -703.654
6751.98 -526.615 6807.72 -703.654
6765.18 -488.864 6819.74 -659.394
6777.21 -508.39 6833.24 -664.601
6791.59 -520.106 6846.14 -688.033
6803.9 -490.166 6859.05 -686.731
6817.4 -524.011 6871.95 -661.997
6830.89 -497.976 6886.32 -686.731
6843.8 -470.639 6898.05 -658.092
6856.11 -475.846 6911.83 -686.731
6868.43 -479.752 6924.44 -643.773
6882.51 -474.545 6937.64 -660.696
6894.82 -455.018 6950.25 -624.247
6907.73 -449.811 6962.85 -671.11
6921.51 -432.888 6976.93 -667.205
6934.41 -473.243 6989.53 -650.282
6947.61 -478.45 7002.73 -690.636
6960.21 -477.148 7015.92 -667.205
6974.29 -442.001 7028.53 -654.187
6986.02 -456.32 7040.25 -637.264
6999.21 -468.036 7055.2 -652.885
7012.7 -469.338 7067.52 -684.127
7025.6 -507.089 7081.29 -646.376
7039.08 -490.166 7093.9 -661.997
7051.1 -503.183 7106.21 -645.075
7064.29 -494.071 7119.11 -658.092
7077.19 -481.053 7133.17 -619.04
7090.97 -466.734 7146.36 -609.927
7102.98 -483.657 7158.67 -608.626
7116.47 -486.26 7171.27 -596.91
7129.07 -490.166 7184.76 -634.661
7142.26 -443.303 7197.94 -602.117
7155.74 -457.622 7210.25 -600.815
7168.05 -460.225 7224.31 -622.945
7181.53 -419.871 7237.79 -652.885
7195.01 -452.415 7249.81 -633.359
7206.73 -464.131 7263.29 -629.454
7220.8 -438.096 7276.76 -629.454
7233.69 -447.208 7288.78 -648.98
7246.58 -438.096 7302.25 -641.169
7259.48 -471.941 7314.56 -630.755
7272.95 -455.018 7329.5 -667.205
7285.55 -460.225 7341.22 -620.341
7297.86 -483.657 7354.11 -608.626
7311.63 -505.787 7366.99 -628.152
7324.52 -465.432 7379.88 -629.454
7337.41 -487.562 7393.06 -632.057
7351.47 -514.899 7406.54 -622.945
7363.19 -464.131 7418.84 -606.022
7376.07 -452.415 7432.6 -615.134
7390.14 -430.285 7445.78 -564.366
7402.73 -469.338 7458.08 -603.418
7415.91 -481.053 7472.73 -591.703
7428.8 -458.924 7484.15 -593.004
7441.1 -448.51 7497.62 -569.573
7454.86 -455.018 7511.09 -589.099
7468.33 -448.51 7523.68 -586.496
7480.63 -449.811 7536.86 -598.211
7493.23 -435.492 7549.74 -620.341
7506.7 -445.906 7562.62 -583.892
7519.29 -451.113 7576.38 -619.04
7532.76 -457.622 7589.27 -613.833
7546.23 -487.562 7602.44 -625.548
7559.11 -508.39 7614.74 -638.566
7572.28 -479.752 7628.2 -619.04
7585.17 -496.675 7641.38 -611.229
7598.34 -484.959 7653.67 -587.797
7610.93 -438.096 7667.43 -616.436
7624.69 -461.527 7679.43 -613.833
7636.4 -458.924 7693.19 -594.306
7648.99 -451.113 7706.06 -596.91
7663.04 -447.208 7718.65 -578.685
7675.92 -425.078 7733.28 -570.875
7689.09 -443.303 7745.58 -582.59
7702.55 -449.811 7758.16 -534.425
7714.55 -435.492 7771.04 -542.236
7728.02 -470.639 7785.08 -573.478
7740.89 -423.776 7797.67 -574.78
7754.06 -435.492 7810.83 -585.194
7766.06 -415.966 7823.71 -574.78
7780.4 -448.51 7836.29 -599.513
7792.69 -445.906 7849.46 -613.833
7805.27 -460.225 7863.21 -581.289
7818.74 -439.397 7875.21 -582.59
7831.61 -443.303 7888.66 -608.626
7844.48 -438.096 7901.24 -645.075
7856.77 -470.639 7915.58 -593.004
7870.52 -426.38 7927.87 -596.91
7883.98 -492.769 7941.03 -598.211
7896.27 -490.166 7954.19 -561.762
7910.02 -507.089 7966.77 -561.762
7922.89 -507.089 7980.52 -539.632
7936.06 -500.58 7992.22 -560.461
7948.93 -470.639 8006.26 -570.875
7961.51 -492.769 8019.42 -543.538
7975.84 -482.355 8031.71 -576.082
7987.83 -439.397 8045.16 -565.668
8001.29 -468.036 8057.15 -540.934
8014.16 -449.811 8071.19 -546.141
8027.02 -448.51 8083.18 -527.917
8040.18 -456.32 8096.63 -555.253
8053.06 -425.078 8110.66 -557.857
8065.92 -434.19 8122.95 -607.324
8079.08 -438.096 8135.81 -587.797
8091.07 -415.966 8148.68 -617.738
8105.11 -423.776 8162.13 -589.099
8117.98 -456.32 8174.12 -583.892
8131.14 -435.492 8188.15 -578.685
8144.29 -451.113 8201.01 -609.927
8157.16 -475.846 8214.46 -593.004
8170.32 -442.001 8227.03 -587.797
8183.18 -460.225 8240.19 -587.797
8196.04 -448.51 8253.93 -589.099
8209.49 -451.113 8267.08 -559.159
8222.07 -500.58 8279.65 -550.046
8235.51 -507.089 8292.52 -517.503
8248.67 -473.243 8306.26 -538.331
8261.24 -455.018 8318.53 -557.857
8274.68 -469.338 8331.39 -504.485
8287.55 -474.545 8344.54 -524.011
8300.41 -435.492 8357.11 -540.934
8314.15 -464.131 8371.43 -535.727
8326.72 -452.415 8383.71 -555.253
8338.99 -425.078 8397.15 -546.141
8352.14 -435.492 8410.01 -572.176
8365.59 -435.492 8423.16 -577.383
8378.15 -421.173 8435.73 -594.306
8391.89 -417.267 8449.17 -573.478
8404.46 -469.338 8462.03 -583.892
8417.02 -427.681 8474.88 -552.65
8431.05 -465.432 8487.45 -602.117
8442.45 -456.32 8501.18 -569.573
8457.06 -449.811 8514.04 -603.418
8468.75 -475.846 8527.18 -585.194
8482.19 -456.32 8540.04 -559.159
8494.75 -500.58 8552.6 -564.366
8507.9 -461.527 8566.34 -555.253
8521.34 -458.924 8580.36 -547.443
8534.2 -486.26 8592.92 -582.59
8546.76 -494.071 8604.9 -573.478
8559.91 -469.338 8618.04 -524.011
8573.35 -439.397 8631.77 -553.952
8586.79 -449.811 8645.21 -522.71
8599.06 -440.699 8657.48 -582.59
8612.49 -435.492 8670.62 -546.141
8625.35 -408.155 8682.89 -576.082
8638.49 -432.888 8696.62 -574.78
8650.76 -414.664 8708.89 -602.117
8665.07 -469.338 8722.91 -632.057
8677.34 -444.604 8735.76 -606.022
8691.07 -425.078 8748.9 -625.548
8703.92 -448.51 8760.29 -620.341
8716.48 -456.32 8775.19 -617.738
8729.92 -461.527 8787.74 -591.703
8742.77 -475.846 8800.88 -568.271
8754.74 -490.166 8813.15 -596.91
8768.17 -468.036 8827.75 -572.176
8781.61 -452.415 8839.14 -573.478
8794.17 -465.432 8852.57 -551.348
8807.31 -452.415 8865.13 -539.632
8820.16 -421.173 8878.56 -583.892
8833.3 -415.966 8892.58 -517.503
8846.73 -431.587 8904.84 -551.348
8858.41 -430.285 8917.98 -531.822
8871.55 -417.267 8931.7 -572.176
8884.69 -431.587 8943.67 -569.573
8898.42 -410.759 8957.69 -595.608
8911.85 -409.457 8969.95 -574.78
8924.99 -415.966 8983.09 -581.289
8937.25 -431.587 8995.93 -590.401
8950.39 -452.415 9008.78 -568.271
8963.23 -422.474 9023.37 -560.461
8976.95 -404.25 9035.34 -578.685
8990.39 -458.924 9048.48 -543.538
9002.06 -436.794 9061.32 -581.289
9015.78 -461.527 9075.04 -591.703
9028.92 -477.148 9087.89 -561.762
9042.35 -444.604 9101.02 -604.72
9054.03 -455.018 9113.28 -565.668
9067.45 -453.717 9127.29 -553.952
9081.47 -474.545 9140.14 -550.046
9092.27 -464.131 9152.1 -569.573
9106.86 -466.734 9166.41 -553.952
9119.7 -490.166 9178.95 -573.478
9132.55 -455.018 9191.51 -551.348
9145.39 -484.959 9205.81 -585.194
9158.53 -417.267 9217.19 -572.176
9171.37 -400.345 9230.32 -543.538
9184.5 -404.25 9244.92 -573.478
9197.64 -408.155 9257.17 -565.668
9209.6 -431.587 9269.72 -538.331
9223.9 -423.776 9283.14 -561.762
9236.75 -427.681 9295.4 -593.004
9250.75 -427.681 9309.41 -624.247
9263.3 -419.871 9321.38 -574.78
9274.68 -421.173 9335.38 -611.229
9288.4 -449.811 9346.47 -572.176
9301.53 -410.759 9361.64 -576.082
9314.37 -477.148 9374.19 -534.425
9327.51 -471.941 9387.32 -546.141
9340.34 -488.864 9400.16 -561.762
9352.31 -483.657 9413.59 -576.082
9367.48 -455.018 9426.42 -568.271
9380.03 -482.355 9439.56 -568.271
9391.99 -458.924 9452.69 -563.064
9406 -417.267 9465.52 -539.632
9417.96 -440.699 9478.94 -579.987
9431.09 -443.303 9491.49 -505.787
9444.52 -414.664 9504.33 -534.425
9457.64 -435.492 9518.04 -527.917
9470.48 -417.267 9530.29 -552.65
9483.03 -410.759 9544.59 -613.833
9497.62 -418.569 9556.26 -589.099
9509.29 -378.215 9569.39 -587.797
9522.42 -396.439 9583.1 -573.478
9536.71 -402.948 9595.65 -566.969
9549.55 -439.397 9609.36 -598.211
9560.64 -423.776 9621.32 -581.289
9575.23 -435.492 9635.03 -612.531
9587.48 -434.19 9648.16 -563.064
9601.19 -418.569 9660.7 -573.478
9614.32 -455.018 9674.41 -607.324
9625.99 -427.681 9687.25 -573.478
9640.57 -468.036 9700.08 -615.134
9652.24 -453.717 9713.21 -557.857
9666.25 -444.604 9727.21 -608.626
9679.96 -443.303 9739.46 -587.797
9691.62 -413.362 9752.59 -574.78
9704.75 -458.924 9764.55 -550.046
9717.59 -426.38 9777.97 -557.857
9731.01 -404.25 9791.39 -550.046
9743.84 -384.723 9803.64 -517.503
9756.68 -409.457 9817.64 -572.176
9769.51 -415.966 9830.48 -521.408
9782.93 -393.836 9843.89 -560.461
9795.76 -405.552 9857.02 -593.004
9808.89 -396.439 9869.27 -578.685
9821.72 -406.853 9883.86 -587.797
9834.27 -397.741 9894.94 -622.945
9848.56 -442.001 9908.94 -617.738
9860.23 -397.741 9921.77 -589.099
9873.06 -435.492 9934.61 -590.401
9887.06 -419.871 9947.73 -608.626
9900.19 -425.078 9961.44 -599.513
9912.44 -451.113 9973.98 -579.987
9926.44 -417.267 9987.69 -573.478
9938.1 -421.173 9999.94 -581.289
9952.11 -386.025 10012.5 -539.632
9964.94 -408.155 10026.2 -570.875
9976.9 -438.096 10039 -573.478
9990.61 -426.38 10051.9 -587.797
10003.7 -432.888 10065 -573.478
10017.1 -388.629 10077.8 -550.046
10030 -330.05 10090.1 -492.769
10043.7 -366.499 10104.6 -533.124
10056.2 -348.274 10117.2 -522.71
10068.8 -340.464 10130.6 -530.52
10082.2 -384.723 10143.4 -595.608
10095 -346.973 10156 -568.271
10108.1 -362.594 10168.5 -596.91
10121.6 -343.067 10182.5 -622.945
10133.5 -378.215 10195.6 -604.72
10146.6 -345.671 10208.2 -594.306
10160.1 -376.913 10221.9 -600.815
10172.6 -417.267 10234.7 -577.383
10186 -383.422 10248.1 -603.418
10199.4 -389.931 10260.4 -622.945
10211.7 -405.552 10273.5 -615.134
10225.1 -370.404 10286.9 -637.264
10237 -354.783 10300.3 -586.496
10251.3 -365.197 10313.2 -540.934
10264.5 -339.162 10325.4 -522.71
10276.7 -361.292 10339.1 -508.39
10289 -359.99 10351.4 -572.176
10302.7 -366.499 10364.2 -548.745
10315.2 -361.292 10378.2 -561.762
10329.5 -307.92 10390.8 -566.969
10342 -271.471 10404.2 -565.668
10355.5 -270.169 10418.2 -555.253
10367.7 -287.092 10429 -572.176
10380.5 -277.98 10443.2 -561.762
10394.8 -235.022 10456.4 -565.668
10406.5 -264.962 10469.2 -539.632
10420.5 -268.867 10481.5 -540.934
10432.2 -268.867 10495.2 -561.762
10445.9 -262.358 10508.6 -578.685
10458.4 -293.601 10521.7 -543.538
10472.7 -261.057 10535.1 -533.124
10484.9 -285.79 10546.8 -516.201
10497.5 -268.867 10560.5 -478.45
10511.5 -281.885 10573.6 -475.846
10523.5 -290.997 10586.1 -521.408
10537.4 -283.187 10599.3 -453.717
10550.3 -211.59 10612.4 -509.692
10562.5 -228.513 10625.5 -466.734
10576.5 -206.383 10638.4 -516.201
10589.1 -171.236 10652.1 -518.804
10601 -224.608 10664.3 -462.829
10615.3 -212.892 10677.4 -462.829
10628.1 -242.832 10691.1 -469.338
10641.3 -211.59 10703.7 -468.036
10654.4 -201.176 10717.1 -486.26
10667.5 -139.993 10729.9 -469.338
10680.6 -123.071 10743.1 -514.899
10692.9 -123.071 10756.5 -533.124
10705.4 -151.709 10769.3 -509.692
10717.7 -166.029 10781.6 -531.822
10732.6 -192.064 10794.7 -490.166
10745.1 -192.064 10807.5 -529.218
10758.5 -163.425 10820.4 -552.65
10771.4 -162.123 10834.6 -542.236
10784.5 -115.26 10846.9 -548.745
10796.4 -159.52 10860.9 -483.657
10809.6 -153.011 10873.4 -457.622
10823 -153.011 10886.6 -435.492
10836.1 -125.674 10899.7 -417.267
10849.8 -136.088 10911.9 -375.611
10861.2 -137.39 10926.5 -387.327
10874.9 -107.45 10938.2 -392.534
10888 -86.6215 10951.3 -410.759
10900.9 -85.3197 10964.8 -359.99
10913.1 -56.6811 10977.9 -393.836
10927.4 -47.5688 10991 -384.723
10939.4 -51.474 11004.1 -395.138
10953.4 -34.5512 11016.1 -389.931
10967.4 -17.6284 11029.8 -356.085
10978.5 -31.9477 11041.5 -392.534
10992.8 -51.474 11055.8 -374.309
11005 -51.474 11068.9 -399.043
11018.1 1.89794 11081.7 -384.723
11031.5 -50.1723 11095.1 -386.025
11044.4 -46.267 11108 -363.895
11057.2 -30.646 11120.8 -391.232
11070.3 -54.0776 11133.9 -369.102
11083.2 -61.8881 11147.1 -322.239
11096.6 -67.0951 11160.5 -340.464
11108.6 -41.06 11172.7 -319.636
11121.7 -35.853 11187 -313.127
11134.5 -18.9302 11199.3 -270.169
11148.2 35.7436 11212.7 -288.394
11160.2 50.0629 11224.7 -300.109
11173.6 29.2348 11237.8 -293.601
11187.9 26.6313 11251.8 -268.867
11199.9 93.0208 11264.6 -323.541
11212.4 82.6068 11278.1 -289.695
11226.1 66.9857 11290.3 -251.944
11238.4 81.305 11303.4 -248.039
11251.5 124.263 11316.9 -300.109
11264.9 104.737 11329.7 -259.755
11277.5 96.9261 11342.5 -284.488
11290.6 96.9261 11355.1 -309.222
11303.8 98.2279 11367.6 -287.092
11318 121.659 11381.9 -305.316
11330.6 104.737 11395.1 -318.334
11344 74.7963 11407.3 -257.151
11355.1 73.4945 11420.8 -251.944
11369.1 117.754 11434.8 -257.151
11382.2 96.9261 11447.3 -272.773
11394.8 126.866 11460.4 -229.815
11408.5 115.151 11473.6 -274.074
11420.8 129.47 11486.1 -228.513
11433.9 89.1156 11499.5 -199.874
11446.7 95.6243 11512.7 -168.632
11459.9 112.547 11524.6 -138.692
11473 151.6 11538.7 -106.148
11485.3 181.54 11551.2 -130.881
11498.7 193.256 11564.3 -134.786
11511.5 233.61 11578.1 -137.39
11525.2 258.344 11590.6 -139.993
11538.4 277.87 11603.2 -115.26
11551.8 260.947 11616.9 -108.751
11563.8 242.723 11629.7 -100.941
11577.8 266.154 11643.4 -111.355
11589.4 247.93 11656 -51.474
11603.5 255.74 11668 -60.5863
11616.9 241.421 11682 -26.7407
11629.4 255.74 11695.1 -73.6039
11641.7 283.077 11708.8 -44.9653
11654.8 236.214 11720.8 -56.6811
11667.7 293.491 11734.8 -24.1372
11680.2 236.214 11746.8 -9.81786
11694.2 296.095 11759.6 35.7436
11706.8 285.681 11773.9 11.0102
11720.2 300 11785.3 12.312
11733.3 333.846 11799 -15.0249
11746.2 313.018 11812.5 14.9155
11759 316.923 11825.6 -7.21435
11772.2 335.147 11838.2 22.726
11784.4 354.674 11851.3 91.7191
11797.9 355.975 11864.4 132.074
11811.6 375.502 11878.1 121.659
11823.8 447.098 11891.3 91.7191
11837 423.667 11903.5 83.9085
11851 479.642 11916.7 26.6313
11862.7 451.004 11929.5 29.2348
11875.5 411.951 11942.4 31.8383
11888.7 453.607 11955.2 34.4418
11902.4 435.383 11968.4 61.7787
11915.2 462.719 11981.5 96.9261
11928.4 449.702 11995.2 119.056
11941.5 452.305 12009 90.4173
11954.9 483.548 12019.5 55.2699
11967.5 483.548 12034.1 70.891
11980.4 499.169 12047.5 51.3647
11992.9 488.755 12060.4 90.4173
12005.8 527.807 12073.5 171.126
12019.5 552.541 12087.2 250.533
12032.3 574.67 12099.2 283.077
12045.5 630.646 12112.9 294.793
12057.7 647.569 12125.5 294.793
12071.8 603.309 12139.5 288.284
12083.4 604.611 12152.1 316.923
12096.6 631.948 12164.3 311.716
12110.3 577.274 12177.8 353.372
12123.2 612.421 12191.5 349.467
12135.7 622.835 12203.2 395.028
12148.9 668.397 12217.2 414.554
12162.3 652.776 12230.4 346.863
12174.9 687.923 12243.2 395.028
12188.9 663.19 12255.8 366.39
12200.6 657.983 12269.2 374.2
12213.7 604.611 12281.5 363.786
12226.9 625.439 12295.5 413.253
12240.9 603.309 12308.4 434.081
12253.4 622.835 12321.5 497.867
12265.7 674.906 12334.9 464.021
12279.1 663.19 12348.1 478.341
12291.1 690.527 12360.4 464.021
12305.4 724.372 12373.5 436.684
12318 737.39 12387.3 475.737
12330.9 763.425 12399.8 552.541
12343.7 773.839 12413 560.351
12358 823.306 12426.7 590.291
12370 793.365 12439.6 639.758
12382.9 819.401 12453.3 634.551
12395.7 858.453 12466.4 624.137
12408.3 833.72 12480.2 690.527
12422.6 845.436 12492.5 734.786
12435.2 844.134 12499.5 756.916
12448.6 875.376 12487.2 756.916
12461.8 835.022 12473.7 779.046
