6013.62 -762.233 6025.66 -685.429
6003.63 -564.366 6038.3 -736.198
6000.4 -513.597 6051.81 -755.724
6010.09 -560.461 6064.44 -724.482
6021.55 -533.124 6076.49 -750.517
6035.65 -578.685 6090.59 -763.534
6049.17 -568.271 6103.22 -751.819
6061.21 -593.004 6116.73 -764.836
6074.43 -546.141 6130.24 -730.991
6087.36 -520.106 6142.29 -772.647
6100.58 -542.236 6155.5 -734.896
6113.79 -560.461 6169.31 -750.517
6127.31 -564.366 6181.06 -766.138
6139.94 -590.401 6194.27 -766.138
6153.15 -551.348 6207.78 -737.499
6166.08 -535.727 6220.41 -738.801
6178.41 -521.408 6234.22 -697.145
6192.22 -530.52 6246.84 -725.783
6206.02 -520.106 6259.47 -717.973
6217.77 -513.597 6272.69 -758.327
6230.98 -497.976 6285.9 -785.664
6244.2 -555.253 6299.11 -780.457
6258 -555.253 6312.91 -733.594
6270.04 -530.52 6325.83 -738.801
6283.84 -490.166 6337.28 -680.222
6296.47 -486.26 6351.38 -719.275
6309.1 -508.39 6364.59 -671.11
6322.6 -503.183 6378.1 -720.576
6335.23 -500.58 6389.84 -697.145
6348.44 -540.934 6403.34 -694.541
6361.36 -497.976 6417.14 -738.801
6373.99 -481.053 6429.47 -728.387
6387.49 -494.071 6442.39 -685.429
6400.99 -469.338 6455.01 -686.731
6413.33 -477.148 6468.81 -695.843
6427.12 -503.183 6481.72 -699.748
6439.45 -527.917 6494.05 -708.861
6452.37 -538.331 6507.85 -716.671
6465.28 -542.236 6521.05 -737.499
6479.67 -535.727 6533.38 -690.636
6491.7 -512.296 6547.18 -660.696
6504.91 -507.089 6558.91 -648.98
6517.53 -486.26 6572.41 -632.057
6531.33 -508.39 6586.5 -672.412
6544.24 -471.941 6599.41 -673.713
6557.15 -501.881 6611.44 -655.489
6569.19 -462.829 6624.94 -663.299
6582.98 -468.036 6637.86 -686.731
6597.07 -497.976 6651.35 -686.731
6608.8 -475.846 6663.38 -647.678
6621.72 -432.888 6677.17 -630.755
6634.33 -445.906 6689.79 -637.264
6646.95 -495.373 6702.4 -646.376
6660.74 -477.148 6717.07 -672.412
6674.24 -438.096 6729.1 -656.79
6686.27 -475.846 6741.72 -684.127
6699.76 -494.071 6755.21 -672.412
6712.67 -500.58 6767.82 -650.282
6726.17 -456.32 6781.02 -634.661
6739.37 -478.45 6794.52 -624.247
6752.57 -505.787 6808.01 -643.773
6765.18 -494.071 6820.04 -650.282
6777.8 -514.899 6832.94 -680.222
6791.29 -491.467 6846.43 -663.299
6803.9 -505.787 6859.92 -643.773
6816.52 -466.734 6871.66 -660.696
6829.72 -466.734 6885.44 -613.833
6843.21 -447.208 6898.05 -622.945
6856.4 -482.355 6911.54 -574.78
6869.31 -458.924 6924.44 -607.324
6882.21 -487.562 6937.34 -611.229
6894.82 -466.734 6951.13 -643.773
6907.73 -491.467 6963.44 -665.903
6920.63 -445.906 6976.05 -607.324
6934.41 -451.113 6990.12 -650.282
6947.61 -456.32 7002.44 -639.868
6961.68 -458.924 7015.92 -600.815
6972.82 -444.604 7028.82 -604.72
6986.9 -481.053 7041.43 -593.004
6998.92 -482.355 7054.62 -603.418
7012.99 -481.053 7067.22 -645.075
7025.01 -483.657 7081 -572.176
7038.2 -466.734 7094.19 -630.755
7051.98 -501.881 7106.21 -604.72
7064 -436.794 7119.98 -598.211
7077.19 -490.166 7133.47 -574.78
7090.38 -469.338 7145.78 -570.875
7103.86 -469.338 7159.84 -609.927
7116.17 -483.657 7171.86 -598.211
7129.36 -477.148 7184.76 -546.141
7142.26 -442.001 7197.94 -576.082
7156.03 -444.604 7210.54 -570.875
7167.76 -456.32 7224.31 -594.306
7181.53 -419.871 7237.21 -553.952
7194.72 -436.794 7250.1 -582.59
7207.03 -470.639 7262.99 -608.626
7220.51 -442.001 7276.76 -611.229
7233.69 -479.752 7289.36 -629.454
7246.88 -456.32 7302.84 -583.892
7260.06 -405.552 7315.44 -628.152
7272.37 -465.432 7328.33 -606.022
7284.38 -466.734 7341.51 -600.815
7299.03 -451.113 7354.98 -606.022
7311.92 -509.692 7367.58 -630.755
7323.93 -470.639 7380.76 -604.72
7336.82 -495.373 7392.48 -607.324
7350.88 -501.881 7407.71 -593.004
7362.31 -457.622 7419.13 -590.401
7376.95 -469.338 7432.9 -557.857
7389.84 -458.924 7445.78 -572.176
7402.44 -440.699 7458.38 -540.934
7415.62 -464.131 7472.14 -595.608
7429.38 -474.545 7484.73 -586.496
7441.39 -466.734 7497.62 -527.917
7455.16 -512.296 7510.8 -551.348
7467.75 -464.131 7523.97 -576.082
7480.34 -448.51 7537.44 -537.029
7494.11 -428.983 7549.15 -556.555
7506.99 -438.096 7562.62 -561.762
7519.87 -449.811 7575.51 -579.987
7532.76 -442.001 7588.39 -596.91
7545.93 -482.355 7601.85 -607.324
7558.82 -451.113 7614.15 -598.211
7572.58 -444.604 7628.2 -595.608
7584 -435.492 7641.08 -606.022
7597.46 -428.983 7653.96 -568.271
7610.93 -475.846 7667.72 -570.875
7624.1 -504.485 7679.43 -546.141
7637.28 -468.036 7692.31 -612.531
7649.86 -474.545 7707.82 -600.815
7662.74 -503.183 7718.94 -583.892
7675.33 -455.018 7732.11 -581.289
7688.21 -475.846 7745.28 -551.348
7701.97 -428.983 7757.57 -559.159
7715.43 -435.492 7771.91 -531.822
7727.43 -409.457 7783.91 -530.52
7740.89 -440.699 7797.96 -525.313
7754.06 -464.131 7809.96 -555.253
7766.94 -448.51 7824 -565.668
7779.82 -431.587 7836 -574.78
7793.28 -435.492 7849.75 -587.797
7805.57 -466.734 7863.5 -609.927
7818.44 -413.362 7874.62 -553.952
7831.9 -422.474 7888.66 -569.573
7844.78 -474.545 7901.54 -574.78
7858.53 -444.604 7914.7 -564.366
7871.4 -423.776 7927.57 -574.78
7883.4 -455.018 7941.32 -586.496
7896.86 -451.113 7953.9 -559.159
7910.31 -461.527 7966.48 -539.632
7923.77 -461.527 7980.52 -504.485
7936.06 -470.639 7993.1 -551.348
7948.64 -473.243 8006.55 -516.201
7962.38 -438.096 8018.25 -527.917
7975.55 -483.657 8031.71 -507.089
7988.42 -452.415 8044.57 -525.313
8001.58 -457.622 8058.32 -537.029
8014.16 -401.646 8071.19 -499.278
8026.44 -415.966 8083.47 -499.278
8040.48 -405.552 8097.21 -527.917
8052.47 -456.32 8110.08 -594.306
8066.22 -484.959 8123.24 -551.348
8079.96 -457.622 8135.81 -581.289
8092.24 -401.646 8148.97 -551.348
8105.99 -409.457 8162.71 -533.124
8117.98 -432.888 8175.87 -555.253
8131.14 -439.397 8188.74 -587.797
8143.71 -461.527 8201.01 -535.727
8157.74 -456.32 8215.05 -563.064
8170.32 -449.811 8227.62 -559.159
8182.89 -514.899 8240.48 -505.787
8196.04 -484.959 8253.93 -537.029
8210.08 -482.355 8267.08 -516.201
8222.07 -445.906 8279.65 -505.787
8235.8 -460.225 8292.52 -509.692
8248.67 -422.474 8305.38 -497.976
8260.36 -401.646 8319.11 -500.58
8274.98 -415.966 8331.39 -508.39
8287.55 -443.303 8344.25 -495.373
8299.82 -458.924 8356.82 -529.218
8313.56 -422.474 8370.56 -513.597
8325.84 -423.776 8383.42 -525.313
8338.99 -386.025 8396.86 -504.485
8352.44 -412.06 8410.01 -546.141
8365 -440.699 8422.87 -526.615
8378.74 -427.681 8436.9 -522.71
8391.01 -460.225 8448.88 -543.538
8404.46 -419.871 8461.73 -552.65
8417.32 -444.604 8475.17 -569.573
8430.47 -452.415 8487.45 -537.029
8443.32 -410.759 8500.89 -531.822
8455.89 -404.25 8514.33 -548.745
8468.75 -438.096 8526.89 -559.159
8482.77 -462.829 8540.33 -573.478
8495.34 -470.639 8552.89 -533.124
8508.78 -452.415 8565.75 -514.899
8521.64 -475.846 8578.9 -487.562
8534.49 -504.485 8592.63 -492.769
8547.64 -486.26 8604.9 -517.503
8561.37 -440.699 8618.33 -481.053
8573.64 -452.415 8632.06 -482.355
8586.49 -415.966 8645.21 -503.183
8599.35 -400.345 8657.19 -496.675
8611.62 -430.285 8670.92 -490.166
8625.64 -427.681 8682.89 -512.296
8638.49 -430.285 8696.04 -507.089
8651.05 -419.871 8710.06 -509.692
8664.2 -395.138 8722.61 -517.503
8677.63 -423.776 8735.47 -531.822
8690.19 -414.664 8748.9 -548.745
8703.63 -449.811 8760.58 -521.408
8716.77 -434.19 8774.89 -513.597
8729.62 -445.906 8788.33 -561.762
8742.47 -496.675 8800.59 -546.141
8754.74 -462.829 8813.15 -508.39
8768.76 -460.225 8826.58 -517.503
8781.03 -461.527 8839.72 -526.615
8794.46 -444.604 8852.86 -518.804
8807.02 -457.622 8866 -531.822
8820.45 -451.113 8878.56 -552.65
8834.47 -443.303 8891.41 -503.183
8845.86 -442.001 8905.13 -512.296
8859.58 -465.432 8917.69 -488.864
8872.43 -440.699 8931.41 -478.45
8884.69 -439.397 8944.26 -501.881
8898.71 -395.138 8955.93 -534.425
8910.97 -373.008 8969.95 -534.425
8924.4 -436.794 8983.09 -516.201
8937.54 -425.078 8996.22 -550.046
8950.97 -458.924 9009.07 -547.443
8963.82 -409.457 9023.08 -542.236
8976.08 -436.794 9035.34 -547.443
8990.09 -464.131 9048.48 -599.513
9002.35 -413.362 9061.61 -563.064
9014.91 -445.906 9073.88 -589.099
9027.46 -425.078 9087.01 -552.65
9041.18 -475.846 9100.73 -548.745
9054.32 -461.527 9113.58 -540.934
9067.16 -460.225 9127.88 -495.373
9080.01 -468.036 9139.26 -490.166
9094.02 -455.018 9152.69 -507.089
9106.86 -439.397 9165.82 -501.881
9120 -443.303 9179.25 -518.804
9132.26 -427.681 9191.51 -531.822
9146.27 -435.492 9204.93 -525.313
9158.82 -404.25 9218.36 -546.141
9170.78 -426.38 9231.2 -525.313
9184.79 -443.303 9244.33 -550.046
9197.05 -408.155 9256.88 -539.632
9210.77 -421.173 9270.31 -535.727
9223.61 -406.853 9282.85 -589.099
9237.04 -418.569 9295.7 -551.348
9249.3 -406.853 9309.41 -561.762
9262.43 -415.966 9321.96 -557.857
9275.56 -453.717 9334.8 -533.124
9289.27 -412.06 9347.35 -557.857
9302.12 -410.759 9361.35 -500.58
9314.08 -427.681 9373.9 -542.236
9327.51 -448.51 9387.62 -529.218
9340.93 -468.036 9400.16 -544.839
9354.35 -428.983 9413.59 -520.106
9366.61 -479.752 9426.42 -555.253
9380.03 -447.208 9439.56 -520.106
9392.58 -468.036 9452.1 -505.787
9405.13 -456.32 9466.11 -483.657
9417.67 -440.699 9478.36 -507.089
9431.68 -460.225 9491.49 -543.538
9444.81 -408.155 9504.04 -503.183
9457.64 -389.931 9518.04 -522.71
9471.07 -419.871 9529.42 -516.201
9483.32 -479.752 9543.72 -530.52
9497.62 -428.983 9556.84 -522.71
9509 -434.19 9570.27 -539.632
9523 -412.06 9582.81 -573.478
9536.71 -353.481 9595.06 -604.72
9548.97 -383.422 9609.36 -577.383
9561.51 -408.155 9621.61 -542.236
9575.23 -417.267 9635.61 -560.461
9587.19 -448.51 9647.28 -548.745
9600.61 -453.717 9661.87 -564.366
9613.44 -468.036 9674.12 -543.538
9626.86 -410.759 9686.67 -539.632
9638.82 -413.362 9700.38 -577.383
9651.95 -412.06 9713.8 -573.478
9665.66 -419.871 9726.34 -553.952
9678.5 -397.741 9739.46 -520.106
9691.92 -449.811 9752.01 -516.201
9704.75 -451.113 9764.55 -500.58
9717.59 -432.888 9777.97 -516.201
9731.01 -421.173 9791.68 -531.822
9743.26 -423.776 9805.1 -524.011
9757.26 -367.801 9816.77 -533.124
9770.1 -396.439 9830.77 -565.668
9782.64 -353.481 9843.31 -563.064
9795.76 -354.783 9856.73 -525.313
9808.89 -387.327 9868.4 -518.804
9822.02 -417.267 9882.69 -517.503
9834.56 -397.741 9895.52 -535.727
9847.1 -404.25 9908.65 -552.65
9860.52 -388.629 9922.06 -594.306
9873.06 -402.948 9934.02 -569.573
9887.64 -374.309 9948.61 -557.857
9899.9 -383.422 9960.86 -564.366
9913.32 -397.741 9973.98 -565.668
9925.86 -421.173 9987.4 -574.78
9938.4 -425.078 9999.94 -568.271
9951.23 -412.06 10012.5 -587.797
9965.23 -405.552 10025.9 -583.892
9978.07 -406.853 10039 -612.531
9989.73 -397.741 10052.1 -524.011
10004.6 -378.215 10064.7 -539.632
10016.3 -374.309 10077.5 -488.864
10029.7 -327.446 10090.4 -520.106
10042.2 -358.688 10104.1 -581.289
10056.2 -333.955 10117.8 -590.401
10069.1 -345.671 10130.3 -589.099
10082.2 -309.222 10143.4 -617.738
10095 -309.222 10156 -613.833
10107.8 -326.144 10169.4 -585.194
10120.4 -309.222 10183.1 -595.608
10134.7 -346.973 10195 -604.72
10146.6 -352.18 10208.2 -617.738
10160.6 -336.559 10222.2 -606.022
10172.6 -379.516 10233.8 -650.282
10185.7 -354.783 10248.1 -635.962
10198.5 -341.766 10261.3 -647.678
10211.4 -333.955 10273.8 -566.969
10224.5 -337.86 10286.3 -572.176
10238.2 -392.534 10299.8 -577.383
10250.8 -348.274 10312.9 -563.064
10264.5 -336.559 10326 -573.478
10277 -301.411 10338.3 -579.987
10289.6 -310.523 10352 -624.247
10302.7 -293.601 10365.1 -594.306
10316.1 -298.808 10378.2 -552.65
10328.9 -283.187 10391.3 -565.668
10341.8 -279.281 10403 -548.745
10355.5 -262.358 10417.6 -566.969
10367.4 -294.902 10430.4 -573.478
10381.1 -250.643 10443.8 -579.987
10393.7 -251.944 10456.4 -613.833
10407.1 -228.513 10468.9 -564.366
10419.3 -255.85 10481.5 -589.099
10433.3 -238.927 10495.5 -576.082
10445.9 -255.85 10508.3 -556.555
10459 -228.513 10521.7 -565.668
10471.8 -274.074 10534.2 -546.141
10484.4 -298.808 10547.1 -564.366
10498.4 -264.962 10560.5 -561.762
10510 -254.548 10573.6 -491.467
10524.6 -275.376 10586.7 -513.597
10537.4 -208.986 10599.3 -488.864
10550.3 -214.194 10612.7 -462.829
10562.8 -238.927 10625.8 -460.225
10575.9 -248.039 10638.9 -487.562
10589.1 -259.755 10652.1 -499.278
10601.9 -229.815 10664.9 -495.373
10614.7 -197.271 10677.4 -509.692
10627.3 -176.443 10690.9 -518.804
10641.6 -171.236 10703.7 -525.313
10654.1 -164.727 10715.9 -464.131
10667.2 -153.011 10730.2 -481.053
10679.5 -136.088 10742.8 -508.39
10692.6 -172.537 10756.8 -524.011
10706.3 -177.744 10769 -527.917
10718.3 -163.425 10781.3 -513.597
10731.7 -129.579 10795.3 -477.148
10745.1 -137.39 10807.2 -419.871
10757.1 -137.39 10820.9 -470.639
10771.6 -137.39 10833.5 -460.225
10783.3 -141.295 10846.9 -458.924
10796.7 -184.253 10859.7 -495.373
10810.1 -159.52 10873.2 -477.148
10822.7 -195.969 10886.9 -517.503
10836.1 -181.65 10899.1 -457.622
10848.6 -123.071 10913.1 -393.836
10862.4 -112.657 10925.4 -339.162
10875.8 -73.6039 10938.2 -387.327
10888 -73.6039 10950.7 -389.931
10900.9 -98.3372 10965.3 -396.439
10914.9 -43.6635 10977.3 -389.931
10927.4 -73.6039 10991 -415.966
10940.2 -44.9653 11004.1 -426.38
10953.1 -37.1547 11017.5 -440.699
10965.9 -35.853 11029.5 -400.345
10979 16.2173 11042.6 -432.888
10991.6 -21.5337 11055.5 -384.723
11005.3 -7.21435 11069.2 -413.362
11017.8 -17.6284 11082 -408.155
11031.5 -8.5161 11094.6 -432.888
11044.1 -29.3442 11107.4 -410.759
11056.3 -48.8705 11121.1 -413.362
11070 -50.1723 11134.2 -379.516
11082.9 -43.6635 11147.6 -348.274
11095.4 -35.853 11159.3 -361.292
11108.3 -25.4389 11173 -352.18
11123.2 27.9331 11185.9 -331.352
11135.4 -3.30908 11199.6 -340.464
11147.9 -17.6284 11212.7 -339.162
11161.1 -8.5161 11224.4 -311.825
11173.3 22.726 11238.1 -275.376
11187.6 44.8559 11251.2 -250.643
11200.5 77.3998 11264.1 -271.471
11213 89.1156 11277.8 -232.418
11225.8 115.151 11290.6 -262.358
11239.3 124.263 11303.8 -283.187
11252.1 104.737 11316.6 -268.867
11265.2 116.452 11329.4 -306.618
11278.1 109.944 11342.8 -297.506
11290.9 107.34 11355.1 -293.601
11304.6 154.203 11369.1 -293.601
11317.2 175.031 11382.2 -274.074
11330.3 169.824 11395.7 -228.513
11343.1 163.316 11407.3 -279.281
11356 159.41 11421 -274.074
11369.7 111.245 11433.9 -287.092
11381.9 99.5296 11447 -229.815
11395.1 143.789 11460.7 -228.513
11407.9 122.961 11473.3 -199.874
11420.8 178.937 11486.1 -141.295
11433.6 182.842 11499.3 -162.123
11447 237.516 11512.4 -151.709
11460.4 216.688 11525.8 -150.407
11473 234.912 11539 -158.218
11486.1 259.646 11551.8 -158.218
11498.7 236.214 11564.9 -159.52
11512.1 255.74 11578.1 -146.502
11525.5 266.154 11590.3 -119.165
11539 268.758 11603.7 -111.355
11551.5 292.189 11617.2 -139.993
11563.8 313.018 11628.6 -102.243
11577.5 283.077 11642.8 -116.562
11590.6 311.716 11656 -154.313
11603.5 258.344 11668.8 -119.165
11616.3 281.775 11682.3 -158.218
11629.4 283.077 11694.8 -117.864
11642.6 276.568 11708.2 -108.751
11655.1 305.207 11721.7 -63.1898
11667.7 324.733 11733.9 -84.0179
11680.2 309.112 11747.1 -50.1723
11693.9 332.544 11759.9 -9.81786
11707.7 335.147 11774.2 -16.3266
11719.6 339.053 11785.9 -33.2495
11732.8 387.218 11799.3 18.8208
11745.6 397.632 11811.6 -5.91259
11759.6 415.856 11825.3 52.6664
11772.2 437.986 11838.4 69.5892
11784.4 449.702 11851.6 68.2875
11798.7 458.814 11864.4 82.6068
11811.3 466.625 11877.3 82.6068
11824.7 493.962 11891.6 109.944
11837.3 487.453 11903.5 82.6068
11851 480.944 11916.7 104.737
11862.4 482.246 11929.5 69.5892
11876.1 457.512 11943 94.3226
11889.8 470.53 11955.8 87.8138
11902.1 418.46 11968.7 109.944
11915.8 457.512 11982.7 124.263
11928.4 469.228 11995.2 138.582
11941.8 453.607 12007.8 139.884
11953.8 470.53 12021.5 165.919
11966.6 490.056 12034.1 148.996
11980.1 484.849 12047.5 193.256
11992.9 522.6 12059.8 225.8
12005.8 460.116 12073.5 211.481
12018.6 475.737 12087.2 266.154
12032 486.151 12098.9 266.154
12045.5 522.6 12112.3 290.888
12058 561.653 12125.8 298.698
12071.2 618.93 12139.2 306.509
12083.7 650.172 12150.9 324.733
12097.2 609.818 12164.3 335.147
12109.7 579.878 12177.5 342.958
12123.2 592.895 12191.2 346.863
12136.9 581.179 12204.4 333.846
12148.9 633.249 12216.6 358.579
12161.4 695.734 12230.1 385.916
12175.1 690.527 12243.5 396.33
12188.9 657.983 12255.8 382.011
12201.1 698.337 12269.5 382.011
12214.3 647.569 12282.9 359.881
12227.7 660.586 12294.6 406.744
12239.7 626.741 12308.6 441.891
12253.1 647.569 12321.2 448.4
12266 641.06 12335.2 437.986
12279.1 694.432 12347.8 504.376
12292.6 721.769 12361.2 514.79
12305.1 777.744 12373.5 527.807
12318 795.969 12386.7 525.204
12330.9 836.323 12400.4 530.411
12344.6 753.011 12413.3 559.049
12357.4 771.236 12426.1 595.499
12370.3 763.425 12439.8 620.232
12383.7 797.271 12452.7 682.716
12396.3 845.436 12466.1 659.285
12408.9 862.358 12480.8 703.544
12421.7 885.79 12493.9 737.39
12435.2 894.902 12500.3 771.236
12448.3 875.376 12486.9 732.183
12461.2 797.271 12473.4 759.52
