6013.62 -772.647 6025.08 -746.612
6004.51 -595.608 6039.77 -785.664
5999.81 -551.348 6051.52 -802.587
6010.09 -578.685 6065.32 -836.433
6022.14 -548.745 6077.96 -816.906
6035.07 -550.046 6091.18 -792.173
6047.99 -579.987 6103.81 -813.001
6061.8 -585.194 6117.02 -828.622
6074.14 -563.064 6130.24 -836.433
6087.36 -568.271 6142.87 -807.794
6100.87 -526.615 6156.38 -827.32
6113.5 -595.608 6168.13 -841.64
6126.43 -565.668 6182.23 -858.563
6140.23 -561.762 6194.86 -823.415
6153.45 -573.478 6207.78 -833.829
6165.78 -550.046 6221 -820.812
6178.71 -560.461 6233.92 -832.527
6191.92 -570.875 6247.14 -802.587
6205.73 -560.461 6260.35 -828.622
6218.36 -543.538 6273.57 -807.794
6231.57 -520.106 6286.49 -773.949
6245.08 -518.804 6299.11 -785.664
6256.83 -510.994 6312.91 -788.268
6270.04 -552.65 6325.25 -750.517
6283.26 -505.787 6338.75 -768.742
6295.88 -509.692 6351.38 -762.233
6309.98 -504.485 6363.71 -785.664
6322.6 -516.201 6376.92 -772.647
6335.52 -495.373 6389.84 -742.706
6349.03 -473.243 6403.05 -729.689
6361.65 -521.408 6416.85 -737.499
6374.28 -491.467 6428.59 -785.664
6386.9 -481.053 6442.98 -757.026
6400.7 -479.752 6455.6 -763.534
6414.21 -512.296 6468.22 -798.682
6426.54 -507.089 6481.43 -789.57
6439.75 -509.692 6494.05 -749.215
6451.78 -527.917 6506.67 -773.949
6465.87 -487.562 6520.47 -711.464
6479.96 -533.124 6533.38 -698.447
6491.7 -518.804 6546.88 -716.671
6504.32 -537.029 6559.8 -720.576
6517.83 -529.218 6572.12 -723.18
6530.74 -504.485 6585.62 -760.931
6543.95 -501.881 6598.53 -720.576
6557.15 -495.373 6612.62 -717.973
6569.48 -499.278 6624.65 -686.731
6583.27 -478.45 6638.15 -691.938
6595.6 -470.639 6651.06 -685.429
6608.51 -504.485 6664.56 -708.861
6622.6 -495.373 6677.76 -671.11
6634.92 -487.562 6688.91 -706.257
6648.12 -432.888 6702.99 -715.369
6661.03 -482.355 6716.19 -704.955
6673.65 -462.829 6729.1 -703.654
6687.44 -478.45 6741.72 -680.222
6699.76 -484.959 6755.5 -688.033
6713.26 -505.787 6768.41 -690.636
6725.87 -478.45 6781.32 -691.938
6739.66 -495.373 6793.93 -689.334
6751.4 -494.071 6807.13 -680.222
6765.48 -478.45 6820.04 -711.464
6778.39 -460.225 6833.24 -697.145
6791.29 -445.906 6846.43 -680.222
6803.61 -466.734 6859.63 -652.885
6817.4 -500.58 6872.24 -642.471
6830.59 -473.243 6885.15 -622.945
6842.91 -448.51 6898.05 -642.471
6856.11 -436.794 6910.66 -675.015
6869.02 -430.285 6923.56 -655.489
6882.8 -445.906 6937.34 -643.773
6895.7 -410.759 6950.54 -648.98
6908.31 -447.208 6963.44 -685.429
6921.51 -474.545 6976.63 -673.713
6934.41 -461.527 6989.24 -643.773
6947.31 -455.018 7002.73 -669.808
6960.8 -456.32 7015.92 -637.264
6974 -483.657 7028.82 -680.222
6985.43 -465.432 7041.43 -661.997
6999.5 -501.881 7054.33 -676.317
7012.4 -479.752 7067.22 -661.997
7025.6 -513.597 7081.29 -656.79
7037.91 -462.829 7094.19 -620.341
7051.1 -473.243 7106.79 -639.868
7064.29 -482.355 7120.28 -630.755
7076.9 -458.924 7133.17 -638.566
7090.38 -482.355 7145.48 -651.583
7103.28 -458.924 7158.38 -639.868
7115.88 -491.467 7171.86 -621.643
7129.66 -492.769 7185.05 -616.436
7142.26 -481.053 7197.94 -590.401
7154.57 -477.148 7211.13 -593.004
7168.93 -440.699 7224.02 -599.513
7181.53 -471.941 7236.62 -603.418
7194.43 -458.924 7250.1 -643.773
7207.03 -451.113 7262.41 -617.738
7219.92 -439.397 7276.18 -639.868
7233.69 -436.794 7289.95 -607.324
7246.88 -451.113 7301.37 -628.152
7259.77 -456.32 7314.85 -602.117
7272.08 -468.036 7329.2 -634.661
7284.97 -475.846 7341.51 -671.11
7298.44 -474.545 7354.98 -632.057
7312.21 -451.113 7367.29 -629.454
7325.1 -478.45 7380.18 -658.092
7337.11 -475.846 7393.65 -587.797
7351.47 -497.976 7406.24 -589.099
7363.77 -468.036 7419.72 -598.211
7376.95 -513.597 7432.6 -622.945
7388.67 -491.467 7445.78 -598.211
7402.73 -443.303 7457.79 -637.264
7415.62 -468.036 7470.68 -594.306
7428.8 -464.131 7484.44 -565.668
7441.39 -451.113 7497.91 -604.72
7454.28 -461.527 7510.5 -572.176
7468.04 -466.734 7524.56 -579.987
7480.34 -455.018 7537.15 -600.815
7493.52 -438.096 7548.86 -574.78
7507.57 -444.604 7562.62 -560.461
7519.87 -432.888 7575.21 -620.341
7532.76 -458.924 7589.27 -624.247
7545.35 -436.794 7601.85 -602.117
7559.69 -451.113 7615.03 -573.478
7571.99 -468.036 7628.79 -574.78
7584 -435.492 7641.38 -583.892
7598.05 -464.131 7653.67 -632.057
7609.76 -456.32 7668.01 -596.91
7623.23 -491.467 7679.14 -624.247
7637.28 -470.639 7693.77 -599.513
7650.45 -457.622 7706.36 -563.064
7663.04 -482.355 7719.82 -573.478
7675.04 -475.846 7732.41 -578.685
7688.8 -483.657 7745.87 -577.383
7702.26 -481.053 7758.16 -550.046
7714.26 -431.587 7770.45 -543.538
7728.6 -415.966 7785.08 -586.496
7740.31 -430.285 7797.08 -578.685
7753.19 -436.794 7810.83 -574.78
7766.06 -462.829 7823.71 -522.71
7780.4 -438.096 7836.29 -578.685
7792.69 -447.208 7849.75 -589.099
7805.27 -448.51 7862.92 -581.289
7818.74 -422.474 7875.79 -560.461
7831.9 -423.776 7888.08 -616.436
7845.07 -468.036 7902.71 -585.194
7858.24 -475.846 7913.82 -574.78
7870.82 -510.994 7927.57 -561.762
7884.57 -484.959 7940.74 -560.461
7897.15 -469.338 7953.61 -566.969
7910.02 -458.924 7966.77 -576.082
7923.19 -504.485 7980.52 -600.815
7936.06 -479.752 7992.51 -603.418
7948.93 -483.657 8005.97 -564.366
7962.09 -471.941 8017.96 -572.176
7974.96 -435.492 8032.58 -581.289
7987.83 -439.397 8044.28 -564.366
8001.29 -431.587 8058.32 -509.692
8013.86 -447.208 8070.31 -577.383
8026.73 -443.303 8084.05 -539.632
8039.6 -452.415 8096.34 -547.443
8053.64 -425.078 8109.79 -556.555
8065.92 -409.457 8123.53 -624.247
8079.38 -460.225 8137.28 -586.496
8093.41 -452.415 8149.56 -576.082
8105.11 -434.19 8163.01 -557.857
8118.85 -405.552 8174.99 -611.229
8131.14 -449.811 8188.74 -581.289
8143.41 -453.717 8201.31 -602.117
8156.28 -402.948 8215.05 -609.927
8170.02 -447.208 8227.62 -576.082
8183.18 -487.562 8240.19 -548.745
8197.22 -505.787 8253.93 -548.745
8209.2 -470.639 8266.79 -531.822
8222.07 -466.734 8279.07 -535.727
8235.8 -479.752 8292.52 -501.881
8247.5 -483.657 8306.26 -483.657
8261.82 -481.053 8319.41 -538.331
8274.68 -470.639 8331.1 -553.952
8286.96 -517.503 8345.13 -547.443
8300.99 -486.26 8358.28 -561.762
8312.98 -435.492 8370.85 -526.615
8326.42 -452.415 8384.29 -510.994
8339.28 -452.415 8397.44 -583.892
8352.14 -445.906 8410.01 -560.461
8364.13 -425.078 8422.28 -573.478
8377.57 -444.604 8436.6 -561.762
8391.01 -423.776 8448.58 -543.538
8404.46 -418.569 8462.03 -566.969
8417.02 -414.664 8474.88 -570.875
8430.17 -445.906 8488.62 -578.685
8443.62 -442.001 8500.6 -583.892
8456.18 -422.474 8514.04 -589.099
8468.75 -484.959 8527.18 -576.082
8482.48 -466.734 8540.33 -586.496
8494.75 -461.527 8552.89 -557.857
8508.78 -491.467 8566.34 -561.762
8521.05 -469.338 8579.77 -548.745
8534.78 -448.51 8592.34 -560.461
8547.34 -445.906 8605.77 -530.52
8559.91 -452.415 8618.92 -531.822
8573.35 -479.752 8631.77 -535.727
8586.49 -464.131 8644.33 -560.461
8599.06 -451.113 8657.19 -539.632
8613.08 -453.717 8669.75 -578.685
8625.35 -419.871 8684.65 -568.271
8638.2 -432.888 8696.04 -543.538
8651.34 -439.397 8710.06 -595.608
8665.36 -410.759 8722.32 -568.271
8677.63 -457.622 8735.76 -578.685
8690.49 -473.243 8748.9 -598.211
8703.63 -444.604 8761.75 -604.72
8716.19 -482.355 8774.31 -569.573
8729.92 -458.924 8787.74 -589.099
8742.18 -473.243 8800.88 -595.608
8755.03 -484.959 8814.03 -565.668
8769.64 -482.355 8826.29 -572.176
8781.32 -461.527 8838.85 -602.117
8794.75 -483.657 8853.74 -587.797
8807.31 -456.32 8866.3 -579.987
8821.62 -468.036 8879.14 -546.141
8833.3 -470.639 8892.28 -544.839
8847.02 -444.604 8904.84 -561.762
8859.87 -468.036 8917.69 -527.917
8872.72 -448.51 8930.53 -540.934
8885.57 -464.131 8944.55 -510.994
8897.83 -439.397 8957.69 -512.296
8911.85 -443.303 8970.53 -543.538
8923.82 -408.155 8983.09 -524.011
8937.83 -432.888 8995.93 -566.969
8950.39 -451.113 9009.36 -560.461
8962.94 -452.415 9021.62 -553.952
8976.66 -438.096 9035.34 -596.91
8989.51 -425.078 9048.19 -568.271
9003.52 -456.32 9061.32 -560.461
9016.07 -434.19 9073.58 -577.383
9028.04 -435.492 9087.3 -596.91
9041.18 -455.018 9100.73 -555.253
9054.61 -457.622 9113.87 -556.555
9066.87 -525.313 9126.71 -550.046
9080.3 -477.148 9140.14 -578.685
9093.43 -452.415 9152.1 -550.046
9105.98 -466.734 9165.82 -548.745
9120 -507.089 9178.66 -538.331
9132.55 -475.846 9191.51 -516.201
9145.68 -431.587 9205.23 -561.762
9158.23 -482.355 9217.77 -534.425
9171.66 -442.001 9231.2 -492.769
9184.79 -448.51 9244.04 -548.745
9197.34 -486.26 9256.88 -550.046
9210.19 -457.622 9269.72 -561.762
9223.61 -447.208 9283.14 -569.573
9236.75 -473.243 9296.57 -579.987
9249.59 -397.741 9309.7 -566.969
9262.72 -400.345 9322.25 -564.366
9274.97 -410.759 9334.8 -600.815
9288.69 -445.906 9347.93 -595.608
9301.24 -432.888 9360.19 -593.004
9314.95 -409.457 9374.19 -582.59
9327.8 -452.415 9386.74 -593.004
9340.34 -492.769 9401.04 -561.762
9354.64 -457.622 9413.29 -578.685
9367.19 -443.303 9426.42 -547.443
9379.45 -481.053 9440.14 -500.58
9393.16 -466.734 9451.81 -561.762
9405.13 -479.752 9465.52 -572.176
9419.13 -469.338 9479.53 -534.425
9430.8 -460.225 9491.49 -551.348
9445.39 -439.397 9504.91 -538.331
9458.23 -448.51 9517.46 -555.253
9470.78 -440.699 9530.29 -534.425
9483.03 -427.681 9543.72 -526.615
9496.74 -402.948 9557.72 -573.478
9509.87 -408.155 9569.97 -546.141
9523 -419.871 9582.52 -546.141
9535.55 -413.362 9596.52 -564.366
9550.43 -442.001 9609.36 -568.271
9561.8 -458.924 9622.19 -596.91
9574.93 -442.001 9634.16 -535.727
9587.77 -426.38 9649.03 -566.969
9600.9 -400.345 9661.29 -551.348
9613.73 -465.432 9673.83 -589.099
9625.99 -428.983 9686.96 -603.418
9639.7 -445.906 9700.08 -622.945
9651.66 -470.639 9712.92 -563.064
9665.95 -483.657 9726.34 -579.987
9679.66 -471.941 9738.01 -527.917
9691.92 -471.941 9751.72 -530.52
9704.46 -468.036 9764.55 -509.692
9718.17 -452.415 9777.97 -542.236
9730.42 -452.415 9791.97 -535.727
9744.13 -425.078 9804.22 -573.478
9756.09 -414.664 9816.77 -574.78
9770.39 -423.776 9830.48 -565.668
9783.51 -387.327 9843.31 -587.797
9795.76 -414.664 9855.85 -611.229
9808.31 -399.043 9869.85 -615.134
9821.72 -379.516 9882.69 -625.548
9834.27 -406.853 9895.52 -641.169
9849.14 -426.38 9908.06 -628.152
9860.52 -448.51 9921.77 -630.755
9874.23 -462.829 9934.9 -620.341
9886.48 -461.527 9948.02 -617.738
9899.32 -418.569 9959.98 -612.531
9912.73 -422.474 9974.27 -609.927
9925.86 -430.285 9986.82 -591.703
9938.4 -431.587 10000.2 -619.04
9952.11 -423.776 10013.1 -619.04
9964.94 -401.646 10025.6 -603.418
9977.48 -422.474 10038.4 -576.082
9990.61 -425.078 10052.4 -550.046
10003.7 -456.32 10064.7 -587.797
10017.1 -414.664 10078.7 -574.78
10029.4 -431.587 10091.5 -593.004
10042.5 -387.327 10104.4 -589.099
10055.1 -414.664 10117.8 -598.211
10068.8 -362.594 10130 -611.229
10082.5 -375.611 10143.4 -620.341
10094.4 -378.215 10155.7 -647.678
10107.3 -392.534 10170 -628.152
10121 -431.587 10182.8 -600.815
10133.2 -357.387 10194.8 -688.033
10146.9 -404.25 10207.9 -650.282
10158.9 -354.783 10221.3 -667.205
10172.9 -399.043 10233.5 -678.92
10185.1 -396.439 10247.6 -609.927
10198.3 -423.776 10261.3 -650.282
10211.4 -425.078 10273.2 -633.359
10224.8 -408.155 10286.9 -638.566
10237.6 -421.173 10300.1 -668.506
10251.6 -397.741 10313.2 -650.282
10263.9 -391.232 10324.8 -613.833
10276.7 -378.215 10339.7 -574.78
10290.4 -404.25 10352 -565.668
10302.7 -353.481 10364.8 -576.082
10316.1 -391.232 10377.6 -543.538
10328.6 -348.274 10390.8 -557.857
10341.8 -391.232 10403.3 -582.59
10355.2 -348.274 10417.3 -620.341
10368.9 -324.843 10430.4 -626.85
10380.8 -315.73 10442.7 -632.057
10394.5 -297.506 10456.4 -642.471
10407.1 -328.748 10468.9 -564.366
10419.9 -305.316 10482.9 -564.366
10433 -280.583 10495.7 -587.797
10445.3 -292.299 10507.4 -606.022
10458.7 -293.601 10520.8 -634.661
10472.7 -310.523 10534.2 -632.057
10485.2 -290.997 10546.8 -661.997
10498.1 -305.316 10559.9 -606.022
10511.5 -353.481 10573.9 -606.022
10523.7 -296.204 10586.4 -525.313
10536.9 -298.808 10598.7 -513.597
10550 -297.506 10613 -566.969
10563.1 -275.376 10625.5 -570.875
10575.6 -244.134 10638.6 -565.668
10589.1 -229.815 10652.9 -569.573
10601.6 -246.737 10664 -540.934
10614.4 -224.608 10677.1 -531.822
10627.6 -198.572 10690.9 -504.485
10640.7 -223.306 10703.4 -527.917
10654.4 -227.211 10717.1 -503.183
10666.9 -208.986 10729.4 -521.408
10679.8 -184.253 10743.1 -534.425
10693.2 -181.65 10755.9 -550.046
10706.3 -159.52 10768.4 -547.443
10718 -155.615 10781.9 -520.106
10732.9 -192.064 10795.6 -513.597
10744.2 -192.064 10808.4 -534.425
10757.9 -202.478 10820.9 -448.51
10770.5 -190.762 10834.6 -492.769
10784.5 -175.141 10847.5 -503.183
10797.3 -147.804 10859.7 -482.355
10810.4 -171.236 10874 -470.639
10822.7 -162.123 10887.1 -434.19
10835.2 -185.555 10899.4 -422.474
10849.5 -173.839 10912.5 -426.38
10861.5 -173.839 10924.8 -412.06
10874 -169.934 10938.2 -415.966
10887.4 -130.881 10952.5 -435.492
10901.2 -50.1723 10965 -423.776
10914.3 -90.5267 10978.2 -439.397
10927.1 -52.7758 10990.4 -373.008
10940.5 -69.6986 11004.1 -422.474
10952.8 -31.9477 11015.8 -376.913
10966.8 -76.2074 11030.1 -410.759
10978.2 -44.9653 11042.9 -396.439
10992.5 -73.6039 11055.8 -401.646
11005.3 -28.0424 11068.9 -413.362
11017.8 11.0102 11082 -419.871
11031.5 -69.6986 11095.4 -458.924
11044.1 -63.1898 11108 -418.569
11057.2 -61.8881 11122 -409.457
11069.5 -61.8881 11134.2 -401.646
11083.2 -64.4916 11146.5 -366.499
11095.7 -71.0004 11160.2 -378.215
11108.9 -50.1723 11173.3 -400.345
11122.6 -26.7407 11185.6 -361.292
11134.8 -20.2319 11199.3 -327.446
11147.4 -12.4214 11212.4 -317.032
11161.4 -34.5512 11226.1 -285.79
11173.6 -15.0249 11238.7 -274.074
11186.8 -9.81786 11251.2 -242.832
11200.8 1.89794 11264.1 -235.022
11213 -3.30908 11277.8 -258.453
11226.4 47.4594 11290.6 -293.601
11239.6 60.4769 11303.8 -283.187
11252.1 120.358 11316.3 -262.358
11265.8 82.6068 11329.4 -261.057
11278.1 76.098 11342.5 -219.401
11290.9 66.9857 11356 -261.057
11303.8 29.2348 11369.7 -249.341
11317.5 81.305 11381.9 -275.376
11330 68.2875 11395.4 -255.85
11342.8 86.5121 11407 -259.755
11356.3 130.772 11421.3 -245.436
11369.4 128.168 11433.6 -248.039
11382.2 89.1156 11447 -198.572
11394.2 80.0033 11460.4 -134.786
11407.6 100.831 11473 -184.253
11421.6 90.4173 11486.1 -179.046
11433.9 113.849 11499.3 -210.288
11447.3 158.109 11511.8 -175.141
11459.9 160.712 11525.2 -156.916
11472.7 211.481 11538.4 -136.088
11485.8 233.61 11551.8 -102.243
11499.5 225.8 11564 -76.2074
11512.1 204.972 11577.8 -91.8285
11524.9 229.705 11590.9 -98.3372
11539 247.93 11603.7 -126.976
11550.6 268.758 11617.2 -120.467
11563.2 279.172 11629.7 -147.804
11577.2 241.421 11642.3 -100.941
11590 297.397 11655.4 -82.7162
11603.2 260.947 11668.5 -93.1302
11616.3 271.361 11681.4 -113.958
11630 225.8 11695.7 -125.674
11641.7 215.386 11708 -126.976
11655.1 263.551 11720.2 -129.579
11667.4 246.628 11733.9 -106.148
11680.5 272.663 11746.8 -87.9232
11693.6 283.077 11761.1 -77.5092
11707.4 272.663 11774.2 -31.9477
11720.5 316.923 11785.9 -3.30908
11732.8 275.267 11800.5 18.8208
11746.5 281.775 11813 5.80321
11759 303.905 11824.4 11.0102
11772.8 337.751 11838.7 22.726
11784.1 344.26 11851.6 51.3647
11798.1 384.614 11864.1 29.2348
11811.6 389.821 11877.6 96.9261
11824.1 382.011 11891 57.8734
11837.9 395.028 11903 115.151
11850.7 418.46 11917.6 93.0208
11863 437.986 11929.5 57.8734
11876.1 457.512 11942.4 59.1752
11888.9 487.453 11956.4 76.098
11902.4 477.039 11969 60.4769
11914.9 464.021 11980.9 113.849
11929 431.477 11994.9 141.186
11941.2 431.477 12008.7 130.772
11954.7 431.477 12020.6 113.849
11967.5 477.039 12034.1 117.754
11980.4 467.926 12046.6 124.263
11993.2 543.428 12060.1 126.866
12005.8 546.032 12073.2 165.919
12018.9 570.765 12086.9 250.533
12032 586.386 12099.8 228.403
12045.8 588.99 12112.1 300
12058.6 562.955 12124.9 318.225
12070.9 596.8 12138.6 302.604
12084.6 612.421 12152.1 306.509
12095.7 630.646 12165.2 350.768
12110.6 654.078 12177.5 385.916
12123.2 634.551 12190.9 367.691
12135.1 648.871 12203.8 397.632
12149.7 620.232 12217.2 413.253
12161.4 651.474 12229.8 397.632
12175.7 680.113 12243.8 405.442
12187.7 659.285 12256.1 378.105
12200.6 677.509 12268.3 426.27
12214 695.734 12282.1 417.158
12227.4 707.45 12295.8 457.512
12241.2 691.828 12308.4 449.702
12253.1 672.302 12322.1 461.418
12266.3 669.699 12335.2 480.944
12278.9 680.113 12347.2 454.909
12292.3 698.337 12360.7 467.926
12304.9 749.106 12373.2 482.246
12318.3 794.667 12386.4 454.909
12330.9 833.72 12400.1 501.772
12345.2 871.471 12413.5 544.73
12356.9 848.039 12426.1 579.878
12369.7 880.583 12439.3 642.362
12383.5 836.323 12452.4 664.492
12396 837.625 12467 695.734
12408.3 876.678 12480.8 664.492
12422 851.944 12493 668.397
12434.6 890.997 12500.3 708.751
12448 893.601 12486.6 754.313
12460.9 850.643 12473.4 753.011
