6013.33 -766.138 6025.08 -783.061
6003.92 -622.945 6037.71 -799.984
6000.69 -560.461 6052.4 -828.622
6009.51 -591.703 6064.15 -801.285
6022.43 -561.762 6077.66 -758.327
6035.65 -550.046 6091.76 -783.061
6047.99 -577.383 6103.81 -783.061
6061.8 -570.875 6117.02 -792.173
6074.43 -561.762 6129.95 -788.268
6087.65 -589.099 6142.58 -796.078
6099.99 -557.857 6155.8 -789.57
6114.09 -542.236 6169.9 -790.871
6126.72 -539.632 6181.94 -781.759
6139.64 -564.366 6195.15 -797.38
6153.15 -568.271 6207.49 -779.155
6166.37 -548.745 6220.41 -780.457
6179.29 -564.366 6233.92 -779.155
6193.1 -510.994 6246.84 -767.44
6204.85 -538.331 6260.65 -773.949
6218.65 -544.839 6272.98 -764.836
6230.4 -483.657 6285.31 -757.026
6243.61 -509.692 6299.7 -727.085
6256.53 -504.485 6312.33 -750.517
6270.34 -504.485 6324.95 -736.198
6283.84 -512.296 6337.58 -779.155
6296.47 -529.218 6351.38 -754.422
6309.68 -496.675 6364.88 -770.043
6322.6 -496.675 6377.51 -753.12
6336.7 -504.485 6391.01 -753.12
6348.73 -482.355 6403.64 -721.878
6361.95 -507.089 6416.85 -725.783
6374.57 -509.692 6429.76 -736.198
6387.2 -497.976 6442.68 -712.766
6401.29 -483.657 6455.6 -747.913
6413.62 -487.562 6468.81 -738.801
6426.54 -492.769 6481.72 -758.327
6439.75 -513.597 6493.46 -746.612
6453.54 -503.183 6508.43 -723.18
6465.87 -530.52 6521.05 -725.783
6479.08 -531.822 6533.09 -750.517
6491.7 -487.562 6546 -746.612
6504.62 -505.787 6559.5 -733.594
6518.41 -531.822 6571.83 -738.801
6530.74 -496.675 6585.91 -699.748
6543.95 -475.846 6599.12 -661.997
6557.15 -494.071 6612.33 -672.412
6569.77 -477.148 6624.94 -661.997
6583.27 -461.527 6638.15 -642.471
6596.19 -444.604 6651.65 -667.205
6609.1 -452.415 6663.67 -680.222
6622.01 -442.001 6677.47 -714.068
6634.92 -440.699 6689.2 -711.464
6647.24 -477.148 6702.4 -721.878
6660.45 -465.432 6716.49 -715.369
6673.94 -495.373 6729.1 -671.11
6686.27 -464.131 6742.01 -635.962
6700.35 -475.846 6755.8 -707.559
6712.67 -535.727 6767.82 -697.145
6725.58 -509.692 6781.9 -693.24
6739.66 -491.467 6793.93 -728.387
6751.98 -484.959 6807.72 -703.654
6765.48 -465.432 6819.74 -669.808
6778.39 -490.166 6833.53 -671.11
6791.29 -487.562 6846.14 -645.075
6803.9 -496.675 6858.75 -637.264
6818.86 -481.053 6873.12 -650.282
6830.3 -462.829 6885.73 -663.299
6843.5 -470.639 6898.64 -652.885
6855.82 -481.053 6911.24 -690.636
6868.14 -473.243 6923.56 -667.205
6882.51 -466.734 6938.22 -652.885
6895.7 -461.527 6950.54 -620.341
6907.73 -455.018 6962.85 -659.394
6920.63 -410.759 6977.22 -643.773
6934.41 -427.681 6989.24 -661.997
6947.02 -460.225 7002.14 -639.868
6960.51 -452.415 7015.92 -675.015
6973.7 -435.492 7028.82 -685.429
6986.02 -473.243 7041.13 -676.317
6999.21 -475.846 7055.5 -681.524
7012.11 -471.941 7067.52 -652.885
7025.89 -482.355 7080.71 -641.169
7038.79 -481.053 7093.9 -661.997
7051.69 -486.26 7107.09 -635.962
7064.59 -488.864 7119.69 -665.903
7076.9 -457.622 7133.47 -661.997
7090.38 -501.881 7146.66 -638.566
7102.98 -468.036 7158.97 -660.696
7117.05 -455.018 7171.86 -664.601
7129.36 -430.285 7185.93 -619.04
7142.26 -438.096 7197.94 -637.264
7155.74 -422.474 7211.71 -622.945
7168.64 -456.32 7223.14 -596.91
7181.53 -440.699 7236.04 -591.703
7193.84 -439.397 7250.1 -632.057
7206.44 -427.681 7263.29 -638.566
7221.09 -440.699 7276.18 -652.885
7234.28 -421.173 7289.95 -667.205
7246.29 -445.906 7301.96 -650.282
7259.48 -451.113 7315.14 -663.299
7272.37 -469.338 7329.2 -634.661
7285.26 -453.717 7341.51 -632.057
7298.44 -473.243 7354.4 -607.324
7311.92 -484.959 7368.46 -621.643
7323.64 -488.864 7379.88 -638.566
7337.7 -492.769 7393.94 -620.341
7351.18 -491.467 7406.24 -612.531
7364.36 -462.829 7418.84 -583.892
7376.37 -464.131 7432.31 -590.401
7390.14 -478.45 7445.78 -591.703
7403.32 -453.717 7458.38 -593.004
7415.91 -425.078 7471.56 -595.608
7429.09 -438.096 7484.15 -581.289
7441.68 -469.338 7497.91 -591.703
7455.16 -482.355 7510.8 -616.436
7468.33 -434.19 7523.97 -624.247
7480.93 -421.173 7537.44 -595.608
7493.23 -462.829 7549.45 -619.04
7507.57 -426.38 7562.91 -616.436
7519.29 -440.699 7574.92 -661.997
7532.46 -457.622 7588.39 -637.264
7545.93 -431.587 7602.73 -655.489
7558.23 -426.38 7615.03 -675.015
7571.99 -421.173 7627.91 -606.022
7584.58 -478.45 7640.79 -626.85
7597.76 -460.225 7653.96 -632.057
7611.22 -466.734 7667.43 -615.134
7624.1 -461.527 7680.31 -604.72
7637.28 -461.527 7692.89 -600.815
7649.57 -468.036 7706.06 -582.59
7662.45 -468.036 7719.53 -604.72
7675.62 -452.415 7731.53 -578.685
7689.09 -436.794 7745.87 -587.797
7703.14 -440.699 7759.04 -550.046
7714.55 -448.51 7771.91 -593.004
7728.02 -455.018 7784.79 -578.685
7740.6 -410.759 7797.08 -603.418
7753.77 -447.208 7810.83 -591.703
7766.35 -379.516 7823.42 -603.418
7780.11 -448.51 7836.58 -611.229
7793.28 -453.717 7850.04 -602.117
7805.86 -439.397 7862.33 -624.247
7819.32 -478.45 7874.62 -600.815
7831.61 -436.794 7888.96 -633.359
7844.48 -436.794 7901.54 -647.678
7858.24 -413.362 7914.7 -629.454
7871.11 -479.752 7929.04 -586.496
7883.98 -473.243 7941.61 -616.436
7896.56 -475.846 7953.9 -586.496
7909.73 -466.734 7967.36 -619.04
7923.19 -488.864 7980.81 -626.85
7936.06 -487.562 7992.8 -587.797
7948.93 -439.397 8005.67 -612.531
7962.38 -456.32 8018.84 -551.348
7974.96 -452.415 8032.29 -555.253
7988.13 -422.474 8044.28 -563.064
8001.58 -434.19 8059.2 -537.029
8014.16 -460.225 8070.31 -578.685
8027.02 -412.06 8083.18 -563.064
8040.48 -439.397 8096.63 -582.59
8053.35 -431.587 8110.37 -606.022
8065.92 -436.794 8123.53 -604.72
8079.67 -430.285 8135.81 -628.152
8094.29 -413.362 8149.85 -595.608
8105.11 -444.604 8161.84 -590.401
8118.56 -418.569 8174.99 -570.875
8131.14 -447.208 8188.74 -587.797
8143.12 -428.983 8201.31 -574.78
8158.33 -434.19 8214.46 -595.608
8170.32 -434.19 8226.45 -642.471
8182.89 -468.036 8240.48 -589.099
8196.34 -449.811 8253.34 -595.608
8208.62 -466.734 8265.91 -583.892
8222.07 -447.208 8279.36 -553.952
8235.8 -444.604 8292.22 -564.366
8247.79 -478.45 8304.79 -576.082
8261.53 -440.699 8318.53 -546.141
8273.81 -438.096 8332.27 -542.236
8287.55 -442.001 8344.25 -559.159
8300.99 -405.552 8358.28 -529.218
8313.85 -396.439 8370.85 -556.555
8325.84 -418.569 8384 -561.762
8339.87 -425.078 8396.86 -543.538
8353.31 -462.829 8410.3 -568.271
8365.3 -455.018 8422.28 -557.857
8378.15 -439.397 8436.02 -574.78
8390.72 -423.776 8449.17 -583.892
8403.87 -443.303 8462.61 -586.496
8417.32 -435.492 8475.47 -576.082
8429.59 -442.001 8488.32 -552.65
8443.91 -444.604 8501.47 -555.253
8455.89 -442.001 8513.75 -540.934
8469.62 -468.036 8527.48 -542.236
8481.6 -434.19 8540.33 -552.65
8495.04 -448.51 8553.48 -553.952
8508.19 -462.829 8567.21 -533.124
8521.64 -430.285 8578.9 -553.952
8534.78 -432.888 8592.34 -527.917
8547.64 -468.036 8606.36 -505.787
8559.91 -455.018 8618.04 -537.029
8573.64 -457.622 8631.48 -546.141
8586.49 -435.492 8644.92 -529.218
8599.64 -436.794 8657.77 -533.124
8612.2 -448.51 8670.62 -560.461
8625.35 -374.309 8683.18 -547.443
8638.49 -423.776 8697.2 -537.029
8650.76 -418.569 8709.76 -582.59
8664.49 -443.303 8723.2 -557.857
8677.63 -435.492 8735.76 -553.952
8690.78 -404.25 8748.02 -608.626
8703.63 -426.38 8761.46 -591.703
8716.77 -419.871 8775.19 -573.478
8729.33 -430.285 8788.03 -559.159
8741.89 -451.113 8800.59 -583.892
8755.03 -447.208 8813.73 -550.046
8768.47 -469.338 8826.29 -602.117
8781.61 -466.734 8839.72 -557.857
8794.46 -460.225 8852.86 -559.159
8807.6 -462.829 8866.88 -547.443
8821.91 -492.769 8878.56 -553.952
8833.3 -425.078 8892.28 -516.201
8847.02 -465.432 8904.55 -525.313
8859.29 -434.19 8917.69 -527.917
8872.72 -453.717 8931.12 -556.555
8885.57 -396.439 8944.26 -550.046
8897.83 -438.096 8957.1 -550.046
8911.26 -423.776 8970.53 -583.892
8924.4 -391.232 8983.09 -543.538
8936.96 -383.422 8995.93 -574.78
8949.8 -417.267 9008.48 -572.176
8964.69 -421.173 9022.5 -552.65
8976.37 -402.948 9034.76 -538.331
8989.51 -417.267 9047.6 -586.496
9002.94 -409.457 9061.61 -593.004
9015.2 -405.552 9074.17 -559.159
9029.8 -423.776 9087.89 -577.383
9042.06 -440.699 9100.73 -555.253
9054.32 -427.681 9113.28 -552.65
9067.45 -435.492 9127 -582.59
9081.76 -479.752 9140.14 -535.727
9093.43 -471.941 9151.81 -537.029
9105.98 -462.829 9166.11 -564.366
9120 -449.811 9178.37 -551.348
9132.55 -451.113 9191.8 -521.408
9146.27 -438.096 9204.64 -501.881
9158.82 -435.492 9217.48 -535.727
9172.24 -384.723 9230.91 -531.822
9184.5 -421.173 9244.33 -514.899
9197.34 -414.664 9257.76 -520.106
9210.48 -426.38 9270.01 -537.029
9224.78 -412.06 9283.14 -577.383
9237.04 -422.474 9295.99 -542.236
9249 -413.362 9309.41 -582.59
9263.01 -386.025 9321.67 -587.797
9275.56 -402.948 9335.09 -565.668
9288.69 -419.871 9347.35 -581.289
9300.66 -425.078 9361.35 -570.875
9315.25 -471.941 9375.07 -612.531
9327.21 -455.018 9387.32 -598.211
9340.93 -427.681 9399.58 -573.478
9354.35 -443.303 9413.88 -602.117
9366.9 -440.699 9426.72 -552.65
9380.03 -458.924 9439.56 -568.271
9393.16 -445.906 9452.69 -514.899
9405.42 -447.208 9464.94 -548.745
9418.84 -414.664 9478.07 -557.857
9431.68 -458.924 9492.66 -543.538
9444.81 -439.397 9504.62 -547.443
9457.94 -432.888 9517.75 -577.383
9471.07 -422.474 9531.46 -581.289
9482.74 -393.836 9542.84 -557.857
9497.03 -378.215 9557.43 -611.229
9509.29 -400.345 9570.27 -582.59
9522.42 -375.611 9583.39 -598.211
9535.55 -421.173 9595.94 -576.082
9548.97 -397.741 9609.07 -609.927
9561.22 -404.25 9621.61 -613.833
9574.93 -427.681 9635.03 -564.366
9588.35 -402.948 9647.58 -621.643
9600.9 -430.285 9660.7 -589.099
9614.32 -453.717 9673.83 -626.85
9626.28 -444.604 9688.13 -596.91
9639.99 -427.681 9699.5 -578.685
9653.12 -452.415 9712.92 -561.762
9665.95 -462.829 9726.63 -583.892
9677.62 -438.096 9738.88 -582.59
9691.62 -434.19 9752.3 -585.194
9703.59 -423.776 9765.14 -583.892
9717.59 -414.664 9777.97 -583.892
9730.72 -408.155 9791.1 -573.478
9744.13 -362.594 9803.93 -553.952
9756.09 -419.871 9817.64 -559.159
9770.39 -392.534 9830.48 -569.573
9782.34 -406.853 9842.73 -555.253
9796.06 -409.457 9857.31 -583.892
9808.6 -350.878 9870.15 -596.91
9822.31 -387.327 9882.1 -632.057
9835.14 -395.138 9895.81 -604.72
9847.98 -396.439 9908.94 -621.643
9859.94 -396.439 9920.61 -608.626
9874.52 -375.611 9935.19 -602.117
9885.89 -410.759 9947.73 -579.987
9899.9 -432.888 9960.57 -590.401
9912.73 -408.155 9973.98 -582.59
9926.15 -409.457 9986.23 -613.833
9938.4 -417.267 10000.5 -582.59
9951.81 -402.948 10013.1 -591.703
9965.23 -427.681 10025 -590.401
9977.19 -370.404 10038.7 -582.59
9990.02 -404.25 10052.4 -577.383
10002.9 -369.102 10065 -538.331
10016.9 -365.197 10077.5 -582.59
10030 -365.197 10090.6 -565.668
10043.4 -361.292 10105.2 -566.969
10055.1 -317.032 10116.9 -566.969
10069.4 -376.913 10130.9 -611.229
10081.3 -332.653 10143.1 -606.022
10095 -366.499 10156.3 -635.962
10108.1 -361.292 10169.1 -615.134
10120.7 -374.309 10182.2 -569.573
10133.5 -346.973 10195 -611.229
10147.8 -365.197 10209 -621.643
10160.3 -357.387 10221.6 -615.134
10173.2 -357.387 10232.7 -669.808
10185.1 -363.895 10247.3 -638.566
10198.8 -378.215 10260.4 -609.927
10211.4 -391.232 10272.6 -612.531
10225.1 -356.085 10286.6 -585.194
10237.9 -352.18 10300.1 -574.78
10251 -352.18 10312.3 -555.253
10263.9 -354.783 10325.7 -589.099
10276.7 -370.404 10338.8 -599.513
10289.8 -370.404 10351.7 -574.78
10302.7 -345.671 10364.8 -606.022
10316.1 -322.239 10378.5 -603.418
10328.3 -313.127 10390.8 -586.496
10341.8 -283.187 10403.9 -551.348
10355.8 -267.565 10417.3 -574.78
10367.1 -242.832 10430.4 -570.875
10380.5 -238.927 10442.7 -557.857
10393.1 -263.66 10456.7 -606.022
10407.1 -266.264 10469.2 -579.987
10419.6 -270.169 10481.2 -604.72
10432.2 -240.229 10495.2 -598.211
10445.9 -254.548 10507.7 -547.443
10458.4 -240.229 10520.5 -569.573
10472.7 -283.187 10534.2 -525.313
10484.9 -257.151 10546.5 -537.029
10498.1 -289.695 10559.6 -579.987
10510.6 -309.222 10573.9 -548.745
10523.2 -272.773 10586.1 -521.408
10537.2 -261.057 10599.9 -488.864
10550 -254.548 10612.7 -499.278
10561.9 -251.944 10625.8 -497.976
10575.6 -227.211 10638.6 -497.976
10589.1 -251.944 10651.5 -477.148
10601.9 -220.702 10664.3 -500.58
10614.7 -236.323 10678.9 -483.657
10627.9 -214.194 10691.7 -497.976
10641.3 -173.839 10703.7 -503.183
10654.4 -167.33 10717.7 -497.976
10666.7 -151.709 10729.9 -479.752
10680.1 -141.295 10743.1 -471.941
10692.9 -132.183 10756.2 -497.976
10705.7 -141.295 10769 -501.881
10718.9 -143.899 10781.3 -497.976
10732.3 -143.899 10795 -488.864
10744.5 -137.39 10808.4 -482.355
10758.2 -121.769 10820.9 -508.39
10771.1 -136.088 10834.4 -522.71
10784.2 -138.692 10846 -464.131
10796.7 -146.502 10861.2 -497.976
10810.1 -136.088 10873.2 -464.131
10822.7 -124.372 10886.6 -421.173
10835.8 -61.8881 10899.7 -435.492
10849.2 -63.1898 10912.2 -397.741
10861.8 -51.474 10925.7 -406.853
10874.9 -50.1723 10939.1 -358.688
10887.7 -61.8881 10951 -412.06
10900.3 -42.3617 10964.4 -383.422
10914.3 -86.6215 10977.3 -401.646
10926.8 -17.6284 10991 -397.741
10939.7 1.89794 11002.7 -382.12
10952.8 -22.8354 11016.4 -352.18
10966.8 0.596186 11029.8 -387.327
10978.5 -26.7407 11043.2 -413.362
10992.8 -56.6811 11055.5 -434.19
11005.6 -4.61084 11069.2 -428.983
11017.5 -29.3442 11082 -379.516
11030.1 3.1997 11094.6 -379.516
11044.4 -3.30908 11108.3 -340.464
11056.9 3.1997 11120.2 -341.766
11070 -3.30908 11133.6 -389.931
11082.9 0.596186 11147.1 -345.671
11096.3 -24.1372 11160.5 -370.404
11108.6 3.1997 11172.4 -378.215
11121.7 -28.0424 11185.6 -323.541
11135.1 18.8208 11199.3 -296.204
11148.5 29.2348 11213 -271.471
11160.8 69.5892 11225.5 -288.394
11173.9 102.133 11238.4 -257.151
11187 111.245 11251.2 -281.885
11200.8 100.831 11264.9 -277.98
11213.3 100.831 11277.5 -264.962
11225.5 107.34 11290 -283.187
11239.6 102.133 11303.4 -250.643
11252.4 148.996 11316.9 -248.039
11265.2 143.789 11329.4 -280.583
11278.1 169.824 11343.4 -249.341
11292.1 168.523 11355.1 -270.169
11303.8 130.772 11367.9 -293.601
11316.9 132.074 11381.9 -284.488
11330 155.505 11395.4 -242.832
11342.5 133.375 11408.2 -192.064
11356 141.186 11421 -199.874
11368.5 147.695 11433.9 -216.797
11382.2 152.902 11446.7 -215.495
11394.8 139.884 11459.6 -176.443
11408.2 176.333 11473.6 -186.857
11421 180.238 11485.8 -163.425
11433 151.6 11500.1 -156.916
11447.3 147.695 11512.1 -116.562
11459.9 182.842 11525.5 -147.804
11472.7 223.196 11538.1 -132.183
11485.5 221.895 11551.5 -91.8285
11499 217.989 11564.3 -86.6215
11513 247.93 11577.5 -116.562
11525.5 297.397 11590.3 -89.225
11538.1 280.474 11604 -84.0179
11550.9 266.154 11616.9 -124.372
11563.8 305.207 11630.3 -110.053
11576.6 298.698 11642.6 -119.165
11590.3 305.207 11655.4 -132.183
11603.2 307.811 11668.5 -100.941
11616.3 273.965 11681.4 -85.3197
11629.1 298.698 11695.4 -74.9056
11641.4 279.172 11708.2 -8.5161
11655.1 285.681 11720.8 3.1997
11667.7 316.923 11733.9 14.9155
11681.4 326.035 11747.4 0.596186
11694.2 285.681 11759.6 12.312
11706.8 335.147 11773.6 18.8208
11720.2 344.26 11786.5 -0.70557
11733.3 382.011 11799.3 18.8208
11745.9 424.969 11813 61.7787
11758.2 483.548 11825.6 76.098
11772.5 413.253 11838.7 68.2875
11784.7 441.891 11851.6 85.2103
11797.6 441.891 11864.7 160.712
11811.6 478.341 11877.3 133.375
11824.1 493.962 11891 106.038
11837.6 505.677 11903.5 104.737
11849.8 483.548 11916.7 80.0033
11863.5 490.056 11929.5 86.5121
11876.4 484.849 11942.7 129.47
11889.8 488.755 11956.1 106.038
11901.8 457.512 11969.8 111.245
11914.1 491.358 11981.5 134.677
11928.7 470.53 11994.4 132.074
11940.6 486.151 12007.8 132.074
11954.7 517.393 12020.9 138.582
11967.5 547.334 12034.7 154.203
11980.1 503.074 12047.5 193.256
11992.9 538.221 12059.8 208.877
12006 505.677 12072.6 246.628
12019.2 527.807 12086.4 319.526
12032.3 540.825 12099.8 328.639
12044.6 553.842 12112.6 332.544
12058 618.93 12125.2 328.639
12070.9 602.007 12138.3 346.863
12084 612.421 12152.1 324.733
12096.9 639.758 12165.2 348.165
12109.7 655.379 12177.5 374.2
12122.9 644.965 12191.2 355.975
12136 712.657 12204.7 401.537
12148.9 710.053 12216.9 422.365
12162.6 699.639 12229.2 440.59
12175.7 672.302 12243.8 415.856
12188.3 694.432 12256.4 396.33
12201.4 667.095 12270.1 410.649
12213.7 665.793 12282.4 396.33
12226.6 713.958 12295.5 457.512
12240 734.786 12308.4 457.512
12253.1 764.727 12321.8 467.926
12266.6 782.951 12334.4 443.193
12278.3 767.33 12347.2 464.021
12292.3 756.916 12361 473.134
12305.1 795.969 12373.5 483.548
12318 825.909 12386.7 518.695
12330.9 879.281 12400.7 574.67
12344.3 943.067 12413.3 582.481
12357.7 940.464 12426.4 668.397
12369.4 923.541 12439.8 628.042
12382.9 917.032 12452.4 631.948
12395.7 890.997 12466.7 641.06
12409.8 874.074 12479.9 651.474
12422 866.264 12493.9 728.278
12435.5 904.015 12500.3 777.744
12448 957.387 12487.5 814.194
12460.6 933.955 12473.4 854.548
