6013.33 -775.25 6025.37 -792.173
6003.34 -595.608 6038.59 -781.759
6000.69 -537.029 6052.4 -836.433
6008.92 -547.443 6065.03 -809.096
6023.02 -537.029 6077.96 -797.38
6035.07 -529.218 6092.06 -766.138
6047.7 -573.478 6104.4 -785.664
6061.8 -557.857 6116.73 -799.984
6074.14 -573.478 6129.95 -779.155
6087.65 -559.159 6142.58 -793.475
6099.99 -556.555 6155.5 -840.338
6113.79 -543.538 6168.13 -788.268
6126.72 -520.106 6181.64 -792.173
6139.64 -546.141 6195.45 -763.534
6152.86 -520.106 6207.78 -737.499
6165.49 -560.461 6221.59 -734.896
6178.71 -527.917 6234.51 -742.706
6191.92 -551.348 6247.14 -734.896
6206.02 -542.236 6260.94 -727.085
6218.36 -531.822 6273.27 -751.819
6231.28 -520.106 6285.61 -730.991
6244.2 -499.278 6298.23 -695.843
6257.12 -518.804 6312.33 -741.405
6270.04 -516.201 6325.54 -699.748
6283.26 -531.822 6338.75 -716.671
6295.59 -505.787 6350.79 -728.387
6308.51 -517.503 6364 -730.991
6322.31 -478.45 6376.63 -754.422
6335.23 -470.639 6389.55 -770.043
6347.86 -474.545 6403.05 -729.689
6361.65 -474.545 6416.26 -740.103
6375.16 -495.373 6429.76 -704.955
6386.9 -504.485 6442.1 -714.068
6400.12 -513.597 6455.01 -751.819
6413.62 -495.373 6468.51 -719.275
6425.95 -466.734 6481.14 -719.275
6439.16 -503.183 6494.93 -742.706
6452.37 -513.597 6507.85 -758.327
6465.58 -471.941 6520.47 -720.576
6479.08 -491.467 6533.97 -728.387
6492 -458.924 6546.3 -678.92
6504.32 -521.408 6559.21 -691.938
6517.24 -444.604 6572.71 -681.524
6531.03 -490.166 6586.5 -688.033
6543.95 -445.906 6599.12 -714.068
6556.86 -453.717 6611.15 -676.317
6569.48 -470.639 6624.94 -645.075
6582.98 -449.811 6637.86 -661.997
6595.6 -487.562 6650.47 -668.506
6608.51 -447.208 6664.56 -676.317
6621.42 -445.906 6677.47 -691.938
6635.51 -474.545 6689.49 -660.696
6647.24 -418.569 6703.28 -736.198
6661.33 -431.587 6716.78 -675.015
6674.53 -431.587 6728.81 -658.092
6687.44 -490.166 6742.6 -680.222
6699.76 -495.373 6755.21 -690.636
6712.97 -490.166 6767.24 -701.05
6726.46 -465.432 6781.61 -651.583
6739.66 -479.752 6794.23 -695.843
6751.4 -464.131 6807.13 -723.18
6764.89 -495.373 6820.33 -715.369
6778.39 -487.562 6832.36 -706.257
6791.59 -481.053 6846.14 -710.162
6803.02 -518.804 6859.92 -673.713
6817.4 -453.717 6872.24 -655.489
6830.59 -491.467 6885.15 -655.489
6842.91 -447.208 6898.64 -625.548
6856.11 -457.622 6911.54 -647.678
6868.14 -421.173 6924.15 -630.755
6881.63 -479.752 6937.93 -645.075
6895.41 -421.173 6950.25 -602.117
6908.61 -469.338 6963.73 -648.98
6921.22 -432.888 6975.76 -656.79
6934.7 -460.225 6988.95 -652.885
6946.73 -425.078 7002.44 -667.205
6960.21 -415.966 7016.21 -655.489
6973.7 -423.776 7028.23 -643.773
6986.02 -426.38 7042.01 -669.808
6999.5 -490.166 7054.33 -655.489
7012.11 -464.131 7068.69 -654.187
7025.3 -491.467 7080.41 -615.134
7038.49 -503.183 7093.61 -633.359
7050.81 -474.545 7106.79 -599.513
7064 -443.303 7119.11 -616.436
7077.19 -430.285 7132.59 -619.04
7089.5 -448.51 7146.07 -645.075
7102.98 -479.752 7158.67 -629.454
7116.76 -460.225 7172.74 -648.98
7129.66 -453.717 7185.63 -594.306
7141.97 -458.924 7197.94 -604.72
7156.03 -431.587 7211.71 -602.117
7168.34 -465.432 7224.02 -613.833
7181.82 -436.794 7236.91 -583.892
7194.43 -435.492 7250.69 -599.513
7207.61 -452.415 7262.41 -634.661
7219.92 -435.492 7276.18 -634.661
7233.4 -432.888 7289.36 -607.324
7246.29 -477.148 7302.84 -622.945
7259.48 -436.794 7316.02 -612.531
7273.54 -482.355 7328.62 -587.797
7285.26 -444.604 7341.51 -622.945
7298.74 -479.752 7355.28 -625.548
7311.92 -496.675 7366.7 -624.247
7324.23 -465.432 7379.88 -582.59
7337.7 -486.26 7393.36 -608.626
7350.3 -478.45 7405.95 -535.727
7363.48 -474.545 7419.72 -568.271
7377.25 -465.432 7432.31 -587.797
7389.84 -517.503 7445.78 -530.52
7402.73 -471.941 7458.67 -574.78
7415.32 -452.415 7471.56 -543.538
7428.8 -434.19 7484.44 -534.425
7442.56 -462.829 7497.62 -550.046
7455.16 -405.552 7510.21 -563.064
7467.16 -447.208 7523.09 -559.159
7481.8 -404.25 7536.27 -546.141
7493.81 -444.604 7549.74 -569.573
7506.99 -440.699 7562.62 -577.383
7520.17 -431.587 7575.21 -566.969
7532.46 -435.492 7588.68 -530.52
7546.23 -422.474 7601.85 -565.668
7558.52 -419.871 7615.32 -557.857
7571.99 -448.51 7627.91 -563.064
7585.46 -487.562 7640.79 -566.969
7597.76 -465.432 7654.55 -559.159
7610.93 -460.225 7667.14 -568.271
7624.1 -486.26 7680.01 -582.59
7636.4 -481.053 7692.89 -568.271
7649.86 -494.071 7706.36 -561.762
7662.74 -470.639 7718.36 -522.71
7675.92 -443.303 7732.11 -543.538
7689.67 -452.415 7745.28 -520.106
7701.09 -457.622 7757.87 -546.141
7714.85 -471.941 7771.33 -563.064
7728.31 -445.906 7783.62 -538.331
7740.31 -477.148 7797.08 -550.046
7753.48 -455.018 7810.83 -492.769
7766.94 -443.303 7823.42 -517.503
7779.82 -400.345 7836.29 -521.408
7792.11 -427.681 7848.87 -559.159
7805.27 -455.018 7863.21 -547.443
7818.74 -456.32 7875.21 -509.692
7831.02 -448.51 7888.66 -566.969
7844.78 -451.113 7901.83 -552.65
7858.82 -449.811 7914.99 -533.124
7869.94 -456.32 7927.28 -561.762
7883.98 -496.675 7941.03 -512.296
7896.86 -475.846 7952.73 -527.917
7910.61 -473.243 7966.77 -550.046
7922.02 -505.787 7980.23 -540.934
7936.35 -501.881 7993.1 -533.124
7948.93 -442.001 8005.67 -547.443
7962.09 -509.692 8019.13 -491.467
7975.84 -496.675 8031.71 -534.425
7987.54 -445.906 8044.28 -516.201
8000.7 -444.604 8058.32 -509.692
8014.74 -399.043 8070.89 -524.011
8026.44 -447.208 8084.64 -525.313
8040.18 -436.794 8096.63 -530.52
8052.47 -443.303 8110.08 -568.271
8066.51 -419.871 8124.12 -533.124
8079.38 -438.096 8136.11 -530.52
8092.83 -440.699 8149.85 -512.296
8104.52 -428.983 8162.42 -576.082
8118.56 -453.717 8175.87 -612.531
8131.14 -484.959 8188.44 -578.685
8143.71 -448.51 8201.01 -582.59
8157.45 -479.752 8214.17 -579.987
8170.9 -479.752 8228.2 -544.839
8183.18 -451.113 8241.07 -586.496
8196.34 -451.113 8252.76 -565.668
8208.91 -507.089 8266.21 -537.029
8222.07 -468.036 8279.36 -559.159
8236.1 -503.183 8292.81 -557.857
8247.79 -462.829 8306.55 -521.408
8261.24 -460.225 8318.82 -531.822
8274.1 -462.829 8331.98 -518.804
8286.67 -461.527 8344.25 -522.71
8300.12 -435.492 8357.7 -522.71
8314.15 -444.604 8371.43 -517.503
8326.13 -455.018 8383.42 -494.071
8339.28 -422.474 8397.15 -529.218
8352.44 -428.983 8408.84 -494.071
8365.3 -425.078 8422.58 -517.503
8378.45 -428.983 8435.73 -529.218
8391.01 -461.527 8448.58 -505.787
8404.17 -425.078 8462.03 -529.218
8416.73 -462.829 8475.17 -538.331
8430.17 -442.001 8488.32 -579.987
8443.32 -473.243 8500.6 -552.65
8456.47 -461.527 8514.33 -581.289
8469.04 -447.208 8526.89 -566.969
8483.07 -492.769 8540.33 -556.555
8495.92 -471.941 8553.48 -556.555
8507.61 -492.769 8566.34 -520.106
8521.05 -486.26 8579.48 -553.952
8534.78 -440.699 8592.92 -526.615
8547.05 -460.225 8604.9 -530.52
8560.2 -451.113 8618.04 -522.71
8574.22 -479.752 8631.48 -503.183
8586.49 -442.001 8643.75 -491.467
8599.35 -415.966 8657.48 -509.692
8612.78 -415.966 8670.04 -499.278
8625.35 -445.906 8683.48 -539.632
8638.78 -425.078 8697.2 -539.632
8651.64 -434.19 8709.47 -552.65
8665.07 -421.173 8722.91 -561.762
8677.05 -444.604 8734.88 -565.668
8690.49 -439.397 8748.9 -569.573
8703.05 -419.871 8762.04 -509.692
8716.19 -412.06 8774.6 -543.538
8729.62 -460.225 8788.33 -579.987
8742.77 -478.45 8801.18 -543.538
8754.74 -460.225 8813.15 -534.425
8768.47 -488.864 8827.17 -555.253
8780.73 -484.959 8840.31 -530.52
8794.17 -491.467 8852.86 -530.52
8807.6 -438.096 8866 -560.461
8821.33 -471.941 8879.14 -563.064
8833.01 -456.32 8891.7 -516.201
8846.44 -456.32 8906.01 -514.899
8858.7 -483.657 8917.98 -505.787
8871.55 -468.036 8931.7 -569.573
8885.57 -422.474 8944.26 -548.745
8898.71 -426.38 8956.81 -534.425
8911.55 -474.545 8970.53 -529.218
8924.69 -404.25 8983.38 -508.39
8936.96 -428.983 8995.93 -537.029
8950.39 -432.888 9009.65 -561.762
8963.82 -412.06 9022.2 -559.159
8976.66 -466.734 9035.63 -553.952
8989.51 -425.078 9048.77 -560.461
9002.94 -458.924 9061.32 -564.366
9015.49 -419.871 9074.46 -593.004
9028.92 -431.587 9086.72 -557.857
9042.06 -468.036 9101.31 -579.987
9054.9 -468.036 9113.28 -542.236
9066.87 -460.225 9126.42 -552.65
9080.88 -458.924 9138.97 -553.952
9094.02 -460.225 9152.4 -527.917
9106.57 -449.811 9165.82 -487.562
9120 -461.527 9178.66 -522.71
9132.26 -427.681 9191.21 -513.597
9145.98 -460.225 9204.93 -504.485
9158.82 -419.871 9218.36 -529.218
9171.95 -440.699 9230.61 -504.485
9184.79 -436.794 9244.33 -539.632
9197.64 -422.474 9256.88 -524.011
9210.48 -455.018 9270.01 -521.408
9224.19 -428.983 9283.73 -551.348
9236.45 -387.327 9296.86 -569.573
9249.59 -419.871 9308.83 -546.141
9262.43 -425.078 9322.25 -564.366
9275.85 -452.415 9334.8 -530.52
9288.98 -458.924 9347.93 -559.159
9301.24 -453.717 9361.06 -551.348
9314.37 -430.285 9374.19 -560.461
9327.21 -436.794 9387.03 -559.159
9341.22 -455.018 9399.87 -570.875
9354.35 -439.397 9414.46 -557.857
9367.19 -483.657 9426.13 -542.236
9379.15 -482.355 9439.26 -526.615
9393.16 -496.675 9452.39 -527.917
9405.13 -455.018 9464.65 -546.141
9419.42 -460.225 9478.94 -543.538
9430.8 -440.699 9492.07 -543.538
9444.81 -444.604 9504.62 -548.745
9457.06 -412.06 9517.17 -533.124
9471.36 -410.759 9530.29 -537.029
9483.32 -415.966 9544.01 -533.124
9497.33 -432.888 9557.43 -544.839
9509.29 -422.474 9570.56 -556.555
9522.71 -427.681 9583.1 -573.478
9535.84 -408.155 9596.52 -556.555
9548.38 -396.439 9607.61 -576.082
9562.1 -400.345 9621.61 -611.229
9574.64 -388.629 9635.32 -568.271
9587.19 -452.415 9648.16 -546.141
9600.32 -417.267 9661.29 -602.117
9614.32 -461.527 9674.41 -574.78
9626.57 -440.699 9686.67 -576.082
9639.7 -475.846 9700.67 -596.91
9651.95 -428.983 9712.63 -546.141
9665.66 -448.51 9726.63 -577.383
9679.08 -435.492 9739.46 -565.668
9692.21 -447.208 9752.59 -553.952
9704.17 -461.527 9765.72 -548.745
9717.59 -431.587 9778.26 -544.839
9730.72 -423.776 9791.68 -550.046
9744.42 -462.829 9804.51 -566.969
9756.68 -408.155 9817.35 -569.573
9769.8 -440.699 9830.48 -564.366
9782.64 -415.966 9843.6 -570.875
9795.76 -419.871 9855.56 -585.194
9808.6 -427.681 9869.56 -611.229
9821.72 -402.948 9882.98 -550.046
9834.85 -400.345 9895.52 -593.004
9847.39 -379.516 9908.65 -595.608
9859.35 -425.078 9921.19 -581.289
9874.52 -399.043 9934.9 -608.626
9886.77 -404.25 9948.02 -603.418
9899.6 -405.552 9960.27 -596.91
9912.73 -432.888 9972.82 -591.703
9925.86 -442.001 9987.69 -577.383
9938.4 -428.983 9999.36 -595.608
9951.81 -460.225 10012.8 -593.004
9965.81 -447.208 10026.5 -594.306
9977.19 -432.888 10038.7 -570.875
9990.9 -426.38 10051.9 -553.952
10003.4 -397.741 10066.1 -547.443
10016.9 -404.25 10077.8 -496.675
10028.8 -404.25 10090.6 -566.969
10042.8 -379.516 10104.9 -565.668
10055.6 -358.688 10117.2 -538.331
10068.8 -383.422 10129.7 -560.461
10082.8 -350.878 10144 -594.306
10094.7 -384.723 10156.6 -548.745
10107.8 -388.629 10168.8 -577.383
10121 -378.215 10183.1 -593.004
10133.2 -427.681 10195 -587.797
10147.8 -405.552 10207.9 -582.59
10160.3 -392.534 10221.6 -569.573
10172.3 -387.327 10233.3 -594.306
10185.7 -388.629 10247.6 -581.289
10198.8 -405.552 10260.7 -577.383
10212 -389.931 10274.1 -586.496
10225.7 -393.836 10286.6 -570.875
10237.6 -404.25 10299.2 -579.987
10250.2 -435.492 10312.9 -579.987
10264.2 -392.534 10325.7 -561.762
10277.3 -421.173 10338.5 -559.159
10289.3 -384.723 10352 -555.253
10303 -358.688 10364.8 -553.952
10315.8 -328.748 10377.9 -546.141
10329.2 -324.843 10391 -531.822
10342 -365.197 10403.9 -569.573
10354.3 -306.618 10417.3 -557.857
10368.3 -365.197 10429.3 -572.176
10380.5 -344.369 10443.2 -557.857
10394.3 -302.713 10456.1 -534.425
10406.8 -305.316 10468.9 -590.401
10420.2 -302.713 10482.3 -586.496
10432.2 -317.032 10495.2 -587.797
10445.9 -281.885 10508 -570.875
10458.7 -315.73 10521.1 -564.366
10471.5 -322.239 10534.8 -576.082
10483.8 -358.688 10547.4 -608.626
10498.4 -340.464 10559.9 -620.341
10510.3 -332.653 10573.6 -578.685
10524 -318.334 10585.6 -578.685
10537.4 -349.576 10599.6 -531.822
10550.3 -280.583 10613 -552.65
10562.8 -294.902 10625.8 -539.632
10575.9 -310.523 10637.5 -535.727
10589.9 -288.394 10651.2 -553.952
10602.2 -274.074 10665.2 -539.632
10615.6 -313.127 10677.4 -576.082
10627.3 -289.695 10690.9 -525.313
10641 -219.401 10703.7 -547.443
10654.4 -238.927 10715.9 -521.408
10666.4 -240.229 10729.6 -534.425
10679.5 -206.383 10741.9 -563.064
10693.2 -237.625 10756.2 -550.046
10705.7 -199.874 10769.6 -537.029
10718.6 -220.702 10782.4 -556.555
10732.6 -223.306 10795.9 -563.064
10744.5 -214.194 10807.8 -564.366
10757.6 -202.478 10820.9 -551.348
10770.8 -225.909 10834.4 -495.373
10784.2 -231.116 10847.2 -494.071
10796.7 -218.099 10860.3 -520.106
10810.4 -244.134 10872.6 -488.864
10822.7 -210.288 10886.3 -520.106
10835.2 -188.158 10899.1 -494.071
10849.5 -179.046 10912.8 -434.19
10862.4 -168.632 10925.1 -452.415
10875.2 -130.881 10938.8 -418.569
10887.4 -141.295 10951.6 -448.51
10901.2 -155.615 10964.4 -405.552
10913.7 -146.502 10977.9 -418.569
10927.7 -103.544 10991.3 -455.018
10940.5 -99.639 11003.3 -439.397
10953.1 -99.639 11016.4 -422.474
10965.6 -76.2074 11029.8 -468.036
10979.3 -52.7758 11042.9 -417.267
10992.5 -100.941 11055.8 -425.078
11005.3 -97.0355 11069.8 -408.155
11017.8 -112.657 11081.4 -438.096
11031.8 -90.5267 11095.7 -425.078
11043.5 -89.225 11107.1 -440.699
11056.3 -98.3372 11120.8 -405.552
11070.6 -94.432 11134.5 -409.457
11083.8 -78.8109 11146.5 -419.871
11095.7 -85.3197 11160.5 -379.516
11109.4 -97.0355 11173 -383.422
11122 -76.2074 11185.9 -393.836
11134.5 -80.1127 11199.3 -405.552
11147.6 -98.3372 11212.1 -356.085
11160.2 -39.7582 11225 -304.015
11174.5 -13.7231 11238.7 -314.429
11187.3 37.0453 11251.5 -288.394
11200.5 39.6489 11264.9 -257.151
11212.1 55.2699 11278.1 -274.074
11225.8 39.6489 11290 -309.222
11238.7 26.6313 11302.9 -297.506
11252.1 30.5366 11316 -317.032
11265.2 78.7015 11329.7 -301.411
11277.8 74.7963 11341.4 -330.05
11290.3 57.8734 11356 -294.902
11303.8 89.1156 11369.4 -292.299
11317.8 27.9331 11381.6 -292.299
11330.6 30.5366 11395.4 -285.79
11343.4 53.9682 11407.6 -281.885
11355.7 12.312 11420.5 -258.453
11369.4 63.0805 11434.2 -267.565
11382.5 83.9085 11446.7 -258.453
11395.1 63.0805 11460.7 -211.59
11407.6 95.6243 11473.3 -189.46
11420.8 100.831 11486.4 -179.046
11434.5 116.452 11499.3 -194.667
11446.7 98.2279 11512.7 -181.65
11459.9 109.944 11525.2 -211.59
11473 143.789 11539 -176.443
11486.1 171.126 11551.5 -149.106
11499.3 167.221 11565.2 -133.485
11512.1 204.972 11578.4 -93.1302
11524.9 185.445 11590.6 -108.751
11538.4 189.351 11603.5 -121.769
11550.6 176.333 11616.3 -115.26
11564 223.196 11630 -133.485
11577.2 210.179 11642.8 -138.692
11590.6 194.558 11655.4 -163.425
11602.9 202.368 11669.1 -167.33
11616.6 228.403 11681.7 -133.485
11628.3 220.593 11695.7 -124.372
11642.3 221.895 11708.2 -123.071
11654.8 182.842 11720.8 -162.123
11668.5 219.291 11734.2 -89.225
11681.7 175.031 11746.2 -108.751
11693.9 219.291 11760.5 -94.432
11707.4 221.895 11773.3 -82.7162
11720.2 216.688 11785.9 -93.1302
11733.1 286.982 11799.3 -35.853
11745.9 296.095 11812.2 -25.4389
11758.2 300 11825.6 -29.3442
11772.2 324.733 11838.7 30.5366
11784.4 307.811 11851.3 12.312
11798.4 367.691 11864.7 51.3647
11811.9 366.39 11877.6 34.4418
11823.5 435.383 11891.3 82.6068
11836.7 423.667 11903.8 43.5541
11850.4 428.874 11916.4 22.726
11863.8 384.614 11929 13.6137
11875.8 405.442 11942.1 56.5717
11888.9 379.407 11955.8 94.3226
11902.4 383.312 11969.3 87.8138
11914.4 389.821 11981.8 57.8734
11928.1 430.176 11994.9 82.6068
11941.2 404.14 12008.4 83.9085
11955.2 402.839 12020.9 46.1576
11966.9 406.744 12034.1 117.754
11980.4 431.477 12046.6 113.849
11992.9 391.123 12060.4 125.565
12005.8 445.797 12074.1 160.712
12018.9 424.969 12086.9 146.393
12032.3 454.909 12099.2 160.712
12045.5 482.246 12112.1 164.617
12056.9 526.505 12125.8 180.238
12070.6 540.825 12138.6 152.902
12084.3 539.523 12151.5 237.516
12096.6 547.334 12164.9 255.74
12109.7 568.162 12177.8 284.379
12124 561.653 12189.8 259.646
12135.4 587.688 12204.4 305.207
12148.3 603.309 12216.6 284.379
12162 594.197 12230.1 315.621
12174.9 599.404 12242.6 273.965
12188 587.688 12256.1 328.639
12200.9 561.653 12269.2 306.509
12214 588.99 12282.1 302.604
12226.6 596.8 12294.9 320.828
12239.7 573.369 12307.8 335.147
12253.7 586.386 12321.8 344.26
12266 616.327 12333.8 358.579
12279.7 673.604 12348.4 413.253
12291.4 695.734 12361 411.951
12306 726.976 12374.4 473.134
12318 717.864 12386.7 505.677
12331.4 750.407 12400.4 497.867
12343.4 700.941 12413.3 530.411
12356.6 737.39 12426.1 547.334
12370 733.485 12440.1 548.635
12382.6 786.857 12453.3 643.664
12396.6 789.46 12466.7 618.93
12408.6 820.702 12480.2 647.569
12422.3 861.057 12493.3 641.06
12433.7 824.608 12499.2 720.467
12448.6 844.134 12486.9 717.864
12461.2 749.106 12473.7 754.313
