6012.74 -699.748 6025.96 -684.127
6003.34 -556.555 6038.3 -710.162
6000.69 -573.478 6051.81 -707.559
6009.8 -547.443 6065.91 -704.955
6022.14 -539.632 6077.66 -716.671
6034.77 -581.289 6091.76 -724.482
6047.99 -518.804 6103.51 -702.352
6061.8 -518.804 6117.02 -723.18
6074.73 -508.39 6129.66 -711.464
6087.65 -538.331 6142.58 -690.636
6101.16 -526.615 6155.21 -706.257
6113.79 -527.917 6169.31 -723.18
6126.43 -509.692 6181.64 -697.145
6139.64 -561.762 6193.98 -704.955
6152.86 -550.046 6208.37 -734.896
6165.78 -538.331 6220.71 -728.387
6179 -535.727 6233.33 -669.808
6191.34 -547.443 6248.31 -703.654
6205.43 -530.52 6260.65 -685.429
6217.18 -548.745 6272.69 -663.299
6230.69 -533.124 6285.9 -650.282
6244.49 -527.917 6298.53 -650.282
6256.83 -504.485 6311.74 -689.334
6270.04 -486.26 6325.25 -647.678
6283.26 -478.45 6338.17 -664.601
6296.18 -456.32 6351.09 -661.997
6309.68 -496.675 6363.71 -673.713
6322.6 -469.338 6377.8 -675.015
6334.94 -501.881 6389.84 -668.506
6349.32 -482.355 6403.93 -632.057
6361.95 -455.018 6415.67 -648.98
6373.99 -478.45 6429.18 -632.057
6387.2 -486.26 6442.68 -685.429
6400.99 -478.45 6455.3 -694.541
6413.91 -474.545 6468.51 -690.636
6426.54 -484.959 6481.72 -695.843
6440.04 -516.201 6494.34 -656.79
6452.66 -492.769 6507.55 -655.489
6465.87 -530.52 6520.76 -659.394
6479.08 -509.692 6533.09 -691.938
6491.41 -487.562 6546.88 -686.731
6504.62 -487.562 6560.09 -671.11
6517.83 -496.675 6572.71 -675.015
6530.74 -475.846 6585.91 -643.773
6544.24 -479.752 6598.83 -629.454
6556.57 -455.018 6611.44 -607.324
6569.77 -461.527 6625.24 -604.72
6582.39 -479.752 6636.97 -619.04
6595.89 -484.959 6650.47 -604.72
6609.39 -477.148 6663.97 -606.022
6622.01 -490.166 6677.17 -613.833
6634.63 -484.959 6689.49 -603.418
6647.83 -445.906 6703.28 -637.264
6661.62 -449.811 6716.49 -668.506
6673.65 -455.018 6729.1 -598.211
6686.27 -468.036 6742.3 -647.678
6699.18 -481.053 6754.92 -634.661
6713.55 -455.018 6768.12 -622.945
6725.87 -486.26 6780.73 -688.033
6738.78 -457.622 6794.52 -645.075
6752.86 -451.113 6807.13 -637.264
6765.18 -491.467 6820.04 -609.927
6777.8 -488.864 6832.65 -616.436
6791.29 -409.457 6847.02 -609.927
6803.02 -462.829 6858.46 -607.324
6817.1 -483.657 6872.54 -602.117
6830.3 -447.208 6885.15 -617.738
6843.5 -458.924 6897.46 -599.513
6856.99 -451.113 6911.83 -587.797
6868.72 -438.096 6923.56 -587.797
6881.92 -460.225 6937.34 -590.401
6894.82 -448.51 6950.83 -603.418
6908.31 -417.267 6963.15 -599.513
6921.51 -431.587 6975.76 -612.531
6935 -388.629 6990.12 -646.376
6947.02 -451.113 7001.85 -632.057
6961.09 -470.639 7015.63 -626.85
6972.82 -477.148 7028.53 -641.169
6986.31 -478.45 7041.43 -594.306
6998.92 -466.734 7055.2 -633.359
7012.7 -464.131 7068.1 -607.324
7025.3 -488.864 7081.29 -624.247
7038.49 -495.373 7093.9 -643.773
7050.81 -465.432 7107.09 -621.643
7064 -481.053 7119.98 -609.927
7077.48 -439.397 7133.17 -593.004
7090.67 -455.018 7146.07 -581.289
7103.28 -465.432 7158.97 -593.004
7116.47 -452.415 7171.86 -633.359
7129.07 -470.639 7184.46 -608.626
7141.97 -438.096 7198.24 -639.868
7155.45 -431.587 7211.42 -628.152
7168.64 -427.681 7224.02 -616.436
7180.95 -425.078 7236.91 -587.797
7194.13 -465.432 7249.22 -596.91
7207.32 -458.924 7263.29 -560.461
7220.8 -469.338 7276.47 -583.892
7233.98 -465.432 7289.07 -604.72
7245.7 -440.699 7302.25 -615.134
7259.18 -418.569 7315.73 -659.394
7272.37 -432.888 7329.2 -626.85
7285.26 -453.717 7341.51 -609.927
7299.03 -451.113 7354.4 -603.418
7311.92 -466.734 7368.17 -628.152
7325.1 -497.976 7380.18 -593.004
7337.7 -479.752 7392.77 -648.98
7350 -470.639 7406.83 -632.057
7364.36 -484.959 7419.13 -620.341
7376.95 -481.053 7432.31 -563.064
7389.55 -479.752 7446.37 -581.289
7403.02 -440.699 7458.67 -573.478
7415.62 -484.959 7471.85 -573.478
7428.8 -471.941 7485.32 -585.194
7441.68 -461.527 7497.62 -572.176
7454.86 -453.717 7510.8 -577.383
7468.63 -430.285 7523.68 -632.057
7480.34 -422.474 7536.56 -630.755
7493.52 -418.569 7550.03 -625.548
7507.57 -414.664 7563.5 -593.004
7519.58 -419.871 7576.68 -603.418
7533.34 -455.018 7588.39 -596.91
7545.35 -462.829 7602.44 -598.211
7559.4 -462.829 7615.61 -646.376
7571.41 -469.338 7627.62 -624.247
7585.17 -469.338 7640.79 -612.531
7597.17 -464.131 7653.67 -611.229
7610.34 -466.734 7667.14 -578.685
7623.81 -496.675 7680.89 -555.253
7636.98 -518.804 7692.89 -615.134
7650.45 -504.485 7706.94 -600.815
7663.04 -495.373 7718.94 -577.383
7676.5 -453.717 7731.82 -603.418
7689.09 -483.657 7745.58 -573.478
7702.85 -448.51 7757.87 -556.555
7715.43 -449.811 7771.04 -543.538
7728.02 -409.457 7784.5 -546.141
7741.48 -447.208 7796.79 -611.229
7754.65 -419.871 7810.54 -563.064
7766.35 -468.036 7823.42 -573.478
7780.4 -430.285 7836.88 -576.082
7792.69 -440.699 7848.87 -589.099
7805.27 -438.096 7862.92 -583.892
7818.74 -443.303 7875.5 -599.513
7831.9 -449.811 7888.37 -596.91
7844.48 -471.941 7901.83 -611.229
7857.94 -448.51 7914.7 -606.022
7870.82 -487.562 7927.87 -596.91
7883.98 -465.432 7941.03 -604.72
7897.15 -438.096 7954.19 -621.643
7910.02 -436.794 7966.48 -587.797
7923.19 -440.699 7980.52 -555.253
7936.06 -457.622 7993.39 -551.348
7948.64 -445.906 8005.97 -565.668
7962.09 -432.888 8019.13 -538.331
7974.67 -410.759 8031.41 -542.236
7988.71 -481.053 8045.16 -573.478
8000.41 -418.569 8058.32 -533.124
8014.16 -417.267 8070.89 -565.668
8027.61 -376.913 8084.05 -540.934
8040.18 -415.966 8097.8 -530.52
8053.64 -414.664 8110.08 -564.366
8065.63 -439.397 8123.53 -566.969
8079.96 -418.569 8136.11 -539.632
8092.53 -399.043 8148.97 -581.289
8105.99 -401.646 8162.42 -603.418
8118.27 -401.646 8175.29 -577.383
8131.72 -404.25 8188.74 -608.626
8144.29 -415.966 8201.01 -568.271
8156.87 -448.51 8214.46 -566.969
8171.19 -460.225 8226.74 -556.555
8183.18 -414.664 8241.07 -583.892
8196.04 -458.924 8254.22 -550.046
8209.79 -438.096 8266.5 -535.727
8221.77 -413.362 8279.36 -542.236
8235.51 -435.492 8292.81 -546.141
8247.5 -427.681 8305.96 -560.461
8260.94 -427.681 8319.41 -535.727
8274.39 -428.983 8331.1 -535.727
8287.25 -470.639 8345.13 -475.846
8300.7 -451.113 8357.7 -529.218
8313.85 -431.587 8371.14 -560.461
8325.84 -379.516 8382.83 -564.366
8339.58 -415.966 8397.15 -504.485
8353.31 -393.836 8410.01 -530.52
8364.71 -395.138 8423.16 -538.331
8377.86 -412.06 8436.6 -509.692
8391.31 -448.51 8448.29 -555.253
8404.17 -436.794 8462.32 -581.289
8417.02 -438.096 8475.17 -579.987
8430.76 -410.759 8488.03 -602.117
8443.32 -465.432 8501.18 -544.839
8456.18 -443.303 8514.33 -565.668
8469.33 -456.32 8527.48 -533.124
8482.48 -477.148 8540.33 -586.496
8495.63 -492.769 8552.6 -563.064
8508.49 -481.053 8566.34 -538.331
8521.64 -504.485 8579.19 -570.875
8534.78 -451.113 8592.04 -534.425
8547.34 -474.545 8605.48 -521.408
8560.2 -456.32 8617.75 -504.485
8574.22 -444.604 8631.77 -486.26
8586.49 -483.657 8644.92 -513.597
8598.76 -444.604 8657.19 -499.278
8611.91 -427.681 8670.33 -543.538
8625.05 -430.285 8683.77 -525.313
8639.08 -412.06 8697.2 -550.046
8650.76 -400.345 8709.76 -574.78
8663.9 -412.06 8722.32 -568.271
8677.93 -399.043 8735.17 -560.461
8691.07 -408.155 8748.61 -548.745
8703.63 -434.19 8762.04 -538.331
8716.48 -442.001 8774.31 -577.383
8729.33 -445.906 8788.03 -544.839
8742.18 -458.924 8800.88 -577.383
8755.03 -425.078 8814.03 -565.668
8768.47 -445.906 8827.46 -522.71
8781.03 -470.639 8839.72 -543.538
8794.46 -457.622 8853.45 -524.011
8807.02 -460.225 8866 -526.615
8819.57 -461.527 8878.56 -533.124
8833.59 -435.492 8892.28 -496.675
8846.44 -423.776 8904.84 -522.71
8859.58 -461.527 8917.98 -548.745
8873.01 -391.232 8931.41 -553.952
8885.86 -419.871 8944.55 -539.632
8898.71 -384.723 8956.52 -533.124
8911.26 -389.931 8969.95 -525.313
8923.82 -412.06 8983.67 -529.218
8936.96 -389.931 8995.64 -552.65
8950.39 -405.552 9009.07 -546.141
8964.11 -409.457 9022.5 -543.538
8976.37 -410.759 9036.22 -560.461
8989.51 -410.759 9047.9 -595.608
9002.35 -422.474 9061.91 -543.538
9015.78 -432.888 9074.75 -577.383
9028.63 -409.457 9087.89 -553.952
9042.35 -422.474 9101.31 -598.211
9054.61 -455.018 9112.99 -546.141
9067.75 -431.587 9126.42 -564.366
9080.01 -442.001 9140.14 -548.745
9093.14 -436.794 9151.52 -529.218
9106.57 -402.948 9165.53 -533.124
9120 -490.166 9178.95 -522.71
9131.96 -456.32 9190.92 -548.745
9145.39 -444.604 9204.93 -551.348
9158.82 -462.829 9218.07 -542.236
9170.78 -400.345 9231.2 -568.271
9184.79 -389.931 9243.46 -570.875
9197.34 -401.646 9257.47 -581.289
9210.48 -413.362 9269.14 -518.804
9223.61 -401.646 9283.44 -586.496
9237.04 -419.871 9295.99 -593.004
9249.88 -436.794 9308.53 -626.85
9262.72 -404.25 9321.96 -599.513
9275.85 -369.102 9335.38 -625.548
9288.4 -413.362 9346.47 -568.271
9302.12 -396.439 9361.06 -574.78
9314.66 -425.078 9374.19 -548.745
9327.21 -458.924 9387.32 -533.124
9340.64 -468.036 9400.16 -566.969
9354.35 -444.604 9414.46 -598.211
9368.07 -464.131 9426.42 -608.626
9379.45 -442.001 9439.85 -585.194
9392.87 -451.113 9452.98 -553.952
9404.83 -430.285 9465.52 -537.029
9417.67 -399.043 9478.36 -487.562
9431.39 -404.25 9491.49 -501.881
9444.22 -412.06 9505.2 -543.538
9458.23 -414.664 9517.17 -537.029
9470.48 -409.457 9530.29 -585.194
9483.61 -439.397 9543.42 -538.331
9496.45 -408.155 9557.43 -600.815
9510.46 -383.422 9570.56 -556.555
9523.29 -392.534 9582.81 -526.615
9535.25 -401.646 9596.81 -548.745
9547.8 -396.439 9609.36 -551.348
9562.1 -379.516 9622.49 -552.65
9574.35 -396.439 9635.32 -611.229
9587.77 -392.534 9647.87 -608.626
9600.61 -380.818 9660.41 -620.341
9613.15 -391.232 9674.41 -564.366
9627.74 -419.871 9686.67 -524.011
9640.28 -435.492 9700.08 -563.064
9652.24 -417.267 9712.92 -559.159
9665.66 -401.646 9726.04 -553.952
9679.08 -452.415 9739.46 -556.555
9692.21 -418.569 9751.42 -557.857
9705.04 -393.836 9765.43 -559.159
9717.3 -406.853 9778.26 -539.632
9730.72 -374.309 9791.68 -504.485
9742.97 -400.345 9804.22 -538.331
9757.55 -401.646 9817.64 -504.485
9770.39 -379.516 9830.18 -534.425
9781.47 -391.232 9843.02 -559.159
9796.06 -374.309 9855.85 -576.082
9808.89 -356.085 9871.02 -619.04
9821.14 -350.878 9882.1 -585.194
9834.85 -357.387 9895.81 -569.573
9848.85 -330.05 9908.35 -578.685
9860.81 -350.878 9921.19 -561.762
9873.94 -370.404 9934.9 -609.927
9887.06 -362.594 9948.02 -600.815
9899.6 -418.569 9960.57 -591.703
9912.44 -388.629 9973.4 -585.194
9925.86 -370.404 9986.82 -589.099
9938.98 -388.629 10000.8 -537.029
9952.11 -359.99 10013.4 -573.478
9965.23 -346.973 10025.9 -548.745
9978.36 -362.594 10039 -559.159
9990.9 -341.766 10052.1 -560.461
10004.6 -320.937 10064.7 -552.65
10016.6 -370.404 10077.8 -561.762
10030 -309.222 10091.5 -561.762
10042.5 -335.257 10103.5 -560.461
10055.6 -315.73 10117.2 -521.408
10068.8 -322.239 10130 -587.797
10082.5 -305.316 10143.1 -591.703
10095 -300.109 10157.7 -621.643
10107.6 -290.997 10169.7 -633.359
10120.4 -306.618 10182.8 -587.797
10133.8 -313.127 10195.6 -617.738
10146.4 -302.713 10207.9 -586.496
10160.1 -323.541 10221 -564.366
10172.3 -304.015 10233.8 -548.745
10186.6 -298.808 10248.1 -602.117
10198.8 -317.032 10260.7 -642.471
10211.4 -350.878 10273.5 -612.531
10225.1 -324.843 10286.3 -586.496
10237.3 -310.523 10300.3 -568.271
10251 -328.748 10312 -526.615
10263.9 -331.352 10326.6 -551.348
10277.6 -337.86 10338.8 -553.952
10289.8 -276.678 10351.7 -529.218
10303 -283.187 10363.9 -566.969
10315.8 -264.962 10378.8 -561.762
10329.5 -229.815 10391.3 -583.892
10342 -224.608 10403.6 -591.703
10355.2 -218.099 10417.3 -595.608
10368 -261.057 10430.1 -579.987
10381.1 -229.815 10442.9 -566.969
10394.3 -195.969 10456.7 -572.176
10406.8 -192.064 10469.2 -556.555
10420.2 -166.029 10482.3 -589.099
10432.4 -188.158 10495.2 -581.289
10446.2 -203.779 10507.7 -551.348
10458.7 -219.401 10521.7 -555.253
10472.4 -220.702 10534.5 -526.615
10484.4 -215.495 10548 -507.089
10498.4 -229.815 10561.1 -530.52
10510 -198.572 10573.3 -552.65
10523.5 -168.632 10586.7 -527.917
10537.4 -205.081 10599.9 -560.461
10550 -164.727 10612.7 -478.45
10561.9 -193.365 10625.2 -501.881
10575.9 -177.744 10638.6 -427.681
10589.4 -151.709 10651.8 -430.285
10601.6 -146.502 10663.7 -447.208
10614.7 -145.2 10677.4 -478.45
10627.6 -149.106 10691.4 -466.734
10641.3 -72.3021 10703.7 -484.959
10653.8 -68.3969 10716.5 -494.071
10666.9 -69.6986 10730.2 -501.881
10680.6 -110.053 10743.1 -447.208
10693.2 -100.941 10755.9 -455.018
10705.7 -112.657 10769 -439.397
10719.7 -108.751 10781 -451.113
10733.4 -100.941 10795 -496.675
10744.8 -110.053 10807.8 -482.355
10757.6 -113.958 10820.9 -466.734
10770.8 -99.639 10834.1 -452.415
10785.1 -94.432 10848.4 -402.948
10796.2 -108.751 10860.9 -348.274
10810.7 -91.8285 10873.2 -352.18
10823.3 -85.3197 10885.7 -393.836
10835.8 -68.3969 10899.7 -422.474
10848.6 -57.9828 10912.2 -444.604
10862.1 -71.0004 10925.7 -397.741
10874.9 -91.8285 10938.5 -344.369
10887.7 -73.6039 10951.6 -326.144
10900.9 -51.474 10964.2 -318.334
10913.4 -22.8354 10977.6 -259.755
10927.1 14.9155 10991 -300.109
10940.2 29.2348 11004.1 -320.937
10953.7 14.9155 11017 -365.197
10966.5 46.1576 11030.1 -371.706
10978.5 22.726 11042.9 -409.457
10993 8.40672 11056.1 -378.215
11005 5.80321 11068.9 -348.274
11018.4 73.4945 11081.4 -323.541
11030.4 3.1997 11094.8 -317.032
11043.8 66.9857 11107.7 -339.162
11056.6 50.0629 11121.1 -349.576
11070.6 60.4769 11133.9 -393.836
11082.9 40.9506 11147.1 -382.12
11096.3 55.2699 11159.9 -337.86
11108.9 78.7015 11173 -258.453
11122.6 72.1928 11185.9 -227.211
11135.1 111.245 11199.6 -205.081
11147.4 119.056 11212.7 -240.229
11161.9 90.4173 11225.5 -284.488
11174.5 89.1156 11237.8 -287.092
11187 98.2279 11251.2 -279.281
11200.5 133.375 11264.4 -277.98
11212.7 169.824 11277.2 -246.737
11226.4 206.274 11290.6 -182.951
11238.4 198.463 11304.6 -172.537
11252.1 208.877 11315.7 -184.253
11265.5 234.912 11330.3 -212.892
11278.4 197.161 11342 -263.66
11290.3 160.712 11356.3 -259.755
11304 199.765 11369.4 -288.394
11316.9 219.291 11381.9 -215.495
11330.3 232.309 11394.2 -173.839
11343.7 214.084 11407.3 -138.692
11356 190.653 11421.3 -119.165
11368.5 169.824 11433.6 -167.33
11382.2 177.635 11446.4 -151.709
11394.8 148.996 11460.4 -199.874
11408.2 168.523 11472.7 -212.892
11420.8 231.007 11485.8 -162.123
11433.9 277.87 11499.3 -89.225
11447.6 336.449 11512.4 -102.243
11459.9 315.621 11525.8 -71.0004
11473.9 357.277 11538.7 -115.26
11485.3 276.568 11551.8 -133.485
11499.5 311.716 11564.9 -100.941
11512.1 279.172 11576.9 -136.088
11525.5 303.905 11590.3 -68.3969
11538.1 385.916 11603.7 -39.7582
11551.5 409.347 11616.6 -39.7582
11563.8 426.27 11629.7 -0.70557
11577.2 366.39 11642.8 -67.0951
11590 342.958 11656 -73.6039
11603.2 337.751 11669.4 -74.9056
11616.6 357.277 11682.3 -81.4144
11628.3 376.804 11695.1 -82.7162
11642 389.821 11707.7 -5.91259
11655.1 417.158 11721.1 8.40672
11668.3 458.814 11733.6 11.0102
11681.4 393.726 11746.8 30.5366
11693.6 376.804 11759 5.80321
11706.5 328.639 11773.9 -26.7407
11719.3 354.674 11785.6 14.9155
11733.1 402.839 11799 64.3822
11746.8 479.642 11813 155.505
11759 519.997 11825.3 168.523
11772.8 546.032 11838.2 185.445
11785 555.144 11851.9 159.41
11798.1 522.6 11863.8 121.659
11811 477.039 11877.3 86.5121
11823.5 508.281 11891 104.737
11837.6 533.014 11903.5 122.961
11850.7 566.86 11917.3 155.505
11863.3 628.042 11929.8 207.575
11875.5 590.291 11942.1 219.291
11888.4 551.239 11956.1 217.989
11901.8 546.032 11968.7 207.575
11915.8 527.807 11981.8 199.765
11928.1 529.109 11996.1 160.712
11940.6 547.334 12006.9 143.789
11954.1 574.67 12020.9 190.653
11966.6 633.249 12034.4 240.119
11980.1 631.948 12047.8 303.905
11992.9 672.302 12060.7 331.242
12005.8 608.516 12073.8 307.811
12018.9 588.99 12087.2 271.361
12032 562.955 12098.9 263.551
12045.5 548.635 12112.1 275.267
12058 644.965 12126.4 349.467
12070.9 668.397 12138.3 367.691
12084.9 782.951 12152.1 406.744
12096.3 777.744 12164.6 453.607
12110.3 723.071 12177.5 447.098
12122.6 715.26 12190.6 427.572
12136.6 682.716 12204.9 387.218
12149.4 689.225 12216.9 372.898
12162.3 724.372 12229.8 388.519
12174.9 803.78 12243.5 410.649
12188 831.116 12255.8 464.021
12201.1 828.513 12270.4 475.737
12214.9 792.064 12282.9 516.091
12227.1 768.632 12296.1 499.169
12241.2 754.313 12308.9 436.684
12252.9 743.899 12321.8 457.512
12266.6 802.478 12335.5 453.607
12278.9 832.418 12347.5 516.091
12292.3 927.446 12360.7 565.558
12305.1 909.222 12374.1 591.593
12318.3 893.601 12387 642.362
12331.4 859.755 12401.3 642.362
12343.4 831.116 12413.3 677.509
12356.9 854.548 12426.7 594.197
12370 931.352 12439.3 671
12382.9 970.404 12453.3 716.562
12395.7 1057.62 12467 808.987
12408.9 1049.81 12479.9 854.548
12422.3 1077.15 12492.7 876.678
12434.6 1015.97 12499.8 876.678
12448.6 970.404 12487.2 850.643
12460.9 880.583 12474.3 868.867
