6013.03 -685.429 6025.66 -659.394
6003.34 -542.236 6037.71 -638.566
6000.1 -503.183 6051.81 -710.162
6008.92 -526.615 6064.44 -703.654
6023.02 -520.106 6077.37 -736.198
6035.36 -521.408 6090.59 -685.429
6048.29 -531.822 6103.81 -701.05
6062.09 -538.331 6116.73 -675.015
6074.43 -520.106 6130.24 -678.92
6087.94 -537.029 6141.99 -686.731
6100.58 -529.218 6155.5 -685.429
6113.5 -526.615 6168.72 -734.896
6127.89 -538.331 6181.35 -693.24
6140.23 -529.218 6195.45 -690.636
6153.74 -501.881 6207.49 -707.559
6165.78 -527.917 6220.12 -682.826
6179 -510.994 6233.63 -673.713
6191.34 -491.467 6248.02 -667.205
6205.14 -499.278 6259.76 -665.903
6217.77 -533.124 6272.98 -677.619
6231.28 -517.503 6285.9 -703.654
6244.49 -507.089 6298.23 -690.636
6257.71 -490.166 6311.15 -658.092
6270.34 -501.881 6325.83 -685.429
6283.26 -478.45 6338.17 -645.075
6295.59 -483.657 6351.38 -612.531
6309.39 -471.941 6364 -664.601
6322.6 -473.243 6376.63 -619.04
6335.52 -477.148 6390.43 -621.643
6347.56 -509.692 6403.05 -654.187
6361.95 -477.148 6415.97 -676.317
6374.57 -468.036 6430.06 -655.489
6387.49 -488.864 6442.1 -661.997
6400.99 -522.71 6454.72 -651.583
6413.91 -496.675 6468.51 -652.885
6427.12 -469.338 6482.02 -659.394
6440.04 -479.752 6493.76 -659.394
6452.66 -517.503 6507.85 -665.903
6465.28 -497.976 6520.47 -655.489
6479.38 -494.071 6533.67 -626.85
6491.7 -494.071 6546.59 -599.513
6504.91 -499.278 6559.5 -617.738
6517.24 -464.131 6573 -611.229
6530.45 -492.769 6586.5 -604.72
6543.65 -478.45 6599.12 -609.927
6557.15 -474.545 6611.44 -604.72
6569.77 -482.355 6624.94 -574.78
6582.1 -499.278 6637.86 -563.064
6596.19 -490.166 6651.35 -585.194
6608.51 -466.734 6664.26 -606.022
6621.13 -461.527 6676.88 -602.117
6634.63 -404.25 6690.67 -600.815
6647.83 -445.906 6703.58 -585.194
6660.74 -449.811 6715.61 -621.643
6673.94 -434.19 6728.51 -608.626
6686.56 -469.338 6742.01 -616.436
6700.64 -475.846 6755.21 -590.401
6712.67 -460.225 6768.12 -628.152
6726.46 -500.58 6780.73 -586.496
6739.96 -484.959 6793.35 -615.134
6751.98 -470.639 6807.42 -615.134
6764.89 -487.562 6819.74 -650.282
6778.39 -492.769 6832.94 -604.72
6790.7 -471.941 6846.73 -594.306
6803.9 -475.846 6858.16 -596.91
6817.4 -501.881 6872.24 -603.418
6830.59 -470.639 6885.15 -581.289
6842.91 -460.225 6898.93 -599.513
6856.4 -445.906 6910.95 -581.289
6868.43 -453.717 6925.03 -608.626
6883.09 -451.113 6937.64 -582.59
6895.12 -445.906 6950.54 -553.952
6908.02 -457.622 6963.44 -572.176
6920.92 -442.001 6976.63 -557.857
6934.7 -468.036 6989.83 -585.194
6947.61 -447.208 7002.44 -590.401
6960.51 -409.457 7015.92 -587.797
6973.12 -473.243 7029.11 -609.927
6985.72 -458.924 7041.43 -603.418
6999.21 -462.829 7054.91 -607.324
7012.4 -482.355 7068.1 -585.194
7024.72 -473.243 7081 -566.969
7038.79 -482.355 7094.19 -581.289
7051.69 -481.053 7106.79 -548.745
7063.41 -497.976 7119.69 -559.159
7077.48 -469.338 7133.47 -582.59
7090.97 -503.183 7145.19 -559.159
7102.98 -464.131 7158.97 -557.857
7116.17 -490.166 7171.86 -553.952
7129.36 -474.545 7185.05 -540.934
7142.26 -434.19 7198.53 -556.555
7156.03 -444.604 7210.25 -557.857
7168.64 -427.681 7224.31 -544.839
7181.82 -464.131 7237.5 -535.727
7194.43 -452.415 7249.81 -548.745
7207.32 -462.829 7262.41 -542.236
7221.09 -431.587 7276.76 -556.555
7233.69 -453.717 7288.78 -572.176
7247.17 -427.681 7301.96 -578.685
7259.18 -444.604 7315.73 -586.496
7272.66 -451.113 7328.33 -598.211
7286.14 -456.32 7341.22 -552.65
7298.44 -509.692 7353.81 -582.59
7311.63 -474.545 7367.58 -559.159
7323.64 -492.769 7381.05 -557.857
7337.99 -520.106 7392.77 -589.099
7350.59 -462.829 7406.54 -574.78
7363.19 -477.148 7418.84 -524.011
7377.83 -470.639 7432.6 -546.141
7389.84 -469.338 7445.2 -535.727
7402.73 -478.45 7458.08 -537.029
7414.45 -448.51 7472.14 -546.141
7428.21 -458.924 7485.03 -540.934
7442.56 -445.906 7497.62 -526.615
7454.86 -444.604 7510.5 -572.176
7467.75 -427.681 7523.09 -574.78
7480.34 -443.303 7536.86 -572.176
7494.11 -439.397 7549.74 -525.313
7506.7 -415.966 7562.04 -598.211
7519.87 -440.699 7576.09 -546.141
7532.76 -451.113 7588.97 -578.685
7546.52 -430.285 7601.85 -606.022
7558.23 -443.303 7615.32 -568.271
7571.99 -466.734 7628.49 -585.194
7585.17 -469.338 7639.91 -594.306
7597.46 -468.036 7653.67 -615.134
7610.64 -453.717 7667.72 -600.815
7624.1 -491.467 7680.6 -581.289
7637.28 -461.527 7693.48 -552.65
7649.57 -474.545 7706.36 -609.927
7663.04 -439.397 7719.82 -559.159
7675.62 -473.243 7732.41 -557.857
7688.5 -460.225 7744.99 -550.046
7701.97 -482.355 7758.74 -553.952
7714.55 -475.846 7771.62 -535.727
7728.89 -438.096 7784.79 -522.71
7741.18 -422.474 7797.37 -552.65
7753.77 -422.474 7809.66 -555.253
7766.65 -448.51 7823.42 -578.685
7780.4 -425.078 7837.17 -582.59
7792.4 -448.51 7849.46 -586.496
7805.27 -430.285 7863.21 -574.78
7819.32 -456.32 7875.5 -577.383
7831.02 -431.587 7888.37 -591.703
7844.78 -432.888 7902.71 -556.555
7857.94 -442.001 7914.12 -577.383
7870.82 -449.811 7928.16 -568.271
7883.4 -475.846 7940.45 -569.573
7896.86 -457.622 7953.32 -546.141
7910.31 -477.148 7966.19 -529.218
7922.89 -496.675 7979.35 -557.857
7936.35 -478.45 7993.39 -514.899
7949.22 -430.285 8005.97 -543.538
7960.92 -487.562 8019.13 -537.029
7974.96 -443.303 8032 -537.029
7988.13 -462.829 8044.87 -505.787
8000.99 -455.018 8057.15 -512.296
8014.16 -453.717 8070.31 -538.331
8027.02 -458.924 8084.05 -563.064
8040.18 -445.906 8096.92 -552.65
8052.76 -421.173 8110.66 -552.65
8066.22 -410.759 8122.95 -546.141
8079.08 -444.604 8135.81 -587.797
8091.95 -465.432 8148.68 -533.124
8105.11 -432.888 8163.01 -581.289
8118.27 -448.51 8175.58 -547.443
8131.14 -409.457 8188.15 -559.159
8144.29 -484.959 8201.6 -557.857
8157.16 -453.717 8214.46 -542.236
8170.9 -477.148 8227.62 -613.833
8182.89 -460.225 8240.19 -576.082
8196.63 -460.225 8253.64 -599.513
8209.49 -478.45 8266.21 -586.496
8222.07 -456.32 8279.07 -535.727
8235.22 -478.45 8292.81 -534.425
8248.08 -452.415 8304.79 -546.141
8260.94 -430.285 8318.82 -492.769
8274.39 -466.734 8331.68 -525.313
8286.38 -443.303 8345.13 -527.917
8299.82 -444.604 8357.99 -508.39
8314.15 -436.794 8371.43 -531.822
8325.25 -432.888 8383.71 -535.727
8339.28 -425.078 8396.86 -535.727
8352.44 -430.285 8409.72 -548.745
8364.42 -402.948 8422.28 -555.253
8378.45 -438.096 8435.43 -543.538
8391.6 -423.776 8448 -559.159
8404.46 -409.457 8461.73 -547.443
8417.02 -430.285 8474.59 -552.65
8430.17 -419.871 8487.74 -529.218
8443.91 -465.432 8500.6 -552.65
8456.18 -468.036 8514.33 -551.348
8469.04 -442.001 8526.31 -578.685
8482.19 -470.639 8540.63 -539.632
8494.75 -479.752 8552.89 -520.106
8509.07 -483.657 8567.5 -552.65
8520.76 -462.829 8578.9 -530.52
8534.49 -474.545 8592.92 -525.313
8547.05 -453.717 8605.19 -539.632
8560.49 -444.604 8618.04 -514.899
8573.64 -428.983 8631.48 -542.236
8586.49 -427.681 8644.33 -522.71
8599.06 -400.345 8656.6 -517.503
8612.49 -408.155 8671.21 -538.331
8624.76 -432.888 8682.89 -508.39
8639.08 -426.38 8696.62 -589.099
8651.64 -447.208 8709.47 -534.425
8664.78 -402.948 8722.32 -537.029
8677.63 -426.38 8735.17 -555.253
8689.61 -436.794 8748.61 -582.59
8703.63 -421.173 8761.46 -581.289
8716.48 -470.639 8774.6 -548.745
8729.33 -456.32 8788.03 -542.236
8742.47 -438.096 8800.59 -533.124
8754.74 -449.811 8813.73 -529.218
8768.47 -427.681 8827.46 -539.632
8781.32 -487.562 8839.43 -560.461
8794.17 -442.001 8852.28 -547.443
8807.89 -468.036 8865.71 -533.124
8820.16 -516.201 8878.56 -525.313
8833.01 -481.053 8891.7 -512.296
8846.73 -487.562 8905.13 -505.787
8859.58 -488.864 8917.69 -481.053
8871.84 -460.225 8930.83 -525.313
8885.57 -440.699 8944.26 -497.976
8898.12 -422.474 8957.1 -525.313
8911.26 -399.043 8970.24 -559.159
8924.4 -419.871 8983.09 -542.236
8936.96 -417.267 8996.22 -566.969
8950.68 -417.267 9009.65 -566.969
8962.94 -445.906 9021.91 -546.141
8976.37 -415.966 9035.63 -547.443
8988.93 -422.474 9048.19 -579.987
9002.35 -439.397 9061.91 -576.082
9015.2 -448.51 9074.17 -576.082
9028.92 -478.45 9088.47 -568.271
9041.47 -461.527 9100.44 -559.159
9054.9 -453.717 9112.99 -563.064
9066.87 -486.26 9127 -542.236
9079.71 -468.036 9139.55 -565.668
9093.14 -488.864 9152.4 -563.064
9105.98 -430.285 9164.65 -530.52
9119.12 -470.639 9179.25 -524.011
9132.55 -440.699 9191.8 -525.313
9145.68 -442.001 9204.93 -525.313
9157.94 -461.527 9218.94 -530.52
9171.66 -434.19 9230.91 -544.839
9184.5 -451.113 9243.75 -576.082
9197.34 -427.681 9256.88 -559.159
9210.19 -379.516 9269.72 -548.745
9223.03 -410.759 9283.44 -561.762
9236.16 -404.25 9295.99 -553.952
9249.3 -401.646 9309.41 -596.91
9263.59 -386.025 9321.96 -551.348
9274.97 -419.871 9334.51 -591.703
9288.4 -409.457 9348.51 -582.59
9301.53 -410.759 9361.35 -583.892
9314.66 -409.457 9374.49 -583.892
9327.21 -442.001 9386.45 -578.685
9341.51 -389.931 9400.16 -593.004
9353.77 -466.734 9413.59 -576.082
9366.9 -425.078 9426.42 -582.59
9380.03 -418.569 9439.85 -560.461
9392.28 -458.924 9452.1 -600.815
9405.71 -436.794 9465.23 -589.099
9417.96 -478.45 9478.65 -570.875
9430.8 -460.225 9491.49 -547.443
9445.1 -432.888 9504.62 -543.538
9457.94 -444.604 9516.87 -531.822
9469.9 -426.38 9530.88 -510.994
9484.2 -409.457 9543.13 -504.485
9496.74 -393.836 9556.84 -538.331
9510.16 -417.267 9570.56 -585.194
9522.42 -386.025 9582.52 -585.194
9535.84 -356.085 9595.94 -621.643
9549.26 -386.025 9608.48 -600.815
9561.51 -397.741 9621.9 -590.401
9575.81 -415.966 9635.32 -572.176
9586.89 -443.303 9647.28 -551.348
9600.9 -438.096 9661.58 -607.324
9613.73 -435.492 9674.12 -583.892
9626.28 -447.208 9686.96 -568.271
9639.11 -425.078 9699.79 -599.513
9653.12 -448.51 9713.21 -555.253
9665.37 -400.345 9726.34 -561.762
9678.5 -402.948 9739.17 -537.029
9691.92 -430.285 9752.3 -503.183
9704.46 -405.552 9764.84 -544.839
9717.88 -418.569 9777.09 -522.71
9730.42 -418.569 9791.68 -566.969
9743.26 -422.474 9804.51 -552.65
9756.39 -419.871 9816.77 -561.762
9769.51 -376.913 9831.35 -570.875
9782.64 -395.138 9842.44 -576.082
9795.47 -395.138 9855.85 -540.934
9808.6 -353.481 9869.85 -514.899
9822.02 -391.232 9882.98 -537.029
9834.85 -402.948 9895.81 -578.685
9847.98 -383.422 9908.65 -600.815
9860.52 -378.215 9921.19 -629.454
9873.94 -388.629 9934.61 -589.099
9887.06 -363.895 9948.31 -596.91
9899.9 -419.871 9959.69 -568.271
9912.73 -370.404 9974.57 -572.176
9925.86 -373.008 9987.4 -557.857
9938.69 -413.362 9999.65 -530.52
9952.4 -422.474 10013.9 -632.057
9964.94 -426.38 10026.2 -620.341
9977.48 -401.646 10039.3 -599.513
9990.9 -384.723 10052.1 -555.253
10003.4 -362.594 10065 -560.461
10016.3 -373.008 10077.2 -518.804
10030.3 -322.239 10090.9 -522.71
10042.8 -311.825 10104.4 -551.348
10056.8 -380.818 10116.9 -555.253
10069.1 -343.067 10130.3 -583.892
10082.2 -332.653 10143.4 -586.496
10094.4 -341.766 10156 -582.59
10108.1 -358.688 10169.7 -587.797
10120.4 -344.369 10182.5 -606.022
10133.8 -310.523 10195.3 -570.875
10146.4 -337.86 10208.8 -587.797
10160.1 -327.446 10221 -603.418
10172.6 -309.222 10233.5 -591.703
10185.4 -373.008 10247.8 -593.004
10200 -326.144 10261.3 -646.376
10212.3 -358.688 10273.2 -598.211
10224.5 -370.404 10287.5 -578.685
10238.5 -359.99 10300.3 -591.703
10250.5 -361.292 10312.3 -606.022
10263.9 -330.05 10326 -581.289
10277 -335.257 10338.5 -577.383
10290.1 -324.843 10351.4 -579.987
10302.1 -317.032 10365.1 -552.65
10315.5 -271.471 10378.8 -557.857
10328.6 -284.488 10390.5 -576.082
10341.8 -277.98 10403.6 -543.538
10354.9 -254.548 10416.4 -568.271
10367.7 -257.151 10429.5 -544.839
10380.8 -270.169 10442.7 -582.59
10394.5 -246.737 10456.7 -561.762
10406.8 -236.323 10468.9 -561.762
10420.2 -201.176 10482 -573.478
10432.7 -198.572 10494.9 -566.969
10446.5 -210.288 10508 -565.668
10459.3 -225.909 10521.1 -576.082
10472.4 -261.057 10535.4 -557.857
10484.4 -251.944 10547.4 -555.253
10498.4 -233.72 10559 -556.555
10510.3 -261.057 10574.5 -542.236
10523.2 -188.158 10586.7 -547.443
10537.7 -228.513 10599 -492.769
10550 -235.022 10613 -499.278
10562.8 -205.081 10626.1 -483.657
10575.6 -237.625 10638.9 -484.959
10588.8 -229.815 10650.6 -475.846
10601.6 -232.418 10663.7 -510.994
10615.3 -224.608 10678.3 -471.941
10627.9 -199.874 10690.9 -482.355
10641 -136.088 10704 -484.959
10654.1 -113.958 10717.1 -473.243
10667.5 -113.958 10729.6 -455.018
10679.5 -133.485 10742.5 -470.639
10693.5 -123.071 10756.2 -481.053
10706 -115.26 10768.7 -492.769
10718.9 -151.709 10782.4 -491.467
10732.6 -112.657 10795.3 -491.467
10744.5 -103.544 10808.7 -514.899
10757.6 -103.544 10820.7 -486.26
10770.8 -111.355 10834.1 -496.675
10783.9 -113.958 10847.2 -469.338
10797 -133.485 10860.6 -486.26
10810.7 -150.407 10873.7 -469.338
10822.1 -86.6215 10886.3 -428.983
10835.8 -104.846 10899.1 -431.587
10849.2 -94.432 10912.8 -402.948
10861.8 -71.0004 10925.1 -393.836
10874.9 -31.9477 10938.8 -358.688
10887.7 17.519 10951.3 -370.404
10901.5 4.50145 10963.6 -352.18
10913.7 -46.267 10977.3 -383.422
10927.7 -9.81786 10990.1 -358.688
10940.2 -51.474 11004.7 -371.706
10953.1 -7.21435 11016.7 -363.895
10966.2 0.596186 11029.5 -367.801
10978.5 35.7436 11041.8 -346.973
10992.5 34.4418 11055.2 -346.973
11005 9.70847 11069.2 -388.629
11017.8 22.726 11082.6 -375.611
11031.3 8.40672 11095.1 -396.439
11044.4 -0.70557 11108 -363.895
11056.3 7.10496 11122 -356.085
11069.8 13.6137 11133.9 -330.05
11082.9 5.80321 11147.1 -298.808
11096.3 25.3295 11160.2 -343.067
11108.9 25.3295 11172.4 -292.299
11122 42.2524 11186.5 -288.394
11135.1 70.891 11199.6 -268.867
11147.9 81.305 11211.8 -274.074
11160.8 66.9857 11224.4 -249.341
11174.2 50.0629 11237.5 -193.365
11188.2 89.1156 11251.8 -224.608
11199.9 95.6243 11264.9 -211.59
11212.4 167.221 11277.8 -212.892
11226.1 172.428 11289.7 -203.779
11238.1 176.333 11303.4 -242.832
11252.1 190.653 11317.2 -186.857
11265.2 158.109 11330.6 -237.625
11278.7 201.067 11342.5 -225.909
11291.5 177.635 11355.4 -194.667
11303.4 190.653 11368.2 -219.401
11317.5 234.912 11382.5 -242.832
11330.3 158.109 11395.1 -232.418
11343.1 181.54 11408.2 -254.548
11356 193.256 11420.2 -208.986
11369.4 177.635 11433.6 -190.762
11382.2 163.316 11447.6 -160.822
11395.4 180.238 11461 -179.046
11408.8 219.291 11472.1 -176.443
11420.8 181.54 11486.1 -141.295
11434.5 204.972 11499.3 -134.786
11447.3 225.8 11511.8 -134.786
11459.9 246.628 11525.2 -113.958
11473.3 255.74 11538.7 -100.941
11486.7 272.663 11551.2 -103.544
11499.8 292.189 11564 -60.5863
11512.1 288.284 11577.5 -73.6039
11524.6 307.811 11591.2 -65.7934
11537.5 288.284 11602.9 -57.9828
11551.5 337.751 11616.6 -81.4144
11563.8 349.467 11630.6 -67.0951
11577.8 348.165 11642.8 -57.9828
11590.3 368.993 11655.7 -65.7934
11603.5 344.26 11668.3 -65.7934
11615.7 355.975 11682 -68.3969
11628.6 367.691 11695.4 -67.0951
11641.4 375.502 11707.7 -48.8705
11655.4 383.312 11721.1 -48.8705
11667.4 318.225 11733.6 16.2173
11681.1 365.088 11747.1 -2.00733
11693.9 358.579 11760.8 47.4594
11707.1 401.537 11773.3 16.2173
11719.9 398.933 11785.9 3.1997
11733.6 383.312 11799.3 24.0278
11745.9 436.684 11813 103.435
11758.5 401.537 11824.7 108.642
11772.5 441.891 11839 90.4173
11785 437.986 11851.6 90.4173
11798.7 393.726 11864.4 94.3226
11811.3 499.169 11877.3 87.8138
11824.1 493.962 11890.1 109.944
11836.7 495.263 11904.4 154.203
11850.7 521.298 11916.1 143.789
11863.8 497.867 11930.1 173.73
11875.2 521.298 11942.1 158.109
11890.1 533.014 11956.4 135.979
11901.8 542.127 11968.7 145.091
11914.6 543.428 11981.8 158.109
11928.7 519.997 11994.7 185.445
11941.2 531.712 12007.8 151.6
11954.4 552.541 12020.4 138.582
11967.5 582.481 12034.4 150.298
11979.8 566.86 12047.5 199.765
11992.6 553.842 12060.7 190.653
12006.6 539.523 12073.5 225.8
12018.9 569.463 12086.4 210.179
12030.9 586.386 12098.3 286.982
12045.8 626.741 12112.6 272.663
12058.3 669.699 12126.7 300
12070.6 671 12138.9 297.397
12084.3 766.029 12151.2 320.828
12096.3 715.26 12164.6 375.502
12110.6 746.502 12177.5 397.632
12123.2 719.165 12190.6 400.235
12135.4 732.183 12203.8 413.253
12148.6 724.372 12217.5 385.916
12162 726.976 12230.1 401.537
12175.1 756.916 12242.6 441.891
12188.6 751.709 12256.4 393.726
12201.1 782.951 12268.9 447.098
12214 723.071 12282.9 432.779
12227.4 741.295 12295.2 449.702
12240.3 760.821 12308.4 465.323
12252.9 724.372 12321.8 488.755
12266.9 771.236 12334.9 493.962
12278.6 789.46 12347.8 499.169
12291.4 776.443 12360.7 542.127
12304.6 802.478 12373.8 549.937
12318 790.762 12387.3 598.102
12331.1 794.667 12400.4 602.007
12344.6 846.737 12413.3 663.19
12357.7 829.815 12427 673.604
12370 884.488 12439.6 734.786
12383.5 874.074 12452.7 713.958
12396.3 919.636 12466.4 719.165
12408.9 930.05 12481 746.502
12422 944.369 12493 746.502
12434.9 954.783 12500.9 808.987
12448.6 940.464 12486.9 807.685
12462 889.695 12474.6 867.565
