4016.22 -192.064 4030.9 -172.537
4002.43 -149.106 4047.63 -155.615
4000.67 -153.011 4064.07 -190.762
4013.58 -133.485 4080.22 -188.158
4029.14 -116.562 4096.36 -197.271
4046.75 -125.674 4112.8 -194.667
4063.78 -78.8109 4129.84 -227.211
4079.34 -119.165 4146.57 -181.65
4096.95 -85.3197 4162.72 -207.685
4112.51 -100.941 4179.17 -181.65
4129.54 -134.786 4195.03 -210.288
4145.98 -90.5267 4212.06 -193.365
4162.14 -137.39 4228.21 -236.323
4178.88 -104.846 4245.54 -202.478
4195.03 -121.769 4260.53 -177.744
4211.47 -112.657 4277.27 -175.141
4227.92 -153.011 4294.01 -172.537
4245.25 -94.432 4309.88 -182.951
4261.11 -141.295 4326.33 -172.537
4277.27 -98.3372 4343.37 -201.176
4293.13 -100.941 4359.82 -154.313
4310.17 -81.4144 4375.68 -172.537
4327.8 -130.881 4392.14 -166.029
4342.78 -95.7337 4408.3 -160.822
4358.94 -100.941 4425.05 -173.839
4376.27 -84.0179 4441.8 -181.65
4391.85 -67.0951 4457.96 -194.667
4408.89 -89.225 4475.01 -169.934
4425.34 -102.243 4490.88 -171.236
4441.8 -121.769 4507.33 -163.425
4457.37 -77.5092 4523.5 -154.313
4475.3 -93.1302 4540.84 -189.46
4490.88 -82.7162 4557 -179.046
4507.33 -119.165 4573.46 -142.597
4523.79 -85.3197 4589.04 -151.709
4540.84 -107.45 4606.38 -130.881
4556.71 -116.562 4622.85 -126.976
4573.17 -107.45 4638.42 -160.822
4588.75 -85.3197 4654.89 -129.579
4606.09 -102.243 4671.05 -162.123
4621.96 -65.7934 4688.1 -150.407
4639.6 -103.544 4705.15 -115.26
4655.47 -113.958 4721.91 -108.751
4671.05 -103.544 4737.78 -153.011
4687.81 -56.6811 4753.95 -130.881
4704.86 -90.5267 4770.71 -190.762
4720.44 -110.053 4786.59 -158.218
4737.2 -95.7337 4803.64 -147.804
4753.37 -126.976 4819.81 -113.958
4769.54 -84.0179 4835.98 -160.822
4787.18 -98.3372 4853.03 -133.485
4802.17 -74.9056 4870.09 -134.786
4818.93 -85.3197 4886.26 -159.52
4836.86 -80.1127 4902.13 -119.165
4851.86 -125.674 4918.6 -119.165
4868.62 -124.372 4935.06 -123.071
4885.38 -117.864 4950.94 -125.674
4901.25 -103.544 4968.29 -116.562
4916.84 -85.3197 4984.17 -145.2
4933.89 -76.2074 5000.63 -156.916
4951.24 -113.958 5017.69 -117.864
4967.41 -112.657 5033.27 -100.941
4982.99 -80.1127 5049.44 -78.8109
5000.63 -85.3197 5065.91 -76.2074
5016.51 -81.4144 5082.67 -119.165
5032.98 -115.26 5099.43 -153.011
5049.74 -82.7162 5116.19 -160.822
5065.61 -121.769 5132.07 -113.958
5081.49 -128.278 5148.83 -82.7162
5098.84 -87.9232 5164.41 -87.9232
5115.01 -94.432 5180.58 -99.639
5131.19 -106.148 5197.34 -91.8285
5147.06 -97.0355 5214.69 -116.562
5164.41 -100.941 5230.57 -128.278
5181.17 -115.26 5247.04 -123.071
5197.93 -128.278 5263.8 -115.26
5213.81 -89.225 5279.67 -133.485
5229.39 -65.7934 5296.43 -139.993
5245.27 -76.2074 5312.31 -94.432
5263.21 -85.3197 5329.36 -168.632
5279.08 -113.958 5345.83 -132.183
5295.84 -108.751 5362.29 -103.544
5311.13 -111.355 5378.46 -111.355
5328.48 -77.5092 5395.52 -102.243
5344.65 -68.3969 5411.1 -108.751
5360.82 -90.5267 5428.44 -171.236
5377.58 -100.941 5444.32 -117.864
5393.75 -95.7337 5461.08 -86.6215
5410.22 -146.502 5477.25 -146.502
5426.68 -126.976 5494.3 -100.941
5442.55 -111.355 5509.29 -87.9232
5460.49 -103.544 5526.05 -123.071
5475.19 -111.355 5542.81 -139.993
5491.65 -78.8109 5559.27 -143.899
5509.59 -99.639 5576.32 -100.941
5525.76 -93.1302 5592.19 -151.709
5541.04 -76.2074 5607.77 -113.958
5558.39 -33.2495 5624.53 -108.751
5575.14 -65.7934 5640.69 -123.071
5590.43 -84.0179 5658.04 -113.958
5606.89 -107.45 5674.5 -117.864
5622.76 -94.432 5690.96 -117.864
5640.69 -115.26 5707.42 -100.941
5656.27 -113.958 5724.17 -94.432
5673.62 -128.278 5739.75 -130.881
5689.49 -119.165 5756.5 -107.45
5705.65 -102.243 5772.96 -103.544
5722.41 -117.864 5789.71 -99.639
5737.98 -77.5092 5806.76 -103.544
5754.44 -95.7337 5821.74 -113.958
5771.78 -65.7934 5837.91 -126.976
5787.95 -68.3969 5855.54 -134.786
5804.11 -77.5092 5872 -164.727
5820.86 -57.9828 5889.33 -153.011
5837.03 -56.6811 5904.61 -119.165
5853.19 -95.7337 5920.77 -102.243
5869.65 -55.3793 5938.11 -111.355
5886.1 -82.7162 5953.68 -67.0951
5902.85 -67.0951 5970.43 -111.355
5919.31 -69.6986 5987.47 -126.976
5935.47 -60.5863 6003.04 -112.657
5952.21 -76.2074 6018.61 -128.278
5968.08 -115.26 6036.24 -91.8285
5985.12 -97.0355 6052.4 -113.958
6001.28 -84.0179 6069.14 -91.8285
6016.85 -73.6039 6086.18 -119.165
6033.89 -93.1302 6102.04 -119.165
6051.22 -81.4144 6118.49 -81.4144
6065.91 -52.7758 6135.24 -108.751
6083.24 -81.4144 6151.39 -128.278
6099.4 -82.7162 6167.25 -94.432
6116.14 -89.225 6183.7 -147.804
6132.3 -97.0355 6200.73 -99.639
6149.04 -50.1723 6217.18 -110.053
6165.78 -43.6635 6232.75 -98.3372
6182.82 -63.1898 6249.78 -68.3969
6198.39 -80.1127 6265.64 -110.053
6214.54 -98.3372 6283.26 -67.0951
6230.69 -80.1127 6298.82 -86.6215
6247.43 -99.639 6315.85 -113.958
6263.58 -63.1898 6331.71 -82.7162
6280.32 -84.0179 6348.15 -99.639
6296.76 -99.639 6364.3 -103.544
6313.21 -94.432 6381.03 -104.846
6329.36 -56.6811 6397.47 -82.7162
6345.51 -78.8109 6413.62 -89.225
6363.12 -68.3969 6430.65 -143.899
6378.98 -87.9232 6447.09 -111.355
6394.83 -94.432 6462.94 -138.692
6410.98 -71.0004 6479.38 -85.3197
6428.59 -55.3793 6496.4 -107.45
6444.44 -77.5092 6512.25 -95.7337
6460.59 -78.8109 6529.27 -97.0355
6476.44 -106.148 6545.71 -125.674
6494.05 -77.5092 6561.56 -115.26
6509.9 -106.148 6578.87 -120.467
6526.34 -102.243 6594.13 -104.846
6542.77 -90.5267 6611.15 -123.071
6559.21 -81.4144 6628.17 -99.639
6575.64 -71.0004 6644.6 -89.225
6591.78 -77.5092 6660.45 -120.467
6608.51 -89.225 6677.17 -97.0355
6625.24 -73.6039 6693.6 -100.941
6641.38 -94.432 6709.44 -134.786
6657.81 -72.3021 6725.58 -124.372
6674.53 -100.941 6743.48 -125.674
6689.79 -77.5092 6759.02 -120.467
6706.81 -61.8881 6775.74 -115.26
6722.94 -77.5092 6792.47 -104.846
6739.66 -84.0179 6808.3 -126.976
6756.09 -97.0355 6825.02 -99.639
6772.22 -76.2074 6841.45 -84.0179
6788.65 -82.7162 6858.16 -111.355
6804.2 -129.579 6875.17 -72.3021
6821.5 -91.8285 6890.42 -80.1127
6838.51 -97.0355 6908.31 -117.864
6855.23 -89.225 6922.98 -107.45
6870.78 -81.4144 6939.98 -102.243
6886.91 -90.5267 6956.7 -124.372
6902.74 -82.7162 6972.82 -106.148
6919.46 -69.6986 6989.24 -132.183
6936.76 -63.1898 7005.07 -110.053
6952.59 -59.2846 7022.08 -108.751
6968.72 -77.5092 7039.08 -104.846
6985.72 -54.0776 7054.91 -116.562
7001.85 -51.474 7071.03 -138.692
7018.27 -84.0179 7087.74 -103.544
7034.39 -61.8881 7104.16 -93.1302
7051.69 -74.9056 7120.86 -42.3617
7068.1 -113.958 7137.28 -51.474
7083.93 -81.4144 7153.4 -80.1127
7100.05 -81.4144 7170.98 -106.148
7116.76 -95.7337 7187.39 -125.674
7133.76 -97.0355 7202.63 -121.769
7149.59 -100.941 7219.04 -125.674
7165.41 -50.1723 7235.74 -108.751
7182.12 -78.8109 7252.74 -106.148
7198.82 -42.3617 7269.15 -119.165
7214.94 -80.1127 7284.38 -123.071
7231.93 -74.9056 7301.96 -142.597
7247.17 -76.2074 7318.07 -130.881
7265.04 -59.2846 7334.77 -99.639
7281.16 -57.9828 7351.76 -100.941
7296.98 -65.7934 7367.29 -110.053
7313.09 -97.0355 7383.1 -111.355
7329.79 -95.7337 7400.39 -125.674
7345.9 -82.7162 7417.38 -121.769
7362.6 -80.1127 7433.19 -120.467
7379.59 -117.864 7449.3 -103.544
7395.41 -91.8285 7466.28 -110.053
7411.81 -125.674 7482.98 -123.071
7428.21 -73.6039 7499.08 -63.1898
7445.2 -87.9232 7515.48 -145.2
7460.72 -69.6986 7531.59 -132.183
7477.71 -44.9653 7547.69 -166.029
7494.4 -48.8705 7564.38 -164.727
7510.8 -78.8109 7581.07 -115.26
7527.19 -78.8109 7597.76 -103.544
7543.59 -98.3372 7613.27 -125.674
7560.57 -54.0776 7631.42 -128.278
7576.09 -67.0951 7647.23 -126.976
7592.49 -85.3197 7663.62 -154.313
7609.76 -86.6215 7680.31 -123.071
7625.86 -104.846 7696.41 -99.639
7641.67 -86.6215 7712.5 -69.6986
7658.06 -113.958 7728.89 -73.6039
7675.33 -106.148 7745.28 -111.355
7690.55 -86.6215 7762.26 -129.579
7707.82 -86.6215 7778.35 -125.674
7723.63 -89.225 7794.15 -142.597
7740.6 -78.8109 7812 -136.088
7756.4 -81.4144 7828.1 -98.3372
7773.09 -74.9056 7844.19 -112.657
7789.18 -99.639 7860.87 -129.579
7806.44 -82.7162 7876.08 -98.3372
7822.25 -64.4916 7893.93 -98.3372
7838.63 -77.5092 7909.73 -125.674
7856.19 -68.3969 7926.4 -102.243
7871.4 -94.432 7942.78 -112.657
7887.79 -98.3372 7959.75 -91.8285
7904.46 -119.165 7975.25 -91.8285
7920.85 -89.225 7991.63 -82.7162
7937.23 -77.5092 8008.6 -103.544
7953.32 -86.6215 8024.68 -113.958
7969.7 -50.1723 8041.94 -103.544
7985.78 -91.8285 8057.73 -93.1302
8003.04 -93.1302 8074.4 -107.45
8019.13 -78.8109 8090.19 -78.8109
8035.51 -78.8109 8107.16 -117.864
8051.3 -69.6986 8124.41 -136.088
8067.97 -57.9828 8140.2 -162.123
8084.35 -39.7582 8156.28 -119.165
8101.89 -44.9653 8173.83 -87.9232
8117.1 -76.2074 8188.74 -111.355
8133.77 -84.0179 8205.4 -106.148
8150.14 -81.4144 8222.94 -156.916
8166.81 -63.1898 8239.31 -136.088
8182.89 -76.2074 8255.39 -87.9232
8199.26 -94.432 8272.05 -93.1302
8216.22 -119.165 8288.13 -100.941
8232.3 -93.1302 8305.38 -100.941
8249.55 -121.769 8320.87 -106.148
8265.33 -98.3372 8337.53 -115.26
8280.82 -74.9056 8353.6 -102.243
8297.78 -86.6215 8369.39 -113.958
8315.02 -72.3021 8386.63 -124.372
8330.81 -55.3793 8403 -145.2
8347.17 -76.2074 8419.94 -113.958
8362.96 -71.0004 8436.02 -154.313
8379.03 -84.0179 8452.68 -143.899
8396.86 -44.9653 8469.04 -155.615
8412.93 -55.3793 8484.82 -133.485
8429.59 -84.0179 8501.18 -150.407
8445.66 -90.5267 8517.83 -91.8285
8461.73 -67.0951 8534.78 -111.355
8478.39 -78.8109 8551.43 -104.846
8493.88 -63.1898 8567.21 -139.993
8511.11 -80.1127 8583.28 -113.958
8527.18 -77.5092 8600.52 -119.165
8543.55 -98.3372 8616.87 -130.881
8560.49 -74.9056 8633.23 -149.106
8576.56 -112.657 8649.88 -145.2
8593.21 -91.8285 8665.95 -143.899
8609.57 -81.4144 8682.6 -137.39
8625.93 -100.941 8699.25 -155.615
8641.7 -85.3197 8715.02 -149.106
8658.94 -80.1127 8731.38 -154.313
8675.59 -47.5688 8748.61 -164.727
8690.78 -85.3197 8765.25 -132.183
8708.89 -51.474 8781.61 -163.425
8724.37 -46.267 8797.38 -166.029
8741.31 -106.148 8814.03 -138.692
8757.37 -107.45 8829.8 -115.26
8772.85 -110.053 8847.61 -153.011
8790.08 -107.45 8863.38 -172.537
8806.43 -68.3969 8879.73 -189.46
8823.08 -59.2846 8895.79 -158.218
8838.85 -87.9232 8912.14 -163.425
8855.78 -102.243 8929.37 -168.632
8872.14 -87.9232 8946.3 -155.615
8888.2 -93.1302 8962.07 -149.106
8905.42 -85.3197 8978.12 -190.762
8921.19 -68.3969 8994.18 -176.443
8937.25 -69.6986 9010.53 -184.253
8954.18 -46.267 9028.04 -158.218
8970.53 -67.0951 9044.39 -159.52
8986.3 -108.751 9061.61 -155.615
9003.23 -72.3021 9077.96 -168.632
9019.87 -69.6986 9094.31 -211.59
9035.34 -64.4916 9110.07 -151.709
9053.15 -117.864 9126.42 -115.26
9068.62 -73.6039 9143.05 -111.355
9084.68 -141.295 9159.4 -120.467
9101.31 -113.958 9176.33 -153.011
9117.66 -94.432 9192.38 -162.123
9134.88 -93.1302 9209.31 -159.52
9150.65 -74.9056 9225.65 -164.727
9166.99 -82.7162 9242.58 -156.916
9183.33 -90.5267 9258.34 -128.278
9200.55 -64.4916 9274.68 -133.485
9217.19 -87.9232 9290.73 -159.52
9233.53 -50.1723 9307.08 -167.33
9249 -99.639 9323.42 -147.804
9266.51 -57.9828 9340.64 -147.804
9281.98 -77.5092 9356.39 -141.295
9298.91 -107.45 9374.19 -103.544
9314.95 -87.9232 9388.78 -84.0179
9330.42 -50.1723 9406.29 -139.993
9347.93 -60.5863 9422.92 -142.597
9363.98 -77.5092 9438.68 -130.881
9380.03 -99.639 9455.31 -98.3372
9398.12 -61.8881 9470.78 -125.674
9413 -125.674 9488.28 -104.846
9429.64 -76.2074 9504.91 -99.639
9445.39 -82.7162 9521.54 -138.692
9463.48 -59.2846 9537.3 -156.916
9478.65 -68.3969 9553.64 -137.39
9495.87 -72.3021 9569.97 -136.088
9511.62 -95.7337 9586.6 -145.2
9528.25 -68.3969 9603.52 -142.597
9544.88 -61.8881 9620.15 -162.123
9560.34 -77.5092 9636.78 -173.839
9577.85 -90.5267 9652.83 -115.26
9593.6 -72.3021 9669.75 -121.769
9610.23 -126.976 9685.21 -130.881
9625.69 -108.751 9702.71 -74.9056
9642.91 -69.6986 9717.88 -115.26
9659.54 -100.941 9734.22 -125.674
9675.29 -102.243 9751.42 -121.769
9692.21 -84.0179 9767.76 -153.011
9708.84 -100.941 9784.68 -126.976
9725.17 -60.5863 9801.01 -134.786
9741.8 -52.7758 9816.77 -128.278
9757.84 -100.941 9833.68 -133.485
9774.18 -44.9653 9850.02 -125.674
9789.93 -44.9653 9866.35 -169.934
9806.85 -51.474 9883.56 -184.253
9824.35 -59.2846 9898.15 -141.295
9839.52 -76.2074 9916.52 -153.011
9856.44 -85.3197 9931.69 -151.709
9871.9 -91.8285 9948.31 -117.864
9889.4 -116.562 9965.23 -134.786
9905.15 -54.0776 9981.86 -149.106
9922.94 -74.9056 9997.61 -124.372
9938.4 -91.8285 10013.9 -112.657
9954.44 -113.958 10030.8 -139.993
9970.77 -65.7934 10047.5 -103.544
9988.27 -69.6986 10064.1 -112.657
10004.6 -71.0004 10081 -139.993
10020.4 -95.7337 10095.9 -126.976
10036.1 -71.0004 10113.1 -128.278
10052.4 -71.0004 10129.4 -164.727
10068.5 -61.8881 10146.9 -177.744
10085.4 -85.3197 10162.4 -136.088
10102 -81.4144 10180.5 -142.597
10118.6 -72.3021 10195.9 -171.236
10134.4 -25.4389 10212 -119.165
10151 -42.3617 10228.9 -97.0355
10168.2 -64.4916 10244.9 -159.52
10183.7 -94.432 10260.7 -133.485
10200.9 -89.225 10277.3 -100.941
10216.3 -65.7934 10294.5 -120.467
10234.4 -110.053 10310.3 -97.0355
10249.6 -74.9056 10327.2 -78.8109
10266.5 -63.1898 10343.8 -77.5092
10282.8 -61.8881 10360.1 -136.088
10298.3 -33.2495 10376.2 -154.313
10315.2 -55.3793 10392.5 -156.916
10332.7 -29.3442 10409.4 -163.425
10347.9 -59.2846 10425.8 -143.899
10364.2 -9.81786 10442.1 -126.976
10380.8 -16.3266 10458.4 -136.088
10397.2 -5.91259 10475 -180.348
10414.4 -50.1723 10491.7 -132.183
10430.1 -46.267 10507.4 -112.657
10447 -29.3442 10523.5 -158.218
10463.1 -43.6635 10540.1 -142.597
10479.1 -28.0424 10557 -149.106
10496.6 -51.474 10573.3 -146.502
10512.1 -30.646 10590.2 -137.39
10527.8 -43.6635 10606.6 -99.639
10544.4 -2.00733 10623.2 -147.804
10561.6 -7.21435 10640.1 -100.941
10578 -15.0249 10655.9 -137.39
10594 -12.4214 10672.5 -126.976
10610.6 17.519 10687.6 -129.579
10627.3 51.3647 10704.9 -177.744
10643 42.2524 10722.4 -179.046
10659.6 30.5366 10738.1 -137.39
10675.7 42.2524 10754.7 -149.106
10692.3 42.2524 10771.4 -133.485
10709.5 66.9857 10787.4 -120.467
10726.4 42.2524 10803.7 -126.976
10741 38.3471 10820.4 -153.011
10757.6 20.1225 10836.7 -103.544
10774.6 69.5892 10852.7 -130.881
10792.1 65.684 10869.9 -117.864
10807.8 80.0033 10885.7 -95.7337
10823.9 120.358 10902.9 -98.3372
10839.9 147.695 10918.4 -63.1898
10856.5 120.358 10934.7 -65.7934
10872.9 135.979 10952.2 -108.751
10889.8 145.091 10968.5 -85.3197
10906.4 165.919 10985.5 -68.3969
10922.2 143.789 11001.8 -72.3021
10938.2 184.144 11017.5 -64.4916
10954.5 155.505 11033.9 -52.7758
10971.5 182.842 11050.2 -54.0776
10988.1 148.996 11067.4 -39.7582
11005 171.126 11084.1 -56.6811
11020.8 168.523 11098.9 -39.7582
11036.5 203.67 11117 -37.1547
11054 171.126 11132.8 20.1225
11069.8 188.049 11149.1 12.312
11086.1 160.712 11165.2 38.3471
11103 164.617 11182.7 -4.61084
11119.4 224.498 11198.1 47.4594
11134.8 271.361 11214.8 18.8208
11151.1 289.586 11232 52.6664
11168.1 268.758 11248.9 63.0805
11184.4 258.344 11264.9 83.9085
11201.9 276.568 11281.9 89.1156
11217.4 284.379 11297 56.5717
11234.6 329.94 11314 69.5892
11249.8 279.172 11330.3 87.8138
11265.8 358.579 11347.5 89.1156
11283.6 319.526 11363 142.488
11299.7 332.544 11379.9 81.305
11316 314.319 11396.2 128.168
11332.3 336.449 11412.3 142.488
11348.7 359.881 11429.8 156.807
11365.3 374.2 11445.3 151.6
11380.8 363.786 11461.9 178.937
11397.4 401.537 11479.1 250.533
11414 408.046 11494.3 262.249
11430.1 397.632 11511.2 217.989
11448.2 418.46 11527.9 216.688
11463.6 456.211 11544.5 206.274
11479.7 398.933 11561.1 236.214
11496.1 449.702 11576.9 228.403
11513.9 519.997 11594.7 251.835
11529.9 471.832 11610.2 285.681
11545.7 495.263 11625.9 300
11562.3 453.607 11643.7 303.905
11578.4 480.944 11660.1 302.604
11595.3 478.341 11676.7 281.775
11611 527.807 11693.1 303.905
11627.1 522.6 11709.1 314.319
11643.7 521.298 11725.8 348.165
11660.1 560.351 11741.8 431.477
11677.6 552.541 11758.2 400.235
11693.1 598.102 11775.4 413.253
11709.4 574.67 11791.1 427.572
11726.3 590.291 11807.8 421.063
11741.5 672.302 11824.7 447.098
11759.3 630.646 11840.5 431.477
11775.1 665.793 11857.4 490.056
11792.3 681.414 11873.8 534.316
11807.5 672.302 11890.1 465.323
11823.8 706.148 11906.5 497.867
11841.4 729.579 11922.5 497.867
11856.8 716.562 11940 536.92
11874.1 715.26 11955.2 559.049
11888.9 699.639 11973.1 594.197
11905.9 763.425 11988.8 566.86
11922.2 763.425 12005.2 594.197
11938.9 782.951 12021.8 590.291
11955.5 762.123 12038.5 641.06
11971.9 799.874 12054.5 672.302
11988.2 793.365 12071.8 737.39
12004.9 831.116 12088.4 726.976
12020.9 811.59 12105.3 712.657
12038.2 846.737 12121.4 754.313
12053.4 868.867 12138 764.727
12070 902.713 12155 805.081
12086.1 901.411 12171.6 828.513
12103 930.05 12189.8 811.59
12119.1 917.032 12201.4 859.755
12135.4 957.387 12185.1 871.471
12152.1 966.499 12168.4 926.145
