4016.81 -184.253 4030.61 -216.797
4002.13 -180.348 4048.22 -201.176
4000.37 -139.993 4064.07 -189.46
4013.87 -149.106 4080.22 -197.271
4029.72 -181.65 4096.66 -231.116
4046.75 -141.295 4113.1 -220.702
4063.78 -158.218 4129.54 -193.365
4079.92 -147.804 4146.57 -189.46
4097.24 -121.769 4161.84 -203.779
4111.34 -169.934 4179.46 -235.022
4129.25 -156.916 4195.32 -214.194
4146.57 -180.348 4211.47 -215.495
4161.55 -138.692 4228.51 -208.986
4178.29 -186.857 4244.66 -220.702
4194.15 -172.537 4260.82 -212.892
4212.06 -173.839 4277.56 -176.443
4227.92 -175.141 4293.72 -177.744
4244.07 -164.727 4310.46 -189.46
4260.82 -123.071 4326.62 -181.65
4276.97 -171.236 4343.07 -176.443
4293.72 -175.141 4359.23 -173.839
4309.29 -181.65 4375.68 -207.685
4327.21 -177.744 4393.02 -146.502
4343.37 -138.692 4409.18 -179.046
4359.53 -133.485 4425.34 -201.176
4374.8 -158.218 4442.09 -207.685
4393.02 -129.579 4457.37 -215.495
4408.6 -143.899 4474.71 -193.365
4425.05 -128.278 4491.17 -232.418
4441.8 -158.218 4508.22 -185.555
4458.55 -119.165 4523.79 -194.667
4475.01 -141.295 4540.55 -212.892
4491.17 -156.916 4555.83 -202.478
4507.04 -163.425 4573.46 -173.839
4523.79 -136.088 4589.92 -184.253
4539.66 -149.106 4606.38 -201.176
4557.3 -153.011 4622.85 -190.762
4572.58 -162.123 4639.6 -147.804
4589.04 -138.692 4655.77 -176.443
4606.09 -153.011 4671.35 -177.744
4622.26 -155.615 4687.81 -190.762
4639.01 -137.39 4704.57 -192.064
4655.47 -153.011 4721.03 -214.194
4671.05 -124.372 4738.08 -181.65
4688.4 -134.786 4753.66 -175.141
4704.27 -136.088 4770.42 -186.857
4721.03 -141.295 4786.88 -186.857
4736.9 -137.39 4803.05 -188.158
4753.07 -120.467 4820.1 -181.65
4769.83 -147.804 4836.27 -143.899
4786.59 -173.839 4852.15 -177.744
4802.46 -139.993 4869.2 -195.969
4818.93 -133.485 4885.67 -166.029
4835.69 -145.2 4901.55 -198.572
4851.56 -156.916 4918.6 -168.632
4868.91 -167.33 4935.36 -185.555
4884.79 -106.148 4951.83 -163.425
4901.55 -136.088 4967.41 -177.744
4918.6 -147.804 4984.76 -205.081
4934.77 -138.692 5000.05 -216.797
4950.65 -117.864 5017.98 -202.478
4967.7 -116.562 5032.39 -194.667
4983.87 -163.425 5050.03 -197.271
4999.16 -145.2 5066.2 -192.064
5016.51 -149.106 5082.38 -188.158
5032.98 -149.106 5099.14 -201.176
5049.15 -158.218 5115.31 -193.365
5065.61 -153.011 5132.36 -199.874
5081.49 -108.751 5148.53 -162.123
5098.25 -125.674 5164.12 -194.667
5114.72 -138.692 5180.88 -164.727
5131.19 -147.804 5197.34 -193.365
5147.65 -134.786 5214.1 -151.709
5164.12 -155.615 5229.98 -202.478
5181.17 -129.579 5246.74 -179.046
5196.75 -112.657 5262.32 -190.762
5213.81 -124.372 5279.67 -188.158
5230.27 -132.183 5296.73 -227.211
5246.45 -121.769 5312.9 -218.099
5262.32 -163.425 5329.66 -179.046
5278.2 -126.976 5345.83 -214.194
5295.84 -119.165 5362.59 -208.986
5312.01 -112.657 5378.76 -201.176
5327.3 -117.864 5394.93 -210.288
5344.65 -134.786 5411.39 -195.969
5361.12 -177.744 5428.15 -156.916
5377.58 -180.348 5444.32 -212.892
5394.63 -156.916 5460.78 -177.744
5409.92 -180.348 5477.54 -185.555
5426.39 -136.088 5493.71 -194.667
5442.26 -142.597 5509.29 -175.141
5459.9 -137.39 5526.05 -197.271
5475.19 -110.053 5543.1 -193.365
5492.83 -133.485 5559.56 -166.029
5508.7 -146.502 5576.02 -186.857
5525.76 -113.958 5591.9 -201.176
5541.34 -125.674 5608.36 -203.779
5558.39 -106.148 5625.12 -192.064
5573.67 -145.2 5641.28 -203.779
5591.01 -176.443 5658.04 -211.59
5607.77 -142.597 5674.5 -195.969
5623.94 -185.555 5691.25 -176.443
5640.11 -160.822 5707.71 -167.33
5656.27 -158.218 5723.29 -162.123
5673.32 -145.2 5739.75 -171.236
5690.37 -126.976 5756.21 -164.727
5704.77 -197.271 5773.55 -175.141
5721.52 -193.365 5789.71 -167.33
5737.98 -151.709 5804.7 -182.951
5754.74 -139.993 5821.74 -189.46
5771.78 -136.088 5839.08 -188.158
5787.07 -99.639 5855.54 -215.495
5804.11 -97.0355 5872 -202.478
5821.16 -147.804 5888.16 -233.72
5837.03 -138.692 5904.32 -211.59
5855.25 -134.786 5920.19 -205.081
5869.94 -124.372 5937.82 -159.52
5885.81 -110.053 5953.68 -192.064
5902.85 -141.295 5970.72 -182.951
5918.42 -208.986 5987.18 -199.874
5935.47 -154.313 6003.63 -163.425
5951.92 -160.822 6020.08 -166.029
5968.08 -164.727 6036.24 -160.822
5985.41 -116.562 6052.4 -179.046
6001.57 -156.916 6068.85 -173.839
6018.03 -138.692 6085.3 -198.572
6033.6 -143.899 6102.63 -163.425
6050.34 -110.053 6118.2 -210.288
6065.91 -117.864 6134.65 -163.425
6083.54 -128.278 6150.8 -223.306
6099.99 -124.372 6166.37 -212.892
6116.44 -117.864 6183.11 -207.685
6131.71 -130.881 6200.73 -205.081
6149.04 -123.071 6216.01 -164.727
6165.49 -153.011 6232.75 -194.667
6181.94 -145.2 6249.49 -214.194
6197.21 -143.899 6265.93 -177.744
6214.54 -207.685 6282.96 -162.123
6230.69 -168.632 6298.53 -175.141
6247.43 -156.916 6314.68 -141.295
6262.99 -156.916 6332.29 -175.141
6279.44 -153.011 6349.03 -159.52
6296.76 -154.313 6365.76 -189.46
6312.62 -136.088 6380.74 -188.158
6329.65 -116.562 6397.47 -210.288
6346.09 -146.502 6413.62 -194.667
6361.65 -147.804 6430.94 -195.969
6378.1 -93.1302 6447.09 -211.59
6393.66 -132.183 6463.23 -306.618
6411.27 -120.467 6479.96 -309.222
6427.42 -158.218 6496.69 -298.808
6444.74 -138.692 6512.54 -290.997
6460.59 -150.407 6528.98 -287.092
6476.44 -139.993 6545.71 -267.565
6492.88 -139.993 6561.26 -276.678
6509.9 -164.727 6579.16 -259.755
6525.75 -136.088 6594.72 -254.548
6542.48 -142.597 6611.74 -296.204
6559.5 -159.52 6627.58 -220.702
6574.76 -172.537 6644.02 -255.85
6592.37 -119.165 6661.33 -294.902
6608.22 -147.804 6677.17 -283.187
6624.36 -123.071 6693.31 -309.222
6641.08 -107.45 6710.03 -267.565
6658.1 -124.372 6726.17 -309.222
6674.24 -168.632 6743.18 -254.548
6690.08 -160.822 6759.32 -290.997
6706.51 -121.769 6776.04 -272.773
6723.53 -123.071 6792.47 -276.678
6739.66 -136.088 6808.3 -227.211
6755.8 -111.355 6824.44 -270.169
6771.64 -133.485 6841.45 -262.358
6788.65 -145.2 6857.58 -246.737
6804.2 -147.804 6874 -210.288
6821.21 -151.709 6891.31 -268.867
6838.22 -153.011 6907.43 -284.488
6854.06 -143.899 6923.56 -254.548
6871.07 -126.976 6939.4 -268.867
6886.61 -139.993 6956.4 -275.376
6903.62 -158.218 6973.7 -300.109
6920.34 -147.804 6988.65 -266.264
6935.88 -143.899 7005.37 -280.583
6952.88 -133.485 7022.08 -285.79
6969.6 -95.7337 7038.49 -281.885
6985.14 -133.485 7055.2 -235.022
7002.14 -134.786 7071.62 -250.643
7017.97 -167.33 7087.16 -249.341
7034.39 -132.183 7104.45 -240.229
7051.98 -167.33 7121.16 -255.85
7066.93 -143.899 7137.86 -227.211
7083.05 -175.141 7153.98 -244.134
7100.05 -172.537 7170.4 -219.401
7117.35 -199.874 7186.81 -259.755
7133.17 -193.365 7202.92 -267.565
7151.05 -182.951 7219.33 -250.643
7165.12 -173.839 7235.45 -238.927
7181.82 -179.046 7252.15 -262.358
7198.24 -121.769 7269.15 -262.358
7214.94 -133.485 7284.67 -279.281
7231.64 -138.692 7301.96 -237.625
7247.17 -126.976 7317.78 -244.134
7264.16 -150.407 7334.48 -251.944
7281.16 -147.804 7350.88 -287.092
7296.98 -179.046 7367.29 -245.436
7313.68 -102.243 7383.98 -271.471
7330.38 -141.295 7400.09 -220.702
7346.78 -142.597 7416.79 -227.211
7362.89 -126.976 7433.48 -202.478
7379.3 -169.934 7449.88 -240.229
7395.7 -175.141 7464.82 -237.625
7411.81 -182.951 7482.98 -232.418
7428.8 -160.822 7498.2 -238.927
7444.32 -149.106 7515.19 -261.057
7460.72 -149.106 7531.88 -232.418
7477.41 -110.053 7548.86 -254.548
7495.28 -120.467 7565.55 -250.643
7509.92 -168.632 7581.07 -274.074
7527.49 -181.65 7597.76 -294.902
7544.76 -173.839 7613.27 -236.323
7560.28 -124.372 7631.72 -238.927
7575.51 -115.26 7647.23 -227.211
7593.07 -86.6215 7662.74 -251.944
7609.17 -156.916 7680.31 -263.66
7626.15 -192.064 7696.11 -233.72
7641.67 -190.762 7712.8 -240.229
7658.65 -156.916 7729.19 -229.815
7674.16 -120.467 7745.28 -207.685
7690.85 -142.597 7762.84 -223.306
7707.53 -115.26 7778.06 -254.548
7724.21 -160.822 7795.03 -287.092
7739.14 -184.253 7810.83 -275.376
7756.99 -180.348 7827.51 -290.997
7773.38 -186.857 7844.78 -275.376
7789.47 -136.088 7861.75 -259.755
7805.57 -125.674 7876.96 -236.323
7822.54 -119.165 7893.35 -290.997
7838.63 -150.407 7910.02 -292.299
7855.6 -153.011 7926.4 -261.057
7871.4 -173.839 7943.37 -276.678
7887.49 -119.165 7960.34 -250.643
7904.75 -121.769 7976.42 -283.187
7920.55 -141.295 7991.05 -263.66
7936.64 -176.443 8008.6 -268.867
7953.32 -172.537 8025.85 -264.962
7969.99 -211.59 8041.94 -254.548
7985.78 -169.934 8058.03 -268.867
8003.63 -159.52 8073.23 -240.229
8019.42 -108.751 8089.61 -287.092
8035.51 -130.881 8107.45 -309.222
8051.89 -124.372 8124.41 -326.144
8068.26 -129.579 8139.32 -302.713
8084.64 -147.804 8157.16 -270.169
8101.89 -134.786 8172.66 -246.737
8117.1 -102.243 8188.74 -284.488
8134.06 -121.769 8205.69 -294.902
8150.14 -116.562 8222.36 -276.678
8167.39 -172.537 8238.44 -287.092
8182.6 -155.615 8255.1 -259.755
8198.97 -162.123 8271.47 -205.081
8215.63 -137.39 8287.25 -257.151
8232 -143.899 8305.09 -293.601
8249.25 -159.52 8321.16 -301.411
8265.62 -180.348 8337.53 -281.885
8280.82 -184.253 8353.6 -293.601
8297.78 -160.822 8371.43 -281.885
8313.56 -185.555 8386.92 -267.565
8330.81 -119.165 8403.29 -263.66
8348.05 -139.993 8419.36 -287.092
8363.54 -145.2 8436.6 -310.523
8380.2 -121.769 8453.26 -288.394
8396.27 -176.443 8469.04 -290.997
8412.06 -141.295 8484.82 -250.643
8429.88 -138.692 8501.47 -249.341
8445.37 -142.597 8517.54 -285.79
8462.32 -141.295 8534.78 -290.997
8477.81 -150.407 8551.14 -283.187
8494.17 -169.934 8567.5 -279.281
8512.28 -166.029 8583.86 -279.281
8528.06 -141.295 8600.52 -229.815
8544.13 -138.692 8616.58 -296.204
8559.91 -133.485 8633.23 -259.755
8576.85 -154.313 8649.59 -276.678
8593.21 -197.271 8665.07 -287.092
8609.86 -172.537 8682.01 -289.695
8625.35 -173.839 8698.66 -283.187
8642.29 -167.33 8714.73 -253.246
8659.23 -133.485 8731.96 -300.109
8675.3 -110.053 8748.32 -292.299
8691.36 -137.39 8764.67 -298.808
8708.01 -150.407 8781.32 -322.239
8724.66 -139.993 8797.38 -267.565
8741.02 -149.106 8813.44 -253.246
8757.66 -124.372 8830.38 -235.022
8773.43 -116.562 8847.32 -227.211
8789.79 -107.45 8863.67 -216.797
8806.73 -160.822 8879.14 -215.495
8823.95 -203.779 8896.08 -237.625
8839.43 -203.779 8912.14 -245.436
8854.91 -171.236 8929.37 -280.583
8872.43 -151.709 8946.01 -235.022
8888.49 -121.769 8962.07 -262.358
8905.13 -125.674 8978.41 -257.151
8921.48 -136.088 8994.76 -224.608
8937.25 -123.071 9011.69 -251.944
8954.18 -156.916 9028.63 -276.678
8970.53 -153.011 9043.81 -262.358
8986.59 -145.2 9060.74 -266.264
9003.52 -108.751 9077.09 -246.737
9019.29 -136.088 9093.43 -253.246
9035.34 -171.236 9110.36 -218.099
9053.44 -163.425 9127.58 -222.004
9069.21 -176.443 9143.05 -251.944
9085.26 -168.632 9159.4 -242.832
9101.61 -147.804 9175.45 -218.099
9118.25 -175.141 9192.38 -266.264
9134.59 -158.218 9208.14 -218.099
9150.94 -134.786 9225.36 -223.306
9166.99 -169.934 9241.41 -272.773
9183.92 -146.502 9258.34 -248.039
9199.39 -151.709 9274.39 -259.755
9216.9 -124.372 9290.73 -237.625
9232.95 -112.657 9307.66 -271.471
9248.71 -147.804 9323.42 -284.488
9266.22 -126.976 9340.34 -277.98
9281.4 -99.639 9356.69 -261.057
9298.91 -134.786 9373.32 -279.281
9314.95 -150.407 9389.66 -281.885
9331.59 -146.502 9406 -248.039
9347.93 -146.502 9422.92 -232.418
9364.27 -149.106 9439.26 -218.099
9380.32 -169.934 9456.19 -215.495
9396.37 -186.857 9472.23 -237.625
9413.29 -139.993 9488.28 -225.909
9429.64 -158.218 9504.62 -211.59
9445.39 -145.2 9521.25 -227.211
9462.61 -172.537 9538.17 -218.099
9478.94 -164.727 9554.22 -179.046
9495.58 -146.502 9570.85 -190.762
9512.21 -139.993 9586.6 -233.72
9527.38 -90.5267 9602.94 -219.401
9545.18 -134.786 9620.15 -241.53
9560.93 -150.407 9635.91 -193.365
9577.27 -128.278 9652.83 -181.65
9593.02 -159.52 9670.04 -202.478
9610.23 -117.864 9685.79 -193.365
9626.57 -132.183 9702.13 -198.572
9643.2 -102.243 9718.46 -224.608
9658.95 -94.432 9735.67 -224.608
9675.87 -117.864 9751.42 -177.744
9692.21 -130.881 9767.18 -180.348
9708.55 -176.443 9783.22 -180.348
9724.59 -158.218 9800.14 -171.236
9740.93 -160.822 9817.35 -199.874
9757.84 -113.958 9833.98 -201.176
9774.76 -121.769 9849.43 -194.667
9791.39 -106.148 9867.23 -208.986
9807.14 -137.39 9883.56 -199.874
9823.48 -113.958 9899.9 -232.418
9838.94 -104.846 9915.06 -224.608
9856.73 -107.45 9931.98 -254.548
9872.48 -87.9232 9948.61 -240.229
9889.4 -68.3969 9965.81 -254.548
9905.44 -77.5092 9981.27 -210.288
9920.9 -98.3372 9998.19 -285.79
9938.4 -108.751 10014.5 -238.927
9953.86 -137.39 10030.3 -241.53
9971.36 -67.0951 10047.8 -224.608
9987.11 -21.5337 10063.5 -259.755
10003.1 -65.7934 10079.9 -228.513
10020.1 -63.1898 10095.9 -214.194
10035.8 -63.1898 10113.4 -259.755
10053.6 -106.148 10129.7 -248.039
10069.4 -90.5267 10146.6 -250.643
10085.7 -51.474 10162.1 -229.815
10102.3 -21.5337 10179.9 -214.194
10118.9 -20.2319 10195 -220.702
10135 -13.7231 10212 -212.892
10151.9 -12.4214 10227.7 -229.815
10167.4 -61.8881 10244 -216.797
10185.1 -46.267 10260.7 -198.572
10200.9 -42.3617 10277.3 -163.425
10217.2 -0.70557 10293.9 -180.348
10233.8 11.0102 10310.3 -169.934
10249.6 9.70847 10326.6 -184.253
10265.9 -17.6284 10343.8 -177.744
10283.1 0.596186 10360.4 -158.218
10299.2 -25.4389 10376.5 -176.443
10315.2 68.2875 10392.5 -160.822
10331 31.8383 10408.5 -113.958
10349.3 81.305 10425.8 -93.1302
10365.1 42.2524 10442.7 -190.762
10380 83.9085 10457.8 -195.969
10397.5 95.6243 10475 -189.46
10413.8 73.4945 10491.7 -176.443
10429.8 108.642 10508.6 -126.976
10446.7 86.5121 10524 -104.846
10462.8 103.435 10540.4 -138.692
10480 109.944 10557.9 -153.011
10496.6 109.944 10574.2 -129.579
10511.2 124.263 10590.2 -111.355
10528.7 155.505 10606.3 -41.06
10544.7 115.151 10623.2 -34.5512
10561.4 143.789 10639.2 -68.3969
10577.7 137.281 10655.6 -52.7758
10594.6 129.47 10672.2 -34.5512
10610.6 154.203 10688.2 -82.7162
10627 191.954 10705.4 -73.6039
10643.6 184.144 10721.8 -16.3266
10660.2 189.351 10738.4 -9.81786
10675.7 198.463 10754.4 -35.853
10692.9 240.119 10770.5 -41.06
10709.5 237.516 10788 -52.7758
10724.7 237.516 10803.7 -39.7582
10742.2 237.516 10820.9 17.519
10758.8 272.663 10837.6 59.1752
10774.3 249.232 10853 69.5892
10790.6 277.87 10870.5 0.596186
10808.1 280.474 10885.4 -0.70557
10823.3 293.491 10902.6 0.596186
10839.9 292.189 10919 81.305
10856.2 307.811 10935.3 65.684
10873.2 339.053 10951.9 91.7191
10890.1 340.354 10968.5 95.6243
10905.5 335.147 10985.8 68.2875
10922.7 385.916 11001.2 73.4945
10939.1 337.751 11017.8 132.074
10954.8 396.33 11034.8 111.245
10971.8 418.46 11050.5 158.109
10987.5 457.512 11066.8 139.884
11004.7 436.684 11083.8 135.979
11020.8 413.253 11100.1 117.754
11036.8 355.975 11116.4 155.505
11053.7 419.762 11133.9 204.972
11070 401.537 11149.1 246.628
11086.7 439.288 11166 259.646
11102.7 471.832 11181.8 234.912
11119.1 480.944 11199.6 219.291
11135.7 516.091 11214.8 217.989
11152 475.737 11232 241.421
11169 454.909 11247.7 284.379
11184.4 477.039 11264.9 286.982
11202.2 543.428 11281 332.544
11216.8 557.748 11297 292.189
11234 568.162 11313.7 326.035
11249.8 556.446 11329.4 333.846
11267.3 557.748 11346.6 309.112
11283.3 573.369 11363.6 300
11299.4 595.499 11381.1 324.733
11315.7 625.439 11395.9 335.147
11332.3 671 11413.2 384.614
11348.7 647.569 11429.5 367.691
11365 625.439 11445.3 379.407
11381.6 613.723 11462.5 413.253
11397.1 604.611 11478.8 445.797
11414.3 655.379 11494.9 456.211
11430.7 682.716 11511.8 479.642
11446.1 736.088 11527.3 447.098
11463.4 736.088 11544.8 478.341
11480.3 729.579 11561.1 460.116
11496.6 716.562 11577.2 500.47
11512.1 767.33 11593.8 527.807
11528.1 799.874 11609.3 553.842
11545.9 792.064 11626.5 565.558
11561.7 793.365 11643.1 586.386
11578.4 799.874 11659.5 562.955
11595 781.65 11675.3 557.748
11611.6 786.857 11692.8 611.12
11626.8 892.299 11708.8 637.155
11644 864.962 11725.5 621.534
11660.7 889.695 11741.2 655.379
11677 909.222 11758.5 628.042
11692.8 881.885 11774.8 700.941
11709.7 889.695 11791.4 724.372
11725.8 936.559 11808.1 725.674
11742.1 953.481 11825 733.485
11758.2 999.043 11840.2 724.372
11775.1 1028.98 11857.1 745.2
11791.4 1018.57 11873.8 739.993
11808.1 1030.28 11890.7 822.004
11825.6 1043.3 11907 848.039
11840.5 1082.36 11923.4 803.78
11856.8 1084.96 11939.2 827.211
11873.2 1071.94 11955.8 850.643
11890.1 1062.83 11972.5 883.187
11905.6 1044.6 11989.1 906.618
11922.2 1109.69 12005.8 906.618
11939.5 1146.14 12021.5 944.369
11955.5 1165.67 12039 930.05
11971.9 1212.53 12055.1 982.12
11987.9 1208.63 12071.5 1039.4
12004 1191.7 12088.4 1045.91
12020.6 1186.5 12105.6 1064.13
12037.9 1229.45 12121.1 1135.73
12053.1 1269.81 12137.8 1130.52
12070.6 1314.07 12155 1169.57
12086.7 1323.18 12172.2 1146.14
12103.3 1337.5 12189.2 1146.14
12119.4 1311.46 12202 1238.57
12135.7 1323.18 12184.8 1302.35
12152.4 1345.31 12168.7 1324.48
