4016.52 -208.986 4030.61 -238.927
4002.72 -179.046 4047.63 -249.341
4000.08 -169.934 4064.66 -257.151
4013.58 -225.909 4080.22 -253.246
4030.02 -228.513 4096.07 -245.436
4046.75 -193.365 4112.8 -246.737
4063.19 -211.59 4129.25 -251.944
4079.34 -177.744 4146.28 -254.548
4096.07 -210.288 4162.43 -248.039
4112.51 -194.667 4178.88 -231.116
4128.95 -167.33 4195.32 -223.306
4146.28 -205.081 4212.06 -250.643
4162.14 -206.383 4228.51 -216.797
4178.29 -197.271 4244.37 -237.625
4193.85 -194.667 4261.11 -205.081
4211.77 -192.064 4277.85 -237.625
4227.92 -171.236 4294.01 -190.762
4244.07 -173.839 4310.46 -223.306
4260.23 -149.106 4326.62 -214.194
4277.27 -199.874 4342.78 -216.797
4294.01 -205.081 4359.53 -231.116
4310.46 -177.744 4376.86 -251.944
4326.62 -141.295 4392.73 -270.169
4343.37 -177.744 4408.6 -210.288
4358.65 -154.313 4425.64 -207.685
4375.68 -156.916 4441.8 -220.702
4392.73 -199.874 4457.67 -267.565
4408.3 -167.33 4474.71 -223.306
4425.93 -167.33 4491.46 -236.323
4441.21 -182.951 4507.04 -224.608
4457.67 -173.839 4523.79 -232.418
4474.13 -164.727 4540.84 -189.46
4491.17 -153.011 4556.42 -232.418
4507.33 -195.969 4573.17 -228.513
4523.5 -185.555 4588.75 -253.246
4540.55 -168.632 4605.21 -254.548
4557.3 -188.158 4622.55 -241.53
4573.17 -156.916 4639.6 -197.271
4589.04 -188.158 4654.89 -219.401
4606.09 -176.443 4671.05 -227.211
4622.26 -197.271 4688.4 -225.909
4639.01 -193.365 4704.57 -241.53
4654.89 -182.951 4720.73 -233.72
4671.94 -171.236 4737.78 -210.288
4687.22 -159.52 4754.54 -219.401
4704.86 -173.839 4770.42 -222.004
4721.03 -179.046 4787.47 -244.134
4737.2 -167.33 4803.64 -223.306
4753.37 -182.951 4819.81 -232.418
4770.12 -150.407 4836.27 -206.383
4786.59 -168.632 4853.03 -229.815
4802.46 -154.313 4868.91 -220.702
4820.4 -179.046 4885.67 -246.737
4835.39 -147.804 4902.43 -225.909
4851.27 -162.123 4918.6 -228.513
4867.73 -143.899 4934.48 -238.927
4885.08 -163.425 4950.94 -222.004
4900.08 -149.106 4967.41 -199.874
4916.84 -173.839 4984.17 -235.022
4935.06 -151.709 5000.05 -236.323
4949.77 -199.874 5017.39 -220.702
4966.82 -177.744 5032.98 -224.608
4983.58 -185.555 5050.32 -215.495
4999.75 -182.951 5065.91 -208.986
5016.51 -193.365 5082.67 -208.986
5032.68 -166.029 5099.14 -238.927
5049.15 -163.425 5115.31 -211.59
5065.03 -180.348 5132.36 -211.59
5082.08 -136.088 5147.36 -208.986
5098.25 -146.502 5164.12 -211.59
5115.01 -163.425 5181.17 -255.85
5130.89 -156.916 5197.64 -245.436
5147.36 -159.52 5213.81 -251.944
5163.82 -164.727 5230.27 -242.832
5180.58 -167.33 5247.04 -225.909
5197.05 -175.141 5262.91 -223.306
5212.93 -149.106 5279.67 -190.762
5229.69 -184.253 5297.31 -224.608
5245.86 -189.46 5312.9 -254.548
5262.03 -166.029 5329.95 -237.625
5278.79 -171.236 5346.12 -245.436
5295.55 -194.667 5362.59 -238.927
5311.72 -160.822 5378.76 -220.702
5328.77 -146.502 5395.22 -251.944
5344.36 -155.615 5410.51 -229.815
5360.82 -172.537 5427.56 -268.867
5377.29 -156.916 5444.03 -266.264
5394.05 -150.407 5460.78 -228.513
5410.22 -153.011 5477.54 -292.299
5426.68 -151.709 5493.71 -228.513
5443.44 -137.39 5509.59 -238.927
5459.31 -151.709 5525.46 -283.187
5475.19 -139.993 5542.51 -259.755
5492.83 -171.236 5558.97 -223.306
5508.7 -147.804 5576.02 -235.022
5524.87 -154.313 5593.66 -237.625
5541.92 -166.029 5608.07 -244.134
5558.09 -171.236 5625.12 -228.513
5574.26 -158.218 5641.58 -231.116
5590.72 -189.46 5658.04 -262.358
5607.48 -185.555 5674.79 -222.004
5623.06 -137.39 5690.96 -272.773
5639.81 -138.692 5707.12 -253.246
5657.16 -162.123 5723.58 -235.022
5672.44 -129.579 5739.16 -250.643
5689.78 -134.786 5756.21 -227.211
5705.65 -176.443 5772.96 -259.755
5721.82 -134.786 5789.71 -290.997
5738.57 -202.478 5805.29 -254.548
5755.03 -175.141 5822.04 -236.323
5771.2 -182.951 5838.5 -242.832
5787.95 -185.555 5854.66 -254.548
5803.82 -203.779 5872 -238.927
5820.27 -227.211 5888.74 -255.85
5837.03 -180.348 5904.02 -248.039
5852.31 -192.064 5921.07 -279.281
5869.65 -181.65 5936.94 -235.022
5886.39 -201.176 5954.27 -242.832
5903.14 -193.365 5970.14 -268.867
5918.42 -162.123 5986 -268.867
5935.17 -137.39 6003.92 -301.411
5951.33 -156.916 6019.49 -231.116
5968.37 -123.071 6035.65 -266.264
5985.12 -145.2 6052.69 -264.962
6002.45 -151.709 6069.14 -281.885
6016.85 -136.088 6086.18 -220.702
6033.6 -116.562 6101.46 -266.264
6049.75 -168.632 6118.49 -253.246
6066.5 -179.046 6134.65 -222.004
6082.95 -201.176 6150.8 -253.246
6099.69 -195.969 6167.55 -245.436
6115.85 -186.857 6183.41 -242.832
6131.71 -145.2 6200.73 -253.246
6148.16 -192.064 6216.89 -223.306
6164.9 -197.271 6233.04 -250.643
6181.35 -160.822 6249.19 -246.737
6197.5 -188.158 6266.22 -267.565
6213.95 -155.615 6283.26 -253.246
6230.4 -130.881 6299.11 -277.98
6247.72 -177.744 6315.56 -280.583
6262.41 -150.407 6332 -274.074
6280.03 -167.33 6348.73 -232.418
6296.47 -153.011 6364.59 -259.755
6312.03 -172.537 6381.33 -263.66
6329.36 -155.615 6397.77 -275.376
6345.8 -173.839 6414.5 -255.85
6361.95 -176.443 6430.06 -249.341
6378.98 -189.46 6447.67 -254.548
6394.54 -156.916 6463.23 -219.401
6411.27 -158.218 6479.67 -227.211
6428 -160.822 6496.4 -266.264
6444.44 -184.253 6511.95 -251.944
6459.71 -156.916 6528.39 -297.506
6476.14 -124.372 6546 -307.92
6492.88 -179.046 6562.44 -302.713
6510.19 -141.295 6578.58 -267.565
6526.92 -133.485 6593.84 -314.429
6541.89 -172.537 6611.44 -296.204
6558.91 -189.46 6627.88 -297.506
6574.76 -151.709 6644.6 -281.885
6591.2 -166.029 6661.33 -314.429
6607.63 -167.33 6677.47 -266.264
6624.36 -172.537 6693.31 -245.436
6641.08 -185.555 6710.03 -223.306
6657.81 -163.425 6726.17 -261.057
6673.65 -198.572 6742.89 -281.885
6689.79 -181.65 6759.02 -293.601
6706.81 -193.365 6776.33 -288.394
6723.23 -177.744 6791.88 -284.488
6739.37 -189.46 6808.3 -238.927
6756.68 -175.141 6825.32 -259.755
6772.81 -167.33 6840.86 -249.341
6788.36 -185.555 6857.58 -281.885
6805.37 -164.727 6874.3 -268.867
6821.5 -146.502 6891.01 -297.506
6837.34 -164.727 6906.85 -294.902
6854.35 -168.632 6922.98 -328.748
6870.78 -147.804 6940.28 -317.032
6886.32 -153.011 6956.99 -315.73
6903.03 -142.597 6972.82 -314.429
6919.46 -119.165 6988.95 -298.808
6936.17 -163.425 7005.07 -277.98
6953.18 -158.218 7022.08 -280.583
6969.01 -151.709 7038.79 -296.204
6985.43 -210.288 7055.2 -274.074
7002.44 -190.762 7071.62 -258.453
7018.85 -182.951 7088.04 -270.169
7034.39 -175.141 7104.16 -297.506
7051.1 -154.313 7120.86 -294.902
7067.52 -181.65 7137.86 -287.092
7083.64 -139.993 7153.69 -290.997
7099.76 -169.934 7169.81 -315.73
7116.47 -163.425 7185.93 -324.843
7132.88 -166.029 7203.51 -275.376
7149.29 -126.976 7219.33 -298.808
7166 -136.088 7235.45 -317.032
7182.12 -160.822 7252.15 -301.411
7199.11 -182.951 7269.44 -302.713
7215.23 -168.632 7285.26 -335.257
7231.35 -172.537 7301.08 -288.394
7248.05 -153.011 7318.66 -304.015
7265.04 -202.478 7335.07 -248.039
7280.28 -160.822 7350.59 -266.264
7296.69 -176.443 7366.99 -263.66
7313.97 -192.064 7383.69 -309.222
7330.67 -194.667 7399.22 -306.618
7347.07 -164.727 7416.5 -274.074
7363.48 -163.425 7433.48 -298.808
7379.3 -143.899 7449.59 -307.92
7395.11 -192.064 7466.28 -300.109
7411.52 -136.088 7482.98 -306.618
7429.09 -154.313 7498.2 -324.843
7444.61 -198.572 7514.9 -267.565
7460.72 -216.797 7532.17 -258.453
7478.58 -173.839 7549.15 -289.695
7494.11 -172.537 7564.97 -258.453
7509.92 -192.064 7581.07 -304.015
7527.19 -193.365 7597.76 -288.394
7543.3 -160.822 7614.15 -271.471
7559.11 -211.59 7630.84 -267.565
7575.8 -179.046 7647.23 -238.927
7592.19 -167.33 7663.33 -233.72
7608.88 -175.141 7679.72 -214.194
7625.57 -210.288 7696.7 -262.358
7641.67 -162.123 7712.21 -280.583
7657.77 -192.064 7728.89 -277.98
7675.04 -130.881 7745.58 -272.773
7690.85 -160.822 7762.55 -268.867
7706.94 -160.822 7777.77 -276.678
7723.92 -173.839 7795.03 -280.583
7740.31 -208.986 7811.13 -275.376
7756.4 -143.899 7827.51 -268.867
7772.79 -176.443 7844.19 -244.134
7789.18 -192.064 7861.16 -241.53
7805.27 -155.615 7877.25 -229.815
7822.25 -189.46 7892.76 -259.755
7839.51 -179.046 7910.02 -266.264
7854.43 -180.348 7926.7 -270.169
7870.82 -164.727 7942.78 -264.962
7888.08 -147.804 7958.58 -262.358
7903.88 -177.744 7975.25 -248.039
7921.14 -132.183 7992.51 -254.548
7936.94 -176.443 8008.6 -272.773
7953.02 -202.478 8024.98 -268.867
7969.7 -193.365 8042.23 -253.246
7986.66 -167.33 8057.73 -268.867
8001.58 -153.011 8074.11 -271.471
8019.13 -138.692 8090.19 -244.134
8035.22 -162.123 8106.86 -255.85
8051.59 -202.478 8124.7 -254.548
8067.97 -192.064 8139.61 -284.488
8084.35 -163.425 8156.87 -229.815
8101.6 -145.2 8173.24 -253.246
8117.39 -176.443 8189.03 -248.039
8134.35 -176.443 8206.28 -242.832
8150.72 -159.52 8221.77 -254.548
8165.64 -192.064 8238.73 -268.867
8182.89 -176.443 8255.98 -249.341
8199.26 -160.822 8271.76 -257.151
8215.63 -134.786 8288.42 -281.885
8232.3 -168.632 8304.79 -292.299
8248.08 -158.218 8320.87 -266.264
8265.04 -158.218 8336.94 -301.411
8281.12 -137.39 8353.6 -304.015
8297.78 -168.632 8370.56 -287.092
8315.02 -136.088 8386.34 -254.548
8329.64 -159.52 8403 -251.944
8346.59 -149.106 8419.94 -275.376
8363.54 -193.365 8435.14 -237.625
8380.49 -171.236 8452.38 -242.832
8396.57 -180.348 8468.75 -253.246
8412.06 -177.744 8484.53 -274.074
8429.3 -146.502 8501.47 -240.229
8445.66 -184.253 8518.42 -214.194
8461.73 -180.348 8534.2 -261.057
8478.39 -185.555 8551.43 -288.394
8494.46 -153.011 8568.38 -296.204
8510.53 -156.916 8582.69 -267.565
8526.89 -188.158 8600.22 -285.79
8544.42 -132.183 8616.87 -245.436
8560.49 -166.029 8633.53 -240.229
8576.27 -146.502 8649.3 -255.85
8592.92 -176.443 8665.66 -280.583
8609.28 -180.348 8682.31 -264.962
8626.81 -176.443 8699.25 -237.625
8642.58 -160.822 8715.31 -251.944
8658.35 -179.046 8732.84 -210.288
8675.01 -181.65 8748.61 -238.927
8691.66 -203.779 8764.67 -277.98
8708.01 -195.969 8781.03 -262.358
8724.66 -195.969 8797.67 -288.394
8740.72 -171.236 8813.73 -246.737
8757.08 -192.064 8830.67 -245.436
8774.89 -159.52 8847.61 -199.874
8789.79 -136.088 8863.38 -245.436
8807.02 -180.348 8879.44 -280.583
8822.79 -180.348 8896.08 -283.187
8840.01 -171.236 8912.43 -290.997
8855.78 -143.899 8929.66 -275.376
8872.14 -124.372 8945.72 -233.72
8888.2 -164.727 8962.94 -250.643
8904.25 -168.632 8978.71 -257.151
8921.77 -160.822 8994.76 -235.022
8937.25 -124.372 9010.82 -227.211
8954.77 -195.969 9028.04 -262.358
8970.82 -182.951 9044.98 -235.022
8987.17 -172.537 9060.74 -258.453
9002.94 -166.029 9077.09 -268.867
9020.16 -160.822 9093.43 -272.773
9036.22 -180.348 9110.65 -261.057
9052.86 -205.081 9126.71 -270.169
9067.75 -201.176 9142.76 -259.755
9084.97 -155.615 9159.69 -241.53
9101.9 -145.2 9175.45 -233.72
9118.25 -156.916 9192.09 -263.66
9134.3 -128.278 9208.73 -283.187
9150.35 -137.39 9225.36 -301.411
9166.99 -184.253 9242 -263.66
9183.04 -130.881 9258.34 -254.548
9201.14 -189.46 9274.39 -224.608
9216.61 -194.667 9291.9 -238.927
9232.07 -169.934 9307.66 -274.074
9249.59 -188.158 9324 -261.057
9266.22 -231.116 9339.76 -220.702
9281.98 -166.029 9356.98 -255.85
9298.91 -208.986 9373.9 -246.737
9314.66 -151.709 9390.24 -222.004
9331.3 -167.33 9406.29 -199.874
9349.1 -139.993 9422.34 -267.565
9364.27 -175.141 9439.56 -249.341
9381.2 -132.183 9455.89 -280.583
9396.95 -182.951 9471.65 -238.927
9413.59 -158.218 9488.28 -190.762
9429.64 -141.295 9504.62 -249.341
9445.97 -158.218 9521.54 -233.72
9461.73 -133.485 9538.46 -267.565
9478.65 -162.123 9554.22 -248.039
9495.58 -142.597 9569.97 -235.022
9512.21 -166.029 9586.31 -231.116
9527.96 -162.123 9602.94 -182.951
9544.88 -182.951 9620.15 -240.229
9560.05 -180.348 9635.61 -231.116
9578.43 -154.313 9653.12 -216.797
9593.6 -192.064 9669.16 -235.022
9610.53 -156.916 9685.5 -229.815
9625.4 -158.218 9701.54 -202.478
9643.2 -100.941 9718.17 -192.064
9659.24 -113.958 9735.38 -225.909
9676.16 -119.165 9752.01 -254.548
9692.5 -159.52 9767.76 -246.737
9709.13 -153.011 9783.8 -261.057
9725.17 -137.39 9800.72 -182.951
9741.22 -110.053 9817.06 -190.762
9757.55 -115.26 9834.27 -195.969
9774.18 -120.467 9850.31 -249.341
9790.51 -142.597 9866.65 -244.134
9806.85 -146.502 9882.69 -214.194
9823.48 -115.26 9899.32 -207.685
9840.39 -112.657 9915.35 -218.099
9855.56 -80.1127 9931.98 -181.65
9872.77 -121.769 9948.9 -203.779
9889.4 -108.751 9964.94 -212.892
9906.02 -111.355 9981.27 -219.401
9922.06 -146.502 9998.48 -257.151
9937.52 -89.225 10014.5 -267.565
9953.86 -84.0179 10030 -253.246
9971.36 -69.6986 10046.6 -228.513
9987.69 -54.0776 10063.5 -263.66
10004.6 -61.8881 10080.1 -266.264
10020.1 -63.1898 10096.8 -262.358
10036.7 -73.6039 10113.1 -271.471
10053.6 -67.0951 10129.7 -276.678
10069.4 -29.3442 10146.1 -207.685
10086.6 -52.7758 10162.4 -206.383
10102.6 -54.0776 10179.6 -215.495
10118.6 -42.3617 10195 -258.453
10135.3 -68.3969 10212.3 -264.962
10151.3 -20.2319 10227.7 -268.867
10167.9 -5.91259 10244 -225.909
10184.3 -3.30908 10261.3 -202.478
10200.9 33.1401 10277.6 -184.253
10217.8 29.2348 10294.5 -205.081
10233 3.1997 10310 -189.46
10250.2 0.596186 10326.6 -251.944
10265.9 12.312 10343.2 -274.074
10282.6 61.7787 10360.1 -249.341
10299.2 50.0629 10376.2 -189.46
10314.9 25.3295 10391.9 -169.934
10332.1 34.4418 10408.5 -154.313
10348.5 60.4769 10425.4 -206.383
10364.2 35.7436 10442.1 -207.685
10380.8 74.7963 10458.1 -188.158
10397.5 100.831 10475 -112.657
10415 81.305 10491.7 -65.7934
10430.1 72.1928 10508 -110.053
10447.6 91.7191 10524.3 -132.183
10463.7 57.8734 10539.5 -143.899
10479.4 100.831 10557.6 -125.674
10495.5 137.281 10573 -138.692
10512.1 150.298 10589.9 -106.148
10528.1 172.428 10606 -54.0776
10544.7 188.049 10622.6 -47.5688
10561.4 134.677 10639.8 -121.769
10578.9 165.919 10656.1 -124.372
10594 202.368 10672.8 -98.3372
10610.6 188.049 10688.2 -30.646
10627.6 220.593 10705.1 17.519
10643.6 272.663 10721.8 -5.91259
10659.6 210.179 10738.1 -11.1196
10676.3 262.249 10754.7 -68.3969
10692.6 266.154 10771.1 -48.8705
10709.2 263.551 10787.4 17.519
10725.6 237.516 10804 11.0102
10741.6 289.586 10820.9 56.5717
10758.5 245.326 10836.4 61.7787
10774.6 290.888 10852.4 -2.00733
10791.5 255.74 10870.2 -17.6284
10807.5 313.018 10885.4 -17.6284
10823.6 362.484 10903.5 35.7436
10840.2 328.639 10919 70.891
10857.1 352.07 10934.7 112.547
10873.4 326.035 10952.8 70.891
10888.9 301.302 10968 -0.70557
10906.1 349.467 10984.6 46.1576
10922.2 337.751 11001.2 48.7611
10939.1 372.898 11017.5 148.996
10954.5 362.484 11035.3 167.221
10971.8 361.182 11050.8 182.842
10987.5 376.804 11066.5 120.358
11004.7 409.347 11084.6 81.305
11021.3 423.667 11100.1 126.866
11037.1 465.323 11117.3 162.014
11052.8 479.642 11133.6 270.06
11069.2 486.151 11149.1 283.077
11086.4 445.797 11166.3 212.782
11102.7 410.649 11181.5 173.73
11118.8 467.926 11199.6 162.014
11135.1 517.393 11215 167.221
11151.7 598.102 11231.1 224.498
11168.1 628.042 11248.6 323.432
11184.7 566.86 11264.9 302.604
11201.6 512.186 11281 302.604
11217.4 496.565 11297.6 210.179
11233.4 568.162 11314 237.516
11250.3 635.853 11329.7 290.888
11266.7 661.888 11346.6 332.544
11283.3 694.432 11363.3 376.804
11300 642.362 11380.5 376.804
11316.6 577.274 11396.8 357.277
11332.3 553.842 11412.6 324.733
11348.1 629.344 11428.6 379.407
11364.7 719.165 11445 387.218
11381.6 794.667 11461.9 477.039
11397.7 738.692 11478 488.755
11414.3 695.734 11495.2 501.772
11431 643.664 11511.5 473.134
11446.7 678.811 11527.3 469.228
11462.8 767.33 11544.8 467.926
11479.7 889.695 11561.1 523.902
11496.6 933.955 11576.9 630.646
11512.7 857.151 11593.8 659.285
11528.7 772.537 11610.2 615.025
11545.9 715.26 11626.5 603.309
11562 832.418 11643.4 572.067
11578.9 913.127 11659.2 573.369
11595.3 1022.47 11675.8 644.965
11611 1030.28 11693.1 691.828
11628.3 975.611 11709.4 712.657
11643.1 919.636 11725.8 728.278
11660.4 871.471 11741.8 682.716
11675.8 952.18 11759.3 698.337
11693.9 1069.34 11774.8 671
11709.7 1129.22 11792.3 717.864
11726 1064.13 11806.6 767.33
11742.7 999.043 11823.3 782.951
11757.9 939.162 11840.8 742.597
11776 956.085 11856.5 766.029
11792 1062.83 11874.4 715.26
11809.3 1135.73 11890.1 756.916
11824.1 1168.27 11906.5 832.418
11839.6 1082.36 11922.8 893.601
11857.4 1004.25 11939.2 887.092
11873.8 991.232 11955.8 875.376
11890.1 1049.81 11972.5 871.471
11905.6 1143.54 11989.7 885.79
11922.8 1246.38 12006.3 922.239
11938.9 1260.7 12021.8 967.801
11955.2 1187.8 12038.5 1035.49
11972.2 1125.31 12054.8 1040.7
11988.8 1138.33 12071.5 1049.81
12004.9 1209.93 12088.7 1066.73
12021.5 1311.46 12105.3 1088.86
12037.3 1351.82 12121.4 1125.31
12053.4 1333.59 12137.8 1204.72
12070.6 1290.64 12154.4 1262
12086.7 1250.28 12171.9 1271.11
12102.4 1259.39 12189.5 1229.45
12119.1 1373.95 12201.7 1230.76
12135.7 1478.09 12184.8 1307.56
12152.4 1472.88 12168.1 1353.12
