4016.22 -322.239 4031.49 -313.127
4002.13 -297.506 4047.34 -346.973
4000.08 -322.239 4064.07 -336.559
4013.87 -264.962 4079.92 -327.446
4030.31 -274.074 4095.78 -328.748
4047.04 -253.246 4113.1 -317.032
4064.07 -254.548 4129.54 -322.239
4080.22 -268.867 4146.57 -310.523
4096.36 -251.944 4163.02 -309.222
4112.51 -257.151 4178.88 -339.162
4128.95 -289.695 4195.03 -341.766
4146.28 -272.773 4211.47 -339.162
4162.43 -251.944 4228.8 -333.955
4178.58 -266.264 4244.07 -270.169
4194.73 -236.323 4260.53 -349.576
4211.47 -284.488 4277.27 -331.352
4227.63 -261.057 4294.3 -332.653
4244.37 -261.057 4311.05 -304.015
4261.11 -271.471 4326.33 -275.376
4277.27 -271.471 4343.37 -274.074
4293.43 -222.004 4359.82 -313.127
4310.17 -246.737 4375.39 -277.98
4326.62 -242.832 4392.43 -271.471
4342.49 -233.72 4408.89 -276.678
4359.53 -229.815 4425.05 -318.334
4375.39 -241.53 4442.09 -281.885
4392.43 -240.229 4458.55 -326.144
4407.71 -238.927 4474.13 -317.032
4425.64 -245.436 4490.29 -318.334
4442.09 -249.341 4507.92 -305.316
4457.37 -276.678 4524.09 -314.429
4473.54 -285.79 4540.25 -319.636
4491.76 -233.72 4556.71 -318.334
4507.04 -227.211 4571.7 -249.341
4523.5 -266.264 4590.22 -267.565
4539.37 -262.358 4605.8 -281.885
4557 -283.187 4622.55 -298.808
4572.58 -245.436 4638.72 -287.092
4589.34 -264.962 4654.59 -274.074
4605.8 -259.755 4671.35 -301.411
4621.96 -240.229 4688.98 -294.902
4639.31 -254.548 4704.27 -280.583
4654.59 -246.737 4721.91 -289.695
4671.05 -235.022 4736.9 -294.902
4687.52 -248.039 4753.95 -294.902
4704.27 -249.341 4770.12 -317.032
4721.91 -287.092 4787.18 -280.583
4737.78 -262.358 4803.05 -285.79
4753.07 -241.53 4820.1 -288.394
4770.71 -280.583 4836.57 -293.601
4786.59 -237.625 4851.86 -302.713
4803.35 -274.074 4869.2 -293.601
4819.52 -306.618 4884.79 -280.583
4835.39 -277.98 4901.55 -284.488
4852.15 -250.643 4918.6 -266.264
4868.03 -248.039 4934.48 -288.394
4884.2 -267.565 4950.94 -294.902
4901.25 -225.909 4967.41 -296.204
4917.13 -215.495 4984.17 -267.565
4934.48 -218.099 5001.52 -289.695
4949.77 -245.436 5015.92 -293.601
4967.11 -277.98 5033.27 -267.565
4983.87 -259.755 5049.15 -305.316
5000.05 -248.039 5066.2 -277.98
5016.51 -219.401 5082.67 -306.618
5033.57 -238.927 5098.84 -280.583
5049.15 -246.737 5115.9 -293.601
5065.61 -255.85 5132.36 -285.79
5081.49 -227.211 5148.53 -241.53
5098.84 -242.832 5165 -287.092
5115.01 -258.453 5181.47 -237.625
5130.6 -267.565 5198.23 -284.488
5147.65 -271.471 5213.52 -275.376
5164.12 -258.453 5230.27 -293.601
5180.29 -244.134 5247.04 -302.713
5197.05 -220.702 5262.03 -289.695
5212.63 -236.323 5279.67 -311.825
5229.69 -225.909 5295.84 -311.825
5246.15 -241.53 5313.48 -297.506
5262.62 -218.099 5329.66 -284.488
5278.79 -215.495 5345.53 -268.867
5295.55 -248.039 5362.29 -319.636
5310.84 -271.471 5379.05 -279.281
5328.19 -238.927 5394.63 -289.695
5344.06 -246.737 5411.1 -264.962
5360.53 -261.057 5426.68 -289.695
5377.58 -249.341 5444.03 -245.436
5394.05 -262.358 5460.49 -246.737
5409.92 -264.962 5477.84 -277.98
5426.09 -246.737 5493.42 -261.057
5442.26 -244.134 5508.7 -311.825
5459.31 -254.548 5526.64 -285.79
5474.9 -249.341 5542.51 -287.092
5492.83 -242.832 5558.68 -290.997
5508.7 -235.022 5576.61 -275.376
5525.17 -232.418 5592.19 -305.316
5541.92 -244.134 5608.65 -289.695
5557.8 -228.513 5624.82 -289.695
5573.97 -214.194 5641.87 -297.506
5591.31 -276.678 5658.62 -267.565
5606.89 -257.151 5675.09 -290.997
5623.35 -231.116 5690.96 -306.618
5640.4 -241.53 5707.71 -313.127
5656.57 -264.962 5723.58 -281.885
5672.73 -271.471 5740.34 -262.358
5689.78 -246.737 5756.5 -326.144
5705.65 -251.944 5773.84 -259.755
5722.41 -241.53 5790.3 -276.678
5738.57 -215.495 5806.17 -276.678
5755.32 -233.72 5822.33 -274.074
5772.37 -253.246 5838.5 -294.902
5787.65 -245.436 5854.95 -281.885
5804.4 -240.229 5872.29 -322.239
5820.57 -206.383 5889.04 -284.488
5837.03 -233.72 5904.02 -302.713
5853.78 -249.341 5920.19 -302.713
5869.06 -263.66 5937.52 -263.66
5886.1 -250.643 5953.68 -293.601
5902.26 -276.678 5969.84 -262.358
5918.42 -302.713 5986.88 -300.109
5934.88 -259.755 6002.16 -292.299
5951.63 -257.151 6020.38 -270.169
5968.08 -268.867 6036.24 -297.506
5984.83 -232.418 6052.11 -296.204
6000.99 -237.625 6068.85 -294.902
6017.73 -246.737 6085.89 -290.997
6033.89 -259.755 6101.16 -287.092
6050.05 -227.211 6118.2 -296.204
6065.91 -224.608 6134.94 -309.222
6083.24 -238.927 6150.51 -326.144
6099.69 -261.057 6167.55 -298.808
6116.14 -245.436 6183.7 -310.523
6131.71 -203.779 6200.44 -309.222
6149.04 -237.625 6217.48 -289.695
6165.2 -259.755 6233.33 -290.997
6181.06 -249.341 6248.6 -268.867
6197.21 -271.471 6266.22 -268.867
6213.95 -272.773 6282.96 -289.695
6230.4 -302.713 6298.53 -274.074
6247.72 -246.737 6315.26 -272.773
6264.17 -268.867 6331.12 -262.358
6280.03 -259.755 6348.15 -272.773
6296.18 -264.962 6364.88 -262.358
6312.03 -223.306 6381.62 -279.281
6329.36 -225.909 6397.77 -288.394
6344.63 -241.53 6413.62 -297.506
6362.24 -202.478 6430.65 -327.446
6378.1 -225.909 6447.09 -280.583
6394.54 -215.495 6463.82 -277.98
6411.27 -227.211 6479.67 -314.429
6427.42 -238.927 6496.11 -298.808
6443.86 -244.134 6512.25 -301.411
6460.88 -228.513 6529.57 -292.299
6477.32 -268.867 6545.41 -254.548
6492.29 -261.057 6562.14 -264.962
6509.31 -220.702 6578.28 -264.962
6526.34 -270.169 6594.42 -251.944
6542.19 -237.625 6611.74 -253.246
6559.8 -258.453 6627.58 -279.281
6575.64 -240.229 6644.9 -267.565
6591.49 -262.358 6660.45 -268.867
6608.22 -224.608 6677.17 -310.523
6625.24 -233.72 6693.02 -287.092
6641.08 -228.513 6710.03 -287.092
6657.81 -220.702 6726.17 -297.506
6673.65 -212.892 6742.89 -305.316
6690.08 -223.306 6759.9 -302.713
6707.39 -236.323 6776.04 -264.962
6723.23 -255.85 6792.47 -267.565
6739.96 -244.134 6808.3 -287.092
6755.5 -241.53 6824.73 -271.471
6772.81 -283.187 6841.15 -262.358
6789.24 -261.057 6857.58 -238.927
6804.2 -276.678 6873.71 -283.187
6821.21 -264.962 6890.42 -280.583
6838.22 -251.944 6907.43 -277.98
6854.94 -214.194 6923.56 -277.98
6871.07 -254.548 6939.98 -270.169
6886.61 -259.755 6957.28 -288.394
6903.62 -250.643 6972.82 -309.222
6919.75 -237.625 6989.53 -313.127
6936.76 -235.022 7005.95 -297.506
6952.3 -258.453 7021.78 -309.222
6969.3 -180.348 7039.08 -305.316
6985.43 -224.608 7055.2 -297.506
7002.73 -208.986 7070.45 -287.092
7017.97 -233.72 7088.04 -280.583
7034.68 -271.471 7104.74 -300.109
7050.81 -274.074 7120.57 -236.323
7067.22 -257.151 7137.28 -281.885
7083.64 -292.299 7153.98 -268.867
7099.76 -284.488 7170.1 -279.281
7116.47 -259.755 7186.81 -267.565
7133.76 -271.471 7202.05 -289.695
7149 -272.773 7219.92 -327.446
7166.29 -255.85 7235.74 -290.997
7182.12 -250.643 7252.44 -277.98
7199.11 -254.548 7268.27 -317.032
7215.82 -220.702 7284.38 -340.464
7231.35 -236.323 7301.08 -313.127
7248.64 -259.755 7318.07 -281.885
7262.99 -222.004 7334.77 -319.636
7280.87 -250.643 7350.88 -300.109
7296.69 -227.211 7367.87 -272.773
7313.68 -242.832 7384.57 -279.281
7330.08 -262.358 7400.68 -300.109
7347.37 -289.695 7417.08 -259.755
7362.6 -277.98 7432.9 -245.436
7379 -250.643 7449.59 -280.583
7395.7 -254.548 7465.99 -270.169
7411.81 -254.548 7482.68 -279.281
7428.8 -249.341 7499.38 -276.678
7445.2 -238.927 7515.77 -279.281
7460.72 -245.436 7531.59 -277.98
7477.41 -262.358 7548.28 -326.144
7494.11 -240.229 7565.55 -348.274
7510.8 -241.53 7581.36 -330.05
7526.9 -215.495 7597.46 -323.541
7543.3 -248.039 7614.44 -311.825
7559.69 -250.643 7630.54 -315.73
7575.8 -224.608 7646.94 -298.808
7591.9 -242.832 7663.91 -319.636
7608.88 -237.625 7679.72 -311.825
7625.28 -257.151 7695.82 -293.601
7641.38 -248.039 7713.97 -315.73
7657.77 -305.316 7729.19 -283.187
7674.45 -238.927 7746.16 -305.316
7691.72 -261.057 7761.38 -307.92
7707.23 -279.281 7777.48 -319.636
7724.21 -241.53 7794.45 -307.92
7740.6 -268.867 7811.71 -315.73
7756.4 -251.944 7827.51 -322.239
7772.79 -224.608 7843.9 -293.601
7790.06 -248.039 7861.45 -354.783
7805.57 -242.832 7876.08 -350.878
7822.83 -262.358 7893.93 -345.671
7838.63 -242.832 7910.61 -302.713
7854.43 -202.478 7926.11 -294.902
7871.11 -254.548 7942.49 -326.144
7887.79 -262.358 7959.46 -332.653
7905.34 -257.151 7975.55 -327.446
7921.72 -240.229 7992.51 -284.488
7936.64 -287.092 8008.89 -322.239
7953.02 -270.169 8024.98 -319.636
7969.99 -255.85 8041.36 -275.376
7985.2 -258.453 8058.03 -294.902
8002.75 -266.264 8073.53 -309.222
8019.42 -283.187 8089.9 -294.902
8035.8 -223.306 8107.74 -354.783
8052.76 -250.643 8123.53 -343.067
8067.97 -222.004 8140.2 -306.618
8085.22 -253.246 8155.99 -340.464
8101.89 -232.418 8173.83 -322.239
8117.98 -227.211 8190.2 -359.99
8133.18 -242.832 8205.99 -317.032
8150.43 -245.436 8222.07 -298.808
8166.81 -245.436 8238.73 -292.299
8183.76 -262.358 8254.81 -271.471
8198.38 -237.625 8271.76 -290.997
8216.22 -258.453 8288.42 -275.376
8231.71 -274.074 8303.92 -285.79
8248.08 -272.773 8320.58 -287.092
8265.33 -285.79 8337.24 -289.695
8281.7 -266.264 8353.6 -293.601
8298.36 -232.418 8369.97 -335.257
8314.44 -219.401 8386.05 -306.618
8330.81 -262.358 8403.29 -337.86
8346.88 -242.832 8419.94 -320.937
8363.54 -237.625 8436.31 -340.464
8380.2 -215.495 8452.38 -311.825
8395.69 -229.815 8469.04 -304.015
8413.23 -237.625 8484.82 -313.127
8429 -232.418 8501.77 -307.92
8445.37 -254.548 8517.83 -296.204
8461.73 -257.151 8533.91 -294.902
8478.39 -264.962 8551.43 -304.015
8494.46 -255.85 8567.5 -246.737
8511.7 -244.134 8584.74 -272.773
8528.06 -250.643 8600.81 -304.015
8543.55 -301.411 8616.58 -251.944
8559.62 -261.057 8633.23 -288.394
8576.85 -266.264 8649.59 -320.937
8593.21 -253.246 8665.36 -330.05
8610.45 -224.608 8682.01 -327.446
8625.35 -220.702 8698.37 -344.369
8642.58 -212.892 8716.19 -333.955
8658.06 -233.72 8731.96 -323.541
8675.3 -241.53 8748.02 -336.559
8692.53 -248.039 8764.96 -309.222
8707.72 -236.323 8781.32 -306.618
8724.95 -216.797 8797.96 -298.808
8740.72 -224.608 8814.03 -296.204
8758.25 -268.867 8830.09 -307.92
8773.43 -242.832 8847.61 -302.713
8789.49 -264.962 8863.38 -319.636
8806.73 -245.436 8880.9 -297.506
8823.66 -251.944 8896.37 -324.843
8839.43 -231.116 8912.72 -297.506
8854.62 -266.264 8929.66 -302.713
8871.26 -223.306 8945.13 -352.18
8888.78 -249.341 8962.36 -345.671
8905.72 -240.229 8978.71 -333.955
8920.9 -220.702 8994.47 -379.516
8938.42 -236.323 9011.69 -327.446
8953.31 -242.832 9027.46 -341.766
8971.12 -231.116 9044.1 -369.102
8987.47 -238.927 9060.74 -361.292
9003.23 -280.583 9076.79 -359.99
9019.29 -220.702 9093.14 -330.05
9036.51 -259.755 9110.65 -354.783
9052.56 -210.288 9126.13 -343.067
9068.62 -253.246 9142.47 -309.222
9084.97 -240.229 9159.4 -283.187
9101.9 -284.488 9176.62 -337.86
9117.66 -245.436 9192.09 -301.411
9134.59 -264.962 9208.14 -331.352
9150.35 -253.246 9225.36 -323.541
9166.99 -222.004 9241.41 -301.411
9184.21 -208.986 9257.76 -304.015
9199.39 -250.643 9274.39 -332.653
9216.31 -263.66 9290.73 -350.878
9232.66 -227.211 9307.37 -354.783
9248.71 -238.927 9323.71 -349.576
9266.22 -207.685 9340.05 -327.446
9281.98 -253.246 9356.69 -311.825
9299.2 -225.909 9372.74 -340.464
9315.25 -231.116 9388.78 -324.843
9331.3 -261.057 9405.71 -354.783
9348.51 -251.944 9422.34 -307.92
9364.56 -263.66 9438.97 -293.601
9380.61 -276.678 9455.02 -317.032
9396.66 -232.418 9471.94 -289.695
9413.59 -266.264 9487.99 -281.885
9429.34 -261.057 9503.75 -290.997
9446.56 -262.358 9521.25 -314.429
9462.9 -242.832 9537.59 -328.748
9479.24 -214.194 9553.64 -296.204
9494.99 -207.685 9570.56 -314.429
9511.33 -236.323 9586.89 -323.541
9527.96 -233.72 9603.52 -357.387
9544.3 -228.513 9620.15 -330.05
9560.93 -236.323 9636.2 -345.671
9576.97 -216.797 9652.53 -307.92
9593.31 -227.211 9669.45 -275.376
9610.53 -198.572 9685.21 -235.022
9627.74 -245.436 9702.71 -253.246
9642.91 -233.72 9718.17 -280.583
9659.24 -251.944 9734.51 -292.299
9676.16 -232.418 9752.01 -279.281
9692.5 -235.022 9768.05 -264.962
9709.42 -212.892 9784.97 -261.057
9724.88 -210.288 9801.01 -248.039
9740.93 -202.478 9816.77 -257.151
9758.14 -212.892 9833.68 -268.867
9774.47 -175.141 9850.31 -289.695
9790.81 -143.899 9866.65 -324.843
9807.14 -169.934 9882.98 -268.867
9823.18 -166.029 9899.32 -283.187
9840.1 -177.744 9915.35 -277.98
9857.31 -167.33 9932.56 -296.204
9873.06 -159.52 9949.19 -317.032
9889.11 -176.443 9965.52 -313.127
9905.15 -136.088 9980.98 -283.187
9922.06 -189.46 9997.9 -211.59
9938.98 -151.709 10014.8 -208.986
9954.15 -197.271 10030.8 -246.737
9970.48 -130.881 10047.5 -259.755
9987.98 -177.744 10065 -261.057
10004 -160.822 10080.4 -267.565
10020.1 -134.786 10096.2 -267.565
10036.4 -119.165 10113.1 -257.151
10052.7 -104.846 10129.7 -253.246
10069.1 -107.45 10145.5 -245.436
10085.7 -112.657 10162.4 -279.281
10102.6 -90.5267 10178.7 -241.53
10118.4 -94.432 10195 -258.453
10135.6 -63.1898 10212.3 -250.643
10151.3 -56.6811 10227.7 -212.892
10167.9 -94.432 10245.2 -227.211
10184.9 -106.148 10261.3 -266.264
10200.3 -73.6039 10277.9 -246.737
10217.5 -73.6039 10294.8 -255.85
10233.3 -71.0004 10310.5 -238.927
10249.9 -74.9056 10326.6 -212.892
10266.5 -8.5161 10344.4 -224.608
10282.8 -7.21435 10360.1 -180.348
10299.2 -15.0249 10375.9 -222.004
10315.5 -16.3266 10392.2 -238.927
10331.5 -11.1196 10408.5 -229.815
10348.2 -21.5337 10425.2 -220.702
10365.4 57.8734 10442.4 -192.064
10380.8 12.312 10458.4 -179.046
10396.6 63.0805 10475.6 -225.909
10413.2 65.684 10491.1 -218.099
10430.7 25.3295 10507.7 -185.555
10446.5 50.0629 10524.6 -134.786
10462.2 69.5892 10541.2 -113.958
10480 69.5892 10556.7 -137.39
10496 78.7015 10573.3 -103.544
10512.1 68.2875 10590.5 -112.657
10528.1 73.4945 10606.9 -149.106
10545.3 102.133 10622.9 -84.0179
10561.6 132.074 10639.2 -86.6215
10577.1 124.263 10656.4 -76.2074
10594.6 151.6 10672.2 -72.3021
10610.9 199.765 10689.4 -102.243
10627 199.765 10704.6 -104.846
10643.3 211.481 10721.5 -139.993
10661.1 171.126 10737.8 -94.432
10676 199.765 10754.4 -28.0424
10692.3 253.137 10770.8 -86.6215
10709.5 276.568 10787.4 -74.9056
10725.6 227.102 10804.3 -67.0951
10741.3 229.705 10820.9 -68.3969
10758.5 236.214 10837 -51.474
10774.6 247.93 10853.3 -9.81786
10791.2 275.267 10869.6 39.6489
10807.2 306.509 10886.3 35.7436
10824.1 332.544 10903.2 60.4769
10840.2 292.189 10918.7 11.0102
10855.9 323.432 10935.9 8.40672
10873.2 326.035 10951.6 53.9682
10889.5 355.975 10968.8 52.6664
10906.7 341.656 10984.6 138.582
10922.7 379.407 11000.9 142.488
10937.9 396.33 11017.8 103.435
10954.5 415.856 11033.9 109.944
10971.8 423.667 11051.1 108.642
10988.1 437.986 11067.4 108.642
11003.8 428.874 11082.9 111.245
11020.5 440.59 11100.1 156.807
11036.5 478.341 11115.9 186.747
11053.4 460.116 11133.4 186.747
11070 504.376 11149.1 176.333
11087.6 499.169 11166.6 208.877
11102.7 491.358 11182.4 207.575
11118.8 518.695 11199.3 194.558
11135.7 503.074 11215 210.179
11151.7 534.316 11231.1 238.817
11167.5 549.937 11248 290.888
11184.4 562.955 11265.2 245.326
11200.8 599.404 11281.6 237.516
11217.4 624.137 11297 275.267
11234.3 605.913 11313.4 314.319
11249.8 629.344 11330.3 333.846
11266.4 631.948 11346.6 346.863
11283.6 654.078 11363.8 361.182
11300.3 650.172 11379.9 337.751
11315.4 631.948 11396.2 340.354
11332.6 668.397 11412.6 383.312
11348.4 652.776 11428.1 385.916
11364.4 669.699 11445.9 423.667
11382.2 695.734 11461.9 460.116
11398.9 685.32 11478.5 428.874
11413.8 746.502 11495.2 469.228
11431 754.313 11510.6 437.986
11448.2 807.685 11528.1 462.719
11463.1 764.727 11544.5 496.565
11479.4 806.383 11561.1 556.446
11496.1 808.987 11576.9 534.316
11512.4 855.85 11593.8 523.902
11529.6 866.264 11610.2 514.79
11545.4 868.867 11626.8 521.298
11562.3 875.376 11642.8 535.618
11578.6 914.429 11659.5 594.197
11594.1 922.239 11676.1 585.084
11611.3 943.067 11692.2 560.351
11628 952.18 11708.2 564.256
11643.4 970.404 11725.2 609.818
11659.8 958.688 11742.4 616.327
11676.7 958.688 11758.2 681.414
11693.1 928.748 11775.1 642.362
11709.7 997.741 11791.4 694.432
11726 980.818 11808.9 706.148
11742.1 1039.4 11824.7 781.65
11758.7 1055.02 11839.9 747.804
11774.5 1040.7 11856.8 801.176
11791.1 1040.7 11873.8 811.59
11807.2 1061.53 11890.7 846.737
11823.5 1082.36 11907.3 876.678
11839.9 1086.26 11923.1 854.548
11857.4 1112.3 11939.2 819.401
11873.8 1118.8 11955.8 868.867
11889.8 1151.35 11973.6 917.032
11906.2 1170.87 11989.1 924.843
11922.5 1182.59 12005.2 935.257
11939.2 1215.13 12022.1 950.878
11955.2 1246.38 12039 932.653
11971.9 1234.66 12056 988.629
11988.2 1248.98 12071.5 999.043
12004.3 1282.83 12088.7 1036.79
12021.2 1338.8 12105.1 1074.54
12038.2 1333.59 12120.8 1144.84
12053.6 1350.52 12138 1118.8
12070.3 1405.19 12155.3 1183.89
12086.4 1403.89 12171.9 1209.93
12103 1422.11 12189.2 1207.32
12118.8 1366.14 12200.9 1281.52
12135.4 1394.78 12185.4 1377.85
12151.5 1424.72 12168.7 1388.27
