4016.52 -313.127 4031.78 -306.618
4002.72 -310.523 4047.04 -353.481
4000.37 -240.229 4063.78 -313.127
4013.87 -242.832 4079.63 -345.671
4029.14 -280.583 4096.95 -323.541
4047.34 -262.358 4112.8 -318.334
4063.78 -293.601 4129.54 -293.601
4078.75 -275.376 4146.28 -298.808
4096.66 -249.341 4162.72 -323.541
4111.63 -228.513 4179.46 -304.015
4129.25 -246.737 4194.44 -324.843
4145.69 -238.927 4211.47 -307.92
4162.43 -240.229 4227.92 -328.748
4179.46 -287.092 4244.96 -305.316
4194.73 -266.264 4261.11 -348.274
4211.47 -220.702 4277.27 -309.222
4228.8 -275.376 4293.72 -317.032
4244.07 -259.755 4310.46 -292.299
4260.53 -254.548 4327.5 -301.411
4276.97 -284.488 4343.95 -305.316
4293.43 -254.548 4358.94 -298.808
4310.46 -238.927 4376.27 -304.015
4326.91 -253.246 4393.02 -292.299
4343.37 -250.643 4408.6 -302.713
4359.23 -246.737 4425.34 -294.902
4375.39 -274.074 4442.09 -297.506
4392.43 -253.246 4457.96 -280.583
4408.6 -257.151 4474.71 -257.151
4425.64 -238.927 4490.58 -335.257
4441.8 -253.246 4507.63 -280.583
4457.96 -240.229 4523.5 -302.713
4474.13 -251.944 4540.25 -314.429
4490.88 -264.962 4557.59 -313.127
4506.75 -258.453 4573.17 -283.187
4524.38 -251.944 4589.34 -270.169
4539.96 -235.022 4606.09 -298.808
4555.83 -251.944 4622.55 -296.204
4573.17 -238.927 4640.19 -331.352
4589.63 -263.66 4655.18 -292.299
4605.5 -242.832 4672.52 -287.092
4622.26 -235.022 4688.1 -289.695
4639.89 -257.151 4704.86 -336.559
4654.89 -246.737 4721.32 -313.127
4671.35 -214.194 4737.78 -288.394
4688.4 -259.755 4753.66 -280.583
4704.57 -251.944 4770.71 -268.867
4720.44 -264.962 4787.47 -266.264
4737.2 -227.211 4803.05 -294.902
4752.78 -232.418 4820.1 -320.937
4770.12 -254.548 4835.98 -315.73
4786.88 -245.436 4852.74 -283.187
4803.05 -279.281 4869.2 -268.867
4819.52 -228.513 4885.67 -272.773
4835.69 -250.643 4901.55 -292.299
4852.15 -212.892 4918.01 -290.997
4868.03 -240.229 4934.18 -275.376
4884.49 -251.944 4950.94 -241.53
4900.96 -233.72 4968 -238.927
4919.19 -264.962 4984.46 -297.506
4934.48 -268.867 5000.05 -292.299
4950.06 -225.909 5016.8 -280.583
4966.82 -242.832 5033.57 -292.299
4983.29 -241.53 5050.32 -307.92
4999.16 -222.004 5067.38 -292.299
5015.92 -266.264 5082.67 -283.187
5032.98 -235.022 5099.72 -313.127
5049.15 -253.246 5115.6 -300.109
5065.61 -261.057 5130.89 -288.394
5081.49 -238.927 5148.24 -280.583
5098.55 -233.72 5164.41 -302.713
5115.01 -275.376 5181.47 -307.92
5130.6 -262.358 5197.93 -276.678
5147.06 -246.737 5214.4 -262.358
5164.12 -267.565 5230.86 -272.773
5180.88 -242.832 5246.74 -270.169
5196.75 -240.229 5264.38 -290.997
5212.93 -233.72 5279.67 -294.902
5229.69 -215.495 5295.84 -264.962
5246.45 -245.436 5312.9 -276.678
5262.32 -246.737 5329.95 -324.843
5278.5 -262.358 5344.94 -284.488
5294.96 -242.832 5362 -301.411
5311.72 -232.418 5378.76 -277.98
5327.89 -249.341 5396.4 -272.773
5344.06 -264.962 5411.39 -271.471
5360.82 -281.885 5427.86 -279.281
5376.7 -263.66 5444.61 -270.169
5394.05 -289.695 5461.08 -275.376
5410.8 -264.962 5476.66 -258.453
5426.68 -261.057 5493.71 -292.299
5443.44 -262.358 5509.59 -284.488
5458.73 -248.039 5526.64 -280.583
5476.07 -229.815 5542.51 -297.506
5492.53 -240.229 5559.27 -271.471
5509.59 -250.643 5576.61 -300.109
5525.46 -242.832 5591.9 -307.92
5542.22 -224.608 5609.24 -324.843
5557.8 -263.66 5624.53 -315.73
5575.14 -248.039 5641.28 -323.541
5590.72 -251.944 5658.04 -294.902
5607.48 -283.187 5674.2 -266.264
5623.64 -250.643 5690.66 -296.204
5640.99 -258.453 5707.42 -309.222
5656.57 -261.057 5723.29 -279.281
5672.44 -232.418 5740.63 -277.98
5689.19 -277.98 5756.8 -248.039
5705.65 -262.358 5773.25 -285.79
5722.11 -254.548 5789.71 -257.151
5738.57 -268.867 5805.58 -289.695
5754.44 -266.264 5822.33 -271.471
5771.2 -262.358 5839.08 -281.885
5788.24 -237.625 5856.13 -288.394
5804.7 -270.169 5872 -267.565
5819.69 -238.927 5887.57 -274.074
5837.03 -248.039 5904.91 -314.429
5853.78 -245.436 5919.89 -298.808
5869.35 -255.85 5937.52 -289.695
5886.1 -225.909 5953.1 -281.885
5903.44 -268.867 5970.43 -285.79
5919.01 -257.151 5987.18 -254.548
5935.47 -251.944 6002.45 -277.98
5951.92 -244.134 6019.2 -277.98
5967.79 -281.885 6035.95 -277.98
5984.53 -304.015 6051.81 -279.281
6001.57 -272.773 6069.14 -294.902
6017.73 -232.418 6085.01 -258.453
6033.3 -250.643 6102.34 -263.66
6050.34 -267.565 6118.49 -293.601
6066.21 -242.832 6134.94 -293.601
6083.83 -208.986 6150.8 -301.411
6099.4 -250.643 6167.55 -296.204
6115.56 -264.962 6184.29 -333.955
6133.18 -258.453 6200.73 -309.222
6148.75 -242.832 6217.18 -257.151
6165.2 -205.081 6233.63 -293.601
6180.76 -231.116 6249.19 -296.204
6198.68 -215.495 6266.22 -275.376
6213.66 -227.211 6283.84 -257.151
6230.69 -225.909 6298.53 -254.548
6246.84 -301.411 6315.56 -261.057
6263.29 -242.832 6332.29 -253.246
6279.73 -268.867 6348.44 -264.962
6296.47 -257.151 6365.18 -296.204
6312.33 -263.66 6381.03 -284.488
6328.77 -275.376 6397.18 -244.134
6345.51 -268.867 6413.62 -287.092
6362.53 -238.927 6430.65 -267.565
6378.68 -229.815 6446.2 -262.358
6394.54 -249.341 6463.82 -296.204
6410.98 -254.548 6480.26 -317.032
6428 -253.246 6496.69 -292.299
6444.15 -229.815 6512.54 -318.334
6461.47 -266.264 6528.69 -277.98
6476.44 -264.962 6545.41 -289.695
6493.46 -262.358 6562.73 -254.548
6509.9 -274.074 6578.28 -300.109
6526.34 -274.074 6595.01 -279.281
6542.77 -249.341 6610.86 -270.169
6559.21 -275.376 6628.17 -245.436
6575.64 -293.601 6643.43 -288.394
6590.9 -255.85 6660.15 -275.376
6608.22 -264.962 6676.59 -289.695
6624.36 -261.057 6693.6 -297.506
6640.79 -274.074 6709.44 -289.695
6657.22 -258.453 6726.75 -284.488
6673.06 -245.436 6742.89 -313.127
6689.79 -215.495 6759.32 -276.678
6706.22 -270.169 6775.45 -300.109
6722.94 -245.436 6791.88 -300.109
6739.66 -271.471 6808.89 -297.506
6755.8 -244.134 6825.02 -268.867
6773.11 -262.358 6841.15 -283.187
6788.06 -275.376 6857.28 -284.488
6805.37 -288.394 6874.59 -304.015
6821.21 -314.429 6890.42 -272.773
6837.63 -251.944 6906.85 -258.453
6854.35 -246.737 6923.85 -288.394
6870.19 -258.453 6939.69 -279.281
6886.91 -218.099 6957.28 -250.643
6903.03 -250.643 6973.12 -271.471
6920.04 -241.53 6989.24 -250.643
6935.88 -264.962 7005.37 -307.92
6952.59 -274.074 7022.08 -318.334
6969.3 -211.59 7038.79 -281.885
6984.84 -222.004 7055.2 -266.264
7002.44 -261.057 7071.03 -279.281
7018.27 -255.85 7087.16 -262.358
7034.68 -284.488 7104.16 -254.548
7051.1 -281.885 7121.16 -281.885
7067.52 -276.678 7137.28 -310.523
7083.64 -279.281 7153.69 -293.601
7100.05 -249.341 7170.4 -276.678
7117.35 -246.737 7185.93 -250.643
7133.17 -253.246 7202.63 -277.98
7149.29 -264.962 7220.21 -254.548
7165.7 -287.092 7235.16 -259.755
7182.12 -237.625 7252.15 -272.773
7198.53 -224.608 7270.03 -277.98
7215.82 -218.099 7285.55 -298.808
7231.64 -223.306 7301.37 -292.299
7248.05 -255.85 7318.66 -298.808
7265.04 -229.815 7334.48 -288.394
7280.57 -240.229 7350.88 -302.713
7296.69 -215.495 7367.87 -283.187
7313.68 -248.039 7383.98 -300.109
7330.08 -246.737 7401.56 -245.436
7346.78 -255.85 7417.08 -266.264
7363.48 -245.436 7433.78 -263.66
7379 -261.057 7449.59 -270.169
7395.7 -266.264 7465.7 -250.643
7412.4 -281.885 7482.39 -301.411
7428.21 -289.695 7498.79 -267.565
7444.91 -268.867 7515.48 -262.358
7461.31 -289.695 7531.59 -261.057
7477.12 -255.85 7547.98 -281.885
7493.81 -266.264 7565.55 -274.074
7510.5 -251.944 7580.77 -315.73
7527.78 -266.264 7597.17 -336.559
7543.59 -224.608 7613.27 -306.618
7559.69 -259.755 7630.25 -296.204
7575.51 -266.264 7646.94 -326.144
7592.49 -211.59 7663.33 -323.541
7608.59 -237.625 7679.43 -326.144
7626.15 -254.548 7696.41 -340.464
7641.67 -245.436 7713.67 -332.653
7658.94 -222.004 7728.6 -324.843
7674.45 -277.98 7745.58 -232.418
7690.85 -292.299 7761.67 -285.79
7707.82 -267.565 7776.89 -311.825
7723.92 -242.832 7795.03 -337.86
7739.43 -263.66 7811.42 -336.559
7756.7 -261.057 7828.1 -332.653
7773.09 -267.565 7844.19 -328.748
7789.47 -262.358 7860.28 -305.316
7805.57 -244.134 7877.55 -320.937
7822.54 -231.116 7893.05 -330.05
7839.22 -270.169 7910.31 -374.309
7855.31 -248.039 7926.4 -319.636
7870.82 -267.565 7942.78 -298.808
7887.49 -206.383 7959.17 -327.446
7903.88 -242.832 7975.84 -332.653
7921.14 -259.755 7991.93 -346.973
7936.94 -294.902 8008.6 -332.653
7953.61 -240.229 8025.27 -318.334
7970.87 -263.66 8041.06 -289.695
7985.78 -270.169 8058.03 -263.66
8001.87 -232.418 8074.4 -304.015
8019.13 -267.565 8090.78 -298.808
8035.51 -279.281 8106.86 -318.334
8051.89 -219.401 8122.95 -340.464
8067.68 -248.039 8139.91 -353.481
8084.93 -267.565 8156.87 -357.387
8101.31 -251.944 8173.24 -335.257
8117.68 -214.194 8189.03 -341.766
8133.77 -268.867 8205.4 -322.239
8149.26 -253.246 8222.36 -352.18
8166.22 -232.418 8238.73 -346.973
8182.89 -237.625 8255.39 -335.257
8199.26 -255.85 8271.47 -292.299
8216.51 -279.281 8288.13 -345.671
8231.71 -279.281 8305.09 -348.274
8248.08 -279.281 8320.58 -331.352
8264.75 -296.204 8337.53 -363.895
8282.28 -287.092 8353.6 -322.239
8297.49 -266.264 8369.97 -333.955
8314.73 -262.358 8385.75 -317.032
8330.81 -241.53 8403 -305.316
8346.3 -263.66 8419.94 -345.671
8362.96 -257.151 8435.73 -392.534
8379.32 -262.358 8452.09 -337.86
8395.98 -248.039 8468.75 -340.464
8412.06 -248.039 8484.82 -341.766
8430.47 -236.323 8502.06 -302.713
8445.37 -253.246 8518.13 -352.18
8462.03 -235.022 8534.49 -354.783
8478.68 -261.057 8550.85 -336.559
8494.75 -272.773 8568.09 -323.541
8510.53 -276.678 8583.57 -340.464
8526.89 -294.902 8600.52 -266.264
8544.13 -254.548 8617.17 -292.299
8560.78 -229.815 8633.23 -340.464
8576.85 -262.358 8649.3 -310.523
8592.34 -261.057 8666.24 -345.671
8609.57 -283.187 8682.01 -330.05
8626.22 -253.246 8698.96 -306.618
8642.58 -263.66 8715.02 -310.523
8659.23 -227.211 8731.67 -320.937
8675.01 -228.513 8748.61 -326.144
8691.07 -253.246 8764.38 -345.671
8708.6 -279.281 8780.15 -358.688
8724.95 -208.986 8798.55 -319.636
8740.72 -214.194 8813.73 -305.316
8757.08 -248.039 8830.67 -305.316
8773.72 -232.418 8846.73 -356.085
8790.08 -222.004 8863.67 -318.334
8806.43 -232.418 8879.44 -333.955
8823.08 -250.643 8896.37 -304.015
8839.14 -292.299 8912.72 -294.902
8855.78 -304.015 8929.37 -290.997
8870.97 -280.583 8946.01 -298.808
8889.36 -228.513 8962.36 -314.429
8905.13 -257.151 8978.41 -323.541
8920.9 -241.53 8994.47 -359.99
8937.54 -216.797 9010.82 -354.783
8954.18 -246.737 9027.75 -326.144
8970.82 -261.057 9044.39 -307.92
8986.3 -231.116 9061.32 -296.204
9003.52 -240.229 9076.79 -333.955
9019.29 -231.116 9092.85 -337.86
9036.8 -227.211 9109.78 -358.688
9052.56 -237.625 9126.71 -289.695
9068.91 -236.323 9143.05 -287.092
9085.55 -233.72 9160.28 -270.169
9101.9 -236.323 9175.45 -279.281
9118.25 -258.453 9192.09 -296.204
9133.13 -258.453 9208.43 -270.169
9150.94 -261.057 9225.36 -318.334
9167.28 -290.997 9241.12 -272.773
9183.92 -240.229 9257.76 -241.53
9199.68 -248.039 9274.68 -263.66
9216.9 -218.099 9289.57 -298.808
9233.24 -228.513 9307.37 -318.334
9249.88 -245.436 9323.42 -309.222
9265.05 -241.53 9339.76 -346.973
9282.27 -258.453 9356.98 -317.032
9298.32 -219.401 9374.19 -294.902
9314.95 -258.453 9389.95 -289.695
9331.59 -237.625 9405.42 -314.429
9348.22 -241.53 9422.05 -268.867
9365.44 -270.169 9438.39 -263.66
9379.74 -277.98 9455.31 -300.109
9396.08 -241.53 9471.36 -271.471
9413.29 -232.418 9488.86 -250.643
9429.64 -208.986 9504.33 -296.204
9445.39 -258.453 9520.96 -313.127
9462.61 -263.66 9536.71 -292.299
9479.53 -242.832 9554.51 -314.429
9495.28 -238.927 9570.85 -323.541
9512.21 -266.264 9586.89 -406.853
9527.96 -175.141 9602.94 -434.19
9544.88 -220.702 9619.86 -425.078
9560.64 -232.418 9636.2 -434.19
9577.56 -233.72 9652.83 -421.173
9593.02 -238.927 9669.45 -343.067
9610.23 -254.548 9685.79 -410.759
9626.86 -227.211 9700.96 -404.25
9642.91 -202.478 9718.17 -371.706
9658.37 -275.376 9735.09 -375.611
9676.45 -232.418 9751.13 -383.422
9692.5 -223.306 9768.05 -331.352
9709.42 -280.583 9784.1 -330.05
9724.88 -220.702 9801.01 -380.818
9741.8 -231.116 9817.06 -393.836
9757.84 -206.383 9833.68 -375.611
9774.18 -189.46 9850.89 -376.913
9790.51 -182.951 9866.35 -367.801
9807.14 -211.59 9883.86 -344.369
9824.06 -207.685 9899.32 -346.973
9839.23 -197.271 9916.23 -345.671
9855.85 -159.52 9931.98 -405.552
9871.9 -160.822 9948.02 -410.759
9889.11 -181.65 9965.81 -362.594
9905.44 -162.123 9981.86 -323.541
9922.06 -146.502 9997.9 -284.488
9937.52 -192.064 10014.5 -328.748
9954.44 -149.106 10030.3 -309.222
9970.77 -163.425 10046.9 -366.499
9987.69 -171.236 10063.8 -345.671
10004 -167.33 10080.7 -285.79
10020.1 -138.692 10096.8 -288.394
10036.4 -156.916 10113.1 -272.773
10053.3 -155.615 10129.1 -293.601
10069.6 -150.407 10146.4 -323.541
10085.7 -117.864 10162.1 -330.05
10102.9 -82.7162 10178.4 -339.162
10118.6 -61.8881 10195.3 -318.334
10135 -116.562 10211.1 -285.79
10151.6 -100.941 10228.3 -306.618
10168.2 -74.9056 10244.9 -305.316
10184 -38.4565 10261 -359.99
10200.6 -52.7758 10277.6 -322.239
10217.2 -64.4916 10293.6 -250.643
10234.1 -67.0951 10310 -224.608
10249.6 -51.474 10326.9 -212.892
10265.9 -63.1898 10343.8 -272.773
10283.1 -38.4565 10360.4 -280.583
10300.3 -29.3442 10376.5 -281.885
10315.5 -38.4565 10392.5 -225.909
10331.8 -9.81786 10408.5 -211.59
10348.5 29.2348 10425.4 -176.443
10365.1 -26.7407 10442.1 -205.081
10381.4 7.10496 10458.1 -233.72
10397.8 3.1997 10474.7 -248.039
10413.5 47.4594 10490.5 -262.358
10430.4 77.3998 10507.7 -216.797
10447 72.1928 10523.7 -181.65
10462.8 26.6313 10540.6 -166.029
10478.5 20.1225 10556.7 -188.158
10495.5 50.0629 10573.9 -179.046
10512.4 37.0453 10590.2 -235.022
10529 85.2103 10606.3 -171.236
10545.3 35.7436 10622.6 -128.278
10561.1 103.435 10639.8 -94.432
10578.6 106.038 10656.1 -120.467
10593.7 87.8138 10672.8 -106.148
10610.4 95.6243 10688.2 -128.278
10627.3 139.884 10704.9 -95.7337
10643.6 158.109 10721.5 -99.639
10659.9 180.238 10737.8 -68.3969
10676.6 184.144 10755.3 -99.639
10693.2 201.067 10770.2 -85.3197
10708.6 154.203 10787.1 -137.39
10725 178.937 10804.3 -97.0355
10741.3 233.61 10820.1 -141.295
10757.9 271.361 10836.4 -89.225
10774.9 214.084 10853.3 -44.9653
10791.2 215.386 10869.9 -17.6284
10808.1 233.61 10886.6 -51.474
10823.3 214.084 10902 -50.1723
10839.6 225.8 10919.2 -50.1723
10856.2 240.119 10935.9 20.1225
10873.7 238.817 10951.3 59.1752
10889.2 283.077 10968.3 38.3471
10905.8 293.491 10984.9 42.2524
10922.7 319.526 11000.6 60.4769
10938.5 292.189 11017.8 52.6664
10955.1 340.354 11033.6 83.9085
10970.9 359.881 11051.1 85.2103
10987.8 370.295 11067.1 76.098
11004.1 365.088 11082.6 73.4945
11021 359.881 11100.4 52.6664
11037.7 376.804 11116.4 65.684
11053.1 365.088 11132.5 109.944
11069.5 421.063 11149.4 164.617
11086.4 421.063 11165.7 135.979
11103.3 448.4 11182.7 185.445
11119.1 449.702 11199 141.186
11135.4 437.986 11214.8 129.47
11151.7 432.779 11232 182.842
11169.2 475.737 11248 197.161
11184.4 514.79 11264.9 212.782
11200.5 516.091 11281 263.551
11217.4 513.488 11297.9 242.723
11234.3 533.014 11313.1 266.154
11249.8 521.298 11330 263.551
11266.7 530.411 11346.6 276.568
11283.6 570.765 11363.3 309.112
11299.7 591.593 11380.2 341.656
11315.4 598.102 11396.5 331.242
11333.2 595.499 11412.3 324.733
11348.7 605.913 11429.8 350.768
11365 595.499 11445.3 345.561
11381.4 605.913 11462.5 352.07
11398.9 643.664 11479.4 362.484
11413.5 669.699 11495.2 427.572
11430.7 707.45 11510.9 437.986
11447.3 685.32 11528.1 456.211
11463.4 708.751 11544.2 421.063
11480 719.165 11561.1 423.667
11496.9 769.934 11577.5 406.744
11513.6 779.046 11593.2 447.098
11529 771.236 11609.9 512.186
11545.1 793.365 11625.9 519.997
11562.6 807.685 11643.1 509.583
11577.5 836.323 11660.4 512.186
11594.7 851.944 11677 514.79
11611.9 863.66 11692.5 529.109
11627.4 874.074 11709.1 577.274
11643.7 857.151 11725.8 575.972
11659.8 892.299 11742.1 615.025
11676.1 867.565 11758.7 652.776
11692.8 875.376 11775.1 655.379
11709.1 936.559 11791.4 654.078
11726.6 959.99 11806.6 676.207
11743 974.309 11823.3 706.148
11757.9 993.836 11840.8 781.65
11774.8 989.93 11858 814.194
11791.7 1009.46 11873.8 775.141
11808.4 1036.79 11889.5 759.52
11825.3 1058.92 11907 793.365
11841.1 1035.49 11922.5 786.857
11857.1 1069.34 11939.2 858.453
11874.1 1081.05 11956.1 875.376
11890.1 1092.77 11972.2 863.66
11906.8 1157.86 11989.1 875.376
11922.2 1170.87 12006.6 905.316
11938.6 1153.95 12022.7 906.618
11954.9 1202.12 12039.6 939.162
11972.2 1177.38 12055.1 970.404
11988.2 1187.8 12072.1 971.706
12004.6 1198.21 12089.3 993.836
12020.6 1206.02 12105.1 1048.51
12037.3 1282.83 12121.1 1108.39
12053.6 1275.02 12137.8 1122.71
12070.3 1302.35 12155 1140.93
12086.9 1281.52 12171.4 1202.12
12102.7 1306.26 12188.9 1207.32
12119.4 1319.27 12201.7 1232.06
12135.4 1364.84 12185.1 1267.2
12153 1414.3 12168.7 1341.4
