4017.4 -311.825 4031.49 -340.464
4002.43 -276.678 4047.04 -311.825
4000.08 -268.867 4063.78 -344.369
4013.87 -284.488 4079.92 -362.594
4029.72 -287.092 4096.95 -337.86
4046.46 -277.98 4113.69 -339.162
4062.6 -277.98 4129.84 -313.127
4079.92 -297.506 4145.98 -333.955
4096.07 -264.962 4162.14 -331.352
4112.51 -253.246 4179.17 -352.18
4129.25 -288.394 4195.03 -330.05
4146.28 -254.548 4211.18 -350.878
4162.43 -287.092 4228.8 -307.92
4178.29 -277.98 4244.37 -323.541
4195.32 -277.98 4260.53 -314.429
4211.77 -274.074 4277.85 -311.825
4227.33 -262.358 4294.3 -283.187
4243.78 -225.909 4309.58 -294.902
4261.41 -284.488 4326.91 -307.92
4276.97 -253.246 4343.95 -281.885
4293.72 -235.022 4360.11 -318.334
4309.88 -261.057 4376.57 -284.488
4326.03 -259.755 4392.43 -322.239
4343.37 -248.039 4408.89 -335.257
4359.23 -292.299 4425.05 -317.032
4375.98 -262.358 4442.09 -292.299
4391.55 -272.773 4457.96 -304.015
4409.18 -294.902 4474.71 -263.66
4425.64 -293.601 4491.46 -318.334
4441.8 -232.418 4508.51 -306.618
4458.26 -271.471 4524.09 -301.411
4474.71 -271.471 4539.96 -300.109
4491.17 -275.376 4557 -281.885
4507.33 -275.376 4572.88 -292.299
4523.79 -268.867 4589.92 -337.86
4539.66 -262.358 4605.8 -309.222
4556.42 -272.773 4623.14 -340.464
4572.88 -287.092 4639.01 -331.352
4589.63 -255.85 4654.59 -268.867
4606.09 -274.074 4672.23 -268.867
4622.26 -262.358 4687.81 -302.713
4639.01 -244.134 4704.27 -281.885
4655.18 -257.151 4721.32 -318.334
4671.94 -261.057 4738.37 -276.678
4686.93 -241.53 4753.37 -314.429
4703.98 -271.471 4770.12 -309.222
4720.73 -254.548 4786.29 -293.601
4736.61 -255.85 4803.93 -298.808
4753.95 -268.867 4820.1 -320.937
4770.12 -242.832 4836.57 -318.334
4785.7 -241.53 4852.45 -297.506
4803.05 -248.039 4868.91 -307.92
4820.1 -279.281 4885.96 -322.239
4835.1 -251.944 4902.13 -324.843
4851.86 -255.85 4918.31 -319.636
4868.03 -258.453 4934.48 -328.748
4884.2 -253.246 4951.53 -320.937
4901.25 -240.229 4968 -302.713
4918.31 -227.211 4984.17 -302.713
4934.48 -271.471 5001.22 -298.808
4950.94 -253.246 5015.92 -288.394
4966.53 -276.678 5033.57 -311.825
4982.99 -222.004 5049.74 -307.92
4999.75 -270.169 5066.79 -301.411
5017.1 -233.72 5082.96 -270.169
5033.27 -235.022 5099.43 -328.748
5048.85 -264.962 5115.9 -289.695
5066.2 -225.909 5132.36 -300.109
5082.08 -250.643 5148.24 -288.394
5097.96 -261.057 5164.71 -302.713
5115.01 -240.229 5181.47 -315.73
5130.6 -220.702 5197.05 -274.074
5147.65 -236.323 5214.4 -301.411
5163.82 -298.808 5230.57 -290.997
5180.29 -227.211 5246.45 -287.092
5197.05 -259.755 5263.8 -283.187
5213.22 -271.471 5280.26 -309.222
5229.39 -240.229 5296.73 -297.506
5245.27 -304.015 5313.78 -254.548
5262.91 -288.394 5328.77 -280.583
5278.5 -267.565 5345.24 -264.962
5294.96 -262.358 5362 -272.773
5311.72 -253.246 5378.76 -319.636
5327.89 -231.116 5395.81 -339.162
5343.77 -250.643 5410.51 -304.015
5361.41 -248.039 5426.97 -284.488
5376.99 -210.288 5444.03 -301.411
5394.05 -266.264 5459.9 -302.713
5410.22 -257.151 5477.25 -294.902
5426.39 -227.211 5493.71 -327.446
5443.44 -218.099 5509.29 -307.92
5459.61 -248.039 5526.93 -297.506
5475.78 -240.229 5542.22 -287.092
5492.83 -266.264 5559.56 -310.523
5508.7 -281.885 5575.44 -315.73
5525.17 -218.099 5592.19 -304.015
5541.04 -235.022 5609.53 -280.583
5557.8 -266.264 5624.82 -270.169
5574.26 -268.867 5641.28 -271.471
5591.01 -272.773 5658.33 -263.66
5607.19 -274.074 5674.79 -248.039
5623.64 -267.565 5690.66 -290.997
5639.81 -275.376 5708.01 -300.109
5655.69 -214.194 5723.88 -313.127
5672.73 -225.909 5739.75 -288.394
5689.49 -244.134 5756.5 -294.902
5705.07 -254.548 5772.96 -284.488
5722.41 -245.436 5790.59 -304.015
5738.28 -255.85 5806.46 -326.144
5755.32 -249.341 5822.04 -324.843
5770.9 -255.85 5839.38 -306.618
5787.65 -287.092 5855.25 -264.962
5803.52 -280.583 5871.7 -249.341
5820.27 -294.902 5888.74 -281.885
5837.03 -263.66 5904.02 -311.825
5853.78 -255.85 5920.48 -319.636
5869.65 -236.323 5937.52 -318.334
5886.39 -254.548 5953.68 -318.334
5902.26 -258.453 5969.84 -304.015
5919.31 -233.72 5986.59 -296.204
5935.76 -261.057 6002.75 -298.808
5951.04 -235.022 6019.2 -310.523
5968.37 -240.229 6036.53 -287.092
5985.12 -219.401 6052.69 -306.618
6000.69 -228.513 6069.14 -267.565
6016.85 -238.927 6084.71 -272.773
6033.01 -266.264 6102.04 -285.79
6050.34 -287.092 6118.79 -296.204
6065.91 -266.264 6134.36 -296.204
6082.36 -264.962 6150.51 -289.695
6099.99 -251.944 6167.84 -257.151
6116.14 -236.323 6184.58 -253.246
6132.01 -279.281 6200.15 -288.394
6148.16 -264.962 6217.18 -294.902
6165.49 -280.583 6232.75 -310.523
6182.52 -238.927 6250.37 -315.73
6197.5 -227.211 6266.22 -301.411
6213.95 -250.643 6283.55 -311.825
6230.98 -261.057 6297.65 -270.169
6247.14 -219.401 6315.56 -270.169
6264.17 -227.211 6331.41 -328.748
6280.03 -238.927 6348.73 -340.464
6295.88 -259.755 6365.18 -310.523
6312.62 -255.85 6381.33 -317.032
6329.65 -257.151 6397.18 -302.713
6345.21 -287.092 6413.33 -271.471
6362.24 -249.341 6430.94 -276.678
6379.27 -284.488 6446.79 -298.808
6395.42 -276.678 6463.23 -324.843
6410.68 -246.737 6480.26 -336.559
6428 -274.074 6495.81 -318.334
6443.86 -258.453 6512.54 -297.506
6460.59 -267.565 6528.39 -283.187
6476.44 -242.832 6546 -327.446
6492.58 -262.358 6562.14 -318.334
6509.02 -220.702 6579.16 -376.913
6526.63 -212.892 6595.01 -328.748
6542.48 -211.59 6612.03 -319.636
6559.21 -238.927 6628.17 -307.92
6575.35 -219.401 6644.02 -319.636
6592.08 -241.53 6660.15 -376.913
6608.22 -240.229 6677.76 -324.843
6624.65 -255.85 6694.19 -337.86
6641.38 -255.85 6708.57 -302.713
6657.22 -249.341 6725.87 -276.678
6673.94 -251.944 6742.3 -250.643
6690.08 -293.601 6759.02 -330.05
6706.81 -261.057 6775.74 -306.618
6723.23 -259.755 6792.47 -319.636
6739.66 -284.488 6808.6 -302.713
6756.09 -228.513 6824.14 -309.222
6772.22 -216.797 6842.03 -300.109
6788.94 -244.134 6857.87 -336.559
6804.2 -272.773 6874.59 -300.109
6821.21 -254.548 6891.01 -336.559
6839.1 -251.944 6907.43 -348.274
6854.35 -235.022 6923.85 -348.274
6871.07 -238.927 6939.98 -323.541
6886.91 -262.358 6956.4 -261.057
6903.62 -264.962 6973.12 -311.825
6920.34 -254.548 6989.83 -326.144
6936.76 -287.092 7005.66 -305.316
6952.01 -250.643 7022.08 -322.239
6969.3 -285.79 7038.79 -305.316
6984.84 -276.678 7054.91 -275.376
7002.14 -271.471 7071.62 -266.264
7018.27 -229.815 7088.33 -283.187
7034.98 -283.187 7104.45 -309.222
7051.69 -268.867 7120.86 -328.748
7068.4 -284.488 7136.69 -332.653
7083.64 -215.495 7153.1 -298.808
7100.35 -210.288 7169.81 -320.937
7116.76 -220.702 7186.22 -327.446
7133.76 -236.323 7203.22 -314.429
7150.17 -218.099 7219.92 -353.481
7165.7 -238.927 7236.33 -370.404
7181.82 -263.66 7251.57 -348.274
7198.53 -272.773 7269.15 -276.678
7214.35 -258.453 7285.26 -288.394
7231.35 -259.755 7301.67 -314.429
7248.34 -246.737 7317.19 -322.239
7264.75 -246.737 7335.07 -331.352
7281.16 -290.997 7351.47 -348.274
7297.27 -287.092 7367.58 -315.73
7313.39 -249.341 7383.69 -330.05
7330.38 -267.565 7400.09 -332.653
7347.07 -250.643 7416.5 -311.825
7363.19 -254.548 7433.19 -323.541
7379.3 -236.323 7449.59 -389.931
7395.99 -236.323 7465.99 -340.464
7411.81 -245.436 7482.39 -314.429
7427.63 -223.306 7498.79 -328.748
7445.2 -246.737 7515.19 -339.162
7460.72 -232.418 7531.29 -336.559
7477.12 -245.436 7548.28 -336.559
7493.52 -264.962 7564.67 -330.05
7510.5 -275.376 7580.77 -326.144
7526.61 -289.695 7597.46 -272.773
7544.47 -275.376 7614.44 -288.394
7559.69 -261.057 7630.54 -293.601
7575.8 -272.773 7647.81 -309.222
7591.9 -253.246 7663.91 -323.541
7608.88 -255.85 7680.01 -349.576
7625.28 -229.815 7695.53 -326.144
7641.96 -231.116 7712.5 -361.292
7658.06 -235.022 7728.6 -324.843
7674.16 -242.832 7745.87 -304.015
7690.85 -225.909 7761.96 -345.671
7708.41 -272.773 7777.77 -348.274
7723.63 -253.246 7794.45 -336.559
7740.6 -235.022 7811.42 -348.274
7756.7 -258.453 7828.1 -298.808
7771.91 -262.358 7844.48 -292.299
7788.89 -244.134 7859.99 -339.162
7805.27 -240.229 7876.96 -348.274
7823.12 -275.376 7893.64 -311.825
7838.05 -290.997 7910.02 -305.316
7854.73 -280.583 7926.99 -293.601
7871.4 -267.565 7942.2 -293.601
7887.79 -268.867 7959.17 -332.653
7904.75 -280.583 7974.96 -310.523
7920.55 -268.867 7992.22 -350.878
7936.94 -294.902 8008.89 -346.973
7952.73 -240.229 8024.68 -365.197
7969.99 -254.548 8041.65 -331.352
7986.95 -250.643 8058.61 -350.878
8003.04 -250.643 8072.94 -318.334
8019.42 -258.453 8090.78 -345.671
8036.38 -238.927 8107.16 -318.334
8051.3 -284.488 8124.41 -301.411
8068.85 -238.927 8140.2 -313.127
8085.52 -264.962 8156.57 -340.464
8101.6 -281.885 8173.24 -300.109
8117.98 -274.074 8189.9 -292.299
8134.35 -298.808 8206.28 -271.471
8150.14 -272.773 8222.36 -258.453
8166.52 -266.264 8238.14 -336.559
8183.18 -268.867 8255.1 -341.766
8198.68 -287.092 8272.05 -294.902
8216.22 -241.53 8288.13 -349.576
8232.3 -248.039 8304.5 -319.636
8248.96 -244.134 8321.45 -358.688
8265.33 -267.565 8337.24 -346.973
8281.41 -253.246 8353.9 -341.766
8297.78 -241.53 8370.26 -358.688
8314.44 -223.306 8386.05 -311.825
8331.1 -223.306 8403.29 -314.429
8346.88 -261.057 8419.36 -330.05
8363.83 -300.109 8436.31 -259.755
8379.32 -266.264 8452.09 -337.86
8395.69 -257.151 8469.33 -274.074
8412.93 -284.488 8485.4 -302.713
8429.59 -272.773 8502.06 -305.316
8445.08 -305.316 8517.25 -331.352
8462.61 -285.79 8534.49 -323.541
8477.51 -235.022 8551.43 -331.352
8495.34 -257.151 8566.92 -313.127
8511.11 -251.944 8584.45 -311.825
8527.77 -244.134 8600.81 -332.653
8542.67 -242.832 8617.17 -331.352
8560.78 -236.323 8633.82 -335.257
8576.56 -240.229 8649.59 -315.73
8593.8 -248.039 8666.24 -330.05
8610.74 -275.376 8682.31 -315.73
8626.81 -258.453 8698.66 -314.429
8642 -240.229 8716.77 -289.695
8658.65 -266.264 8731.08 -300.109
8676.17 -266.264 8748.61 -304.015
8691.36 -255.85 8764.38 -311.825
8707.43 -276.678 8780.15 -263.66
8725.53 -263.66 8797.67 -344.369
8740.43 -279.281 8812.86 -320.937
8757.37 -270.169 8830.38 -319.636
8772.26 -284.488 8847.61 -311.825
8788.91 -270.169 8863.67 -353.481
8806.43 -257.151 8880.31 -363.895
8823.37 -229.815 8896.66 -399.043
8839.14 -267.565 8912.72 -352.18
8854.91 -244.134 8929.66 -358.688
8872.14 -257.151 8944.84 -358.688
8889.07 -241.53 8962.65 -371.706
8905.72 -277.98 8978.41 -344.369
8921.19 -262.358 8995.35 -356.085
8937.25 -248.039 9011.4 -306.618
8953.89 -249.341 9027.75 -345.671
8970.82 -279.281 9043.81 -313.127
8987.17 -281.885 9059.86 -311.825
9003.23 -284.488 9077.09 -330.05
9019.87 -274.074 9092.85 -311.825
9036.51 -287.092 9110.07 -307.92
9052.56 -297.506 9125.54 -337.86
9068.33 -271.471 9143.05 -345.671
9085.26 -222.004 9159.98 -326.144
9101.9 -266.264 9175.16 -304.015
9118.25 -240.229 9191.8 -323.541
9134.01 -212.892 9208.73 -323.541
9150.35 -267.565 9225.07 -343.067
9167.57 -233.72 9241.71 -309.222
9184.21 -268.867 9257.17 -337.86
9199.97 -197.271 9274.68 -317.032
9216.02 -242.832 9290.15 -324.843
9232.95 -258.453 9307.95 -301.411
9249.3 -250.643 9323.13 -313.127
9265.34 -272.773 9340.64 -285.79
9282.27 -267.565 9356.69 -335.257
9298.03 -263.66 9373.9 -318.334
9314.95 -263.66 9388.78 -309.222
9331.88 -270.169 9404.83 -280.583
9348.22 -279.281 9422.05 -293.601
9364.56 -289.695 9438.97 -328.748
9381.2 -242.832 9455.89 -344.369
9396.66 -276.678 9471.65 -326.144
9413.59 -205.081 9488.28 -335.257
9429.64 -246.737 9504.62 -302.713
9446.56 -206.383 9520.67 -276.678
9461.73 -271.471 9538.17 -305.316
9479.53 -270.169 9554.51 -302.713
9495.87 -262.358 9569.97 -304.015
9511.91 -248.039 9587.48 -304.015
9528.25 -288.394 9603.52 -275.376
9544.3 -259.755 9618.99 -264.962
9560.34 -272.773 9636.49 -229.815
9577.56 -242.832 9653.7 -250.643
9594.19 -231.116 9668.58 -272.773
9610.82 -238.927 9685.79 -261.057
9626.86 -232.418 9701.54 -266.264
9642.03 -257.151 9718.46 -255.85
9658.95 -229.815 9735.09 -280.583
9675.29 -205.081 9751.42 -289.695
9692.21 -195.969 9768.34 -300.109
9708.84 -185.555 9784.68 -292.299
9724.59 -205.081 9800.43 -290.997
9740.93 -223.306 9817.06 -264.962
9757.55 -216.797 9833.98 -266.264
9773.31 -155.615 9850.02 -287.092
9790.22 -172.537 9866.35 -296.204
9807.14 -167.33 9882.98 -283.187
9823.18 -192.064 9899.32 -293.601
9839.52 -179.046 9915.65 -251.944
9855.56 -176.443 9931.98 -264.962
9872.77 -188.158 9948.31 -258.453
9889.4 -198.572 9964.65 -241.53
9905.15 -158.218 9982.15 -231.116
9920.9 -130.881 9997.02 -277.98
9938.4 -107.45 10013.9 -281.885
9954.44 -145.2 10031.1 -284.488
9970.77 -160.822 10047.8 -277.98
9988.27 -142.597 10064.1 -264.962
10004 -115.26 10080.4 -284.488
10019.8 -103.544 10096.2 -317.032
10036.4 -90.5267 10113.1 -310.523
10053.3 -126.976 10129.4 -298.808
10069.6 -115.26 10146.1 -292.299
10085.1 -112.657 10162.4 -304.015
10102.6 -90.5267 10178.4 -254.548
10118.9 -90.5267 10195.6 -277.98
10135 -89.225 10211.7 -223.306
10150.4 -61.8881 10228.9 -236.323
10167.6 -74.9056 10244 -297.506
10184 -47.5688 10261.3 -257.151
10200.3 -69.6986 10278.2 -250.643
10216.6 -44.9653 10293.9 -259.755
10233.3 -73.6039 10310.3 -251.944
10249 14.9155 10327.2 -255.85
10266.8 -7.21435 10343.5 -287.092
10282.8 3.1997 10360.1 -251.944
10298.9 16.2173 10375.6 -203.779
10315.2 1.89794 10392.2 -211.59
10331.5 -11.1196 10409.1 -198.572
10348.5 14.9155 10425.8 -254.548
10365.1 24.0278 10442.1 -225.909
10380.3 26.6313 10457.5 -216.797
10397.5 21.4243 10475 -203.779
10413.8 76.098 10490.8 -185.555
10430.7 43.5541 10508.6 -149.106
10446.7 77.3998 10524.9 -149.106
10463.1 78.7015 10539.8 -115.26
10479.4 93.0208 10557.9 -132.183
10496.3 117.754 10573.6 -158.218
10511.5 117.754 10591.1 -181.65
10528.1 130.772 10606.3 -173.839
10544.7 143.789 10622.3 -167.33
10561.1 148.996 10640.4 -146.502
10578 163.316 10656.4 -95.7337
10594.3 197.161 10673.1 -141.295
10610.4 185.445 10688.8 -123.071
10626.7 195.86 10705.1 -141.295
10643.3 211.481 10721.2 -108.751
10660.5 219.291 10738.1 -85.3197
10676 199.765 10755.3 -38.4565
10693.2 203.67 10770.8 -63.1898
10709.8 231.007 10787.7 -38.4565
10726.1 281.775 10804 -50.1723
10741.6 280.474 10819.8 -52.7758
10758.2 297.397 10836.7 -59.2846
10774.6 286.982 10853.9 4.50145
10791.5 276.568 10869.6 5.80321
10806.9 307.811 10886.3 30.5366
10824.1 300 10902.9 17.519
10840.2 336.449 10919 -15.0249
10856.8 353.372 10935 -0.70557
10873.2 324.733 10951.3 29.2348
10889.8 337.751 10969.1 29.2348
10906.4 375.502 10985.5 69.5892
10922.7 409.347 11000.9 52.6664
10939.1 362.484 11018.1 91.7191
10955.1 395.028 11033.6 46.1576
10971.8 393.726 11050.5 77.3998
10988.1 422.365 11067.1 51.3647
11004.7 402.839 11084.1 74.7963
11019.6 419.762 11099.5 151.6
11036.8 454.909 11117.6 176.333
11053.4 464.021 11133.1 160.712
11070.3 504.376 11149.7 150.298
11085.8 538.221 11165.5 147.695
11103 512.186 11182.1 173.73
11119.1 553.842 11199 182.842
11135.1 557.748 11214.8 244.025
11152.3 547.334 11231.4 225.8
11168.4 574.67 11248 220.593
11184.4 583.783 11264.6 217.989
11201 562.955 11281.3 220.593
11217.1 573.369 11296.7 221.895
11234 602.007 11313.7 279.172
11250.1 650.172 11330 292.189
11267 625.439 11347.2 326.035
11283.3 626.741 11363.3 346.863
11300 631.948 11379.6 389.821
11315.7 672.302 11396.8 350.768
11332.1 641.06 11412.9 342.958
11349.6 707.45 11429.2 363.786
11365.3 693.13 11445.9 362.484
11381.9 764.727 11462.5 408.046
11398 730.881 11479.4 379.407
11414.6 782.951 11495.5 415.856
11429.8 769.934 11511.5 426.27
11447.3 784.253 11527.6 452.305
11464.2 818.099 11544.2 440.59
11479.7 825.909 11562 418.46
11497.5 805.081 11577.5 417.158
11513.3 799.874 11593.5 487.453
11528.4 810.288 11609.9 533.014
11545.1 864.962 11626.5 539.523
11562 840.229 11643.1 568.162
11578.4 923.541 11660.1 523.902
11594.7 910.523 11676.1 564.256
11610.8 930.05 11692.2 595.499
11627.1 935.257 11708.8 634.551
11643.1 979.517 11725.5 650.172
11660.1 971.706 11742.1 664.492
11677.3 976.913 11757.9 674.906
11693.4 961.292 11775.7 612.421
11709.7 997.741 11792 684.018
11725.2 1018.57 11808.7 664.492
11743 1079.75 11823.5 680.113
11758.5 1122.71 11839.9 769.934
11775.1 1062.83 11857.1 816.797
11791.4 1068.04 11874.1 810.288
11807.2 1068.04 11890.4 806.383
11823.8 1070.64 11907 771.236
11840.2 1142.24 11922.8 815.495
11856.8 1153.95 11938.9 864.962
11873.5 1166.97 11956.1 913.127
11889.5 1179.99 11973.1 914.429
11906.2 1177.38 11989.1 959.99
11923.1 1181.29 12006 953.481
11939.5 1209.93 12022.1 993.836
11955.8 1282.83 12038.5 959.99
11972.8 1310.16 12055.1 967.801
11987.9 1295.84 12071.8 1031.59
12003.7 1250.28 12089 1074.54
12020.4 1285.43 12104.2 1112.3
12036.7 1332.29 12121.4 1147.44
12053.4 1384.36 12138 1125.31
12070.3 1405.19 12155 1161.76
12085.8 1426.02 12171.6 1224.25
12102.7 1398.68 12189.2 1248.98
12119.6 1376.55 12201.4 1310.16
12135.7 1383.06 12184.8 1389.57
12152.1 1433.83 12167.9 1370.04
