4015.93 -151.709 4030.02 -154.313
4002.72 -107.45 4048.51 -110.053
4000.37 -95.7337 4064.07 -181.65
4013.29 -80.1127 4080.51 -134.786
4030.02 -124.372 4096.95 -159.52
4046.75 -103.544 4113.39 -146.502
4063.19 -98.3372 4129.25 -162.123
4079.04 -91.8285 4145.98 -125.674
4095.78 -111.355 4162.43 -116.562
4111.93 -115.26 4179.17 -147.804
4129.54 -86.6215 4194.73 -203.779
4145.4 -77.5092 4211.18 -194.667
4162.14 -110.053 4228.21 -184.253
4178.29 -112.657 4244.37 -167.33
4195.03 -86.6215 4260.53 -179.046
4211.18 -108.751 4276.68 -186.857
4229.1 -81.4144 4294.01 -172.537
4243.49 -121.769 4311.05 -167.33
4259.94 -125.674 4326.91 -142.597
4277.27 -104.846 4343.07 -136.088
4293.43 -82.7162 4359.23 -150.407
4310.17 -95.7337 4375.98 -133.485
4325.74 -121.769 4392.14 -160.822
4343.37 -95.7337 4408.89 -188.158
4359.53 -100.941 4424.46 -167.33
4374.8 -93.1302 4442.09 -156.916
4392.43 -97.0355 4457.96 -180.348
4408.6 -57.9828 4474.71 -147.804
4424.46 -89.225 4491.17 -146.502
4441.51 -65.7934 4506.45 -154.313
4458.26 -78.8109 4523.79 -201.176
4474.42 -91.8285 4540.55 -164.727
4490.58 -116.562 4557.3 -141.295
4507.33 -124.372 4573.76 -123.071
4523.2 -99.639 4590.22 -150.407
4540.84 -76.2074 4606.97 -154.313
4556.42 -94.432 4622.26 -142.597
4572.88 -99.639 4638.72 -171.236
4589.04 -124.372 4654.59 -158.218
4605.21 -124.372 4671.35 -125.674
4621.96 -87.9232 4688.1 -119.165
4639.01 -85.3197 4705.45 -139.993
4654 -68.3969 4720.44 -163.425
4670.47 -85.3197 4736.9 -175.141
4687.52 -73.6039 4754.25 -176.443
4704.27 -69.6986 4770.71 -164.727
4721.32 -59.2846 4787.18 -146.502
4736.61 -68.3969 4804.23 -137.39
4753.66 -56.6811 4819.22 -163.425
4769.83 -78.8109 4836.27 -186.857
4786.59 -99.639 4852.74 -185.555
4801.88 -110.053 4868.62 -186.857
4818.93 -82.7162 4886.26 -156.916
4836.27 -115.26 4902.13 -128.278
4851.86 -129.579 4918.89 -99.639
4868.91 -65.7934 4935.06 -128.278
4885.08 -73.6039 4950.94 -141.295
4901.84 -63.1898 4967.7 -177.744
4918.01 -72.3021 4983.58 -166.029
4933.89 -102.243 5000.34 -162.123
4950.36 -108.751 5016.51 -162.123
4966.82 -84.0179 5033.57 -143.899
4983.29 -68.3969 5049.74 -133.485
5000.05 -68.3969 5066.79 -153.011
5016.8 -86.6215 5082.08 -198.572
5032.68 -90.5267 5098.84 -175.141
5049.15 -99.639 5115.6 -139.993
5065.32 -85.3197 5132.36 -107.45
5082.08 -100.941 5148.53 -138.692
5098.55 -84.0179 5164.41 -163.425
5115.01 -95.7337 5181.17 -154.313
5131.19 -106.148 5197.93 -168.632
5148.24 -68.3969 5214.1 -137.39
5164.12 -86.6215 5229.98 -134.786
5179.41 -100.941 5247.33 -113.958
5197.05 -130.881 5263.5 -166.029
5214.1 -102.243 5280.55 -173.839
5229.1 -81.4144 5296.73 -154.313
5246.15 -57.9828 5312.9 -150.407
5262.03 -90.5267 5329.36 -158.218
5278.2 -60.5863 5345.24 -167.33
5295.55 -87.9232 5362.29 -163.425
5311.13 -93.1302 5378.76 -158.218
5327.3 -89.225 5395.22 -153.011
5344.06 -84.0179 5411.1 -162.123
5361.12 -73.6039 5427.86 -145.2
5376.99 -78.8109 5445.5 -117.864
5394.34 -98.3372 5460.49 -142.597
5409.33 -107.45 5476.95 -116.562
5426.09 -85.3197 5493.12 -167.33
5443.73 -89.225 5509.29 -154.313
5459.9 -77.5092 5527.22 -155.615
5476.37 -106.148 5543.1 -150.407
5491.95 -81.4144 5558.68 -129.579
5508.7 -42.3617 5575.73 -189.46
5525.76 -59.2846 5592.49 -168.632
5541.63 -73.6039 5608.36 -156.916
5558.09 -59.2846 5625.12 -162.123
5575.14 -84.0179 5641.28 -103.544
5590.43 -95.7337 5658.62 -158.218
5606.89 -94.432 5674.79 -150.407
5623.35 -78.8109 5691.25 -190.762
5639.81 -80.1127 5707.71 -133.485
5656.86 -71.0004 5723.58 -172.537
5672.73 -61.8881 5740.34 -143.899
5689.49 -110.053 5756.5 -119.165
5705.95 -97.0355 5773.25 -130.881
5722.99 -80.1127 5789.71 -138.692
5738.28 -77.5092 5805.29 -146.502
5755.32 -72.3021 5822.33 -149.106
5771.78 -57.9828 5838.79 -139.993
5787.65 -86.6215 5855.25 -146.502
5803.52 -61.8881 5871.11 -129.579
5819.98 -71.0004 5888.74 -142.597
5837.32 -65.7934 5904.02 -112.657
5852.9 -82.7162 5921.66 -139.993
5869.94 -89.225 5937.23 -145.2
5886.39 -57.9828 5953.39 -164.727
5902.85 -84.0179 5970.72 -110.053
5919.31 -97.0355 5987.18 -111.355
5935.47 -95.7337 6003.34 -121.769
5951.92 -97.0355 6020.08 -111.355
5968.67 -84.0179 6036.24 -102.243
5984.83 -120.467 6051.52 -112.657
6000.4 -65.7934 6069.14 -121.769
6016.56 -107.45 6085.01 -141.295
6033.3 -52.7758 6101.75 -123.071
6050.64 -91.8285 6118.49 -143.899
6065.91 -59.2846 6134.65 -107.45
6082.95 -80.1127 6151.39 -160.822
6099.11 -73.6039 6168.13 -112.657
6115.85 -73.6039 6184.58 -143.899
6132.3 -46.267 6200.73 -128.278
6148.75 -81.4144 6217.18 -128.278
6165.2 -98.3372 6232.75 -120.467
6180.76 -102.243 6249.78 -120.467
6197.21 -61.8881 6266.52 -119.165
6214.83 -89.225 6282.08 -108.751
6230.69 -63.1898 6299.11 -107.45
6247.72 -72.3021 6315.26 -116.562
6263.29 -142.597 6331.71 -106.148
6280.32 -85.3197 6348.73 -120.467
6297.06 -89.225 6365.18 -136.088
6312.33 -82.7162 6381.03 -121.769
6328.77 -48.8705 6397.47 -143.899
6345.51 -116.562 6414.5 -125.674
6361.95 -85.3197 6429.76 -138.692
6379.27 -91.8285 6447.38 -132.183
6394.24 -78.8109 6463.23 -130.881
6411.57 -65.7934 6480.26 -136.088
6428.3 -65.7934 6496.4 -130.881
6443.56 -112.657 6512.25 -138.692
6460.59 -95.7337 6528.98 -104.846
6476.73 -72.3021 6545.41 -117.864
6492.58 -89.225 6562.44 -119.165
6509.02 -91.8285 6577.99 -125.674
6526.04 -104.846 6594.42 -136.088
6542.19 -64.4916 6610.56 -130.881
6558.62 -56.6811 6627.88 -102.243
6575.35 -78.8109 6644.9 -112.657
6591.49 -104.846 6661.03 -112.657
6608.22 -93.1302 6676.29 -103.544
6624.06 -123.071 6692.72 -150.407
6640.79 -65.7934 6710.03 -134.786
6656.93 -55.3793 6726.17 -134.786
6673.06 -73.6039 6743.18 -138.692
6690.67 -86.6215 6758.73 -147.804
6706.51 -50.1723 6776.04 -117.864
6723.23 -54.0776 6791.88 -136.088
6739.96 -68.3969 6808.6 -128.278
6755.8 -82.7162 6824.73 -102.243
6771.93 -80.1127 6841.15 -141.295
6788.94 -81.4144 6858.16 -102.243
6805.37 -115.26 6874.3 -115.26
6821.5 -91.8285 6890.42 -102.243
6838.51 -69.6986 6907.73 -136.088
6854.94 -91.8285 6923.27 -134.786
6870.78 -81.4144 6939.98 -159.52
6886.61 -107.45 6956.7 -145.2
6903.62 -67.0951 6973.12 -146.502
6920.34 -86.6215 6988.95 -129.579
6936.46 -103.544 7005.66 -116.562
6953.76 -51.474 7022.08 -138.692
6968.72 -81.4144 7038.79 -169.934
6985.43 -65.7934 7055.79 -155.615
7001.85 -67.0951 7071.62 -98.3372
7017.97 -89.225 7086.86 -87.9232
7034.98 -72.3021 7103.86 -113.958
7050.81 -103.544 7121.45 -106.148
7067.81 -106.148 7137.57 -104.846
7083.93 -71.0004 7153.69 -112.657
7099.76 -138.692 7170.4 -116.562
7116.76 -132.183 7186.22 -106.148
7133.17 -93.1302 7202.34 -102.243
7150.47 -93.1302 7219.04 -90.5267
7165.7 -68.3969 7235.74 -132.183
7182.41 -93.1302 7252.44 -126.976
7199.11 -84.0179 7269.15 -163.425
7215.23 -76.2074 7284.67 -120.467
7232.52 -44.9653 7301.67 -115.26
7248.64 -71.0004 7317.78 -111.355
7265.04 -57.9828 7335.36 -111.355
7280.57 -71.0004 7350.88 -116.562
7297.56 -47.5688 7367.58 -123.071
7313.68 -111.355 7383.98 -129.579
7329.79 -95.7337 7399.51 -99.639
7347.07 -97.0355 7416.79 -98.3372
7362.02 -91.8285 7433.78 -78.8109
7379.59 -108.751 7450.47 -124.372
7395.41 -104.846 7466.58 -139.993
7412.4 -104.846 7482.1 -74.9056
7428.21 -113.958 7498.79 -126.976
7444.61 -102.243 7515.48 -102.243
7460.43 -102.243 7531.88 -129.579
7477.71 -86.6215 7548.28 -113.958
7494.11 -104.846 7565.26 -90.5267
7510.5 -64.4916 7580.77 -171.236
7527.49 -100.941 7597.76 -162.123
7542.71 -68.3969 7613.86 -155.615
7559.99 -64.4916 7630.84 -139.993
7576.09 -74.9056 7646.35 -97.0355
7592.49 -115.26 7663.04 -145.2
7608.88 -104.846 7680.01 -121.769
7625.28 -47.5688 7696.41 -91.8285
7641.38 -85.3197 7712.8 -85.3197
7657.77 -108.751 7728.89 -86.6215
7674.75 -116.562 7745.87 -81.4144
7691.14 -89.225 7762.55 -104.846
7707.53 -120.467 7778.65 -124.372
7723.92 -98.3372 7794.74 -89.225
7740.31 -113.958 7810.83 -125.674
7755.82 -108.751 7827.81 -175.141
7773.09 -103.544 7844.78 -112.657
7789.47 -111.355 7860.58 -119.165
7806.15 -56.6811 7876.96 -137.39
7823.42 -89.225 7892.76 -153.011
7838.34 -93.1302 7910.31 -163.425
7854.73 -107.45 7927.28 -126.976
7871.11 -55.3793 7943.08 -93.1302
7887.79 -94.432 7958.29 -85.3197
7904.75 -112.657 7976.13 -72.3021
7921.14 -100.941 7991.93 -106.148
7937.52 -113.958 8008.31 -119.165
7953.32 -113.958 8025.27 -74.9056
7969.4 -99.639 8041.94 -125.674
7986.08 -107.45 8058.32 -99.639
8003.04 -103.544 8073.82 -93.1302
8018.84 -89.225 8090.19 -107.45
8035.22 -93.1302 8106.86 -103.544
8051.01 -81.4144 8122.65 -106.148
8068.26 -98.3372 8140.2 -143.899
8084.93 -89.225 8156.57 -137.39
8101.31 -82.7162 8172.66 -110.053
8117.39 -63.1898 8189.32 -120.467
8134.06 -97.0355 8205.11 -117.864
8150.14 -73.6039 8222.07 -98.3372
8166.81 -59.2846 8238.14 -125.674
8182.89 -73.6039 8255.68 -112.657
8199.84 -74.9056 8271.76 -104.846
8216.22 -121.769 8287.25 -97.0355
8232 -134.786 8304.21 -119.165
8248.96 -110.053 8320.87 -121.769
8265.33 -84.0179 8337.24 -104.846
8281.7 -98.3372 8353.9 -128.278
8298.07 -126.976 8370.26 -123.071
8314.73 -97.0355 8386.05 -113.958
8330.51 -132.183 8403.29 -102.243
8346.88 -68.3969 8419.65 -104.846
8364.13 -103.544 8435.73 -134.786
8379.32 -80.1127 8452.38 -133.485
8395.98 -68.3969 8468.75 -120.467
8412.35 -85.3197 8485.4 -126.976
8429.3 -86.6215 8501.77 -108.751
8445.37 -111.355 8517.83 -136.088
8461.73 -136.088 8534.49 -65.7934
8478.39 -76.2074 8551.14 -90.5267
8495.04 -98.3372 8567.5 -103.544
8511.41 -99.639 8583.86 -95.7337
8527.77 -119.165 8599.93 -91.8285
8544.13 -74.9056 8615.71 -112.657
8559.62 -110.053 8632.94 -86.6215
8576.56 -116.562 8649.88 -87.9232
8592.92 -137.39 8666.24 -136.088
8609.57 -139.993 8682.6 -119.165
8625.93 -99.639 8698.96 -126.976
8642.58 -54.0776 8715.6 -125.674
8658.65 -78.8109 8732.84 -124.372
8675.3 -68.3969 8748.32 -134.786
8690.49 -86.6215 8764.38 -108.751
8708.01 -59.2846 8780.73 -120.467
8724.37 -103.544 8797.38 -120.467
8741.31 -87.9232 8814.03 -128.278
8757.66 -85.3197 8830.38 -113.958
8773.72 -89.225 8847.02 -112.657
8790.66 -117.864 8864.25 -102.243
8806.73 -116.562 8880.9 -108.751
8823.37 -116.562 8896.66 -91.8285
8837.97 -97.0355 8912.72 -74.9056
8854.62 -74.9056 8929.37 -100.941
8871.55 -98.3372 8945.13 -110.053
8888.2 -68.3969 8962.07 -110.053
8904.84 -111.355 8977.83 -128.278
8921.19 -103.544 8994.76 -85.3197
8937.54 -97.0355 9011.4 -117.864
8953.89 -87.9232 9027.46 -158.218
8970.82 -98.3372 9043.52 -139.993
8986.59 -46.267 9060.16 -104.846
9003.23 -82.7162 9077.09 -128.278
9019.58 -111.355 9093.73 -102.243
9035.63 -107.45 9110.36 -142.597
9052.56 -60.5863 9126.42 -119.165
9068.62 -84.0179 9142.47 -106.148
9086.43 -115.26 9160.28 -116.562
9102.19 -90.5267 9175.45 -124.372
9117.66 -108.751 9192.09 -99.639
9134.88 -150.407 9208.43 -106.148
9151.81 -108.751 9225.36 -107.45
9167.28 -111.355 9242.29 -143.899
9182.75 -107.45 9257.76 -138.692
9200.26 -85.3197 9274.68 -129.579
9216.31 -80.1127 9290.44 -104.846
9233.53 -86.6215 9307.66 -121.769
9249.88 -82.7162 9323.13 -132.183
9266.22 -93.1302 9340.05 -149.106
9282.56 -64.4916 9356.39 -116.562
9298.32 -82.7162 9373.61 -120.467
9314.95 -120.467 9389.95 -150.407
9331.01 -65.7934 9405.42 -82.7162
9348.81 -102.243 9422.63 -85.3197
9364.27 -120.467 9438.97 -100.941
9380.32 -110.053 9455.31 -104.846
9397.83 -119.165 9471.94 -82.7162
9413.88 -86.6215 9488.57 -102.243
9429.64 -112.657 9504.33 -97.0355
9445.68 -82.7162 9520.96 -113.958
9462.9 -84.0179 9537.01 -85.3197
9479.82 -60.5863 9553.93 -141.295
9494.99 -81.4144 9570.27 -138.692
9512.21 -76.2074 9586.6 -156.916
9528.54 -81.4144 9604.11 -91.8285
9544.01 -87.9232 9620.15 -85.3197
9561.22 -67.0951 9637.07 -98.3372
9576.68 -85.3197 9652.83 -115.26
9594.48 -61.8881 9668.58 -102.243
9610.53 -78.8109 9685.5 -142.597
9627.15 -100.941 9702.13 -112.657
9642.32 -106.148 9718.46 -74.9056
9659.83 -104.846 9734.8 -123.071
9676.16 -95.7337 9752.59 -81.4144
9692.5 -93.1302 9767.76 -103.544
9707.67 -97.0355 9784.68 -102.243
9725.46 -95.7337 9800.72 -129.579
9741.51 -81.4144 9816.77 -111.355
9757.84 -71.0004 9833.39 -103.544
9774.18 -86.6215 9849.73 -117.864
9790.81 -89.225 9866.94 -145.2
9806.26 -74.9056 9882.39 -125.674
9822.89 -25.4389 9899.32 -180.348
9840.1 -51.474 9916.52 -129.579
9856.15 -98.3372 9932.56 -134.786
9871.6 -81.4144 9948.31 -84.0179
9888.52 -94.432 9965.23 -98.3372
9905.15 -94.432 9981.86 -132.183
9921.77 -102.243 9998.19 -116.562
9937.23 -85.3197 10013.9 -111.355
9953.56 -91.8285 10030.6 -94.432
9971.06 -84.0179 10047.5 -91.8285
9987.98 -85.3197 10064.4 -97.0355
10004.6 -85.3197 10079.6 -98.3372
10019.5 -95.7337 10096.8 -107.45
10036.7 -94.432 10113.1 -132.183
10053.3 -115.26 10128.9 -173.839
10069.1 -48.8705 10146.9 -150.407
10086.3 -65.7934 10162.7 -168.632
10102.3 -82.7162 10178.7 -163.425
10118.6 -102.243 10195.3 -121.769
10135 -108.751 10212.3 -154.313
10151.3 -60.5863 10227.7 -193.365
10167.6 -56.6811 10244.3 -160.822
10183.7 -73.6039 10261.8 -141.295
10201.8 -77.5092 10277.3 -138.692
10216.9 -95.7337 10293.9 -102.243
10233 -134.786 10309.7 -125.674
10249.9 -103.544 10327.2 -99.639
10266.5 -71.0004 10343.5 -138.692
10283.1 -119.165 10359.5 -143.899
10298.9 -52.7758 10375.9 -151.709
10315.8 -55.3793 10392.2 -149.106
10332.1 -94.432 10409.4 -177.744
10347.9 -86.6215 10426 -129.579
10364.5 -72.3021 10442.1 -123.071
10382.6 -74.9056 10457.5 -169.934
10397.5 -59.2846 10475.6 -139.993
10413.8 -59.2846 10491.4 -173.839
10430.1 -94.432 10508.3 -146.502
10446.2 -81.4144 10524.9 -126.976
10463.1 -94.432 10540.4 -121.769
10478.8 -57.9828 10557 -113.958
10495.7 -71.0004 10573.9 -111.355
10512.4 -77.5092 10590.5 -132.183
10529 -43.6635 10605.7 -133.485
10545.3 -43.6635 10622.9 -106.148
10561.1 -50.1723 10638.9 -89.225
10578 -91.8285 10656.1 -129.579
10594.9 -74.9056 10672.2 -121.769
10610.6 -43.6635 10688.2 -89.225
10626.4 -77.5092 10705.1 -162.123
10643.6 -12.4214 10721.8 -132.183
10659.4 -54.0776 10739 -134.786
10675.7 13.6137 10755 -111.355
10692.6 0.596186 10770.8 -126.976
10710.1 4.50145 10787.7 -117.864
10725.3 -15.0249 10804.3 -119.165
10741.6 20.1225 10820.7 -107.45
10757.9 11.0102 10836.1 -137.39
10774.6 -20.2319 10853.9 -108.751
10791.2 5.80321 10869.6 -107.45
10808.4 25.3295 10886.3 -93.1302
10823.9 -4.61084 10903.2 -97.0355
10839.9 -24.1372 10919.2 -71.0004
10856.2 31.8383 10935.9 -108.751
10873.2 21.4243 10952.2 -78.8109
10889.2 64.3822 10968.5 -112.657
10906.1 74.7963 10984.9 -69.6986
10921.3 87.8138 11001.2 -141.295
10939.1 74.7963 11018.1 -121.769
10955.7 50.0629 11033.6 -138.692
10971.2 94.3226 11051.4 -69.6986
10987.8 115.151 11067.7 -80.1127
11004.7 126.866 11084.1 -111.355
11020.2 91.7191 11100.7 -94.432
11036.8 113.849 11116.4 -56.6811
11054.3 107.34 11132.8 -63.1898
11070 99.5296 11148.8 -13.7231
11086.7 107.34 11165.7 -15.0249
11103.6 103.435 11181.5 -24.1372
11119.1 128.168 11199.3 -22.8354
11136 152.902 11215 -8.5161
11151.7 185.445 11231.4 -28.0424
11168.7 158.109 11248 -16.3266
11184.7 176.333 11264.4 43.5541
11201.3 204.972 11282.1 61.7787
11217.7 224.498 11297.3 61.7787
11234.3 214.084 11313.4 50.0629
11250.9 220.593 11330.3 17.519
11267 257.042 11347.5 37.0453
11283.9 216.688 11363.8 63.0805
11299.7 262.249 11379.3 80.0033
11315.7 253.137 11395.9 124.263
11332.1 257.042 11412.6 117.754
11349.3 264.853 11428.9 95.6243
11365.3 301.302 11446.1 69.5892
11381.6 301.302 11461.9 103.435
11398 294.793 11478.8 145.091
11414 323.432 11495.2 184.144
11430.7 329.94 11512.1 199.765
11446.7 349.467 11528.4 175.031
11464 361.182 11544.5 164.617
11480 374.2 11560.5 122.961
11496.6 354.674 11577.2 141.186
11512.7 397.632 11592.7 186.747
11528.7 404.14 11610.5 244.025
11545.7 401.537 11626.8 273.965
11562.6 427.572 11644 232.309
11578.1 408.046 11660.1 225.8
11594.7 419.762 11676.1 217.989
11611.3 434.081 11692.2 233.61
11628 488.755 11709.7 297.397
11643.4 473.134 11726 340.354
11660.1 491.358 11742.1 344.26
11676.4 487.453 11757.9 336.449
11693.4 495.263 11774.5 335.147
11710 510.884 11791.1 323.432
11726 505.677 11807.8 354.674
11742.4 565.558 11824.1 368.993
11759 546.032 11841.1 422.365
11775.1 587.688 11857.7 396.33
11792.3 590.291 11873.8 466.625
11807.8 604.611 11890.1 436.684
11824.4 583.783 11906.5 409.347
11840.8 642.362 11922.5 435.383
11856.3 661.888 11938.9 439.288
11874.4 651.474 11955.8 492.66
11890.7 633.249 11972.8 517.393
11906.2 637.155 11989.1 512.186
11922.8 667.095 12006 470.53
11939.2 680.113 12021.8 523.902
11956.1 721.769 12039 559.049
11971.9 746.502 12054.8 566.86
11987.4 760.821 12070.9 651.474
12005.2 767.33 12089 657.983
12021.5 734.786 12104.8 693.13
12038.2 793.365 12121.4 681.414
12053.9 788.158 12138.3 687.923
12070.3 835.022 12154.4 684.018
12087.2 863.66 12172.5 680.113
12102.7 855.85 12189.5 758.218
12118.8 835.022 12201.1 779.046
12136.3 858.453 12184.5 829.815
12151.8 862.358 12169 831.116
