4016.22 -386.025 4031.19 -370.404
4002.72 -330.05 4047.34 -333.955
4000.37 -331.352 4063.78 -387.327
4013.58 -272.773 4079.63 -358.688
4030.02 -311.825 4096.95 -349.576
4046.46 -319.636 4113.39 -386.025
4063.78 -327.446 4129.25 -324.843
4079.34 -370.404 4145.98 -365.197
4096.36 -331.352 4163.31 -373.008
4112.51 -322.239 4178.88 -339.162
4128.66 -314.429 4195.32 -361.292
4145.1 -289.695 4212.06 -402.948
4162.72 -322.239 4228.21 -375.611
4177.7 -345.671 4244.66 -371.706
4195.03 -327.446 4260.82 -367.801
4211.77 -335.257 4277.85 -339.162
4227.63 -271.471 4294.01 -339.162
4244.96 -310.523 4309.58 -337.86
4259.94 -309.222 4326.62 -333.955
4276.97 -345.671 4343.07 -386.025
4293.72 -319.636 4359.53 -344.369
4309.58 -327.446 4375.1 -371.706
4326.91 -309.222 4392.43 -328.748
4343.07 -293.601 4408.01 -336.559
4359.53 -310.523 4425.64 -305.316
4375.1 -322.239 4441.8 -365.197
4393.02 -306.618 4457.67 -373.008
4408.89 -330.05 4474.13 -359.99
4425.34 -302.713 4491.46 -341.766
4441.8 -301.411 4508.22 -382.12
4456.79 -283.187 4523.5 -371.706
4473.54 -277.98 4541.13 -380.818
4491.46 -304.015 4556.42 -417.267
4507.33 -323.541 4573.46 -387.327
4524.09 -330.05 4589.63 -443.303
4539.66 -339.162 4606.38 -375.611
4557 -279.281 4621.96 -392.534
4572.29 -317.032 4639.31 -388.629
4589.04 -317.032 4655.77 -395.138
4606.68 -310.523 4671.35 -401.646
4621.67 -314.429 4688.4 -393.836
4639.31 -298.808 4705.15 -382.12
4654.89 -288.394 4720.44 -378.215
4671.64 -297.506 4737.78 -373.008
4687.52 -276.678 4753.95 -387.327
4704.57 -305.316 4769.83 -415.966
4720.73 -315.73 4787.76 -417.267
4737.49 -320.937 4803.05 -428.983
4753.07 -266.264 4819.81 -378.215
4770.71 -306.618 4836.57 -393.836
4785.7 -319.636 4853.03 -386.025
4801.88 -331.352 4868.91 -430.285
4819.81 -292.299 4885.67 -410.759
4835.1 -310.523 4902.43 -426.38
4852.45 -328.748 4919.48 -405.552
4868.03 -289.695 4934.77 -389.931
4884.49 -307.92 4952.41 -383.422
4900.96 -272.773 4967.7 -423.776
4918.6 -293.601 4984.76 -401.646
4935.06 -283.187 5000.93 -393.836
4950.65 -317.032 5017.39 -404.25
4967.7 -259.755 5033.27 -396.439
4983.58 -288.394 5048.27 -386.025
4999.46 -294.902 5066.2 -409.457
5016.51 -274.074 5082.96 -409.457
5033.57 -339.162 5098.84 -428.983
5049.15 -283.187 5115.9 -419.871
5066.5 -292.299 5132.07 -391.232
5081.79 -289.695 5147.95 -406.853
5097.66 -311.825 5165.29 -386.025
5115.01 -292.299 5181.17 -358.688
5130.89 -328.748 5197.64 -415.966
5147.65 -297.506 5214.4 -383.422
5164.41 -319.636 5230.57 -384.723
5180.88 -305.316 5247.62 -397.741
5197.34 -264.962 5263.8 -399.043
5213.52 -259.755 5279.08 -397.741
5229.39 -285.79 5296.43 -410.759
5244.98 -314.429 5313.48 -400.345
5262.03 -287.092 5329.95 -425.078
5278.5 -311.825 5344.65 -386.025
5295.26 -290.997 5361.7 -408.155
5312.01 -257.151 5379.05 -401.646
5328.19 -300.109 5395.22 -406.853
5344.36 -298.808 5411.1 -414.664
5361.41 -288.394 5428.15 -373.008
5377.58 -340.464 5443.73 -405.552
5394.34 -324.843 5460.49 -367.801
5410.51 -317.032 5476.95 -375.611
5426.97 -327.446 5493.71 -384.723
5441.97 -281.885 5509 -373.008
5458.43 -298.808 5526.93 -371.706
5475.19 -300.109 5542.81 -378.215
5492.83 -264.962 5559.56 -393.836
5509.88 -290.997 5575.73 -432.888
5525.17 -280.583 5591.9 -401.646
5541.34 -287.092 5610.12 -401.646
5557.5 -298.808 5624.82 -401.646
5573.67 -304.015 5641.28 -402.948
5590.72 -267.565 5658.04 -408.155
5608.36 -301.411 5673.91 -402.948
5623.35 -294.902 5690.96 -401.646
5639.52 -296.204 5707.71 -371.706
5656.57 -280.583 5723.58 -373.008
5671.85 -301.411 5740.34 -405.552
5689.19 -307.92 5756.21 -352.18
5705.65 -290.997 5773.25 -397.741
5721.52 -277.98 5790.59 -388.629
5737.98 -306.618 5806.17 -393.836
5755.03 -268.867 5822.33 -362.594
5771.78 -283.187 5838.5 -380.818
5788.54 -281.885 5854.95 -373.008
5804.11 -281.885 5871.7 -387.327
5820.86 -274.074 5889.33 -389.931
5836.44 -310.523 5904.02 -415.966
5853.19 -320.937 5919.89 -402.948
5869.35 -287.092 5937.52 -366.499
5885.81 -259.755 5953.68 -359.99
5902.26 -289.695 5970.43 -376.913
5919.01 -297.506 5987.47 -395.138
5936.05 -305.316 6003.34 -395.138
5952.21 -292.299 6018.91 -395.138
5967.79 -311.825 6035.65 -354.783
5985.41 -311.825 6052.99 -361.292
6001.57 -300.109 6069.44 -333.955
6018.03 -288.394 6085.89 -327.446
6034.18 -307.92 6101.46 -371.706
6050.64 -280.583 6118.2 -388.629
6066.21 -297.506 6134.94 -396.439
6082.95 -277.98 6150.8 -404.25
6099.4 -253.246 6167.84 -376.913
6114.97 -268.867 6183.7 -369.102
6132.59 -233.72 6200.44 -393.836
6149.34 -284.488 6217.18 -422.474
6165.49 -279.281 6233.33 -414.664
6181.06 -272.773 6249.78 -383.422
6197.8 -281.885 6266.52 -396.439
6213.95 -300.109 6283.26 -346.973
6230.4 -290.997 6298.53 -330.05
6247.72 -290.997 6314.97 -369.102
6263.88 -292.299 6332.29 -378.215
6280.03 -335.257 6348.44 -369.102
6296.76 -305.316 6364 -373.008
6312.33 -294.902 6381.03 -332.653
6329.06 -313.127 6397.18 -374.309
6345.21 -274.074 6414.5 -370.404
6362.24 -292.299 6430.65 -387.327
6378.39 -301.411 6446.79 -400.345
6394.83 -279.281 6463.23 -408.155
6411.57 -250.643 6479.96 -400.345
6427.42 -258.453 6496.11 -392.534
6443.56 -322.239 6512.25 -415.966
6460.3 -272.773 6529.27 -404.25
6477.03 -274.074 6546.3 -401.646
6493.46 -251.944 6562.44 -376.913
6510.19 -302.713 6579.16 -379.516
6526.04 -298.808 6595.01 -361.292
6543.07 -330.05 6612.03 -346.973
6558.91 -311.825 6627.29 -380.818
6575.64 -276.678 6643.72 -387.327
6591.78 -296.204 6660.15 -417.267
6608.51 -294.902 6676.29 -408.155
6624.06 -272.773 6693.6 -404.25
6640.79 -274.074 6710.03 -380.818
6657.81 -274.074 6726.75 -382.12
6674.53 -289.695 6743.18 -392.534
6690.08 -249.341 6759.61 -412.06
6707.1 -279.281 6776.04 -427.681
6722.94 -263.66 6791.88 -391.232
6739.96 -292.299 6808.6 -353.481
6756.68 -289.695 6825.02 -350.878
6772.52 -290.997 6841.15 -367.801
6788.65 -268.867 6858.46 -345.671
6805.37 -289.695 6874 -374.309
6821.8 -290.997 6890.13 -399.043
6837.93 -311.825 6907.73 -363.895
6854.35 -301.411 6922.98 -343.067
6870.19 -331.352 6939.69 -349.576
6886.91 -341.766 6956.7 -333.955
6903.33 -281.885 6972.24 -371.706
6919.46 -255.85 6989.53 -379.516
6936.76 -238.927 7005.95 -389.931
6953.18 -272.773 7022.96 -352.18
6969.01 -293.601 7038.79 -389.931
6985.43 -280.583 7055.2 -371.706
7002.73 -285.79 7070.74 -382.12
7017.97 -255.85 7088.04 -393.836
7034.98 -285.79 7104.45 -404.25
7051.1 -264.962 7120.57 -370.404
7067.22 -301.411 7137.28 -328.748
7083.34 -271.471 7154.28 -332.653
7099.76 -288.394 7170.1 -327.446
7115.88 -285.79 7187.39 -387.327
7133.17 -275.376 7202.92 -341.766
7150.17 -288.394 7218.75 -341.766
7166 -289.695 7235.45 -370.404
7182.41 -326.144 7252.15 -371.706
7198.24 -328.748 7268.85 -337.86
7216.11 -307.92 7284.67 -339.162
7231.05 -274.074 7301.08 -359.99
7247.76 -266.264 7318.37 -380.818
7264.46 -259.755 7334.48 -402.948
7281.16 -267.565 7350.88 -371.706
7297.56 -296.204 7367.29 -345.671
7313.39 -290.997 7383.4 -346.973
7329.79 -288.394 7400.68 -353.481
7347.07 -257.151 7416.2 -357.387
7362.31 -289.695 7433.19 -352.18
7379.59 -290.997 7449.88 -348.274
7395.7 -310.523 7465.7 -319.636
7412.4 -310.523 7481.8 -346.973
7427.92 -326.144 7498.5 -319.636
7445.2 -323.541 7516.07 -315.73
7461.6 -287.092 7531.88 -331.352
7478 -268.867 7548.57 -371.706
7494.98 -279.281 7564.97 -349.576
7509.92 -293.601 7581.36 -343.067
7527.49 -297.506 7598.05 -324.843
7544.47 -258.453 7613.27 -358.688
7559.69 -210.288 7630.25 -353.481
7576.38 -305.316 7647.81 -332.653
7592.19 -280.583 7663.04 -349.576
7609.76 -301.411 7679.72 -318.334
7624.98 -304.015 7695.82 -310.523
7641.67 -297.506 7712.21 -327.446
7657.77 -272.773 7729.77 -284.488
7675.04 -311.825 7745.87 -315.73
7691.14 -327.446 7762.55 -306.618
7707.53 -301.411 7778.35 -323.541
7723.63 -314.429 7794.74 -311.825
7739.72 -301.411 7811.13 -307.92
7756.4 -322.239 7828.1 -292.299
7772.79 -263.66 7844.48 -320.937
7789.47 -264.962 7860.87 -320.937
7806.15 -244.134 7876.38 -383.422
7822.54 -292.299 7893.05 -359.99
7838.63 -301.411 7909.44 -349.576
7855.02 -294.902 7926.7 -359.99
7871.4 -235.022 7942.78 -317.032
7887.2 -229.815 7958.58 -373.008
7904.17 -296.204 7975.55 -343.067
7920.85 -275.376 7991.05 -310.523
7936.94 -319.636 8009.18 -310.523
7953.61 -328.748 8024.68 -294.902
7969.7 -323.541 8041.65 -296.204
7985.78 -322.239 8058.32 -323.541
8003.04 -320.937 8073.82 -333.955
8018.54 -268.867 8089.61 -313.127
8035.8 -245.436 8106.86 -346.973
8051.89 -275.376 8123.82 -354.783
8067.68 -288.394 8140.49 -326.144
8084.93 -266.264 8156.87 -328.748
8101.31 -263.66 8172.36 -333.955
8117.98 -258.453 8189.32 -349.576
8133.77 -231.116 8205.69 -361.292
8150.14 -283.187 8222.94 -359.99
8166.52 -310.523 8239.31 -346.973
8182.89 -294.902 8255.1 -327.446
8199.84 -294.902 8271.18 -337.86
8215.34 -248.039 8287.25 -322.239
8232.3 -246.737 8304.21 -324.843
8247.2 -276.678 8321.45 -307.92
8264.75 -294.902 8338.11 -330.05
8281.41 -330.05 8354.48 -279.281
8297.49 -314.429 8369.97 -330.05
8314.73 -307.92 8386.05 -326.144
8330.51 -310.523 8403.29 -350.878
8346.59 -296.204 8419.65 -317.032
8363.25 -275.376 8434.85 -345.671
8379.62 -271.471 8453.26 -333.955
8395.98 -242.832 8468.45 -344.369
8412.35 -290.997 8485.69 -341.766
8428.42 -246.737 8501.77 -359.99
8445.08 -261.057 8518.13 -359.99
8462.03 -262.358 8534.49 -366.499
8478.97 -280.583 8551.73 -330.05
8494.75 -287.092 8567.21 -357.387
8511.99 -323.541 8582.99 -322.239
8527.77 -280.583 8599.64 -320.937
8543.84 -304.015 8617.75 -337.86
8560.2 -284.488 8633.53 -314.429
8576.85 -297.506 8649.88 -301.411
8593.5 -274.074 8665.95 -294.902
8609.57 -306.618 8682.31 -318.334
8625.93 -290.997 8698.08 -340.464
8642 -284.488 8715.31 -337.86
8658.65 -235.022 8731.08 -340.464
8675.3 -268.867 8747.73 -314.429
8691.95 -285.79 8764.67 -331.352
8707.72 -289.695 8781.03 -327.446
8724.07 -281.885 8797.67 -315.73
8740.43 -259.755 8813.73 -327.446
8757.95 -242.832 8830.96 -391.232
8774.02 -258.453 8847.32 -367.801
8790.08 -298.808 8863.08 -296.204
8806.14 -298.808 8880.02 -314.429
8822.79 -333.955 8895.5 -346.973
8838.85 -277.98 8913.31 -350.878
8855.2 -311.825 8929.37 -320.937
8872.72 -288.394 8946.3 -348.274
8889.07 -267.565 8961.77 -330.05
8904.84 -294.902 8977.83 -358.688
8921.19 -294.902 8994.47 -353.481
8937.25 -318.334 9011.69 -327.446
8954.18 -341.766 9027.75 -343.067
8970.53 -242.832 9044.39 -341.766
8987.17 -244.134 9061.03 -330.05
9003.52 -267.565 9076.79 -327.446
9019.58 -279.281 9093.43 -337.86
9036.22 -309.222 9110.07 -304.015
9053.15 -293.601 9127 -348.274
9068.04 -258.453 9142.47 -332.653
9084.97 -271.471 9159.69 -328.748
9101.61 -270.169 9176.62 -292.299
9118.25 -275.376 9191.51 -290.997
9134.59 -314.429 9209.02 -327.446
9150.06 -307.92 9225.36 -304.015
9166.99 -323.541 9241.41 -305.316
9183.63 -270.169 9258.63 -326.144
9199.68 -284.488 9274.68 -292.299
9216.31 -254.548 9291.03 -317.032
9232.66 -264.962 9307.37 -313.127
9249 -275.376 9324.29 -324.843
9265.34 -275.376 9340.05 -318.334
9281.98 -272.773 9355.81 -318.334
9298.32 -277.98 9373.03 -344.369
9314.95 -296.204 9389.37 -284.488
9331.3 -315.73 9406.29 -307.92
9347.64 -276.678 9422.05 -285.79
9364.56 -305.316 9439.26 -267.565
9380.61 -293.601 9455.89 -258.453
9396.37 -270.169 9471.07 -223.306
9413.59 -258.453 9488.57 -255.85
9429.64 -292.299 9505.2 -241.53
9446.56 -301.411 9520.96 -268.867
9462.31 -326.144 9537.59 -332.653
9479.24 -292.299 9553.34 -409.457
9495.87 -233.72 9570.27 -393.836
9512.21 -227.211 9588.06 -384.723
9528.25 -235.022 9603.23 -382.12
9544.3 -241.53 9619.28 -428.983
9562.1 -271.471 9636.49 -408.155
9577.27 -248.039 9652.53 -417.267
9593.6 -199.874 9668.87 -399.043
9609.94 -238.927 9685.5 -393.836
9627.15 -212.892 9702.13 -358.688
9642.03 -220.702 9718.17 -352.18
9659.24 -261.057 9734.8 -333.955
9676.16 -288.394 9752.01 -354.783
9692.5 -276.678 9767.47 -346.973
9708.84 -259.755 9784.39 -337.86
9724.59 -203.779 9800.72 -314.429
9741.8 -155.615 9817.06 -341.766
9758.43 -189.46 9833.98 -344.369
9773.89 -206.383 9850.31 -341.766
9790.22 -253.246 9866.06 -331.352
9806.85 -241.53 9882.1 -337.86
9823.48 -185.555 9899.6 -332.653
9839.52 -159.52 9916.52 -343.067
9857.02 -123.071 9931.69 -296.204
9872.19 -134.786 9949.19 -327.446
9889.4 -147.804 9965.23 -366.499
9904.85 -188.158 9982.15 -345.671
9922.35 -164.727 9998.19 -320.937
9938.4 -103.544 10014.5 -292.299
9955.02 -120.467 10030.6 -300.109
9970.77 -103.544 10048.1 -296.204
9987.4 -111.355 10064.1 -322.239
10005.2 -159.52 10079.9 -297.506
10020.4 -186.857 10095.9 -274.074
10036.4 -166.029 10113.4 -248.039
10052.4 -93.1302 10130.3 -249.341
10069.4 -42.3617 10146.6 -251.944
10085.4 -9.81786 10163.3 -233.72
10101.4 -44.9653 10179.3 -289.695
10118.9 -61.8881 10195.3 -301.411
10135 -44.9653 10211.4 -294.902
10151.6 -39.7582 10228 -238.927
10167.6 -33.2495 10244.6 -219.401
10184.5 -18.9302 10260.7 -241.53
10200.9 -29.3442 10277 -254.548
10217.2 -65.7934 10294.5 -219.401
10233 5.80321 10310.8 -206.383
10249.9 -13.7231 10327.5 -182.951
10266.8 29.2348 10342.6 -168.632
10282.6 13.6137 10359.8 -141.295
10299.2 27.9331 10376.5 -136.088
10315.5 -11.1196 10392.8 -117.864
10332.1 -9.81786 10408.5 -149.106
10348.8 61.7787 10425.8 -151.709
10364.5 121.659 10441.8 -164.727
10380.8 141.186 10459 -130.881
10397.2 155.505 10474.7 -149.106
10414.4 99.5296 10491.1 -168.632
10429.8 102.133 10507.7 -145.2
10446.5 108.642 10524.3 -134.786
10463.1 204.972 10540.4 -141.295
10480 214.084 10557.3 -125.674
10496.3 232.309 10573 -73.6039
10513 164.617 10590.2 -61.8881
10527.5 130.772 10606.3 -65.7934
10545.3 128.168 10622.6 -47.5688
10561.6 176.333 10639.2 -29.3442
10577.1 237.516 10656.1 -9.81786
10593.4 350.768 10672.5 -16.3266
10610.6 292.189 10688.8 -28.0424
10627.3 234.912 10704.9 -16.3266
10643.9 169.824 10721.8 -20.2319
10659.4 182.842 10738.7 29.2348
10675.7 263.551 10755 1.89794
10692.9 354.674 10770.8 70.891
10709.2 383.312 10788 13.6137
10726.1 415.856 10803.7 20.1225
10741.6 305.207 10820.4 -46.267
10757.9 315.621 10836.7 16.2173
10774.6 331.242 10852.4 61.7787
10790.9 380.709 10869.6 133.375
10807.2 441.891 10886.6 139.884
10823.9 488.755 10902 128.168
10840.2 428.874 10917.8 51.3647
10856.5 357.277 10936.2 52.6664
10873.7 371.597 10951.9 86.5121
10890.1 400.235 10968.3 134.677
10906.4 539.523 10985.8 147.695
10921.6 605.913 11000.6 171.126
10938.8 561.653 11018.4 141.186
10955.4 497.867 11033.6 171.126
10972 491.358 11050.8 146.393
10988.4 479.642 11066.3 160.712
11004.7 560.351 11083.5 199.765
11020.2 604.611 11099.8 231.007
11037.1 660.586 11116.7 232.309
11053.4 633.249 11132.8 206.274
11070 570.765 11148.8 237.516
11085.2 569.463 11166 185.445
11102.4 574.67 11182.4 279.172
11119.4 609.818 11199.6 354.674
11135.7 654.078 11215.3 379.407
11151.7 667.095 11231.7 342.958
11169 659.285 11248 300
11185 596.8 11264.9 302.604
11201 639.758 11280.7 307.811
11218.3 690.527 11296.7 366.39
11233.7 785.555 11313.1 408.046
11249.8 741.295 11330.6 431.477
11266.4 737.39 11347.8 395.028
11283.3 678.811 11363.3 389.821
11301.1 743.899 11380.2 367.691
11315.4 771.236 11396.2 406.744
11331.8 854.548 11413.2 453.607
11348.7 831.116 11428.6 462.719
11365 846.737 11445.6 465.323
11381.9 812.892 11461.9 479.642
11397.4 815.495 11478.5 432.779
11414.3 805.081 11495.5 458.814
11430.1 846.737 11510.4 483.548
11447.3 851.944 11527.6 551.239
11463.1 936.559 11543.6 599.404
11479.4 888.394 11560.8 577.274
11496.3 914.429 11578.1 588.99
11512.4 894.902 11593.8 620.232
11528.7 936.559 11609 613.723
11545.1 975.611 11627.1 615.025
11562.3 1040.7 11642.8 643.664
11578.4 992.534 11660.4 711.355
11595.3 979.517 11675.8 725.674
11611.3 954.783 11692.5 716.562
11627.4 992.534 11709.1 742.597
11643.1 1028.98 11725.5 715.26
11660.1 1090.17 11741.8 789.46
11676.4 1121.41 11758.2 762.123
11693.1 1104.49 11774.8 801.176
11709.1 1069.34 11792 801.176
11725.8 1100.58 11807.8 798.572
11742.4 1152.65 11824.4 820.702
11758.5 1190.4 11840.8 848.039
11774.8 1215.13 11857.1 876.678
11791.7 1255.49 11874.4 949.576
11808.4 1221.64 11890.7 928.748
11823.5 1177.38 11906.8 959.99
11839.9 1200.82 11923.1 958.688
11857.4 1260.7 11939.8 966.499
11873.5 1350.52 11955.5 1008.16
11890.7 1383.06 11972.8 1055.02
11906.2 1338.8 11988.8 1053.72
11922.8 1243.77 12006.6 1079.75
11939.8 1282.83 12022.4 1038.1
11955.8 1301.05 12039.3 1088.86
11971.9 1380.46 12054.8 1161.76
11989.4 1452.05 12071.8 1239.87
12004.9 1415.6 12088.4 1264.6
12020.4 1415.6 12104.8 1262
12038.2 1410.4 12122.3 1241.17
12054.2 1418.21 12138.3 1255.49
12069.7 1488.5 12154.7 1342.71
12087.2 1534.06 12171.9 1402.59
12103.3 1550.99 12188.9 1481.99
12119.1 1554.89 12202 1496.31
12135.7 1508.03 12184.8 1523.65
12152.1 1521.05 12169.3 1535.37
