8011.82 -1237.62 8025.85 -1168.73
8005.97 -533.963 8037.85 -1227.78
8001.58 -520.841 8049.55 -1221.22
8006.84 -455.232 8060.37 -1152.33
8017.08 -409.306 8072.94 -1158.89
8029.37 -450.312 8084.93 -1142.49
8041.06 -445.391 8098.09 -1153.97
8053.93 -456.873 8110.37 -1129.37
8065.63 -417.507 8121.78 -1144.13
8077.33 -438.83 8134.06 -1226.14
8090.78 -476.555 8146.92 -1226.14
8102.48 -447.031 8157.74 -1286.83
8114.17 -397.824 8170.61 -1262.22
8124.99 -386.343 8182.01 -1234.34
8138.15 -340.416 8193.41 -1176.93
8150.14 -358.459 8206.57 -1147.41
8161.84 -325.654 8217.68 -1112.96
8173.53 -383.062 8230.54 -1116.24
8185.81 -378.142 8242.24 -1126.09
8198.09 -407.666 8254.22 -1185.13
8210.37 -410.946 8265.91 -1222.86
8221.19 -438.83 8278.49 -1213.02
8234.64 -387.983 8290.18 -1272.07
8246.04 -376.501 8302.75 -1303.23
8258.02 -335.496 8314.15 -1265.51
8270.3 -312.532 8325.55 -1216.3
8282.58 -248.564 8337.82 -1145.77
8294.56 -268.246 8349.8 -1071.96
8306.26 -346.977 8361.5 -1040.79
8318.24 -320.734 8373.77 -1083.44
8330.81 -304.331 8386.34 -1086.72
8343.08 -351.898 8398.32 -1101.48
8354.48 -392.904 8410.89 -1203.18
8367.05 -368.3 8422.58 -1281.91
8379.32 -319.093 8434.26 -1280.27
8391.01 -305.972 8446.54 -1239.26
8401.83 -279.728 8457.94 -1203.18
8413.81 -263.326 8470.5 -1114.6
8427.25 -251.844 8482.48 -1068.68
8439.23 -294.49 8493.88 -1012.91
8450.63 -268.246 8507.32 -1019.47
8463.78 -315.813 8518.42 -1040.79
8474.01 -328.935 8530.4 -1063.76
8488.03 -338.776 8543.25 -1172.01
8499.43 -368.3 8555.52 -1194.98
8510.82 -296.13 8566.34 -1203.18
8522.51 -332.215 8578.02 -1235.98
8534.2 -225.6 8590.29 -1198.26
8547.34 -248.564 8603.44 -1144.13
8559.62 -182.954 8614.25 -1060.48
8571.59 -209.198 8627.39 -1060.48
8583.86 -223.96 8639.08 -1007.99
8594.67 -325.654 8651.05 -1040.79
8606.36 -279.728 8662.44 -1042.43
8619.21 -345.337 8675.3 -1165.45
8630.9 -343.697 8687.27 -1175.29
8644.04 -342.057 8698.96 -1198.26
8655.14 -284.649 8711.52 -1311.43
8667.7 -227.241 8723.2 -1222.86
8680.26 -235.442 8734.59 -1186.77
8691.07 -215.759 8747.15 -1101.48
8703.63 -189.515 8759.12 -1093.28
8714.44 -227.241 8770.8 -1058.84
8727 -269.886 8782.78 -1035.87
8739.26 -278.088 8795.63 -1098.2
8751.24 -317.453 8807.31 -1135.93
8763.5 -360.099 8819.57 -1165.45
8775.48 -324.014 8831.26 -1216.3
8787.45 -232.161 8842.64 -1257.3
8799.42 -238.722 8855.49 -1208.1
8811.69 -237.082 8867.76 -1196.62
8823.95 -187.875 8880.31 -1135.93
8835.64 -187.875 8890.82 -1057.2
8847.32 -178.034 8904.55 -1026.03
8860.16 -264.966 8916.23 -1030.95
8872.14 -253.484 8926.45 -1017.83
8883.23 -291.209 8939.29 -1091.64
8896.08 -248.564 8952.14 -1155.61
8906.59 -255.124 8963.23 -1178.57
8919.15 -284.649 8975.79 -1162.17
8931.41 -240.362 8988.05 -1183.49
8943.09 -181.314 8999.43 -1109.68
8955.93 -181.314 9012.28 -1083.44
8967.91 -189.515 9024.54 -1021.11
8980.75 -169.833 9035.63 -981.746
8991.55 -192.796 9047.31 -1017.83
9003.81 -269.886 9060.74 -1055.56
9016.07 -307.612 9071.83 -1068.68
9028.04 -276.447 9084.09 -1116.24
9039.14 -212.478 9096.06 -1199.9
9052.86 -251.844 9108.03 -1175.29
9063.95 -156.711 9120 -1211.38
9075.92 -202.637 9132.26 -1139.21
9087.89 -140.308 9143.05 -1109.68
9100.15 -209.198 9156.77 -1024.39
9111.82 -173.113 9167.87 -965.343
9123.5 -202.637 9180.42 -994.867
9136.63 -256.765 9192.38 -1011.27
9148.31 -242.003 9204.93 -1017.83
9159.98 -278.088 9216.31 -1126.09
9172.53 -209.198 9228.28 -1193.34
9184.21 -187.875 9240.25 -1114.6
9196.47 -214.119 9252.21 -1172.01
9207.56 -191.156 9263.89 -1119.52
9219.82 -166.552 9276.43 -1011.27
9232.66 -163.272 9287.82 -1022.75
9243.75 -145.229 9300.66 -973.544
9256.3 -192.796 9312.04 -924.338
9267.97 -219.039 9324.59 -925.978
9280.81 -297.77 9335.38 -996.508
9292.19 -269.886 9348.22 -1091.64
9303.87 -256.765 9360.77 -1091.64
9316.12 -264.966 9372.74 -1085.08
9328.38 -235.442 9384.99 -1135.93
9341.51 -182.954 9396.66 -1080.16
9352.01 -150.15 9408.33 -1017.83
9365.15 -96.0223 9420.88 -945.661
9375.65 -79.62 9432.55 -871.85
9387.91 -204.277 9445.1 -866.93
9399.58 -264.966 9456.48 -896.454
9412.13 -225.6 9469.32 -953.862
9424.38 -276.447 9480.4 -1004.71
9436.35 -291.209 9492.66 -1052.28
9448.02 -210.838 9505.2 -1088.36
9460.27 -196.076 9516.87 -1124.45
9472.53 -166.552 9529.42 -1101.48
9484.78 -140.308 9540.8 -1009.63
9496.16 -53.3763 9553.05 -973.544
9508.71 -105.864 9564.72 -862.009
9521.25 -137.028 9576.97 -850.527
9532.05 -174.753 9589.23 -907.935
9544.3 -256.765 9601.19 -958.782
9556.84 -237.082 9613.73 -983.386
9568.22 -332.215 9625.99 -1057.2
9580.77 -274.807 9636.78 -1106.4
9592.15 -174.753 9649.62 -1160.53
9604.69 -182.954 9661.87 -1106.4
9615.78 -110.784 9672.95 -1088.36
9628.61 -81.2602 9685.79 -1017.83
9640.57 -155.07 9698.33 -925.978
9651.95 -96.0223 9708.84 -862.009
9664.79 -132.107 9722.25 -860.369
9676.16 -263.326 9733.05 -857.088
9689 -274.807 9745.3 -927.618
9700.96 -261.685 9758.43 -985.026
9711.75 -294.49 9768.93 -1085.08
9725.17 -242.003 9781.47 -1091.64
9736.55 -158.351 9793.43 -1111.32
9748.22 -110.784 9805.97 -1039.15
9760.47 -151.79 9817.93 -950.581
9772.72 -92.7418 9829.02 -827.564
9784.97 -76.3395 9841.56 -840.686
9796.06 -207.558 9853.52 -839.046
9808.02 -186.235 9866.35 -773.437
9821.14 -256.765 9877.73 -886.612
9832.22 -294.49 9890.56 -983.386
9845.06 -246.923 9902.52 -1009.63
9857.02 -258.405 9913.6 -1034.23
9868.98 -174.753 9925.56 -1085.08
9881.81 -159.991 9938.1 -1048.99
9892.31 -63.2177 9950.36 -906.295
9904.56 -86.1809 9962.02 -891.533
9917.4 -91.1016 9974.27 -801.32
9929.65 -132.107 9985.65 -786.558
9940.44 -130.467 9998.77 -784.918
9953.27 -253.484 10009.9 -873.491
9964.94 -243.643 10022.7 -907.935
9976.31 -220.68 10034.6 -940.74
9988.56 -283.008 10046.6 -1047.35
10001.4 -178.034 10058.3 -1075.24
10012.8 -100.943 10070.2 -1003.07
10024.4 17.1535 10082.5 -996.508
10037.3 -59.9372 10095 -935.819
10048.3 -48.4557 10106.7 -837.406
10061.5 -55.0166 10118.9 -747.193
10073.4 -153.43 10130.9 -806.241
10083.9 -242.003 10142.6 -835.765
10097.4 -250.204 10154.5 -891.533
10107.6 -312.532 10165.9 -968.624
10120.7 -297.77 10179 -1073.6
10132.4 -145.229 10190.4 -1175.29
10144.9 -76.3395 10202.6 -1204.82
10157.7 -18.9315 10214.9 -1147.41
10169.1 -7.44994 10226.3 -1057.2
10181.1 74.5615 10238.8 -971.904
10192.4 -61.5775 10250.8 -930.899
10205 -114.065 10263 -903.015
10217.2 -217.399 10275 -922.697
10229.5 -333.855 10287.2 -986.666
10240.3 -338.776 10298.3 -1104.76
10253.7 -291.209 10311.1 -1117.88
10263.9 -191.156 10323.4 -1183.49
10276.4 -145.229 10335.3 -1245.82
10289.6 -4.16948 10347.3 -1201.54
10301.5 -14.0109 10359.5 -1080.16
10313.8 46.6776 10371.5 -996.508
10324.5 20.4339 10382.6 -911.216
10337.1 -55.0166 10395.7 -875.131
10349.3 -178.034 10407.7 -853.808
10361 -233.801 10419.3 -996.508
10372.7 -273.167 10431 -1047.35
10385.2 -240.362 10444.1 -1157.25
10397.2 -268.246 10454.6 -1250.74
10408.5 -123.906 10467.7 -1263.86
10420.8 0.751201 10479.4 -1194.98
10433 41.7569 10491.4 -1068.68
10445.3 79.4822 10503.3 -1004.71
10457 104.086 10515 -912.856
10469.2 -2.52926 10528.1 -863.649
10481.7 -109.144 10540.1 -875.131
10492.5 -181.314 10552 -1019.47
10505.1 -245.283 10563.4 -1027.67
10517 -310.892 10575.9 -1188.41
10529 -255.124 10587.9 -1263.86
10541.5 -125.546 10599.3 -1283.55
10552.9 -18.9315 10611.5 -1245.82
10565.5 90.9638 10624.1 -1131.01
10576.5 171.335 10635.4 -1037.51
10590.2 164.774 10647.4 -981.746
10601.9 110.647 10659.9 -881.692
10612.1 89.3235 10671.9 -945.661
10624.9 -73.0591 10683.3 -1024.39
10637.5 -264.966 10695.5 -1116.24
10649.7 -302.691 10708.1 -1254.02
10661.7 -271.527 10720.3 -1396.72
10674.2 -182.954 10732 -1408.21
10685.9 -64.8579 10744.5 -1380.32
10697.3 112.287 10755.3 -1288.47
10709.2 273.029 10768.4 -1209.74
10721.2 268.108 10780.4 -1047.35
10733.1 261.548 10792.6 -1071.96
10745.4 195.938 10804.3 -1063.76
10757.1 49.9581 10816 -1157.25
10769.6 -92.7418 10827.6 -1232.7
10781.6 -171.473 10840.8 -1437.73
10793.5 -173.113 10852.1 -1486.94
10806.1 -173.113 10864.7 -1473.81
10816.9 -12.3706 10876.4 -1482.02
10829.4 230.383 10888.3 -1416.41
10841.1 351.76 10900.9 -1258.94
10852.4 373.083 10912.8 -1068.68
10865.3 496.1 10924.2 -1073.6
10876.4 382.924 10937.3 -1048.99
10889.8 222.182 10947.8 -1094.92
10901.2 69.6408 10961.2 -1211.38
10913.1 13.873 10972.9 -1373.76
10924.8 -59.9372 10984.3 -1509.9
10937.9 -69.7786 10996.8 -1509.9
10948.1 45.0374 11008.8 -1560.75
10961.8 273.029 11020.8 -1444.29
10973.2 394.406 11033.3 -1227.78
10985.8 530.545 11045.8 -1109.68
10997.7 620.758 11056.6 -1080.16
11009.4 564.99 11069.2 -1004.71
11021.3 445.253 11080.9 -1014.55
11032.7 351.76 11093.4 -1239.26
11045.6 205.78 11105.1 -1347.52
11057.5 97.5247 11117 -1477.09
11069.8 79.4822 11129 -1555.83
11081.4 202.499 11140.9 -1580.43
11094 353.4 11153.5 -1408.21
11105.4 482.978 11164.9 -1275.35
11117.9 679.806 11176.2 -1117.88
11130.1 789.701 11190.3 -1022.75
11141.2 770.018 11200.5 -891.533
11153.5 666.684 11212.4 -1019.47
11164.9 597.794 11225.5 -1152.33
11177.4 471.497 11236.9 -1327.83
11190.3 340.278 11249.5 -1501.7
11201.9 315.675 11261.4 -1647.68
11212.4 402.607 11274.3 -1608.31
11225 558.429 11285.1 -1504.98
11237.2 786.421 11297.3 -1344.24
11250.1 989.809 11309.3 -1213.02
11260.9 1102.98 11321.5 -1009.63
11273.7 1084.94 11333.2 -958.782
11285.6 1047.22 11346 -1055.56
11297 901.237 11356.9 -1198.26
11309.9 729.013 11369.7 -1360.64
11321.3 612.556 11381.4 -1641.12
11334.7 609.276 11394.2 -1810.06
11345.2 719.171 11406.2 -1811.7
11358 835.627 11417.8 -1759.21
11369.1 1107.91 11429.5 -1628
11381.4 1358.86 11441.8 -1416.41
11394.5 1521.24 11454 -1181.85
11405.6 1591.77 11466 -1140.85
11417.6 1573.73 11477.7 -1167.09
11430.1 1463.83 11489.6 -1249.1
11441.8 1207.96 11502.5 -1427.89
11452.9 1057.06 11513.6 -1716.57
11466.3 1006.21 11526.7 -1941.28
11477.4 1001.29 11539 -2008.53
11489.6 1155.47 11550.9 -2034.77
11501.9 1447.43 11562.3 -1911.76
11513.9 1675.42 11574.3 -1595.19
11525.8 1834.53 11586.8 -1441.01
11537.5 2008.39 11597.3 -1372.12
11549.8 2049.4 11611 -1296.67
11560.5 1893.57 11622.1 -1370.48
11573.4 1654.1 11634.1 -1621.43
11585.4 1470.4 11647.2 -1803.5
11596.7 1380.18 11658.3 -1944.56
11609.9 1276.85 11670.6 -2064.3
11621.8 1434.31 11682 -2113.5
11632.9 1688.55 11694.5 -2005.25
11645.8 1960.82 11707.4 -1770.7
11657.2 2262.63 11719 -1600.11
11669.4 2466.01 11730.4 -1421.33
11682.8 2482.42 11742.1 -1296.67
11693.4 2428.29 11754.4 -1388.52
11705 2229.82 11767.2 -1593.55
11718.2 2057.6 11779.5 -1775.62
11730.4 1865.69 11790.9 -1916.68
11741.5 1777.12 11802.5 -2083.98
11753.5 1905.06 11814.5 -2105.3
11764.9 2113.37 11827.1 -1947.84
11777.4 2380.72 11839.9 -1732.97
11789.1 2764.54 11851 -1600.11
11801.9 2936.76 11863.3 -1354.08
11814.2 3127.03 11875.8 -1380.32
11825.6 3118.83 11886.9 -1455.77
11837.6 2963 11898.9 -1646.04
11849.8 2694.01 11910.3 -1913.4
11862.7 2520.14 11922.5 -2093.82
11873.2 2341.36 11935.4 -2198.8
11885.7 2385.64 11947.4 -2243.08
11897.7 2521.78 11959.6 -2049.53
11909.4 2885.91 11971.3 -1855.99
11922.8 3292.69 11983.3 -1734.61
11933 3564.97 11994.9 -1550.9
11945.9 3802.8 12008.1 -1529.58
11957.3 3891.37 12019.2 -1680.48
11969.3 3738.83 12031.7 -1851.07
11981.5 3520.68 12044 -2134.83
11992.9 3302.53 12055.4 -2328.37
12005.5 3130.31 12067.4 -2479.27
12018.3 3048.3 12078.2 -2457.95
12029.4 3222.16 12092.2 -2248
12041.4 3466.55 12103.6 -2131.55
12053.4 3773.28 12115.9 -1785.46
12066.2 4183.33 12128.1 -1670.64
12078.2 4455.61 12139.8 -1644.4
12091 4570.43 12151.5 -1742.81
12102.1 4491.7 12164 -1949.48
12113.8 4314.55 12176.6 -2164.35
12125.2 4089.84 12188 -2462.87
12137.8 3929.1 12200.3 -2525.2
12149.7 3812.64 12212.8 -2430.07
12162 3874.97 12224.8 -2305.41
12174.3 4157.09 12236.8 -2023.29
12186 4511.38 12247.9 -1655.88
12198.2 4865.67 12261.3 -1519.74
12209.9 5277.37 12272.1 -1411.49
12222.2 5451.23 12284.4 -1444.29
12234.5 5436.47 12296.7 -1701.81
12245.8 5328.21 12308.4 -1906.83
12258.1 5118.26 12320 -2036.41
12269.5 4819.74 12332 -2216.84
12282.1 4722.97 12344.6 -2165.99
12293.8 4823.02 12356.6 -1860.91
12305.1 4942.76 12367.7 -1513.18
12318.6 5344.62 12380.8 -1140.85
12329.4 5798.96 12393.1 -812.802
12341.4 6151.61 12404.8 -666.822
12353.9 6353.36 12417.3 -738.992
12365.9 6443.57 12428.7 -970.264
12377.9 6361.56 12440.1 -1249.1
12389.9 6130.28 12453.3 -1559.11
12401.9 5884.25 12465.3 -1673.92
12414.1 5805.52 12477.5 -1637.84
12425.5 5830.12 12489.2 -1385.24
12438.4 5938.38 12501.8 -978.465
12449.5 6263.14 12513.8 -573.329
12461.8 6717.49 12525.2 -237.082
12473.4 7130.82 12536.9 -45.1752
12485.7 7375.22 12549.7 -200.997
12498 7611.41 12560.8 -369.94
12510 7524.48 12572.2 -725.87
12521.4 7298.13 12585.4 -1063.76
12533.9 7084.9 12597.7 -1316.35
12545.9 6870.03 12609.9 -1324.55
12558.2 6702.72 12621.3 -1157.25
12570.2 6819.18 12633.6 -796.4
12582.2 7212.84 12645.9 -340.416
12593.9 7583.53 12656.7 28.6351
12605.5 7929.61 12669.6 243.505
12617.2 8362.64 12681.5 218.902
12630.1 8634.91 12693.5 158.213
12640.9 8633.27 12706.4 -141.949
12653.8 8457.77 12717.5 -588.091
12666.4 8351.15 12729.5 -784.918
12677.2 8060.83 12742.4 -722.59
12691.2 7877.13 12754.1 -596.292
12701.7 7929.61 12766 -235.442
12714.3 8224.86 12777.4 343.559
12726 8610.31 12790.6 894.676
12737.7 9059.73 12802.3 1232.56
12750.8 9596.09 12813.7 1383.46
12762.5 9965.14 12825.4 1472.04
12774.5 10071.8 12838.5 1206.32
12787.1 10076.7 12849.7 979.968
12797.3 9947.1 12862.5 768.378
12809.6 9709.26 12873.9 747.055
12822.5 9423.86 12886.5 871.712
12834.2 9468.15 12898.2 1232.56
12846.2 9686.3 12910.5 1898.5
12857.8 9948.74 12923.4 2367.6
12870.4 10513 12934.8 2713.69
12881.8 11113.3 12946.5 3031.89
12894.4 11469.2 12957.9 2992.53
12906.1 11777.6 12970.1 2774.38
12917.8 11858 12983.3 2433.21
12930.1 11616.8 12994.7 2280.67
12942.1 11306.8 13006.7 2169.13
12953.5 11105.1 13018.4 2208.5
12965.5 11006.7 13030.1 2646.44
12978.6 11024.7 13043.6 3094.22
12989.7 11283.9 13054.4 3489.52
13002 11882.6 13066.7 3930.74
13013.7 12309 13079.5 4188.25
13026 12648.6 13090.9 4057.04
13037.4 13020.9 13103.5 3799.52
13049.7 13038.9 13115.5 3564.97
13062.9 12760.1 13127.8 3241.84
13074.9 12540.3 13139.8 2967.92
13086.3 12291 13151.5 3041.73
13098 12067.9 13163.2 3363.22
13109.7 11962.9 13176.1 3758.51
13122.5 12207.3 13188.4 4321.11
13134 12737.1 13199.8 4864.03
13146.2 13116 13212.1 5169.11
13158.2 13544.1 13223.5 5141.23
13169.6 13923 13234.9 4987.05
13182.2 14006.7 13246.9 4759.05
13193.3 13854.1 13259.8 4455.61
13206.8 13691.7 13271.8 4266.99
13218.5 13470.3 13284.3 4450.69
13229.9 13142.3 13296.3 4763.97
13242.2 13234.1 13308.3 5233.08
13254.2 13562.2 13320.3 5961.34
13265.6 14023.1 13332 6642.04
13278.5 14628.3 13343.7 6989.76
13290.2 15312.3 13356.3 7189.87
13301.6 15758.4 13368 7260.4
13314.2 15966.7 13380 7048.81
13325.6 16019.2 13391.4 6776.53
13338.2 15851.9 13404.9 6712.57
13349.3 15538.6 13416.6 6870.03
13361.9 15373 13428.3 7130.82
13374.8 15418.9 13440.9 7657.34
13385.6 15674.8 13452 8426.6
13398.2 16106.2 13464.9 9110.58
13410.2 16827.9 13476.9 9514.08
13421.6 17602 13488.6 9856.88
13434.2 18094.1 13502.1 9930.69
13445.9 18438.6 13513.5 9686.3
13458.2 18532.1 13524.3 9448.47
13469.9 18364.7 13537.5 9381.22
13481.3 17961.3 13548.3 9340.21
13494.7 17648 13560.9 9504.23
13505.9 17470.8 13574.4 10121
13517.3 17533.2 13585.8 10731.1
13530.2 17944.8 13597.8 11303.6
13542.5 18555 13609.5 11874.4
13553.9 19280 13621.5 12151.6
13565.6 19804.9 13633.2 12176.2
13577.3 20260.9 13644.9 11915.4
13589.6 20365.8 13658.1 11716.9
13601.6 20129.6 13670.1 11587.3
13613.6 19762.2 13680.9 11561.1
13625.6 19426 13693.5 11859.6
13638.8 19107.8 13705.8 12451.7
13650.5 19083.2 13718.4 13147.2
13661.3 19345.6 13730.1 13827.9
13674.8 19841 13741.8 14377.4
13686.5 20461 13754.1 14813.7
13698.5 21136.7 13765.8 14913.7
13709.6 21627.2 13777.5 14917
13721 21843.7 13791 14810.4
13734.2 21748.5 13802.4 14787.4
13746.2 21551.7 13815 14961.3
13758.2 21258.1 13826.7 15415.6
13770.8 20972.7 13838.7 16150.4
13781.9 20941.5 13851.3 16968.9
13793.6 21302.4 13862.4 17843.2
13805.9 21778.1 13875.6 18620.6
13818.2 22444 13886.7 19071.7
13830.5 23219.8 13898.7 19217.7
13841.9 23811.9 13912.2 19329.2
13853.9 24118.7 13923.9 19284.9
13865.9 24284.3 13936.2 19330.8
13878 24149.8 13948.8 19581.8
13890.8 23864.4 13961.1 20173.9
13902 23616.8 13973.1 20967.8
13913.7 23518.3 13985.4 21801
13925.7 23756.2 13996 22824.5
13937.4 24199 13997.4 23574.1
13949.1 24348.3 13986 24102.3
13962 24371.3 13973.7 24386
