8011.23 -865.289 8025.27 -1149.05
8005.67 -358.459 8038.14 -1255.66
8000.99 -319.093 8049.25 -1324.55
8007.72 -307.612 8061.83 -1352.44
8018.25 -392.904 8072.06 -1370.48
8030.54 -365.02 8085.22 -1311.43
8041.94 -422.428 8098.09 -1194.98
8053.06 -397.824 8109.79 -1106.4
8065.34 -420.788 8120.9 -1019.47
8077.91 -365.02 8134.35 -996.508
8090.49 -328.935 8145.75 -1032.59
8101.89 -361.739 8157.45 -1165.45
8113.59 -369.94 8169.44 -1273.71
8125.58 -286.289 8181.72 -1345.88
8137.28 -333.855 8194.29 -1337.68
8149.85 -302.691 8206.28 -1316.35
8162.13 -346.977 8217.68 -1273.71
8173.83 -330.575 8230.54 -1152.33
8186.1 -350.258 8241.65 -1044.07
8198.09 -319.093 8254.51 -991.587
8210.66 -312.532 8266.5 -962.063
8222.36 -268.246 8277.61 -945.661
8233.76 -314.173 8289.89 -1075.24
8246.62 -269.886 8302.45 -1157.25
8258.32 -250.204 8314.44 -1286.83
8270.59 -253.484 8326.13 -1409.85
8283.16 -271.527 8338.11 -1383.6
8293.98 -287.929 8350.68 -1336.03
8307.42 -292.85 8362.08 -1231.06
8318.24 -312.532 8373.77 -1103.12
8331.1 -330.575 8386.63 -1009.63
8342.5 -274.807 8397.74 -939.1
8355.07 -292.85 8410.01 -983.386
8366.76 -274.807 8423.16 -1062.12
8378.74 -230.521 8434.26 -1175.29
8391.01 -232.161 8445.95 -1296.67
8403 -199.357 8458.52 -1375.4
8414.98 -255.124 8470.5 -1378.68
8427.25 -256.765 8482.19 -1381.96
8438.94 -297.77 8494.46 -1290.11
8450.34 -325.654 8507.02 -1162.17
8463.2 -261.685 8518.42 -1053.92
8474.88 -317.453 8530.98 -980.105
8487.16 -315.813 8542.38 -925.978
8499.14 -266.606 8554.65 -1027.67
8510.82 -230.521 8566.63 -1111.32
8523.68 -232.161 8579.19 -1214.66
8534.78 -250.204 8590.29 -1334.39
8547.05 -243.643 8602.85 -1359
8558.74 -251.844 8614.54 -1375.4
8571.3 -261.685 8627.39 -1288.47
8582.99 -269.886 8639.37 -1157.25
8594.97 -312.532 8649.88 -1052.28
8606.94 -283.008 8662.74 -966.984
8618.92 -273.167 8675.59 -901.374
8631.48 -225.6 8687.27 -950.581
8643.75 -266.606 8698.66 -986.666
8656.02 -258.405 8711.81 -1070.32
8667.99 -217.399 8723.2 -1155.61
8679.68 -215.759 8735.47 -1239.26
8690.78 -246.923 8747.44 -1217.94
8702.75 -237.082 8759.71 -1191.69
8715.31 -256.765 8771.1 -1065.4
8727.58 -324.014 8783.65 -1019.47
8739.55 -276.447 8794.75 -930.899
8751.53 -197.716 8806.14 -875.131
8764.96 -237.082 8819.57 -880.051
8775.19 -228.881 8831.84 -929.258
8787.74 -192.796 8842.93 -958.782
8799.42 -200.997 8855.49 -1050.64
8811.69 -191.156 8868.05 -1170.37
8824.25 -242.003 8879.14 -1170.37
8835.64 -263.326 8891.7 -1093.28
8847.61 -250.204 8904.55 -996.508
8859.58 -289.569 8915.35 -978.465
8872.14 -237.082 8927.61 -906.295
8882.94 -186.235 8939.88 -868.57
8895.2 -248.564 8951.85 -878.411
8907.76 -166.552 8963.23 -935.819
8919.73 -155.07 8975.79 -1009.63
8931.41 -222.32 8988.05 -1070.32
8943.67 -192.796 8999.14 -1119.52
8955.93 -222.32 9011.4 -1152.33
8967.32 -279.728 9024.25 -1080.16
8980.17 -271.527 9035.93 -1065.4
8992.43 -260.045 9049.06 -975.185
9003.23 -214.119 9059.86 -896.454
9016.95 -217.399 9071.25 -912.856
9026.58 -161.631 9084.09 -971.904
9040.01 -145.229 9096.94 -1060.48
9052.27 -178.034 9107.44 -1058.84
9063.95 -153.43 9120 -1109.68
9075.92 -205.918 9132.55 -1122.81
9087.6 -214.119 9143.35 -1106.4
9100.15 -251.844 9155.61 -996.508
9111.53 -273.167 9168.16 -978.465
9123.79 -276.447 9179.83 -904.655
9136.05 -281.368 9192.09 -845.607
9148.31 -210.838 9204.35 -894.813
9159.98 -179.674 9215.44 -891.533
9171.66 -174.753 9227.99 -988.307
9184.21 -120.626 9240.25 -1026.03
9195.88 -161.631 9252.5 -1129.37
9207.85 -189.515 9264.47 -1073.6
9219.82 -184.595 9276.14 -1042.43
9232.07 -219.039 9288.69 -991.587
9244.33 -279.728 9300.66 -917.777
9256.88 -281.368 9312.62 -814.442
9267.97 -232.161 9324 -773.437
9279.94 -253.484 9335.97 -742.272
9293.07 -176.393 9347.93 -809.522
9302.99 -166.552 9360.19 -906.295
9315.83 -132.107 9372.74 -962.063
9328.38 -132.107 9384.99 -1090
9340.34 -196.076 9396.08 -1078.52
9353.18 -153.43 9408.92 -1088.36
9364.56 -256.765 9421.47 -994.867
9375.94 -283.008 9433.14 -862.009
9387.91 -233.801 9445.1 -789.839
9399.87 -253.484 9456.77 -663.541
9412.42 -245.283 9469.02 -671.742
9424.97 -168.192 9481.86 -757.034
9435.76 -146.869 9492.95 -855.448
9448.31 -169.833 9504.33 -1003.07
9460.27 -140.308 9516.58 -1045.71
9472.82 -97.6625 9528.25 -1152.33
9484.2 -192.796 9541.38 -1188.41
9497.33 -263.326 9553.34 -991.587
9508.12 -263.326 9564.72 -866.93
9520.38 -258.405 9576.39 -801.32
9532.63 -327.294 9588.94 -638.938
9544.01 -261.685 9600.9 -609.414
9555.97 -215.759 9613.15 -707.827
9568.81 -196.076 9625.11 -843.966
9580.18 -207.558 9637.95 -971.904
9593.02 -135.388 9649.91 -1139.21
9604.11 -146.869 9662.45 -1190.05
9616.07 -200.997 9673.54 -1204.82
9628.32 -181.314 9685.21 -1106.4
9640.28 -264.966 9697.46 -960.423
9652.83 -250.204 9708.84 -773.437
9664.79 -245.283 9721.67 -568.408
9676.45 -214.119 9733.34 -501.159
9688.71 -225.6 9745.88 -601.213
9701.25 -200.997 9757.26 -704.547
9712.34 -130.467 9769.22 -848.887
9724.59 -125.546 9781.76 -1053.92
9736.84 -153.43 9793.43 -1272.07
9748.8 -148.51 9804.81 -1278.63
9760.47 -187.875 9817.35 -1196.62
9772.14 -230.521 9829.02 -1071.96
9784.68 -281.368 9842.73 -834.125
9795.76 -205.918 9853.81 -579.89
9808.6 -200.997 9866.06 -469.994
9820.56 -246.923 9878.02 -479.836
9832.52 -191.156 9889.4 -614.334
9845.06 -143.589 9901.65 -822.643
9857.02 -127.187 9913.02 -1121.16
9869.27 -132.107 9927.02 -1303.23
9880.64 -118.985 9938.69 -1301.59
9893.19 -225.6 9949.48 -1280.27
9904.85 -248.564 9962.32 -1122.81
9917.1 -228.881 9973.69 -896.454
9929.06 -243.643 9985.65 -612.694
9940.73 -220.68 9999.07 -456.873
9953.27 -189.515 10009.9 -397.824
9964.65 -141.949 10022.7 -556.926
9976.61 -120.626 10034.6 -755.394
9989.15 -155.07 10046 -1035.87
10000.5 -100.943 10058.3 -1234.34
10012.2 -132.107 10069.9 -1377.04
10023.9 -197.716 10082.5 -1393.44
10037.3 -237.082 10094.7 -1196.62
10049.2 -251.844 10105.8 -924.338
10060.6 -230.521 10118.9 -620.895
10073.7 -235.442 10130.3 -410.946
10085.1 -173.113 10142.6 -328.935
10097.4 -181.314 10154.2 -384.702
10109.6 -133.748 10166.8 -679.944
10120.1 -81.2602 10179 -963.703
10132.6 -82.9004 10190.1 -1196.62
10144.9 -135.388 10202.9 -1393.44
10156.6 -168.192 10214.6 -1403.28
10168.8 -192.796 10226.5 -1267.15
10180.8 -202.637 10238.8 -1030.95
10193.3 -240.362 10251.3 -694.706
10205 -242.003 10262.4 -399.465
10217.5 -219.039 10274.7 -264.966
10228 -187.875 10287.8 -356.819
10240.6 -155.07 10298.9 -578.249
10253.1 -10.7304 10310.3 -860.369
10264.5 -38.6143 10322.8 -1185.13
10276.4 -27.1327 10334.8 -1352.44
10289.3 -110.784 10347.6 -1411.49
10300.9 -122.266 10359 -1291.75
10312.9 -237.082 10371.5 -1019.47
10325.1 -289.569 10383.5 -675.023
10337.4 -240.362 10395.1 -333.855
10349.9 -230.521 10407.7 -189.515
10361 -220.68 10419 -291.209
10373 -130.467 10431.6 -491.317
10385.8 -58.297 10443.2 -784.918
10397.2 -55.0166 10454.3 -1108.04
10409.7 -40.2545 10467.2 -1340.96
10420.5 20.4339 10479.1 -1413.13
10432.4 -56.6568 10491.1 -1242.54
10445.3 -155.07 10503.3 -944.02
10456.7 -186.235 10516.2 -548.725
10468.9 -207.558 10527.2 -197.716
10481.2 -228.881 10540.1 -109.144
10492.5 -271.527 10550.9 -197.716
10504.8 -135.388 10563.7 -491.317
10516.7 -53.3763 10575.4 -876.771
10529.6 23.7144 10587.9 -1258.94
10541 30.2753 10599.9 -1513.18
10553.8 99.1649 10611.8 -1524.66
10566 13.873 10623.2 -1340.96
10576.5 -74.6993 10635.1 -896.454
10588.8 -77.9798 10647.4 -402.745
10600.4 -166.552 10659.1 -69.7786
10613 -274.807 10671.3 33.5558
10625.8 -266.606 10684.4 -151.79
10637.8 -178.034 10695.5 -504.439
10649.4 -112.425 10708.4 -1050.64
10661.1 -48.4557 10720.3 -1465.61
10673.4 97.5247 10731.7 -1767.42
10685.3 86.0431 10744.2 -1831.38
10697.6 95.8844 10756.2 -1642.76
10708.9 46.6776 10768.1 -1029.31
10721.8 64.7201 10780.1 -404.385
10732.9 -100.943 10791.5 141.811
10745.4 -215.759 10804.9 300.913
10757.6 -197.716 10815.7 138.53
10769 -159.991 10827.9 -386.343
10781.9 -137.028 10840.5 -1052.28
10793.2 17.1535 10852.1 -1693.6
10805.5 135.25 10864.4 -2198.8
10817.7 174.615 10875.8 -2436.63
10829.1 251.706 10888.6 -2015.09
10841.1 318.956 10901.2 -1213.02
10853.6 141.811 10912.5 -281.368
10865 100.805 10924.5 484.619
10877.8 10.5926 10936.5 861.871
10889.5 -96.0223 10948.7 630.599
10901.5 -79.62 10961 -0.889027
10913.7 -66.4982 10971.5 -816.083
10925.1 92.604 10985.8 -1693.6
10937.3 177.896 10996.3 -2454.67
10948.4 281.23 11008.8 -2758.11
10961.2 409.168 11020.8 -2453.03
10973.2 432.131 11032.4 -1486.94
10984.3 351.76 11045.3 -219.039
10998 273.029 11057.5 838.908
11009.1 174.615 11069.2 1350.66
11021 122.128 11080.9 1106.27
11033 5.67189 11093.1 435.412
11045 82.7626 11104.5 -583.17
11058.1 217.261 11117.3 -1747.73
11069.8 317.315 11129.3 -2776.16
11081.1 510.862 11140.7 -3301.03
11093.4 633.879 11153.2 -3132.08
11104.5 610.916 11164.6 -2213.56
11117.3 573.191 11176.5 -737.352
11129.3 505.942 11189.7 650.282
11141.2 369.803 11201.6 1463.83
11153.8 246.785 11213.3 1429.39
11166.3 233.664 11225.3 758.537
11177.4 271.389 11237.5 -353.538
11190.3 333.718 11249.2 -1682.12
11201 522.344 11261.7 -2930.34
11213.6 792.982 11273.7 -3788.18
11225.5 848.749 11284.8 -3945.64
11238.1 925.84 11297.6 -3168.17
11249.5 899.596 11309.6 -1595.19
11261.4 760.177 11321.5 30.2753
11274 632.239 11334.1 1150.55
11285.1 528.905 11345.2 1442.51
11297.6 373.083 11358 1002.93
11309.3 397.686 11369.7 -53.3763
11322.1 507.582 11381.1 -1393.44
11333.5 702.769 11393.9 -2723.67
11345.8 983.248 11405.9 -3748.81
11356.6 1173.51 11417.3 -4176.91
11370.6 1296.53 11429.8 -3675
11381.6 1360.5 11442.1 -2262.76
11393.9 1270.29 11452.6 -683.224
11405.6 1078.38 11466 679.806
11417.3 860.231 11478 1283.41
11429.5 706.049 11489.9 1148.91
11442.1 668.324 11501.3 269.749
11452.9 724.092 11513.9 -880.051
11466 988.169 11526.1 -1956.04
11478 1280.13 11538.1 -2902.45
11489.9 1493.36 11550 -3401.08
11501.9 1706.59 11561.4 -3189.49
11513.9 1805 11574 -2459.59
11524.9 1667.22 11585.6 -1409.85
11537.5 1462.19 11597.9 -442.11
11549.8 1250.61 11609.9 310.754
11561.7 1052.14 11623 463.296
11573.4 935.681 11633.8 30.2753
11585.6 1032.45 11646.6 -501.159
11597.3 1253.89 11658.3 -1295.03
11610.5 1509.76 11670.3 -2023.29
11622.1 1829.61 11683.4 -2531.76
11632.9 2103.52 11693.9 -2835.2
11646.1 2234.74 11706.2 -2997.59
11657.7 2178.97 11719.3 -2813.88
11669.1 2013.31 11730.7 -2461.23
11681.4 1867.33 11743.3 -2131.55
11693.4 1583.57 11754.6 -1701.81
11706.2 1470.4 11766.9 -1291.75
11717.6 1527.8 11778.9 -1137.57
11730.1 1659.02 11790 -1258.94
11741.5 1885.37 11803.1 -1452.49
11753.2 2249.5 11815.7 -1814.98
11765.5 2541.46 11827.3 -2159.43
11776.6 2648.08 11839 -2482.55
11790.6 2748.13 11851 -2443.19
11801.6 2716.97 11863 -2384.14
11812.8 2428.29 11874.9 -2131.55
11825.6 2139.61 11887.8 -1770.7
11838.2 2046.12 11899.5 -1441.01
11849.8 2019.87 11910.6 -1393.44
11861.8 2159.29 11923.7 -1472.17
11873.5 2362.68 11934.5 -1637.84
11886.3 2818.66 11947.9 -2015.09
11897.7 3123.75 11959.3 -2403.82
11910 3332.05 11970.7 -2551.44
11921.1 3453.43 11983 -2589.17
11935.4 3384.54 11994.9 -2482.55
11946.8 3123.75 12008.4 -2215.2
11957.6 2928.56 12018.9 -1788.74
11969.8 2815.38 12031.7 -1531.22
11982.1 2707.13 12043.7 -1573.87
11993.8 2794.06 12056.3 -1565.67
12005.5 3092.58 12066.5 -1734.61
12017.7 3422.27 12077.9 -2129.91
12030.3 3717.51 12091 -2490.76
12041.4 4081.64 12104.8 -2626.89
12053.6 4242.38 12116.1 -2590.81
12066.2 4165.29 12127.5 -2444.83
12077.6 4022.59 12140.1 -2072.5
12091.6 3719.15 12153 -1632.92
12102.1 3332.05 12163.5 -1411.49
12112.9 3271.37 12176.3 -1304.87
12125.8 3309.09 12188.3 -1280.27
12137.5 3505.92 12199.7 -1598.47
12149.4 3896.29 12212.5 -2072.5
12161.4 4449.05 12224.2 -2308.69
12174 4785.3 12236.2 -2531.76
12186 5088.74 12248.2 -2595.73
12197.9 5254.4 12260.7 -2331.65
12209.9 5049.37 12271.5 -1901.91
12221.9 4629.48 12284.4 -1529.58
12234.1 4476.93 12296.7 -1199.9
12246.1 4147.25 12308.4 -909.576
12258.1 3706.03 12320 -950.581
12270.1 4319.47 12333.2 -1245.82
12281.5 4870.59 12344.3 -1593.55
12293.8 4745.93 12356.3 -1929.8
12305.7 5892.45 12369.1 -2293.93
12317.7 6564.95 12380.2 -2346.42
12330.3 5892.45 12392.2 -2095.46
12342 5935.1 12404.5 -1742.81
12353.4 6110.6 12416.8 -1235.98
12365.9 5175.67 12429 -740.632
12377.6 4463.81 12441.3 -396.184
12389 5011.65 12453.6 -409.306
12402.2 5139.59 12465 -658.621
12413.3 5032.97 12476.7 -939.1
12425.8 6002.35 12488.9 -1418.05
12438.1 6945.48 12501.2 -1806.78
12451 7309.61 12512.3 -1903.55
12461.8 7370.3 12524.9 -1667.36
12474.9 7440.83 12537.2 -1373.76
12486 7345.69 12549.7 -904.655
12497.4 6026.95 12560 -232.161
12509.7 5813.72 12574 135.25
12521.7 6181.13 12584.2 218.902
12533.4 5551.28 12598 163.134
12545.3 6281.19 12609.3 -156.711
12557.9 7406.38 12621.6 -593.011
12569.6 7762.31 12633.6 -983.386
12582.2 8356.07 12645.3 -1273.71
12594.2 8885.87 12657 -1255.66
12606.1 8844.86 12669.3 -914.496
12617.8 8146.13 12681.3 -406.025
12630.1 7496.6 12693.3 154.933
12642.1 7299.77 12706.4 628.959
12654.1 6646.96 12717.5 960.285
12666.6 6637.12 12730.1 970.126
12678.1 7601.57 12741.2 681.446
12690.3 8210.09 12753.8 271.389
12700.9 8826.82 12764.6 -112.425
12713.7 9733.87 12778 -415.867
12725.1 10294.8 12790.3 -468.354
12737.7 9897.89 12801.1 -235.442
12750.8 9359.89 12813.4 284.511
12761.4 9145.02 12827.1 925.84
12773.9 8359.36 12838.3 1360.5
12786.5 7711.46 12850.3 1696.75
12797.9 8121.52 12862 1726.27
12810.2 8543.06 12874.2 1570.45
12822.5 8923.59 12885.9 1193.2
12833.9 9842.12 12898.5 868.432
12846.2 10886.9 12910.8 579.752
12857.3 11093.6 12922.8 545.307
12869.8 11106.7 12933.9 792.982
12881.5 11100.2 12946.8 1330.98
12894.1 10650.8 12958.2 1786.96
12906.1 9892.97 12970.1 2331.52
12916.9 9563.28 12983 2749.77
12929.8 9730.59 12994.7 2844.91
12941.8 9847.04 13007 2677.6
12953.8 10183.3 13018.1 2470.94
12966.6 11238 13030.7 2195.38
12977.2 11918.7 13043.9 1811.56
12990 12177.8 13055 1868.97
13002.6 12474.7 13066.7 2277.39
13013.4 12387.8 13079 2641.52
13026.3 11958 13091.5 3176.23
13038 11497.1 13103.2 3942.22
13048.8 11256 13115.5 4258.78
13062.3 11131.3 13127.8 4401.48
13073.7 11275.7 13140.1 4314.55
13086.9 11789.1 13150.9 4058.68
13097.7 12448.4 13164.4 3627.3
13109.7 13001.2 13174.9 3230.36
13122 13445.7 13188.1 3307.45
13134 13793.4 13199.5 3586.29
13146.8 13716.3 13211.8 3876.61
13159.1 13345.6 13224.1 4791.86
13169.9 13229.2 13236.1 5515.2
13182.2 12909.3 13247.5 5920.33
13193.9 12692.8 13259.5 6097.48
13205.3 13063.5 13272 6095.84
13217.6 13432.6 13284 5639.86
13229.9 13959.1 13295.7 5154.35
13242.2 14457.7 13307.7 4873.87
13254.2 14946.5 13320.3 4757.41
13266.8 15227 13332 4913.24
13278.5 15082.7 13344.6 5582.45
13290.2 14982.6 13356 6189.33
13302.2 14738.2 13368 7098.02
13313.6 14334.7 13380.3 7693.42
13326.2 14241.2 13391.7 8049.35
13338.2 14518.4 13404.3 8131.36
13349.9 14908.8 13416.3 7691.78
13361.9 15458.3 13428.9 7334.21
13374.2 16194.7 13440 6970.08
13385.9 16772.1 13452.9 6728.97
13398.5 17019.8 13464 6901.19
13409.9 17011.6 13477.2 7494.95
13421.3 16836.1 13488 8446.29
13434.2 16317.7 13500.9 9277.88
13445.9 15935.6 13512.9 10198.1
13458.2 15950.3 13524.9 10826.3
13470.1 16099.6 13537.8 10826.3
13481.9 16545.7 13549.5 10467
13494.7 17237.9 13560.9 10099.6
13505.6 18146.6 13573.2 9614.13
13518.4 18728.9 13584.9 9250
13530.2 19065.1 13596.3 9328.73
13542.7 19055.3 13609.8 10009.4
13553.6 18902.7 13620.9 10906.6
13565.6 18473 13634.1 11823.5
13578.5 17884.2 13645.5 12925.8
13590.5 17805.4 13658.1 13557.2
13601.6 17951.4 13669.2 13721.3
13613.6 18317.2 13681.2 13565.4
13626.2 19135.7 13693.2 13242.3
13638.2 20054.2 13705.5 12748.6
13650.5 20803.8 13718.1 12350
13661.9 21231.9 13730.4 12456.6
13674.2 21268 13742.1 12899.5
13686.2 21256.5 13754.1 13645.8
13698.2 20611.9 13765.5 14570.9
13710.2 19893.4 13778.1 15817.5
13721.3 20009.9 13790.4 16703.2
13733.6 19944.3 13802.4 16941
13745.9 20131.3 13814.4 17055.8
13758.5 21236.8 13826.7 16888.5
13769.9 22214.4 13838.1 16306.3
13782.2 22755.6 13850.7 15850.3
13793.6 23321.5 13863 15979.9
13805.9 23721.7 13875 16334.1
13818.5 23190.3 13887.3 16987
13829.4 22544.1 13899.3 18225.3
13841.9 22220.9 13911.3 19550.6
13854.2 21686.2 13923.3 20329.7
13865.9 21655 13935.9 21000.6
13878.5 22074.9 13948.5 21328.6
13890.8 23001.7 13959.9 21054.7
13902 23895.6 13974 20493.8
13913.4 24633.7 13985.7 20308.4
13926.9 25614.6 13996.5 20278.9
13937.7 25888.5 13997.4 20416.7
13950.3 24932.2 13985.7 21236.8
13961.1 23866.1 13973.4 22688.4
