8000.12 -538.884 8024.1 -1362.28
8000.41 -552.006 8034.92 -1367.2
8000.12 -529.043 8045.74 -1362.28
8005.38 -478.195 8057.44 -1340.96
8015.62 -496.238 8068.26 -1326.19
8025.85 -529.043 8078.79 -1316.35
8036.68 -533.963 8089.9 -1303.23
8048.67 -530.683 8101.89 -1326.19
8058.9 -517.561 8112.42 -1400
8070.89 -512.64 8123.24 -1454.13
8080.55 -497.878 8134.35 -1432.81
8092.83 -451.952 8145.75 -1457.41
8103.06 -455.232 8156.28 -1521.38
8113.88 -479.836 8167.98 -1444.29
8125.29 -437.19 8178.5 -1457.41
8136.11 -494.598 8190.2 -1409.85
8148.09 -492.958 8200.14 -1334.39
8158.33 -511 8211.54 -1367.2
8169.73 -491.317 8222.65 -1296.67
8180.84 -433.909 8234.05 -1326.19
8191.37 -479.836 8245.74 -1373.76
8201.89 -466.714 8255.98 -1406.56
8213.88 -447.031 8266.79 -1388.52
8225.57 -451.952 8278.19 -1426.25
8236.1 -442.11 8289.3 -1414.77
8247.2 -451.952 8299.53 -1398.36
8257.44 -469.994 8311.22 -1395.08
8268.55 -438.83 8322.04 -1363.92
8280.24 -465.074 8333.44 -1357.36
8291.64 -491.317 8343.96 -1352.44
8301.87 -491.317 8355.07 -1336.03
8312.68 -496.238 8366.17 -1303.23
8324.67 -497.878 8377.28 -1357.36
8335.19 -443.751 8388.38 -1327.83
8346.59 -438.83 8398.61 -1388.52
8355.94 -447.031 8410.01 -1452.49
8368.8 -409.306 8419.65 -1462.33
8379.03 -424.068 8432.8 -1468.89
8389.84 -424.068 8443.62 -1460.69
8401.24 -399.465 8454.43 -1418.05
8412.35 -442.11 8464.95 -1365.56
8423.75 -471.635 8475.76 -1288.47
8434.56 -453.592 8486.57 -1276.99
8445.95 -509.36 8498.26 -1301.59
8456.18 -458.513 8509.36 -1298.31
8467.87 -481.476 8520.76 -1331.11
8478.68 -387.983 8531.28 -1383.6
8489.49 -397.824 8542.09 -1350.8
8500.3 -409.306 8553.48 -1400
8511.41 -406.025 8564 -1395.08
8522.8 -348.617 8574.51 -1400
8533.32 -394.544 8587.08 -1331.11
8544.42 -412.586 8597.59 -1314.71
8555.82 -414.227 8608.4 -1306.51
8566.63 -438.83 8619.8 -1278.63
8578.6 -502.799 8630.31 -1191.69
8588.83 -422.428 8641.12 -1285.19
8599.64 -428.989 8651.93 -1260.58
8611.03 -453.592 8664.49 -1309.79
8621.84 -406.025 8674.71 -1314.71
8632.94 -365.02 8686.1 -1360.64
8644.33 -345.337 8696.91 -1350.8
8654.56 -365.02 8707.72 -1385.24
8665.95 -365.02 8719.11 -1308.15
8676.17 -396.184 8729.04 -1327.83
8687.56 -443.751 8740.72 -1237.62
8699.25 -497.878 8752.11 -1242.54
8709.76 -422.428 8762.92 -1247.46
8722.03 -486.397 8773.43 -1281.91
8732.84 -474.915 8784.24 -1229.42
8742.77 -460.153 8796.21 -1313.07
8753.28 -450.312 8806.14 -1313.07
8765.25 -373.221 8818.11 -1278.63
8776.35 -447.031 8828.92 -1359
8787.16 -383.062 8840.6 -1350.8
8798.55 -353.538 8851.11 -1363.92
8808.48 -445.391 8862.79 -1368.84
8821.03 -410.946 8872.72 -1345.88
8831.55 -501.159 8883.82 -1304.87
8842.35 -410.946 8894.62 -1359
8852.86 -451.952 8905.72 -1331.11
8863.96 -471.635 8917.98 -1299.95
8875.06 -384.702 8928.49 -1288.47
8885.86 -412.586 8939.58 -1324.55
8897.54 -371.581 8950.39 -1329.47
8907.76 -348.617 8960.6 -1347.52
8919.44 -327.294 8972.28 -1331.11
8929.95 -366.66 8983.67 -1309.79
8940.75 -358.459 8994.76 -1321.27
8953.01 -394.544 9004.98 -1276.99
8964.4 -458.513 9016.37 -1268.79
8975.5 -422.428 9027.46 -1232.7
8985.13 -506.079 9038.55 -1262.22
8996.81 -424.068 9048.77 -1285.19
9007.9 -415.867 9059.86 -1280.27
9018.7 -379.782 9071.25 -1252.38
9029.8 -363.379 9082.05 -1273.71
9040.6 -294.49 9093.73 -1306.51
9051.69 -258.405 9104.82 -1298.31
9061.61 -289.569 9115.62 -1283.55
9074.17 -335.496 9127.29 -1275.35
9084.38 -319.093 9138.09 -1281.91
9094.89 -348.617 9149.19 -1272.07
9106.86 -414.227 9159.11 -1275.35
9117.66 -401.105 9170.49 -1234.34
9128.46 -432.269 9182.17 -1280.27
9138.68 -406.025 9192.96 -1290.11
9150.94 -384.702 9203.47 -1340.96
9161.15 -332.215 9214.85 -1363.92
9172.83 -304.331 9226.24 -1388.52
9183.04 -253.484 9236.75 -1393.44
9195.01 -232.161 9247.83 -1393.44
9204.64 -227.241 9259.22 -1375.4
9217.19 -246.923 9269.43 -1337.68
9227.4 -325.654 9281.1 -1340.96
9238.2 -374.861 9292.49 -1329.47
9250.17 -427.348 9302.7 -1327.83
9260.68 -419.147 9314.95 -1321.27
9272.93 -387.983 9324.59 -1314.71
9282.27 -401.105 9334.8 -1370.48
9293.94 -310.892 9346.47 -1383.6
9304.74 -255.124 9358.44 -1414.77
9315.83 -169.833 9370.11 -1427.89
9326.92 -215.759 9380.03 -1431.17
9338.01 -155.07 9391.12 -1359
9349.68 -197.716 9403.08 -1355.72
9359.31 -253.484 9413.88 -1311.43
9371.86 -314.173 9423.8 -1319.63
9381.49 -338.776 9435.76 -1283.55
9393.16 -379.782 9447.14 -1288.47
9403.66 -373.221 9457.64 -1388.52
9415.34 -358.459 9468.44 -1360.64
9426.13 -219.039 9479.53 -1354.08
9437.22 -141.949 9490.32 -1375.4
9448.6 -92.7418 9502 -1416.41
9458.81 -73.0591 9512.21 -1468.89
9470.48 -76.3395 9523.29 -1403.28
9480.99 -27.1327 9534.09 -1385.24
9492.07 -92.7418 9545.47 -1344.24
9502.87 -141.949 9556.84 -1362.28
9514.25 -159.991 9567.93 -1350.8
9525.92 -120.626 9578.43 -1296.67
9535.84 -184.595 9589.81 -1342.6
9547.51 -99.3027 9600.9 -1337.68
9557.72 -91.1016 9611.98 -1322.91
9569.1 25.3546 9623.65 -1416.41
9580.18 112.287 9633.86 -1450.85
9590.98 199.219 9646.12 -1432.81
9602.07 248.426 9656.33 -1431.17
9613.15 235.304 9666.83 -1424.61
9624.24 230.383 9677.33 -1429.53
9635.32 215.621 9689 -1290.11
9646.12 238.584 9700.38 -1265.51
9656.33 141.811 9710.58 -1286.83
9668.58 145.091 9722.84 -1262.22
9679.37 138.53 9733.34 -1255.66
9690.17 166.414 9744.72 -1386.88
9700.96 181.176 9754.34 -1390.16
9712.05 268.108 9766.01 -1427.89
9723.13 366.522 9777.68 -1427.89
9734.51 386.205 9788.76 -1359
9745.3 396.046 9799.26 -1408.21
9755.8 373.083 9810.35 -1367.2
9766.89 332.077 9821.43 -1319.63
9777.39 200.859 9832.52 -1319.63
9789.06 136.89 9843.89 -1298.31
9800.72 166.414 9854.68 -1268.79
9810.64 143.451 9865.19 -1377.04
9822.6 182.817 9876.85 -1413.13
9833.39 184.457 9887.06 -1408.21
9844.19 258.267 9897.85 -1460.69
9855.27 327.157 9908.65 -1504.98
9866.06 400.967 9921.77 -1523.02
9877.44 404.247 9931.69 -1511.54
9888.52 428.851 9942.19 -1422.97
9899.02 374.723 9954.15 -1442.65
9910.98 281.23 9964.94 -1419.69
9921.77 232.023 9975.73 -1409.85
9933.15 179.536 9987.4 -1388.52
9943.36 200.859 9998.19 -1431.17
9954.44 200.859 10009 -1459.05
9965.23 291.072 10020.4 -1475.45
9976.31 396.046 10031.1 -1514.82
9987.69 502.661 10041.9 -1580.43
9998.48 571.551 10053.3 -1568.95
10008.4 651.922 10063.2 -1542.7
10021.2 697.848 10075.5 -1478.73
10031.7 671.605 10086.6 -1455.77
10042.5 627.318 10098.8 -1317.99
10053.3 591.233 10107.3 -1337.68
10064.4 599.435 10118.6 -1350.8
10075.8 540.386 10130.3 -1422.97
10085.7 617.477 10141.1 -1409.85
10097.4 658.483 10152.8 -1470.53
10108.1 755.256 10163.6 -1557.47
10120.4 858.591 10173.8 -1606.67
10130.6 1027.53 10185.7 -1588.63
10142 1227.64 10196.2 -1578.79
10152.8 1326.06 10207.9 -1508.26
10163.9 1260.45 10218.7 -1422.97
10175.2 1283.41 10229.2 -1347.52
10186 1222.72 10239.7 -1317.99
10196.8 1116.11 10251 -1245.82
10207.6 1071.82 10262.4 -1327.83
10217.8 1012.77 10273.8 -1357.36
10229.8 1068.54 10284.3 -1424.61
10240.3 1096.42 10296.3 -1536.14
10251 1294.89 10306.2 -1646.04
10262.7 1503.2 10318.1 -1659.16
10273.8 1599.97 10328.9 -1696.89
10283.4 1686.91 10339.4 -1603.39
10295.7 1780.4 10349.9 -1500.06
10306.8 1778.76 10362.5 -1421.33
10317 1675.42 10372.7 -1377.04
10329.5 1550.77 10384.3 -1398.36
10339.7 1442.51 10394.8 -1383.6
10350.5 1335.9 10405 -1424.61
10361.6 1214.52 10416.4 -1588.63
10372.1 1247.32 10429 -1687.04
10383.8 1416.27 10438.6 -1785.46
10394 1517.96 10450.5 -1824.82
10405.6 1621.3 10461.6 -1760.85
10417 1809.92 10472.4 -1703.45
10428.4 1850.93 10482.6 -1586.99
10439.2 1852.57 10493.4 -1416.41
10450.2 1700.03 10505.4 -1398.36
10460.7 1591.77 10515.6 -1314.71
10471.8 1488.44 10526.9 -1354.08
10481.5 1344.1 10538.6 -1470.53
10494 1219.44 10549.4 -1609.95
10505.1 1304.73 10559.9 -1691.96
10516.2 1404.79 10571.6 -1828.1
10526.6 1555.69 10583.2 -1901.91
10538 1770.56 10593.7 -1859.27
10549.1 1944.42 10603.9 -1787.1
10560.2 2023.15 10615 -1655.88
10570.4 2141.25 10626.7 -1531.22
10581.8 2080.56 10637.5 -1491.86
10592.9 2011.67 10648.9 -1432.81
10602.8 1903.42 10659.9 -1455.77
10614.7 1750.87 10669.9 -1539.42
10626.4 1722.99 10681.5 -1660.8
10636.3 1734.47 10692.9 -1785.46
10647.7 1829.61 10703.7 -1900.27
10658.8 1991.99 10714.8 -1911.76
10668.7 2216.7 10725.9 -1898.63
10681.5 2452.89 10736.6 -1782.18
10691.1 2611.99 10748 -1652.6
10702.5 2697.29 10759.7 -1601.75
10713.6 2764.54 10769 -1544.34
10725.6 2697.29 10781.3 -1483.66
10735.2 2521.78 10791.8 -1580.43
10746.6 2428.29 10803.7 -1670.64
10758.2 2375.8 10814.8 -1764.13
10768.7 2328.24 10825 -1956.04
10779.5 2375.8 10835.8 -2100.38
10790.9 2526.7 10846.9 -2049.53
10801.4 2743.21 10858 -2008.53
10813.1 2948.24 10869.4 -1921.6
10823.6 3076.18 10879.9 -1844.51
10834.6 3207.4 10891.2 -1660.8
10846 3225.44 10902.3 -1591.91
10856.8 3197.56 10912.8 -1547.62
10867.6 3063.06 10924.8 -1669
10879 2908.88 10935.6 -1718.21
10889.8 2769.46 10946.4 -1859.27
10900.3 2689.09 10957.2 -2082.34
10911.9 2674.32 10968.8 -2179.11
10923.3 2848.19 10979.9 -2180.75
10934.7 2976.13 10989.5 -2128.27
10944.9 3076.18 11002.1 -1988.85
10956 3241.84 11012.3 -1818.26
10966.5 3322.21 11023.4 -1723.13
10977.3 3333.7 11035.3 -1650.96
10988.1 3294.33 11045.6 -1629.64
10999.8 3171.31 11056.6 -1588.63
11011.1 3059.78 11068 -1708.37
11022.5 2984.33 11079.4 -1990.49
11032.7 2910.52 11089.6 -2182.39
11044.4 2989.25 11101 -2279.17
11056.1 3146.71 11112.1 -2284.09
11066 3304.17 11122.6 -2289.01
11076.8 3437.03 11134.5 -2011.81
11088.4 3646.98 11145 -1769.06
11098.6 3801.16 11156.4 -1687.04
11110.3 3820.84 11166 -1619.79
11122 3830.68 11177.7 -1555.83
11131.3 3799.52 11190 -1573.87
11143 3655.18 11199.3 -1770.7
11153.5 3568.25 11211.3 -1949.48
11165.2 3546.92 11222.3 -2065.94
11176 3706.03 11233.7 -2239.8
11187.3 3815.92 11243.6 -2330.01
11198.1 4086.56 11255 -2303.77
11209.2 4340.8 11267 -2054.45
11220 4616.35 11277.8 -1842.87
11230.8 4811.54 11288.9 -1667.36
11241 4886.99 11299.7 -1534.5
11253.6 4841.07 11310.2 -1445.93
11265.2 4847.63 11320.1 -1506.62
11275.1 4654.08 11332.3 -1713.29
11285.9 4573.71 11343.1 -1877.31
11296.5 4493.34 11355.1 -2042.97
11307.8 4627.84 11365.6 -2277.53
11319.2 4732.81 11376.4 -2410.38
11330.9 4929.64 11387.2 -2272.61
11341.1 5213.4 11398 -2088.9
11352.8 5510.28 11409.1 -1875.67
11361.8 5718.59 11420.5 -1624.72
11375.2 5821.92 11431.8 -1414.77
11384.9 5899.01 11442.1 -1272.07
11396.5 5818.64 11454.3 -1367.2
11407.3 5631.66 11464.8 -1516.46
11418.1 5415.15 11476.8 -1660.8
11430.1 5339.69 11486.7 -1826.46
11439.4 5205.2 11497.8 -2090.54
11451.1 5339.69 11508 -2134.83
11462.2 5480.75 11520 -2077.42
11473.3 5800.6 11530.8 -1924.88
11483.8 6131.92 11542.5 -1751.01
11494.6 6343.51 11553.3 -1516.46
11506.9 6541.98 11564.3 -1181.85
11516.8 6571.51 11574.9 -1032.59
11528.1 6459.97 11586.2 -1004.71
11539.2 6231.98 11597 -1027.67
11550.3 6035.15 11608.7 -1178.57
11561.4 5894.09 11619.2 -1457.41
11571.9 5762.87 11630.3 -1708.37
11583 5766.15 11641.4 -1864.19
11594.1 5969.54 11653.1 -1823.18
11604.9 6222.14 11663.6 -1808.42
11616.6 6537.06 11674.1 -1565.67
11627.1 6794.58 11685.2 -1244.18
11638.5 7099.66 11696 -873.491
11648.4 7227.6 11707.4 -750.473
11660.1 7098.02 11717.9 -648.779
11670.9 6955.32 11729 -622.536
11682.6 6832.3 11741.8 -809.522
11693.1 6655.16 11750.9 -1096.56
11704.1 6525.58 11762.8 -1322.91
11714.7 6482.93 11774.2 -1477.09
11726 6655.16 11785 -1573.87
11736.9 6850.34 11796.7 -1614.87
11749.4 7132.46 11806.9 -1380.32
11758.7 7565.48 11818.3 -1121.16
11770.4 7857.44 11828.5 -852.168
11781.5 7993.58 11839.6 -589.731
11792.3 7980.46 11851 -425.708
11802.8 7916.49 11863.5 -451.952
11814.2 7813.16 11872.3 -568.408
11825.3 7511.36 11885.5 -796.4
11836.4 7353.9 11894.8 -985.026
11847.5 7386.7 11906.5 -1153.97
11858 7455.59 11917 -1281.91
11869.1 7675.38 11927.2 -1185.13
11880.2 7954.22 11939.2 -1003.07
11891.3 8364.28 11950.3 -702.907
11902.4 8715.28 11961.4 -491.317
11912.3 8866.19 11971.9 -181.314
11924.9 8971.16 11983.9 59.7994
11935.4 8974.44 11994.9 97.5247
11946.2 8751.37 12005.5 -38.6143
11957.6 8529.94 12016.6 -40.2545
11968.4 8342.95 12028 -273.167
11979.2 8321.63 12039 -522.482
11990 8370.84 12049.6 -568.408
12001.1 8506.98 12061.2 -489.677
12012.8 8876.03 12071.2 -274.807
12023.3 9261.48 12081.1 -32.0534
12034.1 9597.73 12093.9 320.596
12045.8 9822.44 12105.1 650.282
12056.6 10022.5 12116.1 796.262
12067.7 9922.49 12127.5 740.494
12078.5 9756.83 12137.8 668.324
12089.9 9579.68 12148.6 555.148
12099.8 9484.55 12160.5 281.23
12111.8 9276.24 12171.4 123.768
12122.3 9248.36 12182.4 18.7937
12132.8 9423.86 12193.5 86.0431
12143.9 9701.06 12203.5 264.828
12156.8 9986.46 12214.9 427.211
12165.2 10365.4 12226 778.219
12176.9 10695 12237.1 1145.63
12188.6 10862.3 12248.5 1319.49
12199.4 10823 12259.9 1463.83
12210.2 10736 12270.4 1403.15
12221.9 10642.6 12281.8 1122.67
12233.6 10406.4 12292.3 801.183
12243.5 10216.1 12304.3 574.831
12254 10360.4 12314.5 463.296
12264.8 10539.2 12325.6 460.015
12277.1 10634.4 12337 755.256
12288.2 11023.1 12346.9 1065.26
12298.4 11484 12358.3 1476.96
12309.2 11682.5 12369.4 1759.08
12320.6 11941.6 12380.5 1911.62
12331.1 12005.6 12391.6 2087.12
12342.3 11910.4 12403 2069.08
12353.1 11669.3 12414.1 1916.54
12365 11505.3 12425.2 1732.83
12376.1 11390.5 12436.6 1458.91
12386.4 11388.9 12446.6 1355.58
12397.2 11570.9 12458.6 1380.18
12408.6 11638.2 12468.8 1562.25
12419.7 11910.4 12479.3 2026.43
12430.5 12391 12491 2425.01
12441.3 12607.5 12503 2705.49
12453 12845.4 12513.5 2926.92
12462.9 13070.1 12524.6 3135.23
12474 12938.9 12535.7 3189.36
12485.4 12791.3 12546.5 3117.19
12496.8 12686.3 12557.6 3108.98
12507.6 12553.4 12568.7 2879.35
12518.8 12527.2 12579.3 2574.27
12529.6 12614.1 12590.6 2638.24
12540.7 12791.3 12600.9 2828.51
12552.1 13196.4 12612.6 3271.37
12562 13519.5 12623.7 3788.04
12573.4 13796.7 12634.8 4166.93
12584.8 14044.4 12645.9 4531.06
12595.6 14224.8 12656.7 4450.69
12606.7 14175.6 12668.1 4426.09
12617.8 13957.5 12679.8 4476.93
12628.6 13845.9 12689.7 4307.99
12639.8 13873.8 12700.9 4184.97
12650 13800 12712 4083.28
12661.1 13872.2 12722.5 4124.29
12672.5 14185.4 12734.2 4296.51
12682.7 14541.4 12744.4 4580.27
12694.1 14792.3 12756.7 5087.1
12705.2 15207.3 12767.8 5482.39
12716 15510.8 12778 5754.67
12728.3 15668.2 12789.4 5885.89
12738.3 15481.2 12800.3 5884.25
12750 15335.2 12811.6 5849.81
12760.8 15345.1 12821.9 5562.77
12771.3 15172.9 12833.9 5420.07
12782.1 14977.7 12844.7 5457.79
12793.8 15171.2 12855.5 5526.68
12804.9 15481.2 12866.6 5734.99
12815.8 15727.3 12877.4 6005.63
12826.3 16050.4 12888 6497.7
12838 16516.2 12899.7 6975
12848.2 16955.8 12910.2 7260.4
12859.6 17016.5 12922.8 7447.39
12869.8 16793.4 12933 7570.4
12881.3 16785.2 12945 7391.62
12892.6 16791.8 12954.7 7298.13
12903.5 16417.8 12967.2 7038.97
12914.9 16281.7 12977.2 7120.98
12925.1 16570.3 12988.3 7288.29
12937.1 16778.6 12998.2 7617.97
12947.9 16859 13011.1 8034.59
12958.7 17336.3 13021 8416.76
12969.6 17961.3 13032.1 8935.08
12979.8 18289.3 13043.6 9410.74
12992.1 18300.8 13054.7 9748.63
13002.6 18537 13066.1 9981.54
13013.4 18605.9 13076.3 9783.07
13024.3 18341.8 13087.7 9614.13
13035.7 18202.4 13098.8 9655.14
13046.8 18246.7 13109.1 9714.18
13057.9 18410.7 13121.1 9904.45
13068.1 18558.3 13132.2 10132.4
13079.8 18894.5 13143.3 10626.2
13090.7 19345.6 13153.3 11167.4
13101.2 19941 13165.5 11715.3
13111.7 20208.4 13176.4 12048.2
13124.3 20470.8 13187.2 12489.4
13134.8 20689 13198 12684.6
13145.6 20833.3 13209.4 12633.8
13156.5 20539.7 13220.3 12684.6
13168.2 20480.6 13231.4 12533.7
13178.4 20492.1 13242.5 12678.1
13189.2 20447.8 13252.7 12610.8
13201.2 20656.1 13265.3 12884.7
13211.2 21015.4 13275.3 13426
13222.9 21379.5 13286.1 13903.3
13233.4 21927.3 13297.5 14488.9
13244.8 22383.3 13308.3 15090.9
13255.1 22639.2 13320 15469.7
13265.9 22893.4 13331.1 15730.5
13276.7 22926.2 13342 15760.1
13288.1 22660.5 13354 15755.1
13299.8 22485 13364.2 15761.7
13310.7 22280 13375 15592.8
13321.8 22168.4 13387 15704.3
13332.6 22199.6 13397.9 15932.3
13343.1 22393.1 13409 16409.6
13354.6 22768.8 13420.1 16900
13365.7 23191.9 13430.9 17515.1
13376.5 23561 13442.3 18348.3
13386.8 24000.6 13454.9 18789.6
13398.5 24264.7 13464.9 19212.7
13409.9 24074.4 13477.2 19388.3
13421 23446.2 13487.7 19526
13431.5 22629.3 13497.1 19580.2
13442.6 21848.6 13497.4 19499.8
13452.9 20971.1 13485.7 19755.7
13464.3 20324.8 13475.1 20042.7
