4017.1 -175.141 4031.19 -133.485
4002.13 -129.579 4048.51 -153.011
3999.79 -126.976 4064.07 -162.123
4013.58 -94.432 4079.92 -182.951
4030.02 -103.544 4096.95 -156.916
4045.87 -67.0951 4112.51 -180.348
4063.48 -69.6986 4130.42 -180.348
4079.63 -119.165 4146.57 -193.365
4096.36 -108.751 4162.43 -138.692
4111.93 -82.7162 4179.46 -198.572
4128.95 -51.474 4194.15 -168.632
4145.98 -77.5092 4212.35 -193.365
4162.72 -104.846 4227.92 -184.253
4177.99 -74.9056 4244.37 -190.762
4195.03 -97.0355 4261.11 -180.348
4210.89 -100.941 4278.44 -184.253
4227.04 -95.7337 4294.01 -142.597
4244.96 -128.278 4309.29 -180.348
4260.53 -87.9232 4326.91 -164.727
4277.85 -86.6215 4343.95 -163.425
4293.13 -76.2074 4359.53 -179.046
4309.88 -86.6215 4375.1 -155.615
4328.09 -93.1302 4392.73 -146.502
4343.07 -104.846 4409.18 -177.744
4359.53 -112.657 4425.64 -137.39
4375.39 -47.5688 4442.09 -159.52
4391.85 -116.562 4458.55 -186.857
4408.3 -84.0179 4474.71 -141.295
4425.05 -78.8109 4490.88 -169.934
4441.21 -72.3021 4507.92 -167.33
4457.96 -91.8285 4523.5 -147.804
4474.42 -108.751 4540.84 -155.615
4490.58 -99.639 4557 -166.029
4506.75 -81.4144 4574.05 -99.639
4523.79 -85.3197 4589.63 -113.958
4539.96 -106.148 4605.8 -146.502
4556.71 -87.9232 4622.85 -129.579
4573.46 -85.3197 4638.72 -124.372
4589.04 -47.5688 4654.89 -111.355
4606.09 -72.3021 4671.35 -145.2
4622.55 -76.2074 4688.69 -137.39
4639.31 -90.5267 4704.86 -129.579
4654.59 -39.7582 4721.32 -153.011
4671.35 -116.562 4737.2 -120.467
4687.52 -97.0355 4753.95 -113.958
4704.27 -76.2074 4770.12 -143.899
4720.73 -89.225 4787.76 -98.3372
4737.2 -86.6215 4804.23 -134.786
4753.07 -87.9232 4819.81 -106.148
4770.12 -80.1127 4835.69 -123.071
4786.29 -91.8285 4852.45 -134.786
4802.76 -99.639 4868.62 -50.1723
4820.1 -85.3197 4885.08 -110.053
4836.27 -93.1302 4902.13 -84.0179
4850.98 -51.474 4918.31 -107.45
4868.91 -57.9828 4934.18 -110.053
4885.67 -60.5863 4950.36 -112.657
4901.25 -69.6986 4968 -116.562
4917.72 -73.6039 4983.87 -90.5267
4934.48 -69.6986 5001.22 -136.088
4950.36 -72.3021 5016.51 -130.881
4967.11 -77.5092 5032.39 -102.243
4983.58 -91.8285 5050.32 -123.071
4999.75 -113.958 5065.91 -119.165
5015.92 -64.4916 5082.38 -94.432
5033.27 -89.225 5098.55 -77.5092
5050.03 -80.1127 5115.9 -77.5092
5064.44 -76.2074 5132.36 -107.45
5081.2 -68.3969 5147.95 -94.432
5098.84 -65.7934 5165.29 -111.355
5115.31 -138.692 5182.05 -130.881
5130.6 -76.2074 5196.75 -133.485
5146.77 -80.1127 5213.81 -107.45
5164.71 -61.8881 5230.27 -100.941
5180.58 -24.1372 5247.33 -130.881
5196.75 -48.8705 5264.38 -117.864
5213.81 -43.6635 5279.97 -117.864
5229.1 -65.7934 5296.14 -128.278
5245.56 -59.2846 5312.31 -132.183
5262.91 -91.8285 5329.07 -97.0355
5278.79 -94.432 5345.53 -125.674
5295.55 -95.7337 5361.12 -102.243
5311.43 -95.7337 5379.35 -108.751
5327.89 -107.45 5395.52 -87.9232
5344.36 -87.9232 5411.98 -121.769
5362 -77.5092 5427.86 -95.7337
5377.29 -115.26 5443.14 -97.0355
5393.16 -82.7162 5461.37 -84.0179
5409.92 -71.0004 5477.54 -106.148
5426.09 -57.9828 5493.42 -133.485
5443.44 -48.8705 5511.06 -97.0355
5459.61 -77.5092 5526.93 -134.786
5475.48 -59.2846 5542.51 -111.355
5491.95 -61.8881 5558.97 -98.3372
5509.88 -54.0776 5576.61 -128.278
5524.58 -57.9828 5592.78 -110.053
5541.04 -72.3021 5608.95 -91.8285
5557.8 -128.278 5624.23 -95.7337
5573.97 -100.941 5641.28 -65.7934
5591.01 -116.562 5658.04 -73.6039
5606.89 -90.5267 5674.79 -119.165
5623.94 -63.1898 5690.96 -99.639
5640.11 -100.941 5707.12 -89.225
5656.86 -94.432 5724.47 -119.165
5672.73 -63.1898 5739.75 -90.5267
5689.49 -61.8881 5756.5 -99.639
5704.77 -65.7934 5772.66 -102.243
5721.52 -76.2074 5789.71 -100.941
5737.4 -100.941 5806.46 -106.148
5755.03 -71.0004 5822.33 -128.278
5771.49 -87.9232 5837.61 -87.9232
5787.65 -60.5863 5855.54 -87.9232
5804.4 -73.6039 5871.7 -84.0179
5820.86 -73.6039 5887.28 -104.846
5837.61 -89.225 5905.2 -125.674
5853.48 -121.769 5920.19 -112.657
5869.65 -87.9232 5936.94 -72.3021
5885.81 -97.0355 5953.68 -82.7162
5902.85 -85.3197 5970.72 -103.544
5919.01 -33.2495 5986.88 -90.5267
5936.05 -77.5092 6002.16 -81.4144
5951.92 -93.1302 6019.79 -116.562
5968.37 -76.2074 6036.24 -95.7337
5984.83 -103.544 6052.69 -107.45
6000.1 -69.6986 6068.26 -124.372
6018.03 -64.4916 6086.18 -73.6039
6034.48 -42.3617 6102.04 -98.3372
6049.46 -60.5863 6117.91 -115.26
6066.5 -42.3617 6135.24 -116.562
6082.95 -42.3617 6151.1 -110.053
6098.81 -93.1302 6166.66 -103.544
6116.14 -76.2074 6184.29 -117.864
6131.71 -63.1898 6200.44 -99.639
6149.04 -56.6811 6216.89 -133.485
6165.78 -90.5267 6233.33 -99.639
6181.94 -72.3021 6250.66 -74.9056
6198.68 -56.6811 6265.93 -72.3021
6214.24 -87.9232 6283.26 -100.941
6230.98 -90.5267 6299.11 -71.0004
6247.43 -95.7337 6314.97 -89.225
6263.29 -64.4916 6332 -107.45
6279.44 -55.3793 6347.86 -106.148
6295.88 -71.0004 6364.88 -98.3372
6312.62 -90.5267 6382.21 -106.148
6328.77 -37.1547 6396.89 -136.088
6345.8 -72.3021 6413.33 -115.26
6361.95 -71.0004 6430.65 -120.467
6377.8 -39.7582 6446.2 -116.562
6395.12 -47.5688 6463.23 -119.165
6410.98 -81.4144 6479.96 -126.976
6427.42 -78.8109 6496.11 -90.5267
6444.15 -85.3197 6511.66 -100.941
6460.59 -106.148 6529.57 -98.3372
6477.03 -76.2074 6545.71 -81.4144
6493.46 -82.7162 6561.85 -125.674
6509.02 -60.5863 6578.28 -104.846
6526.92 -65.7934 6595.01 -100.941
6542.48 -56.6811 6611.44 -115.26
6558.91 -39.7582 6627.58 -108.751
6575.35 -87.9232 6644.02 -126.976
6592.37 -71.0004 6660.74 -133.485
6607.92 -98.3372 6676.88 -126.976
6624.36 -55.3793 6693.31 -103.544
6641.67 -74.9056 6710.03 -94.432
6656.63 -123.071 6726.46 -99.639
6673.94 -73.6039 6742.6 -103.544
6690.67 -95.7337 6759.02 -111.355
6706.51 -93.1302 6776.33 -68.3969
6723.53 -74.9056 6791.59 -69.6986
6739.66 -84.0179 6808.6 -81.4144
6756.09 -51.474 6825.02 -86.6215
6771.93 -80.1127 6842.03 -111.355
6788.94 -104.846 6858.75 -116.562
6805.08 -91.8285 6874.3 -128.278
6820.92 -73.6039 6889.55 -128.278
6838.22 -56.6811 6907.14 -80.1127
6855.23 -51.474 6922.98 -97.0355
6871.36 -71.0004 6939.4 -98.3372
6887.2 -50.1723 6956.7 -125.674
6903.91 -74.9056 6972.82 -125.674
6920.04 -72.3021 6988.95 -126.976
6936.76 -59.2846 7005.66 -93.1302
6952.3 -77.5092 7021.49 -73.6039
6969.6 -74.9056 7038.79 -71.0004
6984.84 -86.6215 7055.2 -116.562
7002.44 -77.5092 7071.33 -110.053
7018.56 -98.3372 7087.16 -113.958
7035.27 -90.5267 7104.74 -115.26
7051.1 -113.958 7121.16 -98.3372
7067.22 -55.3793 7136.69 -90.5267
7083.64 -99.639 7152.81 -71.0004
7100.93 -95.7337 7170.1 -94.432
7116.76 -91.8285 7186.51 -129.579
7133.76 -91.8285 7202.92 -86.6215
7149.59 -61.8881 7218.75 -103.544
7165.7 -72.3021 7235.74 -84.0179
7182.41 -57.9828 7252.44 -115.26
7199.11 -72.3021 7268.27 -80.1127
7213.77 -82.7162 7284.38 -129.579
7231.64 -59.2846 7301.37 -117.864
7248.05 -82.7162 7317.19 -119.165
7264.75 -76.2074 7334.48 -113.958
7281.16 -84.0179 7350.59 -104.846
7296.69 -98.3372 7367.87 -81.4144
7313.97 -95.7337 7383.69 -41.06
7330.38 -98.3372 7399.8 -67.0951
7346.78 -104.846 7416.5 -64.4916
7362.6 -100.941 7432.9 -111.355
7379 -72.3021 7450.18 -93.1302
7396.58 -112.657 7465.99 -110.053
7411.81 -68.3969 7482.68 -146.502
7428.5 -110.053 7498.79 -107.45
7444.32 -84.0179 7514.9 -106.148
7461.6 -47.5688 7531.88 -125.674
7477.12 -59.2846 7547.98 -124.372
7494.11 -71.0004 7564.97 -110.053
7510.5 -55.3793 7581.65 -81.4144
7527.49 -85.3197 7598.34 -102.243
7543.59 -67.0951 7613.86 -80.1127
7559.69 -61.8881 7629.96 -87.9232
7576.38 -46.267 7647.52 -61.8881
7592.78 -90.5267 7663.91 -89.225
7609.17 -103.544 7679.14 -80.1127
7625.57 -89.225 7696.11 -89.225
7642.25 -104.846 7712.21 -95.7337
7658.06 -98.3372 7729.19 -95.7337
7674.75 -107.45 7745.58 -106.148
7692.01 -57.9828 7762.26 -130.881
7707.53 -65.7934 7778.06 -93.1302
7723.63 -91.8285 7795.03 -121.769
7740.31 -121.769 7811.71 -111.355
7756.4 -106.148 7828.1 -104.846
7773.38 -78.8109 7844.48 -87.9232
7790.06 -39.7582 7860.28 -102.243
7806.15 -61.8881 7877.25 -150.407
7822.83 -87.9232 7893.05 -90.5267
7838.63 -108.751 7910.31 -133.485
7854.43 -97.0355 7926.11 -77.5092
7870.82 -150.407 7942.2 -100.941
7887.2 -90.5267 7959.46 -108.751
7904.17 -68.3969 7975.25 -112.657
7920.55 -55.3793 7992.51 -104.846
7937.23 -64.4916 8008.6 -119.165
7953.02 -76.2074 8024.98 -123.071
7969.7 -130.881 8041.65 -94.432
7985.49 -97.0355 8058.32 -132.183
8002.75 -99.639 8073.82 -117.864
8019.13 -35.853 8089.9 -136.088
8035.8 -60.5863 8107.74 -120.467
8051.59 -59.2846 8124.12 -106.148
8068.26 -97.0355 8140.49 -126.976
8085.52 -107.45 8156.28 -159.52
8101.6 -98.3372 8172.66 -120.467
8117.68 -68.3969 8189.9 -138.692
8133.77 -77.5092 8206.28 -97.0355
8150.43 -95.7337 8221.77 -107.45
8166.81 -112.657 8238.73 -94.432
8183.18 -93.1302 8255.68 -113.958
8198.38 -124.372 8271.18 -102.243
8216.22 -115.26 8288.42 -136.088
8232.88 -93.1302 8304.79 -104.846
8248.67 -100.941 8321.16 -147.804
8264.75 -68.3969 8337.53 -159.52
8280.82 -52.7758 8353.9 -134.786
8297.78 -110.053 8370.56 -103.544
8314.44 -78.8109 8386.63 -142.597
8331.39 -84.0179 8403 -147.804
8346.88 -82.7162 8419.65 -159.52
8362.67 -76.2074 8435.43 -156.916
8379.91 -71.0004 8453.26 -128.278
8397.15 -80.1127 8469.04 -129.579
8413.52 -94.432 8485.11 -99.639
8429.59 -98.3372 8501.77 -110.053
8445.37 -102.243 8517.54 -125.674
8462.32 -116.562 8535.07 -110.053
8478.1 -102.243 8551.73 -120.467
8495.92 -76.2074 8568.09 -103.544
8511.41 -104.846 8582.99 -84.0179
8527.77 -99.639 8600.52 -95.7337
8544.13 -112.657 8617.17 -103.544
8560.78 -56.6811 8633.53 -139.993
8577.44 -93.1302 8649.3 -179.046
8592.92 -86.6215 8665.95 -167.33
8610.16 -84.0179 8682.6 -121.769
8625.64 -65.7934 8698.37 -133.485
8642.58 -61.8881 8715.6 -116.562
8658.94 -69.6986 8730.79 -145.2
8675.88 -61.8881 8748.02 -120.467
8691.36 -113.958 8764.67 -113.958
8708.6 -107.45 8781.32 -110.053
8724.37 -91.8285 8797.09 -77.5092
8740.72 -108.751 8814.03 -147.804
8757.37 -91.8285 8830.38 -117.864
8773.43 -116.562 8847.61 -146.502
8789.79 -80.1127 8863.67 -117.864
8805.85 -91.8285 8880.6 -139.993
8823.37 -99.639 8896.37 -125.674
8837.97 -104.846 8913.01 -119.165
8856.08 -117.864 8929.66 -143.899
8871.55 -78.8109 8946.59 -146.502
8888.2 -63.1898 8961.77 -162.123
8905.72 -78.8109 8977.54 -124.372
8921.19 -82.7162 8994.18 -136.088
8937.54 -94.432 9010.24 -107.45
8953.89 -98.3372 9028.04 -100.941
8970.24 -102.243 9044.1 -123.071
8987.17 -71.0004 9061.03 -133.485
9003.23 -81.4144 9076.79 -139.993
9020.16 -103.544 9093.43 -146.502
9035.63 -89.225 9109.49 -97.0355
9051.98 -91.8285 9127.58 -90.5267
9069.5 -123.071 9143.35 -116.562
9086.14 -90.5267 9159.11 -115.26
9101.02 -95.7337 9174.58 -116.562
9118.54 -52.7758 9192.38 -149.106
9133.72 -110.053 9208.73 -179.046
9151.52 -86.6215 9225.65 -167.33
9167.28 -106.148 9241.71 -117.864
9183.04 -82.7162 9257.76 -134.786
9199.39 -76.2074 9274.39 -121.769
9216.61 -103.544 9291.32 -168.632
9232.95 -100.941 9307.08 -155.615
9249.59 -60.5863 9323.13 -141.295
9265.05 -102.243 9339.76 -106.148
9281.69 -97.0355 9356.69 -121.769
9298.61 -80.1127 9373.03 -71.0004
9315.25 -110.053 9389.08 -116.562
9330.42 -86.6215 9406.29 -121.769
9347.64 -80.1127 9422.05 -112.657
9364.27 -89.225 9439.26 -151.709
9379.74 -100.941 9455.02 -151.709
9396.95 -61.8881 9471.65 -124.372
9412.42 -86.6215 9487.99 -133.485
9429.05 -69.6986 9504.33 -130.881
9445.68 -98.3372 9520.96 -149.106
9462.61 -99.639 9537.88 -168.632
9478.65 -68.3969 9554.22 -143.899
9495.58 -95.7337 9569.68 -177.744
9511.33 -103.544 9588.06 -130.881
9528.54 -106.148 9603.82 -154.313
9544.59 -125.674 9620.15 -173.839
9560.93 -91.8285 9636.49 -168.632
9576.97 -107.45 9653.12 -149.106
9593.31 -100.941 9669.16 -151.709
9610.23 -102.243 9684.63 -164.727
9626.57 -117.864 9701.84 -141.295
9642.91 -126.976 9718.75 -94.432
9659.54 -158.218 9735.09 -103.544
9675.87 -85.3197 9751.72 -147.804
9692.21 -98.3372 9768.64 -164.727
9707.96 -72.3021 9783.8 -175.141
9726.34 -91.8285 9800.72 -169.934
9740.93 -99.639 9816.77 -166.029
9757.84 -74.9056 9833.68 -163.425
9774.47 -72.3021 9850.6 -149.106
9791.1 -87.9232 9866.35 -142.597
9807.14 -54.0776 9882.39 -176.443
9823.77 -63.1898 9899.32 -189.46
9839.81 -85.3197 9916.23 -160.822
9856.73 -112.657 9932.86 -137.39
9871.6 -129.579 9948.61 -116.562
9889.11 -104.846 9965.81 -110.053
9905.44 -91.8285 9982.15 -136.088
9922.06 -43.6635 9997.32 -121.769
9937.52 -99.639 10013.6 -125.674
9954.73 -93.1302 10031.1 -146.502
9971.36 -93.1302 10047.5 -113.958
9986.82 -111.355 10064.1 -128.278
10004.3 -90.5267 10080.1 -166.029
10019.5 -39.7582 10095.9 -160.822
10036.7 -67.0951 10112.5 -120.467
10053 -46.267 10128.9 -134.786
10069.4 -72.3021 10146.1 -95.7337
10086 -71.0004 10162.7 -130.881
10102.9 -94.432 10179 -164.727
10118.6 -86.6215 10195 -149.106
10134.7 -59.2846 10211.7 -84.0179
10151.6 -35.853 10228 -57.9828
10167.6 -86.6215 10245.5 -35.853
10184.3 -69.6986 10261.5 -76.2074
10200.3 -97.0355 10277.9 -65.7934
10216.9 -89.225 10293 -149.106
10233.5 -65.7934 10310.3 -136.088
10249.3 -28.0424 10326.6 -158.218
10266.2 -21.5337 10343.8 -126.976
10282.8 -55.3793 10360.4 -59.2846
10298.9 -67.0951 10376.2 -85.3197
10315.5 -46.267 10392.5 -120.467
10332.1 -54.0776 10408.8 -147.804
10348.2 -29.3442 10425.2 -186.857
10364.5 -86.6215 10442.4 -145.2
10381.7 -43.6635 10458.1 -93.1302
10397.2 -51.474 10474.4 -48.8705
10413.8 -54.0776 10490.8 -69.6986
10430.4 -9.81786 10507.7 -130.881
10446.5 -25.4389 10524 -164.727
10463.4 -28.0424 10541 -177.744
10479.1 16.2173 10557.3 -173.839
10496.6 -46.267 10574.2 -97.0355
10513 -51.474 10590.2 -46.267
10527.8 -15.0249 10606.3 -59.2846
10545 -7.21435 10623.8 -99.639
10561.4 43.5541 10639.2 -184.253
10578 13.6137 10656.4 -208.986
10594 13.6137 10672.8 -125.674
10610.4 38.3471 10688.5 -104.846
10626.4 7.10496 10705.1 -81.4144
10642.7 31.8383 10721.5 -39.7582
10659.6 31.8383 10738.1 -112.657
10676.9 60.4769 10754.7 -162.123
10692.9 37.0453 10770.5 -184.253
10708.6 25.3295 10787.4 -115.26
10725.6 52.6664 10803.7 -73.6039
10741.6 37.0453 10819.8 -5.91259
10757.9 70.891 10837 -47.5688
10774.6 103.435 10853.9 -73.6039
10791.2 138.582 10869.9 -107.45
10807.5 119.056 10886.6 -125.674
10823.9 147.695 10902.6 -115.26
10840.2 55.2699 10919 -56.6811
10855.9 81.305 10935.6 -80.1127
10873.4 119.056 10951.6 -85.3197
10889.2 172.428 10969.4 -86.6215
10906.7 172.428 10985.8 -106.148
10922.2 191.954 11000.9 -43.6635
10938.5 115.151 11017.8 -104.846
10956 162.014 11033.6 -42.3617
10971.8 120.358 11051.1 -18.9302
10988.1 156.807 11066.8 -16.3266
11004.7 195.86 11084.1 -21.5337
11020.8 231.007 11100.4 -47.5688
11036.5 180.238 11116.1 -48.8705
11054 198.463 11133.6 -9.81786
11070.9 191.954 11149.1 -21.5337
11086.4 194.558 11166.3 26.6313
11101.9 240.119 11182.1 48.7611
11119.6 292.189 11199.3 68.2875
11135.7 307.811 11215.6 52.6664
11151.5 298.698 11232 78.7015
11168.1 264.853 11248 31.8383
11185 254.439 11264.4 33.1401
11201 280.474 11281.3 7.10496
11217.4 322.13 11297 56.5717
11234 349.467 11313.7 147.695
11250.9 344.26 11330.3 195.86
11266.7 332.544 11347.2 128.168
11283 328.639 11363.6 141.186
11300 348.165 11378.7 86.5121
11316 294.793 11396.2 82.6068
11332.9 363.786 11413.2 142.488
11348.4 396.33 11428.6 240.119
11365.9 361.182 11445 245.326
11381.6 411.951 11461.3 298.698
11398.3 410.649 11478.8 184.144
11414 418.46 11494.3 112.547
11431 421.063 11511.8 132.074
11446.7 460.116 11527.3 177.635
11464.5 490.056 11544.2 292.189
11479.7 470.53 11560.3 383.312
11496.6 482.246 11576.9 303.905
11513 467.926 11593.8 277.87
11529.6 480.944 11610.2 163.316
11545.7 483.548 11626.8 150.298
11561.7 499.169 11642.6 273.965
11578.4 542.127 11660.4 431.477
11594.4 535.618 11675.5 434.081
11611 587.688 11692.2 465.323
11628 583.783 11708.8 358.579
11644 598.102 11725.8 273.965
11660.1 590.291 11741.8 270.06
11676.1 605.913 11758.2 348.165
11693.4 620.232 11774.5 434.081
11709.4 625.439 11791.1 565.558
11726.6 663.19 11806.9 534.316
11742.1 690.527 11825 517.393
11758.5 684.018 11840.5 385.916
11774.5 724.372 11857.1 345.561
11792 667.095 11873.5 389.821
11808.4 681.414 11891 512.186
11823.5 635.853 11906.5 595.499
11839.9 685.32 11922 651.474
11857.4 741.295 11940.3 573.369
11873.5 811.59 11955.5 510.884
11889.8 776.443 11973.6 471.832
11906.2 803.78 11989.4 504.376
11922.8 786.857 12004.9 652.776
11939.2 745.2 12022.1 736.088
11955.5 775.141 12038.5 758.218
11971.3 859.755 12054.5 704.846
11988.5 866.264 12071.8 657.983
12004.6 909.222 12088.7 644.965
12021.5 949.576 12105.1 637.155
12037.6 881.885 12121.7 741.295
12053.9 853.246 12137.8 807.685
12069.4 870.169 12154.7 910.523
12086.9 897.506 12172.2 894.902
12102.7 914.429 12190.3 832.418
12119.4 1008.16 12201.7 769.934
12135.4 1042 12186.3 864.962
12152.4 1006.85 12167.9 862.358
