4016.52 -263.66 4030.31 -266.264
4002.13 -236.323 4047.04 -288.394
3999.2 -207.685 4063.48 -279.281
4013.58 -223.306 4080.51 -275.376
4030.02 -237.625 4096.95 -289.695
4046.46 -229.815 4113.1 -264.962
4062.89 -193.365 4129.54 -281.885
4079.34 -210.288 4145.98 -302.713
4096.36 -173.839 4162.72 -276.678
4112.51 -185.555 4178.88 -233.72
4129.25 -215.495 4195.61 -242.832
4145.4 -198.572 4212.06 -274.074
4161.26 -182.951 4228.21 -259.755
4177.99 -182.951 4244.66 -258.453
4194.44 -199.874 4260.53 -313.127
4211.77 -205.081 4277.56 -305.316
4228.51 -189.46 4294.3 -276.678
4244.07 -207.685 4310.76 -270.169
4260.53 -172.537 4327.21 -268.867
4276.97 -222.004 4343.07 -288.394
4293.72 -198.572 4360.41 -263.66
4310.17 -222.004 4376.27 -314.429
4326.62 -181.65 4393.02 -229.815
4343.37 -190.762 4408.6 -264.962
4359.82 -202.478 4425.93 -245.436
4375.98 -202.478 4441.8 -261.057
4391.55 -173.839 4458.84 -268.867
4409.18 -199.874 4474.42 -283.187
4425.34 -163.425 4490.58 -264.962
4442.39 -215.495 4507.92 -257.151
4458.26 -189.46 4523.5 -249.341
4474.42 -159.52 4540.84 -237.625
4490.58 -211.59 4556.71 -257.151
4506.75 -218.099 4573.46 -250.643
4523.5 -162.123 4589.34 -270.169
4539.96 -190.762 4606.09 -274.074
4556.71 -160.822 4622.26 -229.815
4572.88 -181.65 4639.31 -275.376
4589.04 -201.176 4655.47 -258.453
4605.21 -240.229 4672.23 -242.832
4622.26 -198.572 4687.81 -271.471
4638.13 -202.478 4705.15 -248.039
4656.06 -224.608 4721.32 -255.85
4671.05 -205.081 4738.67 -245.436
4688.1 -177.744 4753.07 -258.453
4704.57 -168.632 4770.42 -280.583
4721.03 -205.081 4787.47 -283.187
4737.78 -208.986 4802.46 -276.678
4753.66 -185.555 4819.52 -258.453
4769.54 -189.46 4835.69 -250.643
4786.59 -163.425 4852.74 -268.867
4803.35 -214.194 4868.91 -237.625
4820.1 -198.572 4884.79 -281.885
4835.69 -215.495 4901.84 -297.506
4851.27 -205.081 4918.89 -276.678
4868.62 -223.306 4935.06 -277.98
4885.08 -189.46 4950.94 -287.092
4902.13 -177.744 4967.7 -276.678
4917.42 -194.667 4985.05 -275.376
4934.18 -175.141 5000.93 -272.773
4951.24 -190.762 5017.69 -271.471
4967.41 -214.194 5033.27 -257.151
4983.87 -176.443 5050.03 -274.074
5000.05 -193.365 5065.61 -267.565
5015.92 -185.555 5081.79 -253.246
5032.1 -198.572 5099.14 -270.169
5049.15 -194.667 5115.9 -276.678
5065.61 -186.857 5132.36 -297.506
5082.08 -189.46 5148.83 -287.092
5097.96 -175.141 5164.41 -288.394
5115.01 -163.425 5180.88 -245.436
5131.77 -195.969 5197.34 -253.246
5147.65 -151.709 5214.99 -251.944
5163.53 -236.323 5231.16 -254.548
5180.58 -173.839 5247.04 -264.962
5196.75 -195.969 5264.68 -277.98
5213.52 -199.874 5279.67 -268.867
5230.27 -138.692 5296.14 -244.134
5246.45 -175.141 5312.31 -254.548
5261.74 -166.029 5328.48 -227.211
5279.38 -168.632 5345.24 -270.169
5295.84 -193.365 5361.7 -277.98
5312.01 -176.443 5378.46 -280.583
5327.6 -167.33 5395.22 -288.394
5344.65 -159.52 5411.39 -259.755
5362.29 -189.46 5428.15 -201.176
5377.29 -189.46 5444.03 -258.453
5394.63 -181.65 5460.49 -275.376
5410.22 -169.934 5478.13 -309.222
5426.09 -185.555 5493.42 -232.418
5443.44 -231.116 5510.17 -254.548
5459.61 -162.123 5526.64 -266.264
5475.78 -176.443 5542.22 -237.625
5491.95 -223.306 5558.97 -227.211
5509.88 -203.779 5576.61 -228.513
5525.76 -206.383 5592.19 -250.643
5540.75 -199.874 5608.65 -263.66
5557.5 -154.313 5625.12 -257.151
5575.14 -179.046 5640.99 -287.092
5591.01 -177.744 5657.74 -250.643
5607.19 -192.064 5673.32 -271.471
5623.64 -167.33 5691.25 -270.169
5639.81 -169.934 5707.12 -241.53
5655.98 -208.986 5722.99 -240.229
5673.03 -194.667 5740.63 -235.022
5688.9 -207.685 5756.8 -238.927
5705.65 -207.685 5773.25 -261.057
5721.82 -205.081 5790.01 -280.583
5738.57 -188.158 5806.46 -233.72
5754.74 -182.951 5822.04 -249.341
5770.9 -182.951 5838.5 -249.341
5787.65 -222.004 5854.66 -250.643
5803.52 -188.158 5871.7 -250.643
5819.98 -220.702 5888.74 -206.383
5837.32 -202.478 5904.32 -236.323
5853.78 -182.951 5920.77 -288.394
5869.94 -169.934 5937.82 -297.506
5886.1 -177.744 5953.98 -258.453
5903.14 -147.804 5971.02 -263.66
5919.31 -179.046 5986.88 -251.944
5935.76 -180.348 6003.34 -284.488
5952.21 -167.33 6019.79 -246.737
5968.96 -166.029 6035.95 -261.057
5983.95 -206.383 6052.69 -218.099
6001.57 -199.874 6069.73 -214.194
6017.15 -228.513 6084.42 -238.927
6033.3 -199.874 6101.46 -232.418
6050.34 -240.229 6117.61 -231.116
6066.5 -205.081 6134.06 -274.074
6083.24 -195.969 6151.39 -229.815
6099.11 -173.839 6166.66 -271.471
6116.14 -169.934 6183.7 -216.797
6131.71 -166.029 6200.15 -246.737
6149.04 -184.253 6217.48 -279.281
6165.2 -199.874 6233.04 -279.281
6182.23 -160.822 6249.78 -284.488
6197.5 -173.839 6265.93 -274.074
6214.54 -169.934 6282.08 -232.418
6230.1 -224.608 6299.11 -228.513
6248.31 -177.744 6316.14 -229.815
6264.46 -185.555 6331.12 -250.643
6280.61 -192.064 6348.44 -258.453
6297.35 -216.797 6364.88 -253.246
6312.91 -179.046 6380.74 -218.099
6329.06 -189.46 6398.06 -245.436
6345.21 -186.857 6413.62 -207.685
6362.53 -205.081 6430.35 -224.608
6378.68 -184.253 6446.79 -214.194
6394.83 -193.365 6463.82 -254.548
6411.27 -177.744 6479.96 -240.229
6427.71 -192.064 6495.52 -229.815
6443.56 -142.597 6512.84 -246.737
6461.18 -193.365 6528.69 -268.867
6477.32 -192.064 6545.41 -264.962
6492.88 -203.779 6562.44 -288.394
6509.02 -175.141 6578.28 -242.832
6526.04 -202.478 6595.01 -246.737
6542.19 -171.236 6611.15 -255.85
6559.21 -181.65 6628.17 -238.927
6575.94 -212.892 6644.6 -240.229
6591.78 -202.478 6660.45 -236.323
6607.92 -190.762 6678.05 -240.229
6624.06 -220.702 6694.19 -248.039
6640.79 -193.365 6709.44 -232.418
6658.1 -192.064 6727.05 -241.53
6673.94 -182.951 6743.18 -244.134
6689.79 -202.478 6759.02 -258.453
6706.81 -199.874 6776.62 -268.867
6722.65 -185.555 6792.17 -262.358
6739.37 -147.804 6808.3 -263.66
6755.8 -142.597 6824.73 -238.927
6771.64 -190.762 6841.45 -248.039
6788.36 -188.158 6857.58 -236.323
6805.37 -169.934 6874.88 -233.72
6821.8 -158.218 6890.72 -236.323
6837.63 -205.081 6907.73 -238.927
6855.23 -190.762 6923.27 -250.643
6870.78 -193.365 6939.1 -229.815
6887.79 -199.874 6956.4 -206.383
6902.45 -206.383 6972.82 -216.797
6920.04 -205.081 6989.83 -211.59
6936.17 -207.685 7006.25 -245.436
6952.3 -220.702 7021.78 -229.815
6969.3 -154.313 7039.08 -241.53
6984.84 -172.537 7055.2 -235.022
7001.55 -206.383 7071.91 -250.643
7017.97 -151.709 7088.04 -236.323
7034.39 -202.478 7104.16 -205.081
7051.98 -168.632 7121.16 -251.944
7067.52 -156.916 7137.28 -280.583
7082.76 -211.59 7153.98 -241.53
7100.05 -149.106 7170.98 -194.667
7116.47 -184.253 7186.22 -235.022
7133.76 -190.762 7204.1 -241.53
7149.88 -203.779 7219.04 -206.383
7164.83 -190.762 7235.74 -205.081
7182.41 -214.194 7252.44 -222.004
7199.41 -180.348 7268.56 -232.418
7214.94 -199.874 7285.26 -179.046
7232.23 -167.33 7301.67 -210.288
7248.64 -198.572 7318.07 -227.211
7263.58 -158.218 7335.07 -236.323
7281.16 -179.046 7351.18 -218.099
7296.69 -151.709 7367.87 -232.418
7313.97 -162.123 7384.28 -190.762
7330.67 -192.064 7401.27 -240.229
7345.9 -173.839 7415.91 -231.116
7362.31 -197.271 7433.19 -216.797
7379.3 -169.934 7449 -224.608
7395.7 -190.762 7466.87 -220.702
7412.1 -202.478 7483.27 -205.081
7428.5 -205.081 7498.79 -220.702
7444.91 -194.667 7515.19 -219.401
7461.31 -176.443 7531.29 -198.572
7477.41 -208.986 7548.28 -238.927
7494.69 -189.46 7565.55 -184.253
7510.21 -214.194 7581.07 -229.815
7526.32 -166.029 7597.46 -222.004
7543.3 -201.176 7614.74 -261.057
7560.28 -189.46 7629.67 -245.436
7576.09 -175.141 7646.94 -246.737
7592.49 -184.253 7663.04 -264.962
7608.59 -164.727 7680.31 -249.341
7625.86 -176.443 7696.41 -270.169
7642.55 -136.088 7712.8 -258.453
7658.35 -190.762 7729.77 -231.116
7674.45 -192.064 7744.99 -246.737
7691.14 -214.194 7761.96 -236.323
7707.23 -216.797 7778.65 -274.074
7724.5 -155.615 7794.45 -227.211
7740.31 -181.65 7811.42 -241.53
7756.99 -162.123 7827.81 -189.46
7773.96 -199.874 7844.19 -211.59
7789.18 -203.779 7861.16 -238.927
7805.27 -150.407 7877.25 -248.039
7822.25 -216.797 7893.05 -255.85
7838.34 -203.779 7908.85 -263.66
7854.73 -184.253 7925.82 -284.488
7871.4 -147.804 7942.78 -245.436
7886.91 -182.951 7960.04 -263.66
7903.58 -179.046 7975.55 -275.376
7919.97 -205.081 7991.34 -249.341
7936.64 -222.004 8008.31 -279.281
7953.61 -166.029 8025.27 -203.779
7970.57 -159.52 8041.36 -238.927
7986.66 -224.608 8058.61 -246.737
8002.16 -156.916 8074.4 -268.867
8019.13 -245.436 8091.07 -277.98
8034.92 -261.057 8106.57 -254.548
8052.18 -208.986 8123.53 -211.59
8068.26 -197.271 8140.2 -244.134
8085.22 -167.33 8155.99 -201.176
8101.6 -164.727 8173.53 -211.59
8116.81 -185.555 8189.03 -238.927
8134.35 -202.478 8205.69 -242.832
8150.14 -199.874 8221.77 -272.773
8166.22 -171.236 8238.14 -267.565
8182.3 -194.667 8254.81 -225.909
8199.26 -156.916 8271.47 -244.134
8215.93 -171.236 8288.42 -251.944
8232.88 -172.537 8304.21 -274.074
8249.25 -190.762 8321.75 -302.713
8265.04 -245.436 8337.53 -244.134
8280.82 -199.874 8353.9 -224.608
8297.19 -155.615 8370.26 -220.702
8314.44 -203.779 8387.22 -227.211
8330.81 -179.046 8404.17 -244.134
8347.17 -205.081 8419.65 -253.246
8362.96 -214.194 8435.73 -241.53
8379.62 -228.513 8452.38 -249.341
8396.86 -197.271 8469.04 -271.471
8414.1 -192.064 8484.82 -231.116
8429 -137.39 8501.77 -257.151
8445.37 -172.537 8517.54 -264.962
8461.73 -203.779 8534.78 -279.281
8478.1 -179.046 8551.43 -292.299
8495.34 -149.106 8568.09 -246.737
8511.41 -180.348 8583.86 -244.134
8527.48 -164.727 8600.22 -250.643
8544.13 -197.271 8616.87 -228.513
8561.08 -179.046 8633.23 -283.187
8576.27 -236.323 8649.01 -267.565
8593.5 -180.348 8665.95 -249.341
8610.45 -235.022 8682.6 -237.625
8625.35 -188.158 8698.08 -224.608
8642 -186.857 8715.9 -268.867
8658.94 -199.874 8732.84 -240.229
8675.88 -208.986 8747.73 -237.625
8691.66 -227.211 8765.84 -276.678
8707.72 -206.383 8781.32 -289.695
8725.24 -169.934 8797.67 -307.92
8741.02 -155.615 8813.73 -249.341
8756.78 -186.857 8830.38 -267.565
8773.43 -172.537 8847.32 -285.79
8790.08 -207.685 8863.67 -330.05
8806.73 -190.762 8880.02 -259.755
8823.95 -172.537 8896.08 -264.962
8839.43 -190.762 8912.14 -240.229
8854.91 -181.65 8929.37 -263.66
8872.43 -193.365 8946.01 -264.962
8888.78 -199.874 8962.36 -270.169
8905.13 -222.004 8979 -216.797
8921.48 -224.608 8995.06 -274.074
8937.54 -194.667 9011.99 -214.194
8955.06 -188.158 9027.17 -219.401
8970.24 -164.727 9044.39 -262.358
8985.71 -195.969 9061.03 -285.79
9003.23 -198.572 9077.38 -301.411
9019.58 -203.779 9093.73 -253.246
9036.22 -173.839 9109.78 -249.341
9052.56 -164.727 9126.42 -242.832
9068.62 -163.425 9143.05 -258.453
9084.38 -208.986 9159.98 -293.601
9101.61 -177.744 9176.33 -332.653
9118.25 -216.797 9192.38 -248.039
9134.3 -182.951 9209.02 -224.608
9151.23 -218.099 9225.65 -192.064
9167.28 -168.632 9242 -216.797
9183.33 -208.986 9258.05 -236.323
9200.26 -184.253 9274.39 -289.695
9216.31 -211.59 9290.15 -285.79
9233.24 -190.762 9307.66 -296.204
9249.3 -216.797 9324 -211.59
9265.34 -192.064 9340.34 -210.288
9281.1 -175.141 9356.69 -231.116
9298.61 -182.951 9373.03 -266.264
9315.25 -211.59 9389.66 -323.541
9330.72 -158.218 9405.13 -315.73
9348.81 -173.839 9422.63 -235.022
9363.1 -185.555 9438.68 -197.271
9380.32 -214.194 9455.31 -184.253
9396.95 -194.667 9472.23 -227.211
9414.17 -172.537 9488.57 -257.151
9429.64 -208.986 9504.62 -328.748
9446.27 -214.194 9520.67 -294.902
9462.31 -215.495 9536.71 -238.927
9479.24 -197.271 9553.93 -176.443
9494.99 -211.59 9570.56 -218.099
9512.5 -201.176 9587.19 -220.702
9528.54 -175.141 9603.52 -242.832
9545.47 -179.046 9618.99 -301.411
9560.64 -173.839 9636.49 -307.92
9576.97 -180.348 9651.95 -250.643
9593.02 -184.253 9669.45 -249.341
9610.23 -151.709 9684.92 -227.211
9626.28 -146.502 9702.42 -250.643
9642.32 -169.934 9718.75 -297.506
9659.24 -190.762 9734.51 -283.187
9675.29 -136.088 9751.72 -238.927
9692.79 -166.029 9767.18 -219.401
9709.13 -155.615 9784.97 -188.158
9724.88 -171.236 9800.43 -244.134
9741.22 -171.236 9817.06 -257.151
9757.55 -201.176 9833.39 -279.281
9774.76 -142.597 9850.31 -284.488
9789.93 -130.881 9866.94 -224.608
9807.14 -129.579 9882.39 -241.53
9822.89 -128.278 9899.6 -199.874
9839.81 -112.657 9915.35 -216.797
9855.85 -121.769 9931.4 -261.057
9872.19 -100.941 9948.9 -304.015
9889.98 -124.372 9965.52 -284.488
9905.73 -85.3197 9981.57 -310.523
9922.65 -93.1302 9997.61 -287.092
9938.1 -125.674 10014.5 -298.808
9954.15 -108.751 10030 -289.695
9971.65 -86.6215 10046.9 -320.937
9987.4 -87.9232 10064.1 -276.678
10004.3 -68.3969 10079.9 -259.755
10020.9 -67.0951 10095.9 -237.625
10036.4 -65.7934 10113.7 -242.832
10053 -76.2074 10129.7 -232.418
10069.6 -24.1372 10145.5 -229.815
10085.1 -71.0004 10163.3 -228.513
10101.7 -25.4389 10178.7 -267.565
10118.4 -59.2846 10195 -246.737
10135.3 -9.81786 10212 -257.151
10150.7 -17.6284 10227.7 -261.057
10167.4 -0.70557 10244.6 -254.548
10184.3 42.2524 10261.3 -255.85
10200.6 14.9155 10277.9 -277.98
10216.6 3.1997 10294.5 -214.194
10233.8 53.9682 10310.8 -211.59
10249 14.9155 10326.6 -205.081
10265.9 26.6313 10343.2 -244.134
10283.4 27.9331 10359.8 -231.116
10299.5 7.10496 10375.3 -238.927
10316.1 25.3295 10392.8 -132.183
10331.8 24.0278 10409.1 -128.278
10348.2 26.6313 10425.4 -145.2
10363.6 37.0453 10441.8 -175.141
10381.7 40.9506 10457.8 -155.615
10397.5 66.9857 10475 -190.762
10414.1 99.5296 10491.9 -185.555
10430.1 85.2103 10507.7 -153.011
10446.5 107.34 10524.9 -137.39
10463.1 93.0208 10540.4 -107.45
10479.1 103.435 10557.6 -147.804
10496.6 128.168 10573.6 -211.59
10513.2 145.091 10590.2 -150.407
10528.4 156.807 10607.2 -90.5267
10545.3 182.842 10622.3 -67.0951
10561.1 163.316 10639.5 -68.3969
10577.7 156.807 10656.7 -100.941
10594.3 126.866 10673.4 -103.544
10610.6 158.109 10688.2 -106.148
10627.6 186.747 10704.9 -91.8285
10643 188.049 10721.8 -55.3793
10660.2 234.912 10737.8 -18.9302
10676 242.723 10754.7 -20.2319
10693.2 202.368 10771.6 -20.2319
10708.9 237.516 10787.7 -61.8881
10725.3 217.989 10802.9 -35.853
10741.9 313.018 10821.5 -35.853
10757.6 335.147 10836.7 -30.646
10774.9 322.13 10853 -11.1196
10790.9 281.775 10870.5 26.6313
10807.5 301.302 10886 26.6313
10824.1 285.681 10902.9 -16.3266
10840.5 322.13 10918.7 77.3998
10856.5 375.502 10935.3 47.4594
10873.4 379.407 10952.2 74.7963
10889.8 408.046 10969.4 76.098
10905.8 383.312 10985.5 96.9261
10921.6 332.544 11000.9 103.435
10938.2 370.295 11018.1 108.642
10954.5 392.425 11034.5 111.245
10972.9 460.116 11050.8 90.4173
10987.8 483.548 11066.8 132.074
11004.7 510.884 11083.5 146.393
11020.5 491.358 11099.8 193.256
11037.4 466.625 11116.4 185.445
11053.1 470.53 11132.8 169.824
11070.3 530.411 11148.5 180.238
11087 534.316 11165.2 138.582
11102.4 574.67 11182.4 188.049
11119.6 557.748 11198.7 193.256
11134.5 504.376 11214.8 204.972
11151.1 514.79 11230.5 253.137
11168.7 556.446 11248.6 268.758
11185.3 608.516 11265.2 296.095
11201 644.965 11281 224.498
11217.7 629.344 11297 329.94
11233.4 628.042 11314 319.526
11249.2 639.758 11330 319.526
11267 628.042 11346.9 328.639
11283.9 638.456 11362.4 350.768
11299.4 677.509 11380.2 366.39
11315.7 724.372 11397.4 398.933
11331.8 728.278 11412 375.502
11348.7 766.029 11429.2 413.253
11365.9 717.864 11445.9 415.856
11381.6 708.751 11462.2 418.46
11397.1 751.709 11478.5 434.081
11414.6 772.537 11495.2 418.46
11430.7 784.253 11511.8 426.27
11447 781.65 11527.6 495.263
11464 771.236 11543.9 469.228
11480.3 786.857 11560.5 539.523
11495.5 797.271 11576.6 499.169
11513 835.022 11594.7 559.049
11528.7 877.98 11610.2 586.386
11545.1 883.187 11626.5 598.102
11562 906.618 11643.4 553.842
11578.6 904.015 11660.7 609.818
11594.7 939.162 11675.8 604.611
11611.3 907.92 11692.5 592.895
11628 963.895 11709.1 630.646
11643.7 970.404 11725.5 695.734
11660.4 941.766 11741.8 697.036
11676.4 979.517 11758.5 726.976
11693.4 963.895 11775.7 720.467
11709.7 980.818 11791.1 706.148
11725.8 1014.66 11808.7 682.716
11742.4 1053.72 11823.8 750.407
11757.9 1021.17 11841.4 786.857
11775.4 1084.96 11856.8 866.264
11792 1027.68 11873.5 892.299
11807.5 1096.67 11890.1 863.66
11823.8 1144.84 11905.9 893.601
11840.8 1189.1 11922.5 866.264
11856.8 1179.99 11939.2 907.92
11873.8 1202.12 11955.8 926.145
11890.1 1187.8 11973.3 969.102
11905.3 1206.02 11989.4 997.741
11922.8 1217.74 12006.3 983.422
11939.2 1235.96 12021.8 993.836
11955.2 1254.19 12038.2 982.12
11972.8 1289.33 12055.7 1039.4
11988.2 1286.73 12071.8 1097.98
12005.2 1286.73 12088.7 1152.65
12021.2 1308.86 12104.5 1153.95
12037 1312.77 12121.1 1121.41
12052.8 1327.09 12138.3 1116.2
12071.2 1360.93 12155 1135.73
12086.7 1360.93 12172.5 1233.36
12102.1 1405.19 12189.2 1267.2
12119.4 1362.23 12200.6 1337.5
12135.7 1441.64 12184.8 1373.95
12151.8 1441.64 12168.7 1380.46
