4015.63 -188.158 4030.61 -179.046
4003.02 -177.744 4048.51 -197.271
3999.49 -181.65 4064.36 -215.495
4013.87 -172.537 4080.22 -210.288
4030.02 -220.702 4095.78 -244.134
4047.92 -188.158 4113.39 -227.211
4063.19 -179.046 4130.13 -251.944
4079.63 -166.029 4145.98 -163.425
4095.78 -184.253 4162.14 -192.064
4112.51 -164.727 4179.17 -212.892
4129.25 -189.46 4195.03 -248.039
4145.98 -186.857 4211.47 -222.004
4161.26 -155.615 4228.21 -207.685
4178.29 -167.33 4244.07 -211.59
4195.32 -176.443 4260.82 -186.857
4210.89 -143.899 4276.68 -182.951
4227.92 -136.088 4294.3 -199.874
4244.96 -177.744 4311.05 -218.099
4260.53 -181.65 4326.62 -199.874
4277.56 -189.46 4343.66 -208.986
4293.43 -160.822 4359.53 -214.194
4310.46 -167.33 4376.57 -202.478
4326.62 -154.313 4392.14 -186.857
4342.49 -124.372 4408.3 -185.555
4358.65 -168.632 4425.05 -190.762
4375.68 -182.951 4440.62 -223.306
4393.32 -195.969 4458.84 -225.909
4409.48 -172.537 4474.13 -180.348
4425.93 -220.702 4490.88 -188.158
4441.8 -182.951 4507.63 -194.667
4457.96 -163.425 4524.67 -201.176
4474.13 -158.218 4540.25 -160.822
4490.88 -171.236 4555.83 -218.099
4507.04 -163.425 4573.76 -222.004
4523.79 -155.615 4589.04 -205.081
4540.55 -163.425 4605.8 -173.839
4556.71 -136.088 4623.14 -201.176
4573.76 -181.65 4639.31 -193.365
4588.75 -126.976 4656.65 -194.667
4605.8 -182.951 4671.35 -229.815
4621.38 -113.958 4688.4 -206.383
4639.01 -171.236 4705.15 -211.59
4655.18 -164.727 4721.62 -214.194
4671.05 -184.253 4738.67 -199.874
4688.4 -162.123 4753.37 -197.271
4704.27 -151.709 4771.01 -180.348
4721.03 -175.141 4786.88 -193.365
4736.9 -168.632 4802.46 -190.762
4753.37 -194.667 4819.52 -190.762
4770.42 -134.786 4836.27 -225.909
4786.29 -160.822 4853.03 -193.365
4802.46 -150.407 4868.91 -227.211
4819.52 -159.52 4885.38 -202.478
4835.69 -141.295 4901.84 -198.572
4851.86 -153.011 4918.31 -212.892
4868.32 -160.822 4935.95 -218.099
4884.79 -164.727 4952.12 -201.176
4900.96 -164.727 4968.58 -211.59
4917.72 -153.011 4983.87 -211.59
4934.18 -197.271 5000.63 -214.194
4950.36 -206.383 5017.1 -231.116
4967.11 -173.839 5033.57 -240.229
4983.87 -210.288 5049.74 -248.039
4999.75 -149.106 5066.2 -193.365
5016.51 -169.934 5082.67 -223.306
5033.57 -166.029 5099.43 -197.271
5048.56 -164.727 5115.9 -206.383
5065.91 -150.407 5132.07 -231.116
5081.49 -168.632 5148.24 -193.365
5098.84 -169.934 5165 -211.59
5115.31 -175.141 5181.47 -194.667
5131.19 -143.899 5198.23 -202.478
5147.65 -145.2 5213.81 -220.702
5164.12 -160.822 5230.57 -206.383
5180.29 -128.278 5247.04 -190.762
5196.46 -149.106 5262.91 -227.211
5212.34 -154.313 5280.85 -208.986
5229.39 -158.218 5296.43 -214.194
5246.45 -181.65 5312.31 -224.608
5263.21 -177.744 5329.07 -212.892
5279.08 -193.365 5345.83 -202.478
5295.55 -158.218 5362.29 -192.064
5311.43 -149.106 5378.76 -214.194
5328.48 -186.857 5395.52 -241.53
5344.36 -180.348 5411.1 -188.158
5360.53 -150.407 5427.86 -189.46
5376.99 -149.106 5444.03 -192.064
5393.46 -120.467 5461.08 -214.194
5410.51 -154.313 5478.13 -206.383
5426.97 -169.934 5492.83 -224.608
5442.85 -156.916 5509.29 -185.555
5459.61 -164.727 5526.05 -181.65
5476.07 -192.064 5543.1 -202.478
5492.53 -129.579 5559.56 -194.667
5509.59 -137.39 5576.61 -207.685
5525.17 -194.667 5592.78 -201.176
5541.34 -145.2 5608.95 -167.33
5557.5 -155.615 5625.12 -176.443
5574.26 -154.313 5641.28 -203.779
5590.72 -164.727 5658.33 -147.804
5606.3 -188.158 5674.2 -188.158
5623.64 -160.822 5691.25 -184.253
5640.4 -173.839 5707.12 -194.667
5656.27 -175.141 5723.88 -212.892
5673.62 -190.762 5740.34 -214.194
5689.49 -130.881 5756.5 -190.762
5705.65 -125.674 5773.55 -212.892
5722.41 -173.839 5789.71 -229.815
5738.28 -132.183 5804.7 -235.022
5754.74 -168.632 5822.63 -219.401
5771.49 -156.916 5838.5 -229.815
5787.65 -124.372 5854.66 -248.039
5804.11 -159.52 5872 -220.702
5820.27 -192.064 5888.16 -222.004
5836.73 -184.253 5904.02 -232.418
5853.19 -163.425 5920.19 -215.495
5869.35 -180.348 5936.94 -210.288
5886.39 -180.348 5953.39 -188.158
5903.44 -149.106 5970.14 -186.857
5917.84 -172.537 5987.18 -214.194
5935.17 -168.632 6003.34 -214.194
5952.21 -150.407 6019.79 -231.116
5968.08 -169.934 6035.65 -224.608
5985.12 -181.65 6052.69 -176.443
6001.57 -147.804 6068.85 -205.081
6017.44 -119.165 6084.71 -207.685
6033.6 -112.657 6102.04 -224.608
6050.34 -143.899 6117.91 -238.927
6066.21 -138.692 6134.94 -233.72
6082.95 -175.141 6151.1 -207.685
6099.4 -166.029 6168.43 -190.762
6115.85 -146.502 6184.29 -198.572
6131.42 -128.278 6201.03 -219.401
6148.45 -155.615 6216.01 -205.081
6165.2 -176.443 6232.45 -212.892
6181.35 -151.709 6249.78 -235.022
6197.21 -173.839 6266.81 -219.401
6214.54 -228.513 6282.96 -180.348
6230.69 -181.65 6299.11 -173.839
6247.43 -146.502 6314.97 -215.495
6263.29 -115.26 6331.12 -236.323
6280.03 -95.7337 6349.03 -210.288
6297.35 -160.822 6363.71 -216.797
6313.21 -169.934 6381.03 -189.46
6329.36 -138.692 6398.06 -219.401
6345.21 -138.692 6414.21 -211.59
6362.53 -125.674 6430.35 -197.271
6378.1 -153.011 6447.67 -202.478
6395.12 -169.934 6462.64 -167.33
6411.27 -180.348 6480.55 -192.064
6426.83 -180.348 6496.4 -219.401
6443.56 -185.555 6512.84 -205.081
6461.47 -134.786 6528.69 -198.572
6477.32 -159.52 6545.41 -194.667
6492.88 -164.727 6562.14 -189.46
6510.19 -145.2 6578.28 -171.236
6525.16 -143.899 6594.72 -172.537
6542.48 -126.976 6611.74 -190.762
6559.21 -130.881 6627.58 -216.797
6575.06 -130.881 6643.72 -216.797
6591.78 -147.804 6661.03 -219.401
6607.34 -139.993 6677.17 -171.236
6624.36 -142.597 6692.72 -219.401
6641.38 -120.467 6710.03 -189.46
6657.51 -155.615 6726.17 -188.158
6672.48 -132.183 6743.18 -193.365
6689.49 -164.727 6759.02 -197.271
6706.81 -145.2 6775.45 -175.141
6722.65 -156.916 6792.17 -176.443
6739.96 -138.692 6808.6 -198.572
6756.09 -189.46 6824.73 -184.253
6771.93 -133.485 6841.15 -185.555
6788.65 -145.2 6857.87 -167.33
6805.08 -132.183 6874.3 -211.59
6820.92 -168.632 6890.42 -222.004
6838.51 -136.088 6907.43 -222.004
6854.94 -141.295 6923.85 -208.986
6871.07 -121.769 6939.98 -195.969
6886.61 -138.692 6956.99 -245.436
6903.03 -108.751 6972.53 -219.401
6919.16 -156.916 6988.95 -211.59
6936.46 -159.52 7005.95 -202.478
6952.88 -168.632 7021.78 -194.667
6968.72 -117.864 7039.08 -205.081
6985.43 -124.372 7055.2 -167.33
7001.55 -139.993 7071.33 -171.236
7017.97 -173.839 7088.04 -182.951
7034.98 -181.65 7104.74 -197.271
7051.69 -179.046 7120.57 -194.667
7067.52 -201.176 7136.69 -218.099
7083.93 -139.993 7154.28 -182.951
7100.05 -145.2 7169.81 -198.572
7117.05 -126.976 7186.22 -231.116
7133.47 -138.692 7202.92 -244.134
7148.71 -180.348 7219.04 -266.264
7166.29 -173.839 7235.74 -246.737
7182.41 -160.822 7253.03 -228.513
7198.82 -158.218 7269.15 -207.685
7214.94 -116.562 7285.85 -180.348
7230.76 -155.615 7301.67 -222.004
7248.64 -162.123 7318.37 -202.478
7264.16 -145.2 7334.48 -236.323
7280.87 -186.857 7351.18 -215.495
7296.98 -156.916 7367.29 -201.176
7313.39 -136.088 7382.81 -210.288
7329.79 -176.443 7400.68 -210.288
7347.37 -186.857 7415.91 -151.709
7362.31 -149.106 7434.07 -193.365
7379.3 -142.597 7449.3 -210.288
7395.7 -136.088 7467.16 -215.495
7411.81 -168.632 7481.8 -210.288
7429.09 -130.881 7499.08 -253.246
7444.91 -130.881 7516.07 -198.572
7460.43 -121.769 7532.46 -171.236
7478 -121.769 7547.69 -186.857
7494.69 -146.502 7564.97 -195.969
7510.21 -151.709 7581.07 -216.797
7527.78 -95.7337 7597.46 -228.513
7543.01 -156.916 7613.86 -211.59
7560.28 -162.123 7630.84 -190.762
7576.38 -159.52 7646.65 -224.608
7593.07 -150.407 7663.33 -184.253
7608.59 -160.822 7679.72 -214.194
7625.57 -175.141 7696.11 -215.495
7641.38 -143.899 7711.92 -232.418
7658.65 -198.572 7728.6 -238.927
7674.16 -145.2 7745.58 -241.53
7690.85 -121.769 7762.55 -240.229
7706.36 -142.597 7778.65 -241.53
7724.21 -125.674 7794.45 -248.039
7740.89 -99.639 7810.83 -268.867
7756.4 -128.278 7828.1 -285.79
7773.38 -142.597 7844.78 -250.643
7788.6 -139.993 7861.16 -205.081
7805.86 -108.751 7877.25 -210.288
7822.25 -120.467 7893.05 -198.572
7838.92 -143.899 7910.31 -198.572
7855.02 -167.33 7925.53 -193.365
7871.11 -171.236 7942.78 -176.443
7887.2 -192.064 7960.04 -214.194
7905.05 -167.33 7975.25 -194.667
7920.26 -155.615 7992.51 -194.667
7936.64 -141.295 8008.31 -212.892
7953.9 -139.993 8024.68 -218.099
7970.28 -151.709 8041.36 -214.194
7986.37 -150.407 8057.73 -208.986
8003.33 -139.993 8073.82 -259.755
8019.71 -130.881 8090.49 -246.737
8035.8 -99.639 8107.45 -232.418
8051.89 -163.425 8123.24 -228.513
8068.55 -155.615 8139.32 -215.495
8084.93 -160.822 8156.57 -211.59
8101.31 -162.123 8172.66 -185.555
8119.14 -156.916 8189.32 -172.537
8134.94 -125.674 8205.4 -207.685
8149.85 -164.727 8222.36 -176.443
8166.52 -145.2 8238.14 -180.348
8182.3 -189.46 8255.68 -150.407
8199.26 -186.857 8271.18 -184.253
8216.22 -212.892 8287.55 -206.383
8232.59 -172.537 8303.62 -203.779
8249.25 -150.407 8320.58 -222.004
8265.04 -124.372 8337.24 -212.892
8280.82 -147.804 8353.6 -202.478
8298.36 -132.183 8370.85 -194.667
8315.02 -146.502 8386.63 -168.632
8330.81 -130.881 8403.29 -171.236
8346.59 -139.993 8419.65 -227.211
8363.83 -136.088 8435.73 -218.099
8379.32 -137.39 8452.68 -242.832
8396.86 -163.425 8469.04 -208.986
8414.1 -159.52 8485.99 -182.951
8429.3 -162.123 8502.06 -171.236
8444.79 -162.123 8518.42 -150.407
8462.03 -121.769 8534.78 -175.141
8478.97 -124.372 8551.43 -195.969
8494.46 -141.295 8567.8 -231.116
8511.11 -137.39 8583.57 -227.211
8527.77 -147.804 8599.93 -228.513
8543.84 -175.141 8616.58 -190.762
8559.91 -124.372 8633.53 -169.934
8576.85 -145.2 8649.3 -212.892
8593.21 -133.485 8665.66 -228.513
8609.86 -150.407 8682.89 -233.72
8626.51 -153.011 8698.96 -214.194
8642 -119.165 8715.9 -212.892
8658.65 -164.727 8731.96 -203.779
8675.01 -141.295 8748.02 -236.323
8691.66 -126.976 8764.09 -207.685
8707.72 -166.029 8780.73 -235.022
8725.24 -155.615 8797.96 -212.892
8740.72 -175.141 8814.03 -195.969
8756.78 -166.029 8830.38 -208.986
8773.72 -141.295 8847.02 -185.555
8790.08 -133.485 8863.67 -188.158
8806.43 -145.2 8878.56 -212.892
8823.37 -125.674 8896.66 -222.004
8837.97 -150.407 8912.14 -258.453
8855.78 -142.597 8929.07 -219.401
8872.14 -120.467 8946.3 -223.306
8888.2 -106.148 8962.65 -231.116
8904.84 -147.804 8979 -216.797
8921.19 -142.597 8995.06 -229.815
8938.42 -145.2 9011.99 -211.59
8954.47 -158.218 9028.04 -206.383
8969.95 -162.123 9044.1 -177.744
8986.3 -154.313 9061.32 -189.46
9002.65 -166.029 9077.67 -194.667
9020.16 -150.407 9094.02 -180.348
9035.93 -125.674 9110.07 -212.892
9051.98 -164.727 9126.42 -186.857
9068.33 -160.822 9143.35 -185.555
9085.26 -192.064 9159.69 -199.874
9101.61 -133.485 9175.45 -180.348
9119.12 -143.899 9192.38 -220.702
9134.59 -100.941 9208.14 -233.72
9150.94 -141.295 9225.65 -267.565
9166.7 -117.864 9242 -222.004
9183.63 -137.39 9258.34 -176.443
9199.68 -125.674 9274.39 -206.383
9217.19 -132.183 9291.03 -181.65
9232.95 -99.639 9306.49 -229.815
9249 -162.123 9324 -241.53
9265.34 -179.046 9339.18 -203.779
9282.85 -145.2 9356.98 -175.141
9298.32 -149.106 9372.44 -180.348
9314.66 -186.857 9389.66 -188.158
9331.01 -143.899 9405.71 -197.271
9347.93 -146.502 9422.34 -205.081
9364.27 -136.088 9439.56 -240.229
9380.91 -159.52 9455.6 -225.909
9397.25 -186.857 9473.11 -242.832
9413.29 -149.106 9488.28 -190.762
9430.22 -153.011 9505.2 -215.495
9445.39 -112.657 9521.25 -227.211
9462.31 -91.8285 9538.17 -215.495
9479.82 -129.579 9554.51 -210.288
9495.28 -145.2 9570.56 -199.874
9511.33 -137.39 9587.19 -166.029
9527.96 -149.106 9602.94 -166.029
9544.3 -164.727 9620.44 -138.692
9560.93 -151.709 9635.91 -173.839
9577.56 -139.993 9652.24 -141.295
9594.77 -142.597 9668.58 -166.029
9610.23 -143.899 9685.5 -176.443
9626.86 -175.141 9701.84 -166.029
9643.2 -171.236 9718.46 -147.804
9659.83 -132.183 9735.38 -162.123
9676.45 -99.639 9752.01 -193.365
9693.08 -129.579 9768.05 -186.857
9708.84 -113.958 9784.39 -168.632
9724.59 -133.485 9800.43 -227.211
9741.22 -108.751 9816.48 -238.927
9757.84 -129.579 9833.39 -242.832
9774.18 -136.088 9849.43 -253.246
9790.51 -99.639 9867.23 -251.944
9805.97 -87.9232 9883.56 -227.211
9823.48 -99.639 9899.02 -255.85
9840.1 -147.804 9914.48 -202.478
9857.02 -125.674 9931.4 -255.85
9872.19 -104.846 9949.19 -241.53
9889.11 -73.6039 9965.81 -207.685
9906.02 -72.3021 9981.57 -201.176
9920.9 -91.8285 9997.61 -216.797
9938.4 -68.3969 10014.8 -201.176
9954.15 -132.183 10030.6 -216.797
9972.23 -60.5863 10046.9 -248.039
9987.69 -69.6986 10063.2 -229.815
10003.1 -48.8705 10080.1 -223.306
10020.4 -21.5337 10097.1 -214.194
10036.7 -44.9653 10113.1 -231.116
10054.2 -44.9653 10130 -203.779
10069.6 -71.0004 10145.5 -198.572
10085.4 -18.9302 10161.8 -195.969
10102.3 -26.7407 10178.7 -202.478
10118.4 -11.1196 10195.3 -199.874
10134.4 -48.8705 10212.8 -179.046
10151.6 5.80321 10228.3 -189.46
10167.6 8.40672 10244.3 -133.485
10183.7 -56.6811 10261.3 -119.165
10201.2 -17.6284 10277.9 -180.348
10217.5 0.596186 10293.6 -181.65
10233.5 22.726 10310 -212.892
10249.3 35.7436 10327.8 -192.064
10266.5 59.1752 10343.2 -193.365
10283.4 42.2524 10359.8 -153.011
10299.8 5.80321 10377 -149.106
10315.8 52.6664 10392.8 -126.976
10332.4 90.4173 10408.8 -188.158
10348.5 115.151 10425.4 -180.348
10364.8 80.0033 10442.1 -163.425
10380.3 104.737 10457.5 -111.355
10397.8 48.7611 10475.6 -143.899
10412.6 52.6664 10491.7 -95.7337
10430.7 96.9261 10508 -110.053
10446.7 116.452 10524.9 -99.639
10463.7 138.582 10540.4 -97.0355
10478.8 162.014 10557.6 -102.243
10495.5 159.41 10573.6 -77.5092
10511.5 137.281 10589.7 -90.5267
10528.7 148.996 10606 -57.9828
10545 133.375 10623.5 -50.1723
10561.6 201.067 10639.2 -50.1723
10578 219.291 10655.9 -102.243
10594 228.403 10672.8 -63.1898
10610.1 221.895 10687.9 -7.21435
10627 158.109 10704.6 -5.91259
10643.6 227.102 10721.8 0.596186
10660.2 221.895 10738.4 -34.5512
10676.3 254.439 10754.7 -46.267
10692.3 264.853 10770.8 -20.2319
10708.9 225.8 10786.8 27.9331
10725.9 281.775 10804.3 26.6313
10741.9 306.509 10820.7 73.4945
10758.2 236.214 10836.7 72.1928
10774.9 300 10852.7 35.7436
10791.5 342.958 10869.6 52.6664
10807.5 359.881 10886.3 43.5541
10823.6 355.975 10902 65.684
10840.5 340.354 10918.7 95.6243
10856.2 301.302 10935.6 106.038
10872.9 372.898 10952.5 116.452
10889.5 376.804 10968 76.098
10906.1 413.253 10984.9 93.0208
10923 367.691 11001.5 111.245
10937.6 382.011 11018.1 190.653
10954.8 405.442 11034.5 199.765
10971.8 367.691 11051.1 159.41
10988.1 402.839 11067.7 182.842
11004.1 465.323 11084.1 159.41
11021.6 467.926 11100.1 156.807
11037.1 422.365 11115.9 195.86
11053.7 440.59 11133.1 246.628
11069.8 496.565 11149.7 263.551
11086.1 488.755 11165.5 273.965
11103 531.712 11181.8 280.474
11117.9 546.032 11198.4 255.74
11135.4 574.67 11215 221.895
11151.5 548.635 11231.4 255.74
11169 562.955 11248.3 276.568
11185 574.67 11264.1 297.397
11201.6 583.783 11281.3 267.456
11216.8 592.895 11297 310.414
11233.7 603.309 11313.4 311.716
11250.3 615.025 11329.7 314.319
11267 635.853 11347.5 375.502
11283.3 590.291 11362.7 419.762
11299.4 661.888 11380.5 402.839
11316 616.327 11395.4 368.993
11332.1 680.113 11412.9 355.975
11349 660.586 11429.8 421.063
11365 699.639 11445.6 448.4
11381.4 691.828 11463.1 488.755
11398.3 716.562 11478.8 478.341
11414.6 782.951 11494.3 482.246
11430.4 792.064 11511.2 477.039
11447.3 780.348 11527.9 496.565
11463.4 781.65 11544.5 504.376
11480 779.046 11560.5 499.169
11496.6 810.288 11577.8 556.446
11512.4 838.927 11593.8 565.558
11528.7 808.987 11609.6 549.937
11545.4 842.832 11626.5 553.842
11562 890.997 11644 525.204
11578.4 940.464 11660.1 590.291
11595 897.506 11675.8 664.492
11610.8 877.98 11693.1 671
11627.4 923.541 11708.8 646.267
11644.3 967.801 11725.5 672.302
11660.4 959.99 11742.1 646.267
11676.4 992.534 11758.7 680.113
11692.8 1015.97 11775.4 702.243
11709.4 1018.57 11790.6 773.839
11726 1019.87 11807.2 779.046
11742.4 1065.43 11823.8 793.365
11758.2 1079.75 11841.4 788.158
11775.1 1083.66 11857.4 833.72
11792.3 1087.56 11874.1 815.495
11808.1 1077.15 11889.5 833.72
11825.3 1084.96 11905.9 833.72
11840.8 1096.67 11923.4 876.678
11856.8 1097.98 11939.5 906.618
11873.5 1121.41 11956.4 875.376
11889.5 1153.95 11973.1 907.92
11906.5 1155.25 11988.8 1014.66
11922.8 1204.72 12005.8 1038.1
11939.5 1268.51 12021.5 1086.26
11955.5 1237.26 12038.2 1035.49
11971.3 1284.13 12054.5 1000.34
11988.2 1299.75 12072.1 1058.92
12005.2 1264.6 12088.1 1081.05
12020.6 1308.86 12105.6 1144.84
12037 1340.1 12121.7 1193
12053.1 1379.16 12138.3 1207.32
12070.9 1393.47 12154.4 1207.32
12086.9 1341.4 12172.5 1224.25
12103.3 1359.63 12189.2 1234.66
12118.8 1371.34 12201.4 1288.03
12136.3 1396.08 12183.9 1349.22
12152.7 1463.77 12168.7 1397.38
