4015.93 -326.144 4031.19 -346.973
4002.43 -313.127 4047.34 -353.481
3999.79 -309.222 4064.07 -317.032
4013.29 -311.825 4080.22 -349.576
4029.43 -289.695 4097.24 -339.162
4046.46 -254.548 4112.8 -305.316
4063.48 -249.341 4128.95 -349.576
4079.34 -268.867 4145.98 -297.506
4096.07 -285.79 4162.43 -339.162
4112.8 -287.092 4178.88 -320.937
4129.25 -255.85 4194.73 -336.559
4144.81 -288.394 4211.77 -323.541
4162.43 -229.815 4228.51 -340.464
4177.99 -245.436 4244.66 -320.937
4194.73 -267.565 4261.11 -344.369
4210.89 -257.151 4278.15 -300.109
4227.63 -261.057 4294.01 -319.636
4244.96 -276.678 4311.05 -292.299
4259.94 -250.643 4326.62 -315.73
4277.27 -258.453 4344.25 -284.488
4294.01 -249.341 4359.23 -317.032
4310.46 -255.85 4375.68 -289.695
4325.74 -275.376 4392.43 -302.713
4343.37 -241.53 4408.3 -276.678
4358.65 -236.323 4425.05 -327.446
4375.98 -266.264 4441.8 -322.239
4392.14 -222.004 4457.67 -309.222
4408.3 -241.53 4474.42 -290.997
4424.46 -248.039 4492.05 -290.997
4441.21 -248.039 4507.92 -309.222
4458.26 -275.376 4524.09 -320.937
4474.13 -250.643 4540.55 -315.73
4490.88 -214.194 4557 -311.825
4506.16 -262.358 4572.88 -326.144
4524.09 -261.057 4589.92 -311.825
4540.84 -254.548 4606.09 -290.997
4556.71 -251.944 4622.26 -285.79
4572.88 -245.436 4638.42 -310.523
4588.75 -272.773 4655.77 -285.79
4605.8 -254.548 4671.94 -304.015
4621.38 -249.341 4687.52 -317.032
4639.01 -263.66 4704.86 -330.05
4654.89 -241.53 4721.62 -288.394
4671.35 -232.418 4737.2 -290.997
4687.52 -244.134 4753.66 -314.429
4704.57 -259.755 4770.42 -317.032
4720.73 -254.548 4787.18 -279.281
4736.9 -245.436 4803.35 -281.885
4753.37 -232.418 4819.81 -319.636
4769.83 -241.53 4836.27 -304.015
4785.41 -264.962 4852.15 -304.015
4802.46 -263.66 4869.2 -263.66
4819.52 -259.755 4884.79 -284.488
4835.69 -244.134 4903.6 -263.66
4852.15 -274.074 4918.01 -271.471
4867.73 -283.187 4934.48 -281.885
4884.79 -242.832 4951.83 -290.997
4901.55 -214.194 4967.41 -281.885
4918.31 -254.548 4984.46 -290.997
4933.89 -246.737 5001.22 -280.583
4950.36 -223.306 5017.69 -294.902
4967.11 -220.702 5032.39 -271.471
4984.46 -261.057 5049.44 -301.411
4999.46 -223.306 5065.61 -284.488
5016.8 -240.229 5082.67 -289.695
5032.39 -257.151 5098.25 -292.299
5048.56 -241.53 5116.48 -271.471
5065.03 -293.601 5132.36 -249.341
5081.49 -235.022 5148.53 -253.246
5098.55 -284.488 5164.71 -294.902
5115.6 -261.057 5180.88 -274.074
5130.89 -251.944 5197.93 -283.187
5147.36 -212.892 5213.81 -274.074
5163.53 -197.271 5230.86 -263.66
5181.17 -231.116 5246.45 -270.169
5197.05 -270.169 5262.91 -262.358
5213.22 -251.944 5279.97 -283.187
5229.69 -254.548 5296.14 -301.411
5246.15 -248.039 5313.48 -283.187
5262.91 -233.72 5329.36 -294.902
5279.08 -215.495 5345.24 -293.601
5295.55 -228.513 5362.88 -287.092
5312.6 -233.72 5378.76 -311.825
5328.48 -249.341 5395.22 -300.109
5344.06 -254.548 5411.39 -311.825
5361.7 -272.773 5426.68 -300.109
5377.29 -223.306 5444.91 -264.962
5393.75 -254.548 5461.37 -287.092
5410.51 -258.453 5477.25 -258.453
5426.39 -215.495 5493.42 -272.773
5443.14 -222.004 5509.29 -294.902
5458.73 -290.997 5526.64 -284.488
5475.48 -263.66 5542.51 -302.713
5491.95 -268.867 5559.27 -304.015
5509 -241.53 5576.32 -293.601
5525.17 -236.323 5592.78 -264.962
5541.04 -228.513 5609.53 -264.962
5558.09 -258.453 5625.12 -296.204
5574.26 -262.358 5641.28 -284.488
5591.01 -211.59 5658.62 -288.394
5607.77 -257.151 5674.2 -284.488
5622.76 -227.211 5690.96 -304.015
5640.11 -266.264 5707.42 -307.92
5656.86 -248.039 5723.88 -267.565
5671.56 -284.488 5740.92 -287.092
5689.49 -276.678 5755.91 -293.601
5705.65 -268.867 5772.96 -275.376
5721.82 -255.85 5790.01 -250.643
5738.57 -238.927 5806.17 -277.98
5755.03 -258.453 5822.04 -306.618
5772.37 -225.909 5839.97 -293.601
5787.95 -229.815 5855.54 -280.583
5804.11 -240.229 5871.7 -294.902
5820.86 -233.72 5888.16 -304.015
5836.15 -218.099 5904.32 -322.239
5852.9 -176.443 5921.66 -288.394
5869.65 -207.685 5937.23 -297.506
5886.1 -223.306 5953.68 -279.281
5902.26 -262.358 5969.84 -262.358
5919.31 -233.72 5986.88 -253.246
5934.88 -258.453 6002.75 -274.074
5951.63 -262.358 6020.08 -289.695
5968.67 -280.583 6036.24 -268.867
5985.12 -270.169 6052.99 -284.488
6000.69 -235.022 6068.85 -294.902
6016.85 -250.643 6085.3 -301.411
6034.18 -251.944 6101.16 -283.187
6049.75 -228.513 6117.61 -284.488
6067.09 -249.341 6134.65 -310.523
6083.24 -266.264 6150.8 -271.471
6099.99 -231.116 6167.55 -311.825
6116.14 -227.211 6184.29 -304.015
6132.3 -218.099 6200.44 -297.506
6149.04 -264.962 6217.48 -285.79
6165.78 -237.625 6233.04 -306.618
6181.94 -242.832 6249.78 -285.79
6197.8 -241.53 6266.22 -272.773
6214.24 -255.85 6280.91 -266.264
6231.57 -262.358 6298.53 -238.927
6247.72 -253.246 6314.97 -268.867
6264.46 -255.85 6331.71 -281.885
6280.03 -222.004 6348.44 -274.074
6296.18 -227.211 6364.3 -305.316
6312.33 -244.134 6381.33 -266.264
6329.36 -258.453 6396.59 -309.222
6345.21 -263.66 6414.21 -284.488
6362.53 -215.495 6430.35 -289.695
6378.68 -232.418 6447.67 -305.316
6395.42 -223.306 6463.52 -290.997
6411.57 -233.72 6480.55 -292.299
6427.42 -254.548 6496.69 -306.618
6443.86 -245.436 6512.25 -306.618
6461.18 -224.608 6528.1 -276.678
6476.73 -244.134 6544.53 -257.151
6493.76 -258.453 6561.85 -310.523
6509.9 -262.358 6578.28 -285.79
6526.34 -259.755 6594.72 -274.074
6542.48 -272.773 6611.74 -287.092
6558.03 -283.187 6627.88 -257.151
6575.06 -261.057 6644.02 -266.264
6591.78 -263.66 6661.33 -271.471
6608.22 -241.53 6676.88 -259.755
6624.65 -205.081 6693.02 -259.755
6640.79 -238.927 6709.74 -307.92
6658.1 -264.962 6725.58 -288.394
6673.94 -233.72 6743.48 -287.092
6689.49 -235.022 6759.32 -271.471
6705.92 -224.608 6775.45 -277.98
6722.65 -220.702 6791.59 -280.583
6738.78 -219.401 6808.89 -290.997
6756.38 -245.436 6824.73 -294.902
6772.52 -267.565 6841.15 -304.015
6788.65 -253.246 6857.87 -267.565
6804.2 -255.85 6874.3 -249.341
6821.21 -255.85 6890.42 -284.488
6838.51 -222.004 6907.43 -280.583
6854.94 -268.867 6924.44 -275.376
6870.78 -224.608 6939.98 -266.264
6887.49 -301.411 6956.99 -332.653
6903.33 -227.211 6973.41 -318.334
6920.04 -228.513 6989.53 -306.618
6936.17 -214.194 7005.66 -333.955
6952.59 -198.572 7022.08 -348.274
6968.43 -235.022 7038.49 -343.067
6985.72 -216.797 7055.2 -326.144
7002.73 -264.962 7071.33 -340.464
7018.56 -251.944 7088.04 -302.713
7034.68 -220.702 7104.45 -326.144
7050.81 -240.229 7120.57 -306.618
7068.1 -253.246 7137.28 -300.109
7084.23 -271.471 7153.1 -281.885
7099.76 -266.264 7170.4 -315.73
7116.76 -292.299 7186.51 -257.151
7133.47 -248.039 7202.92 -310.523
7149.29 -238.927 7219.63 -294.902
7165.41 -220.702 7236.62 -296.204
7182.12 -253.246 7252.15 -305.316
7198.53 -222.004 7267.68 -311.825
7215.82 -251.944 7284.67 -307.92
7231.35 -227.211 7301.96 -300.109
7248.34 -215.495 7318.37 -297.506
7264.46 -223.306 7334.48 -345.671
7280.57 -237.625 7350.88 -343.067
7297.27 -251.944 7366.99 -352.18
7313.39 -237.625 7383.98 -293.601
7330.67 -233.72 7400.39 -304.015
7346.49 -248.039 7417.08 -288.394
7362.6 -201.176 7433.78 -336.559
7377.83 -235.022 7449.88 -311.825
7395.7 -242.832 7466.58 -301.411
7412.1 -254.548 7482.39 -314.429
7428.8 -290.997 7498.2 -285.79
7445.49 -227.211 7515.19 -283.187
7460.43 -254.548 7531.59 -284.488
7477.41 -206.383 7548.57 -336.559
7494.69 -266.264 7564.97 -310.523
7510.8 -207.685 7580.48 -335.257
7527.49 -261.057 7597.76 -307.92
7542.71 -253.246 7613.57 -302.713
7560.28 -219.401 7629.67 -288.394
7575.8 -219.401 7647.23 -275.376
7591.61 -224.608 7663.33 -307.92
7608.59 -238.927 7680.01 -328.748
7625.86 -259.755 7696.11 -292.299
7642.25 -276.678 7712.8 -284.488
7657.48 -268.867 7729.19 -294.902
7675.04 -236.323 7745.28 -293.601
7690.55 -259.755 7762.84 -292.299
7706.94 -255.85 7778.35 -290.997
7724.21 -270.169 7794.15 -301.411
7740.89 -261.057 7811.42 -297.506
7756.4 -251.944 7826.34 -304.015
7773.09 -235.022 7843.9 -297.506
7789.77 -250.643 7859.99 -275.376
7805.57 -231.116 7876.67 -345.671
7822.25 -249.341 7893.93 -304.015
7838.34 -257.151 7910.02 -328.748
7854.73 -227.211 7926.7 -296.204
7871.69 -248.039 7943.08 -341.766
7888.37 -206.383 7959.46 -300.109
7904.75 -223.306 7975.84 -281.885
7919.97 -254.548 7991.63 -319.636
7936.94 -236.323 8008.6 -284.488
7953.02 -280.583 8025.56 -266.264
7969.99 -294.902 8041.65 -280.583
7986.08 -240.229 8057.15 -279.281
8003.04 -270.169 8073.53 -270.169
8018.54 -277.98 8090.49 -284.488
8035.22 -266.264 8108.62 -304.015
8052.18 -258.453 8123.53 -302.713
8068.26 -232.418 8139.32 -314.429
8085.22 -240.229 8156.28 -318.334
8101.6 -224.608 8173.53 -314.429
8117.68 -276.678 8189.61 -320.937
8133.77 -254.548 8206.28 -323.541
8149.85 -218.099 8222.07 -335.257
8166.22 -206.383 8238.44 -339.162
8182.89 -228.513 8254.81 -324.843
8198.38 -270.169 8272.35 -330.05
8215.93 -236.323 8287.55 -320.937
8232.59 -263.66 8304.21 -331.352
8248.38 -259.755 8321.16 -339.162
8265.04 -242.832 8337.53 -302.713
8281.7 -268.867 8354.19 -307.92
8298.36 -261.057 8370.26 -307.92
8315.32 -228.513 8386.92 -283.187
8331.39 -246.737 8403.58 -324.843
8346.59 -236.323 8419.65 -319.636
8363.83 -284.488 8436.6 -346.973
8380.2 -218.099 8452.09 -336.559
8395.98 -223.306 8468.45 -344.369
8413.52 -211.59 8485.69 -307.92
8429 -244.134 8502.06 -335.257
8445.66 -250.643 8517.54 -322.239
8461.44 -233.72 8533.61 -349.576
8478.68 -241.53 8551.43 -306.618
8494.46 -242.832 8567.21 -304.015
8511.11 -255.85 8584.16 -285.79
8528.06 -319.636 8601.68 -305.316
8544.13 -254.548 8616.87 -266.264
8560.49 -253.246 8633.82 -293.601
8576.56 -276.678 8649.88 -315.73
8593.5 -258.453 8665.95 -319.636
8608.99 -274.074 8682.01 -304.015
8625.64 -287.092 8698.37 -323.541
8642.29 -223.306 8714.73 -277.98
8658.94 -257.151 8731.38 -341.766
8675.59 -249.341 8748.61 -333.955
8691.07 -254.548 8764.38 -389.931
8707.72 -270.169 8782.19 -396.439
8724.66 -253.246 8797.09 -345.671
8740.43 -211.59 8815.19 -287.092
8756.78 -275.376 8830.38 -328.748
8773.72 -220.702 8847.9 -324.843
8790.08 -237.625 8863.67 -353.481
8806.73 -225.909 8879.44 -301.411
8822.79 -259.755 8895.79 -370.404
8840.01 -253.246 8912.43 -270.169
8855.2 -281.885 8929.66 -281.885
8872.14 -233.72 8945.72 -328.748
8888.78 -253.246 8961.77 -330.05
8905.72 -270.169 8978.71 -326.144
8921.48 -232.418 8995.06 -359.99
8937.25 -220.702 9011.99 -358.688
8953.6 -249.341 9028.34 -344.369
8969.95 -207.685 9044.1 -341.766
8986.01 -275.376 9061.32 -328.748
9003.52 -235.022 9077.09 -382.12
9019.87 -233.72 9093.73 -340.464
9035.63 -216.797 9109.2 -366.499
9052.27 -237.625 9126.42 -317.032
9068.62 -235.022 9142.47 -297.506
9085.55 -264.962 9159.4 -317.032
9101.61 -264.962 9174.58 -330.05
9118.25 -261.057 9191.51 -317.032
9133.72 -250.643 9209.02 -275.376
9150.65 -249.341 9224.49 -307.92
9166.7 -249.341 9241.41 -289.695
9183.33 -245.436 9258.05 -324.843
9200.55 -270.169 9273.81 -344.369
9216.02 -253.246 9291.32 -352.18
9232.95 -262.358 9306.49 -365.197
9248.71 -264.962 9323.71 -332.653
9265.34 -231.116 9339.47 -332.653
9281.4 -233.72 9356.69 -352.18
9299.2 -235.022 9373.03 -341.766
9315.54 -255.85 9388.78 -357.387
9330.42 -284.488 9406.58 -306.618
9348.22 -290.997 9422.34 -320.937
9364.27 -235.022 9438.68 -336.559
9380.91 -253.246 9454.73 -276.678
9397.54 -218.099 9472.23 -313.127
9413.88 -244.134 9487.7 -343.067
9429.93 -238.927 9504.04 -350.878
9445.97 -274.074 9520.96 -305.316
9462.31 -257.151 9538.46 -350.878
9479.24 -216.797 9553.93 -375.611
9495.58 -232.418 9570.56 -410.759
9511.62 -206.383 9587.48 -402.948
9527.38 -233.72 9602.94 -419.871
9544.59 -206.383 9619.28 -462.829
9560.93 -232.418 9636.2 -427.681
9577.27 -205.081 9653.12 -409.457
9593.6 -192.064 9668.29 -404.25
9610.23 -222.004 9685.5 -386.025
9626.28 -220.702 9701.54 -353.481
9642.62 -232.418 9718.17 -348.274
9658.66 -228.513 9734.51 -379.516
9675.58 -233.72 9751.72 -378.215
9692.79 -275.376 9767.47 -353.481
9708.84 -276.678 9783.51 -345.671
9725.17 -233.72 9800.43 -362.594
9741.51 -206.383 9817.35 -328.748
9757.84 -244.134 9833.68 -330.05
9774.76 -215.495 9849.43 -387.327
9790.81 -208.986 9866.94 -369.102
9806.85 -186.857 9882.69 -348.274
9823.77 -175.141 9898.15 -345.671
9840.1 -156.916 9915.35 -339.162
9855.27 -215.495 9932.86 -361.292
9873.06 -147.804 9949.77 -348.274
9889.11 -147.804 9966.11 -361.292
9905.44 -153.011 9981.57 -344.369
9921.19 -138.692 9998.48 -332.653
9938.98 -160.822 10013.9 -294.902
9954.73 -197.271 10031.4 -313.127
9970.77 -211.59 10048.1 -287.092
9988.86 -182.951 10063.2 -331.352
10003.4 -156.916 10080.7 -310.523
10019.8 -146.502 10096.8 -304.015
10036.7 -121.769 10112.5 -297.506
10053.6 -107.45 10129.7 -296.204
10068.8 -145.2 10147.2 -302.713
10085.7 -76.2074 10162.1 -301.411
10102.6 -87.9232 10178.7 -310.523
10118.9 -108.751 10195.9 -318.334
10135.3 -71.0004 10211.1 -331.352
10151 -98.3372 10227.7 -328.748
10167.9 -89.225 10244.9 -258.453
10184 -100.941 10261.3 -300.109
10201.2 -52.7758 10277.3 -280.583
10216.9 -89.225 10294.2 -315.73
10233 -77.5092 10310.3 -294.902
10249.9 -102.243 10327.5 -314.429
10265.9 -81.4144 10343.2 -245.436
10282.8 -46.267 10359.8 -232.418
10299.2 -46.267 10376.5 -227.211
10315.5 -42.3617 10392.5 -248.039
10331.5 -54.0776 10408.5 -280.583
10348.5 -48.8705 10425.8 -224.608
10364.8 -17.6284 10442.1 -245.436
10380.8 25.3295 10459 -214.194
10397.5 61.7787 10475 -227.211
10414.7 50.0629 10491.7 -232.418
10431 24.0278 10508 -255.85
10446.2 26.6313 10524.6 -197.271
10463.4 38.3471 10540.6 -195.969
10479.4 80.0033 10557.3 -193.365
10496.3 86.5121 10574.2 -156.916
10513 82.6068 10589.9 -182.951
10528.4 107.34 10606 -189.46
10544.7 113.849 10622.9 -231.116
10561.4 89.1156 10639.5 -180.348
10577.4 111.245 10656.7 -113.958
10594.3 122.961 10672.5 -119.165
10610.1 189.351 10688.5 -59.2846
10627 220.593 10705.1 -126.976
10643.9 197.161 10722.6 -168.632
10660.2 171.126 10737.8 -145.2
10676 151.6 10754.7 -99.639
10692.6 175.031 10771.1 -90.5267
10709.5 231.007 10788.6 -59.2846
10725.3 240.119 10804 -63.1898
10741 255.74 10820.1 -111.355
10758.2 257.042 10836.7 -102.243
10775.4 249.232 10853.6 -59.2846
10791.2 231.007 10869.9 -38.4565
10806.9 185.445 10886 -13.7231
10823.6 238.817 10901.5 53.9682
10839.6 244.025 10918.4 7.10496
10856.8 297.397 10935.9 -44.9653
10873.7 257.042 10951.9 -56.6811
10889.2 262.249 10968.8 -42.3617
10905.5 294.793 10984.6 59.1752
10923.3 263.551 11000.9 93.0208
10938.5 286.982 11018.7 82.6068
10954.5 371.597 11034.2 52.6664
10971.5 393.726 11051.4 57.8734
10988.4 404.14 11067.1 48.7611
11004.7 370.295 11084.1 77.3998
11020.2 327.337 11099.8 81.305
11036.5 379.407 11116.1 109.944
11053.7 424.969 11132.8 99.5296
11069.8 410.649 11148.5 104.737
11086.1 428.874 11166 104.737
11102.1 435.383 11181.8 96.9261
11118.8 418.46 11198.7 163.316
11135.4 415.856 11214.8 217.989
11152 436.684 11231.1 204.972
11168.1 449.702 11248.3 234.912
11184.1 466.625 11264.6 206.274
11200.5 483.548 11281.9 175.031
11217.7 483.548 11297 221.895
11233.4 510.884 11314 263.551
11249.8 506.979 11330.9 266.154
11267.3 556.446 11346.3 272.663
11284.2 598.102 11363.8 266.154
11299.4 573.369 11379.3 285.681
11316 615.025 11396.5 263.551
11331.5 613.723 11413.5 276.568
11348.7 600.706 11428.9 280.474
11365.6 611.12 11445.3 329.94
11381.6 657.983 11461.6 335.147
11397.7 667.095 11478 297.397
11413.8 674.906 11494.9 340.354
11430.7 667.095 11511.8 331.242
11447 663.19 11527.9 427.572
11463.6 650.172 11543.9 384.614
11480.6 680.113 11561.7 444.495
11496.9 733.485 11577.8 443.193
11512.7 762.123 11593.2 441.891
11529.3 763.425 11609.9 432.779
11544.8 780.348 11626.5 462.719
11562 753.011 11643.1 487.453
11578.4 754.313 11660.1 542.127
11594.7 802.478 11676.1 479.642
11611.6 858.453 11692.2 538.221
11627.1 832.418 11708.2 534.316
11643.7 868.867 11725.5 564.256
11660.1 794.667 11742.1 570.765
11676.7 827.211 11757.9 583.783
11692.8 851.944 11774.2 607.214
11710 932.653 11792.3 621.534
11725.8 971.706 11808.4 651.474
11742.1 961.292 11824.1 685.32
11758.5 983.422 11840.5 713.958
11774.8 982.12 11857.1 724.372
11791.4 932.653 11874.6 738.692
11808.4 988.629 11891 758.218
11823.3 1081.05 11907.3 730.881
11839.6 1116.2 11922.2 733.485
11856.5 1121.41 11938.9 772.537
11873.8 1084.96 11956.4 859.755
11890.4 1060.23 11972.8 840.229
11906.2 1055.02 11989.1 861.057
11922.8 1084.96 12005.5 866.264
11938.9 1126.61 12021.8 879.281
11954.9 1189.1 12038.8 901.411
11971 1159.16 12055.4 944.369
11988.8 1142.24 12071.8 953.481
12003.7 1124.01 12088.4 996.439
12020.9 1152.65 12105.3 1023.78
12037.3 1217.74 12121.7 1065.43
12053.1 1260.7 12138.3 1091.47
12070.6 1310.16 12155.3 1173.48
12086.7 1327.09 12171.9 1159.16
12103.3 1321.88 12189.2 1200.82
12119.1 1271.11 12202.3 1248.98
12135.4 1302.35 12185.1 1288.03
12152.1 1341.4 12169.3 1325.78
