4016.81 -357.387 4031.49 -336.559
4002.43 -307.92 4047.63 -371.706
4000.37 -287.092 4063.48 -341.766
4013.58 -322.239 4080.22 -350.878
4030.02 -319.636 4096.95 -361.292
4046.75 -309.222 4113.1 -331.352
4063.48 -319.636 4130.13 -348.274
4079.63 -293.601 4146.87 -344.369
4096.36 -283.187 4162.72 -323.541
4112.22 -290.997 4178.29 -341.766
4129.54 -301.411 4195.03 -357.387
4145.1 -246.737 4211.47 -341.766
4161.84 -298.808 4228.8 -297.506
4177.99 -293.601 4244.96 -319.636
4194.44 -275.376 4261.11 -330.05
4211.47 -288.394 4277.85 -326.144
4227.92 -266.264 4293.43 -369.102
4244.37 -272.773 4310.46 -339.162
4260.23 -283.187 4326.33 -339.162
4278.15 -311.825 4343.95 -384.723
4293.43 -309.222 4360.7 -378.215
4310.17 -313.127 4376.57 -335.257
4326.03 -288.394 4393.02 -366.499
4342.78 -277.98 4408.01 -346.973
4359.23 -292.299 4425.64 -374.309
4375.1 -306.618 4440.92 -349.576
4392.14 -253.246 4457.96 -319.636
4408.89 -289.695 4474.71 -330.05
4425.34 -250.643 4490.88 -374.309
4440.92 -281.885 4507.92 -361.292
4457.96 -268.867 4523.79 -353.481
4474.13 -261.057 4540.55 -359.99
4490.58 -264.962 4557.59 -357.387
4507.33 -292.299 4573.17 -345.671
4523.2 -268.867 4589.63 -336.559
4539.96 -244.134 4606.09 -356.085
4556.42 -274.074 4622.26 -349.576
4573.46 -279.281 4639.31 -352.18
4588.75 -263.66 4654.89 -354.783
4606.38 -319.636 4672.23 -340.464
4621.96 -311.825 4688.4 -349.576
4638.42 -304.015 4704.86 -326.144
4654.89 -257.151 4721.32 -335.257
4670.76 -275.376 4737.2 -354.783
4687.81 -251.944 4753.66 -348.274
4703.68 -276.678 4770.42 -346.973
4720.73 -272.773 4787.76 -339.162
4738.08 -280.583 4803.05 -333.955
4753.07 -277.98 4819.52 -341.766
4770.42 -301.411 4837.16 -352.18
4786 -280.583 4851.86 -354.783
4802.17 -267.565 4868.91 -374.309
4819.22 -277.98 4885.67 -367.801
4835.98 -281.885 4902.43 -319.636
4851.56 -271.471 4918.6 -369.102
4868.62 -296.204 4934.18 -348.274
4885.67 -304.015 4950.65 -353.481
4901.55 -280.583 4967.11 -387.327
4918.01 -262.358 4984.46 -336.559
4934.48 -281.885 5001.22 -330.05
4950.65 -266.264 5016.22 -341.766
4967.11 -292.299 5033.27 -328.748
4983.29 -292.299 5049.74 -315.73
5000.05 -284.488 5065.91 -292.299
5016.22 -250.643 5082.67 -327.446
5033.27 -285.79 5099.14 -350.878
5049.44 -261.057 5116.19 -384.723
5065.03 -261.057 5131.77 -352.18
5081.2 -236.323 5148.53 -367.801
5099.14 -276.678 5164.71 -366.499
5115.01 -289.695 5180.58 -319.636
5130.6 -250.643 5197.05 -353.481
5147.06 -290.997 5214.4 -358.688
5163.82 -307.92 5230.57 -340.464
5180.29 -289.695 5247.62 -346.973
5196.46 -311.825 5263.8 -344.369
5214.1 -290.997 5279.97 -326.144
5229.98 -263.66 5296.43 -326.144
5246.45 -271.471 5313.19 -339.162
5262.62 -267.565 5330.24 -357.387
5279.08 -294.902 5344.94 -365.197
5295.55 -268.867 5361.7 -359.99
5311.72 -246.737 5377.87 -369.102
5327.6 -270.169 5395.22 -339.162
5344.36 -257.151 5411.39 -362.594
5360.53 -253.246 5427.86 -359.99
5377.29 -285.79 5444.61 -363.895
5394.34 -285.79 5461.08 -339.162
5409.63 -290.997 5476.66 -344.369
5426.97 -280.583 5493.42 -327.446
5443.44 -274.074 5509.88 -318.334
5459.31 -292.299 5526.64 -345.671
5476.37 -288.394 5541.92 -335.257
5492.53 -318.334 5558.97 -319.636
5509.59 -290.997 5575.73 -345.671
5526.34 -284.488 5591.31 -318.334
5541.92 -314.429 5608.36 -346.973
5557.8 -279.281 5625.41 -309.222
5574.26 -218.099 5640.99 -337.86
5590.14 -238.927 5658.33 -352.18
5607.77 -267.565 5674.79 -348.274
5623.94 -268.867 5690.66 -339.162
5640.11 -267.565 5707.71 -357.387
5655.69 -259.755 5723.88 -336.559
5672.73 -268.867 5739.75 -350.878
5689.49 -257.151 5756.5 -328.748
5706.24 -245.436 5772.96 -337.86
5720.94 -274.074 5789.71 -332.653
5737.4 -305.316 5805.29 -336.559
5754.74 -288.394 5821.74 -341.766
5771.2 -267.565 5839.08 -363.895
5787.95 -288.394 5855.25 -365.197
5804.99 -284.488 5872.58 -376.913
5820.27 -248.039 5888.45 -327.446
5837.61 -289.695 5904.32 -354.783
5853.48 -255.85 5921.07 -369.102
5869.06 -288.394 5937.23 -353.481
5885.81 -244.134 5953.1 -362.594
5902.85 -220.702 5969.84 -371.706
5918.42 -255.85 5986.59 -388.629
5934.88 -292.299 6003.34 -400.345
5952.21 -271.471 6019.2 -373.008
5968.37 -270.169 6035.95 -371.706
5985.12 -271.471 6052.4 -349.576
6001.28 -280.583 6070.03 -343.067
6018.03 -288.394 6085.3 -378.215
6034.77 -251.944 6101.46 -354.783
6050.64 -266.264 6118.79 -379.516
6067.38 -270.169 6134.65 -357.387
6083.54 -267.565 6150.8 -386.025
6099.69 -283.187 6168.13 -349.576
6115.85 -268.867 6183.7 -376.913
6131.71 -289.695 6201.32 -391.232
6148.75 -254.548 6216.59 -361.292
6164.61 -270.169 6233.63 -382.12
6181.64 -268.867 6249.78 -397.741
6198.39 -251.944 6266.52 -356.085
6214.54 -266.264 6282.67 -384.723
6230.4 -281.885 6297.94 -404.25
6247.72 -262.358 6315.56 -405.552
6263.58 -271.471 6331.41 -387.327
6279.73 -280.583 6348.15 -352.18
6295.59 -292.299 6365.47 -322.239
6312.91 -270.169 6381.33 -344.369
6329.36 -311.825 6397.18 -383.422
6345.21 -279.281 6413.91 -336.559
6361.65 -301.411 6430.06 -359.99
6378.98 -285.79 6446.79 -362.594
6394.54 -297.506 6464.4 -376.913
6411.27 -294.902 6479.67 -349.576
6427.12 -271.471 6496.11 -341.766
6444.15 -254.548 6512.25 -335.257
6460.59 -262.358 6528.39 -386.025
6477.61 -293.601 6544.83 -379.516
6493.46 -284.488 6561.85 -400.345
6509.61 -238.927 6578.58 -382.12
6524.87 -258.453 6595.01 -365.197
6542.48 -246.737 6611.44 -378.215
6558.62 -249.341 6627.88 -349.576
6575.94 -279.281 6644.02 -358.688
6591.78 -290.997 6660.45 -379.516
6608.8 -285.79 6677.76 -348.274
6624.65 -272.773 6693.6 -328.748
6641.08 -310.523 6708.86 -348.274
6658.1 -296.204 6726.46 -340.464
6673.36 -292.299 6742.89 -298.808
6690.08 -277.98 6759.61 -318.334
6706.51 -304.015 6776.33 -358.688
6722.94 -270.169 6792.47 -401.646
6739.37 -262.358 6808.3 -402.948
6755.5 -262.358 6825.32 -378.215
6772.52 -254.548 6841.15 -366.499
6788.94 -254.548 6858.16 -375.611
6804.49 -250.643 6874.3 -373.008
6821.21 -254.548 6890.72 -367.801
6837.63 -313.127 6907.73 -374.309
6854.35 -280.583 6923.85 -346.973
6869.9 -277.98 6940.28 -331.352
6886.61 -298.808 6956.7 -356.085
6904.21 -261.057 6973.41 -363.895
6920.04 -287.092 6988.65 -327.446
6936.76 -307.92 7006.25 -343.067
6953.18 -302.713 7022.08 -343.067
6969.01 -320.937 7037.61 -354.783
6985.43 -311.825 7054.91 -335.257
7002.44 -298.808 7071.03 -330.05
7018.56 -257.151 7088.33 -352.18
7034.39 -237.625 7104.45 -356.085
7051.1 -267.565 7120.86 -414.664
7067.52 -266.264 7137.28 -356.085
7083.34 -267.565 7153.4 -380.818
7099.76 -266.264 7170.69 -318.334
7117.05 -253.246 7186.81 -345.671
7133.17 -276.678 7203.51 -327.446
7149.88 -283.187 7219.33 -387.327
7165.41 -297.506 7236.04 -349.576
7182.7 -328.748 7252.44 -324.843
7199.11 -297.506 7268.85 -306.618
7214.94 -290.997 7285.55 -361.292
7231.35 -307.92 7301.37 -336.559
7247.46 -266.264 7317.78 -361.292
7265.04 -246.737 7334.48 -350.878
7280.87 -300.109 7351.18 -380.818
7296.69 -287.092 7366.99 -339.162
7313.09 -236.323 7383.4 -339.162
7330.08 -264.962 7400.09 -335.257
7346.78 -244.134 7417.08 -397.741
7363.19 -232.418 7432.9 -386.025
7379 -240.229 7449.3 -419.871
7395.7 -288.394 7465.99 -382.12
7412.69 -271.471 7482.68 -346.973
7427.92 -274.074 7499.08 -388.629
7444.91 -271.471 7515.19 -402.948
7461.01 -300.109 7531.88 -348.274
7477.41 -277.98 7547.69 -422.474
7494.4 -289.695 7564.67 -382.12
7510.21 -294.902 7580.77 -375.611
7527.19 -289.695 7597.76 -380.818
7543.88 -272.773 7613.57 -361.292
7559.69 -297.506 7629.96 -401.646
7575.21 -253.246 7648.11 -375.611
7592.78 -250.643 7663.33 -417.267
7608.88 -281.885 7679.43 -389.931
7624.98 -270.169 7695.53 -419.871
7641.96 -253.246 7712.21 -380.818
7658.06 -276.678 7729.48 -399.043
7674.45 -257.151 7746.16 -426.38
7690.85 -274.074 7762.55 -415.966
7707.53 -283.187 7778.06 -376.913
7724.21 -280.583 7794.45 -362.594
7740.31 -292.299 7811.42 -369.102
7756.4 -285.79 7828.1 -346.973
7773.09 -280.583 7845.07 -369.102
7789.18 -310.523 7860.28 -389.931
7806.44 -307.92 7876.08 -363.895
7822.25 -341.766 7893.64 -389.931
7839.22 -279.281 7910.31 -367.801
7854.43 -242.832 7926.7 -344.369
7871.11 -251.944 7942.2 -344.369
7887.49 -264.962 7959.75 -397.741
7904.46 -268.867 7975.25 -423.776
7921.14 -259.755 7992.22 -438.096
7936.94 -261.057 8008.89 -404.25
7952.73 -270.169 8024.98 -378.215
7969.4 -249.341 8041.36 -363.895
7985.78 -245.436 8058.32 -361.292
8002.46 -285.79 8074.11 -387.327
8018.84 -292.299 8090.19 -378.215
8035.8 -289.695 8106.57 -388.629
8051.3 -290.997 8124.12 -350.878
8067.97 -300.109 8140.78 -361.292
8084.35 -271.471 8157.16 -337.86
8101.6 -281.885 8172.66 -341.766
8117.1 -317.032 8189.9 -346.973
8134.35 -280.583 8206.57 -396.439
8149.85 -285.79 8222.65 -386.025
8167.1 -255.85 8238.44 -370.404
8183.47 -274.074 8255.1 -391.232
8199.84 -266.264 8271.18 -401.646
8215.63 -254.548 8288.13 -400.345
8231.71 -257.151 8304.21 -386.025
8248.96 -245.436 8320.87 -363.895
8265.04 -266.264 8338.11 -324.843
8281.12 -261.057 8354.48 -375.611
8297.78 -283.187 8370.56 -340.464
8313.56 -279.281 8386.63 -357.387
8329.93 -294.902 8402.7 -356.085
8346.59 -272.773 8419.36 -373.008
8363.25 -290.997 8436.6 -324.843
8379.62 -301.411 8452.97 -384.723
8395.98 -284.488 8469.33 -348.274
8412.64 -294.902 8485.11 -328.748
8429 -274.074 8501.77 -378.215
8445.66 -271.471 8517.83 -359.99
8462.03 -263.66 8534.49 -344.369
8478.68 -240.229 8550.56 -363.895
8494.75 -249.341 8567.21 -378.215
8511.11 -241.53 8583.86 -353.481
8527.77 -241.53 8600.81 -384.723
8543.55 -266.264 8616.87 -370.404
8560.78 -272.773 8633.82 -384.723
8575.98 -293.601 8649.01 -346.973
8592.92 -287.092 8665.66 -335.257
8609.86 -254.548 8682.01 -363.895
8625.93 -283.187 8698.96 -359.99
8642.87 -296.204 8716.19 -392.534
8658.35 -317.032 8731.38 -370.404
8675.59 -302.713 8748.02 -369.102
8691.07 -267.565 8765.25 -369.102
8708.6 -261.057 8780.73 -386.025
8724.07 -280.583 8798.26 -366.499
8741.02 -272.773 8814.32 -363.895
8757.08 -270.169 8830.09 -367.801
8774.02 -263.66 8847.61 -370.404
8789.49 -267.565 8864.25 -408.155
8806.43 -255.85 8880.31 -422.474
8823.66 -261.057 8896.66 -353.481
8839.43 -275.376 8912.72 -378.215
8855.2 -320.937 8929.37 -388.629
8871.55 -300.109 8945.13 -344.369
8888.78 -283.187 8962.07 -361.292
8903.67 -263.66 8978.41 -313.127
8921.48 -287.092 8995.35 -330.05
8937.25 -296.204 9012.57 -379.516
8953.89 -287.092 9027.75 -363.895
8971.12 -307.92 9043.81 -344.369
8986.3 -257.151 9060.45 -345.671
9002.65 -311.825 9077.38 -384.723
9019.58 -280.583 9093.14 -414.664
9035.93 -274.074 9110.07 -375.611
9052.56 -244.134 9126.42 -357.387
9069.21 -276.678 9142.47 -388.629
9084.97 -289.695 9160.28 -384.723
9101.9 -274.074 9175.45 -343.067
9118.25 -266.264 9191.51 -353.481
9134.01 -240.229 9207.85 -354.783
9151.23 -254.548 9224.49 -340.464
9167.28 -290.997 9242.29 -376.913
9184.21 -296.204 9258.05 -363.895
9200.26 -292.299 9274.1 -340.464
9216.02 -288.394 9291.32 -320.937
9232.95 -287.092 9306.78 -335.257
9249.59 -281.885 9323.42 -339.162
9265.34 -275.376 9339.47 -309.222
9281.98 -264.962 9356.98 -336.559
9298.61 -283.187 9372.74 -319.636
9314.66 -258.453 9389.37 -315.73
9331.3 -271.471 9406.88 -337.86
9347.93 -272.773 9422.63 -333.955
9364.86 -240.229 9438.97 -352.18
9380.61 -249.341 9455.6 -451.113
9396.95 -289.695 9471.07 -453.717
9413.29 -248.039 9487.99 -462.829
9429.64 -261.057 9504.62 -473.243
9445.97 -270.169 9520.96 -449.811
9462.02 -289.695 9538.17 -426.38
9478.36 -285.79 9554.51 -434.19
9495.87 -287.092 9571.14 -449.811
9511.04 -279.281 9587.19 -402.948
9528.25 -280.583 9603.82 -415.966
9544.88 -287.092 9619.86 -396.439
9561.22 -266.264 9636.49 -405.552
9576.97 -242.832 9653.12 -423.776
9593.31 -229.815 9669.16 -418.569
9609.94 -232.418 9684.63 -425.078
9627.44 -237.625 9701.84 -422.474
9642.91 -229.815 9717.88 -400.345
9658.95 -223.306 9734.51 -417.267
9675.87 -210.288 9751.72 -408.155
9691.92 -186.857 9768.34 -434.19
9709.13 -237.625 9784.1 -423.776
9724.3 -258.453 9800.14 -382.12
9741.22 -223.306 9817.35 -413.362
9758.72 -211.59 9834.56 -353.481
9773.31 -212.892 9850.6 -359.99
9791.68 -199.874 9866.35 -345.671
9806.56 -199.874 9882.98 -375.611
9823.18 -210.288 9899.6 -393.836
9840.98 -194.667 9915.35 -391.232
9855.85 -177.744 9933.44 -392.534
9872.77 -201.176 9948.9 -343.067
9889.4 -166.029 9964.65 -366.499
9906.02 -141.295 9981.86 -348.274
9921.19 -151.709 9997.61 -363.895
9939.27 -168.632 10013.4 -366.499
9954.44 -154.313 10030.8 -348.274
9971.36 -164.727 10047.5 -361.292
9986.82 -97.0355 10064.7 -346.973
10004.3 -111.355 10080.7 -354.783
10020.6 -125.674 10096.8 -319.636
10035.8 -121.769 10112.8 -331.352
10052.7 -120.467 10129.7 -306.618
10069.4 -153.011 10146.1 -301.411
10085.7 -133.485 10163.3 -283.187
10102.3 -137.39 10179.3 -306.618
10118.9 -77.5092 10194.8 -298.808
10135.3 -46.267 10212.3 -294.902
10151.3 -42.3617 10228.6 -322.239
10167.1 -94.432 10245.2 -344.369
10184.3 -64.4916 10261 -307.92
10200.9 -73.6039 10277 -297.506
10217.5 -29.3442 10294.8 -267.565
10233 -3.30908 10310 -251.944
10249.6 -26.7407 10327.2 -298.808
10265.6 0.596186 10343.2 -302.713
10282.6 -34.5512 10359.8 -266.264
10299.2 -29.3442 10376.8 -264.962
10315.8 -20.2319 10391.9 -229.815
10332.1 7.10496 10409.1 -259.755
10347.9 37.0453 10425.2 -246.737
10364.5 37.0453 10442.7 -225.909
10381.1 13.6137 10457.8 -215.495
10396.9 13.6137 10476.2 -207.685
10414.1 -2.00733 10491.1 -210.288
10430.1 25.3295 10508.3 -173.839
10445.6 31.8383 10524.9 -188.158
10462.5 89.1156 10540.1 -198.572
10480 135.979 10557.6 -202.478
10496.6 125.565 10573.9 -159.52
10511.2 113.849 10590.5 -147.804
10527.5 111.245 10606.3 -162.123
10545.6 148.996 10622.9 -163.425
10561.9 108.642 10639.5 -120.467
10577.4 137.281 10655.6 -133.485
10594 167.221 10672.2 -104.846
10610.6 167.221 10688.5 -112.657
10626.7 143.789 10704.6 -43.6635
10643.6 178.937 10720.9 -111.355
10659.4 176.333 10738.1 -51.474
10676.3 160.712 10755 -64.4916
10692.6 219.291 10771.1 -50.1723
10709.2 217.989 10787.4 -47.5688
10725.9 241.421 10804 -37.1547
10741.3 224.498 10821.2 -42.3617
10758.5 224.498 10836.4 -30.646
10774.6 240.119 10853.6 -55.3793
10791.2 277.87 10869.9 -59.2846
10808.4 306.509 10887.4 -15.0249
10823.3 348.165 10902 -26.7407
10840.5 324.733 10919 8.40672
10856.8 288.284 10935 35.7436
10872.9 319.526 10952.2 -3.30908
10888.9 303.905 10968.5 43.5541
10905.8 298.698 10984.9 24.0278
10922.4 346.863 11001.2 59.1752
10939.1 341.656 11017.5 57.8734
10954.3 357.277 11033.9 94.3226
10971.2 366.39 11050.5 96.9261
10988.1 371.597 11067.7 134.677
11004.1 415.856 11082.9 86.5121
11019.9 434.081 11100.7 164.617
11037.1 434.081 11116.1 164.617
11053.1 492.66 11133.4 121.659
11070.6 469.228 11149.1 143.789
11086.7 469.228 11165.7 181.54
11102.4 469.228 11182.1 150.298
11118.5 504.376 11198.4 185.445
11136 500.47 11215.3 163.316
11151.5 512.186 11231.4 177.635
11169 473.134 11248 211.481
11185 504.376 11265.5 246.628
11201.3 516.091 11281.6 267.456
11217.7 531.712 11296.7 259.646
11233.7 565.558 11312.8 284.379
11250.1 635.853 11330.9 296.095
11266.1 620.232 11347.2 318.225
11283.6 591.593 11363 305.207
11300 569.463 11379.9 320.828
11315.7 648.871 11397.4 367.691
11331.8 704.846 11412.6 389.821
11349 721.769 11429.2 393.726
11364.7 728.278 11445.6 397.632
11381.1 694.432 11461.6 397.632
11398.3 655.379 11478.5 384.614
11413.8 720.467 11495.5 379.407
11430.4 737.39 11511.8 466.625
11447.6 759.52 11527.6 458.814
11463.4 805.081 11543.9 495.263
11479.7 795.969 11561.7 465.323
11495.8 769.934 11577.8 500.47
11512.7 771.236 11593.5 496.565
11529.3 771.236 11609.9 557.748
11545.4 816.797 11626.8 578.576
11562.6 897.506 11643.4 599.404
11578.6 859.755 11659.5 590.291
11595 902.713 11675.5 596.8
11610.5 837.625 11692.8 572.067
11627.4 844.134 11708.8 618.93
11643.4 870.169 11725.5 629.344
11660.1 910.523 11742.7 644.965
11677 976.913 11758.2 667.095
11693.4 1009.46 11775.1 706.148
11709.1 949.576 11792 607.214
11726 983.422 11808.7 684.018
11743.3 944.369 11824.1 736.088
11759.6 1018.57 11840.8 781.65
11774.8 1060.23 11856.8 764.727
11791.4 1109.69 11875.2 759.52
11807.8 1078.45 11890.1 750.407
11824.4 1112.3 11906.5 857.151
11839.6 1114.9 11922.8 900.109
11856.8 1099.28 11939.5 915.73
11873.5 1104.49 11955.2 961.292
11890.1 1239.87 11973.1 937.86
11906.5 1208.63 11989.4 950.878
11922.5 1254.19 12006 961.292
11938.3 1208.63 12022.1 965.197
11955.2 1226.85 12039.3 999.043
11971.9 1229.45 12055.1 1078.45
11988.5 1265.9 12072.1 1096.67
12004.6 1311.46 12087.8 1101.88
12020.4 1282.83 12104.8 1094.07
12037.6 1285.43 12121.1 1129.22
12052.5 1310.16 12137.5 1140.93
12070 1277.62 12154.7 1195.61
12086.1 1360.93 12171.9 1248.98
12102.7 1376.55 12189.2 1262
12119.6 1428.62 12201.7 1288.03
12134.8 1444.24 12184.8 1304.96
12151.8 1468.98 12169 1366.14
