4016.52 -320.937 4031.78 -333.955
4003.02 -304.015 4047.34 -336.559
4000.37 -320.937 4064.36 -370.404
4012.41 -283.187 4080.51 -363.895
4030.31 -313.127 4096.66 -354.783
4046.75 -298.808 4113.69 -391.232
4062.89 -267.565 4128.95 -375.611
4079.92 -298.808 4145.4 -415.966
4096.36 -304.015 4162.14 -379.516
4111.63 -285.79 4177.99 -386.025
4128.95 -270.169 4195.32 -388.629
4146.28 -281.885 4212.35 -373.008
4161.55 -242.832 4229.1 -353.481
4177.99 -257.151 4243.19 -375.611
4195.32 -271.471 4261.41 -375.611
4210.89 -294.902 4277.27 -373.008
4227.63 -276.678 4293.43 -395.138
4245.54 -267.565 4310.17 -395.138
4260.53 -276.678 4326.62 -336.559
4276.97 -242.832 4342.78 -386.025
4294.3 -290.997 4360.11 -373.008
4310.76 -259.755 4376.57 -397.741
4327.21 -272.773 4392.14 -378.215
4342.49 -270.169 4408.3 -361.292
4359.53 -293.601 4425.93 -357.387
4375.68 -297.506 4442.09 -363.895
4392.73 -293.601 4458.26 -361.292
4408.3 -297.506 4474.13 -375.611
4425.05 -300.109 4490.88 -354.783
4441.8 -237.625 4507.63 -376.913
4457.08 -274.074 4524.38 -350.878
4474.71 -280.583 4541.43 -358.688
4490.58 -289.695 4556.12 -349.576
4507.04 -283.187 4573.46 -361.292
4523.79 -250.643 4590.22 -335.257
4540.25 -257.151 4606.38 -337.86
4556.42 -258.453 4623.14 -357.387
4572.58 -240.229 4639.01 -373.008
4588.75 -245.436 4655.18 -383.422
4606.38 -276.678 4672.23 -369.102
4622.55 -293.601 4688.1 -311.825
4638.72 -293.601 4705.74 -387.327
4654 -261.057 4721.03 -362.594
4671.64 -290.997 4737.49 -359.99
4687.81 -292.299 4753.37 -367.801
4703.39 -289.695 4770.42 -343.067
4721.62 -290.997 4786.29 -384.723
4737.2 -266.264 4803.64 -359.99
4754.25 -262.358 4820.4 -333.955
4770.12 -283.187 4836.86 -341.766
4786.59 -266.264 4853.03 -340.464
4802.76 -242.832 4869.2 -366.499
4818.93 -241.53 4884.79 -366.499
4834.51 -248.039 4902.43 -366.499
4852.74 -268.867 4918.01 -369.102
4868.32 -267.565 4934.18 -359.99
4884.79 -300.109 4951.53 -367.801
4901.25 -242.832 4967.7 -350.878
4918.6 -287.092 4983.87 -366.499
4933.6 -264.962 5000.34 -354.783
4950.94 -283.187 5016.8 -317.032
4967.11 -298.808 5033.57 -337.86
4983.87 -255.85 5049.44 -311.825
5000.05 -274.074 5066.2 -309.222
5016.51 -258.453 5082.67 -344.369
5032.68 -266.264 5099.14 -322.239
5048.56 -270.169 5115.9 -366.499
5064.73 -259.755 5131.77 -328.748
5081.79 -277.98 5148.53 -328.748
5098.84 -285.79 5165 -341.766
5114.43 -285.79 5181.47 -366.499
5130.3 -280.583 5197.93 -362.594
5147.95 -232.418 5213.81 -356.085
5163.53 -302.713 5230.57 -340.464
5180.29 -261.057 5247.62 -320.937
5197.05 -302.713 5263.8 -335.257
5213.81 -296.204 5279.97 -359.99
5229.69 -240.229 5295.84 -335.257
5246.74 -285.79 5312.6 -358.688
5262.03 -268.867 5329.07 -327.446
5277.91 -271.471 5345.24 -324.843
5295.84 -317.032 5361.7 -339.162
5312.6 -285.79 5378.46 -319.636
5327.6 -261.057 5394.93 -310.523
5344.65 -245.436 5411.98 -352.18
5360.82 -249.341 5427.56 -341.766
5377.29 -263.66 5443.73 -320.937
5394.05 -264.962 5460.78 -340.464
5410.8 -248.039 5477.25 -341.766
5425.8 -237.625 5494 -326.144
5444.03 -276.678 5508.7 -358.688
5459.02 -253.246 5526.34 -350.878
5476.66 -248.039 5542.81 -335.257
5493.12 -275.376 5558.68 -323.541
5509.29 -275.376 5576.02 -317.032
5525.76 -266.264 5592.49 -318.334
5541.04 -307.92 5609.24 -310.523
5557.8 -287.092 5625.12 -330.05
5574.55 -268.867 5640.69 -318.334
5591.6 -251.944 5658.33 -363.895
5607.48 -267.565 5674.79 -359.99
5624.23 -242.832 5690.37 -350.878
5640.4 -240.229 5707.71 -362.594
5656.57 -259.755 5723.29 -365.197
5672.44 -261.057 5740.34 -352.18
5689.19 -246.737 5756.5 -391.232
5705.36 -254.548 5773.55 -361.292
5721.52 -263.66 5789.71 -378.215
5738.87 -277.98 5805.29 -346.973
5754.44 -298.808 5822.33 -359.99
5771.78 -298.808 5838.79 -354.783
5788.24 -253.246 5854.66 -352.18
5803.23 -251.944 5872.29 -343.067
5820.27 -266.264 5889.04 -327.446
5836.15 -266.264 5904.61 -314.429
5853.19 -284.488 5921.36 -311.825
5869.35 -276.678 5937.23 -359.99
5886.1 -271.471 5953.39 -378.215
5902.85 -244.134 5970.14 -340.464
5919.01 -241.53 5986.59 -346.973
5935.47 -220.702 6002.75 -356.085
5951.92 -264.962 6020.08 -357.387
5968.96 -249.341 6036.53 -356.085
5985.12 -262.358 6052.11 -366.499
6001.28 -224.608 6069.14 -353.481
6016.85 -255.85 6085.89 -370.404
6033.89 -249.341 6101.16 -310.523
6050.05 -271.471 6119.08 -327.446
6066.79 -264.962 6134.94 -328.748
6082.95 -292.299 6151.39 -300.109
6100.28 -298.808 6167.25 -350.878
6115.85 -266.264 6183.41 -345.671
6132.01 -314.429 6199.85 -331.352
6148.16 -285.79 6217.18 -319.636
6166.08 -268.867 6233.63 -333.955
6181.64 -254.548 6249.78 -322.239
6197.5 -271.471 6266.52 -318.334
6214.83 -290.997 6282.96 -328.748
6230.4 -250.643 6298.23 -346.973
6246.84 -237.625 6315.26 -349.576
6264.46 -240.229 6332.29 -354.783
6280.32 -259.755 6347.86 -319.636
6297.06 -264.962 6365.47 -359.99
6313.5 -287.092 6380.74 -328.748
6329.06 -285.79 6397.47 -341.766
6345.51 -296.204 6413.91 -327.446
6362.24 -267.565 6431.23 -276.678
6378.1 -271.471 6446.2 -279.281
6395.12 -259.755 6463.23 -288.394
6411.57 -275.376 6479.67 -341.766
6428 -259.755 6496.4 -324.843
6443.56 -287.092 6512.54 -365.197
6460.59 -270.169 6528.69 -345.671
6476.44 -235.022 6545.71 -369.102
6492.88 -208.986 6561.56 -359.99
6509.61 -250.643 6578.87 -346.973
6525.46 -264.962 6595.01 -335.257
6542.48 -242.832 6611.15 -356.085
6559.21 -250.643 6628.17 -357.387
6575.35 -237.625 6644.02 -343.067
6591.78 -222.004 6659.86 -340.464
6607.63 -245.436 6677.17 -310.523
6623.77 -225.909 6694.48 -317.032
6641.08 -341.766 6710.03 -320.937
6658.1 -253.246 6725.87 -340.464
6673.94 -274.074 6742.89 -341.766
6689.79 -271.471 6759.02 -331.352
6706.22 -287.092 6774.57 -309.222
6722.94 -262.358 6792.47 -331.352
6739.96 -290.997 6808.01 -340.464
6755.5 -264.962 6824.44 -313.127
6771.64 -254.548 6840.57 -382.12
6789.24 -261.057 6858.75 -336.559
6806.25 -249.341 6874.59 -306.618
6821.21 -219.401 6889.84 -328.748
6838.22 -258.453 6907.43 -362.594
6855.23 -281.885 6923.56 -374.309
6871.07 -228.513 6939.4 -302.713
6886.32 -268.867 6956.4 -310.523
6902.74 -245.436 6973.12 -343.067
6919.16 -266.264 6989.83 -307.92
6936.46 -279.281 7005.66 -336.559
6952.59 -274.074 7022.37 -339.162
6969.3 -275.376 7038.79 -322.239
6985.43 -272.773 7055.79 -311.825
7001.55 -280.583 7070.74 -314.429
7018.27 -280.583 7088.91 -326.144
7034.68 -259.755 7104.16 -317.032
7051.1 -244.134 7120.86 -318.334
7067.52 -250.643 7137.28 -370.404
7083.34 -279.281 7153.69 -324.843
7100.64 -235.022 7170.4 -357.387
7117.35 -237.625 7186.81 -348.274
7133.76 -244.134 7203.22 -343.067
7149.59 -248.039 7219.33 -328.748
7165.12 -272.773 7236.62 -362.594
7181.82 -254.548 7252.15 -337.86
7198.82 -271.471 7268.56 -298.808
7214.94 -284.488 7285.55 -328.748
7231.35 -294.902 7300.79 -296.204
7247.76 -283.187 7317.49 -311.825
7263.87 -304.015 7335.07 -318.334
7280.28 -255.85 7351.18 -311.825
7296.98 -270.169 7366.7 -331.352
7313.97 -259.755 7383.4 -359.99
7330.08 -245.436 7400.09 -339.162
7346.2 -225.909 7417.96 -323.541
7363.48 -233.72 7433.48 -337.86
7379 -268.867 7449.3 -346.973
7395.7 -262.358 7466.28 -340.464
7412.4 -227.211 7482.98 -361.292
7428.8 -235.022 7499.67 -353.481
7445.2 -279.281 7514.9 -363.895
7460.43 -274.074 7531.88 -330.05
7477.12 -288.394 7548.28 -380.818
7493.52 -297.506 7564.67 -333.955
7510.8 -283.187 7581.65 -324.843
7527.78 -298.808 7597.17 -318.334
7543.01 -280.583 7613.57 -324.843
7560.28 -296.204 7629.96 -318.334
7576.09 -257.151 7646.94 -345.671
7592.49 -266.264 7663.91 -332.653
7608.59 -294.902 7678.84 -388.629
7625.86 -245.436 7696.11 -330.05
7641.38 -276.678 7712.21 -322.239
7657.18 -241.53 7729.48 -340.464
7674.45 -248.039 7745.58 -337.86
7691.43 -259.755 7761.67 -357.387
7707.23 -238.927 7777.77 -344.369
7722.75 -251.944 7795.03 -319.636
7740.31 -246.737 7811.42 -326.144
7756.4 -279.281 7828.1 -327.446
7772.21 -262.358 7844.19 -339.162
7788.89 -288.394 7860.58 -333.955
7805.57 -276.678 7876.67 -322.239
7821.37 -267.565 7894.22 -310.523
7839.22 -275.376 7908.85 -335.257
7854.73 -275.376 7927.28 -343.067
7871.4 -280.583 7942.78 -336.559
7887.49 -261.057 7959.75 -330.05
7904.17 -296.204 7974.96 -378.215
7921.14 -270.169 7991.93 -367.801
7936.94 -242.832 8008.31 -357.387
7952.44 -274.074 8026.15 -371.706
7970.28 -289.695 8041.36 -383.422
7985.78 -267.565 8058.03 -369.102
8002.46 -238.927 8073.53 -353.481
8019.13 -261.057 8090.78 -358.688
8035.8 -276.678 8106.86 -353.481
8052.76 -263.66 8124.12 -337.86
8067.97 -277.98 8139.91 -314.429
8084.93 -270.169 8156.87 -318.334
8101.89 -289.695 8172.66 -361.292
8117.39 -284.488 8190.2 -310.523
8134.35 -296.204 8206.28 -318.334
8150.43 -272.773 8221.48 -331.352
8167.68 -244.134 8238.73 -322.239
8182.89 -254.548 8255.1 -341.766
8198.68 -281.885 8272.93 -337.86
8216.51 -267.565 8287.84 -332.653
8232.88 -253.246 8304.5 -354.783
8247.79 -275.376 8320.28 -343.067
8265.62 -208.986 8336.65 -352.18
8281.12 -242.832 8353.6 -343.067
8297.49 -242.832 8370.26 -336.559
8314.15 -283.187 8386.05 -305.316
8330.81 -266.264 8402.7 -314.429
8347.47 -276.678 8419.36 -315.73
8362.96 -263.66 8436.6 -298.808
8379.91 -272.773 8451.8 -324.843
8395.98 -266.264 8469.33 -304.015
8412.93 -287.092 8485.69 -318.334
8429 -311.825 8501.47 -333.955
8445.66 -270.169 8517.83 -311.825
8462.32 -300.109 8534.78 -331.352
8478.68 -267.565 8551.14 -353.481
8495.04 -255.85 8568.09 -317.032
8511.7 -277.98 8582.99 -341.766
8528.06 -255.85 8601.1 -371.706
8543.55 -253.246 8617.17 -387.327
8560.2 -280.583 8633.53 -374.309
8576.56 -249.341 8649.59 -356.085
8593.8 -220.702 8665.07 -363.895
8609.57 -254.548 8681.72 -353.481
8626.22 -302.713 8698.66 -315.73
8642.58 -257.151 8715.31 -326.144
8659.52 -289.695 8731.67 -362.594
8675.59 -297.506 8748.32 -362.594
8691.66 -277.98 8763.5 -301.411
8707.13 -328.748 8782.48 -324.843
8725.24 -266.264 8797.38 -289.695
8741.02 -271.471 8814.32 -280.583
8757.37 -267.565 8830.96 -339.162
8772.85 -276.678 8846.73 -367.801
8790.08 -263.66 8863.67 -345.671
8806.73 -297.506 8880.02 -383.422
8823.08 -283.187 8896.37 -335.257
8837.97 -218.099 8913.6 -343.067
8854.62 -244.134 8929.37 -350.878
8872.14 -245.436 8945.13 -354.783
8888.49 -296.204 8962.07 -354.783
8905.13 -272.773 8977.83 -332.653
8920.31 -281.885 8995.35 -346.973
8937.54 -287.092 9011.69 -307.92
8953.89 -287.092 9028.04 -277.98
8970.53 -279.281 9044.1 -318.334
8987.47 -281.885 9059.86 -326.144
9002.35 -293.601 9076.5 -371.706
9020.16 -262.358 9094.02 -322.239
9035.63 -261.057 9109.78 -320.937
9052.27 -245.436 9125.54 -348.274
9068.91 -240.229 9142.76 -319.636
9084.97 -242.832 9159.69 -365.197
9101.02 -263.66 9175.45 -348.274
9117.66 -251.944 9192.38 -337.86
9134.59 -266.264 9208.73 -349.576
9149.48 -254.548 9225.07 -375.611
9167.28 -245.436 9242 -315.73
9184.79 -276.678 9258.05 -309.222
9199.97 -285.79 9275.56 -333.955
9216.31 -289.695 9290.15 -309.222
9232.95 -276.678 9308.53 -327.446
9249.59 -264.962 9324 -306.618
9265.34 -285.79 9340.05 -301.411
9281.4 -279.281 9355.52 -289.695
9298.91 -264.962 9372.44 -280.583
9315.83 -272.773 9389.66 -280.583
9330.42 -290.997 9406.29 -328.748
9348.22 -277.98 9422.63 -330.05
9364.27 -251.944 9438.97 -330.05
9380.32 -257.151 9455.89 -300.109
9396.66 -246.737 9471.65 -296.204
9413.29 -267.565 9487.99 -345.671
9429.34 -261.057 9504.62 -301.411
9445.97 -227.211 9521.83 -330.05
9462.02 -246.737 9537.88 -337.86
9479.24 -238.927 9554.22 -326.144
9495.87 -241.53 9570.27 -281.885
9511.62 -270.169 9587.48 -250.643
9527.96 -270.169 9603.23 -271.471
9544.59 -272.773 9620.15 -276.678
9560.93 -251.944 9637.07 -255.85
9576.97 -261.057 9652.24 -268.867
9593.9 -219.401 9668.87 -255.85
9610.53 -231.116 9685.21 -292.299
9626.28 -166.029 9701.54 -293.601
9642.62 -227.211 9718.75 -271.471
9658.95 -240.229 9735.67 -271.471
9675 -219.401 9751.72 -257.151
9692.79 -229.815 9767.18 -271.471
9708.84 -208.986 9783.22 -302.713
9725.46 -194.667 9800.43 -318.334
9741.22 -211.59 9817.64 -393.836
9757.26 -190.762 9833.98 -328.748
9774.47 -228.513 9850.02 -318.334
9790.22 -214.194 9865.77 -285.79
9806.56 -175.141 9883.27 -357.387
9822.6 -182.951 9899.32 -300.109
9839.52 -169.934 9915.94 -298.808
9855.56 -171.236 9932.27 -313.127
9872.77 -153.011 9948.9 -336.559
9888.52 -139.993 9964.94 -345.671
9905.73 -159.52 9981.86 -331.352
9921.77 -150.407 9997.9 -298.808
9938.98 -136.088 10013.6 -302.713
9954.73 -132.183 10031.1 -304.015
9970.48 -133.485 10048.1 -324.843
9987.69 -120.467 10063.5 -367.801
10004.3 -112.657 10081 -313.127
10020.1 -112.657 10095.9 -323.541
10036.4 -98.3372 10113.1 -294.902
10053 -81.4144 10128.9 -277.98
10069.6 -72.3021 10145.5 -283.187
10086.6 -119.165 10162.4 -289.695
10101.7 -119.165 10179 -281.885
10118.9 -113.958 10195.9 -270.169
10135.9 -106.148 10211.4 -296.204
10151.3 -44.9653 10228.3 -285.79
10167.9 -56.6811 10244.3 -268.867
10184.9 -69.6986 10261.3 -218.099
10200.6 -44.9653 10278.2 -235.022
10216.9 -68.3969 10293.3 -249.341
10233.3 -12.4214 10309.7 -281.885
10250.5 -15.0249 10326.9 -249.341
10266.2 5.80321 10343.5 -250.643
10282 25.3295 10359.8 -248.039
10299.8 8.40672 10376.2 -231.116
10315.5 -4.61084 10393.1 -231.116
10331.5 25.3295 10409.4 -255.85
10347.9 43.5541 10425.8 -259.755
10364.5 66.9857 10442.4 -220.702
10381.4 55.2699 10458.7 -194.667
10397.5 87.8138 10474.7 -164.727
10414.4 42.2524 10491.1 -215.495
10430.1 50.0629 10508.3 -198.572
10446.5 46.1576 10524.6 -214.194
10462.5 124.263 10540.6 -172.537
10480.3 154.203 10557 -227.211
10496 126.866 10574.2 -156.916
10511.5 128.168 10589.7 -120.467
10528.1 146.393 10607.2 -149.106
10544.7 154.203 10622.9 -171.236
10561.1 146.393 10639.5 -141.295
10576.5 203.67 10656.1 -136.088
10594.3 224.498 10672.8 -94.432
10610.4 208.877 10688.5 -113.958
10626.4 198.463 10705.1 -82.7162
10643.3 172.428 10721.8 -78.8109
10660.5 198.463 10738.1 -54.0776
10676.3 189.351 10754.4 -116.562
10692.3 253.137 10770.8 -64.4916
10709.8 247.93 10787.4 -76.2074
10725.3 255.74 10805.5 -15.0249
10742.5 228.403 10819.8 -30.646
10758.8 229.705 10836.7 -48.8705
10774.6 257.042 10853.3 -22.8354
10790.9 277.87 10869.4 -28.0424
10807.5 320.828 10886 -87.9232
10823.6 353.372 10901.7 -3.30908
10840.8 322.13 10919.5 25.3295
10856.8 328.639 10935.6 13.6137
10873.4 337.751 10951.9 7.10496
10889.2 340.354 10969.1 -3.30908
10905.8 316.923 10984.9 -2.00733
10922.4 371.597 11001.5 87.8138
10938.8 357.277 11017.8 93.0208
10954.3 379.407 11034.2 139.884
10971.2 392.425 11050.5 94.3226
10988.4 413.253 11066.8 86.5121
11003.5 437.986 11082.9 93.0208
11021.3 454.909 11098.9 130.772
11037.7 436.684 11116.4 156.807
11054.3 469.228 11133.1 164.617
11070.3 435.383 11150 152.902
11085.5 501.772 11166 160.712
11103 482.246 11181.8 159.41
11119.1 504.376 11198.7 168.523
11134.8 505.677 11215 194.558
11151.1 530.411 11231.7 232.309
11169.5 529.109 11248 250.533
11185 570.765 11264.6 212.782
11201.3 551.239 11281.9 197.161
11217.7 536.92 11297.3 219.291
11233.4 553.842 11313.7 289.586
11249.2 617.628 11330.3 296.095
11266.7 626.741 11346.6 355.975
11283.3 634.551 11364.1 337.751
11299.7 622.835 11379.6 326.035
11315.4 681.414 11396.8 318.225
11332.9 708.751 11412.6 323.432
11349.3 711.355 11429.8 355.975
11365.3 741.295 11445.3 423.667
11382.2 712.657 11462.5 417.158
11398 730.881 11478.2 435.383
11413.8 737.39 11494.6 410.649
11430.7 785.555 11511.8 408.046
11447 760.821 11528.1 391.123
11463.1 771.236 11544.2 461.418
11480 810.288 11560.8 448.4
11496.3 828.513 11578.6 556.446
11513 803.78 11593.8 521.298
11529.6 818.099 11610.2 499.169
11545.1 806.383 11626.5 514.79
11562 867.565 11643.1 516.091
11578.1 859.755 11659.8 575.972
11595.3 906.618 11676.4 613.723
11611.9 923.541 11692.5 630.646
11627.4 910.523 11708.8 659.285
11644 932.653 11725.8 615.025
11659.8 979.517 11741.8 642.362
11677.3 984.724 11758.2 620.232
11692.8 1026.38 11775.1 673.604
11709.4 989.93 11791.4 721.769
11726 1030.28 11807.8 754.313
11742.1 1035.49 11824.1 712.657
11758.7 1010.76 11841.1 759.52
11775.1 1043.3 11857.1 719.165
11791.4 1066.73 11873.8 792.064
11807.5 1101.88 11889.8 827.211
11824.4 1108.39 11906.5 876.678
11840.2 1142.24 11922 866.264
11857.4 1159.16 11939.5 888.394
11872.9 1138.33 11956.1 881.885
11890.1 1118.8 11972.2 904.015
11905.6 1153.95 11989.4 909.222
11923.1 1196.91 12005.8 1006.85
11939.5 1275.02 12022.1 971.706
11955.5 1273.71 12039.3 1019.87
11972.5 1286.73 12054.8 1031.59
11988.2 1252.89 12071.5 1055.02
12004 1290.64 12088.4 1053.72
12020.9 1304.96 12104.5 1124.01
12037.3 1350.52 12120.8 1152.65
12053.4 1346.61 12138 1177.38
12070.6 1334.9 12155.9 1199.51
12087.2 1383.06 12171.9 1164.37
12103 1366.14 12188.9 1220.34
12120.2 1333.59 12201.7 1285.43
12135.7 1385.66 12185.1 1341.4
12152.1 1445.55 12169 1418.21
