6012.44 -757.026 6025.66 -733.594
6003.63 -563.064 6038.59 -767.44
6000.1 -573.478 6052.11 -810.398
6009.21 -568.271 6065.32 -806.492
6022.43 -583.892 6077.66 -826.019
6034.77 -548.745 6090.29 -837.735
6047.99 -521.408 6104.4 -836.433
6061.51 -526.615 6117.32 -810.398
6074.14 -539.632 6129.66 -815.605
6087.94 -521.408 6142.29 -788.268
6101.16 -544.839 6156.09 -829.924
6112.62 -539.632 6168.43 -790.871
6126.43 -578.685 6182.23 -832.527
6140.23 -526.615 6194.86 -828.622
6152.57 -543.538 6207.49 -781.759
6166.37 -513.597 6220.71 -789.57
6179 -520.106 6234.22 -792.173
6191.92 -539.632 6247.43 -763.534
6205.43 -542.236 6259.76 -753.12
6218.65 -527.917 6273.57 -770.043
6230.98 -509.692 6285.31 -764.836
6244.79 -524.011 6298.82 -730.991
6257.41 -522.71 6312.03 -737.499
6270.04 -456.32 6325.25 -716.671
6283.84 -475.846 6338.46 -710.162
6295.59 -444.604 6351.67 -728.387
6309.39 -481.053 6364.3 -682.826
6321.72 -478.45 6378.39 -701.05
6335.23 -482.355 6389.55 -734.896
6347.86 -491.467 6402.46 -704.955
6361.65 -481.053 6416.85 -715.369
6374.28 -445.906 6429.18 -730.991
6387.2 -471.941 6442.98 -711.464
6400.41 -494.071 6456.18 -711.464
6414.21 -503.183 6468.81 -707.559
6426.54 -501.881 6481.72 -676.317
6439.45 -491.467 6495.23 -724.482
6452.37 -516.201 6507.26 -732.292
6465.28 -458.924 6520.47 -736.198
6479.08 -501.881 6533.97 -711.464
6490.53 -456.32 6546.59 -703.654
6504.32 -521.408 6560.09 -695.843
6517.83 -482.355 6571.53 -698.447
6530.45 -457.622 6585.62 -688.033
6544.24 -495.373 6599.71 -714.068
6557.15 -475.846 6610.86 -710.162
6569.77 -470.639 6624.36 -710.162
6582.69 -444.604 6638.73 -680.222
6595.3 -455.018 6650.47 -675.015
6608.8 -432.888 6663.67 -634.661
6622.01 -474.545 6677.76 -680.222
6635.51 -447.208 6689.2 -664.601
6647.54 -455.018 6702.99 -663.299
6661.62 -474.545 6717.07 -669.808
6673.65 -440.699 6728.81 -717.973
6687.73 -440.699 6742.6 -719.275
6699.76 -492.769 6754.92 -668.506
6713.26 -482.355 6767.82 -681.524
6725.58 -464.131 6781.02 -641.169
6739.37 -475.846 6794.52 -648.98
6750.81 -505.787 6807.13 -659.394
6765.18 -456.32 6819.45 -669.808
6777.8 -487.562 6833.24 -656.79
6791.88 -491.467 6846.14 -638.566
6803.9 -487.562 6860.8 -645.075
6817.69 -462.829 6872.54 -612.531
6829.72 -475.846 6885.15 -613.833
6842.33 -452.415 6898.64 -642.471
6856.4 -434.19 6911.54 -630.755
6869.02 -455.018 6924.44 -658.092
6882.21 -445.906 6937.05 -641.169
6895.7 -422.474 6950.25 -632.057
6907.73 -448.51 6963.73 -647.678
6920.63 -430.285 6976.05 -651.583
6934.7 -443.303 6990.12 -645.075
6947.31 -452.415 7002.44 -676.317
6960.51 -452.415 7015.63 -645.075
6973.12 -462.829 7027.65 -659.394
6985.43 -484.959 7041.43 -658.092
6999.21 -474.545 7054.33 -668.506
7012.7 -444.604 7067.81 -642.471
7024.72 -435.492 7081 -628.152
7038.79 -442.001 7094.78 -617.738
7051.69 -497.976 7106.21 -633.359
7064.59 -461.527 7119.4 -589.099
7078.36 -486.26 7133.76 -595.608
7090.09 -471.941 7146.95 -602.117
7103.57 -458.924 7158.67 -559.159
7116.47 -447.208 7172.45 -570.875
7129.36 -448.51 7184.76 -577.383
7142.85 -468.036 7197.94 -552.65
7154.86 -423.776 7210.84 -591.703
7168.93 -415.966 7223.44 -555.253
7180.36 -434.19 7236.33 -585.194
7194.13 -447.208 7250.98 -633.359
7207.61 -445.906 7262.99 -581.289
7220.51 -449.811 7276.18 -602.117
7233.4 -432.888 7289.07 -620.341
7246.88 -417.267 7301.67 -589.099
7260.06 -458.924 7315.14 -604.72
7272.37 -449.811 7328.03 -602.117
7286.14 -464.131 7340.92 -595.608
7298.74 -466.734 7354.98 -641.169
7312.51 -490.166 7367.87 -609.927
7324.52 -435.492 7380.18 -602.117
7337.41 -494.071 7393.06 -599.513
7350.59 -479.752 7407.12 -583.892
7363.19 -447.208 7419.72 -561.762
7376.37 -475.846 7432.31 -542.236
7389.55 -430.285 7445.78 -543.538
7401.85 -443.303 7458.08 -598.211
7416.79 -406.853 7471.85 -564.366
7429.09 -469.338 7484.73 -557.857
7441.39 -436.794 7497.62 -573.478
7454.57 -445.906 7510.8 -569.573
7467.75 -432.888 7522.8 -560.461
7481.22 -423.776 7536.27 -577.383
7493.81 -431.587 7549.45 -560.461
7506.4 -458.924 7562.33 -622.945
7520.75 -470.639 7575.21 -619.04
7532.46 -455.018 7588.97 -593.004
7545.64 -465.432 7600.98 -602.117
7557.94 -438.096 7614.44 -573.478
7571.99 -465.432 7628.49 -583.892
7584.87 -479.752 7641.08 -548.745
7597.76 -452.415 7654.55 -566.969
7610.93 -520.106 7667.43 -543.538
7624.1 -479.752 7680.01 -556.555
7635.81 -486.26 7693.19 -569.573
7649.28 -484.959 7706.65 -539.632
7663.62 -505.787 7718.94 -540.934
7675.62 -497.976 7732.11 -517.503
7688.8 -434.19 7744.99 -500.58
7702.85 -455.018 7758.74 -514.899
7714.85 -418.569 7771.33 -531.822
7727.72 -445.906 7783.62 -531.822
7741.18 -444.604 7797.08 -557.857
7754.06 -417.267 7810.83 -530.52
7766.35 -418.569 7823.71 -539.632
7780.11 -440.699 7836.88 -555.253
7792.98 -439.397 7848.87 -574.78
7806.44 -396.439 7862.92 -585.194
7818.15 -436.794 7875.5 -576.082
7832.19 -402.948 7888.37 -578.685
7844.48 -449.811 7902.12 -560.461
7857.94 -464.131 7913.82 -573.478
7870.82 -439.397 7927.28 -582.59
7884.57 -447.208 7941.03 -598.211
7897.73 -431.587 7953.9 -595.608
7910.9 -449.811 7965.89 -561.762
7923.48 -452.415 7979.64 -548.745
7935.76 -468.036 7993.39 -547.443
7948.34 -460.225 8005.67 -552.65
7962.38 -447.208 8019.71 -546.141
7975.25 -475.846 8032.29 -547.443
7987.83 -495.373 8044.57 -535.727
8001.29 -466.734 8058.9 -527.917
8014.16 -460.225 8070.31 -525.313
8027.32 -434.19 8083.47 -539.632
8040.77 -399.043 8096.34 -533.124
8052.76 -414.664 8110.66 -525.313
8065.63 -419.871 8123.53 -553.952
8079.08 -443.303 8136.69 -531.822
8092.24 -444.604 8148.97 -538.331
8105.11 -456.32 8161.84 -560.461
8119.14 -406.853 8175.58 -556.555
8131.43 -406.853 8188.15 -581.289
8144.29 -425.078 8201.89 -583.892
8156.87 -436.794 8214.76 -547.443
8170.32 -460.225 8226.45 -518.804
8182.3 -458.924 8239.31 -500.58
8196.34 -475.846 8253.64 -538.331
8209.49 -471.941 8267.08 -514.899
8221.77 -442.001 8279.95 -509.692
8234.34 -487.562 8292.22 -520.106
8247.79 -445.906 8304.79 -495.373
8261.24 -488.864 8318.82 -524.011
8274.39 -434.19 8331.1 -524.011
8287.84 -427.681 8345.71 -504.485
8300.12 -440.699 8357.7 -538.331
8314.15 -422.474 8372.02 -525.313
8326.13 -415.966 8384 -555.253
8338.99 -409.457 8396.57 -518.804
8353.6 -392.534 8409.72 -543.538
8364.42 -391.232 8422.28 -565.668
8378.15 -419.871 8435.43 -579.987
8391.31 -434.19 8448.29 -557.857
8404.46 -412.06 8462.32 -557.857
8417.32 -457.622 8475.17 -551.348
8430.17 -444.604 8488.03 -578.685
8442.74 -452.415 8500.89 -548.745
8456.47 -431.587 8514.33 -574.78
8468.75 -452.415 8526.6 -550.046
8482.19 -455.018 8540.04 -568.271
8495.04 -473.243 8552.89 -534.425
8508.49 -468.036 8566.34 -542.236
8522.22 -444.604 8578.31 -542.236
8534.49 -447.208 8592.92 -520.106
8547.05 -452.415 8605.48 -509.692
8560.2 -406.853 8618.63 -495.373
8573.35 -448.51 8631.48 -503.183
8587.37 -431.587 8644.04 -478.45
8599.35 -419.871 8657.19 -540.934
8612.49 -406.853 8670.33 -540.934
8625.35 -436.794 8683.18 -522.71
8638.2 -427.681 8696.62 -540.934
8651.64 -388.629 8710.06 -538.331
8663.9 -393.836 8722.91 -551.348
8678.22 -415.966 8735.17 -555.253
8690.49 -397.741 8749.19 -556.555
8703.63 -445.906 8761.17 -510.994
8716.48 -432.888 8774.6 -552.65
8728.75 -470.639 8788.03 -539.632
8742.77 -462.829 8800.59 -538.331
8755.03 -471.941 8813.44 -508.39
8768.76 -444.604 8827.17 -521.408
8780.44 -464.131 8840.31 -538.331
8794.46 -448.51 8852.86 -559.159
8807.6 -483.657 8866 -495.373
8819.87 -460.225 8878.27 -477.148
8834.17 -449.811 8892.28 -479.752
8846.15 -447.208 8905.42 -496.675
8859.58 -460.225 8918.56 -508.39
8872.43 -400.345 8930.83 -517.503
8885.28 -401.646 8943.67 -527.917
8898.71 -400.345 8956.52 -513.597
8911.26 -422.474 8970.53 -494.071
8924.99 -397.741 8983.96 -530.52
8937.83 -380.818 8995.93 -535.727
8949.8 -391.232 9009.65 -539.632
8963.82 -408.155 9023.37 -550.046
8976.66 -397.741 9035.93 -573.478
8989.8 -438.096 9048.48 -563.064
9002.65 -425.078 9061.61 -522.71
9016.07 -442.001 9074.17 -538.331
9027.46 -428.983 9087.01 -529.218
9042.35 -465.432 9101.9 -533.124
9054.03 -449.811 9112.99 -507.089
9067.75 -457.622 9127 -525.313
9080.88 -465.432 9138.97 -550.046
9093.14 -442.001 9153.56 -534.425
9106.57 -440.699 9165.24 -491.467
9119.7 -438.096 9178.95 -539.632
9132.26 -445.906 9190.92 -529.218
9144.81 -430.285 9205.23 -524.011
9159.11 -423.776 9218.07 -500.58
9171.37 -415.966 9230.91 -495.373
9185.09 -405.552 9244.04 -531.822
9197.34 -384.723 9256.59 -573.478
9210.77 -392.534 9269.14 -569.573
9223.61 -391.232 9282.56 -566.969
9236.75 -427.681 9296.28 -550.046
9248.71 -415.966 9309.41 -576.082
9262.72 -399.043 9321.67 -509.692
9276.14 -435.492 9334.51 -530.52
9288.11 -419.871 9347.06 -577.383
9301.82 -432.888 9361.64 -538.331
9314.08 -458.924 9373.9 -566.969
9328.09 -443.303 9387.32 -568.271
9340.34 -443.303 9400.75 -546.141
9353.77 -460.225 9413.88 -525.313
9367.19 -452.415 9426.13 -539.632
9379.45 -462.829 9439.56 -510.994
9392.87 -445.906 9452.39 -534.425
9406 -423.776 9464.65 -531.822
9418.55 -413.362 9478.65 -548.745
9431.39 -430.285 9491.49 -526.615
9443.93 -402.948 9504.04 -508.39
9457.94 -427.681 9516.87 -514.899
9470.19 -384.723 9530.59 -516.201
9483.61 -392.534 9543.42 -555.253
9496.16 -401.646 9557.14 -520.106
9510.16 -388.629 9569.97 -566.969
9522.42 -384.723 9582.23 -559.159
9535.55 -401.646 9595.36 -594.306
9548.09 -404.25 9609.65 -574.78
9561.51 -415.966 9621.61 -586.496
9575.23 -431.587 9635.03 -555.253
9587.77 -422.474 9648.16 -583.892
9600.61 -434.19 9660.7 -530.52
9614.03 -465.432 9673.83 -542.236
9626.57 -447.208 9687.54 -551.348
9639.41 -425.078 9700.08 -505.787
9652.83 -453.717 9713.21 -527.917
9666.25 -432.888 9725.75 -542.236
9677.91 -431.587 9739.76 -522.71
9692.21 -408.155 9752.59 -525.313
9704.75 -414.664 9764.84 -524.011
9717.59 -406.853 9777.68 -537.029
9730.72 -417.267 9791.1 -512.296
9744.13 -408.155 9804.51 -524.011
9756.39 -387.327 9817.64 -546.141
9770.39 -427.681 9830.48 -513.597
9783.22 -382.12 9843.6 -563.064
9795.47 -369.102 9856.44 -542.236
9808.89 -361.292 9870.15 -508.39
9822.02 -400.345 9882.98 -565.668
9835.14 -387.327 9895.52 -557.857
9848.27 -435.492 9908.65 -585.194
9860.81 -427.681 9921.48 -577.383
9874.23 -413.362 9934.31 -566.969
9886.77 -413.362 9948.02 -560.461
9899.32 -404.25 9961.15 -615.134
9912.73 -410.759 9974.27 -552.65
9926.73 -380.818 9987.11 -585.194
9938.69 -447.208 9999.94 -574.78
9951.81 -405.552 10012.8 -564.366
9964.65 -402.948 10026.5 -553.952
9977.19 -418.569 10038.7 -587.797
9990.9 -406.853 10052.1 -542.236
10004 -417.267 10065 -520.106
10016.6 -357.387 10077.8 -551.348
10029.4 -353.481 10090.9 -526.615
10043.1 -358.688 10104.6 -556.555
10055.4 -349.576 10116.6 -553.952
10067.9 -367.801 10130 -599.513
10082.8 -363.895 10143.4 -581.289
10094.7 -363.895 10156 -544.839
10107.8 -341.766 10169.4 -579.987
10121.3 -344.369 10182.8 -540.934
10134.1 -348.274 10194.8 -561.762
10146.6 -354.783 10207.6 -573.478
10160.3 -386.025 10221.3 -594.306
10172.6 -409.457 10234.4 -599.513
10185.7 -410.759 10247 -583.892
10199.4 -392.534 10260.4 -568.271
10212.3 -379.516 10273.5 -564.366
10224.5 -374.309 10286.6 -556.555
10236.8 -362.594 10299.2 -568.271
10250.8 -376.913 10312.9 -544.839
10264.5 -359.99 10326 -544.839
10277.9 -336.559 10338.3 -547.443
10289.3 -354.783 10351.7 -542.236
10303 -354.783 10364.8 -548.745
10315.5 -356.085 10377.6 -569.573
10328.3 -339.162 10390.2 -526.615
10341.5 -296.204 10403.9 -561.762
10354.9 -309.222 10417 -540.934
10367.4 -292.299 10429.8 -564.366
10380.8 -305.316 10442.7 -603.418
10393.4 -319.636 10456.1 -615.134
10406.8 -280.583 10468.9 -594.306
10419.9 -296.204 10481.7 -569.573
10432.4 -255.85 10496 -570.875
10446.2 -323.541 10508.3 -535.727
10458.4 -285.79 10521.1 -547.443
10472.4 -292.299 10534 -547.443
10484.7 -341.766 10547.7 -564.366
10498.1 -314.429 10560.2 -569.573
10510.3 -328.748 10573.6 -540.934
10523.7 -326.144 10585.3 -563.064
10536.9 -300.109 10599.9 -540.934
10549.7 -283.187 10613 -474.545
10562.5 -262.358 10625.2 -494.071
10576.2 -259.755 10638.4 -496.675
10589.4 -259.755 10651.2 -535.727
10601.6 -241.53 10664.3 -494.071
10615 -248.039 10678.6 -518.804
10628.1 -235.022 10690.6 -555.253
10641.9 -249.341 10703.7 -527.917
10654.1 -194.667 10716.8 -512.296
10666.9 -182.951 10729.9 -533.124
10679.5 -167.33 10743.1 -525.313
10692.9 -182.951 10755.9 -526.615
10706 -195.969 10768.7 -552.65
10719.2 -201.176 10781.9 -595.608
10732.9 -207.685 10794.7 -547.443
10746 -180.348 10808.4 -527.917
10758.5 -186.857 10821.5 -509.692
10770.2 -154.313 10834.4 -482.355
10784.5 -182.951 10847.5 -494.071
10797 -179.046 10859.7 -527.917
10810.7 -207.685 10873.2 -470.639
10823 -188.158 10886.6 -483.657
10834.9 -164.727 10898.5 -423.776
10848.6 -194.667 10912.8 -406.853
10862.1 -129.579 10926.5 -401.646
10875.5 -106.148 10938.8 -393.836
10888.3 -102.243 10951.9 -419.871
10901.2 -93.1302 10964.2 -414.664
10914 -120.467 10976.7 -388.629
10927.1 -102.243 10990.4 -434.19
10939.7 -94.432 11003.8 -440.699
10953.4 -108.751 11016.4 -423.776
10966.2 -95.7337 11029.8 -402.948
10978.8 -76.2074 11042.6 -388.629
10992.2 -57.9828 11056.1 -382.12
11004.7 -48.8705 11068.6 -404.25
11017.5 -55.3793 11081.7 -430.285
11031 -77.5092 11095.1 -451.113
11044.7 -50.1723 11108.3 -431.587
11057.2 -78.8109 11120.2 -422.474
11070.3 -30.646 11133.9 -370.404
11082.9 -51.474 11147.6 -352.18
11096 -52.7758 11159.6 -371.706
11109.7 -16.3266 11172.7 -391.232
11122.3 -28.0424 11186.8 -406.853
11134.8 -20.2319 11199.9 -350.878
11147.9 -12.4214 11211.8 -378.215
11160.8 17.519 11225.3 -344.369
11173.6 16.2173 11237.8 -315.73
11187.3 69.5892 11251.5 -305.316
11200.5 90.4173 11264.6 -275.376
11213 93.0208 11277.8 -283.187
11226.7 93.0208 11290.3 -317.032
11239.9 93.0208 11304.6 -304.015
11252.4 91.7191 11317.2 -289.695
11265.2 72.1928 11329.1 -300.109
11278.1 80.0033 11342.8 -298.808
11290.3 80.0033 11356 -300.109
11304.6 102.133 11367.9 -277.98
11316.3 60.4769 11381.4 -267.565
11329.4 81.305 11394.5 -288.394
11344.3 68.2875 11407 -268.867
11356 55.2699 11420.8 -297.506
11370 83.9085 11433.3 -255.85
11381.6 46.1576 11446.7 -228.513
11396.2 99.5296 11460.1 -225.909
11408.2 74.7963 11473.6 -180.348
11421 65.684 11486.4 -168.632
11434.2 108.642 11498.4 -164.727
11447 133.375 11511.2 -167.33
11460.7 139.884 11525.2 -182.951
11472.7 133.375 11538.7 -151.709
11486.4 133.375 11551.5 -153.011
11499 137.281 11564.3 -141.295
11511.8 141.186 11578.4 -134.786
11525.2 158.109 11590.9 -142.597
11538.1 197.161 11603.5 -153.011
11550.9 223.196 11616.6 -147.804
11563.5 202.368 11630.6 -156.916
11576.9 257.042 11643.1 -112.657
11589.7 232.309 11655.7 -134.786
11602.6 194.558 11668.5 -116.562
11616.3 201.067 11682.6 -166.029
11629.1 207.575 11695.4 -136.088
11641.7 211.481 11708 -126.976
11654.2 221.895 11720.5 -86.6215
11668.3 254.439 11733.6 -106.148
11680.5 260.947 11746.5 -57.9828
11694.5 275.267 11760.8 14.9155
11707.1 241.421 11773 -4.61084
11719 228.403 11785.6 -5.91259
11733.6 277.87 11799.3 -9.81786
11745.6 293.491 11813 -3.30908
11759 363.786 11825.3 26.6313
11772.8 368.993 11838.2 25.3295
11785 413.253 11851.3 33.1401
11797.9 417.158 11865 52.6664
11810.7 367.691 11877.3 70.891
11823.8 359.881 11890.7 51.3647
11836.4 359.881 11903.3 48.7611
11850.4 391.123 11916.7 73.4945
11862.4 434.081 11929.3 60.4769
11875.8 435.383 11941.8 52.6664
11889.8 441.891 11955.2 43.5541
11901.5 417.158 11968.7 65.684
11915.5 419.762 11982.1 65.684
11929 358.579 11994.7 81.305
11941.2 384.614 12008.7 76.098
11954.1 389.821 12020.6 90.4173
11967.5 371.597 12034.1 128.168
11980.1 441.891 12047.5 94.3226
11992.6 462.719 12061.8 172.428
12006.9 479.642 12073.2 171.126
12018.6 495.263 12086.7 173.73
12032.3 497.867 12098.9 210.179
12044.6 491.358 12112.1 168.523
12057.7 518.695 12126.1 240.119
12071.5 540.825 12138.3 271.361
12084.3 574.67 12152.1 263.551
12097.2 612.421 12164.6 277.87
12110.6 602.007 12178.1 273.965
12123.5 626.741 12190.3 257.042
12135.4 600.706 12203.5 306.509
12148.3 568.162 12216.6 285.681
12162.3 560.351 12230.1 288.284
12174.9 604.611 12242 296.095
12187.7 596.8 12255.8 349.467
12200.3 605.913 12269.8 331.242
12213.4 613.723 12282.6 326.035
12226.3 595.499 12294.9 352.07
12239.7 585.084 12308.4 331.242
12252.9 587.688 12321.5 353.372
12266 588.99 12334.1 359.881
12278 624.137 12347.8 419.762
12291.4 652.776 12361.2 457.512
12305.7 715.26 12374.1 486.151
12317.4 713.958 12386.7 535.618
12331.1 734.786 12399.8 553.842
12344.3 706.148 12413.5 546.032
12357.2 766.029 12427 564.256
12370.3 772.537 12439.6 612.421
12383.5 808.987 12453.3 626.741
12396 829.815 12466.4 651.474
12408.9 844.134 12479.9 694.432
12422 857.151 12493.9 716.562
12435.5 805.081 12500.3 699.639
12448.3 837.625 12486.9 713.958
12461.2 767.33 12473.2 703.544
