6012.74 -816.906 6025.37 -809.096
6003.63 -589.099 6038.88 -814.303
6000.4 -593.004 6051.81 -829.924
6009.21 -603.418 6064.74 -819.51
6022.43 -591.703 6078.25 -840.338
6035.65 -561.762 6090.29 -839.036
6048.87 -550.046 6104.1 -828.622
6061.8 -566.969 6116.44 -852.054
6073.55 -566.969 6129.95 -883.296
6087.94 -544.839 6143.46 -845.545
6101.16 -553.952 6156.09 -862.468
6114.68 -521.408 6168.72 -802.587
6126.72 -563.064 6181.94 -811.699
6139.64 -520.106 6193.98 -794.777
6153.45 -517.503 6208.08 -820.812
6165.78 -507.089 6222.17 -840.338
6179.59 -542.236 6234.22 -794.777
6191.92 -518.804 6247.14 -797.38
6205.43 -543.538 6260.35 -786.966
6218.36 -509.692 6273.27 -767.44
6231.28 -521.408 6285.9 -751.819
6244.2 -499.278 6298.82 -780.457
6256.83 -513.597 6312.62 -750.517
6270.04 -482.355 6325.54 -759.629
6283.84 -469.338 6338.46 -746.612
6296.18 -475.846 6351.09 -732.292
6309.1 -487.562 6364.88 -766.138
6322.31 -475.846 6377.21 -725.783
6335.23 -452.415 6390.72 -745.31
6349.62 -475.846 6403.64 -749.215
6361.65 -509.692 6416.85 -783.061
6373.99 -488.864 6429.18 -759.629
6387.78 -471.941 6442.39 -747.913
6400.7 -499.278 6455.3 -763.534
6413.62 -496.675 6469.1 -757.026
6427.42 -487.562 6481.43 -733.594
6439.45 -470.639 6494.93 -715.369
6452.96 -482.355 6507.26 -737.499
6465.28 -500.58 6520.47 -719.275
6479.96 -490.166 6533.67 -707.559
6491.11 -481.053 6547.18 -714.068
6504.62 -488.864 6559.8 -714.068
6517.53 -483.657 6572.12 -693.24
6530.45 -478.45 6585.91 -720.576
6543.07 -468.036 6599.41 -678.92
6556.57 -426.38 6611.74 -686.731
6570.07 -401.646 6624.94 -658.092
6582.39 -443.303 6637.86 -684.127
6595.89 -478.45 6650.47 -701.05
6608.8 -399.043 6663.97 -682.826
6622.01 -444.604 6676.59 -706.257
6634.92 -430.285 6690.08 -702.352
6646.95 -443.303 6702.99 -703.654
6660.45 -445.906 6715.9 -667.205
6674.24 -449.811 6728.81 -689.334
6687.44 -461.527 6742.6 -695.843
6700.35 -443.303 6755.21 -715.369
6713.26 -455.018 6769 -714.068
6725.87 -457.622 6781.32 -663.299
6739.66 -482.355 6794.81 -691.938
6752.86 -436.794 6808.01 -669.808
6765.18 -471.941 6819.74 -655.489
6778.39 -465.432 6832.65 -658.092
6791.59 -447.208 6846.43 -658.092
6804.2 -438.096 6858.46 -663.299
6817.69 -418.569 6872.24 -629.454
6830.01 -415.966 6885.44 -655.489
6843.8 -451.113 6897.46 -621.643
6857.28 -417.267 6911.83 -654.187
6869.02 -456.32 6924.73 -609.927
6881.63 -410.759 6937.34 -615.134
6895.12 -440.699 6950.54 -645.075
6908.02 -408.155 6963.44 -632.057
6921.22 -438.096 6976.05 -626.85
6934.41 -415.966 6989.83 -647.678
6947.02 -447.208 7001.85 -630.755
6960.51 -470.639 7015.04 -621.643
6973.41 -473.243 7028.82 -652.885
6986.6 -443.303 7041.13 -612.531
6999.21 -430.285 7054.62 -647.678
7013.28 -439.397 7068.1 -645.075
7025.3 -448.51 7080.71 -651.583
7038.2 -461.527 7094.19 -648.98
7050.51 -453.717 7106.79 -637.264
7064.29 -455.018 7119.4 -583.892
7077.48 -458.924 7133.47 -598.211
7091.26 -445.906 7145.19 -583.892
7104.16 -442.001 7158.97 -569.573
7116.47 -448.51 7173.03 -630.755
7129.36 -440.699 7184.46 -557.857
7141.97 -445.906 7197.36 -586.496
7155.15 -410.759 7211.13 -598.211
7168.64 -422.474 7224.31 -583.892
7181.82 -421.173 7236.91 -596.91
7193.84 -405.552 7250.1 -617.738
7208.2 -431.587 7263.29 -574.78
7221.09 -430.285 7276.47 -608.626
7233.69 -413.362 7289.07 -617.738
7246.88 -399.043 7302.84 -613.833
7259.18 -423.776 7314.85 -608.626
7272.66 -451.113 7329.2 -615.134
7286.43 -469.338 7341.51 -598.211
7299.03 -465.432 7354.11 -585.194
7311.63 -453.717 7368.46 -596.91
7323.93 -468.036 7379.59 -581.289
7337.7 -458.924 7393.65 -590.401
7350.59 -442.001 7407.42 -556.555
7363.77 -462.829 7419.43 -587.797
7376.07 -468.036 7432.6 -560.461
7390.14 -458.924 7445.2 -559.159
7403.02 -423.776 7458.96 -533.124
7415.62 -440.699 7471.56 -551.348
7429.38 -410.759 7484.15 -543.538
7441.68 -443.303 7497.62 -543.538
7454.57 -380.818 7510.8 -547.443
7468.33 -430.285 7523.68 -543.538
7480.93 -405.552 7537.73 -577.383
7494.4 -425.078 7549.45 -572.176
7506.99 -453.717 7562.04 -563.064
7520.46 -384.723 7576.09 -576.082
7532.76 -428.983 7588.68 -579.987
7546.23 -415.966 7602.15 -616.436
7557.94 -449.811 7614.74 -563.064
7571.99 -449.811 7628.2 -543.538
7585.75 -451.113 7641.38 -556.555
7597.17 -442.001 7653.96 -586.496
7610.64 -448.51 7668.01 -535.727
7623.81 -461.527 7680.89 -555.253
7636.98 -445.906 7693.77 -547.443
7649.86 -428.983 7706.94 -513.597
7663.04 -426.38 7719.24 -514.899
7675.62 -442.001 7732.7 -534.425
7688.5 -432.888 7745.87 -525.313
7701.97 -462.829 7757.87 -521.408
7715.14 -440.699 7771.33 -520.106
7728.31 -432.888 7785.08 -504.485
7740.6 -396.439 7798.25 -546.141
7753.48 -401.646 7809.96 -537.029
7766.94 -396.439 7824.29 -526.615
7779.52 -400.345 7836 -534.425
7792.69 -452.415 7849.17 -525.313
7805.57 -430.285 7863.21 -563.064
7819.61 -444.604 7875.79 -534.425
7831.61 -435.492 7888.96 -569.573
7845.07 -405.552 7901.83 -534.425
7857.65 -397.741 7914.41 -542.236
7870.52 -426.38 7927.28 -543.538
7883.98 -412.06 7941.61 -540.934
7897.15 -458.924 7953.9 -543.538
7910.9 -442.001 7967.06 -556.555
7922.6 -452.415 7979.64 -559.159
7936.35 -469.338 7992.51 -553.952
7948.64 -445.906 8006.26 -514.899
7962.38 -487.562 8019.71 -509.692
7975.84 -423.776 8031.71 -491.467
7988.13 -427.681 8044.87 -510.994
8001.29 -405.552 8058.61 -517.503
8013.86 -384.723 8070.6 -508.39
8026.73 -379.516 8082.88 -510.994
8040.18 -442.001 8097.51 -534.425
8053.35 -414.664 8109.5 -566.969
8065.92 -378.215 8122.95 -529.218
8079.67 -406.853 8136.69 -531.822
8093.12 -406.853 8148.97 -521.408
8105.11 -443.303 8162.42 -577.383
8118.85 -440.699 8175.29 -576.082
8131.14 -462.829 8188.44 -583.892
8144.29 -465.432 8201.31 -573.478
8156.87 -456.32 8213.88 -581.289
8169.73 -438.096 8227.03 -568.271
8183.18 -415.966 8240.48 -570.875
8196.34 -445.906 8253.93 -505.787
8209.79 -440.699 8267.08 -573.478
8221.48 -483.657 8279.36 -527.917
8236.1 -443.303 8292.81 -526.615
8248.38 -462.829 8305.67 -540.934
8262.11 -470.639 8319.11 -517.503
8274.39 -436.794 8332.27 -533.124
8286.38 -473.243 8344.54 -516.201
8300.12 -383.422 8357.99 -507.089
8313.85 -415.966 8369.97 -534.425
8326.13 -399.043 8383.12 -495.373
8338.99 -434.19 8397.44 -491.467
8351.85 -395.138 8410.3 -527.917
8365.3 -422.474 8422.58 -543.538
8379.03 -408.155 8436.9 -534.425
8391.31 -389.931 8449.17 -570.875
8404.17 -395.138 8462.03 -538.331
8417.02 -449.811 8475.47 -533.124
8430.47 -448.51 8487.45 -527.917
8443.62 -404.25 8500.89 -533.124
8456.77 -473.243 8514.91 -555.253
8469.62 -448.51 8527.18 -555.253
8481.9 -469.338 8539.46 -534.425
8495.63 -466.734 8553.77 -478.45
8508.49 -458.924 8565.75 -509.692
8521.05 -430.285 8579.48 -510.994
8535.07 -428.983 8592.34 -526.615
8546.76 -434.19 8605.48 -483.657
8559.91 -405.552 8618.04 -509.692
8573.64 -391.232 8631.48 -517.503
8587.37 -464.131 8644.33 -507.089
8598.76 -444.604 8658.35 -509.692
8612.2 -427.681 8670.33 -491.467
8625.05 -422.474 8683.77 -504.485
8638.2 -366.499 8696.33 -516.201
8651.64 -396.439 8709.76 -525.313
8664.49 -440.699 8722.91 -556.555
8677.93 -431.587 8735.17 -555.253
8691.07 -414.664 8748.32 -566.969
8704.51 -412.06 8762.04 -508.39
8716.19 -422.474 8774.31 -533.124
8729.62 -427.681 8787.45 -546.141
8742.18 -423.776 8800.3 -552.65
8756.2 -439.397 8812.86 -529.218
8768.17 -426.38 8826.87 -565.668
8781.03 -462.829 8839.72 -509.692
8794.75 -448.51 8852.28 -539.632
8807.31 -449.811 8866.59 -521.408
8820.45 -442.001 8878.85 -509.692
8833.88 -432.888 8891.99 -484.959
8846.73 -413.362 8905.13 -499.278
8860.16 -432.888 8917.98 -496.675
8871.55 -419.871 8931.7 -487.562
8884.4 -431.587 8944.55 -524.011
8899.29 -410.759 8957.1 -496.675
8911.85 -458.924 8970.53 -525.313
8924.11 -405.552 8983.09 -513.597
8938.13 -382.12 8996.22 -537.029
8950.1 -438.096 9009.65 -527.917
8963.23 -426.38 9023.37 -563.064
8976.37 -397.741 9035.05 -540.934
8990.09 -455.018 9048.77 -566.969
9003.23 -470.639 9061.61 -539.632
9014.91 -452.415 9074.75 -533.124
9029.21 -425.078 9087.89 -529.218
9041.47 -444.604 9100.44 -525.313
9054.32 -435.492 9113.28 -487.562
9067.45 -435.492 9126.42 -520.106
9080.3 -449.811 9140.43 -512.296
9094.31 -482.355 9152.69 -479.752
9106.86 -428.983 9165.53 -525.313
9119.41 -466.734 9178.66 -503.183
9132.55 -435.492 9191.51 -507.089
9145.68 -413.362 9204.93 -488.864
9158.82 -423.776 9216.9 -483.657
9171.37 -362.594 9231.2 -521.408
9184.21 -384.723 9243.75 -510.994
9197.93 -438.096 9256.88 -530.52
9209.6 -417.267 9269.14 -524.011
9223.32 -406.853 9283.14 -542.236
9237.04 -425.078 9296.86 -522.71
9249.3 -384.723 9309.41 -540.934
9262.14 -410.759 9322.25 -579.987
9274.68 -396.439 9333.63 -544.839
9289.27 -426.38 9347.06 -553.952
9301.82 -412.06 9361.35 -538.331
9315.83 -481.053 9374.49 -535.727
9326.92 -431.587 9387.32 -537.029
9340.64 -461.527 9401.04 -514.899
9354.64 -451.113 9413.29 -531.822
9366.31 -449.811 9426.42 -531.822
9379.45 -435.492 9439.26 -517.503
9392.87 -444.604 9452.69 -488.864
9406.58 -460.225 9465.52 -530.52
9418.84 -427.681 9478.36 -494.071
9431.39 -425.078 9491.78 -488.864
9443.93 -410.759 9504.33 -501.881
9457.94 -400.345 9517.46 -494.071
9471.07 -421.173 9530.59 -504.485
9483.03 -389.931 9544.01 -524.011
9497.03 -369.102 9556.84 -522.71
9509 -396.439 9569.68 -538.331
9522.13 -370.404 9582.23 -535.727
9534.96 -419.871 9596.23 -526.615
9548.38 -417.267 9608.77 -551.348
9561.8 -426.38 9621.9 -564.366
9574.35 -397.741 9634.74 -552.65
9587.77 -408.155 9648.16 -574.78
9600.61 -408.155 9660.99 -556.555
9614.32 -432.888 9673.54 -548.745
9626.86 -460.225 9686.96 -551.348
9639.7 -443.303 9700.38 -547.443
9651.95 -431.587 9713.21 -513.597
9665.37 -458.924 9726.34 -508.39
9678.2 -452.415 9738.88 -474.545
9691.92 -417.267 9752.01 -496.675
9704.17 -397.741 9765.43 -486.26
9717.88 -402.948 9777.97 -518.804
9731.01 -408.155 9791.1 -481.053
9744.13 -417.267 9803.93 -505.787
9756.09 -400.345 9817.35 -555.253
9770.1 -400.345 9830.77 -527.917
9782.06 -374.309 9843.02 -534.425
9796.06 -382.12 9856.73 -520.106
9808.6 -348.274 9869.27 -544.839
9821.72 -409.457 9882.69 -551.348
9833.98 -419.871 9895.23 -586.496
9848.27 -418.569 9908.65 -552.65
9860.52 -428.983 9921.48 -543.538
9873.65 -418.569 9934.61 -566.969
9887.35 -412.06 9948.02 -564.366
9899.9 -432.888 9960.27 -563.064
9912.15 -421.173 9974.27 -546.141
9925.86 -419.871 9986.82 -510.994
9938.69 -473.243 10000.2 -550.046
9951.52 -444.604 10013.1 -509.692
9964.94 -442.001 10025.9 -531.822
9978.07 -410.759 10039 -520.106
9990.02 -405.552 10051.9 -535.727
10004.3 -392.534 10065.3 -517.503
10016.9 -396.439 10077.8 -526.615
10028.8 -382.12 10091.2 -534.425
10042.8 -380.818 10104.4 -500.58
10056.2 -389.931 10117.5 -501.881
10068.2 -354.783 10129.7 -513.597
10083.1 -365.197 10142.8 -525.313
10094.7 -361.292 10156.3 -570.875
10108.1 -383.422 10169.4 -564.366
10121.3 -387.327 10183.1 -572.176
10132.9 -406.853 10195.6 -577.383
10147.2 -412.06 10208.8 -578.685
10159.8 -404.25 10221.3 -559.159
10172.6 -418.569 10234.4 -572.176
10185.1 -432.888 10247.8 -596.91
10198.8 -414.664 10260.4 -556.555
10211.4 -418.569 10273.8 -570.875
10224.5 -413.362 10286 -563.064
10237.6 -397.741 10300.9 -538.331
10251 -405.552 10312.6 -518.804
10263.9 -413.362 10325.4 -496.675
10278.2 -378.215 10339.1 -505.787
10289.6 -361.292 10351.7 -492.769
10302.7 -336.559 10363.9 -514.899
10315.5 -363.895 10378.2 -521.408
10328.3 -337.86 10391 -517.503
10342.3 -344.369 10404.2 -547.443
10355.8 -333.955 10416.7 -583.892
10368 -323.541 10430.7 -534.425
10380.5 -335.257 10442.9 -555.253
10394 -336.559 10456.1 -570.875
10407.4 -339.162 10469.2 -615.134
10420.2 -343.067 10482.3 -546.141
10433 -324.843 10495.7 -596.91
10445.9 -373.008 10508.3 -582.59
10459 -379.516 10520.8 -587.797
10472.4 -380.818 10534.5 -565.668
10484.9 -356.085 10547.7 -548.745
10498.1 -344.369 10560.5 -557.857
10510.9 -345.671 10573.6 -555.253
10524 -349.576 10586.7 -556.555
10536.9 -304.015 10599.6 -561.762
10549.7 -327.446 10611.8 -552.65
10562.5 -357.387 10626.1 -516.201
10576.2 -311.825 10639.5 -470.639
10587.9 -331.352 10652.6 -487.562
10601.9 -300.109 10663.7 -510.994
10614.1 -292.299 10677.7 -499.278
10627.9 -232.418 10691.1 -500.58
10640.4 -242.832 10703.4 -531.822
10654.4 -271.471 10717.4 -535.727
10667.8 -279.281 10729.1 -556.555
10679.2 -272.773 10743.1 -544.839
10692.9 -290.997 10757.1 -529.218
10705.4 -257.151 10768.7 -585.194
10718.6 -240.229 10781.6 -569.573
10732 -266.264 10795.6 -521.408
10745.1 -246.737 10808.7 -520.106
10757.9 -289.695 10821.5 -499.278
10770.8 -274.074 10834.4 -495.373
10784.5 -284.488 10846.6 -501.881
10796.7 -271.471 10859.4 -486.26
10811 -294.902 10873.7 -481.053
10822.4 -272.773 10887.1 -471.941
10836.1 -277.98 10899.1 -491.467
10848.1 -233.72 10911.7 -496.675
10862.1 -205.081 10924.8 -458.924
10875.2 -215.495 10938.2 -444.604
10888.9 -224.608 10951.6 -426.38
10900.9 -223.306 10964.4 -470.639
10914.3 -201.176 10976.7 -491.467
10926.8 -167.33 10990.7 -466.734
10939.7 -156.916 11003.3 -442.001
10953.7 -150.407 11017.3 -468.036
10965.6 -123.071 11031 -458.924
10979.6 -124.372 11042.9 -470.639
10991.6 -141.295 11056.3 -474.545
11004.7 -137.39 11068.6 -481.053
11018.1 -150.407 11082 -445.906
11030.7 -154.313 11094 -431.587
11045 -142.597 11108 -443.303
11056.9 -137.39 11122 -456.32
11070.3 -168.632 11134.2 -453.717
11082.6 -125.674 11147.4 -402.948
11095.4 -143.899 11159.3 -406.853
11108.3 -147.804 11173 -365.197
11122.3 -146.502 11186.5 -327.446
11135.1 -128.278 11199 -365.197
11147.4 -108.751 11211.8 -318.334
11160.5 -94.432 11225.3 -348.274
11173.6 -35.853 11238.4 -332.653
11187 -13.7231 11251.8 -367.801
11199.9 -22.8354 11264.6 -376.913
11213 0.596186 11276.9 -369.102
11225.8 -30.646 11290.3 -339.162
11239.6 1.89794 11302.9 -326.144
11252.4 5.80321 11317.5 -314.429
11265.5 24.0278 11328.5 -346.973
11278.4 29.2348 11342.5 -331.352
11290.9 -13.7231 11356.3 -354.783
11303.8 12.312 11368.5 -357.387
11317.2 -16.3266 11382.2 -361.292
11330.3 -48.8705 11395.4 -363.895
11342.8 -42.3617 11407.9 -346.973
11356 -42.3617 11420.5 -301.411
11368.2 -39.7582 11433.9 -301.411
11381.6 7.10496 11446.7 -266.264
11395.4 61.7787 11460.7 -261.057
11407.3 44.8559 11473.3 -254.548
11421 55.2699 11485.8 -214.194
11434.2 47.4594 11499 -235.022
11447 81.305 11512.7 -208.986
11460.1 46.1576 11525.5 -206.383
11473 103.435 11539 -184.253
11485.8 120.358 11550.9 -186.857
11499.5 137.281 11564 -206.383
11512.1 146.393 11577.5 -189.46
11525.2 148.996 11590.3 -231.116
11538.7 135.979 11603.2 -210.288
11550.9 102.133 11616.6 -208.986
11563.5 100.831 11629.7 -205.081
11577.8 155.505 11642.8 -171.236
11589.4 150.298 11656 -193.365
11603.5 135.979 11668.5 -171.236
11616.3 109.944 11681.7 -201.176
11628.3 151.6 11694.2 -202.478
11641.7 113.849 11707.7 -197.271
11655.4 109.944 11721.4 -193.365
11668 139.884 11733.6 -184.253
11680.8 188.049 11747.1 -143.899
11694.8 190.653 11760.2 -113.958
11706.8 206.274 11772.8 -106.148
11719.9 228.403 11786.2 -74.9056
11733.3 229.705 11799 -81.4144
11745.9 264.853 11812.8 -77.5092
11758.7 247.93 11825.3 -50.1723
11773 229.705 11838.4 -57.9828
11785.3 210.179 11851.3 -65.7934
11798.4 284.379 11864.4 -35.853
11811.3 320.828 11877.3 -11.1196
11823.8 302.604 11891.6 -44.9653
11836.7 285.681 11903.3 -44.9653
11851 309.112 11916.7 -47.5688
11863.5 254.439 11929.8 -3.30908
11875.8 311.716 11943 -0.70557
11889.5 284.379 11956.1 -2.00733
11902.7 328.639 11969.3 -7.21435
11914.9 339.053 11982.1 4.50145
11927.8 345.561 11994.7 -2.00733
11940.9 277.87 12007.5 43.5541
11953.5 315.621 12020.9 26.6313
11967.5 277.87 12035 93.0208
11980.1 300 12047.8 93.0208
11993.8 333.846 12060.1 98.2279
12006.3 346.863 12073.5 138.582
12018.3 382.011 12087.5 142.488
12032.6 387.218 12099.8 159.41
12046 453.607 12112.6 158.109
12058.3 465.323 12125.5 180.238
12070.6 497.867 12139.5 203.67
12084 456.211 12151.2 201.067
12096.6 475.737 12164.6 245.326
12109.7 467.926 12177.8 245.326
12122.9 508.281 12190.9 225.8
12135.7 484.849 12204.4 214.084
12149.4 497.867 12216.6 225.8
12162 492.66 12230.1 225.8
12175.7 492.66 12243.2 221.895
12188 496.565 12254.9 228.403
12200.6 503.074 12268.6 266.154
12213.7 495.263 12282.9 266.154
12227.4 486.151 12295.2 300
12240 530.411 12308.6 307.811
12253.4 525.204 12321.8 279.172
12266.6 496.565 12333.8 319.526
12278.3 536.92 12347.5 314.319
12293.2 516.091 12360.4 389.821
12305.1 575.972 12373.5 408.046
12317.4 613.723 12388.1 410.649
12330.3 583.783 12399.8 449.702
12344 655.379 12413.5 451.004
12356.6 635.853 12427 518.695
12369.7 685.32 12439.8 506.979
12383.2 715.26 12453.3 526.505
12396 721.769 12467 543.428
12409.4 726.976 12479.9 556.446
12421.7 672.302 12493.9 568.162
12434.9 672.302 12499.8 592.895
12448.3 704.846 12486.6 602.007
12460.9 634.551 12473.2 612.421
