6015.97 -483.657 6031.25 -510.994
6003.63 -457.622 6045.64 -514.899
5999.81 -428.983 6062.97 -473.243
6013.33 -425.078 6077.96 -477.148
6028.9 -415.966 6094.99 -457.622
6045.94 -415.966 6111.15 -487.562
6061.8 -415.966 6126.43 -505.787
6077.07 -428.983 6142.87 -487.562
6092.94 -404.25 6158.73 -492.769
6110.56 -413.362 6175.18 -495.373
6125.25 -408.155 6191.04 -508.39
6141.7 -419.871 6207.19 -529.218
6157.85 -393.836 6223.35 -500.58
6173.42 -438.096 6238.62 -548.745
6190.45 -432.888 6255.07 -517.503
6206.02 -417.267 6271.22 -488.864
6222.76 -451.113 6287.66 -488.864
6238.33 -410.759 6302.93 -491.467
6253.89 -432.888 6318.79 -487.562
6270.63 -432.888 6334.64 -483.657
6286.49 -415.966 6350.79 -487.562
6302.64 -436.794 6367.23 -461.527
6318.49 -445.906 6383.38 -475.846
6335.23 -447.208 6398.94 -495.373
6350.2 -414.664 6415.09 -504.485
6366.35 -388.629 6431.53 -520.106
6382.5 -436.794 6446.79 -505.787
6398.94 -439.397 6463.52 -550.046
6414.5 -404.25 6479.67 -507.089
6429.76 -397.741 6495.23 -494.071
6446.5 -427.681 6511.07 -500.58
6462.64 -457.622 6527.22 -500.58
6479.08 -453.717 6543.36 -510.994
6494.34 -432.888 6559.5 -508.39
6510.78 -444.604 6575.35 -490.166
6526.63 -452.415 6591.78 -492.769
6542.77 -395.138 6607.63 -466.734
6559.21 -405.552 6623.18 -483.657
6575.35 -427.681 6639.61 -494.071
6590.61 -400.345 6656.05 -513.597
6607.04 -396.439 6671.6 -492.769
6622.6 -434.19 6688.03 -497.976
6639.03 -434.19 6703.87 -514.899
6654.87 -453.717 6720.01 -526.615
6670.43 -408.155 6736.44 -482.355
6686.27 -438.096 6751.98 -522.71
6702.7 -458.924 6767.82 -529.218
6718.83 -477.148 6784.25 -509.692
6734.97 -452.415 6799.8 -517.503
6750.52 -426.38 6815.93 -524.011
6766.65 -427.681 6832.36 -503.183
6783.08 -409.457 6848.19 -494.071
6799.51 -426.38 6864.32 -521.408
6815.05 -426.38 6880.45 -484.959
6832.36 -410.759 6896.58 -436.794
6846.14 -431.587 6912.71 -471.941
6863.15 -418.569 6928.55 -503.183
6878.69 -375.611 6944.38 -490.166
6895.41 -408.155 6959.92 -464.131
6910.66 -415.966 6976.05 -527.917
6927.67 -405.552 6992.47 -513.597
6943.8 -402.948 7007.71 -509.692
6959.34 -405.552 7024.42 -517.503
6975.46 -387.327 7040.55 -503.183
6991.59 -397.741 7057.26 -546.141
7007.42 -425.078 7073.09 -500.58
7023.25 -451.113 7088.04 -525.313
7039.08 -432.888 7105.04 -507.089
7055.2 -439.397 7120.57 -497.976
7071.62 -412.06 7136.69 -521.408
7087.45 -439.397 7153.1 -496.675
7103.28 -431.587 7168.34 -488.864
7118.81 -397.741 7184.46 -481.053
7135.52 -427.681 7200.87 -518.804
7151.35 -428.983 7216.4 -482.355
7168.64 -453.717 7233.4 -499.278
7182.7 -400.345 7249.22 -471.941
7200.29 -417.267 7264.46 -524.011
7215.52 -408.155 7281.16 -508.39
7231.35 -402.948 7296.98 -544.839
7248.05 -389.931 7313.68 -521.408
7263.29 -382.12 7328.62 -551.348
7279.4 -419.871 7345.32 -514.899
7295.81 -421.173 7361.43 -492.769
7312.21 -430.285 7377.25 -510.994
7328.03 -426.38 7393.36 -499.278
7342.68 -481.053 7409.17 -494.071
7359.09 -423.776 7424.99 -492.769
7375.49 -425.078 7441.68 -494.071
7391.31 -457.622 7457.5 -492.769
7406.83 -414.664 7473.9 -479.752
7423.23 -388.629 7488.54 -488.864
7439.93 -426.38 7504.94 -457.622
7455.74 -423.776 7521.34 -513.597
7471.56 -415.966 7537.73 -521.408
7486.78 -388.629 7552.96 -524.011
7502.6 -380.818 7569.06 -525.313
7520.46 -382.12 7585.75 -516.201
7535.69 -380.818 7601.85 -494.071
7551.79 -419.871 7617.66 -510.994
7568.48 -391.232 7633.76 -494.071
7584.58 -413.362 7649.86 -487.562
7598.63 -359.99 7665.09 -508.39
7615.32 -410.759 7682.65 -482.355
7631.42 -417.267 7698.16 -492.769
7647.52 -421.173 7713.38 -484.959
7663.62 -448.51 7729.77 -471.941
7679.72 -410.759 7745.87 -474.545
7695.82 -404.25 7761.96 -461.527
7711.63 -419.871 7777.48 -430.285
7728.31 -422.474 7794.45 -505.787
7744.41 -421.173 7809.96 -458.924
7759.92 -409.457 7826.34 -483.657
7775.43 -427.681 7843.02 -520.106
7792.4 -410.759 7858.53 -475.846
7807.61 -419.871 7874.33 -526.615
7824.29 -435.492 7890.42 -508.39
7840.1 -405.552 7906.8 -510.994
7856.19 -382.12 7922.6 -471.941
7872.28 -395.138 7937.81 -481.053
7888.08 -421.173 7954.78 -497.976
7903.88 -435.492 7971.16 -505.787
7919.09 -419.871 7987.25 -473.243
7935.76 -419.871 8002.16 -513.597
7952.15 -423.776 8019.42 -445.906
7969.11 -434.19 8034.63 -475.846
7984.32 -422.474 8051.3 -468.036
7999.53 -406.853 8066.22 -458.924
8015.62 -397.741 8082.3 -487.562
8031.41 -401.646 8099.26 -481.053
8047.79 -414.664 8115.05 -500.58
8063.88 -388.629 8130.84 -524.011
8079.67 -438.096 8147.51 -486.26
8097.51 -396.439 8162.13 -487.562
8112.13 -379.516 8178.79 -504.485
8128.21 -402.948 8194.88 -496.675
8143.41 -378.215 8211.54 -512.296
8159.5 -448.51 8227.03 -496.675
8176.46 -408.155 8243.11 -513.597
8192.54 -419.871 8259.78 -448.51
8207.74 -440.699 8275.85 -456.32
8223.53 -414.664 8291.35 -452.415
8240.48 -438.096 8307.72 -452.415
8255.68 -438.096 8324.08 -477.148
8272.93 -413.362 8339.58 -456.32
8287.25 -425.078 8355.94 -494.071
8304.21 -428.983 8370.85 -457.622
8319.99 -444.604 8387.51 -479.752
8336.36 -379.516 8403.58 -477.148
8352.14 -384.723 8419.94 -482.355
8368.22 -388.629 8435.43 -492.769
8383.71 -431.587 8451.21 -518.804
8400.07 -457.622 8466.99 -486.26
8415.56 -413.362 8485.11 -477.148
8432.22 -408.155 8499.72 -479.752
8447.42 -402.948 8515.5 -482.355
8464.36 -413.362 8532.15 -470.639
8479.56 -443.303 8547.05 -456.32
8496.51 -421.173 8564 -440.699
8511.11 -458.924 8580.36 -460.225
8528.35 -440.699 8596.13 -455.018
8543.84 -430.285 8611.91 -412.06
8560.49 -455.018 8628.27 -466.734
8575.98 -438.096 8644.33 -478.45
8592.34 -425.078 8660.11 -490.166
8608.99 -425.078 8675.3 -487.562
8624.18 -422.474 8692.53 -501.881
8639.66 -388.629 8707.43 -488.864
8656.6 -404.25 8723.49 -492.769
8672.38 -392.534 8740.72 -525.313
8688.15 -417.267 8756.2 -504.485
8704.8 -404.25 8773.14 -517.503
8720.28 -410.759 8788.03 -529.218
8736.63 -392.534 8804.97 -533.124
8752.4 -402.948 8819.87 -492.769
8768.76 -428.983 8836.8 -510.994
8783.95 -435.492 8852.57 -508.39
8800.01 -438.096 8868.34 -488.864
8816.95 -451.113 8884.98 -473.243
8831.84 -432.888 8900.46 -473.243
8848.19 -425.078 8917.1 -505.787
8864.84 -423.776 8932.58 -487.562
8880.6 -422.474 8948.64 -473.243
8896.37 -405.552 8964.4 -509.692
8913.31 -419.871 8981.04 -499.278
8928.2 -442.001 8996.81 -508.39
8944.26 -423.776 9012.86 -521.408
8960.02 -414.664 9029.21 -537.029
8976.66 -395.138 9044.98 -566.969
8993.3 -406.853 9061.61 -572.176
9008.48 -396.439 9076.79 -543.538
9024.25 -392.534 9092.85 -539.632
9040.6 -387.327 9109.78 -517.503
9055.19 -425.078 9124.96 -513.597
9073 -417.267 9141.89 -539.632
9088.76 -406.853 9157.36 -561.762
9103.94 -418.569 9173.7 -529.218
9120.87 -404.25 9189.75 -534.425
9135.76 -405.552 9205.23 -512.296
9152.4 -409.457 9220.98 -526.615
9167.87 -427.681 9237.91 -522.71
9184.5 -417.267 9253.09 -550.046
9200.55 -412.06 9269.43 -525.313
9216.02 -432.888 9284.61 -582.59
9231.78 -412.06 9301.53 -586.496
9249.3 -401.646 9318.75 -611.229
9264.18 -397.741 9333.63 -557.857
9280.23 -410.759 9349.39 -559.159
9297.15 -402.948 9365.44 -556.555
9312.91 -427.681 9381.49 -561.762
9328.67 -415.966 9397.83 -524.011
9344.14 -379.516 9413.29 -550.046
9360.48 -460.225 9430.22 -547.443
9376.82 -451.113 9444.81 -516.201
9392.87 -417.267 9461.73 -520.106
9408.63 -405.552 9477.78 -525.313
9424.97 -445.906 9493.82 -538.331
9439.56 -399.043 9510.16 -570.875
9457.06 -399.043 9526.21 -546.141
9472.82 -389.931 9542.26 -540.934
9488.86 -423.776 9558.89 -570.875
9504.62 -431.587 9574.35 -533.124
9520.96 -425.078 9589.81 -534.425
9537.3 -400.345 9606.15 -542.236
9552.47 -373.008 9623.36 -551.348
9567.64 -408.155 9639.11 -574.78
9583.39 -426.38 9653.99 -553.952
9600.02 -400.345 9671.2 -550.046
9616.36 -431.587 9686.37 -547.443
9632.7 -413.362 9702.71 -534.425
9649.32 -413.362 9718.75 -507.089
9665.08 -428.983 9735.09 -531.822
9680.54 -421.173 9750.84 -564.366
9696.58 -435.492 9767.76 -555.253
9712.34 -430.285 9782.34 -524.011
9728.67 -462.829 9799.26 -526.615
9745.01 -447.208 9815.02 -573.478
9760.18 -415.966 9830.48 -534.425
9776.22 -418.569 9847.69 -560.461
9792.85 -414.664 9863.44 -543.538
9809.47 -415.966 9878.6 -579.987
9825.23 -400.345 9895.23 -552.65
9841.27 -412.06 9911.27 -508.39
9856.73 -405.552 9927.02 -499.278
9872.19 -401.646 9942.77 -524.011
9888.81 -410.759 9959.69 -522.71
9904.56 -405.552 9974.86 -548.745
9920.61 -439.397 9991.19 -531.822
9936.65 -443.303 10007.5 -508.39
9952.98 -447.208 10024.1 -470.639
9968.15 -386.025 10039.3 -505.787
9984.77 -409.457 10055.4 -500.58
10000.5 -430.285 10070.8 -461.527
10016.9 -425.078 10087.4 -495.373
10031.7 -396.439 10104.1 -514.899
10048.9 -447.208 10120.1 -540.934
10064.4 -415.966 10135 -520.106
10079.9 -422.474 10151.9 -513.597
10096.2 -397.741 10167.6 -542.236
10113.1 -386.025 10183.7 -527.917
10129.1 -359.99 10200 -512.296
10144.9 -383.422 10215.8 -526.615
10160.9 -383.422 10231.2 -500.58
10176.4 -374.309 10248.7 -475.846
10191.9 -396.439 10264.5 -514.899
10209 -404.25 10280.2 -473.243
10225.1 -369.102 10296.3 -525.313
10240.3 -382.12 10312.6 -478.45
10257.5 -402.948 10328 -470.639
10272.9 -408.155 10343.8 -503.183
10289.6 -413.362 10359.8 -465.432
10305 -373.008 10376.5 -510.994
10321 -406.853 10391.9 -470.639
10336.8 -363.895 10408.3 -503.183
10352.3 -378.215 10424.3 -490.166
10368.6 -352.18 10440.6 -510.994
10384.6 -373.008 10457 -478.45
10401 -336.559 10472.1 -525.313
10416.7 -331.352 10487.9 -469.338
10433 -348.274 10504.8 -496.675
10448.2 -318.334 10520.8 -468.036
10464.2 -330.05 10537.4 -479.752
10481.2 -362.594 10551.7 -419.871
10496.3 -326.144 10568.1 -399.043
10512.7 -339.162 10585.3 -400.345
10528.4 -357.387 10601 -417.267
10545.3 -335.257 10616.8 -449.811
10560.2 -357.387 10632.5 -452.415
10576.8 -357.387 10648.9 -453.717
10593.7 -362.594 10664.9 -428.983
10608 -366.499 10681.2 -419.871
10624.9 -346.973 10696.4 -443.303
10641 -333.955 10712.7 -447.208
10657 -324.843 10728.5 -457.622
10673.1 -310.523 10744.8 -462.829
10689.1 -300.109 10762 -461.527
10704.9 -310.523 10777.2 -443.303
10721.8 -279.281 10793.2 -464.131
10736.6 -293.601 10809.9 -468.036
10752.1 -281.885 10825.6 -439.397
10769 -289.695 10841.1 -491.467
10784.5 -322.239 10857.4 -462.829
10801.1 -313.127 10873.2 -436.794
10816.3 -333.955 10889.2 -415.966
10833.8 -287.092 10905.8 -440.699
10848.4 -306.618 10921.9 -431.587
10865 -302.713 10938.5 -462.829
10880.1 -304.015 10953.7 -469.338
10896.8 -267.565 10969.1 -465.432
10913.4 -314.429 10986 -474.545
10929.4 -301.411 11001.5 -469.338
10945.5 -290.997 11017.5 -423.776
10960.4 -274.074 11033.9 -468.036
10976.7 -225.909 11050.2 -445.906
10992.8 -258.453 11066.3 -448.51
11009.1 -241.53 11082.3 -483.657
11024.8 -284.488 11098.4 -438.096
11040 -283.187 11113.2 -444.604
11056.3 -255.85 11130.1 -452.415
11073.5 -266.264 11146.8 -389.931
11088.7 -228.513 11162.5 -414.664
11105.6 -222.004 11178.3 -438.096
11120.5 -241.53 11192.9 -419.871
11137.7 -285.79 11210.4 -428.983
11153.2 -270.169 11226.4 -413.362
11169.2 -222.004 11243.1 -388.629
11184.7 -262.358 11258.8 -382.12
11201.9 -193.365 11274.3 -414.664
11217.4 -220.702 11290.3 -436.794
11233.1 -241.53 11307.5 -455.018
11249.5 -216.797 11322.4 -423.776
11264.6 -263.66 11338.8 -457.622
11280.1 -229.815 11353.9 -401.646
11296.5 -229.815 11371.1 -392.534
11313.7 -214.194 11386.3 -415.966
11329.1 -238.927 11403.3 -431.587
11345.5 -228.513 11419.3 -418.569
11360.9 -225.909 11435.1 -426.38
11377.3 -229.815 11450.8 -425.078
11393.3 -229.815 11466.9 -359.99
11409.7 -222.004 11483.5 -384.723
11424.8 -202.478 11499 -384.723
11441.2 -207.685 11515.3 -365.197
11457.5 -210.288 11530.8 -422.474
11473 -205.081 11547.4 -432.888
11489 -212.892 11563.5 -439.397
11505.1 -164.727 11578.9 -444.604
11520.8 -176.443 11594.7 -432.888
11537.5 -176.443 11611 -431.587
11553 -153.011 11626.8 -428.983
11569 -136.088 11643.4 -408.155
11586.2 -102.243 11660.1 -440.699
11601.1 -89.225 11675.3 -397.741
11617.5 -115.26 11691.9 -363.895
11633.5 -145.2 11706.8 -383.422
11648.4 -177.744 11722.8 -362.594
11664.5 -160.822 11739.5 -387.327
11680.8 -93.1302 11755.5 -386.025
11696.6 -81.4144 11771.6 -379.516
11713.5 -77.5092 11787.1 -332.653
11729.8 -85.3197 11804.6 -313.127
11744.7 -71.0004 11819.5 -330.05
11761.1 -110.053 11836.4 -367.801
11776.6 -126.976 11851.9 -358.688
11793.2 -59.2846 11867.6 -392.534
11808.9 -57.9828 11884 -365.197
11824.4 -3.30908 11899.8 -331.352
11841.6 -41.06 11916.7 -359.99
11857.4 -55.3793 11932.5 -379.516
11873.2 -55.3793 11948.2 -389.931
11889.2 -59.2846 11964.3 -369.102
11905.3 -46.267 11980.4 -336.559
11921.4 -31.9477 11995.8 -317.032
11937.4 5.80321 12012.8 -319.636
11952.6 -3.30908 12028.8 -302.713
11969.8 -31.9477 12044.3 -309.222
11984.7 -22.8354 12060.1 -320.937
12000.8 -22.8354 12076.4 -345.671
12016.6 -5.91259 12093.1 -293.601
12034.1 11.0102 12108.5 -302.713
12048.7 31.8383 12125.2 -233.72
12064.7 20.1225 12141.3 -268.867
12080.8 33.1401 12157.3 -290.997
12096.6 31.8383 12172.8 -331.352
12112.9 76.098 12189.5 -302.713
12129 103.435 12205.5 -272.773
12145.4 117.754 12220.7 -236.323
12160.8 80.0033 12236.8 -241.53
12176.6 115.151 12253.4 -261.057
12193.5 116.452 12269.8 -285.79
12209 128.168 12285.3 -309.222
12225.4 135.979 12300.8 -302.713
12240.9 147.695 12317.7 -229.815
12256.9 150.298 12332.9 -190.762
12273 188.049 12349 -129.579
12289.1 195.86 12366.2 -172.537
12304.9 189.351 12381.1 -218.099
12321.2 206.274 12397.2 -270.169
12337 199.765 12413.5 -272.773
12353.4 208.877 12429.6 -235.022
12369.7 253.137 12446.6 -176.443
12384.6 271.361 12462 -119.165
12401.6 289.586 12477.8 -186.857
12417 275.267 12493 -251.944
12432.5 313.018 12510 -259.755
12449.8 303.905 12525.8 -207.685
12465.6 310.414 12542.4 -190.762
12480.5 296.095 12557.6 -162.123
12497.1 310.414 12573.4 -129.579
12514.1 315.621 12590.4 -205.081
12529 314.319 12606.4 -166.029
12544.8 336.449 12622.5 -167.33
12560.8 337.751 12638 -203.779
12577.5 378.105 12654.7 -120.467
12593.3 384.614 12670.4 -93.1302
12608.5 409.347 12687.1 -104.846
12625.4 366.39 12702.9 -150.407
12641.8 355.975 12718.1 -163.425
12657.9 383.312 12733.6 -160.822
12672.8 467.926 12750.8 -171.236
12689.7 493.962 12766.6 -95.7337
12704.4 518.695 12783 -77.5092
12721 484.849 12798.5 -72.3021
12736.2 492.66 12814.6 -94.432
12752.9 480.944 12831.2 -115.26
12769.6 538.221 12846.5 -99.639
12784.8 546.032 12862.2 -28.0424
12801.4 586.386 12878.6 -51.474
12817.5 583.783 12895 -18.9302
12833.9 592.895 12911.1 -24.1372
12849.1 578.576 12926.9 -33.2495
12865.2 611.12 12943.8 -50.1723
12880.7 599.404 12959.9 -38.4565
12897.6 672.302 12975.4 24.0278
12913.1 677.509 12992.4 73.4945
12928.6 704.846 13007 46.1576
12944.7 695.734 13023.7 18.8208
12962 671 13038.6 -35.853
12977.8 689.225 13056.7 -54.0776
12994.1 656.681 13072.2 -7.21435
13009.6 756.916 13087.7 33.1401
13026.6 768.632 13103.2 120.358
13040.9 823.306 13119.9 53.9682
13057 773.839 13136.6 37.0453
13073.4 807.685 13151.8 -43.6635
13089.2 734.786 13168.2 -18.9302
13105 785.555 13184 78.7015
13120.5 828.513 13199.8 145.091
13137.8 881.885 13216.5 156.807
13153.5 885.79 13232.3 139.884
13169.6 885.79 13248.9 80.0033
13185.1 853.246 13263.6 111.245
13201.2 872.773 13279.4 151.6
13217.9 885.79 13296 259.646
13233.1 950.878 13312.4 272.663
13249.2 1031.59 13329.1 319.526
13265.3 1042 13344.9 275.267
13281.4 1009.46 13359.5 231.007
13297.5 958.688 13377.1 217.989
13313.9 982.12 13392.9 255.74
13330 1027.68 13409 344.26
13345.5 1065.43 13425.1 391.123
13361 1139.63 13441.2 469.228
13378 1156.56 13457 423.667
13393.5 1124.01 13473.4 411.951
13409.3 1120.11 13490.1 419.762
13425.7 1113.6 13505.3 470.53
13440.9 1181.29 13521.7 530.411
13456.4 1217.74 13537.2 618.93
13472.8 1276.32 13553 599.404
13489.8 1273.71 13570.3 570.765
13505 1294.54 13585.2 533.014
13521.1 1307.56 13601.3 552.541
13537.5 1347.91 13617.4 633.249
13553 1390.87 13634.1 690.527
13568.5 1431.23 13649.9 721.769
13584.9 1476.79 13665.7 749.106
13601.3 1422.11 13682.4 704.846
13617.1 1407.79 13698.2 664.492
13633.2 1358.33 13714 690.527
13649.3 1442.94 13730.7 777.744
13666 1457.26 13746.8 846.737
13680.9 1458.56 13762.3 928.748
13696.4 1521.05 13779.6 907.92
13713.7 1480.69 13793.9 927.446
13728.6 1483.3 13811.2 888.394
13745 1491.11 13826.7 967.801
13760.3 1517.14 13842.8 1062.83
13777.2 1616.08 13859.5 1151.35
13792.8 1630.39 13874.7 1202.12
13808.6 1640.81 13891.1 1212.53
13825 1640.81 13906.9 1273.71
13841.9 1656.43 13923.6 1285.43
13856.9 1756.66 13939.7 1399.98
13873 1839.98 13956.7 1437.73
13889.1 1908.97 13973.1 1599.15
13905.5 1983.17 13990.1 1731.93
13921 1907.67 14001.5 1772.29
13937.4 1908.97 13985.7 1829.56
13954.1 1884.24 13968.7 1803.53
