6000.4 -34.5512 6030.07 -34.5512
6000.69 -9.81786 6046.52 -30.646
5999.81 -46.267 6061.51 -63.1898
6010.98 -39.7582 6076.78 -34.5512
6025.37 -39.7582 6092.35 -46.267
6040.65 -50.1723 6107.33 -56.6811
6056.8 -60.5863 6123.49 -41.06
6073.26 -48.8705 6138.76 -84.0179
6087.36 -28.0424 6153.74 -43.6635
6103.51 -18.9302 6168.43 -93.1302
6118.79 -50.1723 6185.46 -63.1898
6133.77 -34.5512 6200.44 -98.3372
6149.92 -31.9477 6215.71 -54.0776
6165.78 -67.0951 6230.98 -59.2846
6180.18 -44.9653 6245.67 -48.8705
6196.62 -76.2074 6261.53 -44.9653
6211.6 -39.7582 6277.97 -43.6635
6227.46 -34.5512 6292.06 -63.1898
6242.73 -24.1372 6309.1 -65.7934
6258.3 -34.5512 6323.78 -56.6811
6273.27 -46.267 6339.34 -55.3793
6288.84 -38.4565 6354.9 -50.1723
6304.99 -48.8705 6369.58 -52.7758
6319.96 -72.3021 6385.44 -43.6635
6335.82 -46.267 6400.12 -46.267
6350.5 -48.8705 6416.85 -42.3617
6366.06 -48.8705 6430.94 -73.6039
6382.79 -63.1898 6446.79 -85.3197
6397.47 -61.8881 6462.64 -73.6039
6412.74 -67.0951 6477.32 -95.7337
6427.42 -22.8354 6493.76 -78.8109
6443.27 -71.0004 6509.02 -65.7934
6458.83 -22.8354 6523.7 -35.853
6474.09 -35.853 6540.43 -57.9828
6488.77 -67.0951 6554.51 -51.474
6505.5 -34.5512 6570.65 -60.5863
6521.05 -38.4565 6585.33 -72.3021
6534.56 -50.1723 6601.17 -47.5688
6551.58 -69.6986 6616.73 -61.8881
6566.25 -63.1898 6631.99 -85.3197
6582.39 -51.474 6647.83 -61.8881
6598.24 -31.9477 6663.09 -34.5512
6613.5 -38.4565 6678.93 -54.0776
6628.17 -56.6811 6693.6 -55.3793
6644.02 -33.2495 6709.44 -69.6986
6660.15 -37.1547 6724.99 -61.8881
6675.12 -30.646 6740.54 -34.5512
6690.38 -38.4565 6755.8 -86.6215
6705.04 -11.1196 6770.47 -94.432
6720.59 -48.8705 6786.89 -59.2846
6736.73 -33.2495 6801.56 -54.0776
6751.69 -55.3793 6817.98 -37.1547
6767.24 -30.646 6832.36 -43.6635
6783.08 -57.9828 6847.9 -68.3969
6798.63 -29.3442 6863.44 -33.2495
6813.58 -52.7758 6879.28 -55.3793
6829.13 -35.853 6895.7 -98.3372
6844.09 -20.2319 6909.78 -51.474
6859.34 -52.7758 6925.91 -71.0004
6874.59 -52.7758 6939.98 -60.5863
6891.31 -50.1723 6956.11 -28.0424
6905.97 -55.3793 6972.24 -26.7407
6921.8 -90.5267 6988.07 -9.81786
6936.46 -35.853 7002.14 -67.0951
6953.18 -37.1547 7018.27 -100.941
6968.13 -65.7934 7034.39 -82.7162
6983.38 -38.4565 7048.46 -72.3021
6998.63 -52.7758 7064.59 -106.148
7014.16 -24.1372 7079.53 -60.5863
7028.82 -22.8354 7096.24 -39.7582
7044.36 -48.8705 7110.9 -64.4916
7061.36 -48.8705 7126.14 -42.3617
7075.72 -26.7407 7141.09 -64.4916
7091.26 -39.7582 7157.79 -48.8705
7106.79 -47.5688 7172.74 -68.3969
7121.16 -71.0004 7188.27 -72.3021
7136.98 -50.1723 7202.92 -72.3021
7153.4 -76.2074 7218.75 -56.6811
7168.34 -65.7934 7234.86 -57.9828
7183 -54.0776 7249.81 -60.5863
7198.82 -31.9477 7265.04 -63.1898
7213.77 -55.3793 7280.87 -72.3021
7230.18 -37.1547 7296.1 -76.2074
7245.7 -38.4565 7311.63 -69.6986
7260.65 -21.5337 7326.57 -104.846
7276.18 -31.9477 7342.39 -64.4916
7292.29 -12.4214 7357.33 -57.9828
7306.94 -22.8354 7372.56 -51.474
7322.17 -69.6986 7388.96 -81.4144
7338.58 -41.06 7403.32 -57.9828
7352.93 -15.0249 7419.43 -38.4565
7368.17 -39.7582 7434.95 -56.6811
7384.57 -30.646 7451.06 -67.0951
7399.8 -69.6986 7466.28 -102.243
7415.03 -30.646 7480.34 -85.3197
7429.97 -60.5863 7496.74 -68.3969
7445.78 -73.6039 7511.97 -69.6986
7461.01 -55.3793 7527.49 -55.3793
7476.83 -77.5092 7543.59 -59.2846
7492.05 -46.267 7558.52 -63.1898
7507.87 -47.5688 7573.75 -41.06
7522.22 -71.0004 7589.27 -77.5092
7538.32 -46.267 7605.37 -74.9056
7553.84 -47.5688 7620.01 -55.3793
7569.36 -30.646 7635.52 -56.6811
7584.87 -48.8705 7650.45 -59.2846
7599.81 -54.0776 7665.67 -69.6986
7615.61 -34.5512 7682.06 -84.0179
7630.84 -26.7407 7696.99 -67.0951
7646.06 -34.5512 7713.09 -47.5688
7661.87 -52.7758 7728.31 -57.9828
7677.09 -65.7934 7743.53 -50.1723
7692.31 -35.853 7758.16 -91.8285
7707.82 -74.9056 7773.96 -67.0951
7723.33 -80.1127 7790.06 -61.8881
7739.14 -55.3793 7804.98 -74.9056
7753.48 -42.3617 7821.08 -84.0179
7768.99 -64.4916 7835.71 -56.6811
7785.38 -28.0424 7851.51 -59.2846
7799.71 -43.6635 7867.31 -98.3372
7814.93 -52.7758 7882.52 -68.3969
7830.73 -67.0951 7897.44 -82.7162
7847.12 -46.267 7912.65 -84.0179
7862.04 -42.3617 7928.45 -74.9056
7877.55 -35.853 7943.96 -77.5092
7892.47 -21.5337 7960.63 -77.5092
7907.97 -20.2319 7975.25 -98.3372
7922.89 -52.7758 7990.47 -50.1723
7938.1 -59.2846 8006.26 -37.1547
7954.19 -25.4389 8021.18 -90.5267
7969.4 -41.06 8037.85 -76.2074
7985.49 -65.7934 8051.59 -56.6811
8000.41 -84.0179 8067.39 -86.6215
8017.08 -69.6986 8082.3 -41.06
8032 -44.9653 8098.09 -67.0951
8047.5 -17.6284 8113.88 -65.7934
8062.41 -30.646 8129.38 -106.148
8078.21 -38.4565 8144.88 -43.6635
8093.7 -65.7934 8160.67 -69.6986
8108.91 -50.1723 8175.58 -56.6811
8123.24 -43.6635 8191.66 -63.1898
8140.2 -29.3442 8206.86 -78.8109
8155.11 -44.9653 8221.77 -89.225
8170.61 -46.267 8236.68 -71.0004
8186.4 -31.9477 8253.64 -74.9056
8201.6 -34.5512 8268.25 -57.9828
8215.93 -60.5863 8283.75 -57.9828
8231.71 -55.3793 8299.24 -69.6986
8247.5 -38.4565 8314.73 -82.7162
8261.53 -77.5092 8329.93 -59.2846
8277.32 -39.7582 8345.13 -120.467
8293.68 -74.9056 8361.5 -60.5863
8309.18 -30.646 8375.52 -86.6215
8324.08 -24.1372 8392.77 -107.45
8339.58 -20.2319 8407.38 -85.3197
8355.94 -42.3617 8422.28 -71.0004
8370.26 -41.06 8438.06 -64.4916
8386.05 -59.2846 8454.14 -51.474
8401.24 -47.5688 8468.45 -71.0004
8416.44 -77.5092 8484.53 -94.432
8431.93 -25.4389 8500.01 -59.2846
8448 -26.7407 8514.62 -86.6215
8462.9 -56.6811 8531.28 -68.3969
8478.97 -68.3969 8546.47 -52.7758
8493.58 -86.6215 8561.95 -41.06
8508.78 -63.1898 8576.85 -61.8881
8524.56 -55.3793 8592.34 -54.0776
8539.46 -69.6986 8607.23 -78.8109
8555.52 -42.3617 8623.59 -29.3442
8571.01 -54.0776 8639.08 -103.544
8586.79 -65.7934 8653.1 -116.562
8601.39 -67.0951 8669.45 -72.3021
8617.17 -41.06 8685.52 -78.8109
8632.65 -26.7407 8699.25 -81.4144
8648.13 -34.5512 8716.48 -87.9232
8663.03 -63.1898 8730.79 -54.0776
8679.09 -78.8109 8746.86 -72.3021
8694.28 -69.6986 8762.63 -71.0004
8709.47 -41.06 8777.81 -82.7162
8724.95 -57.9828 8793.58 -89.225
8739.55 -44.9653 8808.48 -93.1302
8755.32 -17.6284 8824.25 -72.3021
8771.39 -38.4565 8839.43 -82.7162
8786.87 -59.2846 8854.32 -35.853
8801.47 -42.3617 8870.39 -68.3969
8816.95 -55.3793 8886.44 -69.6986
8832.42 -54.0776 8901.33 -63.1898
8847.9 -20.2319 8915.93 -84.0179
8863.96 -31.9477 8931.41 -67.0951
8878.27 -22.8354 8947.76 -84.0179
8894.62 -61.8881 8962.94 -76.2074
8910.39 -9.81786 8978.41 -106.148
8924.11 -48.8705 8993.89 -81.4144
8940.46 -39.7582 9008.78 -68.3969
8955.64 -33.2495 9024.83 -63.1898
8971.99 -60.5863 9039.72 -65.7934
8987.47 -56.6811 9056.65 -98.3372
9002.35 -69.6986 9070.96 -95.7337
9017.24 -61.8881 9086.43 -85.3197
9032.42 -15.0249 9102.19 -60.5863
9048.48 -29.3442 9117.66 -99.639
9063.66 -44.9653 9133.42 -76.2074
9079.71 -35.853 9147.73 -59.2846
9094.31 -48.8705 9163.49 -80.1127
9110.07 -74.9056 9179.83 -64.4916
9125.54 -39.7582 9194.72 -71.0004
9140.14 -26.7407 9210.48 -60.5863
9156.48 -17.6284 9225.95 -126.976
9171.37 -29.3442 9241.12 -44.9653
9186.84 -52.7758 9256.3 -78.8109
9202.89 -73.6039 9272.35 -121.769
9218.07 -72.3021 9286.65 -38.4565
9233.24 -41.06 9302.99 -72.3021
9249.3 -48.8705 9317.87 -84.0179
9263.89 -37.1547 9333.34 -77.5092
9280.23 -28.0424 9347.64 -80.1127
9295.11 -39.7582 9364.86 -80.1127
9310.58 -29.3442 9380.32 -84.0179
9326.05 -59.2846 9395.5 -68.3969
9341.51 -61.8881 9410.67 -72.3021
9357.56 -56.6811 9425.55 -86.6215
9371.57 -102.243 9441.6 -74.9056
9387.03 -46.267 9457.94 -76.2074
9403.08 -47.5688 9472.53 -94.432
9417.96 -4.61084 9487.99 -103.544
9433.72 -44.9653 9502.87 -64.4916
9448.02 -39.7582 9519.21 -98.3372
9464.36 -55.3793 9534.09 -86.6215
9479.53 -64.4916 9549.26 -64.4916
9495.58 -76.2074 9564.72 -89.225
9510.75 -59.2846 9579.89 -21.5337
9526.21 -82.7162 9595.65 -69.6986
9541.09 -39.7582 9611.4 -99.639
9557.14 -56.6811 9626.57 -85.3197
9571.72 -41.06 9642.03 -63.1898
9587.19 -38.4565 9657.2 -50.1723
9602.94 -69.6986 9673.25 -94.432
9618.4 -64.4916 9689.29 -112.657
9633.57 -93.1302 9703.59 -117.864
9649.03 -52.7758 9720.21 -77.5092
9665.66 -30.646 9734.51 -110.053
9680.25 -29.3442 9750.26 -89.225
9696 20.1225 9766.01 -69.6986
9711.75 -51.474 9781.47 -81.4144
9725.75 -44.9653 9796.64 -91.8285
9741.8 -65.7934 9812.1 -78.8109
9756.97 -76.2074 9826.68 -108.751
9773.31 -54.0776 9844.19 -90.5267
9788.76 -71.0004 9858.77 -85.3197
9802.47 -42.3617 9873.06 -81.4144
9819.1 -22.8354 9889.69 -80.1127
9833.68 -8.5161 9905.15 -76.2074
9848.56 14.9155 9920.02 -50.1723
9864.9 -54.0776 9935.19 -97.0355
9879.48 -20.2319 9951.23 -87.9232
9895.52 -73.6039 9965.52 -99.639
9910.69 -65.7934 9982.15 -85.3197
9927.02 -47.5688 9997.32 -38.4565
9942.48 -38.4565 10012.8 -60.5863
9957.06 -42.3617 10027.9 -50.1723
9972.82 -25.4389 10043.7 -69.6986
9988.56 -20.2319 10058.6 -76.2074
10002.6 -78.8109 10075.2 -123.071
10018.9 -50.1723 10089.8 -77.5092
10034.4 -46.267 10106.1 -84.0179
10049.2 -59.2846 10120.1 -90.5267
10065.3 -31.9477 10136.1 -99.639
10080.7 -18.9302 10151.9 -93.1302
10095.9 -21.5337 10166.8 -39.7582
10111.6 -21.5337 10182.2 -95.7337
10127.1 -9.81786 10198.3 -39.7582
10142.8 -35.853 10214 -47.5688
10157.4 -99.639 10228.3 -100.941
10172.6 -81.4144 10244.6 -64.4916
10188.6 -41.06 10259.8 -93.1302
10202.9 -43.6635 10274.4 -103.544
10219.5 -21.5337 10291 -69.6986
10235.9 16.2173 10306.5 -100.941
10249.9 -24.1372 10321.3 -64.4916
10266.2 -25.4389 10336.5 -87.9232
10280.8 -52.7758 10352.5 -52.7758
10296.3 -44.9653 10368 -77.5092
10311.1 -55.3793 10383.8 -77.5092
10326.9 -31.9477 10398.3 -108.751
10342.3 -31.9477 10414.4 -97.0355
10357.5 -35.853 10428.7 -76.2074
10373.5 -18.9302 10445.3 -84.0179
10388.4 -37.1547 10460.2 -97.0355
10404.2 -31.9477 10476.5 -67.0951
10419.9 -43.6635 10491.7 -61.8881
10435.1 -89.225 10506.5 -63.1898
10450.8 -44.9653 10522 -68.3969
10465.7 -56.6811 10537.7 -73.6039
10481.2 5.80321 10553.8 -80.1127
10496.9 -28.0424 10568.6 -78.8109
10512.1 -21.5337 10585 -95.7337
10526.9 -35.853 10600.1 -76.2074
10541.8 -30.646 10615.6 -82.7162
10558.7 -44.9653 10630.2 -81.4144
10573.3 -37.1547 10645.6 -54.0776
10588.8 -30.646 10661.7 -72.3021
10603.6 -9.81786 10676.6 -74.9056
10619.7 -34.5512 10692.3 -87.9232
10635.1 -37.1547 10708.1 -72.3021
10650.9 -5.91259 10722.4 -93.1302
10666.1 -54.0776 10738.7 -107.45
10682.1 -81.4144 10754.4 -94.432
10697 -42.3617 10769.3 -54.0776
10712.4 -69.6986 10785.6 -56.6811
10727.9 -41.06 10800.2 -54.0776
10742.8 -28.0424 10816 -91.8285
10758.5 -29.3442 10830.6 -68.3969
10773.7 -46.267 10846.9 -107.45
10789.7 -18.9302 10862.6 -74.9056
10804 -43.6635 10877.5 -85.3197
10820.1 -34.5512 10893.3 -85.3197
10835.5 -46.267 10908.7 -44.9653
10851 -35.853 10923.9 -22.8354
10866.1 -30.646 10939.1 -50.1723
10881.9 -46.267 10954.8 -76.2074
10896.5 -12.4214 10970.9 -99.639
10912.2 -25.4389 10986 -69.6986
10928.3 -18.9302 11001.2 -85.3197
10942.6 -34.5512 11016.1 -61.8881
10958 -39.7582 11031.8 -43.6635
10974.4 -63.1898 11047.6 -33.2495
10989 -60.5863 11063.3 -46.267
11004.4 -54.0776 11078.2 -72.3021
11019.6 -52.7758 11094 -85.3197
11035.3 -21.5337 11109.4 -51.474
11051.7 -39.7582 11123.4 -106.148
11066.5 -21.5337 11140.1 -78.8109
11082.3 -48.8705 11155.5 -107.45
11096.9 -67.0951 11170.7 -78.8109
11112.3 -76.2074 11186.8 -71.0004
11128.4 -38.4565 11201.6 -64.4916
11144.1 -28.0424 11218 -73.6039
11158.2 -52.7758 11232.3 -94.432
11175.1 -9.81786 11247.7 -84.0179
11189.7 -28.0424 11263.8 -73.6039
11205.1 -57.9828 11278.9 -68.3969
11221.2 -17.6284 11294.4 -68.3969
11235.8 -55.3793 11310.2 -65.7934
11251.8 -43.6635 11324.8 -56.6811
11266.7 -39.7582 11340.8 -71.0004
11281 -64.4916 11354.8 -87.9232
11297.3 -34.5512 11371.7 -55.3793
11312.8 -24.1372 11387.5 -74.9056
11328.3 -18.9302 11402.1 -68.3969
11344 -8.5161 11418.1 -67.0951
11359.5 -20.2319 11433.6 -81.4144
11374.4 -55.3793 11448.5 -82.7162
11390.1 -74.9056 11464.2 -89.225
11405.6 -34.5512 11480.9 -50.1723
11420.5 -51.474 11495.2 -35.853
11436.2 -25.4389 11510.6 -82.7162
11452 -5.91259 11525.8 -98.3372
11466.6 7.10496 11541 -64.4916
11482.3 -35.853 11557 -71.0004
11497.8 -17.6284 11572.8 -63.1898
11514.1 -35.853 11587.1 -77.5092
11529 -63.1898 11603.5 -77.5092
11544.2 -44.9653 11618.9 -87.9232
11559.7 12.312 11634.7 -72.3021
11574.6 -31.9477 11650.1 -81.4144
11589.7 -0.70557 11664.2 -68.3969
11605.8 -25.4389 11680.8 -84.0179
11621.5 -52.7758 11696 -37.1547
11635.6 -26.7407 11712.6 -56.6811
11651.6 -13.7231 11726.9 -78.8109
11667.1 -30.646 11742.4 -87.9232
11682.6 -22.8354 11757.9 -97.0355
11697.4 -26.7407 11773.3 -132.183
11713.5 -25.4389 11788.2 -100.941
11727.8 -18.9302 11803.4 -102.243
11743.3 -43.6635 11818.6 -60.5863
11759.3 -56.6811 11834.6 -76.2074
11773.9 -54.0776 11850.4 -102.243
11790.3 -46.267 11866.2 -111.355
11806.3 -54.0776 11881.6 -126.976
11820.9 -18.9302 11896.8 -111.355
11836.7 -47.5688 11912.3 -76.2074
11852.5 13.6137 11927.2 -77.5092
11867.6 11.0102 11942.4 -44.9653
11882.5 17.519 11958.4 -68.3969
11898 17.519 11973.3 -69.6986
11913.5 -15.0249 11989.7 -97.0355
11929.3 4.50145 12004.9 -97.0355
11945.3 -7.21435 12020.6 -82.7162
11959.3 -12.4214 12036.4 -94.432
11975.1 -0.70557 12051.6 -94.432
11990.9 -4.61084 12067.7 -67.0951
12005.5 51.3647 12081.4 -126.976
12020.6 63.0805 12098 -80.1127
12035.5 77.3998 12112.9 -76.2074
12051.9 74.7963 12129 -91.8285
12067.7 80.0033 12143.9 -106.148
12082.6 112.547 12159.1 -134.786
12098.3 83.9085 12174.9 -89.225
12114.1 81.305 12190 -68.3969
12129 95.6243 12205.2 -98.3372
12143.9 137.281 12221.6 -91.8285
12159.4 160.712 12236.2 -86.6215
12175.1 135.979 12252 -78.8109
12190.6 128.168 12267.8 -64.4916
12206.1 107.34 12282.9 -59.2846
12222.2 104.737 12297.8 -76.2074
12236.2 133.375 12313.9 -65.7934
12252.6 104.737 12330 -81.4144
12267.5 150.298 12345.5 -80.1127
12283.8 172.428 12360.7 -47.5688
12298.1 190.653 12375.3 -64.4916
12314.2 175.031 12391.3 -31.9477
12329.4 188.049 12406.8 -39.7582
12344.6 146.393 12421.7 -47.5688
12360.7 146.393 12437.8 -55.3793
12375 158.109 12453.3 -63.1898
12390.2 197.161 12467.9 -41.06
12406.8 208.877 12483.7 -37.1547
12422 237.516 12499.8 -38.4565
12436.9 242.723 12514.6 17.519
12453.3 245.326 12529.3 -28.0424
12468.5 241.421 12545.6 8.40672
12483.4 215.386 12561.7 -8.5161
12499.2 233.61 12576.3 -28.0424
12513.5 217.989 12591.5 20.1225
12530.2 236.214 12607.6 -2.00733
12545 315.621 12622.5 -2.00733
12560.8 363.786 12639.2 20.1225
12576 365.088 12653.8 48.7611
12590.9 362.484 12669.6 12.312
12605.8 327.337 12685.4 70.891
12622.5 300 12700.9 51.3647
12638.3 298.698 12714.6 33.1401
12652.3 305.207 12731.8 16.2173
12667.8 365.088 12746.2 61.7787
12683.6 418.46 12761.7 42.2524
12699.7 484.849 12778.3 96.9261
12714.3 447.098 12792.6 129.47
12728.9 479.642 12809.3 138.582
12745.9 456.211 12823.1 145.091
12760.8 448.4 12838.9 117.754
12776.3 431.477 12855.5 154.203
12791.2 413.253 12870.4 145.091
12806.7 508.281 12885.9 158.109
12822.5 503.074 12901.1 195.86
12838.3 553.842 12916.3 199.765
12852.9 583.783 12932.1 244.025
12868.4 553.842 12947.9 258.344
12884.2 539.523 12963.7 266.154
12899.4 517.393 12978.6 260.947
12916.1 527.807 12993.6 249.232
12929.5 535.618 13010.2 258.344
12945 605.913 13024.5 285.681
12960.5 677.509 13040.3 313.018
12976.3 697.036 13055.6 310.414
12991.5 726.976 13071.4 385.916
13008.8 723.071 13086.9 422.365
13021.9 674.906 13101.8 391.123
13038.3 615.025 13117.9 389.821
13053.5 657.983 13133.7 372.898
13067.3 680.113 13148.6 346.863
13083.3 732.183 13165 388.519
13099.1 829.815 13179 397.632
13114.4 889.695 13195.4 487.453
13131.3 889.695 13210.9 513.488
13145.1 858.453 13225.5 517.393
13160 837.625 13241.3 512.186
13176.7 806.383 13257.4 531.712
13192.8 792.064 13272.9 491.358
13207.7 835.022 13287.3 516.091
13221.4 875.376 13303.6 497.867
13237.8 958.688 13318.9 559.049
13253.6 1010.76 13333.5 588.99
13268.2 1058.92 13350.2 613.723
13284.3 1023.78 13365.7 616.327
13299.5 1014.66 13380.3 611.12
13315.4 950.878 13396.4 624.137
13330.3 927.446 13411.3 630.646
13346.7 987.327 13427.1 668.397
13361.3 1055.02 13443.2 676.207
13377.4 1134.43 13458.2 763.425
13391.7 1176.08 13474 760.821
13407.2 1139.63 13489.2 807.685
13423.3 1144.84 13505 780.348
13438 1087.56 13519.6 794.667
13453.5 1056.32 13535.4 805.081
13469.6 1087.56 13551.8 794.667
13484.5 1160.46 13567 861.057
13500 1211.23 13582.8 905.316
13514.9 1299.75 13597.5 963.895
13530.5 1286.73 13613.9 1009.46
13546.3 1333.59 13628.5 1006.85
13561.5 1290.64 13645.2 979.517
13576.4 1235.96 13661.6 952.18
13592.8 1243.77 13678 932.653
13608 1185.19 13692.3 950.878
13622.9 1195.61 13699.9 1060.23
13639 1226.85 13684.1 1124.01
13653.4 1260.7 13668.9 1217.74
