6015.09 -181.65 6030.07 -206.383
6005.69 -201.176 6045.35 -199.874
6001.87 -172.537 6062.39 -182.951
6010.68 -203.779 6076.49 -205.081
6025.37 -169.934 6092.06 -199.874
6040.94 -147.804 6107.92 -199.874
6056.8 -190.762 6122.61 -219.401
6071.49 -218.099 6138.76 -225.909
6087.36 -160.822 6153.74 -184.253
6104.1 -181.65 6168.72 -192.064
6119.38 -195.969 6184.58 -210.288
6133.47 -164.727 6200.15 -184.253
6149.63 -166.029 6214.83 -180.348
6165.78 -179.046 6231.28 -189.46
6180.76 -182.951 6246.55 -195.969
6196.62 -162.123 6262.41 -203.779
6211.31 -188.158 6277.09 -210.288
6226.28 -175.141 6292.06 -195.969
6243.61 -188.158 6308.22 -177.744
6257.71 -176.443 6323.78 -194.667
6272.69 -182.951 6339.05 -195.969
6289.42 -153.011 6354.61 -177.744
6304.1 -154.313 6369.29 -177.744
6319.96 -181.65 6385.14 -176.443
6334.94 -186.857 6400.12 -229.815
6351.09 -195.969 6415.97 -210.288
6366.35 -182.951 6431.82 -192.064
6381.91 -207.685 6446.5 -238.927
6397.47 -188.158 6462.06 -201.176
6412.15 -202.478 6477.91 -207.685
6427.71 -176.443 6493.17 -216.797
6442.68 -175.141 6508.43 -202.478
6457.65 -215.495 6523.99 -219.401
6474.39 -222.004 6540.13 -188.158
6488.77 -166.029 6553.93 -189.46
6504.62 -181.65 6570.95 -193.365
6519.59 -197.271 6585.91 -189.46
6536.32 -151.709 6601.47 -189.46
6550.99 -181.65 6617.02 -194.667
6567.13 -181.65 6632.28 -207.685
6581.51 -212.892 6647.54 -203.779
6598.53 -188.158 6663.38 -206.383
6612.62 -210.288 6678.93 -199.874
6629.05 -219.401 6694.19 -201.176
6643.43 -173.839 6708.57 -215.495
6659.27 -216.797 6724.7 -167.33
6674.53 -171.236 6740.84 -185.555
6690.08 -176.443 6755.8 -218.099
6705.34 -181.65 6771.05 -228.513
6721.77 -190.762 6785.72 -220.702
6736.14 -185.555 6802.14 -194.667
6751.98 -195.969 6816.52 -154.313
6766.94 -192.064 6833.24 -188.158
6781.9 -198.572 6847.61 -176.443
6797.74 -179.046 6863.44 -195.969
6813.58 -159.52 6879.57 -201.176
6828.54 -179.046 6894.24 -237.625
6844.38 -155.615 6910.37 -206.383
6859.92 -184.253 6925.91 -184.253
6875.17 -198.572 6941.45 -190.762
6890.72 -164.727 6956.7 -181.65
6905.67 -177.744 6973.12 -193.365
6921.22 -198.572 6986.9 -206.383
6937.34 -151.709 7001.55 -198.572
6951.71 -167.33 7018.27 -189.46
6967.25 -193.365 7033.22 -198.572
6983.09 -155.615 7049.34 -216.797
6998.33 -172.537 7064.29 -167.33
7013.87 -212.892 7079.53 -163.425
7028.23 -166.029 7095.95 -180.348
7045.24 -188.158 7111.19 -186.857
7060.19 -177.744 7125.85 -195.969
7076.02 -156.916 7141.09 -215.495
7091.55 -147.804 7156.91 -202.478
7105.92 -164.727 7172.45 -214.194
7121.74 -180.348 7188.27 -219.401
7137.28 -180.348 7203.51 -219.401
7152.81 -214.194 7218.45 -207.685
7168.64 -192.064 7233.11 -228.513
7183.58 -189.46 7248.93 -189.46
7198.82 -195.969 7265.04 -198.572
7213.77 -153.011 7279.99 -244.134
7229.59 -203.779 7296.1 -212.892
7244.24 -175.141 7311.04 -233.72
7260.65 -162.123 7326.28 -195.969
7276.47 -219.401 7342.68 -216.797
7291.71 -218.099 7356.45 -192.064
7306.94 -212.892 7373.44 -184.253
7321.88 -177.744 7388.38 -182.951
7337.7 -155.615 7404.49 -218.099
7352.35 -185.555 7419.13 -215.495
7368.46 -201.176 7434.07 -207.685
7384.57 -207.685 7450.18 -193.365
7398.63 -214.194 7465.41 -190.762
7415.03 -180.348 7481.22 -212.892
7430.85 -193.365 7496.74 -168.632
7445.49 -172.537 7511.67 -202.478
7461.31 -172.537 7527.19 -181.65
7477.12 -185.555 7542.42 -172.537
7491.47 -199.874 7557.65 -195.969
7507.57 -171.236 7573.46 -199.874
7522.51 -147.804 7588.68 -182.951
7538.32 -169.934 7604.78 -149.106
7553.55 -206.383 7620.3 -190.762
7569.06 -176.443 7635.81 -216.797
7584.58 -189.46 7651.33 -199.874
7598.34 -199.874 7667.14 -194.667
7615.03 -206.383 7681.77 -212.892
7630.25 -176.443 7696.41 -173.839
7646.35 -212.892 7712.8 -212.892
7661.57 -186.857 7727.43 -195.969
7675.33 -169.934 7744.11 -211.59
7692.31 -173.839 7758.45 -188.158
7707.82 -193.365 7773.96 -193.365
7723.33 -146.502 7789.47 -194.667
7738.26 -172.537 7804.69 -218.099
7753.19 -197.271 7820.49 -218.099
7769.28 -199.874 7836 -206.383
7784.2 -142.597 7851.21 -185.555
7800.01 -162.123 7866.43 -210.288
7815.81 -190.762 7883.1 -203.779
7831.02 -184.253 7897.44 -177.744
7846.53 -146.502 7913.82 -194.667
7861.75 -195.969 7928.16 -208.986
7877.55 -164.727 7945.13 -192.064
7893.05 -173.839 7959.46 -186.857
7907.97 -171.236 7975.25 -182.951
7922.6 -175.141 7990.76 -199.874
7938.98 -197.271 8005.67 -203.779
7954.49 -181.65 8020.88 -177.744
7969.4 -210.288 8037.26 -190.762
7984.91 -190.762 8052.47 -248.039
8000.7 -160.822 8067.09 -208.986
8015.91 -206.383 8082.88 -203.779
8030.83 -184.253 8098.38 -177.744
8046.91 -153.011 8113.88 -176.443
8062.71 -206.383 8129.38 -212.892
8078.21 -172.537 8144.88 -172.537
8094 -180.348 8160.37 -229.815
8108.33 -195.969 8175.87 -210.288
8123.24 -202.478 8191.66 -203.779
8139.32 -208.986 8205.99 -185.555
8154.23 -177.744 8221.77 -171.236
8169.15 -184.253 8238.44 -210.288
8184.93 -201.176 8252.76 -206.383
8200.72 -179.046 8268.55 -202.478
8215.93 -175.141 8283.45 -197.271
8232 -150.407 8298.36 -218.099
8247.5 -188.158 8315.02 -222.004
8262.7 -186.857 8330.22 -198.572
8277.9 -182.951 8344.84 -190.762
8293.1 -188.158 8360.62 -202.478
8308.01 -184.253 8375.52 -190.762
8324.08 -188.158 8392.18 -184.253
8339.58 -176.443 8407.67 -199.874
8355.36 -171.236 8421.99 -194.667
8370.26 -160.822 8438.65 -193.365
8386.05 -207.685 8453.84 -181.65
8400.95 -211.59 8468.45 -214.194
8416.44 -197.271 8484.53 -202.478
8431.64 -185.555 8500.01 -220.702
8447.12 -182.951 8515.2 -231.116
8463.78 -172.537 8530.4 -173.839
8477.51 -177.744 8545.3 -194.667
8493.29 -172.537 8561.66 -219.401
8509.94 -182.951 8576.85 -198.572
8524.56 -163.425 8592.92 -179.046
8539.16 -198.572 8607.53 -181.65
8554.94 -220.702 8624.47 -181.65
8570.42 -186.857 8638.78 -179.046
8585.32 -177.744 8653.97 -223.306
8601.39 -164.727 8669.16 -207.685
8616.29 -154.313 8684.65 -219.401
8632.36 -184.253 8701 -206.383
8647.84 -186.857 8716.48 -171.236
8663.03 -156.916 8732.25 -171.236
8678.51 -215.495 8746.86 -202.478
8693.41 -179.046 8762.33 -188.158
8710.06 -164.727 8778.4 -201.176
8724.66 -159.52 8793 -220.702
8740.14 -177.744 8809.06 -201.176
8756.2 -168.632 8824.54 -194.667
8771.68 -193.365 8838.85 -212.892
8785.99 -179.046 8855.2 -181.65
8801.18 -185.555 8870.09 -220.702
8816.65 -214.194 8885.57 -195.969
8832.42 -188.158 8901.92 -189.46
8848.48 -199.874 8916.81 -236.323
8864.55 -185.555 8932.28 -220.702
8878.27 -146.502 8947.17 -190.762
8893.74 -168.632 8962.94 -184.253
8909.51 -160.822 8978.12 -220.702
8924.4 -176.443 8993.89 -169.934
8940.75 -185.555 9008.78 -198.572
8955.64 -186.857 9025.13 -224.608
8970.82 -206.383 9038.84 -159.52
8986.59 -167.33 9056.07 -223.306
9001.77 -182.951 9070.96 -222.004
9016.95 -182.951 9086.14 -184.253
9032.71 -172.537 9101.9 -153.011
9048.48 -189.46 9117.08 -189.46
9062.78 -201.176 9132.55 -185.555
9079.13 -185.555 9148.6 -218.099
9094.89 -192.064 9164.36 -202.478
9110.07 -179.046 9179.83 -199.874
9125.25 -185.555 9194.72 -190.762
9141.3 -164.727 9210.48 -232.418
9156.77 -159.52 9225.36 -189.46
9171.08 -189.46 9241.12 -208.986
9186.54 -195.969 9256.88 -199.874
9202.6 -167.33 9271.47 -219.401
9217.19 -175.141 9287.52 -193.365
9232.95 -225.909 9303.28 -202.478
9248.71 -166.029 9317.58 -207.685
9263.01 -155.615 9332.76 -253.246
9279.06 -223.306 9347.93 -216.797
9294.82 -190.762 9363.98 -198.572
9309.7 -192.064 9379.74 -168.632
9326.05 -197.271 9395.5 -211.59
9341.8 -190.762 9411.25 -189.46
9356.98 -193.365 9426.13 -186.857
9373.03 -185.555 9441.31 -214.194
9387.32 -190.762 9457.64 -225.909
9402.5 -180.348 9472.53 -206.383
9417.96 -185.555 9487.99 -185.555
9433.43 -150.407 9503.16 -180.348
9448.31 -175.141 9518.33 -212.892
9464.06 -193.365 9533.8 -199.874
9480.11 -179.046 9550.13 -202.478
9494.99 -154.313 9564.43 -206.383
9510.16 -192.064 9581.35 -215.495
9525.34 -136.088 9596.23 -188.158
9541.09 -172.537 9611.69 -210.288
9556.84 -194.667 9626.86 -210.288
9572.31 -182.951 9642.03 -198.572
9587.48 -163.425 9658.37 -180.348
9602.94 -169.934 9673.54 -193.365
9617.82 -189.46 9689 -190.762
9633.57 -182.951 9704.46 -223.306
9649.32 -169.934 9720.5 -189.46
9665.08 -159.52 9735.09 -190.762
9679.37 -150.407 9749.09 -199.874
9696 -192.064 9765.72 -175.141
9710.88 -186.857 9781.18 -184.253
9725.17 -180.348 9796.93 -224.608
9741.8 -171.236 9812.68 -176.443
9756.97 -171.236 9827.56 -192.064
9771.85 -162.123 9842.14 -186.857
9788.18 -172.537 9858.77 -206.383
9802.47 -188.158 9873.94 -175.141
9818.52 -194.667 9889.4 -193.365
9834.27 -175.141 9905.15 -195.969
9849.73 -208.986 9919.44 -222.004
9864.6 -214.194 9935.77 -212.892
9880.94 -202.478 9950.36 -175.141
9895.81 -201.176 9966.4 -292.299
9910.98 -172.537 9982.44 -259.755
9925.86 -173.839 9997.9 -261.057
9942.48 -201.176 10012.8 -224.608
9956.19 -186.857 10027.9 -266.264
9971.94 -202.478 10044.9 -231.116
9987.69 -153.011 10059.7 -242.832
10002.3 -172.537 10073.4 -248.039
10019.8 -195.969 10090.1 -242.832
10033.8 -184.253 10106.1 -237.625
10048.9 -168.632 10121.9 -261.057
10065.6 -156.916 10135.9 -255.85
10081.3 -182.951 10151 -248.039
10095.3 -147.804 10166.5 -231.116
10111.1 -159.52 10182.5 -232.418
10126.2 -175.141 10198.5 -251.944
10142.3 -192.064 10213.7 -211.59
10157.4 -186.857 10229.2 -236.323
10172 -188.158 10244.6 -240.229
10188.4 -163.425 10260.1 -285.79
10203.5 -143.899 10275 -253.246
10219.3 -185.555 10290.1 -219.401
10233.8 -171.236 10306.8 -242.832
10249.6 -180.348 10322.5 -241.53
10264.5 -175.141 10337.7 -235.022
10279.9 -179.046 10352.8 -250.643
10296.3 -192.064 10367.7 -236.323
10311.4 -176.443 10383.5 -248.039
10326.3 -180.348 10398.9 -229.815
10342.6 -185.555 10414.7 -220.702
10357.8 -168.632 10430.1 -237.625
10373.5 -166.029 10444.7 -212.892
10388.7 -164.727 10460.7 -225.909
10403.9 -167.33 10475.9 -222.004
10419.9 -195.969 10491.4 -225.909
10435.1 -203.779 10506.5 -264.962
10450.2 -176.443 10522.6 -215.495
10466.3 -166.029 10538 -259.755
10480 -164.727 10553.5 -231.116
10496.6 -181.65 10568.6 -186.857
10512.7 -190.762 10584.1 -211.59
10526.6 -164.727 10599.9 -222.004
10542.4 -180.348 10615 -225.909
10558.5 -184.253 10630.5 -241.53
10573.6 -220.702 10645.6 -215.495
10588.2 -172.537 10661.4 -203.779
10603.9 -223.306 10676.9 -203.779
10619.1 -188.158 10692.3 -227.211
10635.7 -158.218 10707.8 -240.229
10650.6 -143.899 10722.9 -208.986
10665.5 -159.52 10738.4 -201.176
10681.8 -149.106 10754.1 -259.755
10696.1 -177.744 10769 -237.625
10712.1 -215.495 10784.8 -218.099
10727 -175.141 10799.6 -246.737
10742.2 -172.537 10816 -201.176
10758.2 -184.253 10831.1 -212.892
10773.7 -145.2 10846.9 -208.986
10788.9 -175.141 10862.1 -203.779
10804.6 -167.33 10877.5 -212.892
10819.2 -181.65 10892.7 -207.685
10836.1 -181.65 10909.3 -245.436
10850.4 -208.986 10924.5 -236.323
10865.9 -184.253 10939.4 -225.909
10881.6 -189.46 10954.5 -182.951
10897.1 -203.779 10970 -207.685
10912.5 -155.615 10986 -201.176
10928.3 -150.407 11000.9 -216.797
10943.5 -167.33 11016.1 -211.59
10957.7 -162.123 11031.5 -218.099
10973.8 -175.141 11047.3 -228.513
10989.5 -192.064 11063.1 -203.779
11004.7 -185.555 11078.5 -211.59
11019.9 -156.916 11093.7 -224.608
11035.9 -168.632 11109.1 -223.306
11051.1 -155.615 11123.7 -189.46
11066 -145.2 11140.7 -212.892
11081.4 -163.425 11154.9 -184.253
11097.8 -201.176 11171.6 -222.004
11112.3 -171.236 11185.9 -195.969
11127.8 -189.46 11202.5 -220.702
11143.3 -146.502 11217.4 -245.436
11158.5 -190.762 11232.5 -208.986
11173.6 -181.65 11247.7 -189.46
11189.7 -167.33 11264.4 -193.365
11205.4 -169.934 11278.9 -202.478
11220.3 -198.572 11294.7 -208.986
11235.8 -182.951 11310.5 -215.495
11251.5 -156.916 11325.3 -225.909
11266.4 -186.857 11340.8 -232.418
11282.1 -173.839 11356.3 -206.383
11298.5 -171.236 11371.4 -175.141
11311.9 -153.011 11387.5 -192.064
11328.3 -171.236 11402.4 -179.046
11343.7 -189.46 11417.8 -180.348
11358.9 -193.365 11433.3 -182.951
11374.1 -180.348 11449.1 -201.176
11389.8 -186.857 11464.2 -202.478
11404.7 -145.2 11479.4 -231.116
11420.2 -151.709 11495.5 -223.306
11436.5 -172.537 11510.4 -206.383
11451.1 -162.123 11525.5 -184.253
11466.9 -194.667 11541.6 -169.934
11482.3 -192.064 11557.3 -208.986
11497.8 -180.348 11572.2 -171.236
11513.6 -160.822 11588 -184.253
11528.1 -176.443 11602.9 -210.288
11543 -190.762 11618.9 -249.341
11559.4 -116.562 11634.7 -211.59
11574.6 -145.2 11649.9 -203.779
11590.9 -176.443 11665.6 -177.744
11605.2 -142.597 11680.2 -193.365
11620.7 -190.762 11696 -168.632
11637 -164.727 11712.3 -193.365
11651 -173.839 11726.9 -218.099
11666.5 -172.537 11742.7 -197.271
11682 -173.839 11757.6 -240.229
11697.4 -142.597 11772.8 -241.53
11713.5 -132.183 11789.1 -212.892
11729.5 -125.674 11803.4 -222.004
11743.9 -153.011 11819.8 -218.099
11758.7 -175.141 11834.6 -188.158
11775.7 -197.271 11851 -231.116
11790.6 -138.692 11865.6 -216.797
11805.2 -156.916 11881.1 -235.022
11821.5 -156.916 11896.3 -233.72
11836.7 -169.934 11912 -229.815
11852.5 -128.278 11927.2 -231.116
11867.4 -156.916 11943.3 -229.815
11883.1 -150.407 11959 -246.737
11898 -146.502 11974.2 -179.046
11913.5 -124.372 11990 -184.253
11929.3 -160.822 12005.5 -171.236
11944.4 -112.657 12020.1 -212.892
11959.9 -156.916 12036.4 -220.702
11975.1 -110.053 12051 -206.383
11990.3 -113.958 12066.5 -202.478
12006 -134.786 12082 -164.727
12021.2 -113.958 12097.8 -179.046
12035.8 -74.9056 12112.9 -180.348
12051.9 -106.148 12129.6 -219.401
12067.7 -73.6039 12144.5 -224.608
12083.4 -99.639 12160 -231.116
12099.2 -94.432 12174.3 -223.306
12113.2 -73.6039 12190.6 -202.478
12128.4 -90.5267 12206.1 -218.099
12145.1 -91.8285 12220.4 -193.365
12159.4 -50.1723 12236.2 -184.253
12174.9 -57.9828 12252.3 -192.064
12190.9 -74.9056 12267.5 -199.874
12206.1 -60.5863 12283.2 -202.478
12221.6 -73.6039 12298.4 -214.194
12237.4 -44.9653 12313.9 -218.099
12252.3 -16.3266 12330 -231.116
12267.5 -15.0249 12344.9 -175.141
12283.5 8.40672 12360.7 -147.804
12298.4 -3.30908 12375.6 -189.46
12313.3 18.8208 12390.8 -153.011
12329.1 29.2348 12407.4 -171.236
12344.9 37.0453 12421.4 -189.46
12360.1 29.2348 12437.5 -180.348
12375.3 7.10496 12452.1 -162.123
12391.3 39.6489 12468.5 -155.615
12406.8 16.2173 12484.3 -171.236
12422.3 72.1928 12499.8 -160.822
12436.9 83.9085 12514.6 -182.951
12452.1 86.5121 12529.6 -185.555
12467.9 108.642 12545.6 -168.632
12483.4 76.098 12561.7 -141.295
12498.3 65.684 12576.9 -162.123
12514.1 81.305 12592.4 -158.218
12529.6 138.582 12607.3 -132.183
12544.8 126.866 12623.7 -133.485
12561.4 143.789 12637.7 -115.26
12575.7 172.428 12653.8 -87.9232
12590.6 158.109 12669.9 -115.26
12607 193.256 12685.1 -103.544
12621 146.393 12700.5 -107.45
12637.4 146.393 12715.2 -77.5092
12652.6 139.884 12731.3 -34.5512
12668.1 147.695 12746.4 -65.7934
12683.9 176.333 12762.2 -77.5092
12698.8 198.463 12777.4 -13.7231
12714.9 228.403 12793.2 -43.6635
12729.2 234.912 12808.7 -24.1372
12745 267.456 12824.2 -13.7231
12760.5 234.912 12839.7 -29.3442
12775.7 227.102 12855.2 5.80321
12791.5 172.428 12870.1 50.0629
12806.4 225.8 12886.5 37.0453
12822.2 203.67 12902 50.0629
12837.7 233.61 12916.9 48.7611
12851.7 270.06 12933 55.2699
12868.7 310.414 12946.8 55.2699
12883.6 275.267 12963.7 82.6068
12898.8 294.793 12978.3 115.151
12915.2 254.439 12993.8 130.772
12930.1 319.526 13009.6 185.445
12945 288.284 13025.4 202.368
12961.7 362.484 13039.8 201.067
12976.6 402.839 13055.6 176.333
12990.9 422.365 13071.6 207.575
13007 462.719 13087.1 180.238
13022.8 435.383 13102.7 219.291
13037.4 434.081 13118.4 219.291
13054.1 417.158 13133.7 276.568
13068.1 484.849 13149.5 313.018
13083.6 505.677 13164.7 368.993
13100 548.635 13179 402.839
13115.8 514.79 13194.5 397.632
13129.8 600.706 13210.6 402.839
13145.6 591.593 13226.1 370.295
13160.6 650.172 13241 359.881
13175.8 654.078 13257.1 376.804
13191.6 634.551 13272.3 458.814
13206.8 647.569 13288.1 482.246
13222.9 707.45 13303.6 527.807
13237.8 665.793 13319.1 512.186
13253.6 749.106 13334.1 531.712
13268.5 741.295 13349.6 522.6
13284.9 776.443 13366.3 509.583
13299 766.029 13380.6 517.393
13316.2 802.478 13396.7 549.937
13330.3 786.857 13411.6 560.351
13345.2 824.608 13427.1 591.593
13361 828.513 13443.2 617.628
13376.2 851.944 13457.6 651.474
13391.1 909.222 13474.3 660.586
13407.8 926.145 13489.5 674.906
13422.4 933.955 13505.3 639.758
13438 913.127 13520.5 635.853
13452.9 923.541 13535.4 635.853
13469.3 936.559 13551.5 690.527
13484.5 945.671 13567.3 720.467
13499.4 962.594 13582.3 784.253
13514.6 1023.78 13598.6 825.909
13530.5 1052.41 13613.9 846.737
13546.3 1038.1 13629.4 841.53
13560.9 1078.45 13644.9 810.288
13576.4 1057.62 13660.7 841.53
13592.2 1084.96 13677.4 831.116
13607.1 1082.36 13691.7 900.109
13623.2 1095.37 13699.9 932.653
13638.5 1144.84 13684.7 1001.65
13652.8 1094.07 13668.9 1070.64
