6015.09 -59.2846 6031.25 -107.45
6005.69 -73.6039 6045.94 -64.4916
6000.69 -61.8881 6060.33 -89.225
6010.68 -46.267 6077.07 -77.5092
6025.37 -72.3021 6091.76 -103.544
6040.94 -52.7758 6108.51 -85.3197
6057.1 -84.0179 6123.19 -81.4144
6072.08 -33.2495 6138.17 -56.6811
6087.36 -78.8109 6153.15 -136.088
6103.22 -50.1723 6169.31 -103.544
6118.49 -60.5863 6184.58 -110.053
6133.77 -55.3793 6200.44 -69.6986
6150.8 -67.0951 6215.42 -103.544
6165.49 -69.6986 6230.69 -85.3197
6181.06 -77.5092 6246.84 -111.355
6196.92 -57.9828 6261.82 -120.467
6212.48 -78.8109 6277.68 -93.1302
6227.17 -78.8109 6292.36 -139.993
6243.32 -52.7758 6308.22 -151.709
6257.12 -46.267 6322.9 -108.751
6272.98 -39.7582 6338.17 -104.846
6288.25 -61.8881 6354.02 -65.7934
6305.57 -60.5863 6369.88 -107.45
6319.08 -84.0179 6384.85 -87.9232
6334.94 -77.5092 6400.99 -121.769
6350.5 -85.3197 6415.97 -81.4144
6366.06 -73.6039 6431.53 -97.0355
6381.62 -68.3969 6447.38 -123.071
6397.18 -44.9653 6462.35 -123.071
6412.44 -71.0004 6477.91 -108.751
6428 -59.2846 6493.17 -128.278
6443.27 -72.3021 6509.02 -63.1898
6458.24 -50.1723 6524.58 -108.751
6474.68 -73.6039 6539.84 -115.26
6489.65 -56.6811 6553.93 -110.053
6505.2 -55.3793 6570.65 -97.0355
6521.05 -52.7758 6586.21 -128.278
6536.32 -68.3969 6601.47 -149.106
6551.58 -59.2846 6616.14 -117.864
6567.13 -37.1547 6632.28 -94.432
6581.81 -72.3021 6647.54 -56.6811
6598.24 -74.9056 6663.09 -63.1898
6611.74 -73.6039 6679.52 -102.243
6629.05 -69.6986 6693.9 -104.846
6643.72 -68.3969 6709.15 -89.225
6658.98 -39.7582 6723.82 -133.485
6674.82 -74.9056 6740.54 -137.39
6689.49 -65.7934 6755.8 -125.674
6704.75 -73.6039 6771.35 -102.243
6721.47 -71.0004 6786.6 -93.1302
6736.73 -35.853 6802.14 -80.1127
6752.57 -89.225 6817.1 -91.8285
6767.53 -63.1898 6833.53 -111.355
6782.78 -57.9828 6847.61 -113.958
6797.74 -98.3372 6864.03 -129.579
6813.29 -56.6811 6880.45 -110.053
6829.42 -130.881 6894.24 -121.769
6844.38 -102.243 6909.49 -97.0355
6859.05 -107.45 6924.73 -71.0004
6875.17 -85.3197 6940.86 -95.7337
6891.31 -93.1302 6955.82 -93.1302
6906.55 -103.544 6972.53 -90.5267
6920.92 -56.6811 6986.6 -129.579
6936.76 -80.1127 7001.85 -94.432
6951.71 -60.5863 7017.97 -150.407
6967.84 -93.1302 7033.51 -128.278
6983.09 -91.8285 7049.63 -103.544
6998.63 -106.148 7064.59 -68.3969
7013.87 -76.2074 7080.12 -100.941
7029.41 -71.0004 7095.66 -107.45
7045.53 -55.3793 7110.31 -86.6215
7059.9 -71.0004 7125.55 -116.562
7075.43 -68.3969 7141.38 -112.657
7091.55 -84.0179 7156.62 -123.071
7106.21 -78.8109 7173.03 -111.355
7121.74 -90.5267 7187.69 -84.0179
7137.28 -108.751 7203.22 -113.958
7153.1 -57.9828 7218.45 -128.278
7168.05 -86.6215 7233.98 -102.243
7183.58 -39.7582 7249.22 -107.45
7198.82 -57.9828 7265.63 -121.769
7214.35 -41.06 7280.28 -115.26
7229 -63.1898 7295.81 -124.372
7245.7 -84.0179 7311.63 -78.8109
7260.94 -81.4144 7326.57 -128.278
7276.47 -80.1127 7341.51 -106.148
7291.41 -84.0179 7357.91 -129.579
7306.94 -84.0179 7373.15 -123.071
7322.17 -69.6986 7388.38 -124.372
7337.41 -73.6039 7402.73 -123.071
7352.93 -57.9828 7419.72 -97.0355
7369.05 -39.7582 7434.07 -106.148
7383.4 -71.0004 7450.18 -116.562
7399.22 -67.0951 7465.99 -98.3372
7414.45 -87.9232 7481.51 -94.432
7429.97 -73.6039 7495.57 -99.639
7445.78 -68.3969 7512.55 -91.8285
7461.01 -89.225 7527.78 -78.8109
7476.24 -57.9828 7542.42 -89.225
7492.05 -61.8881 7557.35 -102.243
7507.28 -25.4389 7573.46 -94.432
7523.39 -65.7934 7589.85 -108.751
7538.61 -76.2074 7604.2 -98.3372
7553.25 -73.6039 7620.01 -129.579
7569.36 -57.9828 7636.4 -145.2
7584.58 -64.4916 7650.16 -129.579
7600.1 -57.9828 7667.14 -81.4144
7615.03 -54.0776 7681.77 -63.1898
7631.42 -43.6635 7696.7 -116.562
7645.77 -50.1723 7712.21 -106.148
7661.57 -74.9056 7728.02 -81.4144
7676.5 -51.474 7744.11 -112.657
7692.01 -54.0776 7758.74 -106.148
7708.11 -59.2846 7774.55 -100.941
7723.04 -85.3197 7790.06 -103.544
7738.55 -48.8705 7804.69 -120.467
7753.48 -77.5092 7821.37 -119.165
7768.99 -29.3442 7836.29 -60.5863
7784.5 -57.9828 7851.8 -90.5267
7799.13 -72.3021 7867.6 -113.958
7815.81 -65.7934 7882.23 -103.544
7830.73 -61.8881 7898.32 -108.751
7846.24 -85.3197 7912.95 -69.6986
7861.45 -77.5092 7928.16 -119.165
7876.96 -87.9232 7944.54 -117.864
7892.17 -17.6284 7960.04 -121.769
7907.68 -56.6811 7975.25 -123.071
7923.77 -52.7758 7990.47 -93.1302
7938.98 -47.5688 8005.97 -104.846
7953.61 -68.3969 8021.18 -89.225
7969.11 -95.7337 8037.26 -86.6215
7985.49 -60.5863 8051.89 -119.165
8000.41 -106.148 8067.68 -112.657
8015.91 -71.0004 8082.01 -108.751
8031.71 -69.6986 8099.26 -86.6215
8047.5 -81.4144 8113.59 -84.0179
8062.12 -59.2846 8129.97 -103.544
8078.21 -56.6811 8144.58 -77.5092
8094.29 -85.3197 8160.08 -110.053
8108.03 -67.0951 8175.87 -77.5092
8124.12 -37.1547 8190.78 -134.786
8139.03 -65.7934 8206.86 -102.243
8154.23 -51.474 8222.07 -141.295
8169.73 -43.6635 8237.27 -116.562
8185.52 -76.2074 8253.64 -71.0004
8201.01 -64.4916 8267.96 -108.751
8215.63 -73.6039 8283.75 -64.4916
8231.13 -63.1898 8299.24 -72.3021
8246.04 -73.6039 8315.02 -107.45
8262.11 -80.1127 8330.51 -72.3021
8278.19 -76.2074 8345.42 -112.657
8293.1 -59.2846 8361.2 -106.148
8308.89 -91.8285 8376.69 -116.562
8323.5 -54.0776 8392.18 -107.45
8338.99 -50.1723 8407.67 -103.544
8354.77 -67.0951 8422.58 -98.3372
8370.56 -82.7162 8438.65 -104.846
8385.46 -52.7758 8453.84 -110.053
8400.66 -73.6039 8470.21 -74.9056
8416.44 -63.1898 8484.82 -117.864
8431.93 -59.2846 8499.43 -132.183
8447.12 -82.7162 8515.2 -132.183
8463.49 -72.3021 8530.69 -102.243
8478.68 -34.5512 8545.88 -95.7337
8494.17 -99.639 8560.49 -91.8285
8509.07 -93.1302 8577.44 -78.8109
8525.14 -87.9232 8592.34 -99.639
8539.46 -71.0004 8607.23 -77.5092
8554.36 -80.1127 8623.01 -115.26
8571.01 -69.6986 8639.08 -98.3372
8587.08 -63.1898 8655.14 -141.295
8600.81 -72.3021 8669.45 -112.657
8616.29 -71.0004 8685.23 -113.958
8632.65 -86.6215 8700.42 -81.4144
8647.26 -91.8285 8716.19 -59.2846
8663.03 -63.1898 8731.08 -52.7758
8679.09 -29.3442 8747.73 -111.355
8693.7 -76.2074 8761.75 -106.148
8708.6 -41.06 8777.23 -132.183
8724.07 -60.5863 8793.58 -121.769
8741.02 -78.8109 8808.18 -119.165
8755.03 -91.8285 8824.25 -128.278
8771.39 -91.8285 8840.01 -81.4144
8786.87 -61.8881 8855.78 -59.2846
8801.47 -86.6215 8869.8 -46.267
8816.36 -50.1723 8885.57 -98.3372
8833.3 -50.1723 8901.33 -76.2074
8847.9 -69.6986 8915.93 -121.769
8863.96 3.1997 8932.28 -108.751
8879.44 -72.3021 8948.05 -125.674
8894.33 -68.3969 8962.94 -111.355
8908.93 -71.0004 8977.54 -64.4916
8924.69 -94.432 8994.18 -72.3021
8941.05 -51.474 9009.36 -72.3021
8956.23 -48.8705 9024.83 -86.6215
8970.82 -38.4565 9040.31 -84.0179
8986.88 -39.7582 9055.78 -130.881
9002.35 -51.474 9071.83 -123.071
9018.12 -52.7758 9086.14 -147.804
9032.71 -55.3793 9102.77 -111.355
9048.48 -50.1723 9117.37 -78.8109
9063.95 -51.474 9132.55 -68.3969
9079.13 -39.7582 9148.89 -51.474
9095.19 -39.7582 9163.78 -59.2846
9109.49 -65.7934 9179.25 -73.6039
9125.54 -13.7231 9193.84 -98.3372
9141.01 -38.4565 9210.19 -120.467
9156.48 -50.1723 9225.65 -143.899
9171.66 -50.1723 9241.12 -136.088
9186.84 -81.4144 9256.59 -85.3197
9202.3 -43.6635 9271.76 -74.9056
9218.94 -46.267 9286.94 -87.9232
9233.24 -54.0776 9302.12 -72.3021
9247.54 -68.3969 9317.87 -86.6215
9263.89 -60.5863 9333.93 -125.674
9279.94 -33.2495 9347.93 -107.45
9294.53 -91.8285 9364.56 -113.958
9310 -61.8881 9379.45 -106.148
9325.75 -64.4916 9395.79 -100.941
9341.22 -86.6215 9410.38 -102.243
9356.69 -59.2846 9426.13 -85.3197
9371.86 -17.6284 9441.01 -80.1127
9387.62 -48.8705 9456.77 -76.2074
9402.21 -52.7758 9473.11 -124.372
9417.96 -81.4144 9487.7 -129.579
9433.14 -95.7337 9503.45 -115.26
9448.6 -71.0004 9518.04 -110.053
9463.77 -73.6039 9534.67 -99.639
9479.53 -50.1723 9549.84 -89.225
9494.99 -52.7758 9564.43 -108.751
9510.46 -39.7582 9580.18 -86.6215
9525.63 -50.1723 9595.06 -103.544
9541.09 -82.7162 9612.27 -117.864
9555.97 -87.9232 9627.74 -102.243
9572.6 -87.9232 9641.45 -115.26
9587.19 -74.9056 9657.78 -103.544
9602.94 -85.3197 9673.54 -90.5267
9618.11 -55.3793 9689.58 -110.053
9633.86 -72.3021 9703.88 -94.432
9648.74 -61.8881 9719.34 -82.7162
9663.62 -84.0179 9734.8 -78.8109
9679.66 -54.0776 9750.84 -108.751
9695.42 -76.2074 9766.3 -90.5267
9710.88 -76.2074 9780.59 -102.243
9725.75 -47.5688 9796.64 -99.639
9741.51 -52.7758 9811.52 -94.432
9757.55 -3.30908 9827.85 -117.864
9773.01 -57.9828 9843.02 -100.941
9788.76 -65.7934 9858.19 -106.148
9802.47 -89.225 9873.94 -95.7337
9817.93 -72.3021 9889.11 -69.6986
9833.39 -52.7758 9905.15 -103.544
9849.73 -55.3793 9920.31 -106.148
9864.9 -64.4916 9935.19 -84.0179
9880.06 -94.432 9950.36 -159.52
9895.81 -85.3197 9966.4 -98.3372
9911.27 -68.3969 9982.15 -104.846
9927.02 -72.3021 9997.02 -128.278
9942.19 -76.2074 10012.5 -115.26
9957.06 -81.4144 10028.5 -77.5092
9972.82 -60.5863 10044 -108.751
9987.4 -77.5092 10058.6 -76.2074
10003.1 -74.9056 10074 -86.6215
10018.9 -69.6986 10090.4 -65.7934
10034.4 -48.8705 10105.5 -81.4144
10048.9 -84.0179 10121 -61.8881
10065.3 -59.2846 10136.7 -100.941
10080.7 -52.7758 10152.5 -104.846
10095.3 -55.3793 10167.1 -116.562
10111.1 -72.3021 10182.5 -106.148
10126.5 -69.6986 10198 -117.864
10142 -90.5267 10213.1 -100.941
10158.3 -52.7758 10229.2 -91.8285
10172.9 -46.267 10245.2 -102.243
10188.1 -98.3372 10260.1 -108.751
10203.5 -69.6986 10276.1 -86.6215
10219 -52.7758 10290.4 -125.674
10234.7 -54.0776 10305.6 -120.467
10249.3 -63.1898 10321 -76.2074
10264.8 -95.7337 10336.8 -80.1127
10280.8 -65.7934 10353.1 -64.4916
10295.7 -64.4916 10367.4 -76.2074
10310.8 -51.474 10384 -102.243
10327.8 -37.1547 10399.2 -123.071
10342 -86.6215 10414.1 -110.053
10358.1 -47.5688 10429.3 -138.692
10373.3 -15.0249 10445.3 -106.148
10388.1 -56.6811 10461 -125.674
10403.6 -50.1723 10476.5 -82.7162
10419.6 -48.8705 10491.4 -78.8109
10435.1 -47.5688 10506.8 -85.3197
10449.9 -35.853 10522 -82.7162
10466 -35.853 10537.7 -104.846
10480.3 -81.4144 10553.5 -111.355
10496.6 -37.1547 10568.1 -123.071
10511.8 -55.3793 10583.8 -103.544
10526.6 -72.3021 10599.3 -59.2846
10543 -80.1127 10615 -43.6635
10558.7 -86.6215 10630.8 -76.2074
10573.6 -52.7758 10645.6 -108.751
10589.7 -43.6635 10661.7 -123.071
10603.6 -41.06 10677.1 -113.958
10619.4 -63.1898 10692 -108.751
10634.6 -69.6986 10707.8 -123.071
10650.6 -42.3617 10722.6 -108.751
10665.5 -81.4144 10739.3 -98.3372
10681.2 -80.1127 10754.4 -91.8285
10696.7 -37.1547 10769.3 -80.1127
10712.1 -71.0004 10784.8 -97.0355
10727.9 -44.9653 10800.5 -95.7337
10741.9 -52.7758 10816 -100.941
10757.9 -89.225 10831.1 -150.407
10773.4 -69.6986 10846.9 -84.0179
10788.9 -60.5863 10861.8 -84.0179
10804.6 -69.6986 10877 -99.639
10819.2 -82.7162 10893.3 -97.0355
10834.9 -22.8354 10907.9 -71.0004
10851 -93.1302 10924.2 -103.544
10866.1 -60.5863 10939.4 -87.9232
10881.6 -30.646 10954.5 -89.225
10896.8 -48.8705 10970 -112.657
10912.5 -55.3793 10986.6 -116.562
10927.7 -78.8109 11001.2 -85.3197
10943.7 -91.8285 11016.7 -102.243
10958.6 -68.3969 11031.8 -100.941
10973.2 -68.3969 11047.6 -98.3372
10990.4 -50.1723 11062.5 -90.5267
11004.7 -60.5863 11078.8 -123.071
11019.6 -77.5092 11092.2 -119.165
11034.5 -25.4389 11109.1 -119.165
11050.5 -84.0179 11125.5 -111.355
11066.5 -56.6811 11140.1 -69.6986
11081.7 -57.9828 11155.5 -103.544
11097.2 -100.941 11170.4 -110.053
11112.6 -89.225 11185.9 -117.864
11128.4 -74.9056 11201.9 -90.5267
11143.3 -59.2846 11217.1 -108.751
11158.5 -42.3617 11232.8 -95.7337
11174.8 -35.853 11248 -116.562
11190 -51.474 11264.1 -99.639
11204.8 -60.5863 11279.2 -103.544
11220.9 -54.0776 11294.4 -121.769
11235.5 -63.1898 11309 -67.0951
11251.2 -63.1898 11325 -81.4144
11266.4 -86.6215 11340.8 -93.1302
11282.7 -39.7582 11355.4 -111.355
11297.6 -89.225 11371.4 -91.8285
11312.2 -76.2074 11387.2 -95.7337
11328.5 -63.1898 11403 -91.8285
11344 -87.9232 11417.8 -74.9056
11359.2 -43.6635 11432.7 -74.9056
11374.4 -78.8109 11449.4 -123.071
11390.1 -61.8881 11464.2 -112.657
11405 -47.5688 11479.4 -111.355
11420.8 -54.0776 11496.1 -91.8285
11435.9 -80.1127 11510.6 -65.7934
11452 -82.7162 11527 -52.7758
11466 -81.4144 11542.2 -93.1302
11482.6 -67.0951 11557.3 -78.8109
11497.8 -51.474 11572.5 -81.4144
11513.6 -46.267 11587.7 -110.053
11528.1 -55.3793 11603.5 -115.26
11544.2 -63.1898 11618 -108.751
11559.1 -37.1547 11634.7 -95.7337
11574.3 -61.8881 11650.1 -113.958
11590.6 -69.6986 11665 -98.3372
11604.9 -71.0004 11680.5 -103.544
11621 -51.474 11696.6 -119.165
11636.1 -63.1898 11711.4 -111.355
11651.9 -17.6284 11726.6 -119.165
11667.7 -54.0776 11742.4 -136.088
11682.3 -68.3969 11757.9 -116.562
11698 -24.1372 11773.6 -142.597
11712.9 -73.6039 11789.4 -84.0179
11729 -89.225 11804 -100.941
11744.1 -81.4144 11819.2 -102.243
11759.6 -74.9056 11835.2 -115.26
11775.1 -28.0424 11850.7 -124.372
11790.9 -61.8881 11867.1 -107.45
11805.5 -34.5512 11880.8 -121.769
11821.8 -51.474 11895.7 -169.934
11837 -41.06 11912.9 -121.769
11852.2 -71.0004 11928.7 -100.941
11868.2 -72.3021 11943 -87.9232
11882.5 -89.225 11957.9 -97.0355
11898.6 -63.1898 11974.5 -85.3197
11913.2 -50.1723 11989.7 -124.372
11928.1 -28.0424 12004.6 -119.165
11945.3 -4.61084 12020.4 -181.65
11960.2 8.40672 12035.8 -176.443
11975.4 4.50145 12051 -141.295
11990.6 -25.4389 12066.8 -121.769
12006 -26.7407 12081.7 -130.881
12021.8 -81.4144 12097.5 -89.225
12035.8 -47.5688 12112.3 -95.7337
12051.9 -43.6635 12129 -116.562
12068.5 29.2348 12145.4 -175.141
12082.9 25.3295 12160 -139.993
12098 37.0453 12174.6 -128.278
12113.2 24.0278 12189.5 -138.692
12129.3 -0.70557 12205.8 -86.6215
12145.4 17.519 12221 -85.3197
12160.3 18.8208 12236.8 -110.053
12175.4 24.0278 12253.7 -81.4144
12191.2 25.3295 12266.9 -85.3197
12205.8 50.0629 12282.6 -137.39
12221.6 91.7191 12299 -113.958
12237.4 61.7787 12313.9 -100.941
12252.6 87.8138 12329.7 -93.1302
12267.8 56.5717 12344.9 -124.372
12283.2 72.1928 12359.8 -91.8285
12299.3 29.2348 12375.6 -76.2074
12313 98.2279 12390.5 -76.2074
12329.7 108.642 12406.8 -94.432
12344.9 81.305 12421.4 -48.8705
12360.1 120.358 12436.6 -95.7337
12375.9 116.452 12454.4 -111.355
12391.3 128.168 12467.3 -99.639
12406 99.5296 12484.3 -84.0179
12421.4 138.582 12499.8 -17.6284
12437.5 132.074 12515 -43.6635
12452.7 109.944 12530.2 -30.646
12467 113.849 12545.9 -26.7407
12483.4 155.505 12561.1 1.89794
12498.9 198.463 12577.2 -37.1547
12513.2 215.386 12591.2 -71.0004
12529.3 249.232 12607.9 -76.2074
12544.5 212.782 12623.1 -68.3969
12560.5 217.989 12638.9 -33.2495
12576 188.049 12654.7 -44.9653
12591.8 241.421 12670.1 27.9331
12605.8 242.723 12685.1 40.9506
12621 292.189 12700.5 78.7015
12637.1 273.965 12715.5 50.0629
12652.6 311.716 12731.5 38.3471
12667.5 302.604 12746.4 22.726
12683.9 311.716 12762.2 26.6313
12698.8 331.242 12778 76.098
12713.7 316.923 12792.1 86.5121
12729.2 346.863 12808.7 120.358
12744.7 357.277 12824.2 104.737
12759.9 361.182 12839.7 129.47
12775.7 376.804 12855.5 100.831
12791.5 337.751 12870.4 93.0208
12806.7 382.011 12886.2 129.47
12821.9 441.891 12901.4 130.772
12837.4 449.702 12916.6 137.281
12853.2 432.779 12932.1 204.972
12868.4 457.512 12948.2 231.007
12883.6 436.684 12963.4 259.646
12898.8 452.305 12978.3 267.456
12914.6 474.435 12993.8 224.498
12930.1 474.435 13009.6 195.86
12945.6 501.772 13024.5 224.498
12960.2 522.6 13040.3 236.214
12976.3 534.316 13055.6 340.354
12991.8 579.878 13072.2 348.165
13006.7 555.144 13087.4 415.856
13022.2 591.593 13102.1 405.442
13037.7 557.748 13117.6 393.726
13053.5 562.955 13132.8 389.821
13068.7 611.12 13149.2 402.839
13084.2 633.249 13164.1 397.632
13099.7 659.285 13179.9 402.839
13113.8 724.372 13195.1 444.495
13131 758.218 13211.8 504.376
13145.1 729.579 13225.5 486.151
13161.2 706.148 13241.9 540.825
13175.8 676.207 13257.1 506.979
13191.6 693.13 13272.9 522.6
13206.8 733.485 13288.4 478.341
13223.2 794.667 13303.9 512.186
13237.5 887.092 13318 519.997
13253 885.79 13334.1 560.351
13268.8 905.316 13349.9 624.137
13284.6 898.808 13366.3 655.379
13299.3 872.773 13380.3 629.344
13314.5 855.85 13397 639.758
13330.9 846.737 13411.6 599.404
13345.8 867.565 13427.4 642.362
13361 948.274 13443.2 642.362
13375.9 974.309 13458.4 648.871
13391.7 1002.95 13473.4 693.13
13407.8 1053.72 13489.2 726.976
13422.4 1053.72 13505.6 786.857
13437.7 1068.04 13519.9 792.064
13453.2 1031.59 13535.4 835.022
13469.6 1036.79 13550.9 836.323
13483.9 1021.17 13567.6 894.902
13499.1 1028.98 13582.3 906.618
13514.4 1108.39 13598.4 890.997
13530.7 1157.86 13613.6 874.074
13546.5 1173.48 13629.7 900.109
13562.1 1232.06 13645.2 943.067
13576.7 1183.89 13662.2 997.741
13592.8 1179.99 13677.1 1053.72
13607.1 1195.61 13692 1087.56
13622.4 1212.53 13699.6 1159.16
13638.8 1226.85 13685.3 1157.86
13652.5 1199.51 13669.2 1203.42
