6015.38 -294.902 6030.95 -300.109
6005.39 -313.127 6045.64 -281.885
6000.69 -285.79 6060.92 -315.73
6010.98 -253.246 6077.37 -310.523
6025.96 -268.867 6092.06 -332.653
6041.24 -254.548 6107.33 -336.559
6057.69 -296.204 6123.19 -309.222
6072.67 -326.144 6138.47 -292.299
6087.36 -322.239 6153.45 -297.506
6103.81 -327.446 6169.6 -270.169
6119.08 -279.281 6184.58 -281.885
6134.06 -276.678 6200.15 -328.748
6149.92 -248.039 6215.42 -306.618
6165.2 -275.376 6230.98 -263.66
6181.64 -259.755 6247.14 -297.506
6196.62 -317.032 6261.23 -340.464
6211.31 -310.523 6276.8 -292.299
6226.87 -294.902 6292.36 -298.808
6242.73 -317.032 6308.51 -288.394
6258 -296.204 6323.19 -336.559
6273.57 -280.583 6339.34 -292.299
6288.84 -251.944 6353.73 -336.559
6304.4 -293.601 6369.58 -298.808
6319.08 -280.583 6384.26 -320.937
6334.94 -320.937 6400.99 -280.583
6350.2 -315.73 6416.26 -311.825
6366.35 -292.299 6431.82 -280.583
6381.62 -302.713 6447.09 -327.446
6396.89 -296.204 6462.35 -292.299
6411.57 -284.488 6477.91 -311.825
6428.3 -240.229 6492.58 -318.334
6442.1 -298.808 6509.31 -285.79
6459.41 -288.394 6523.99 -294.902
6474.39 -310.523 6540.13 -320.937
6489.35 -319.636 6555.1 -300.109
6505.2 -327.446 6570.36 -292.299
6520.47 -300.109 6585.33 -322.239
6535.44 -290.997 6601.17 -319.636
6551.58 -268.867 6617.31 -319.636
6566.84 -268.867 6631.99 -268.867
6582.1 -279.281 6646.95 -301.411
6597.65 -277.98 6664.26 -322.239
6612.62 -311.825 6678.64 -297.506
6628.76 -315.73 6694.78 -317.032
6644.02 -319.636 6709.44 -294.902
6659.86 -271.471 6724.41 -287.092
6674.24 -280.583 6740.25 -320.937
6688.91 -263.66 6755.8 -306.618
6705.34 -263.66 6771.05 -307.92
6721.18 -271.471 6786.01 -262.358
6736.44 -287.092 6801.27 -296.204
6752.57 -293.601 6818.28 -305.316
6766.94 -297.506 6832.36 -306.618
6782.49 -293.601 6847.9 -283.187
6797.74 -292.299 6863.15 -307.92
6813.88 -253.246 6879.87 -326.144
6829.13 -315.73 6895.41 -285.79
6844.67 -276.678 6910.07 -328.748
6860.22 -285.79 6925.61 -307.92
6874.88 -288.394 6939.98 -343.067
6890.72 -307.92 6956.11 -302.713
6905.97 -298.808 6971.65 -285.79
6920.92 -333.955 6987.48 -296.204
6937.34 -272.773 7003.02 -285.79
6952.3 -275.376 7018.27 -318.334
6968.13 -246.737 7034.39 -288.394
6983.38 -287.092 7049.05 -296.204
6999.21 -304.015 7063.7 -311.825
7014.16 -287.092 7080.71 -297.506
7029.11 -307.92 7095.07 -317.032
7044.94 -293.601 7111.48 -290.997
7060.48 -320.937 7126.43 -297.506
7076.31 -274.074 7141.09 -250.643
7091.26 -258.453 7157.21 -296.204
7105.92 -274.074 7172.45 -275.376
7121.74 -288.394 7187.69 -356.085
7137.57 -298.808 7203.8 -298.808
7153.4 -264.962 7219.04 -322.239
7168.64 -309.222 7234.86 -302.713
7183.29 -340.464 7249.22 -280.583
7198.82 -277.98 7265.04 -275.376
7214.64 -294.902 7280.28 -277.98
7230.76 -257.151 7296.1 -293.601
7245.12 -238.927 7311.63 -313.127
7260.36 -246.737 7327.16 -343.067
7276.47 -293.601 7342.68 -289.695
7291.71 -301.411 7357.33 -293.601
7306.65 -310.523 7372.27 -290.997
7322.76 -300.109 7388.38 -298.808
7337.41 -293.601 7403.02 -259.755
7353.23 -292.299 7418.84 -287.092
7369.34 -277.98 7434.65 -306.618
7384.28 -275.376 7450.76 -319.636
7399.51 -280.583 7465.7 -328.748
7414.45 -315.73 7481.51 -309.222
7430.85 -297.506 7496.45 -306.618
7446.08 -306.618 7511.09 -298.808
7460.43 -287.092 7528.36 -285.79
7476.24 -309.222 7542.71 -309.222
7491.76 -275.376 7557.35 -304.015
7507.87 -261.057 7573.46 -306.618
7522.22 -279.281 7589.27 -318.334
7538.03 -284.488 7604.78 -294.902
7554.13 -275.376 7619.42 -301.411
7568.77 -293.601 7634.93 -301.411
7584.29 -301.411 7651.62 -305.316
7600.39 -293.601 7665.96 -284.488
7615.32 -270.169 7682.06 -313.127
7631.13 -284.488 7696.7 -318.334
7646.06 -311.825 7712.5 -309.222
7661.28 -289.695 7727.14 -313.127
7677.38 -313.127 7743.82 -335.257
7692.01 -293.601 7758.74 -322.239
7707.23 -289.695 7773.67 -340.464
7723.63 -281.885 7789.77 -326.144
7738.85 -287.092 7806.44 -284.488
7754.06 -288.394 7821.08 -290.997
7769.57 -277.98 7835.71 -272.773
7785.08 -294.902 7850.63 -292.299
7800.3 -285.79 7867.01 -307.92
7814.64 -306.618 7882.81 -320.937
7830.15 -289.695 7897.73 -343.067
7846.53 -298.808 7913.53 -307.92
7862.04 -279.281 7929.04 -305.316
7876.96 -287.092 7944.83 -313.127
7893.05 -276.678 7960.04 -288.394
7907.68 -244.134 7974.08 -280.583
7923.19 -279.281 7990.76 -313.127
7939.86 -289.695 8005.97 -306.618
7954.19 -311.825 8022.05 -294.902
7969.4 -296.204 8037.26 -310.523
7984.61 -302.713 8051.59 -332.653
7999.83 -277.98 8067.09 -277.98
8015.03 -259.755 8082.3 -302.713
8031.12 -300.109 8099.26 -285.79
8046.62 -275.376 8113.88 -284.488
8062.12 -289.695 8129.38 -320.937
8078.21 -297.506 8144.88 -301.411
8093.7 -270.169 8160.08 -275.376
8108.91 -297.506 8174.99 -276.678
8123.53 -307.92 8190.49 -272.773
8138.45 -255.85 8206.28 -323.541
8154.23 -251.944 8222.36 -305.316
8169.73 -287.092 8237.85 -310.523
8184.35 -294.902 8252.47 -302.713
8200.72 -331.352 8267.96 -323.541
8216.8 -277.98 8284.04 -275.376
8232.88 -284.488 8299.24 -311.825
8246.91 -324.843 8315.02 -280.583
8261.82 -266.264 8329.34 -274.074
8277.9 -298.808 8345.71 -307.92
8293.1 -297.506 8360.62 -297.506
8308.89 -276.678 8376.69 -315.73
8324.67 -274.074 8391.89 -328.748
8339.28 -290.997 8407.67 -306.618
8354.77 -319.636 8422.58 -317.032
8370.26 -298.808 8437.19 -315.73
8385.46 -296.204 8453.84 -289.695
8400.37 -280.583 8468.75 -313.127
8417.02 -301.411 8483.94 -284.488
8433.1 -253.246 8499.72 -293.601
8447.71 -294.902 8515.5 -326.144
8462.32 -277.98 8530.11 -361.292
8477.81 -300.109 8547.05 -304.015
8493.58 -333.955 8561.66 -310.523
8509.66 -305.316 8576.85 -292.299
8523.97 -296.204 8592.63 -305.316
8539.75 -274.074 8608.4 -296.204
8555.23 -276.678 8622.72 -294.902
8570.72 -277.98 8639.08 -287.092
8585.91 -270.169 8653.97 -354.783
8600.81 -309.222 8669.45 -293.601
8617.17 -289.695 8684.65 -324.843
8632.36 -272.773 8700.71 -302.713
8647.26 -298.808 8715.9 -302.713
8662.74 -280.583 8731.38 -257.151
8678.51 -289.695 8746.86 -258.453
8694.28 -274.074 8762.63 -320.937
8709.76 -267.565 8777.81 -306.618
8725.53 -268.867 8793.29 -349.576
8739.55 -307.92 8809.06 -327.446
8755.32 -288.394 8824.25 -283.187
8770.8 -302.713 8838.85 -288.394
8787.16 -314.429 8854.32 -284.488
8800.3 -288.394 8870.39 -258.453
8817.24 -307.92 8886.44 -271.471
8833.59 -294.902 8901.04 -272.773
8847.9 -268.867 8917.1 -285.79
8863.08 -248.039 8931.99 -317.032
8878.27 -270.169 8947.76 -340.464
8893.74 -281.885 8963.53 -349.576
8909.51 -275.376 8978.12 -311.825
8925.57 -293.601 8993.6 -263.66
8940.75 -259.755 9009.07 -271.471
8955.35 -270.169 9026 -259.755
8971.7 -296.204 9040.6 -306.618
8986.59 -292.299 9054.9 -317.032
9001.48 -266.264 9070.67 -326.144
9017.53 -267.565 9086.43 -326.144
9033.01 -271.471 9102.19 -311.825
9048.48 -292.299 9117.37 -322.239
9063.66 -292.299 9132.84 -257.151
9079.42 -341.766 9148.02 -255.85
9094.6 -293.601 9163.49 -292.299
9109.78 -266.264 9179.54 -297.506
9125.25 -315.73 9194.72 -318.334
9141.6 -289.695 9209.89 -311.825
9156.48 -283.187 9225.65 -310.523
9170.49 -285.79 9240.83 -322.239
9186.84 -305.316 9256.01 -302.713
9202.01 -315.73 9272.35 -276.678
9218.07 -266.264 9286.36 -294.902
9232.66 -290.997 9302.7 -272.773
9248.42 -287.092 9318.46 -262.358
9263.3 -294.902 9332.17 -396.439
9279.35 -287.092 9348.51 -415.966
9295.11 -274.074 9364.27 -396.439
9309.7 -288.394 9379.74 -352.18
9325.17 -323.541 9395.79 -341.766
9340.93 -290.997 9410.96 -365.197
9356.98 -268.867 9425.84 -345.671
9372.44 -268.867 9441.6 -353.481
9386.45 -272.773 9456.19 -375.611
9402.5 -280.583 9473.4 -384.723
9417.96 -272.773 9487.41 -363.895
9433.14 -288.394 9503.16 -357.387
9448.6 -249.341 9518.92 -396.439
9463.77 -281.885 9534.38 -366.499
9479.53 -290.997 9549.84 -352.18
9494.7 -324.843 9564.43 -374.309
9510.16 -310.523 9580.77 -331.352
9526.21 -297.506 9596.52 -369.102
9540.22 -311.825 9611.98 -366.499
9556.55 -274.074 9627.44 -324.843
9572.02 -279.281 9642.03 -336.559
9587.19 -290.997 9657.49 -354.783
9603.52 -293.601 9672.95 -353.481
9617.82 -279.281 9689 -343.067
9633.86 -288.394 9703.88 -350.878
9649.03 -283.187 9719.34 -384.723
9664.5 -283.187 9735.09 -363.895
9679.66 -297.506 9750.55 -345.671
9695.13 -267.565 9766.3 -362.594
9711.46 -287.092 9781.18 -333.955
9726.34 -287.092 9796.93 -337.86
9741.8 -289.695 9811.81 -328.748
9757.26 -301.411 9827.85 -336.559
9772.43 -302.713 9843.31 -373.008
9787.89 -304.015 9857.89 -374.309
9803.35 -267.565 9873.06 -409.457
9819.1 -288.394 9889.98 -363.895
9833.98 -285.79 9904.56 -356.085
9849.14 -294.902 9920.61 -343.067
9864.9 -304.015 9935.48 -326.144
9879.77 -319.636 9951.52 -336.559
9895.52 -287.092 9966.69 -352.18
9910.98 -253.246 9982.15 -348.274
9926.15 -306.618 9997.02 -363.895
9942.48 -288.394 10012.8 -370.404
9957.06 -287.092 10027.4 -349.576
9972.52 -292.299 10044.3 -350.878
9987.69 -283.187 10059.7 -343.067
10003.4 -298.808 10075.2 -319.636
10019.2 -314.429 10089.5 -335.257
10034.6 -281.885 10105.2 -317.032
10049.8 -292.299 10121 -388.629
10064.4 -263.66 10136.1 -357.387
10080.4 -285.79 10151 -378.215
10096.2 -293.601 10166.5 -359.99
10111.6 -301.411 10183.4 -345.671
10126.5 -268.867 10198.8 -344.369
10142.6 -293.601 10212.8 -275.376
10158 -302.713 10228.9 -331.352
10172.6 -289.695 10244.3 -353.481
10188.1 -274.074 10259.5 -335.257
10202.9 -268.867 10275 -366.499
10219.5 -267.565 10290.4 -352.18
10233.5 -258.453 10306.2 -306.618
10249.6 -306.618 10321.9 -285.79
10265.9 -287.092 10337.7 -307.92
10281.1 -274.074 10352.5 -304.015
10296 -283.187 10368 -326.144
10312.3 -266.264 10383.5 -332.653
10327.2 -320.937 10398.9 -391.232
10342.3 -294.902 10413.8 -369.102
10357.2 -283.187 10429.5 -328.748
10373.5 -294.902 10445 -331.352
10387.8 -276.678 10460.7 -322.239
10404.2 -294.902 10476.8 -294.902
10419.6 -313.127 10491.4 -301.411
10435.1 -284.488 10506.5 -330.05
10449.9 -272.773 10522.9 -348.274
10465.7 -283.187 10537.2 -348.274
10480.6 -267.565 10553.8 -333.955
10496.6 -302.713 10568.6 -331.352
10512.1 -264.962 10584.4 -292.299
10527.2 -304.015 10599.3 -333.955
10542.7 -259.755 10615.3 -331.352
10557.6 -309.222 10629.3 -302.713
10573 -298.808 10645.9 -349.576
10588.2 -284.488 10661.1 -314.429
10603.9 -311.825 10677.1 -331.352
10619.7 -310.523 10692.6 -337.86
10635.4 -264.962 10707.8 -336.559
10650.6 -274.074 10722.4 -331.352
10666.1 -283.187 10738.1 -348.274
10681.2 -314.429 10753.9 -310.523
10696.1 -283.187 10769.6 -309.222
10712.1 -268.867 10784.2 -330.05
10727.6 -271.471 10800.2 -326.144
10743.4 -330.05 10816.3 -317.032
10757.4 -267.565 10831.7 -294.902
10773.7 -283.187 10847.2 -318.334
10789.4 -315.73 10862.9 -327.446
10804.3 -270.169 10877.8 -315.73
10820.1 -271.471 10892.7 -339.162
10835.8 -267.565 10907.9 -349.576
10850.4 -323.541 10923.9 -326.144
10866.1 -277.98 10939.7 -345.671
10881.3 -313.127 10955.1 -323.541
10896.5 -254.548 10970.6 -322.239
10912.5 -262.358 10985.8 -302.713
10928 -279.281 11000.9 -300.109
10943.7 -268.867 11016.4 -335.257
10958.3 -294.902 11031.3 -288.394
10973.2 -272.773 11047.3 -328.748
10989.3 -271.471 11062.5 -349.576
11004.7 -293.601 11077.9 -318.334
11019.6 -276.678 11093.4 -296.204
11034.8 -287.092 11109.7 -293.601
11051.1 -290.997 11124.6 -327.446
11066 -287.092 11140.1 -310.523
11080.9 -293.601 11155.2 -341.766
11097.8 -294.902 11171 -302.713
11112.3 -337.86 11186.8 -350.878
11127.8 -279.281 11202.2 -345.671
11143.3 -268.867 11216.8 -315.73
11158.5 -264.962 11232.5 -336.559
11174.8 -292.299 11247.4 -285.79
11189.7 -271.471 11263.8 -267.565
11206 -293.601 11279.5 -313.127
11219.7 -277.98 11293.8 -319.636
11235.8 -317.032 11310.2 -331.352
11251.5 -267.565 11324.8 -327.446
11266.4 -287.092 11341.1 -292.299
11281.9 -268.867 11356.6 -313.127
11296.7 -259.755 11371.1 -307.92
11312.5 -279.281 11386.6 -302.713
11327.4 -297.506 11402.1 -296.204
11344 -285.79 11418.4 -317.032
11359.5 -276.678 11433.3 -293.601
11373.8 -309.222 11448.8 -292.299
11388.9 -340.464 11464 -310.523
11405 -292.299 11480 -310.523
11420.2 -293.601 11496.3 -318.334
11436.8 -296.204 11511.2 -319.636
11450.5 -300.109 11526.4 -318.334
11467.1 -266.264 11541.9 -310.523
11482.3 -279.281 11557.3 -323.541
11497.2 -285.79 11572.2 -314.429
11513.3 -283.187 11587.7 -317.032
11528.1 -314.429 11602.9 -344.369
11543.9 -275.376 11618.6 -307.92
11559.4 -268.867 11634.1 -302.713
11573.7 -257.151 11649 -341.766
11589.1 -250.643 11664.2 -294.902
11605.5 -267.565 11680.8 -333.955
11620.7 -276.678 11696.9 -346.973
11636.7 -275.376 11712 -333.955
11651.9 -246.737 11726.6 -290.997
11666.8 -296.204 11742.1 -315.73
11681.7 -248.039 11757.9 -337.86
11698 -311.825 11773.6 -326.144
11714.4 -236.323 11788.8 -297.506
11728.7 -233.72 11804 -304.015
11744.1 -242.832 11818.9 -284.488
11758.5 -211.59 11835.2 -322.239
11774.5 -287.092 11850.7 -341.766
11790.6 -264.962 11865.9 -294.902
11805.7 -262.358 11881.4 -318.334
11820.6 -246.737 11897.4 -343.067
11836.7 -218.099 11911.7 -283.187
11851.9 -224.608 11926.9 -328.748
11867.4 -229.815 11942.4 -302.713
11882.8 -219.401 11958.2 -297.506
11897.7 -222.004 11974.2 -274.074
11913.2 -227.211 11990 -280.583
11928.7 -238.927 12004.9 -293.601
11944.7 -242.832 12020.4 -288.394
11960.5 -207.685 12036.1 -300.109
11974.5 -198.572 12051.6 -307.92
11990.3 -203.779 12066.5 -296.204
12006 -231.116 12082.9 -297.506
12021.5 -194.667 12098.3 -266.264
12037 -192.064 12112.9 -271.471
12052.8 -215.495 12128.7 -274.074
12067.4 -215.495 12143.6 -271.471
12082.3 -188.158 12159.1 -272.773
12097.8 -166.029 12174.9 -275.376
12114.4 -128.278 12190 -331.352
12129 -125.674 12205.2 -301.411
12144.5 -113.958 12221.3 -315.73
12159.4 -120.467 12237.4 -283.187
12174.3 -158.218 12252 -281.885
12190 -134.786 12267.5 -262.358
12206.4 -111.355 12283.2 -261.057
12221.3 -111.355 12298.1 -276.678
12236.2 -102.243 12314.2 -263.66
12252.9 -84.0179 12329.4 -272.773
12267.2 -110.053 12344.3 -310.523
12283.2 -76.2074 12360.7 -274.074
12298.7 -56.6811 12376.1 -250.643
12313.9 -117.864 12391 -262.358
12329.1 -87.9232 12406.8 -255.85
12344 -86.6215 12422.6 -220.702
12360.7 -69.6986 12437.2 -267.565
12375.9 -26.7407 12452.4 -229.815
12391.3 -31.9477 12467.9 -231.116
12406.2 -4.61084 12484 -270.169
12421.4 16.2173 12499.2 -215.495
12437.8 -13.7231 12514.6 -195.969
12453 -2.00733 12530.4 -195.969
12467.6 -44.9653 12545.9 -208.986
12483.1 -17.6284 12561.4 -244.134
12498.6 43.5541 12576.3 -184.253
12514.4 74.7963 12591.8 -190.762
12529.9 56.5717 12607 -197.271
12544.2 78.7015 12623.4 -181.65
12560.3 38.3471 12638.9 -176.443
12575.7 13.6137 12654.1 -146.502
12591.2 33.1401 12669.6 -142.597
12607 34.4418 12684.8 -102.243
12622.2 76.098 12699.7 -95.7337
12637.7 65.684 12715.8 -110.053
12652.6 124.263 12731.5 -103.544
12667.8 122.961 12746.8 -141.295
12683.9 202.368 12762 -121.769
12699.1 175.031 12777.2 -147.804
12714.3 180.238 12792.9 -59.2846
12728.6 134.677 12808.4 -51.474
12744.1 106.038 12823.9 25.3295
12760.5 124.263 12839.1 29.2348
12775.4 130.772 12855.5 -3.30908
12791.5 176.333 12870.4 -15.0249
12806.1 198.463 12885.9 -39.7582
12821.9 264.853 12900.8 -30.646
12838.3 277.87 12917.5 -35.853
12852.6 238.817 12931.8 -2.00733
12868.1 241.421 12948.5 46.1576
12882.7 215.386 12962.5 93.0208
12898.2 245.326 12979.5 120.358
12914.6 285.681 12993.6 120.358
12929.8 339.053 13009.9 124.263
12944.7 367.691 13025.1 76.098
12960.2 392.425 13040.3 72.1928
12976.3 387.218 13055.9 111.245
12992.4 350.768 13071.4 130.772
13006.4 362.484 13087.4 185.445
13022.8 359.881 13102.1 215.386
13037.4 385.916 13117.6 237.516
13052.3 417.158 13134.2 242.723
13068.4 464.021 13148.9 249.232
13083.3 527.807 13164.1 206.274
13098.3 521.298 13179 223.196
13114.6 568.162 13195.1 245.326
13130.1 504.376 13210.9 244.025
13145.4 519.997 13226.1 331.242
13160.9 527.807 13241.3 387.218
13176.4 548.635 13257.4 392.425
13191.3 555.144 13272.6 406.744
13208 630.646 13289 384.614
13222.3 700.941 13303.4 357.277
13237.2 687.923 13318.9 339.053
13253 707.45 13334.7 322.13
13268.2 656.681 13349.9 389.821
13284 669.699 13365.4 423.667
13299 655.379 13381.2 518.695
13315.4 681.414 13397 543.428
13330.3 723.071 13411.6 547.334
13345.8 771.236 13427.7 470.53
13361.3 833.72 13442.9 483.548
13375.6 827.211 13458.2 496.565
13391.7 837.625 13473.7 501.772
13407.5 818.099 13490.1 582.481
13422.7 808.987 13504.7 582.481
13438.5 814.194 13520.2 651.474
13453.5 814.194 13535.7 717.864
13469 846.737 13550.9 699.639
13484.5 820.702 13567 697.036
13499.4 939.162 13582.3 689.225
13515.5 999.043 13597.2 697.036
13530.2 970.404 13613.9 726.976
13546.3 993.836 13629.7 807.685
13561.2 978.215 13645.5 859.755
13576.1 1019.87 13661.3 909.222
13592.2 1000.34 13676.8 918.334
13606.9 1039.4 13692.6 910.523
13622.6 1090.17 13699.4 945.671
13638.8 1124.01 13684.7 963.895
13653.1 1019.87 13668 979.517
