6016.26 -327.446 6030.07 -332.653
6004.81 -310.523 6046.23 -328.748
5999.81 -298.808 6061.51 -306.618
6010.68 -298.808 6075.9 -359.99
6025.08 -302.713 6092.65 -344.369
6041.24 -297.506 6108.21 -319.636
6056.8 -318.334 6121.72 -339.162
6072.67 -323.541 6138.76 -326.144
6088.24 -328.748 6153.15 -378.215
6103.81 -331.352 6169.02 -358.688
6119.08 -281.885 6184.88 -307.92
6134.36 -301.411 6200.73 -361.292
6149.92 -296.204 6215.13 -323.541
6166.08 -300.109 6231.86 -356.085
6181.06 -315.73 6246.55 -348.274
6195.74 -341.766 6262.11 -324.843
6211.6 -340.464 6277.09 -330.05
6227.46 -332.653 6292.65 -350.878
6243.03 -330.05 6308.22 -336.559
6258.59 -277.98 6323.78 -297.506
6272.39 -297.506 6339.05 -335.257
6288.54 -314.429 6354.31 -315.73
6304.4 -306.618 6370.46 -365.197
6320.26 -294.902 6384.55 -343.067
6335.23 -319.636 6402.17 -388.629
6349.91 -318.334 6416.26 -359.99
6366.94 -310.523 6431.82 -314.429
6381.91 -335.257 6446.5 -356.085
6397.18 -298.808 6462.35 -359.99
6412.74 -315.73 6478.49 -339.162
6428 -297.506 6492.58 -345.671
6442.98 -356.085 6509.31 -340.464
6458.24 -313.127 6523.99 -335.257
6474.68 -336.559 6540.13 -370.404
6489.06 -320.937 6554.22 -319.636
6504.32 -288.394 6570.65 -361.292
6520.76 -300.109 6585.62 -349.576
6535.73 -288.394 6600.88 -350.878
6551.28 -298.808 6617.31 -357.387
6566.84 -322.239 6632.28 -362.594
6582.39 -306.618 6647.24 -319.636
6597.65 -313.127 6662.8 -370.404
6612.91 -327.446 6678.93 -356.085
6629.05 -307.92 6693.9 -363.895
6643.43 -318.334 6708.57 -331.352
6659.57 -326.144 6724.41 -327.446
6675.12 -310.523 6740.54 -328.748
6689.79 -306.618 6756.09 -357.387
6705.34 -322.239 6772.22 -311.825
6721.47 -326.144 6786.6 -315.73
6736.44 -331.352 6801.85 -335.257
6751.1 -328.748 6817.4 -363.895
6766.94 -314.429 6832.36 -348.274
6783.08 -310.523 6847.9 -352.18
6798.63 -317.032 6863.44 -337.86
6813 -311.825 6878.69 -352.18
6828.54 -341.766 6895.12 -353.481
6845.26 -332.653 6909.78 -346.973
6859.92 -340.464 6925.32 -361.292
6875.76 -309.222 6940.28 -386.025
6890.13 -301.411 6956.11 -330.05
6906.26 -304.015 6971.65 -352.18
6921.51 -309.222 6986.9 -344.369
6937.34 -314.429 7003.02 -344.369
6953.18 -289.695 7018.56 -336.559
6967.25 -287.092 7033.51 -378.215
6983.38 -287.092 7048.46 -370.404
6998.33 -333.955 7064.88 -346.973
7014.75 -341.766 7079.83 -343.067
7029.11 -324.843 7096.24 -348.274
7044.36 -305.316 7111.19 -333.955
7060.19 -330.05 7126.14 -356.085
7075.72 -320.937 7141.38 -352.18
7091.26 -353.481 7157.5 -320.937
7106.21 -310.523 7173.03 -370.404
7122.62 -344.369 7186.81 -337.86
7137.57 -341.766 7203.51 -345.671
7152.22 -326.144 7218.75 -352.18
7168.05 -294.902 7233.69 -309.222
7184.17 -317.032 7248.93 -378.215
7198.24 -326.144 7265.34 -331.352
7214.06 -306.618 7279.99 -346.973
7229.59 -314.429 7295.52 -349.576
7245.12 -328.748 7311.63 -352.18
7260.36 -310.523 7326.86 -365.197
7275.88 -313.127 7342.68 -357.387
7291.12 -277.98 7357.62 -322.239
7306.94 -305.316 7373.44 -335.257
7322.76 -319.636 7388.67 -302.713
7338.87 -305.316 7403.9 -324.843
7352.93 -311.825 7419.72 -333.955
7368.46 -341.766 7434.07 -365.197
7383.1 -304.015 7451.35 -352.18
7398.92 -317.032 7465.7 -328.748
7414.74 -322.239 7481.22 -326.144
7430.55 -323.541 7496.15 -337.86
7445.49 -319.636 7511.67 -292.299
7461.01 -306.618 7528.36 -322.239
7476.53 -296.204 7542.42 -362.594
7492.05 -296.204 7558.52 -323.541
7507.57 -323.541 7574.33 -392.534
7521.92 -307.92 7590.14 -320.937
7538.32 -323.541 7604.49 -383.422
7553.25 -281.885 7620.59 -341.766
7569.06 -300.109 7635.52 -328.748
7584.29 -339.162 7650.74 -313.127
7598.93 -341.766 7665.96 -327.446
7615.03 -323.541 7682.06 -353.481
7630.84 -317.032 7696.7 -330.05
7646.35 -311.825 7712.8 -345.671
7660.7 -331.352 7728.31 -365.197
7677.09 -304.015 7743.53 -366.499
7692.31 -307.92 7758.74 -330.05
7707.82 -327.446 7773.67 -392.534
7722.75 -307.92 7789.77 -296.204
7738.26 -324.843 7805.27 -328.748
7754.06 -309.222 7819.91 -336.559
7768.7 -352.18 7836.29 -337.86
7785.08 -353.481 7851.51 -297.506
7799.71 -314.429 7867.01 -326.144
7815.81 -298.808 7882.52 -349.576
7831.02 -322.239 7897.44 -332.653
7846.82 -314.429 7913.24 -324.843
7861.75 -302.713 7928.16 -330.05
7877.55 -331.352 7945.13 -322.239
7891.88 -331.352 7959.46 -344.369
7907.68 -318.334 7974.96 -366.499
7923.19 -305.316 7989.88 -356.085
7938.98 -289.695 8005.97 -367.801
7954.49 -285.79 8022.64 -365.197
7969.11 -285.79 8036.68 -341.766
7984.32 -298.808 8051.89 -344.369
7999.83 -306.618 8067.09 -324.843
8015.33 -298.808 8082.3 -322.239
8032.29 -318.334 8098.38 -322.239
8046.91 -285.79 8113.59 -315.73
8062.41 -343.067 8129.09 -340.464
8077.91 -289.695 8144.29 -359.99
8094 -326.144 8160.37 -343.067
8107.45 -327.446 8175.58 -323.541
8124.12 -311.825 8191.37 -340.464
8138.74 -326.144 8206.86 -331.352
8155.11 -349.576 8222.36 -370.404
8169.73 -327.446 8237.85 -345.671
8184.93 -285.79 8253.64 -333.955
8201.31 -319.636 8267.96 -366.499
8216.8 -319.636 8284.04 -337.86
8231.13 -323.541 8298.95 -339.162
8246.33 -326.144 8315.32 -370.404
8262.7 -300.109 8329.93 -330.05
8278.49 -332.653 8345.71 -336.559
8293.68 -345.671 8361.2 -311.825
8309.18 -324.843 8376.69 -357.387
8323.79 -309.222 8391.6 -380.818
8338.7 -288.394 8407.09 -361.292
8355.07 -300.109 8422.58 -340.464
8370.56 -330.05 8437.77 -324.843
8385.46 -331.352 8453.84 -374.309
8400.95 -298.808 8469.04 -331.352
8416.44 -307.92 8483.65 -322.239
8433.1 -296.204 8500.01 -311.825
8447.12 -307.92 8514.62 -333.955
8462.32 -322.239 8530.98 -343.067
8477.81 -293.601 8545.88 -361.292
8493.58 -304.015 8561.37 -341.766
8509.07 -332.653 8577.14 -352.18
8524.26 -302.713 8592.92 -340.464
8539.75 -255.85 8607.53 -311.825
8555.23 -294.902 8623.3 -315.73
8570.13 -302.713 8638.49 -323.541
8585.91 -297.506 8653.97 -380.818
8600.52 -320.937 8669.75 -361.292
8616.29 -326.144 8685.23 -345.671
8632.36 -354.783 8699.83 -349.576
8648.13 -311.825 8716.77 -317.032
8663.32 -309.222 8731.67 -370.404
8679.39 -255.85 8747.15 -339.162
8693.7 -307.92 8761.75 -373.008
8709.18 -317.032 8777.52 -366.499
8724.66 -331.352 8792.71 -375.611
8740.14 -315.73 8807.89 -362.594
8755.62 -339.162 8824.25 -337.86
8771.39 -374.309 8839.14 -363.895
8786.57 -328.748 8854.03 -333.955
8801.47 -284.488 8870.39 -341.766
8817.53 -296.204 8886.15 -327.446
8832.72 -292.299 8900.46 -348.274
8847.32 -317.032 8917.98 -352.18
8863.08 -311.825 8932.58 -359.99
8877.98 -276.678 8946.88 -366.499
8894.62 -346.973 8963.23 -354.783
8909.51 -324.843 8978.12 -345.671
8925.57 -328.748 8993.89 -333.955
8940.46 -318.334 9009.65 -326.144
8955.93 -319.636 9025.13 -324.843
8970.82 -275.376 9040.01 -344.369
8986.01 -304.015 9055.78 -343.067
9002.94 -310.523 9070.96 -356.085
9016.66 -313.127 9086.72 -337.86
9033.01 -315.73 9101.9 -370.404
9048.19 -345.671 9117.66 -362.594
9064.24 -358.688 9132.55 -328.748
9078.84 -301.411 9148.6 -309.222
9094.31 -326.144 9163.49 -330.05
9110.36 -293.601 9179.25 -358.688
9125.83 -290.997 9194.43 -337.86
9141.3 -298.808 9210.48 -335.257
9156.19 -292.299 9225.36 -356.085
9171.66 -324.843 9241.71 -366.499
9186.84 -309.222 9256.59 -324.843
9202.3 -340.464 9272.35 -323.541
9218.36 -294.902 9286.07 -318.334
9232.37 -314.429 9302.7 -350.878
9248.13 -294.902 9318.17 -369.102
9263.59 -275.376 9333.63 -330.05
9280.23 -315.73 9348.22 -331.352
9294.53 -300.109 9363.98 -365.197
9310 -326.144 9379.74 -320.937
9325.17 -311.825 9395.79 -358.688
9340.34 -322.239 9411.54 -393.836
9357.56 -310.523 9426.42 -396.439
9371.28 -314.429 9441.01 -365.197
9386.74 -311.825 9457.06 -379.516
9402.21 -326.144 9472.53 -419.871
9417.67 -307.92 9488.28 -443.303
9434.59 -306.618 9502.87 -388.629
9449.48 -336.559 9518.33 -389.931
9463.48 -326.144 9534.38 -396.439
9480.11 -344.369 9550.13 -382.12
9494.7 -322.239 9564.72 -374.309
9510.16 -328.748 9580.48 -371.706
9525.92 -313.127 9596.81 -384.723
9541.38 -290.997 9611.98 -413.362
9555.97 -302.713 9626.57 -400.345
9570.85 -317.032 9642.62 -380.818
9587.19 -306.618 9657.2 -378.215
9603.23 -332.653 9673.54 -408.155
9618.11 -306.618 9689 -358.688
9633.28 -333.955 9703.59 -369.102
9649.03 -320.937 9719.34 -369.102
9665.08 -257.151 9734.8 -395.138
9679.96 -307.92 9751.13 -370.404
9694.83 -326.144 9765.14 -413.362
9710.29 -310.523 9780.59 -389.931
9726.34 -313.127 9796.64 -378.215
9741.51 -315.73 9812.39 -378.215
9756.09 -322.239 9827.85 -359.99
9772.43 -337.86 9842.14 -404.25
9788.18 -304.015 9858.19 -370.404
9803.06 -301.411 9874.23 -383.422
9818.52 -293.601 9889.11 -383.422
9833.39 -307.92 9904.27 -361.292
9848.85 -314.429 9920.31 -383.422
9865.48 -307.92 9935.19 -384.723
9880.06 -296.204 9950.36 -367.801
9895.52 -297.506 9966.98 -375.611
9911.27 -310.523 9981.86 -361.292
9926.73 -310.523 9996.44 -365.197
9941.31 -306.618 10012.2 -410.759
9957.36 -322.239 10028.5 -396.439
9972.82 -327.446 10044 -358.688
9987.69 -313.127 10059.1 -348.274
10003.4 -320.937 10073.1 -389.931
10019.8 -333.955 10089.2 -356.085
10034.4 -335.257 10105.5 -384.723
10048.6 -310.523 10121.6 -392.534
10064.7 -326.144 10135.9 -365.197
10080.4 -319.636 10151.6 -371.706
10095.3 -340.464 10167.1 -365.197
10111.6 -296.204 10182.5 -366.499
10126.5 -315.73 10198.3 -384.723
10142.6 -302.713 10213.4 -340.464
10158 -322.239 10228.6 -357.387
10172 -304.015 10245.2 -357.387
10187.8 -326.144 10260.1 -349.576
10203.2 -296.204 10275.8 -382.12
10219.5 -309.222 10290.4 -343.067
10233.8 -296.204 10306.5 -379.516
10249 -280.583 10322.2 -1254.3
10265.6 -326.144 10338.3 -1207.43
10280.2 -319.636 10352.5 -1267.31
10296.5 -349.576 10367.4 -1251.69
10311.4 -296.204 10383.2 -1232.17
10326 -326.144 10398.3 -1207.43
10342.6 -331.352 10414.4 -1174.89
10357.5 -279.281 10429.5 -1170.98
10373 -302.713 10445.3 -1098.09
10388.7 -331.352 10460.4 -1088.97
10404.2 -309.222 10475.6 -1082.46
10419.6 -359.99 10491.7 -1059.03
10434.5 -336.559 10506.5 -1083.77
10450.5 -314.429 10522 -1078.56
10465.1 -301.411 10538 -1075.96
10480 -293.601 10552.9 -1061.64
10496 -318.334 10568.4 -995.247
10512.1 -326.144 10584.7 -966.608
10526.1 -354.783 10600.1 -936.668
10542.7 -310.523 10614.7 -919.745
10558.5 -326.144 10630.2 -940.573
10573.9 -330.05 10645.4 -943.177
10588.8 -310.523 10660.8 -919.745
10603.9 -309.222 10676.6 -936.668
10619.4 -323.541 10691.7 -915.84
10635.1 -332.653 10707.8 -909.331
10650 -304.015 10722.9 -870.278
10666.4 -348.274 10739 -818.208
10680.9 -328.748 10755 -840.338
10696.7 -314.429 10769.9 -810.398
10711.6 -311.825 10785.1 -841.64
10727.3 -314.429 10800.8 -861.166
10742.2 -307.92 10815.1 -813.001
10758.2 -305.316 10831.1 -797.38
10773.7 -294.902 10846.6 -810.398
10788.3 -330.05 10862.4 -781.759
10804.6 -327.446 10877 -749.215
10819.8 -327.446 10893.6 -779.155
10835.5 -304.015 10908.2 -727.085
10851 -315.73 10924.2 -746.612
10865.9 -327.446 10939.4 -727.085
10881.3 -330.05 10955.1 -711.464
10897.1 -335.257 10970.3 -715.369
10912.2 -305.316 10984.9 -689.334
10927.7 -332.653 11000.9 -724.482
10943.5 -323.541 11016.7 -667.205
10959.2 -358.688 11032.4 -685.429
10973.8 -290.997 11047.6 -677.619
10989 -319.636 11063.1 -645.075
11004.7 -323.541 11078.5 -689.334
11020.5 -304.015 11093.1 -654.187
11035.6 -320.937 11109.1 -643.773
11050.8 -344.369 11124.6 -608.626
11066.5 -290.997 11140.4 -598.211
11081.4 -302.713 11154.9 -582.59
11097.2 -314.429 11170.4 -582.59
11112.3 -335.257 11186.2 -599.513
11128.1 -341.766 11201.9 -635.962
11143.3 -314.429 11217.4 -594.306
11158.5 -345.671 11232.3 -581.289
11173.6 -301.411 11247.7 -607.324
11189.7 -309.222 11263.5 -548.745
11206 -336.559 11278.9 -539.632
11220.6 -330.05 11294.4 -524.011
11234.9 -304.015 11309.9 -526.615
11251.5 -311.825 11325.3 -520.106
11266.7 -324.843 11340.8 -527.917
11281.9 -318.334 11355.7 -544.839
11297.3 -313.127 11371.4 -529.218
11313.4 -343.067 11386.9 -510.994
11328.5 -335.257 11402.4 -494.071
11344 -298.808 11418.4 -490.166
11359.2 -332.653 11433.3 -509.692
11373.8 -331.352 11447.9 -477.148
11389.2 -307.92 11464 -488.864
11405 -313.127 11479.4 -469.338
11419.9 -314.429 11495.5 -494.071
11435.9 -285.79 11510.6 -464.131
11450.2 -335.257 11525.8 -478.45
11466.6 -318.334 11541.9 -425.078
11482 -297.506 11557 -465.432
11498.1 -348.274 11572.8 -426.38
11513.3 -327.446 11587.4 -453.717
11527.6 -323.541 11603.7 -413.362
11543 -331.352 11618.9 -473.243
11559.4 -330.05 11633.8 -413.362
11574.6 -293.601 11650.4 -396.439
11590.6 -318.334 11665 -402.948
11605.2 -333.955 11680.8 -427.681
11620.4 -306.618 11696 -409.457
11636.1 -335.257 11710.9 -419.871
11651.9 -290.997 11727.2 -436.794
11667.1 -318.334 11741.8 -399.043
11682.8 -298.808 11757.6 -400.345
11697.4 -274.074 11773 -391.232
11713.8 -263.66 11788.2 -375.611
11728.4 -285.79 11804.9 -349.576
11743 -297.506 11818.6 -375.611
11758.7 -297.506 11835.2 -389.931
11774.8 -274.074 11850.1 -380.818
11790 -323.541 11865.3 -369.102
11806.3 -305.316 11880.5 -387.327
11821.2 -272.773 11897.1 -356.085
11836.7 -248.039 11912.6 -339.162
11851.9 -240.229 11927.5 -343.067
11867.6 -253.246 11942.1 -290.997
11882.2 -251.944 11958.4 -326.144
11898.3 -271.471 11974.5 -320.937
11913.8 -277.98 11989.4 -323.541
11929.3 -283.187 12005.8 -343.067
11944.7 -249.341 12019.5 -343.067
11959.6 -237.625 12035.8 -344.369
11975.1 -198.572 12050.7 -313.127
11990.3 -182.951 12066.8 -324.843
12005.8 -194.667 12083.1 -292.299
12021.2 -208.986 12097.8 -277.98
12036.1 -229.815 12112.9 -257.151
12052.2 -259.755 12128.4 -324.843
12068 -240.229 12143.6 -297.506
12082.9 -199.874 12159.7 -274.074
12098.6 -162.123 12175.4 -304.015
12113.2 -132.183 12189.8 -261.057
12129.6 -126.976 12205.5 -242.832
12144.8 -138.692 12221.6 -290.997
12160 -159.52 12236.2 -271.471
12175.4 -162.123 12252.6 -302.713
12190.6 -166.029 12266.6 -249.341
12206.1 -189.46 12282.9 -274.074
12221.6 -177.744 12298.4 -249.341
12236.8 -104.846 12313.9 -258.453
12252.6 -77.5092 12328.8 -248.039
12266.9 -41.06 12344.3 -228.513
12283.2 -95.7337 12360.1 -215.495
12299 -86.6215 12375.9 -263.66
12313.9 -116.562 12391 -211.59
12329.1 -145.2 12406.8 -235.022
12344 -133.485 12422.6 -235.022
12360.1 -115.26 12437.5 -229.815
12375.3 -72.3021 12453.3 -253.246
12391.3 -30.646 12468.2 -233.72
12405.4 -12.4214 12484.3 -245.436
12421.4 -52.7758 12498.9 -195.969
12436.9 -64.4916 12514.4 -229.815
12451.5 -67.0951 12530.7 -188.158
12467.9 -69.6986 12545.6 -193.365
12483.7 -50.1723 12561.1 -192.064
12499.2 34.4418 12576 -188.158
12513.8 25.3295 12592.1 -235.022
12528.4 35.7436 12607 -184.253
12544.5 66.9857 12623.1 -177.744
12560.3 78.7015 12638.9 -151.709
12575.7 70.891 12654.4 -156.916
12591.2 18.8208 12668.4 -116.562
12606.4 -8.5161 12685.1 -99.639
12621.6 56.5717 12700.5 -124.372
12637.7 64.3822 12716.6 -134.786
12652.9 120.358 12731.5 -143.899
12667.5 138.582 12746.2 -119.165
12683 176.333 12762 -111.355
12699.7 151.6 12777.2 -84.0179
12714.6 135.979 12793.5 -72.3021
12728.9 112.547 12807.9 -15.0249
12744.7 95.6243 12823.4 -72.3021
12760.8 121.659 12838.9 -85.3197
12775.4 135.979 12854.3 -76.2074
12790.9 190.653 12870.7 -106.148
12806.7 237.516 12886.5 -78.8109
12822.5 245.326 12901.7 -55.3793
12837.7 297.397 12916.9 -16.3266
12852.6 238.817 12932.1 30.5366
12868.1 242.723 12947.9 85.2103
12883.3 216.688 12963.1 90.4173
12899.1 237.516 12978 51.3647
12915.2 224.498 12994.1 47.4594
12930.4 309.112 13010.2 43.5541
12945.6 307.811 13024.8 31.8383
12961.4 336.449 13040.9 80.0033
12976 383.312 13055.9 106.038
12991.8 359.881 13071.1 171.126
13007 397.632 13086.6 208.877
13022.2 404.14 13102.1 227.102
13036.8 414.554 13117 231.007
13052.6 471.832 13134 212.782
13068.1 454.909 13148.3 193.256
13084.2 505.677 13164.4 199.765
13099.7 493.962 13179.6 232.309
13114.4 519.997 13194.5 294.793
13129.8 493.962 13210.6 297.397
13145.4 526.505 13226.4 350.768
13160.3 533.014 13241.6 363.786
13176.4 569.463 13256.5 316.923
13192.2 585.084 13271.8 336.449
13207.7 631.948 13287.8 297.397
13222.3 637.155 13302.8 319.526
13237.8 652.776 13318.3 358.579
13253.3 650.172 13334.1 432.779
13268.5 652.776 13350.2 496.565
13283.7 655.379 13365.7 523.902
13299.5 677.509 13381.2 496.565
13314.2 703.544 13396.7 479.642
13330.3 691.828 13411.6 456.211
13345.5 733.485 13426.6 458.814
13361.9 788.158 13442.9 473.134
13375.9 773.839 13458.4 530.411
13392 755.614 13473.1 548.635
13406.9 802.478 13489.8 654.078
13421.6 803.78 13505.3 665.793
13438.5 814.194 13521.1 689.225
13453.2 850.643 13535.7 672.302
13468.4 879.281 13550.6 648.871
13484.5 901.411 13567 647.569
13499.7 946.973 13583.1 663.19
13514.4 973.008 13597.8 728.278
13530.2 940.464 13613.9 766.029
13546.3 930.05 13628.5 795.969
13560.9 997.741 13644.6 811.59
13576.1 992.534 13661.3 866.264
13591.6 1060.23 13677.1 917.032
13607.4 1094.07 13692.3 909.222
13622.6 1108.39 13699.9 995.138
13638.8 1127.92 13684.1 976.913
13653.1 1070.64 13669.5 1009.46
