6015.09 -229.815 6030.95 -268.867
6005.1 -246.737 6045.64 -263.66
6000.99 -242.832 6061.8 -263.66
6010.98 -233.72 6076.19 -267.565
6026.25 -236.323 6092.35 -288.394
6041.24 -259.755 6107.33 -258.453
6055.92 -262.358 6123.78 -267.565
6072.38 -249.341 6138.17 -270.169
6087.36 -266.264 6153.45 -287.092
6102.63 -253.246 6169.6 -315.73
6119.08 -228.513 6184.88 -281.885
6134.06 -218.099 6200.44 -270.169
6149.92 -280.583 6215.71 -266.264
6165.49 -255.85 6230.98 -261.057
6181.35 -250.643 6246.84 -267.565
6196.03 -242.832 6262.99 -280.583
6211.01 -280.583 6277.09 -284.488
6226.58 -277.98 6292.36 -305.316
6242.44 -250.643 6308.22 -288.394
6257.71 -276.678 6323.19 -298.808
6272.98 -254.548 6339.05 -261.057
6289.13 -255.85 6354.31 -250.643
6305.28 -255.85 6370.46 -290.997
6319.37 -249.341 6385.44 -277.98
6335.82 -240.229 6400.12 -279.281
6351.38 -259.755 6416.26 -272.773
6366.06 -238.927 6431.82 -280.583
6382.21 -289.695 6446.5 -300.109
6396.3 -233.72 6462.94 -288.394
6412.44 -241.53 6477.91 -261.057
6427.71 -238.927 6493.76 -301.411
6442.98 -195.969 6508.43 -266.264
6458.24 -241.53 6523.99 -293.601
6474.68 -244.134 6540.43 -270.169
6488.77 -242.832 6554.51 -280.583
6505.5 -235.022 6570.65 -288.394
6519.88 -272.773 6585.91 -306.618
6535.44 -238.927 6601.76 -275.376
6550.7 -258.453 6617.02 -297.506
6566.84 -254.548 6631.99 -258.453
6582.98 -246.737 6648.12 -263.66
6598.53 -238.927 6663.09 -283.187
6613.2 -241.53 6678.64 -257.151
6627.88 -274.074 6694.19 -331.352
6643.72 -238.927 6709.44 -268.867
6659.86 -262.358 6724.7 -284.488
6674.53 -249.341 6741.42 -280.583
6689.49 -244.134 6755.21 -274.074
6705.92 -253.246 6771.64 -245.436
6720.89 -231.116 6786.89 -275.376
6736.14 -255.85 6801.85 -261.057
6751.98 -222.004 6816.22 -238.927
6767.24 -277.98 6832.06 -304.015
6783.08 -289.695 6849.07 -290.997
6798.33 -257.151 6862.86 -310.523
6812.12 -248.039 6879.57 -333.955
6830.01 -271.471 6894.82 -262.358
6844.38 -220.702 6909.49 -257.151
6859.92 -214.194 6925.32 -254.548
6875.47 -271.471 6940.57 -261.057
6890.42 -231.116 6956.11 -297.506
6905.09 -233.72 6971.36 -284.488
6920.63 -264.962 6986.9 -253.246
6937.34 -251.944 7002.44 -310.523
6952.3 -246.737 7018.56 -300.109
6968.13 -244.134 7033.51 -298.808
6983.38 -251.944 7049.05 -240.229
6998.33 -240.229 7064.59 -257.151
7014.16 -242.832 7079.83 -261.057
7029.11 -240.229 7095.36 -254.548
7044.36 -261.057 7110.9 -255.85
7060.48 -281.885 7126.73 -272.773
7075.72 -223.306 7141.09 -281.885
7091.85 -251.944 7157.5 -310.523
7107.09 -275.376 7172.45 -275.376
7122.04 -254.548 7188.56 -293.601
7137.86 -245.436 7202.63 -255.85
7153.4 -259.755 7218.45 -238.927
7168.34 -272.773 7234.86 -238.927
7183 -244.134 7249.81 -290.997
7199.41 -275.376 7265.34 -251.944
7214.35 -254.548 7280.57 -311.825
7229.3 -249.341 7296.1 -270.169
7245.12 -235.022 7311.04 -261.057
7260.65 -227.211 7326.57 -290.997
7275.88 -268.867 7341.8 -228.513
7290.83 -250.643 7357.91 -283.187
7306.94 -253.246 7373.44 -263.66
7322.17 -251.944 7388.67 -277.98
7337.41 -266.264 7403.02 -251.944
7352.93 -249.341 7419.72 -285.79
7369.05 -244.134 7434.95 -285.79
7383.98 -283.187 7450.76 -274.074
7398.92 -250.643 7465.7 -271.471
7414.74 -274.074 7481.22 -253.246
7430.26 -281.885 7496.74 -261.057
7445.2 -249.341 7511.67 -319.636
7460.72 -259.755 7527.19 -290.997
7476.24 -240.229 7543.01 -279.281
7491.18 -190.762 7557.65 -264.962
7507.87 -237.625 7573.46 -281.885
7523.68 -266.264 7589.56 -311.825
7538.03 -220.702 7604.78 -259.755
7553.84 -232.418 7618.54 -257.151
7569.36 -254.548 7635.81 -270.169
7584.87 -288.394 7650.45 -266.264
7599.22 -266.264 7666.55 -242.832
7615.03 -245.436 7682.36 -281.885
7631.13 -241.53 7696.7 -279.281
7645.77 -241.53 7712.8 -301.411
7660.99 -223.306 7728.02 -288.394
7676.21 -259.755 7744.41 -254.548
7692.31 -235.022 7759.04 -245.436
7707.23 -270.169 7773.09 -266.264
7722.16 -277.98 7789.47 -264.962
7738.55 -268.867 7805.27 -274.074
7753.77 -259.755 7821.66 -292.299
7769.28 -231.116 7836.58 -298.808
7784.5 -220.702 7851.21 -244.134
7800.3 -249.341 7867.01 -263.66
7815.52 -272.773 7883.1 -264.962
7829.56 -248.039 7898.61 -298.808
7846.24 -251.944 7912.65 -274.074
7861.16 -259.755 7929.04 -271.471
7876.96 -264.962 7943.66 -261.057
7892.47 -257.151 7960.34 -266.264
7906.8 -229.815 7974.38 -275.376
7923.19 -240.229 7990.76 -274.074
7938.69 -244.134 8005.97 -275.376
7953.61 -248.039 8022.35 -277.98
7969.99 -257.151 8036.97 -258.453
7984.61 -248.039 8051.59 -281.885
7999.83 -279.281 8067.97 -274.074
8015.33 -275.376 8082.3 -259.755
8030.54 -245.436 8098.38 -263.66
8047.2 -259.755 8113.59 -250.643
8062.12 -232.418 8129.67 -250.643
8077.62 -242.832 8144.29 -266.264
8094 -236.323 8160.08 -262.358
8108.03 -235.022 8176.16 -266.264
8123.24 -245.436 8190.78 -259.755
8138.45 -242.832 8206.28 -289.695
8154.82 -202.478 8222.65 -281.885
8169.73 -272.773 8236.97 -263.66
8186.1 -246.737 8252.47 -258.453
8201.01 -277.98 8268.55 -262.358
8216.51 -225.909 8282.58 -250.643
8230.84 -264.962 8298.95 -287.092
8246.91 -232.418 8314.73 -297.506
8262.41 -281.885 8329.34 -304.015
8278.19 -238.927 8345.42 -281.885
8293.39 -257.151 8361.2 -280.583
8308.89 -248.039 8376.11 -266.264
8323.79 -271.471 8391.6 -257.151
8338.41 -292.299 8407.09 -284.488
8354.48 -245.436 8422.58 -263.66
8369.97 -254.548 8438.36 -263.66
8385.17 -255.85 8454.14 -289.695
8400.95 -254.548 8469.33 -292.299
8416.44 -238.927 8483.36 -279.281
8432.22 -249.341 8500.01 -263.66
8446.83 -242.832 8514.91 -270.169
8462.9 -289.695 8530.69 -289.695
8477.81 -279.281 8547.05 -304.015
8494.17 -250.643 8561.37 -294.902
8508.78 -248.039 8577.14 -242.832
8523.97 -224.608 8592.63 -300.109
8540.33 -240.229 8607.82 -285.79
8554.06 -268.867 8623.01 -277.98
8570.72 -222.004 8638.49 -287.092
8586.2 -263.66 8653.97 -285.79
8600.81 -253.246 8669.75 -257.151
8616.58 -267.565 8685.81 -268.867
8632.65 -259.755 8701 -290.997
8647.55 -224.608 8715.9 -272.773
8663.61 -237.625 8731.67 -242.832
8678.51 -270.169 8746.56 -242.832
8693.41 -254.548 8762.63 -238.927
8709.18 -244.134 8777.23 -267.565
8724.37 -274.074 8793 -293.601
8739.85 -216.797 8808.77 -294.902
8755.62 -261.057 8824.54 -272.773
8770.8 -249.341 8839.43 -297.506
8786.87 -231.116 8855.2 -300.109
8801.76 -227.211 8870.68 -261.057
8816.95 -249.341 8886.44 -263.66
8832.42 -227.211 8901.33 -284.488
8847.61 -280.583 8917.39 -270.169
8865.13 -233.72 8931.41 -246.737
8878.85 -241.53 8947.17 -283.187
8894.62 -251.944 8962.94 -261.057
8909.8 -231.116 8978.41 -305.316
8924.99 -255.85 8993.6 -284.488
8939.88 -250.643 9009.07 -271.471
8955.06 -264.962 9024.83 -255.85
8971.41 -276.678 9039.43 -248.039
8986.88 -245.436 9055.19 -358.688
9002.35 -266.264 9071.54 -367.801
9017.24 -258.453 9087.3 -427.681
9032.71 -249.341 9101.31 -379.516
9048.48 -257.151 9118.25 -367.801
9064.53 -216.797 9132.55 -345.671
9079.71 -272.773 9148.31 -365.197
9094.6 -263.66 9163.19 -348.274
9109.49 -240.229 9179.25 -324.843
9124.96 -249.341 9194.72 -344.369
9140.43 -277.98 9209.6 -383.422
9156.48 -235.022 9225.36 -339.162
9171.95 -248.039 9240.83 -380.818
9186.25 -248.039 9256.59 -327.446
9202.6 -268.867 9271.47 -322.239
9217.77 -288.394 9286.65 -315.73
9232.95 -270.169 9302.99 -317.032
9249.3 -259.755 9317.58 -345.671
9263.89 -262.358 9332.76 -341.766
9279.64 -235.022 9348.22 -365.197
9295.11 -241.53 9363.69 -386.025
9309.41 -249.341 9380.03 -363.895
9325.46 -264.962 9395.79 -350.878
9341.8 -246.737 9411.25 -337.86
9357.56 -271.471 9425.55 -330.05
9372.44 -272.773 9441.6 -306.618
9387.03 -255.85 9457.35 -336.559
9401.91 -236.323 9472.23 -340.464
9418.55 -241.53 9488.28 -374.309
9433.43 -240.229 9502.87 -344.369
9448.31 -236.323 9518.92 -386.025
9464.36 -262.358 9534.67 -300.109
9480.4 -267.565 9549.84 -307.92
9495.28 -287.092 9565.01 -301.411
9510.46 -228.513 9579.89 -274.074
9524.46 -272.773 9595.94 -344.369
9541.09 -237.625 9611.98 -362.594
9556.84 -257.151 9626.57 -378.215
9572.02 -206.383 9641.16 -358.688
9587.77 -253.246 9657.2 -307.92
9602.36 -246.737 9672.66 -345.671
9618.4 -262.358 9688.71 -311.825
9633.57 -264.962 9703.88 -324.843
9649.32 -227.211 9719.34 -320.937
9663.91 -220.702 9733.63 -310.523
9679.66 -242.832 9751.42 -315.73
9695.13 -233.72 9765.14 -367.801
9710.58 -202.478 9780.59 -311.825
9726.92 -250.643 9796.64 -311.825
9741.22 -251.944 9811.81 -301.411
9756.39 -270.169 9827.27 -300.109
9772.43 -229.815 9842.44 -343.067
9788.18 -251.944 9857.89 -287.092
9802.47 -237.625 9874.52 -320.937
9819.1 -271.471 9890.27 -331.352
9833.1 -224.608 9903.98 -333.955
9849.73 -237.625 9920.02 -327.446
9865.77 -249.341 9934.9 -313.127
9880.06 -248.039 9950.94 -310.523
9895.81 -249.341 9966.98 -314.429
9911.27 -242.832 9982.44 -289.695
9926.44 -229.815 9997.02 -346.973
9941.9 -223.306 10012.5 -320.937
9957.65 -222.004 10029.4 -306.618
9972.82 -192.064 10043.1 -284.488
9988.27 -212.892 10059.4 -315.73
10003.4 -262.358 10074 -296.204
10018.9 -271.471 10090.1 -289.695
10034.1 -266.264 10105.2 -315.73
10050.1 -261.057 10121.3 -309.222
10065 -258.453 10137 -356.085
10080.1 -237.625 10151.3 -283.187
10095.9 -228.513 10166.8 -297.506
10111.9 -258.453 10182.8 -292.299
10126.2 -263.66 10198.8 -306.618
10142 -236.323 10212.8 -343.067
10157.7 -238.927 10229.2 -333.955
10172.9 -253.246 10244 -315.73
10188.1 -241.53 10259.8 -311.825
10203.8 -267.565 10275.6 -318.334
10219.5 -250.643 10290.4 -313.127
10234.1 -232.418 10306.2 -302.713
10249.9 -250.643 10322.5 -277.98
10264.8 -233.72 10337.1 -296.204
10280.5 -232.418 10352.3 -305.316
10296 -279.281 10367.7 -284.488
10311.1 -270.169 10383.8 -300.109
10326.9 -276.678 10398.3 -300.109
10342.3 -274.074 10414.4 -322.239
10358.4 -240.229 10429.8 -300.109
10372.7 -235.022 10444.7 -313.127
10388.1 -211.59 10460.7 -313.127
10403 -219.401 10475.9 -297.506
10419.9 -224.608 10491.4 -267.565
10434.5 -203.779 10507.1 -279.281
10450.5 -255.85 10521.4 -292.299
10466.3 -253.246 10537.7 -301.411
10481.2 -267.565 10553.8 -297.506
10496.3 -261.057 10568.6 -354.783
10511.8 -228.513 10584.1 -313.127
10526.9 -236.323 10599.9 -290.997
10543.3 -223.306 10615 -313.127
10557.6 -235.022 10631.1 -284.488
10573.3 -235.022 10645.6 -280.583
10589.9 -241.53 10662 -293.601
10603.6 -232.418 10676.3 -306.618
10619.4 -261.057 10692 -305.316
10635.1 -249.341 10707.8 -301.411
10651.5 -283.187 10722.9 -314.429
10664.9 -258.453 10738.4 -315.73
10680.6 -203.779 10754.1 -264.962
10697.3 -245.436 10769 -294.902
10712.1 -236.323 10785.4 -275.376
10727.9 -250.643 10800.2 -274.074
10743.1 -229.815 10815.4 -305.316
10758.2 -250.643 10831.1 -304.015
10774 -240.229 10846.6 -302.713
10788.6 -263.66 10862.1 -332.653
10804.6 -248.039 10877.2 -309.222
10819.5 -264.962 10892.4 -271.471
10834.6 -248.039 10907.9 -285.79
10851.3 -254.548 10924.2 -317.032
10865.6 -231.116 10939.7 -289.695
10880.7 -251.944 10954.3 -261.057
10896.8 -263.66 10970.3 -305.316
10912.8 -244.134 10986.3 -324.843
10928 -259.755 11000.3 -327.446
10943.2 -257.151 11016.7 -326.144
10958.9 -254.548 11032.1 -323.541
10973.5 -263.66 11047.3 -253.246
10989.5 -236.323 11062.8 -306.618
11004.4 -259.755 11078.2 -283.187
11020.2 -287.092 11094 -300.109
11035.9 -257.151 11108 -346.973
11050.5 -227.211 11124.6 -307.92
11067.1 -229.815 11140.1 -297.506
11081.7 -272.773 11154.7 -317.032
11097.2 -240.229 11171.3 -300.109
11112.1 -245.436 11186.2 -297.506
11128.4 -275.376 11201.6 -279.281
11143.6 -263.66 11217.4 -310.523
11158.7 -274.074 11232 -304.015
11174.2 -242.832 11248.3 -271.471
11189.7 -231.116 11263.2 -283.187
11204.8 -253.246 11278.9 -311.825
11220 -246.737 11294.1 -266.264
11235.5 -246.737 11309.6 -284.488
11250.6 -264.962 11325.3 -266.264
11266.1 -270.169 11340.8 -275.376
11281.9 -283.187 11356 -301.411
11297.3 -229.815 11370.9 -270.169
11312.8 -212.892 11386.6 -305.316
11328.3 -240.229 11402.7 -257.151
11343.4 -207.685 11417.8 -304.015
11359.2 -250.643 11433.3 -288.394
11373.8 -244.134 11448.8 -288.394
11389.2 -254.548 11464 -272.773
11404.7 -255.85 11479.7 -300.109
11420.8 -296.204 11495.5 -292.299
11436.2 -238.927 11510.6 -285.79
11450.8 -198.572 11526.1 -262.358
11466.9 -218.099 11541 -271.471
11482.6 -248.039 11557 -261.057
11497.8 -231.116 11573.4 -266.264
11512.7 -268.867 11587.1 -301.411
11527.9 -268.867 11603.5 -281.885
11543.9 -253.246 11618.6 -264.962
11558.5 -229.815 11634.4 -268.867
11575.4 -245.436 11649.6 -263.66
11590.3 -193.365 11664.5 -285.79
11604.3 -212.892 11680.5 -284.488
11620.7 -238.927 11696 -248.039
11636.4 -199.874 11712 -266.264
11651.6 -261.057 11725.8 -250.643
11667.1 -251.944 11743.3 -272.773
11682 -284.488 11757.6 -297.506
11697.4 -242.832 11773.9 -305.316
11712.3 -257.151 11789.1 -310.523
11729.3 -223.306 11804 -268.867
11744.7 -206.383 11819.2 -262.358
11759.3 -177.744 11835.2 -300.109
11774.2 -189.46 11850.4 -274.074
11790.6 -220.702 11866.2 -264.962
11805.2 -238.927 11881.6 -251.944
11820.6 -240.229 11897.4 -257.151
11836.4 -233.72 11911.7 -284.488
11852.2 -201.176 11928.4 -283.187
11866.8 -203.779 11943.3 -241.53
11882.5 -173.839 11958.4 -261.057
11897.7 -180.348 11973.9 -266.264
11914.1 -173.839 11989.1 -268.867
11929 -176.443 12005.2 -289.695
11943.8 -218.099 12019.8 -298.808
11960.8 -192.064 12035.5 -298.808
11974.8 -192.064 12051.6 -292.299
11990.6 -225.909 12067.1 -274.074
12006.3 -149.106 12082.3 -257.151
12021.2 -130.881 12097.8 -202.478
12036.4 -145.2 12113.2 -218.099
12052.2 -150.407 12128.4 -222.004
12066.8 -195.969 12143.9 -287.092
12082.3 -169.934 12160 -259.755
12098.3 -193.365 12175.1 -250.643
12113.8 -205.081 12191.2 -281.885
12129 -145.2 12206.1 -228.513
12145.1 -146.502 12220.7 -236.323
12160 -113.958 12236.8 -248.039
12174.9 -72.3021 12252 -188.158
12190.6 -103.544 12267.2 -233.72
12205.8 -102.243 12283.2 -272.773
12221.3 -158.218 12299 -280.583
12237.4 -125.674 12313.9 -258.453
12252 -110.053 12329.7 -257.151
12268 -112.657 12344.6 -197.271
12283.5 -87.9232 12360.7 -242.832
12298.4 -29.3442 12375.9 -215.495
12313.6 -8.5161 12390.8 -225.909
12329.4 -25.4389 12406.8 -224.608
12344.6 -24.1372 12421.1 -255.85
12359.5 -82.7162 12437.2 -235.022
12375.3 -63.1898 12453.6 -218.099
12390.5 -11.1196 12468.5 -208.986
12406.5 -60.5863 12484.6 -231.116
12422.6 31.8383 12499.2 -182.951
12437.2 17.519 12514.6 -208.986
12452.1 50.0629 12529.6 -162.123
12468.2 31.8383 12545.3 -160.822
12483.7 -7.21435 12561.7 -181.65
12498.9 1.89794 12576.6 -151.709
12514.4 -9.81786 12591.5 -160.822
12529.3 9.70847 12608.2 -175.141
12544.8 83.9085 12622.5 -159.52
12560.5 72.1928 12638.6 -129.579
12574.3 93.0208 12654.1 -146.502
12591.5 80.0033 12668.4 -133.485
12607 94.3226 12684.5 -145.2
12621.9 95.6243 12700.9 -113.958
12637.7 102.133 12716 -104.846
12652.9 96.9261 12730.7 -85.3197
12668.4 132.074 12745.9 -94.432
12683.6 126.866 12761.7 -55.3793
12699.1 167.221 12777.2 -81.4144
12714.3 197.161 12792.9 -94.432
12728.3 206.274 12808.1 -56.6811
12744.7 197.161 12823.4 -8.5161
12760.2 195.86 12839.7 -24.1372
12776.3 217.989 12855.5 26.6313
12791.8 223.196 12869.8 26.6313
12807 272.663 12885.9 -2.00733
12822.5 283.077 12900.8 48.7611
12837.7 344.26 12916.9 -17.6284
12852.9 310.414 12932.4 -7.21435
12869 315.621 12946.8 44.8559
12883 272.663 12963.1 96.9261
12899.1 288.284 12978.3 137.281
12915.2 316.923 12994.4 156.807
12929.5 332.544 13009.9 150.298
12945.6 402.839 13024.8 138.582
12960.5 426.27 13040.1 147.695
12976 448.4 13055 132.074
12991.8 406.744 13071.9 134.677
13007 417.158 13086.9 182.842
13022.5 413.253 13101.5 173.73
13038.6 404.14 13116.7 220.593
13052.9 400.235 13133.4 258.344
13068.7 478.341 13148.6 288.284
13083.6 495.263 13164.4 268.758
13099.1 547.334 13179.3 285.681
13115.2 577.274 13195.1 319.526
13130.1 555.144 13210.3 314.319
13145.4 561.653 13226.4 333.846
13160.3 549.937 13241.6 413.253
13176.4 540.825 13257.1 365.088
13191.6 513.488 13272.9 374.2
13207.7 605.913 13288.4 365.088
13221.7 680.113 13303.4 376.804
13238.4 725.674 13318.6 393.726
13253.3 719.165 13333.5 428.874
13268.5 677.509 13349.6 458.814
13283.5 635.853 13367.1 499.169
13299.3 626.741 13381.5 508.281
13314.5 648.871 13395.5 519.997
13330.3 720.467 13411.3 503.074
13345.2 769.934 13426.6 530.411
13361 820.702 13442.9 562.955
13376.5 846.737 13458.7 560.351
13392 853.246 13474 581.179
13406.9 863.66 13488.6 608.516
13422.7 811.59 13504.7 631.948
13438.5 799.874 13520.5 637.155
13453.2 840.229 13535.4 633.249
13468.7 836.323 13550.6 661.888
13483.3 902.713 13567.3 694.432
13498.8 933.955 13583.4 713.958
13515.2 966.499 13598.6 755.614
13530.5 943.067 13613.3 793.365
13545.7 986.025 13628.8 814.194
13561.5 969.102 13645.2 819.401
13576.4 945.671 13661 810.288
13591 978.215 13676.8 794.667
13606.9 1043.3 13692.9 844.134
13622.9 1097.98 13699.4 889.695
13638.8 1160.46 13684.7 945.671
13653.4 1099.28 13668.3 1035.49
