6015.68 -296.204 6030.66 -322.239
6004.51 -331.352 6045.94 -330.05
6000.69 -304.015 6062.09 -326.144
6010.98 -289.695 6076.49 -346.973
6025.96 -290.997 6092.65 -322.239
6040.94 -298.808 6107.92 -317.032
6056.8 -320.937 6123.19 -366.499
6071.79 -307.92 6138.17 -330.05
6087.65 -305.316 6153.45 -340.464
6102.63 -309.222 6169.02 -331.352
6118.79 -288.394 6184.58 -323.541
6134.65 -294.902 6200.44 -324.843
6149.92 -318.334 6215.42 -330.05
6165.78 -280.583 6230.98 -341.766
6181.06 -283.187 6246.26 -302.713
6195.74 -294.902 6262.41 -322.239
6211.9 -300.109 6277.68 -300.109
6227.17 -305.316 6291.18 -320.937
6243.61 -307.92 6308.8 -332.653
6256.83 -280.583 6323.48 -323.541
6272.98 -305.316 6339.63 -327.446
6289.13 -283.187 6354.31 -324.843
6304.69 -352.18 6368.99 -328.748
6319.96 -349.576 6385.14 -346.973
6334.94 -297.506 6401.29 -304.015
6351.09 -288.394 6415.97 -289.695
6365.47 -290.997 6432.11 -306.618
6381.62 -320.937 6446.5 -320.937
6396.3 -284.488 6462.35 -352.18
6413.03 -280.583 6478.49 -348.274
6427.71 -314.429 6493.17 -322.239
6442.98 -302.713 6509.31 -296.204
6457.65 -330.05 6524.58 -354.783
6474.68 -306.618 6540.13 -311.825
6488.18 -298.808 6554.51 -328.748
6504.91 -335.257 6570.95 -323.541
6519.88 -284.488 6586.21 -333.955
6535.44 -240.229 6601.76 -328.748
6550.99 -283.187 6617.31 -346.973
6566.84 -251.944 6631.99 -306.618
6582.1 -293.601 6647.24 -343.067
6597.07 -340.464 6662.5 -337.86
6612.91 -302.713 6678.93 -322.239
6627.88 -318.334 6693.9 -331.352
6643.72 -333.955 6709.15 -328.748
6659.86 -304.015 6724.41 -320.937
6675.7 -297.506 6741.42 -324.843
6689.49 -261.057 6755.5 -336.559
6705.34 -263.66 6771.93 -335.257
6721.47 -317.032 6786.6 -354.783
6735.56 -317.032 6802.14 -331.352
6751.98 -324.843 6817.4 -294.902
6766.94 -319.636 6832.94 -349.576
6782.2 -328.748 6848.19 -304.015
6797.74 -292.299 6862.86 -314.429
6813 -264.962 6878.99 -322.239
6829.72 -285.79 6893.65 -349.576
6844.38 -281.885 6910.07 -335.257
6860.51 -294.902 6925.03 -350.878
6875.17 -290.997 6940.57 -330.05
6891.31 -317.032 6956.4 -326.144
6905.67 -315.73 6972.24 -304.015
6922.09 -309.222 6987.78 -300.109
6936.76 -277.98 7002.14 -330.05
6951.71 -289.695 7017.97 -326.144
6968.13 -263.66 7033.8 -356.085
6982.5 -289.695 7048.46 -339.162
6998.63 -330.05 7064.59 -335.257
7014.45 -332.653 7079.53 -320.937
7029.41 -318.334 7095.95 -322.239
7044.36 -290.997 7110.9 -315.73
7059.31 -304.015 7125.85 -313.127
7076.02 -311.825 7141.67 -320.937
7090.97 -274.074 7156.91 -310.523
7105.92 -315.73 7172.15 -320.937
7120.86 -294.902 7187.39 -345.671
7138.16 -300.109 7203.22 -318.334
7152.52 -293.601 7219.04 -356.085
7168.34 -327.446 7234.57 -328.748
7183.88 -307.92 7250.39 -314.429
7199.41 -296.204 7265.63 -339.162
7214.64 -289.695 7280.57 -294.902
7229.59 -240.229 7295.81 -323.541
7244.53 -300.109 7311.63 -309.222
7260.36 -290.997 7327.16 -310.523
7276.18 -306.618 7342.39 -315.73
7291.71 -322.239 7357.03 -346.973
7306.65 -336.559 7373.15 -304.015
7323.05 -267.565 7389.26 -294.902
7337.41 -311.825 7403.32 -317.032
7352.64 -313.127 7419.72 -320.937
7369.05 -274.074 7434.65 -337.86
7383.98 -272.773 7450.76 -330.05
7399.22 -302.713 7465.41 -332.653
7415.62 -297.506 7480.63 -341.766
7430.85 -332.653 7496.74 -352.18
7444.61 -340.464 7512.26 -324.843
7462.18 -332.653 7527.49 -323.541
7475.36 -292.299 7542.42 -328.748
7491.47 -294.902 7558.23 -307.92
7506.99 -241.53 7574.63 -345.671
7523.09 -284.488 7589.85 -365.197
7538.03 -328.748 7604.78 -305.316
7553.84 -341.766 7619.71 -305.316
7569.65 -307.92 7635.23 -353.481
7584.29 -311.825 7650.45 -302.713
7599.22 -294.902 7666.26 -323.541
7615.91 -266.264 7681.77 -331.352
7631.13 -267.565 7697.58 -348.274
7646.35 -281.885 7712.21 -354.783
7661.28 -323.541 7728.6 -307.92
7676.8 -319.636 7743.23 -313.127
7692.6 -323.541 7759.92 -304.015
7706.94 -330.05 7773.67 -314.429
7723.33 -340.464 7790.06 -331.352
7738.85 -279.281 7804.98 -328.748
7754.65 -280.583 7819.91 -317.032
7769.87 -268.867 7835.41 -331.352
7785.08 -313.127 7850.92 -318.334
7800.89 -311.825 7867.89 -298.808
7815.81 -290.997 7882.23 -333.955
7831.02 -331.352 7898.32 -302.713
7845.65 -349.576 7914.12 -344.369
7862.04 -313.127 7928.74 -350.878
7876.67 -297.506 7943.96 -320.937
7892.47 -293.601 7959.75 -324.843
7907.97 -309.222 7974.96 -302.713
7923.77 -279.281 7990.76 -359.99
7940.15 -307.92 8005.97 -344.369
7954.49 -289.695 8020.88 -311.825
7969.7 -293.601 8038.43 -322.239
7984.91 -301.411 8051.59 -323.541
8000.41 -288.394 8067.97 -326.144
8016.2 -314.429 8083.18 -336.559
8031.41 -296.204 8098.38 -349.576
8046.91 -288.394 8113.59 -333.955
8062.41 -283.187 8129.97 -357.387
8077.62 -288.394 8144.58 -310.523
8094.58 -292.299 8160.96 -317.032
8108.33 -324.843 8175.87 -318.334
8124.12 -302.713 8190.49 -305.316
8139.03 -274.074 8206.57 -320.937
8155.4 -301.411 8222.07 -318.334
8168.85 -305.316 8237.56 -333.955
8185.52 -276.678 8253.34 -341.766
8201.01 -292.299 8268.25 -313.127
8216.51 -306.618 8284.04 -323.541
8232.3 -323.541 8298.95 -356.085
8245.74 -296.204 8315.02 -327.446
8262.7 -328.748 8330.22 -322.239
8277.9 -288.394 8345.42 -326.144
8293.98 -279.281 8361.2 -307.92
8308.59 -254.548 8376.4 -313.127
8324.38 -328.748 8391.89 -335.257
8338.99 -317.032 8407.67 -341.766
8353.9 -314.429 8422.28 -331.352
8369.97 -310.523 8438.65 -300.109
8385.46 -359.99 8454.43 -331.352
8401.83 -294.902 8469.04 -336.559
8416.15 -292.299 8483.65 -327.446
8433.1 -301.411 8500.01 -373.008
8446.54 -305.316 8515.2 -328.748
8463.49 -284.488 8530.4 -354.783
8478.39 -335.257 8546.76 -345.671
8493.58 -323.541 8560.78 -315.73
8509.07 -332.653 8576.56 -332.653
8524.85 -298.808 8592.63 -315.73
8539.75 -266.264 8607.82 -317.032
8555.52 -310.523 8622.72 -344.369
8571.01 -277.98 8638.78 -322.239
8586.2 -292.299 8654.27 -344.369
8601.39 -298.808 8669.45 -354.783
8616.58 -332.653 8685.23 -324.843
8632.65 -294.902 8700.42 -339.162
8648.13 -300.109 8715.9 -363.895
8662.74 -284.488 8732.25 -305.316
8677.93 -284.488 8747.44 -306.618
8694.28 -296.204 8762.63 -309.222
8709.76 -326.144 8778.1 -337.86
8725.24 -331.352 8793.29 -328.748
8740.14 -302.713 8807.89 -298.808
8755.62 -310.523 8824.83 -328.748
8770.51 -301.411 8840.31 -305.316
8786.57 -320.937 8854.03 -352.18
8800.59 -274.074 8870.97 -298.808
8817.24 -287.092 8885.57 -323.541
8833.3 -310.523 8900.75 -326.144
8848.19 -292.299 8916.52 -333.955
8863.96 -281.885 8932.28 -306.618
8877.98 -296.204 8947.17 -323.541
8894.91 -335.257 8962.65 -337.86
8908.93 -296.204 8978.71 -337.86
8925.57 -274.074 8994.18 -332.653
8940.75 -311.825 9009.65 -284.488
8955.35 -311.825 9025.42 -292.299
8971.41 -296.204 9039.72 -311.825
8987.17 -304.015 9055.48 -310.523
9002.06 -300.109 9070.67 -322.239
9017.83 -323.541 9086.14 -363.895
9033.01 -300.109 9102.19 -330.05
9048.48 -318.334 9116.79 -343.067
9063.07 -255.85 9133.13 -311.825
9078.55 -320.937 9147.73 -340.464
9094.6 -272.773 9163.49 -332.653
9109.49 -288.394 9179.83 -297.506
9125.25 -272.773 9194.43 -324.843
9140.43 -292.299 9210.19 -323.541
9155.9 -315.73 9225.36 -363.895
9171.66 -304.015 9240.54 -331.352
9186.84 -328.748 9256.88 -328.748
9202.3 -318.334 9271.18 -332.653
9217.48 -293.601 9287.23 -352.18
9233.53 -310.523 9302.7 -297.506
9247.83 -294.902 9317.87 -332.653
9264.47 -304.015 9332.76 -340.464
9278.77 -302.713 9348.81 -405.552
9295.4 -290.997 9364.27 -376.913
9310.29 -336.559 9378.57 -410.759
9325.46 -302.713 9394.91 -379.516
9340.93 -327.446 9411.54 -383.422
9356.98 -302.713 9426.13 -391.232
9372.15 -309.222 9440.43 -362.594
9386.74 -272.773 9456.77 -386.025
9402.21 -244.134 9472.82 -397.741
9418.55 -294.902 9488.28 -409.457
9433.43 -296.204 9502.87 -378.215
9449.18 -320.937 9519.21 -397.741
9464.65 -302.713 9534.38 -387.327
9479.82 -285.79 9549.55 -383.422
9495.87 -283.187 9564.43 -384.723
9511.04 -297.506 9580.18 -387.327
9524.75 -272.773 9595.94 -376.913
9541.09 -297.506 9611.98 -415.966
9555.97 -302.713 9627.74 -404.25
9572.02 -275.376 9641.74 -396.439
9587.48 -284.488 9657.78 -405.552
9602.94 -271.471 9673.25 -371.706
9618.4 -301.411 9687.83 -362.594
9633.86 -298.808 9704.46 -370.404
9648.74 -294.902 9719.92 -371.706
9664.2 -304.015 9734.8 -386.025
9680.83 -284.488 9750.55 -392.534
9694.83 -294.902 9766.3 -374.309
9710.88 -317.032 9781.18 -382.12
9726.34 -307.92 9796.64 -375.611
9741.8 -314.429 9812.39 -362.594
9756.97 -297.506 9827.56 -371.706
9772.72 -288.394 9842.44 -359.99
9787.89 -292.299 9858.48 -380.818
9802.47 -276.678 9873.65 -397.741
9818.52 -302.713 9889.4 -378.215
9834.27 -340.464 9905.44 -392.534
9848.56 -318.334 9920.31 -397.741
9864.6 -319.636 9935.77 -384.723
9880.06 -270.169 9950.94 -380.818
9895.23 -304.015 9966.11 -335.257
9910.4 -302.713 9982.73 -362.594
9926.73 -301.411 9996.73 -379.516
9942.19 -276.678 10012.8 -374.309
9957.36 -302.713 10027.6 -346.973
9971.36 -323.541 10044 -389.931
9987.98 -323.541 10059.4 -340.464
10003.1 -275.376 10073.7 -380.818
10018.9 -292.299 10089.5 -361.292
10034.1 -298.808 10104.9 -380.818
10049.8 -267.565 10121.6 -397.741
10064.4 -306.618 10136.4 -352.18
10081.6 -251.944 10151.6 -359.99
10096.2 -317.032 10167.4 -346.973
10110.8 -315.73 10183.1 -363.895
10126.2 -317.032 10197.7 -384.723
10142.6 -313.127 10213.7 -336.559
10157.1 -293.601 10229.2 -363.895
10173.5 -267.565 10245.2 -378.215
10188.4 -275.376 10259.5 -348.274
10203.8 -281.885 10275.3 -379.516
10219.3 -292.299 10290.1 -361.292
10233.5 -281.885 10305.9 -387.327
10249.3 -328.748 10321.9 -343.067
10265.9 -288.394 10337.1 -374.309
10280.2 -339.162 10353.7 -367.801
10296.5 -313.127 10368 -357.387
10312 -315.73 10383.2 -339.162
10326.9 -298.808 10398.9 -339.162
10342.3 -293.601 10414.1 -340.464
10358.1 -280.583 10429.5 -389.931
10373.5 -289.695 10444.7 -376.913
10388.4 -311.825 10461.3 -380.818
10403.9 -332.653 10475.9 -365.197
10418.5 -327.446 10491.9 -327.446
10435.7 -309.222 10506.8 -343.067
10450.5 -297.506 10522.3 -336.559
10465.4 -268.867 10538 -373.008
10481.2 -294.902 10554.1 -345.671
10496.9 -290.997 10568.6 -380.818
10512.7 -320.937 10584.7 -366.499
10527.2 -290.997 10599.9 -350.878
10543.3 -290.997 10615 -348.274
10558.5 -313.127 10630.5 -357.387
10573.9 -300.109 10645.6 -352.18
10588.2 -314.429 10661.1 -336.559
10604.5 -287.092 10676.9 -344.369
10619.1 -307.92 10692.9 -335.257
10636.3 -309.222 10707.8 -356.085
10650.3 -287.092 10723.2 -366.499
10665.8 -283.187 10739 -349.576
10680.6 -315.73 10754.7 -366.499
10696.4 -301.411 10770.2 -337.86
10711.6 -302.713 10785.1 -318.334
10728.2 -298.808 10800.2 -332.653
10742.8 -298.808 10816.3 -314.429
10757.9 -268.867 10831.4 -317.032
10774 -307.92 10847.2 -339.162
10788.9 -319.636 10861.5 -348.274
10804 -307.92 10877.5 -345.671
10820.4 -275.376 10893 -344.369
10834.9 -306.618 10908.5 -371.706
10850.1 -305.316 10923 -378.215
10865.9 -307.92 10939.7 -328.748
10880.7 -297.506 10953.7 -346.973
10896.2 -317.032 10970.6 -300.109
10911.7 -306.618 10985.8 -327.446
10927.4 -296.204 11000.9 -356.085
10944.9 -281.885 11016.7 -324.843
10957.7 -283.187 11032.4 -367.801
10974.1 -284.488 11047 -332.653
10989.5 -292.299 11062.5 -309.222
11004.4 -289.695 11077.6 -319.636
11020.5 -306.618 11093.7 -290.997
11035 -283.187 11109.7 -319.636
11050.2 -300.109 11124.6 -353.481
11066.8 -317.032 11140.4 -366.499
11082 -318.334 11155.2 -330.05
11096.6 -311.825 11171 -318.334
11112.1 -289.695 11186.2 -352.18
11128.4 -304.015 11201.6 -363.895
11143 -293.601 11218 -373.008
11158.7 -298.808 11232.8 -357.387
11173.3 -356.085 11248 -341.766
11189.7 -307.92 11263.8 -365.197
11205.1 -311.825 11279.5 -369.102
11219.4 -310.523 11294.7 -350.878
11235.8 -287.092 11309.3 -370.404
11251.2 -297.506 11324.8 -389.931
11266.4 -285.79 11341.1 -345.671
11281.6 -333.955 11356.6 -354.783
11297.6 -340.464 11371.1 -380.818
11312.5 -268.867 11387.2 -379.516
11327.4 -309.222 11402.7 -350.878
11343.7 -293.601 11418.4 -396.439
11359.8 -298.808 11433.6 -375.611
11373.8 -285.79 11449.4 -369.102
11389.5 -301.411 11464.5 -346.973
11405.3 -292.299 11478.8 -340.464
11420.5 -314.429 11495.2 -376.913
11436.5 -306.618 11512.1 -376.913
11451.7 -317.032 11524.9 -358.688
11466.6 -275.376 11541.9 -369.102
11482 -285.79 11557 -356.085
11497.8 -304.015 11573.4 -352.18
11512.7 -293.601 11587.7 -336.559
11528.7 -289.695 11602.9 -336.559
11544.2 -274.074 11619.2 -333.955
11558.8 -296.204 11634.4 -367.801
11574.3 -283.187 11649.6 -356.085
11589.7 -288.394 11665 -380.818
11605.2 -310.523 11680.8 -371.706
11621 -320.937 11696.6 -376.913
11636.1 -289.695 11711.4 -373.008
11651.9 -284.488 11727.2 -319.636
11666.8 -262.358 11742.1 -371.706
11683.1 -326.144 11757.3 -330.05
11697.7 -270.169 11773.6 -370.404
11714.1 -259.755 11788.2 -365.197
11728.7 -264.962 11804.3 -358.688
11744.7 -267.565 11819.2 -344.369
11759 -250.643 11834.9 -356.085
11774.8 -288.394 11851 -345.671
11790.6 -233.72 11865.6 -268.867
11806 -280.583 11881.1 -292.299
11821.2 -242.832 11897.1 -307.92
11836.7 -245.436 11912.6 -349.576
11852.5 -225.909 11927.5 -343.067
11867.1 -242.832 11942.4 -356.085
11881.9 -220.702 11958.2 -327.446
11897.7 -249.341 11973.3 -341.766
11913.2 -283.187 11990 -301.411
11929.3 -244.134 12005.2 -285.79
11944.4 -235.022 12020.1 -306.618
11960.8 -223.306 12035.5 -317.032
11975.1 -232.418 12051.3 -292.299
11990.3 -193.365 12067.1 -294.902
12005.5 -202.478 12082.9 -335.257
12021.5 -222.004 12098 -328.748
12036.1 -205.081 12112.9 -279.281
12051.6 -218.099 12128.7 -255.85
12067.4 -223.306 12144.8 -262.358
12082 -207.685 12159.7 -305.316
12097.5 -193.365 12174.9 -290.997
12114.1 -199.874 12190.3 -314.429
12129 -143.899 12206.1 -317.032
12143.6 -150.407 12221.9 -314.429
12160.3 -150.407 12236.2 -317.032
12174.6 -137.39 12252 -292.299
12190.3 -162.123 12267.2 -279.281
12206.1 -177.744 12282.6 -293.601
12221.6 -146.502 12299 -270.169
12236.8 -111.355 12314.5 -319.636
12252.3 -99.639 12329.7 -293.601
12267.5 -59.2846 12344.6 -297.506
12282.9 -63.1898 12360.4 -293.601
12298.7 -76.2074 12375.9 -293.601
12314.5 -72.3021 12391.6 -261.057
12328.8 -84.0179 12406.5 -248.039
12344.6 -91.8285 12422.3 -258.453
12360.4 -65.7934 12437.8 -248.039
12374.7 -61.8881 12452.7 -245.436
12391 -35.853 12468.8 -254.548
12406.5 3.1997 12484.3 -274.074
12421.7 -39.7582 12500 -238.927
12437.2 -13.7231 12514.4 -258.453
12452.7 -30.646 12530.4 -232.418
12467.6 -33.2495 12545.9 -207.685
12483.7 -47.5688 12561.4 -211.59
12498.6 -41.06 12576.9 -210.288
12514.1 38.3471 12592.4 -198.572
12529 33.1401 12607.6 -218.099
12544.8 73.4945 12622.8 -223.306
12561.4 47.4594 12638.9 -189.46
12575.2 90.4173 12653.5 -215.495
12591.2 59.1752 12669 -164.727
12607 80.0033 12685.9 -201.176
12622.8 76.098 12699.7 -136.088
12637.1 69.5892 12716 -145.2
12652.6 133.375 12731.5 -154.313
12668.1 119.056 12746.2 -136.088
12683.9 121.659 12762.2 -130.881
12698.2 160.712 12777.4 -119.165
12713.4 126.866 12793.8 -94.432
12729.5 134.677 12809 -43.6635
12745 168.523 12823.1 -35.853
12760.8 175.031 12839.4 -15.0249
12776 203.67 12854.9 -11.1196
12791.5 224.498 12869.8 -24.1372
12806.4 250.533 12886.2 -25.4389
12821.6 242.723 12901.4 -16.3266
12837.4 255.74 12916.6 35.7436
12852.6 258.344 12932.7 39.6489
12867.8 264.853 12946.8 98.2279
12884.2 289.586 12962.5 103.435
12899.4 273.965 12979.2 70.891
12914 303.905 12994.1 117.754
12930.7 328.639 13009.6 94.3226
12945.6 355.975 13024.3 98.2279
12960.2 366.39 13040.1 98.2279
12976 395.028 13056.4 121.659
12991.8 374.2 13071.6 129.47
13007 383.312 13087.1 184.144
13022.2 395.028 13102.1 171.126
13037.1 395.028 13117.6 176.333
13052.9 430.176 13134.5 169.824
13068.7 469.228 13148 134.677
13082.8 505.677 13164.1 173.73
13099.7 535.618 13179.6 204.972
13114.9 509.583 13195.1 283.077
13129.3 482.246 13210.9 309.112
13145.6 461.418 13225.8 362.484
13160.6 487.453 13241.6 374.2
13176.4 492.66 13255.6 337.751
13191.3 566.86 13272 307.811
13207.4 615.025 13288.1 272.663
13222.6 667.095 13303.4 331.242
13236.9 659.285 13319.1 395.028
13253.6 617.628 13334.4 462.719
13267.4 594.197 13350.2 519.997
13284 599.404 13366 562.955
13299.5 590.291 13380.6 566.86
13314.5 643.664 13396.1 501.772
13330.3 755.614 13411.6 457.512
13345.5 789.46 13427.4 423.667
13361 802.478 13443.2 531.712
13375.9 835.022 13457.6 608.516
13392 797.271 13473.7 681.414
13407.8 785.555 13489.5 716.562
13422.4 760.821 13505.3 728.278
13437.7 782.951 13520.2 664.492
13453.8 838.927 13536.6 599.404
13468.4 907.92 13550.6 612.421
13482.7 957.387 13567.3 564.256
13499.1 999.043 13582 635.853
13514.9 978.215 13597.8 742.597
13530.7 1000.34 13613.3 825.909
13546 915.73 13628.5 858.453
13562.1 892.299 13644.9 877.98
13575.5 933.955 13660.7 818.099
13592.5 986.025 13678 772.537
13607.7 1083.66 13692.9 750.407
13623.2 1146.14 13700.8 793.365
13638.2 1155.25 13683.5 868.867
13652.8 1094.07 13668.3 949.576
