6015.68 -344.369 6030.95 -374.309
6005.1 -393.836 6046.23 -399.043
5999.81 -391.232 6061.21 -366.499
6010.98 -336.559 6077.37 -406.853
6025.66 -384.723 6091.76 -409.457
6041.24 -383.422 6107.63 -423.776
6056.8 -383.422 6123.19 -438.096
6071.49 -387.327 6138.17 -395.138
6087.65 -374.309 6154.04 -395.138
6103.81 -392.534 6169.31 -397.741
6118.79 -361.292 6184.88 -389.931
6133.47 -371.706 6200.15 -409.457
6149.92 -358.688 6215.42 -399.043
6165.49 -388.629 6230.4 -415.966
6179.88 -410.759 6247.72 -405.552
6196.62 -380.818 6261.23 -392.534
6211.01 -384.723 6277.97 -409.457
6227.46 -350.878 6292.36 -418.569
6243.32 -349.576 6307.63 -384.723
6258 -376.913 6322.9 -383.422
6272.98 -383.422 6339.05 -400.345
6289.13 -369.102 6354.61 -387.327
6304.4 -380.818 6369.88 -376.913
6320.26 -396.439 6384.85 -387.327
6334.94 -393.836 6400.99 -397.741
6349.62 -365.197 6415.97 -400.345
6365.76 -391.232 6432.11 -413.362
6381.62 -353.481 6447.09 -395.138
6397.47 -370.404 6462.35 -401.646
6412.15 -392.534 6478.2 -409.457
6428 -374.309 6492.58 -397.741
6442.98 -414.664 6508.14 -408.155
6459.12 -362.594 6523.99 -405.552
6474.09 -373.008 6539.84 -356.085
6489.65 -375.611 6555.69 -389.931
6504.91 -361.292 6570.36 -412.06
6520.47 -345.671 6586.21 -425.078
6535.73 -354.783 6601.47 -410.759
6550.99 -374.309 6616.73 -395.138
6567.13 -345.671 6633.16 -414.664
6582.69 -356.085 6647.54 -402.948
6597.65 -402.948 6662.8 -393.836
6612.33 -388.629 6679.23 -409.457
6627.88 -371.706 6693.6 -417.267
6644.31 -378.215 6709.74 -362.594
6658.98 -361.292 6725.29 -399.043
6675.41 -382.12 6740.54 -417.267
6690.08 -357.387 6755.21 -409.457
6705.92 -378.215 6771.35 -379.516
6720.3 -395.138 6786.01 -440.699
6736.14 -392.534 6801.56 -404.25
6751.98 -343.067 6817.1 -415.966
6767.24 -382.12 6832.94 -414.664
6782.78 -349.576 6848.78 -431.587
6797.74 -363.895 6864.03 -425.078
6813.88 -391.232 6879.87 -383.422
6829.13 -401.646 6895.12 -414.664
6843.8 -388.629 6910.07 -421.173
6860.8 -392.534 6925.32 -406.853
6874.59 -399.043 6940.86 -393.836
6890.72 -391.232 6956.7 -391.232
6905.97 -357.387 6971.94 -380.818
6921.22 -350.878 6986.9 -409.457
6936.76 -344.369 7002.73 -409.457
6952.88 -393.836 7018.27 -419.871
6968.43 -370.404 7033.8 -406.853
6982.5 -387.327 7049.93 -430.285
6998.92 -356.085 7064 -391.232
7013.87 -370.404 7079.53 -418.569
7029.41 -378.215 7095.07 -439.397
7044.94 -341.766 7111.78 -374.309
7060.77 -363.895 7127.02 -401.646
7075.14 -339.162 7141.67 -397.741
7091.26 -383.422 7156.62 -389.931
7106.79 -361.292 7172.45 -417.267
7121.74 -401.646 7187.69 -423.776
7137.28 -389.931 7202.63 -395.138
7152.81 -363.895 7219.04 -401.646
7168.93 -358.688 7234.86 -400.345
7183 -363.895 7249.22 -395.138
7199.11 -344.369 7264.16 -402.948
7214.35 -371.706 7280.87 -386.025
7229.88 -375.611 7295.81 -388.629
7245.7 -393.836 7312.21 -404.25
7260.36 -382.12 7325.98 -399.043
7275.88 -380.818 7342.09 -387.327
7291.71 -392.534 7357.33 -393.836
7307.23 -384.723 7373.73 -410.759
7322.47 -376.913 7388.96 -380.818
7337.99 -362.594 7403.61 -380.818
7352.93 -395.138 7419.43 -425.078
7368.75 -376.913 7434.07 -421.173
7384.28 -383.422 7449.88 -438.096
7399.51 -363.895 7466.28 -399.043
7415.03 -396.439 7480.63 -426.38
7430.85 -384.723 7496.45 -395.138
7444.91 -359.99 7511.38 -413.362
7460.43 -387.327 7527.78 -382.12
7475.95 -400.345 7543.01 -395.138
7492.64 -400.345 7557.35 -389.931
7507.87 -382.12 7574.04 -399.043
7521.63 -340.464 7588.68 -367.801
7538.03 -370.404 7604.78 -418.569
7552.38 -380.818 7620.01 -405.552
7568.48 -369.102 7634.64 -428.983
7584.87 -369.102 7651.33 -397.741
7600.1 -369.102 7666.55 -378.215
7615.61 -369.102 7681.48 -374.309
7630.25 -383.422 7697.28 -384.723
7646.35 -369.102 7711.92 -432.888
7660.7 -384.723 7728.31 -425.078
7676.5 -354.783 7742.65 -410.759
7692.01 -358.688 7759.62 -408.155
7707.53 -356.085 7774.55 -388.629
7723.33 -373.008 7789.47 -405.552
7738.85 -336.559 7805.27 -373.008
7754.06 -369.102 7821.37 -383.422
7768.4 -376.913 7836 -366.499
7785.08 -343.067 7852.09 -400.345
7799.71 -359.99 7867.01 -415.966
7815.52 -391.232 7882.52 -409.457
7831.02 -352.18 7898.32 -409.457
7846.24 -330.05 7913.24 -421.173
7861.75 -367.801 7928.74 -405.552
7877.25 -358.688 7944.54 -396.439
7891.88 -353.481 7959.75 -391.232
7907.97 -366.499 7974.96 -391.232
7923.48 -354.783 7990.47 -452.415
7938.98 -380.818 8006.26 -436.794
7953.61 -384.723 8021.47 -384.723
7970.28 -386.025 8037.26 -405.552
7985.2 -343.067 8052.18 -409.457
8000.41 -344.369 8067.39 -413.362
8016.2 -335.257 8082.59 -387.327
8031.71 -345.671 8098.09 -352.18
8046.33 -397.741 8113.88 -388.629
8061.83 -379.516 8129.97 -386.025
8077.62 -391.232 8144 -399.043
8094.29 -404.25 8160.37 -419.871
8108.91 -369.102 8175.58 -432.888
8123.53 -339.162 8191.66 -387.327
8139.03 -375.611 8206.86 -400.345
8154.53 -406.853 8222.07 -387.327
8170.32 -369.102 8237.85 -374.309
8185.81 -362.594 8253.64 -401.646
8201.89 -395.138 8267.96 -343.067
8217.39 -366.499 8284.04 -376.913
8231.71 -399.043 8299.53 -419.871
8247.2 -361.292 8315.02 -365.197
8262.11 -363.895 8330.51 -387.327
8278.78 -359.99 8345.71 -419.871
8293.1 -393.836 8360.91 -387.327
8309.18 -392.534 8376.99 -397.741
8324.08 -358.688 8392.77 -397.741
8338.99 -358.688 8407.96 -378.215
8355.36 -413.362 8423.45 -415.966
8370.56 -380.818 8438.36 -405.552
8385.75 -401.646 8453.55 -430.285
8402.12 -357.387 8469.04 -395.138
8416.44 -375.611 8484.23 -379.516
8432.51 -371.706 8499.43 -399.043
8447.12 -422.474 8515.2 -389.931
8462.9 -412.06 8530.4 -434.19
8477.81 -404.25 8546.47 -406.853
8493.88 -399.043 8561.37 -370.404
8509.66 -378.215 8576.56 -435.492
8525.14 -380.818 8592.34 -367.801
8540.33 -379.516 8608.7 -383.422
8555.23 -376.913 8622.72 -428.983
8570.13 -373.008 8639.08 -387.327
8585.91 -383.422 8654.27 -404.25
8601.1 -392.534 8669.16 -388.629
8616.29 -376.913 8684.94 -384.723
8632.06 -413.362 8700.42 -400.345
8646.96 -404.25 8715.9 -387.327
8663.03 -384.723 8731.38 -383.422
8679.39 -388.629 8746.27 -375.611
8693.99 -365.197 8762.04 -395.138
8709.47 -354.783 8777.81 -393.836
8724.95 -370.404 8793.58 -428.983
8739.85 -379.516 8808.77 -414.664
8755.03 -349.576 8824.25 -393.836
8770.8 -409.457 8840.01 -397.741
8786.87 -399.043 8855.2 -408.155
8802.34 -375.611 8870.68 -363.895
8816.95 -359.99 8886.44 -362.594
8832.13 -363.895 8900.46 -363.895
8848.48 -366.499 8916.81 -376.913
8863.67 -349.576 8931.99 -395.138
8878.56 -374.309 8948.34 -414.664
8893.74 -371.706 8962.65 -389.931
8909.22 -363.895 8978.41 -419.871
8925.57 -395.138 8993.89 -414.664
8940.17 -374.309 9009.07 -350.878
8955.64 -363.895 9024.83 -387.327
8971.12 -383.422 9040.31 -371.706
8986.88 -367.801 9056.36 -379.516
9002.35 -365.197 9070.96 -422.474
9017.83 -356.085 9087.01 -406.853
9032.71 -374.309 9102.48 -396.439
9048.19 -343.067 9116.5 -417.267
9063.37 -344.369 9133.42 -384.723
9079.71 -371.706 9148.6 -382.12
9094.6 -336.559 9163.78 -388.629
9109.2 -374.309 9178.37 -379.516
9124.96 -354.783 9194.72 -362.594
9141.01 -373.008 9209.89 -409.457
9155.9 -380.818 9225.65 -413.362
9171.37 -346.973 9241.12 -396.439
9187.13 -376.913 9256.88 -412.06
9201.72 -383.422 9272.64 -414.664
9217.48 -392.534 9286.65 -373.008
9232.95 -386.025 9302.41 -389.931
9248.13 -410.759 9318.75 -408.155
9263.01 -359.99 9333.34 -396.439
9280.52 -379.516 9348.22 -434.19
9294.82 -388.629 9365.15 -408.155
9310.58 -353.481 9380.03 -406.853
9326.05 -389.931 9395.5 -422.474
9341.22 -380.818 9410.38 -382.12
9356.69 -414.664 9426.13 -367.801
9372.15 -408.155 9441.89 -361.292
9387.03 -384.723 9456.77 -382.12
9403.08 -417.267 9472.53 -354.783
9418.84 -374.309 9487.7 -378.215
9433.43 -401.646 9503.16 -402.948
9449.18 -391.232 9518.63 -391.232
9464.36 -404.25 9534.38 -421.173
9479.53 -425.078 9549.84 -402.948
9494.7 -409.457 9565.89 -402.948
9510.46 -405.552 9580.48 -396.439
9525.34 -426.38 9595.94 -383.422
9540.51 -456.32 9611.4 -395.138
9555.97 -442.001 9627.15 -393.836
9572.02 -426.38 9642.32 -388.629
9588.06 -409.457 9657.49 -431.587
9602.36 -412.06 9672.95 -383.422
9618.11 -425.078 9689 -354.783
9633.28 -438.096 9704.17 -412.06
9649.91 -417.267 9719.63 -373.008
9664.5 -418.569 9734.51 -361.292
9679.66 -412.06 9751.42 -367.801
9695.42 -428.983 9766.6 -384.723
9710.58 -432.888 9781.18 -382.12
9726.63 -402.948 9796.64 -371.706
9741.8 -410.759 9812.1 -376.913
9756.97 -430.285 9827.85 -350.878
9771.85 -421.173 9843.02 -345.671
9787.6 -444.604 9857.89 -375.611
9802.47 -432.888 9873.94 -352.18
9818.23 -440.699 9889.11 -348.274
9833.68 -482.355 9905.15 -406.853
9848.85 -439.397 9920.61 -399.043
9864.6 -439.397 9934.9 -395.138
9881.23 -428.983 9950.65 -363.895
9896.4 -435.492 9965.81 -392.534
9911.56 -443.303 9982.15 -356.085
9927.31 -427.681 9998.77 -397.741
9941.61 -430.285 10013.1 -404.25
9957.06 -448.51 10028.2 -374.309
9972.82 -432.888 10044 -391.232
9988.27 -448.51 10059.4 -389.931
10003.7 -423.776 10074 -402.948
10019.5 -451.113 10090.1 -373.008
10034.6 -425.078 10104.9 -365.197
10049.2 -412.06 10120.7 -374.309
10065.3 -438.096 10136.7 -392.534
10081.3 -447.208 10151.3 -376.913
10095.6 -456.32 10167.4 -365.197
10110.5 -419.871 10182.2 -392.534
10126.5 -436.794 10198.3 -380.818
10142.3 -481.053 10213.4 -352.18
10157.1 -455.018 10228.3 -359.99
10172.6 -464.131 10244.3 -388.629
10188.4 -395.138 10259.8 -375.611
10204.1 -434.19 10274.4 -387.327
10218.4 -415.966 10291.6 -410.759
10234.7 -470.639 10305.3 -388.629
10250.2 -465.432 10321 -383.422
10265.3 -458.924 10337.7 -369.102
10279.9 -469.338 10352.5 -374.309
10296.3 -414.664 10367.4 -374.309
10311.4 -425.078 10383.2 -379.516
10326.9 -401.646 10398.3 -393.836
10342 -422.474 10415 -395.138
10357.5 -414.664 10429.3 -400.345
10374.1 -427.681 10444.7 -447.208
10387.8 -440.699 10460.2 -371.706
10403.6 -438.096 10476.2 -404.25
10419 -431.587 10492.5 -371.706
10435.1 -431.587 10505.7 -375.611
10449.7 -412.06 10522 -425.078
10465.7 -410.759 10537.4 -405.552
10480.9 -427.681 10553.2 -371.706
10496.9 -419.871 10568.4 -423.776
10511.5 -442.001 10584.1 -400.345
10526.9 -430.285 10599.6 -421.173
10543 -443.303 10615.3 -369.102
10557.9 -425.078 10629.9 -397.741
10573.6 -444.604 10646.2 -366.499
10588.5 -410.759 10660.8 -386.025
10604.2 -384.723 10676.3 -406.853
10619.1 -427.681 10691.4 -417.267
10634.9 -425.078 10707.8 -419.871
10650.3 -471.941 10722.6 -389.931
10665.8 -421.173 10738.7 -434.19
10680.9 -434.19 10753.6 -388.629
10696.7 -455.018 10769.6 -383.422
10711.9 -438.096 10785.4 -373.008
10727.3 -439.397 10800.2 -397.741
10742.5 -406.853 10815.7 -379.516
10758.8 -402.948 10831.7 -400.345
10773.4 -417.267 10846.9 -421.173
10788.6 -428.983 10861.8 -392.534
10804 -500.58 10877.8 -388.629
10819.5 -483.657 10893.3 -414.664
10834.9 -449.811 10909 -397.741
10850.7 -440.699 10924.2 -362.594
10866.1 -435.492 10939.4 -375.611
10881.9 -440.699 10954.3 -376.913
10897.1 -443.303 10970.3 -374.309
10911.1 -460.225 10985.5 -427.681
10928.9 -431.587 11000.9 -388.629
10942.9 -466.734 11017 -430.285
10957.2 -444.604 11031.3 -408.155
10973.2 -451.113 11047.9 -389.931
10988.7 -447.208 11062.5 -409.457
11005.3 -469.338 11077.6 -401.646
11019.3 -436.794 11093.7 -399.043
11035.9 -479.752 11109.1 -367.801
11051.4 -457.622 11125.2 -400.345
11066 -455.018 11139.5 -414.664
11081.7 -423.776 11155.5 -423.776
11096.3 -451.113 11170.7 -412.06
11112.1 -449.811 11186.2 -399.043
11128.1 -438.096 11202.2 -399.043
11143 -466.734 11217.7 -397.741
11159 -442.001 11231.7 -426.38
11173 -453.717 11248.9 -401.646
11190 -453.717 11262.9 -417.267
11204.8 -481.053 11278.7 -393.836
11220.3 -426.38 11294.4 -408.155
11235.5 -453.717 11309.9 -426.38
11250.9 -455.018 11325.6 -425.078
11265.5 -470.639 11341.1 -392.534
11282.1 -451.113 11356 -426.38
11297 -449.811 11371.7 -414.664
11313.1 -484.959 11387.5 -427.681
11328.5 -443.303 11402.1 -475.846
11343.7 -465.432 11418.7 -400.345
11358.9 -435.492 11433 -412.06
11374.1 -445.906 11448.8 -405.552
11389.8 -456.32 11464.8 -421.173
11405.3 -490.166 11479.4 -434.19
11419.6 -483.657 11495.5 -434.19
11435.9 -473.243 11510.4 -458.924
11450.8 -492.769 11526.4 -464.131
11467.1 -442.001 11541.9 -462.829
11482.3 -440.699 11557.3 -442.001
11498.4 -475.846 11572.2 -468.036
11513.3 -457.622 11588.3 -439.397
11528.1 -451.113 11603.2 -434.19
11543.6 -470.639 11619.2 -397.741
11559.4 -457.622 11633.5 -405.552
11575.4 -469.338 11649.9 -413.362
11590 -460.225 11665 -455.018
11604.9 -464.131 11680.5 -501.881
11621 -478.45 11696.3 -461.527
11636.4 -413.362 11712.3 -442.001
11652.2 -431.587 11727.2 -443.303
11667.4 -410.759 11742.4 -410.759
11682.3 -414.664 11757 -425.078
11697.7 -421.173 11773.6 -428.983
11713.8 -425.078 11787.9 -455.018
11728.7 -432.888 11804.3 -439.397
11743.9 -406.853 11819.8 -451.113
11759 -387.327 11834.9 -421.173
11775.4 -369.102 11850.7 -425.078
11789.7 -388.629 11866.5 -445.906
11804.9 -399.043 11881.1 -414.664
11820.6 -363.895 11896.8 -449.811
11836.7 -362.594 11912.6 -435.492
11851 -413.362 11927.2 -453.717
11867.4 -410.759 11942.7 -443.303
11883.1 -430.285 11959 -427.681
11897.7 -389.931 11974.2 -422.474
11912.9 -335.257 11989.4 -425.078
11929.5 -313.127 12004.9 -399.043
11945 -301.411 12020.1 -418.569
11959 -292.299 12035.5 -412.06
11974.8 -331.352 12051 -417.267
11990.9 -349.576 12066.8 -427.681
12006.3 -359.99 12082.3 -404.25
12022.1 -328.748 12097.5 -397.741
12036.7 -361.292 12113.5 -393.836
12051.9 -275.376 12128.4 -404.25
12068 -268.867 12144.5 -376.913
12083.4 -254.548 12159.4 -405.552
12098 -223.306 12174.9 -376.913
12113.5 -261.057 12190 -399.043
12128.4 -277.98 12205.2 -383.422
12144.5 -314.429 12221.3 -363.895
12159.7 -315.73 12237.4 -367.801
12175.1 -279.281 12252.3 -328.748
12190.9 -276.678 12267.5 -376.913
12205.8 -218.099 12282.9 -340.464
12221.6 -202.478 12299 -383.422
12236.8 -195.969 12313.9 -395.138
12252.3 -216.797 12329.1 -399.043
12267.5 -216.797 12345.2 -349.576
12283.5 -267.565 12360.1 -293.601
12299 -258.453 12376.1 -288.394
12313 -233.72 12390.5 -210.288
12328.8 -186.857 12406.5 -272.773
12344.6 -168.632 12422.6 -284.488
12360.4 -119.165 12436.9 -293.601
12375.6 -153.011 12453 -335.257
12390.8 -164.727 12468.5 -356.085
12406.8 -169.934 12483.7 -310.523
12422 -205.081 12500 -306.618
12436.9 -212.892 12514.1 -292.299
12451.5 -147.804 12530.7 -288.394
12468.2 -137.39 12545.3 -263.66
12484 -106.148 12561.4 -279.281
12498.6 -77.5092 12576.9 -281.885
12513.8 -44.9653 12591.5 -306.618
12529.3 -68.3969 12608.2 -320.937
12545.3 -73.6039 12622.2 -293.601
12560.3 -77.5092 12639.5 -261.057
12575.7 -81.4144 12654.4 -266.264
12590.4 -47.5688 12669 -236.323
12607 -84.0179 12685.4 -220.702
12621.3 3.1997 12700.3 -195.969
12637.1 30.5366 12715.8 -254.548
12652 18.8208 12730.4 -257.151
12668.1 18.8208 12746.4 -263.66
12684.2 30.5366 12762.5 -232.418
12699.1 25.3295 12776.9 -211.59
12714 29.2348 12792.6 -137.39
12729.2 57.8734 12808.4 -103.544
12745 100.831 12823.6 -86.6215
12760.2 130.772 12840 -73.6039
12775.4 111.245 12855.2 -124.372
12791.5 125.565 12870.1 -143.899
12806.7 150.298 12884.8 -179.046
12821.9 156.807 12901.4 -133.485
12838 142.488 12916.3 -102.243
12853.2 139.884 12931.8 -54.0776
12868.7 148.996 12947.6 -24.1372
12883.3 171.126 12962.8 7.10496
12899.1 171.126 12978.3 21.4243
12914.9 238.817 12994.4 4.50145
12930.1 240.119 13009.9 -51.474
12945.3 225.8 13024.8 -38.4565
12960.2 293.491 13040.9 -47.5688
12976.6 288.284 13055 -35.853
12991.2 247.93 13071.1 40.9506
13006.4 283.077 13086.6 52.6664
13021.9 257.042 13101.2 124.263
13037.7 280.474 13117.3 94.3226
13053.2 302.604 13133.4 121.659
13069.3 366.39 13148.9 81.305
13084.2 368.993 13164.1 95.6243
13099.1 404.14 13179.6 87.8138
13114.1 391.123 13195.1 116.452
13130.1 408.046 13210.9 150.298
13145.6 405.442 13225.8 219.291
13160.6 385.916 13241.6 267.456
13176.4 427.572 13256.8 280.474
13191.6 396.33 13272.6 309.112
13207.1 470.53 13287 266.154
13222.6 492.66 13303.6 267.456
13237.5 517.393 13318.9 237.516
13253 548.635 13334.7 302.604
13268.5 531.712 13350.2 359.881
13284.9 575.972 13366 404.14
13299.3 560.351 13380 478.341
13315 556.446 13397 453.607
13329.7 568.162 13411.3 491.358
13345.5 588.99 13427.1 428.874
13361.9 635.853 13443.5 430.176
13376.5 698.337 13458.4 443.193
13392 695.734 13474 449.702
13407.2 738.692 13488 492.66
13422.2 750.407 13505.3 553.842
13438.5 730.881 13520.5 574.67
13453.5 772.537 13535.7 596.8
13469 759.52 13550.9 607.214
13483.3 805.081 13566.7 595.499
13499.7 805.081 13582.8 615.025
13514.6 863.66 13598.1 621.534
13530.2 879.281 13613.3 656.681
13545.4 924.843 13629.4 691.828
13561.8 927.446 13645.8 706.148
13576.7 949.576 13662.2 746.502
13590.8 935.257 13677.4 799.874
13607.4 956.085 13692 795.969
13622.6 953.481 13699.9 871.471
13638.8 940.464 13684.1 866.264
13653.7 931.352 13668.6 879.281
