6015.38 -406.853 6030.66 -367.801
6004.81 -354.783 6045.94 -357.387
6000.1 -343.067 6061.21 -362.594
6010.68 -328.748 6076.49 -340.464
6026.25 -311.825 6092.06 -361.292
6040.35 -292.299 6107.33 -340.464
6056.8 -348.274 6123.19 -374.309
6072.08 -326.144 6137.88 -369.102
6088.24 -340.464 6153.74 -376.913
6103.81 -356.085 6169.02 -386.025
6118.79 -330.05 6184.58 -405.552
6134.65 -302.713 6200.44 -363.895
6149.34 -333.955 6215.42 -374.309
6165.49 -353.481 6231.28 -366.499
6181.35 -350.878 6246.84 -340.464
6196.33 -345.671 6262.41 -314.429
6211.9 -354.783 6277.68 -387.327
6227.17 -365.197 6291.77 -388.629
6242.44 -324.843 6308.51 -410.759
6257.71 -341.766 6322.9 -418.569
6273.27 -344.369 6338.75 -386.025
6289.13 -319.636 6353.73 -367.801
6303.81 -320.937 6370.46 -369.102
6320.26 -346.973 6385.44 -327.446
6334.94 -396.439 6400.99 -388.629
6350.2 -358.688 6415.38 -359.99
6366.94 -337.86 6431.53 -365.197
6381.33 -352.18 6446.79 -383.422
6396.89 -352.18 6462.64 -382.12
6411.86 -318.334 6478.49 -361.292
6427.71 -346.973 6493.17 -380.818
6442.98 -345.671 6509.31 -358.688
6458.24 -354.783 6524.28 -362.594
6474.09 -369.102 6539.84 -362.594
6489.94 -333.955 6555.98 -345.671
6504.62 -369.102 6570.65 -378.215
6520.47 -317.032 6585.62 -363.895
6535.73 -323.541 6600.59 -370.404
6551.28 -331.352 6617.61 -357.387
6566.55 -330.05 6631.99 -362.594
6582.1 -350.878 6647.54 -387.327
6597.36 -376.913 6662.8 -374.309
6613.2 -359.99 6678.93 -361.292
6628.46 -367.801 6693.9 -353.481
6643.43 -346.973 6709.15 -397.741
6658.69 -343.067 6725.29 -382.12
6674.24 -323.541 6740.54 -346.973
6690.38 -330.05 6755.8 -348.274
6705.34 -330.05 6770.76 -371.706
6720.89 -358.688 6787.19 -369.102
6736.73 -350.878 6802.44 -378.215
6751.69 -366.499 6817.69 -346.973
6767.24 -376.913 6832.65 -358.688
6781.9 -356.085 6848.49 -367.801
6798.63 -331.352 6862.86 -361.292
6813.29 -331.352 6879.28 -328.748
6829.13 -322.239 6894.24 -376.913
6843.8 -352.18 6909.78 -362.594
6858.75 -349.576 6925.61 -391.232
6875.47 -366.499 6941.16 -365.197
6890.72 -376.913 6957.28 -361.292
6905.09 -336.559 6971.65 -386.025
6921.22 -358.688 6987.48 -406.853
6936.17 -341.766 7002.14 -374.309
6952.3 -331.352 7017.68 -405.552
6968.13 -380.818 7033.51 -345.671
6982.79 -333.955 7049.34 -399.043
6998.04 -378.215 7063.7 -380.818
7014.45 -343.067 7080.12 -380.818
7029.99 -319.636 7095.36 -367.801
7044.94 -359.99 7110.9 -362.594
7060.19 -356.085 7126.43 -374.309
7076.02 -328.748 7141.38 -346.973
7091.26 -335.257 7156.91 -358.688
7106.21 -348.274 7172.74 -362.594
7121.74 -290.997 7188.27 -366.499
7136.98 -373.008 7203.51 -383.422
7152.81 -359.99 7217.57 -375.611
7168.64 -356.085 7234.28 -366.499
7183.29 -346.973 7250.1 -391.232
7198.82 -346.973 7264.75 -363.895
7214.35 -353.481 7280.57 -358.688
7230.18 -358.688 7294.93 -375.611
7245.12 -333.955 7311.92 -380.818
7260.36 -327.446 7325.98 -361.292
7276.18 -332.653 7342.68 -356.085
7291.71 -309.222 7357.03 -397.741
7306.94 -324.843 7373.44 -367.801
7322.76 -354.783 7388.08 -366.499
7337.11 -367.801 7404.19 -371.706
7353.23 -353.481 7420.01 -388.629
7368.75 -350.878 7434.65 -384.723
7383.69 -350.878 7450.18 -369.102
7399.8 -365.197 7466.58 -345.671
7414.45 -345.671 7480.93 -366.499
7431.14 -326.144 7496.45 -378.215
7445.49 -323.541 7512.26 -370.404
7461.31 -345.671 7528.07 -404.25
7476.83 -345.671 7543.88 -379.516
7491.76 -339.162 7558.23 -373.008
7507.87 -327.446 7574.33 -353.481
7523.09 -361.292 7588.09 -357.387
7537.44 -341.766 7604.78 -315.73
7552.38 -343.067 7620.3 -387.327
7568.48 -374.309 7635.52 -418.569
7584.87 -320.937 7651.33 -386.025
7599.81 -352.18 7665.67 -408.155
7615.03 -343.067 7682.65 -366.499
7630.54 -354.783 7696.99 -374.309
7645.47 -339.162 7712.5 -399.043
7661.57 -353.481 7727.43 -349.576
7676.8 -349.576 7742.65 -365.197
7692.31 -336.559 7759.62 -326.144
7707.82 -328.748 7774.55 -371.706
7723.33 -326.144 7790.35 -396.439
7738.26 -327.446 7805.27 -402.948
7754.06 -352.18 7821.08 -356.085
7769.28 -344.369 7836.58 -386.025
7783.91 -404.25 7850.92 -345.671
7800.01 -363.895 7867.31 -361.292
7815.22 -344.369 7882.81 -388.629
7831.02 -318.334 7898.61 -349.576
7846.53 -349.576 7914.12 -365.197
7862.62 -367.801 7928.45 -365.197
7877.25 -349.576 7943.96 -371.706
7892.76 -363.895 7959.17 -357.387
7907.68 -322.239 7974.67 -371.706
7923.48 -352.18 7990.17 -399.043
7938.4 -353.481 8006.55 -392.534
7953.32 -344.369 8021.18 -414.664
7969.7 -367.801 8036.68 -356.085
7985.49 -339.162 8052.76 -366.499
8000.7 -353.481 8066.51 -344.369
8016.2 -341.766 8082.59 -361.292
8031.41 -343.067 8098.38 -393.836
8046.62 -346.973 8114.76 -356.085
8061.83 -344.369 8129.09 -379.516
8078.21 -340.464 8145.46 -356.085
8093.41 -352.18 8160.37 -382.12
8109.2 -358.688 8175.58 -395.138
8123.24 -359.99 8190.49 -384.723
8139.61 -314.429 8206.57 -376.913
8155.4 -346.973 8221.19 -365.197
8170.32 -348.274 8238.14 -358.688
8185.23 -327.446 8253.05 -348.274
8200.72 -336.559 8267.38 -374.309
8216.51 -318.334 8282.87 -359.99
8231.13 -358.688 8298.95 -367.801
8246.04 -354.783 8315.32 -344.369
8262.7 -346.973 8330.81 -358.688
8277.9 -322.239 8345.42 -349.576
8293.68 -333.955 8360.62 -376.913
8308.89 -327.446 8375.82 -362.594
8324.08 -348.274 8391.31 -369.102
8339.58 -328.748 8406.8 -396.439
8355.07 -356.085 8421.99 -400.345
8370.26 -348.274 8437.48 -352.18
8385.75 -354.783 8453.84 -350.878
8400.95 -333.955 8469.33 -383.422
8415.56 -365.197 8483.65 -366.499
8432.8 -376.913 8499.14 -350.878
8447.12 -358.688 8514.33 -357.387
8462.9 -361.292 8530.98 -396.439
8478.39 -335.257 8546.18 -363.895
8493.88 -306.618 8562.25 -393.836
8508.49 -337.86 8577.14 -396.439
8524.26 -340.464 8592.92 -348.274
8539.75 -318.334 8607.53 -348.274
8556.11 -335.257 8622.72 -339.162
8570.72 -332.653 8638.78 -343.067
8585.91 -318.334 8654.56 -343.067
8601.1 -322.239 8668.87 -362.594
8616.87 -310.523 8685.23 -379.516
8632.06 -323.541 8700.71 -410.759
8647.84 -332.653 8715.6 -359.99
8662.44 -362.594 8731.96 -369.102
8679.39 -366.499 8747.15 -369.102
8694.28 -358.688 8762.63 -369.102
8709.18 -362.594 8777.52 -354.783
8724.37 -358.688 8792.41 -363.895
8740.43 -310.523 8808.48 -359.99
8755.32 -366.499 8823.66 -376.913
8770.51 -350.878 8839.43 -387.327
8787.16 -330.05 8854.32 -352.18
8801.76 -337.86 8870.68 -376.913
8817.82 -327.446 8885.86 -357.387
8833.01 -366.499 8902.21 -363.895
8848.78 -358.688 8916.23 -324.843
8862.79 -362.594 8932.28 -332.653
8877.68 -341.766 8947.47 -374.309
8894.33 -345.671 8962.36 -379.516
8909.22 -331.352 8978.12 -374.309
8924.99 -345.671 8994.18 -392.534
8940.17 -335.257 9009.36 -356.085
8955.93 -358.688 9024.54 -362.594
8970.82 -344.369 9039.72 -392.534
8986.88 -366.499 9054.9 -324.843
9002.35 -344.369 9071.25 -335.257
9017.24 -365.197 9085.55 -365.197
9032.71 -363.895 9102.48 -349.576
9048.19 -330.05 9117.08 -358.688
9063.95 -326.144 9132.26 -346.973
9078.26 -354.783 9147.73 -359.99
9095.48 -348.274 9162.9 -376.913
9109.49 -346.973 9178.95 -388.629
9124.96 -361.292 9195.01 -392.534
9141.01 -320.937 9210.48 -379.516
9155.9 -343.067 9225.07 -339.162
9171.37 -362.594 9241.71 -401.646
9186.84 -319.636 9256.88 -384.723
9202.3 -339.162 9271.76 -373.008
9218.07 -340.464 9286.07 -358.688
9233.24 -357.387 9303.28 -391.232
9248.71 -333.955 9318.17 -383.422
9263.3 -359.99 9333.05 -359.99
9279.06 -373.008 9348.81 -365.197
9295.99 -345.671 9363.98 -374.309
9309.12 -352.18 9379.15 -395.138
9325.17 -362.594 9395.5 -369.102
9340.64 -362.594 9411.54 -361.292
9357.85 -320.937 9426.13 -367.801
9371.86 -335.257 9441.6 -376.913
9387.32 -331.352 9457.35 -389.931
9401.62 -354.783 9472.53 -391.232
9418.84 -369.102 9487.7 -375.611
9433.43 -366.499 9503.16 -354.783
9449.77 -352.18 9519.21 -348.274
9463.19 -340.464 9534.09 -370.404
9480.11 -352.18 9550.13 -350.878
9496.16 -304.015 9565.89 -375.611
9511.04 -317.032 9580.48 -393.836
9525.63 -361.292 9596.52 -386.025
9540.8 -346.973 9611.98 -367.801
9556.26 -326.144 9626.57 -367.801
9572.89 -350.878 9641.74 -356.085
9587.48 -365.197 9657.49 -397.741
9602.36 -322.239 9673.54 -408.155
9618.69 -328.748 9688.71 -419.871
9634.16 -322.239 9703.59 -399.043
9649.03 -340.464 9718.75 -388.629
9664.79 -326.144 9735.09 -434.19
9679.96 -336.559 9751.13 -435.492
9695.13 -356.085 9765.43 -421.173
9710.29 -341.766 9781.47 -405.552
9726.34 -350.878 9796.64 -409.457
9740.63 -354.783 9811.81 -442.001
9756.68 -349.576 9827.27 -371.706
9773.01 -328.748 9843.02 -399.043
9788.18 -354.783 9858.77 -408.155
9803.93 -327.446 9873.65 -406.853
9818.81 -333.955 9889.4 -406.853
9833.39 -348.274 9904.85 -384.723
9849.73 -358.688 9919.73 -397.741
9864.6 -348.274 9935.19 -356.085
9880.06 -340.464 9950.36 -378.215
9895.23 -380.818 9966.69 -395.138
9911.27 -339.162 9982.15 -397.741
9925.86 -348.274 9997.02 -380.818
9942.77 -328.748 10013.4 -399.043
9956.48 -348.274 10028.8 -404.25
9972.23 -346.973 10044.6 -383.422
9987.98 -345.671 10059.4 -396.439
10003.4 -344.369 10074 -406.853
10018.9 -378.215 10089.8 -401.646
10033.5 -358.688 10104.9 -384.723
10048.9 -324.843 10120.7 -387.327
10065.8 -353.481 10136.4 -401.646
10079.9 -311.825 10151 -405.552
10095.6 -306.618 10167.4 -406.853
10110.5 -371.706 10182.2 -402.948
10127.4 -354.783 10197.4 -404.25
10142.6 -361.292 10213.1 -399.043
10157.4 -332.653 10229.2 -399.043
10172.6 -340.464 10244.3 -382.12
10188.4 -333.955 10259.8 -373.008
10203.5 -358.688 10275.3 -379.516
10219 -349.576 10290.1 -419.871
10233.8 -332.653 10305.6 -409.457
10250.2 -361.292 10321.6 -397.741
10265.6 -376.913 10337.7 -408.155
10279.9 -363.895 10352.8 -405.552
10296 -367.801 10368.6 -395.138
10312.3 -353.481 10383.5 -358.688
10326.6 -356.085 10398.9 -380.818
10342.3 -356.085 10413.8 -379.516
10358.4 -349.576 10429.5 -392.534
10373.3 -348.274 10445 -393.836
10388.4 -330.05 10461 -387.327
10403.6 -323.541 10475.9 -406.853
10419.9 -353.481 10492.2 -432.888
10435.4 -345.671 10507.4 -402.948
10450.5 -352.18 10522.3 -348.274
10465.4 -361.292 10537.4 -376.913
10481.5 -339.162 10553.8 -389.931
10496.3 -353.481 10569.2 -371.706
10511.5 -300.109 10584.1 -357.387
10527.5 -318.334 10599.6 -384.723
10542.4 -340.464 10614.7 -393.836
10558.1 -331.352 10630.8 -376.913
10573.9 -357.387 10645.1 -380.818
10587.9 -346.973 10662.3 -414.664
10603.9 -343.067 10677.4 -389.931
10619.4 -359.99 10692 -344.369
10635.1 -352.18 10707.5 -380.818
10650.6 -344.369 10722.9 -371.706
10665.2 -332.653 10738.4 -382.12
10681.2 -336.559 10754.1 -388.629
10696.4 -361.292 10769.6 -387.327
10712.7 -337.86 10784.8 -362.594
10727.3 -356.085 10800.8 -395.138
10743.1 -363.895 10816.6 -405.552
10758.2 -356.085 10831.1 -361.292
10773.4 -346.973 10847.2 -345.671
10789.4 -324.843 10861.8 -362.594
10803.7 -296.204 10877 -361.292
10820.1 -340.464 10893 -400.345
10835.2 -344.369 10908.5 -382.12
10850.7 -361.292 10923.6 -417.267
10865.6 -349.576 10938.8 -379.516
10882.2 -353.481 10954.3 -349.576
10896.5 -330.05 10970.3 -365.197
10912.2 -345.671 10985.8 -373.008
10928 -335.257 11001.2 -386.025
10942.6 -353.481 11016.1 -369.102
10958.3 -341.766 11031.5 -378.215
10973.8 -346.973 11047.3 -367.801
10989.3 -337.86 11063.6 -378.215
11004.7 -319.636 11078.5 -375.611
11020.2 -341.766 11094.6 -375.611
11035.6 -348.274 11108.9 -389.931
11051.1 -367.801 11124.6 -380.818
11065.7 -358.688 11140.7 -362.594
11081.7 -317.032 11154.4 -363.895
11096.6 -374.309 11171 -512.296
11112.1 -346.973 11187 -559.159
11128.1 -326.144 11201.3 -556.555
11143.3 -391.232 11217.1 -578.685
11158.5 -350.878 11232.5 -543.538
11173.9 -371.706 11248 -509.692
11190.5 -362.594 11264.4 -510.994
11204.5 -366.499 11278.7 -478.45
11220 -335.257 11294.1 -481.053
11236.1 -335.257 11309.9 -466.734
11250.6 -317.032 11325.3 -529.218
11267 -344.369 11340.8 -522.71
11281.9 -337.86 11355.7 -500.58
11297.9 -324.843 11371.4 -507.089
11312.2 -353.481 11386.3 -474.545
11328.5 -335.257 11402.7 -486.26
11343.7 -363.895 11418.4 -491.467
11358.9 -369.102 11433.3 -470.639
11374.7 -318.334 11448.5 -479.752
11390.1 -335.257 11464.8 -452.415
11404.4 -310.523 11480 -495.373
11420.5 -335.257 11496.1 -491.467
11436.2 -344.369 11510.9 -461.527
11451.1 -337.86 11526.4 -427.681
11466 -345.671 11541.6 -427.681
11482.6 -335.257 11556.5 -435.492
11498.1 -344.369 11572.2 -414.664
11513 -336.559 11587.1 -423.776
11527.6 -349.576 11603.2 -443.303
11543.6 -349.576 11618.6 -432.888
11558.8 -348.274 11634.7 -444.604
11575.1 -327.446 11649.3 -435.492
11589.4 -331.352 11665.6 -462.829
11606.1 -320.937 11680.5 -448.51
11620.4 -346.973 11696.6 -388.629
11635.9 -300.109 11711.4 -383.422
11651 -324.843 11726.6 -362.594
11666.8 -276.678 11743 -380.818
11682.6 -306.618 11757.9 -422.474
11698 -311.825 11773.9 -418.569
11713.2 -298.808 11788.2 -444.604
11728.1 -275.376 11804.3 -417.267
11743.6 -272.773 11819.8 -413.362
11759 -292.299 11834.9 -389.931
11775.1 -301.411 11851 -344.369
11791.1 -305.316 11866.2 -361.292
11804.6 -313.127 11881.1 -358.688
11821.5 -290.997 11897.4 -391.232
11837 -319.636 11912.6 -392.534
11851.9 -254.548 11926.9 -383.422
11867.9 -270.169 11942.1 -396.439
11881.9 -224.608 11958.2 -335.257
11897.4 -271.471 11974.2 -367.801
11913.8 -249.341 11990 -345.671
11929 -281.885 12006.3 -345.671
11944.7 -310.523 12019.8 -343.067
11959.9 -248.039 12035.3 -333.955
11975.1 -254.548 12051 -371.706
11990.9 -235.022 12067.4 -369.102
12005.8 -185.555 12082 -362.594
12020.9 -208.986 12097.8 -335.257
12036.1 -141.295 12112.9 -340.464
12052.2 -189.46 12128.7 -343.067
12068 -223.306 12143.9 -326.144
12083.1 -245.436 12159.4 -335.257
12098 -258.453 12174.6 -335.257
12113.8 -206.383 12190.3 -319.636
12128.7 -203.779 12206.4 -317.032
12144.2 -197.271 12221.9 -302.713
12160 -94.432 12237.4 -311.825
12175.4 -130.881 12252.6 -332.653
12190 -146.502 12267.8 -328.748
12206.1 -159.52 12282.6 -309.222
12221.6 -142.597 12298.7 -307.92
12236.5 -192.064 12313.9 -301.411
12252.3 -208.986 12328.8 -277.98
12267.5 -166.029 12344.9 -298.808
12283.8 -81.4144 12361.2 -264.962
12298.7 -94.432 12375.6 -309.222
12313 -37.1547 12391 -289.695
12328.8 -81.4144 12406.5 -300.109
12344.6 -112.657 12422.6 -296.204
12360.4 -134.786 12438.1 -270.169
12375.9 -143.899 12452.7 -280.583
12390.8 -102.243 12468.2 -306.618
12406.5 -73.6039 12484 -262.358
12421.1 -31.9477 12499.8 -268.867
12436.9 -20.2319 12514.4 -257.151
12453 -33.2495 12530.4 -251.944
12467.6 -51.474 12545.6 -253.246
12482.8 -57.9828 12561.7 -284.488
12498 -63.1898 12576.3 -271.471
12514.4 -80.1127 12591.2 -220.702
12528.7 -35.853 12607 -198.572
12545 -11.1196 12623.1 -149.106
12560.3 40.9506 12638 -182.951
12575.5 95.6243 12653.5 -203.779
12591.5 87.8138 12669.3 -224.608
12606.7 78.7015 12684.8 -242.832
12621.6 73.4945 12701.4 -202.478
12636.5 18.8208 12715.8 -172.537
12652.6 25.3295 12730.7 -143.899
12668.7 42.2524 12746.2 -89.225
12683.3 85.2103 12762.5 -63.1898
12698.5 138.582 12777.2 -52.7758
12714.3 135.979 12792.6 -98.3372
12729.2 165.919 12808.4 -117.864
12745 163.316 12823.9 -125.674
12760.8 178.937 12840 -123.071
12774.8 182.842 12855.2 -123.071
12791.8 143.789 12871 -81.4144
12806.4 178.937 12885.9 11.0102
12822.5 214.084 12900.8 1.89794
12837.4 223.196 12917.2 48.7611
12852.9 246.628 12931.8 35.7436
12867.8 280.474 12948.2 -13.7231
12883.9 294.793 12963.1 -72.3021
12900 311.716 12978.6 -57.9828
12914.9 309.112 12994.1 -5.91259
12930.1 273.965 13009.6 43.5541
12945.3 294.793 13025.1 103.435
12960.5 319.526 13040.9 158.109
12976.3 313.018 13055.9 152.902
12992.1 379.407 13071.1 111.245
13006.7 398.933 13087.1 93.0208
13022.2 478.341 13102.7 43.5541
13036.8 443.193 13117.3 56.5717
13052.6 452.305 13133.7 89.1156
13068.7 418.46 13148.9 147.695
13083.9 441.891 13164.7 227.102
13098.5 461.418 13179.3 279.172
13114.6 434.081 13195.1 273.965
13130.4 457.512 13210.6 285.681
13145.4 534.316 13225.8 236.214
13160.9 562.955 13241.9 197.161
13176.1 598.102 13256.8 190.653
13191.3 635.853 13271.8 232.309
13208 635.853 13288.1 292.189
13222.9 651.474 13303.9 382.011
13237.5 617.628 13318.6 465.323
13253.6 611.12 13334.1 500.47
13268.8 609.818 13349.6 513.488
13283.2 650.172 13366.3 478.341
13300.7 668.397 13380.9 449.702
13314.2 728.278 13396.1 409.347
13330 786.857 13411.3 422.365
13346.9 777.744 13427.4 451.004
13360.7 851.944 13442.6 538.221
13376.2 840.229 13458.4 603.309
13391.7 820.702 13474 639.758
13406.9 792.064 13488.9 635.853
13421.6 786.857 13505.3 651.474
13437.4 850.643 13520.2 613.723
13453.5 920.937 13536 590.291
13468.1 959.99 13551.8 626.741
13483.9 1019.87 13566.7 663.19
13500 1032.89 13582 691.828
13514.6 970.404 13598.1 779.046
13529.6 954.783 13613 808.987
13546.3 898.808 13629.4 850.643
13561.8 935.257 13645.5 825.909
13575.8 946.973 13661.3 832.418
13591.9 1038.1 13677.7 797.271
13607.4 1099.28 13692 808.987
13623.5 1169.57 13699.9 864.962
13637.3 1195.61 13684.1 933.955
13653.1 1104.49 13669.2 1036.79
