6015.09 -436.794 6030.07 -473.243
6004.81 -410.759 6046.52 -443.303
6000.69 -418.569 6059.74 -438.096
6010.98 -453.717 6076.78 -494.071
6025.37 -436.794 6092.06 -494.071
6041.24 -421.173 6107.63 -501.881
6057.39 -415.966 6123.19 -484.959
6071.79 -408.155 6137 -495.373
6087.65 -427.681 6153.74 -471.941
6103.81 -393.836 6168.72 -483.657
6118.79 -432.888 6185.76 -456.32
6134.36 -440.699 6200.73 -499.278
6149.34 -436.794 6215.71 -482.355
6165.2 -451.113 6230.69 -478.45
6181.94 -432.888 6247.14 -484.959
6195.45 -435.492 6261.82 -521.408
6211.9 -419.871 6277.38 -509.692
6226.87 -422.474 6293.53 -483.657
6242.73 -413.362 6308.51 -492.769
6258 -447.208 6323.78 -475.846
6273.27 -415.966 6338.46 -462.829
6288.25 -474.545 6354.61 -462.829
6304.4 -421.173 6369.88 -466.734
6319.96 -449.811 6384.85 -512.296
6334.94 -453.717 6400.99 -508.39
6349.91 -423.776 6416.26 -448.51
6366.06 -466.734 6431.53 -473.243
6381.62 -417.267 6446.79 -478.45
6396.89 -458.924 6462.35 -504.485
6411.57 -455.018 6477.91 -474.545
6427.71 -458.924 6493.76 -505.787
6443.27 -458.924 6508.43 -481.053
6458.24 -422.474 6523.99 -503.183
6474.68 -428.983 6539.84 -505.787
6489.65 -442.001 6554.51 -479.752
6504.32 -449.811 6570.07 -478.45
6521.05 -428.983 6586.5 -471.941
6535.73 -439.397 6601.17 -486.26
6550.99 -438.096 6616.73 -474.545
6566.25 -427.681 6632.28 -484.959
6581.51 -426.38 6647.24 -505.787
6597.36 -456.32 6663.38 -490.166
6612.62 -455.018 6678.64 -504.485
6628.76 -444.604 6694.19 -470.639
6643.43 -464.131 6708.57 -460.225
6659.27 -431.587 6724.7 -469.338
6674.82 -449.811 6739.96 -484.959
6689.79 -427.681 6756.09 -497.976
6705.92 -460.225 6770.76 -451.113
6721.77 -445.906 6786.3 -518.804
6737.02 -400.345 6802.44 -505.787
6751.4 -427.681 6818.28 -471.941
6766.65 -422.474 6832.06 -471.941
6783.08 -438.096 6848.19 -452.415
6797.74 -431.587 6863.44 -483.657
6814.46 -465.432 6879.57 -452.415
6828.54 -426.38 6894.53 -490.166
6843.8 -457.622 6910.37 -482.355
6860.8 -451.113 6925.32 -488.864
6875.47 -436.794 6940.86 -471.941
6891.01 -409.457 6956.11 -477.148
6905.67 -451.113 6972.24 -462.829
6921.22 -442.001 6987.48 -471.941
6937.34 -438.096 7002.73 -484.959
6951.42 -442.001 7016.8 -466.734
6967.25 -447.208 7033.8 -473.243
6983.67 -426.38 7049.34 -508.39
6998.33 -415.966 7064 -517.503
7014.45 -431.587 7079.83 -504.485
7028.82 -435.492 7095.07 -492.769
7044.94 -440.699 7111.19 -473.243
7059.9 -422.474 7126.43 -473.243
7076.02 -415.966 7141.38 -460.225
7091.26 -445.906 7156.62 -483.657
7106.5 -410.759 7173.33 -474.545
7122.33 -452.415 7188.27 -496.675
7136.69 -442.001 7203.22 -481.053
7153.1 -438.096 7218.75 -477.148
7168.34 -402.948 7234.57 -488.864
7183.29 -452.415 7250.1 -486.26
7199.11 -444.604 7265.34 -482.355
7214.06 -440.699 7280.57 -479.752
7230.18 -439.397 7296.1 -501.881
7245.12 -447.208 7311.63 -488.864
7260.36 -432.888 7326.86 -481.053
7276.76 -397.741 7341.51 -503.183
7291.41 -421.173 7358.5 -491.467
7307.23 -417.267 7372.56 -483.657
7322.47 -436.794 7388.38 -483.657
7337.7 -453.717 7404.19 -479.752
7354.11 -435.492 7419.43 -488.864
7368.75 -479.752 7434.95 -483.657
7383.4 -464.131 7450.47 -468.036
7400.09 -457.622 7466.58 -482.355
7415.32 -447.208 7480.93 -503.183
7429.97 -414.664 7497.03 -487.562
7445.78 -432.888 7512.55 -491.467
7461.01 -414.664 7527.49 -504.485
7476.53 -479.752 7543.01 -477.148
7491.47 -432.888 7557.06 -473.243
7507.87 -484.959 7574.04 -466.734
7522.8 -447.208 7589.56 -484.959
7537.73 -431.587 7604.2 -490.166
7553.55 -435.492 7620.3 -488.864
7568.77 -444.604 7634.93 -491.467
7584.58 -453.717 7651.62 -496.675
7598.93 -453.717 7666.55 -495.373
7614.74 -457.622 7681.48 -488.864
7630.54 -475.846 7698.16 -462.829
7646.35 -483.657 7711.63 -466.734
7661.28 -447.208 7728.02 -512.296
7677.38 -447.208 7743.82 -474.545
7692.31 -440.699 7758.74 -475.846
7707.82 -469.338 7775.13 -490.166
7721.87 -447.208 7788.89 -495.373
7739.14 -458.924 7805.86 -465.432
7753.77 -448.51 7821.95 -486.26
7768.7 -473.243 7835.41 -499.278
7783.62 -481.053 7852.09 -487.562
7800.01 -452.415 7867.31 -468.036
7816.39 -465.432 7882.52 -487.562
7830.73 -451.113 7898.9 -550.046
7846.24 -421.173 7913.53 -483.657
7862.62 -423.776 7929.33 -468.036
7877.25 -431.587 7943.96 -465.432
7891.88 -475.846 7959.46 -462.829
7908.27 -440.699 7975.55 -483.657
7923.19 -481.053 7990.76 -457.622
7938.98 -469.338 8005.67 -494.071
7953.02 -430.285 8020.88 -512.296
7970.57 -418.569 8036.97 -516.201
7984.91 -427.681 8051.89 -504.485
8000.41 -430.285 8067.09 -471.941
8015.62 -426.38 8082.59 -452.415
8031.71 -447.208 8098.68 -500.58
8046.62 -458.924 8113 -481.053
8062.41 -444.604 8129.97 -452.415
8078.21 -417.267 8144.58 -486.26
8094 -419.871 8160.37 -517.503
8108.33 -438.096 8175.87 -483.657
8122.36 -425.078 8191.07 -466.734
8139.32 -444.604 8206.57 -468.036
8154.53 -439.397 8222.36 -462.829
8169.73 -453.717 8236.97 -495.373
8185.23 -449.811 8253.34 -468.036
8201.31 -453.717 8268.25 -466.734
8216.51 -464.131 8283.75 -496.675
8231.42 -473.243 8298.95 -496.675
8246.62 -425.078 8314.73 -520.106
8262.11 -422.474 8330.22 -465.432
8278.19 -442.001 8345.71 -444.604
8292.81 -422.474 8361.2 -477.148
8309.47 -447.208 8376.4 -483.657
8323.79 -462.829 8392.77 -460.225
8339.58 -439.397 8407.09 -461.527
8354.48 -431.587 8423.16 -462.829
8369.09 -435.492 8438.06 -487.562
8386.05 -422.474 8453.55 -509.692
8401.24 -447.208 8469.62 -490.166
8416.44 -436.794 8485.11 -471.941
8432.22 -452.415 8500.01 -491.467
8447.12 -436.794 8516.08 -484.959
8462.61 -436.794 8530.69 -495.373
8477.81 -453.717 8546.18 -462.829
8494.46 -435.492 8562.25 -456.32
8509.07 -431.587 8577.14 -466.734
8525.14 -443.303 8592.34 -491.467
8539.46 -426.38 8608.7 -500.58
8555.82 -451.113 8623.59 -487.562
8570.42 -452.415 8639.08 -492.769
8586.2 -479.752 8653.97 -483.657
8601.39 -443.303 8670.04 -444.604
8616.29 -462.829 8685.23 -473.243
8631.77 -443.303 8700.12 -474.545
8647.55 -436.794 8715.6 -479.752
8663.61 -434.19 8731.38 -492.769
8678.22 -457.622 8747.15 -473.243
8693.41 -452.415 8762.63 -466.734
8710.06 -455.018 8777.81 -464.131
8724.37 -439.397 8793 -474.545
8739.26 -436.794 8808.77 -486.26
8755.62 -465.432 8824.83 -491.467
8771.1 -435.492 8840.01 -501.881
8786.57 -458.924 8854.62 -479.752
8801.76 -434.19 8870.39 -474.545
8817.53 -465.432 8884.98 -483.657
8832.42 -501.881 8901.04 -505.787
8847.9 -484.959 8916.81 -465.432
8863.38 -478.45 8932.28 -482.355
8878.56 -461.527 8948.34 -492.769
8893.45 -474.545 8962.65 -478.45
8909.8 -445.906 8978.12 -495.373
8924.69 -444.604 8994.47 -495.373
8939.58 -473.243 9008.48 -482.355
8955.93 -458.924 9024.54 -509.692
8970.82 -462.829 9040.89 -477.148
8987.47 -474.545 9056.07 -492.769
9002.06 -474.545 9070.67 -462.829
9016.66 -447.208 9086.14 -461.527
9032.13 -438.096 9102.19 -488.864
9048.19 -468.036 9117.95 -487.562
9063.07 -453.717 9133.42 -496.675
9080.01 -432.888 9148.6 -473.243
9094.89 -469.338 9163.78 -465.432
9108.9 -477.148 9179.83 -482.355
9125.25 -478.45 9194.43 -471.941
9140.14 -462.829 9209.02 -453.717
9156.48 -436.794 9225.36 -488.864
9171.66 -483.657 9240.83 -465.432
9187.13 -431.587 9256.88 -499.278
9202.6 -442.001 9272.35 -518.804
9217.77 -458.924 9287.52 -477.148
9232.95 -470.639 9302.12 -483.657
9248.42 -503.183 9317.87 -448.51
9263.3 -478.45 9333.05 -460.225
9279.94 -483.657 9348.51 -469.338
9295.11 -456.32 9364.86 -469.338
9310 -449.811 9380.03 -499.278
9324.88 -438.096 9396.08 -510.994
9341.8 -457.622 9409.79 -484.959
9357.56 -447.208 9426.42 -475.846
9371.57 -451.113 9442.18 -495.373
9387.03 -457.622 9457.35 -478.45
9403.08 -449.811 9472.82 -468.036
9418.84 -461.527 9487.11 -496.675
9434.01 -453.717 9503.45 -475.846
9448.31 -452.415 9519.21 -504.485
9463.48 -461.527 9534.38 -494.071
9479.82 -430.285 9549.55 -484.959
9494.99 -409.457 9565.31 -505.787
9510.16 -456.32 9580.48 -439.397
9525.34 -470.639 9595.36 -439.397
9541.09 -491.467 9611.11 -445.906
9555.97 -466.734 9627.74 -461.527
9572.31 -439.397 9642.03 -462.829
9587.48 -453.717 9658.08 -471.941
9603.23 -451.113 9672.95 -490.166
9618.4 -460.225 9688.13 -490.166
9633.57 -457.622 9705.34 -509.692
9649.32 -486.26 9719.63 -479.752
9664.5 -481.053 9734.51 -460.225
9680.54 -475.846 9750.55 -448.51
9694.54 -461.527 9765.14 -507.089
9711.46 -452.415 9781.18 -474.545
9725.75 -431.587 9796.06 -494.071
9741.22 -449.811 9812.1 -488.864
9755.51 -455.018 9827.56 -484.959
9772.14 -451.113 9842.73 -479.752
9788.18 -477.148 9858.77 -477.148
9802.77 -452.415 9873.65 -464.131
9819.1 -443.303 9889.4 -455.018
9833.98 -435.492 9904.56 -466.734
9849.14 -451.113 9918.86 -494.071
9864.6 -448.51 9935.19 -468.036
9880.35 -443.303 9950.65 -501.881
9895.23 -456.32 9966.98 -481.053
9910.69 -466.734 9980.98 -505.787
9927.61 -464.131 9997.32 -479.752
9941.61 -477.148 10013.4 -474.545
9957.06 -509.692 10027.9 -461.527
9972.52 -469.338 10042.8 -455.018
9988.27 -457.622 10059.4 -492.769
10002.9 -483.657 10074.3 -487.562
10018.9 -440.699 10090.4 -500.58
10034.1 -439.397 10105.2 -484.959
10049.8 -436.794 10121 -471.941
10065.8 -461.527 10135.9 -458.924
10080.7 -473.243 10152.5 -460.225
10095.6 -457.622 10166.8 -449.811
10111.1 -442.001 10183.1 -497.976
10126.5 -452.415 10198.5 -482.355
10142.3 -457.622 10214 -512.296
10157.4 -461.527 10229.2 -516.201
10172.9 -468.036 10244.3 -484.959
10188.4 -456.32 10260.4 -490.166
10202.9 -439.397 10275 -443.303
10219 -453.717 10291 -458.924
10234.4 -431.587 10306.2 -475.846
10250.5 -445.906 10321.3 -457.622
10264.8 -478.45 10337.1 -479.752
10280.8 -453.717 10352.8 -501.881
10296.5 -462.829 10367.7 -495.373
10311.1 -455.018 10383.5 -462.829
10327.2 -466.734 10399.2 -479.752
10342 -494.071 10414.7 -460.225
10357.8 -471.941 10429.8 -465.432
10373.5 -443.303 10445.3 -465.432
10388.4 -465.432 10461 -491.467
10404.2 -432.888 10475.9 -490.166
10419.3 -474.545 10490.8 -499.278
10433.9 -457.622 10506.5 -500.58
10450.2 -448.51 10522 -455.018
10466 -464.131 10538.6 -466.734
10481.2 -452.415 10553.5 -510.994
10496.3 -460.225 10569.5 -469.338
10511.8 -444.604 10584.7 -435.492
10527.5 -435.492 10599.3 -486.26
10543 -461.527 10614.7 -499.278
10558.1 -457.622 10630.5 -484.959
10573 -478.45 10645.4 -503.183
10589.4 -466.734 10661.7 -468.036
10603.6 -462.829 10676.3 -466.734
10619.4 -444.604 10692.3 -458.924
10635.4 -490.166 10707.5 -444.604
10650.9 -439.397 10722.6 -470.639
10666.4 -466.734 10738.4 -482.355
10681.2 -475.846 10753.9 -452.415
10696.7 -469.338 10769.3 -473.243
10712.1 -477.148 10784.5 -509.692
10727 -455.018 10799.9 -504.485
10741.6 -487.562 10815.4 -462.829
10759.4 -436.794 10830.9 -453.717
10774 -466.734 10846.6 -479.752
10788.6 -421.173 10860.9 -461.527
10804.3 -473.243 10877.8 -475.846
10819.8 -469.338 10892.7 -522.71
10834.9 -474.545 10909 -479.752
10851.6 -464.131 10923.9 -499.278
10866.1 -468.036 10939.1 -478.45
10882.2 -456.32 10955.1 -460.225
10896.8 -427.681 10970.3 -475.846
10912.5 -438.096 10985.8 -491.467
10928 -455.018 11000.6 -479.752
10943.2 -455.018 11016.1 -503.183
10958.3 -461.527 11032.1 -495.373
10974.4 -475.846 11047.6 -525.313
10988.4 -436.794 11062.2 -495.373
11005 -466.734 11078.2 -496.675
11019.9 -435.492 11093.4 -466.734
11035 -477.148 11108.9 -468.036
11050.5 -432.888 11124.9 -442.001
11066.3 -428.983 11140.4 -516.201
11081.4 -458.924 11154.7 -462.829
11096.9 -426.38 11170.7 -501.881
11112.9 -453.717 11185.9 -483.657
11127.5 -447.208 11202.2 -497.976
11143.6 -432.888 11217.4 -443.303
11159 -435.492 11232.3 -470.639
11173.9 -440.699 11247.7 -453.717
11190 -461.527 11264.1 -464.131
11205.7 -422.474 11278.7 -486.26
11220.3 -431.587 11294.4 -465.432
11235.2 -449.811 11310.2 -492.769
11251.5 -405.552 11325 -484.959
11266.4 -440.699 11341.4 -471.941
11281.9 -460.225 11355.1 -490.166
11297 -439.397 11371.4 -470.639
11312.5 -452.415 11387.5 -447.208
11327.1 -461.527 11402.7 -466.734
11343.4 -466.734 11417.8 -507.089
11358.9 -457.622 11433.3 -483.657
11374.9 -432.888 11449.6 -533.124
11388.9 -435.492 11464.8 -494.071
11405.3 -432.888 11479.4 -499.278
11419.6 -432.888 11495.5 -445.906
11435.6 -412.06 11510.6 -469.338
11450.8 -473.243 11526.7 -445.906
11467.1 -427.681 11541.9 -465.432
11482.6 -462.829 11556.2 -481.053
11497.5 -453.717 11572.8 -483.657
11513.9 -415.966 11588.6 -487.562
11528.1 -436.794 11602 -491.467
11543 -442.001 11619.8 -494.071
11559.7 -431.587 11634.4 -478.45
11574.3 -458.924 11649.9 -438.096
11590.9 -442.001 11665 -483.657
11604.6 -453.717 11680.2 -455.018
11621 -445.906 11696.3 -478.45
11636.1 -428.983 11711.2 -471.941
11651.6 -423.776 11726.6 -448.51
11666.8 -414.664 11741.8 -484.959
11682 -405.552 11757.9 -482.355
11697.2 -408.155 11773.3 -466.734
11712.9 -436.794 11788.5 -474.545
11728.7 -427.681 11805.5 -456.32
11744.1 -419.871 11820.3 -527.917
11759.6 -422.474 11835.2 -497.976
11775.7 -415.966 11851 -495.373
11790 -408.155 11866.2 -477.148
11805.5 -395.138 11881.9 -473.243
11821.5 -402.948 11896.8 -473.243
11835.2 -436.794 11912.6 -464.131
11851.6 -434.19 11927.8 -461.527
11867.1 -400.345 11943.3 -462.829
11882.2 -401.646 11958.4 -490.166
11898.9 -391.232 11974.2 -505.787
11912.9 -395.138 11989.7 -469.338
11928.7 -396.439 12004.9 -479.752
11945.3 -373.008 12020.6 -468.036
11960.2 -379.516 12035.5 -507.089
11975.4 -399.043 12051.3 -466.734
11989.7 -378.215 12067.1 -516.201
12005.2 -363.895 12082 -507.089
12020.6 -332.653 12098.6 -514.899
12036.7 -354.783 12113.5 -546.141
12051.9 -343.067 12129.3 -487.562
12067.4 -346.973 12143.6 -482.355
12083.4 -340.464 12159.1 -494.071
12097.8 -328.748 12174.3 -500.58
12113.2 -310.523 12191.2 -484.959
12129 -292.299 12205.8 -497.976
12144.5 -267.565 12221.6 -499.278
12160 -266.264 12236.8 -477.148
12176.6 -279.281 12252.3 -488.864
12189.8 -266.264 12267.5 -503.183
12206.1 -267.565 12282.6 -456.32
12221.9 -245.436 12298.1 -451.113
12236.8 -249.341 12313.9 -452.415
12252.6 -289.695 12330.3 -462.829
12267.5 -268.867 12344.6 -456.32
12282.9 -251.944 12360.4 -473.243
12298.1 -202.478 12375.9 -464.131
12314.2 -176.443 12391 -449.811
12329.4 -177.744 12407.1 -421.173
12344.6 -146.502 12422 -405.552
12361 -195.969 12438.1 -409.457
12375.3 -202.478 12454.2 -421.173
12390.2 -163.425 12467.6 -458.924
12406.5 -188.158 12484.3 -400.345
12420.9 -162.123 12499.2 -421.173
12436.9 -138.692 12514.6 -436.794
12453 -100.941 12530.7 -358.688
12468.5 -106.148 12545.6 -346.973
12483.1 -97.0355 12561.7 -327.446
12498.6 -99.639 12576.6 -328.748
12513.8 -107.45 12591.8 -319.636
12529.3 -85.3197 12607.9 -302.713
12544.8 -99.639 12623.1 -300.109
12561.1 -42.3617 12638.9 -310.523
12575.5 -55.3793 12654.7 -318.334
12591.2 -31.9477 12668.7 -293.601
12606.4 -31.9477 12684.8 -261.057
12621.9 -7.21435 12700.9 -268.867
12637.7 11.0102 12716 -207.685
12652.3 -16.3266 12732.1 -255.85
12667.5 7.10496 12746.8 -259.755
12683.3 21.4243 12762 -268.867
12698.8 42.2524 12778 -210.288
12714 83.9085 12793.2 -166.029
12729.2 60.4769 12808.1 -163.425
12744.1 81.305 12824.2 -100.941
12760.5 95.6243 12840 -95.7337
12777.2 134.677 12854.6 -68.3969
12790.9 137.281 12870.1 -93.1302
12805.5 146.393 12886.2 -63.1898
12821 184.144 12900.8 -48.8705
12837.7 185.445 12916.6 -34.5512
12852 223.196 12932.7 -34.5512
12868.4 217.989 12947.6 9.70847
12883.6 204.972 12963.7 4.50145
12898.5 255.74 12978.3 40.9506
12914.3 236.214 12994.1 30.5366
12930.1 293.491 13009.9 72.1928
12945 284.379 13024.8 80.0033
12960.5 306.509 13039.8 93.0208
12976.9 302.604 13055.6 66.9857
12991.8 320.828 13071.6 63.0805
13007 358.579 13086.9 76.098
13022.2 391.123 13102.4 151.6
13038 385.916 13118.4 154.203
13052 365.088 13133.1 151.6
13068.7 378.105 13148.3 185.445
13082.8 371.597 13163.8 176.333
13099.4 426.27 13179.6 195.86
13114.1 437.986 13195.4 151.6
13130.4 466.625 13210.6 156.807
13145.6 527.807 13226.4 190.653
13160 535.618 13241.3 267.456
13176.4 495.263 13256.5 258.344
13192.2 534.316 13272.9 273.965
13207.7 535.618 13287.8 320.828
13221.4 539.523 13303.4 306.509
13237.8 569.463 13318.6 314.319
13253.9 586.386 13333.8 307.811
13268.5 615.025 13349.3 298.698
13284 644.965 13365.7 326.035
13299.5 667.095 13381.2 383.312
13314.2 698.337 13395.8 414.554
13330.3 677.509 13412.5 487.453
13346.4 657.983 13427.7 513.488
13360.4 700.941 13442.9 508.281
13375.9 739.993 13457.6 509.583
13391.4 790.762 13474.3 490.056
13406.9 807.685 13489.5 456.211
13423.3 815.495 13504.4 457.512
13437.7 835.022 13520.5 519.997
13453.2 835.022 13535.4 603.309
13469.3 851.944 13551.8 638.456
13485.1 844.134 13567.3 676.207
13499.7 828.513 13582.8 721.769
13514.1 868.867 13598.1 698.337
13530.2 930.05 13614.2 654.078
13545.7 973.008 13629.4 667.095
13561.2 1000.34 13645.5 690.527
13577 1004.25 13661 716.562
13591.9 978.215 13677.4 812.892
13607.1 970.404 13692.9 868.867
13623.2 952.18 13699.6 880.583
13638.2 939.162 13684.7 898.808
13653.4 910.523 13668.9 914.429
