6015.38 -477.148 6030.95 -430.285
6005.1 -399.043 6046.82 -431.587
6000.99 -432.888 6059.74 -432.888
6010.68 -415.966 6077.07 -464.131
6025.66 -451.113 6092.35 -435.492
6040.94 -458.924 6107.33 -469.338
6057.1 -448.51 6123.49 -440.699
6071.49 -438.096 6137.59 -475.846
6087.36 -395.138 6153.74 -440.699
6103.51 -449.811 6169.6 -410.759
6119.08 -415.966 6184.58 -484.959
6134.36 -422.474 6200.44 -474.545
6150.22 -439.397 6215.42 -466.734
6165.49 -410.759 6230.98 -470.639
6180.76 -439.397 6247.14 -445.906
6195.74 -443.303 6262.99 -440.699
6211.6 -436.794 6277.38 -453.717
6227.17 -466.734 6292.36 -477.148
6243.32 -422.474 6308.51 -449.811
6258.59 -435.492 6323.48 -453.717
6274.15 -448.51 6338.17 -481.053
6288.84 -419.871 6354.61 -491.467
6304.1 -436.794 6369.29 -458.924
6319.96 -426.38 6385.44 -447.208
6334.64 -432.888 6400.7 -439.397
6350.5 -451.113 6415.97 -452.415
6366.65 -439.397 6431.82 -464.131
6381.33 -426.38 6447.09 -431.587
6396.89 -455.018 6462.35 -462.829
6412.44 -431.587 6478.2 -466.734
6428 -456.32 6493.76 -465.432
6443.86 -439.397 6509.31 -439.397
6459.12 -432.888 6523.4 -430.285
6474.68 -474.545 6540.13 -474.545
6488.47 -452.415 6555.98 -477.148
6505.2 -442.001 6570.65 -466.734
6520.76 -445.906 6585.33 -468.036
6534.85 -436.794 6601.17 -447.208
6551.87 -413.362 6617.31 -479.752
6567.43 -432.888 6631.99 -442.001
6582.1 -421.173 6647.24 -438.096
6597.95 -440.699 6663.38 -449.811
6612.91 -460.225 6678.35 -431.587
6628.17 -449.811 6693.6 -435.492
6643.43 -457.622 6708.57 -442.001
6659.57 -426.38 6725.87 -452.415
6674.24 -444.604 6740.84 -439.397
6689.49 -457.622 6756.38 -458.924
6704.75 -449.811 6770.47 -449.811
6720.3 -435.492 6787.19 -460.225
6736.73 -435.492 6801.27 -449.811
6751.69 -456.32 6817.4 -438.096
6766.36 -452.415 6832.94 -438.096
6782.49 -434.19 6847.9 -452.415
6798.33 -415.966 6863.44 -438.096
6812.7 -410.759 6879.28 -488.864
6829.13 -445.906 6895.12 -453.717
6843.8 -438.096 6909.78 -438.096
6859.92 -419.871 6925.32 -443.303
6875.76 -464.131 6940.86 -427.681
6890.72 -464.131 6955.82 -434.19
6905.97 -417.267 6971.65 -431.587
6920.92 -432.888 6987.19 -434.19
6937.05 -436.794 7003.02 -456.32
6952.59 -436.794 7018.27 -431.587
6966.96 -415.966 7034.1 -477.148
6981.91 -423.776 7049.05 -481.053
6998.33 -449.811 7063.41 -448.51
7014.45 -455.018 7079.83 -460.225
7029.41 -435.492 7095.07 -417.267
7045.24 -465.432 7110.9 -439.397
7059.9 -430.285 7126.43 -460.225
7075.72 -435.492 7142.26 -460.225
7091.85 -430.285 7157.5 -473.243
7106.21 -396.439 7171.27 -460.225
7122.33 -406.853 7188.27 -447.208
7136.98 -465.432 7203.22 -453.717
7152.81 -449.811 7219.33 -445.906
7168.05 -473.243 7233.98 -452.415
7183.58 -466.734 7250.1 -434.19
7199.11 -415.966 7264.75 -435.492
7214.35 -402.948 7280.57 -444.604
7229.59 -445.906 7295.52 -464.131
7245.7 -445.906 7311.34 -460.225
7261.23 -409.457 7327.16 -427.681
7276.47 -415.966 7341.51 -466.734
7290.53 -449.811 7356.74 -457.622
7306.94 -451.113 7372.85 -440.699
7322.17 -426.38 7388.08 -435.492
7336.82 -432.888 7403.32 -405.552
7353.52 -451.113 7419.43 -451.113
7369.34 -425.078 7434.95 -468.036
7383.69 -402.948 7450.76 -473.243
7398.63 -434.19 7467.16 -486.26
7415.03 -423.776 7481.51 -462.829
7430.55 -431.587 7496.45 -431.587
7446.37 -430.285 7511.97 -428.983
7461.31 -395.138 7527.49 -442.001
7476.53 -431.587 7543.01 -457.622
7491.47 -434.19 7558.23 -488.864
7506.7 -428.983 7573.46 -455.018
7522.8 -409.457 7588.97 -482.355
7537.73 -427.681 7604.78 -486.26
7553.25 -434.19 7620.3 -445.906
7569.65 -451.113 7634.64 -456.32
7584 -435.492 7651.04 -428.983
7599.51 -432.888 7666.55 -421.173
7615.32 -434.19 7680.89 -453.717
7631.13 -460.225 7697.28 -442.001
7645.77 -423.776 7712.8 -471.941
7661.87 -423.776 7727.72 -465.432
7676.8 -461.527 7743.82 -425.078
7692.01 -423.776 7758.74 -449.811
7707.53 -460.225 7774.55 -443.303
7723.04 -451.113 7790.06 -404.25
7739.14 -447.208 7805.57 -465.432
7753.77 -447.208 7821.08 -458.924
7769.28 -423.776 7836.88 -469.338
7784.79 -438.096 7852.09 -473.243
7800.3 -410.759 7867.31 -452.415
7815.52 -434.19 7882.81 -449.811
7831.32 -425.078 7898.32 -428.983
7847.12 -440.699 7912.65 -464.131
7862.04 -445.906 7929.04 -464.131
7876.67 -449.811 7943.96 -448.51
7893.05 -458.924 7960.04 -452.415
7907.39 -419.871 7974.96 -451.113
7923.77 -421.173 7989.88 -439.397
7938.98 -414.664 8006.55 -501.881
7954.49 -444.604 8021.76 -461.527
7969.99 -469.338 8037.26 -453.717
7984.91 -453.717 8052.76 -432.888
8000.12 -447.208 8067.97 -412.06
8015.33 -453.717 8082.59 -414.664
8030.83 -434.19 8098.09 -453.717
8046.62 -421.173 8113.59 -478.45
8062.12 -465.432 8128.8 -486.26
8077.33 -442.001 8144 -462.829
8093.41 -423.776 8160.67 -422.474
8108.33 -414.664 8175.87 -435.492
8123.53 -426.38 8191.07 -431.587
8139.03 -414.664 8207.15 -428.983
8155.11 -430.285 8222.36 -430.285
8170.32 -440.699 8237.56 -461.527
8184.93 -426.38 8253.93 -447.208
8201.01 -434.19 8268.25 -483.657
8216.8 -389.931 8283.16 -473.243
8231.42 -410.759 8298.66 -465.432
8246.04 -432.888 8315.61 -455.018
8263.28 -413.362 8330.51 -439.397
8277.32 -464.131 8345.71 -428.983
8292.81 -462.829 8360.62 -435.492
8308.59 -453.717 8376.99 -438.096
8324.08 -415.966 8391.89 -465.432
8339.58 -422.474 8406.21 -475.846
8354.77 -405.552 8423.16 -477.148
8370.26 -409.457 8438.65 -456.32
8386.05 -445.906 8453.26 -461.527
8401.54 -434.19 8468.75 -408.155
8415.86 -440.699 8483.65 -409.457
8432.8 -453.717 8499.43 -439.397
8446.83 -436.794 8515.5 -460.225
8462.61 -428.983 8531.28 -479.752
8477.81 -428.983 8545.88 -469.338
8493.29 -445.906 8561.95 -442.001
8509.66 -412.06 8576.56 -442.001
8524.26 -418.569 8592.63 -449.811
8540.04 -469.338 8608.11 -442.001
8554.94 -449.811 8622.42 -458.924
8570.42 -465.432 8638.2 -440.699
8585.62 -408.155 8653.39 -486.26
8601.1 -417.267 8669.16 -482.355
8616.58 -451.113 8684.94 -497.976
8631.77 -435.492 8700.42 -456.32
8646.96 -435.492 8716.77 -449.811
8664.2 -448.51 8730.79 -447.208
8677.93 -442.001 8747.73 -452.415
8693.7 -449.811 8762.63 -449.811
8708.6 -455.018 8777.23 -423.776
8724.66 -455.018 8793.58 -447.208
8740.14 -427.681 8807.89 -478.45
8755.03 -408.155 8824.25 -495.373
8770.51 -414.664 8839.72 -462.829
8786.57 -427.681 8854.03 -460.225
8801.76 -414.664 8870.09 -460.225
8816.65 -415.966 8885.57 -422.474
8833.01 -421.173 8901.63 -419.871
8847.61 -428.983 8916.81 -443.303
8862.79 -436.794 8931.12 -469.338
8878.27 -440.699 8948.05 -482.355
8894.04 -435.492 8963.23 -469.338
8909.51 -440.699 8977.83 -456.32
8925.86 -451.113 8994.18 -412.06
8940.75 -444.604 9009.07 -430.285
8955.64 -452.415 9024.83 -413.362
8971.12 -410.759 9040.31 -447.208
8986.59 -434.19 9055.48 -447.208
9003.23 -414.664 9071.25 -487.562
9017.53 -417.267 9086.14 -462.829
9032.71 -436.794 9102.77 -474.545
9047.6 -405.552 9117.66 -482.355
9064.24 -451.113 9133.13 -458.924
9079.42 -447.208 9148.02 -449.811
9094.02 -427.681 9163.19 -427.681
9110.07 -413.362 9179.25 -456.32
9125.54 -422.474 9194.13 -423.776
9141.01 -428.983 9210.19 -483.657
9155.61 -432.888 9225.65 -455.018
9171.37 -421.173 9241.12 -452.415
9187.13 -455.018 9256.59 -449.811
9202.6 -469.338 9271.47 -444.604
9217.48 -448.51 9287.82 -415.966
9233.24 -426.38 9302.41 -475.846
9248.42 -406.853 9318.17 -444.604
9264.18 -406.853 9333.05 -462.829
9279.06 -396.439 9347.35 -432.888
9294.82 -426.38 9363.98 -449.811
9310 -406.853 9380.32 -461.527
9325.46 -464.131 9395.79 -452.415
9341.22 -445.906 9410.96 -426.38
9356.98 -438.096 9425.84 -436.794
9372.15 -434.19 9441.89 -431.587
9386.74 -448.51 9457.64 -464.131
9401.91 -402.948 9472.53 -499.278
9417.09 -413.362 9487.7 -497.976
9433.43 -404.25 9503.75 -535.727
9448.31 -445.906 9518.92 -522.71
9464.06 -425.078 9534.09 -474.545
9480.4 -419.871 9549.84 -499.278
9495.28 -440.699 9565.01 -490.166
9509.87 -440.699 9581.06 -499.278
9525.92 -445.906 9596.23 -484.959
9541.97 -427.681 9611.4 -491.467
9556.55 -438.096 9626.28 -504.485
9571.72 -427.681 9642.62 -496.675
9587.77 -431.587 9657.49 -525.313
9602.36 -414.664 9672.66 -473.243
9617.82 -418.569 9687.25 -460.225
9633.57 -409.457 9704.75 -468.036
9649.32 -444.604 9719.63 -464.131
9664.2 -435.492 9735.09 -483.657
9680.25 -431.587 9750.26 -531.822
9694.83 -461.527 9765.14 -497.976
9710.88 -440.699 9780.31 -497.976
9726.04 -440.699 9796.93 -473.243
9741.51 -443.303 9812.39 -460.225
9756.39 -445.906 9828.43 -500.58
9772.14 -410.759 9843.31 -444.604
9787.89 -449.811 9858.19 -509.692
9803.35 -427.681 9874.23 -462.829
9818.81 -415.966 9889.4 -468.036
9833.1 -415.966 9904.56 -516.201
9849.73 -399.043 9920.31 -482.355
9865.48 -449.811 9935.48 -494.071
9879.48 -452.415 9951.23 -483.657
9895.52 -464.131 9967.27 -484.959
9910.4 -422.474 9981.57 -458.924
9927.31 -412.06 9996.73 -473.243
9942.19 -445.906 10013.1 -524.011
9956.77 -442.001 10029.1 -527.917
9972.52 -452.415 10043.7 -521.408
9988.27 -415.966 10058.3 -495.373
10004 -434.19 10073.7 -1293.35
10018.3 -465.432 10090.1 -1293.35
10034.1 -444.604 10105.8 -1342.82
10049.8 -408.155 10120.7 -1344.12
10065.8 -423.776 10136.1 -1354.53
10080.1 -413.362 10151.6 -1353.23
10096.2 -438.096 10167.4 -1286.84
10111.9 -428.983 10183.4 -1254.3
10126.8 -457.622 10198.5 -1200.92
10141.7 -443.303 10212.8 -1163.17
10157.7 -426.38 10229.5 -1160.57
10173.8 -434.19 10244.3 -1208.73
10187.8 -418.569 10260.1 -1189.21
10204.1 -452.415 10275.6 -1236.07
10219.5 -414.664 10290.7 -1226.96
10234.7 -436.794 10307.1 -1189.21
10249.6 -436.794 10321.6 -1138.44
10264.5 -434.19 10337.1 -1144.95
10280.2 -439.397 10352.3 -1091.58
10296 -469.338 10367.4 -1073.35
10311.7 -445.906 10383.2 -1087.67
10327.2 -435.492 10398.3 -1104.59
10342.3 -438.096 10415 -1115.01
10356.9 -444.604 10429.8 -1065.54
10372.7 -457.622 10445.9 -1075.96
10388.1 -445.906 10460.7 -1027.79
10403.6 -428.983 10475 -999.152
10420.2 -449.811 10491.9 -984.833
10434.5 -448.51 10507.7 -988.738
10449.4 -427.681 10522 -954.892
10465.7 -439.397 10538.3 -979.626
10480.9 -400.345 10553.2 -1010.87
10497.2 -449.811 10567.8 -975.721
10512.4 -471.941 10584.1 -969.212
10527.2 -456.32 10599.6 -966.608
10542.4 -418.569 10614.4 -881.994
10557.9 -444.604 10629.9 -876.787
10573.6 -419.871 10645.6 -859.864
10588.2 -442.001 10661.4 -837.735
10604.2 -408.155 10676.6 -872.882
10620.6 -439.397 10692 -902.822
10635.4 -405.552 10708.1 -910.633
10649.7 -452.415 10722.6 -840.338
10664.9 -418.569 10738.4 -855.959
10681.2 -443.303 10753.9 -815.605
10697.3 -461.527 10769.3 -798.682
10712.1 -438.096 10784.5 -781.759
10727.3 -427.681 10799.4 -792.173
10742.8 -439.397 10815.4 -785.664
10757.9 -415.966 10830.9 -799.984
10773.7 -448.51 10846.9 -781.759
10788.9 -466.734 10861.8 -785.664
10804.3 -473.243 10877.8 -744.008
10818.9 -426.38 10893.6 -733.594
10835.5 -434.19 10907.9 -738.801
10850.4 -461.527 10924.2 -719.275
10865.6 -422.474 10938.8 -727.085
10881 -415.966 10954.3 -740.103
10896.8 -417.267 10970 -747.913
10912.2 -425.078 10985.8 -742.706
10928 -451.113 11000.6 -738.801
10942.9 -434.19 11016.4 -717.973
10958.9 -435.492 11032.1 -708.861
10973.8 -481.053 11047.3 -665.903
10989.3 -434.19 11063.1 -652.885
11004.7 -408.155 11077.6 -667.205
11020.8 -427.681 11093.4 -686.731
11036.2 -402.948 11108.6 -717.973
11051.4 -422.474 11124.3 -671.11
11065.7 -415.966 11139.8 -689.334
11081.7 -431.587 11154.9 -685.429
11096.9 -444.604 11170.1 -664.601
11112.9 -439.397 11186.5 -620.341
11127.8 -477.148 11201.9 -604.72
11142.7 -421.173 11218 -655.489
11158.2 -436.794 11232 -628.152
11173.6 -401.646 11248 -658.092
11190 -435.492 11263.2 -624.247
11204.8 -439.397 11279.2 -593.004
11220.9 -442.001 11294.1 -573.478
11236.1 -448.51 11310.5 -573.478
11250.9 -422.474 11325.3 -564.366
11265.8 -461.527 11341.1 -555.253
11281.9 -404.25 11356 -560.461
11297 -410.759 11371.7 -585.194
11312.5 -412.06 11387.2 -582.59
11328.3 -444.604 11403.3 -634.661
11344 -400.345 11417.3 -603.418
11358.9 -431.587 11433.3 -574.78
11374.4 -418.569 11449.4 -557.857
11390.1 -453.717 11463.6 -531.822
11405 -370.404 11479.7 -539.632
11421.3 -393.836 11495.5 -509.692
11435.9 -395.138 11510.4 -534.425
11451.1 -417.267 11525.2 -543.538
11466.9 -395.138 11541.9 -544.839
11482.6 -413.362 11557 -512.296
11497.8 -452.415 11572.2 -543.538
11513.3 -426.38 11588 -509.692
11528.1 -464.131 11603.5 -508.39
11543.9 -410.759 11619.8 -473.243
11559.4 -389.931 11634.1 -504.485
11574.6 -388.629 11650.4 -543.538
11590 -393.836 11665.3 -504.485
11604.3 -397.741 11680.5 -494.071
11621.8 -384.723 11696.6 -505.787
11636.4 -387.327 11712 -486.26
11651.6 -415.966 11726.3 -447.208
11667.4 -415.966 11742.1 -478.45
11683.1 -374.309 11757.9 -483.657
11697.7 -375.611 11773.3 -473.243
11713.8 -396.439 11789.1 -491.467
11727.8 -345.671 11804.6 -509.692
11743.6 -356.085 11820.6 -516.201
11759.6 -365.197 11834.9 -458.924
11774.8 -353.481 11850.1 -451.113
11790 -348.274 11865.3 -421.173
11805.7 -361.292 11881.1 -408.155
11820.9 -366.499 11896.8 -409.457
11835.5 -339.162 11911.7 -431.587
11851.9 -318.334 11928.4 -478.45
11867.1 -309.222 11944.1 -445.906
11882.2 -337.86 11957.9 -425.078
11897.4 -380.818 11973.1 -413.362
11912.9 -345.671 11990.6 -375.611
11929.5 -337.86 12004.9 -384.723
11945 -370.404 12021.2 -408.155
11959 -311.825 12035.3 -430.285
11974.8 -315.73 12051.6 -432.888
11991.4 -313.127 12066.2 -425.078
12005.5 -268.867 12082.6 -412.06
12020.9 -277.98 12097.2 -408.155
12036.1 -285.79 12113.8 -356.085
12051.6 -246.737 12129.3 -349.576
12067.1 -294.902 12143.9 -345.671
12084 -246.737 12158.5 -366.499
12098 -249.341 12174.6 -379.516
12112.9 -276.678 12190 -418.569
12129.9 -222.004 12206.1 -409.457
12144.2 -194.667 12221.3 -406.853
12159.7 -194.667 12237.4 -389.931
12175.7 -223.306 12252 -386.025
12190.6 -227.211 12267.5 -350.878
12205.8 -253.246 12283.5 -354.783
12221.3 -205.081 12299 -363.895
12236.5 -236.323 12314.5 -371.706
12252.3 -192.064 12329.1 -395.138
12267.5 -162.123 12345.5 -367.801
12283.5 -168.632 12359.5 -405.552
12298.7 -142.597 12375.9 -359.99
12313.9 -194.667 12391.6 -328.748
12329.7 -188.158 12406.8 -285.79
12344.6 -225.909 12422 -275.376
12360.4 -199.874 12437.5 -305.316
12375.3 -197.271 12453.3 -339.162
12390.5 -141.295 12467.9 -353.481
12406.8 -111.355 12483.7 -343.067
12422 -103.544 12500.3 -328.748
12437.8 -91.8285 12514.6 -319.636
12453 -113.958 12529.9 -250.643
12467.6 -110.053 12545.9 -232.418
12482.8 -111.355 12560.8 -262.358
12498.9 -85.3197 12576.9 -276.678
12513.5 -65.7934 12591.8 -259.755
12529.6 -20.2319 12607 -296.204
12545 -7.21435 12624 -311.825
12560.5 34.4418 12638.6 -242.832
12575.5 13.6137 12653.8 -231.116
12590.9 50.0629 12669 -188.158
12606.7 -4.61084 12684.5 -193.365
12622.2 11.0102 12700.3 -186.857
12637.4 14.9155 12716.3 -168.632
12652.6 87.8138 12731 -202.478
12667.8 124.263 12746.2 -225.909
12683.3 169.824 12761.7 -182.951
12698.5 185.445 12777.7 -136.088
12714.9 134.677 12793.2 -74.9056
12729.2 120.358 12808.1 -46.267
12744.7 104.737 12823.9 -64.4916
12760.8 93.0208 12839.4 -67.0951
12776.9 124.263 12855.8 -91.8285
12791.8 180.238 12870.4 -72.3021
12805.8 220.593 12885.6 -41.06
12821.9 253.137 12901.1 -22.8354
12837.7 281.775 12916.6 12.312
12852 245.326 12932.7 66.9857
12869 197.161 12947.3 56.5717
12883 165.919 12962.5 86.5121
12898.5 173.73 12978.6 31.8383
12915.5 221.895 12994.1 53.9682
12929.5 273.965 13009.6 40.9506
12944.4 331.242 13024.5 61.7787
12959.9 318.225 13040.6 93.0208
12976 344.26 13055.9 160.712
12990.9 344.26 13070.5 162.014
13006.7 276.568 13087.4 188.049
13022.2 253.137 13101.8 225.8
13037.7 302.604 13118.4 231.007
13053.2 357.277 13133.4 199.765
13068.7 414.554 13148.6 181.54
13083.9 482.246 13164.7 176.333
13099.1 525.204 13179.3 185.445
13114.9 546.032 13195.1 210.179
13129.8 522.6 13211.2 268.758
13145.4 493.962 13226.1 273.965
13160.6 487.453 13240.4 281.775
13176.1 479.642 13257.1 279.172
13192.5 551.239 13272 280.474
13207.1 622.835 13287.5 290.888
13222 652.776 13303.6 284.379
13237.8 654.078 13318.6 294.793
13252.7 680.113 13333.8 333.846
13268.5 639.758 13350.2 372.898
13284 638.456 13365.4 431.477
13299.3 625.439 13380.6 448.4
13314.8 652.776 13396.4 413.253
13330.3 713.958 13411.9 443.193
13345.8 746.502 13428.3 414.554
13360.1 790.762 13441.8 449.702
13377.4 760.821 13458.2 491.358
13391.7 762.123 13474.3 548.635
13407.5 732.183 13489.8 587.688
13422.7 728.278 13504.4 633.249
13438.5 745.2 13520.2 629.344
13452.9 822.004 13535.1 629.344
13468.7 890.997 13550.9 591.593
13484.5 932.653 13566.4 608.516
13499.7 923.541 13582.8 651.474
13516.1 914.429 13597.8 717.864
13531 880.583 13613.6 786.857
13545.7 868.867 13629.4 801.176
13561.2 854.548 13645.2 824.608
13576.4 906.618 13661.6 818.099
13592.2 933.955 13676.5 811.59
13607.4 1018.57 13692 833.72
13622.6 1087.56 13699.9 867.565
13638.2 1094.07 13684.4 866.264
13653.1 973.008 13668.9 957.387
