6015.68 -503.183 6030.95 -510.994
6004.81 -503.183 6046.23 -461.527
5999.81 -490.166 6061.21 -520.106
6010.68 -514.899 6076.49 -482.355
6025.96 -475.846 6092.65 -524.011
6040.94 -520.106 6107.33 -479.752
6057.1 -488.864 6123.78 -559.159
6072.38 -507.089 6139.06 -546.141
6087.94 -474.545 6153.74 -527.917
6103.51 -504.485 6169.02 -521.408
6118.49 -543.538 6184.58 -525.313
6134.94 -497.976 6199.56 -534.425
6150.51 -507.089 6216.3 -524.011
6164.9 -468.036 6230.4 -516.201
6181.06 -486.26 6246.84 -530.52
6195.74 -497.976 6262.41 -504.485
6211.6 -474.545 6276.5 -514.899
6226.87 -505.787 6291.77 -529.218
6243.03 -497.976 6307.92 -509.692
6258 -514.899 6323.48 -539.632
6273.27 -469.338 6339.05 -510.994
6288.54 -483.657 6354.61 -492.769
6304.69 -507.089 6369.29 -521.408
6319.67 -495.373 6385.73 -534.425
6336.11 -514.899 6400.7 -540.934
6350.79 -529.218 6415.38 -533.124
6366.06 -507.089 6432.41 -552.65
6381.03 -473.243 6446.79 -566.969
6396.89 -499.278 6462.35 -500.58
6412.74 -512.296 6478.2 -509.692
6427.42 -487.562 6493.17 -507.089
6444.44 -508.39 6509.02 -531.822
6458.53 -466.734 6524.58 -527.917
6473.5 -501.881 6540.13 -516.201
6488.77 -510.994 6555.69 -529.218
6504.62 -512.296 6570.36 -526.615
6520.47 -496.675 6584.45 -508.39
6536.02 -479.752 6601.47 -529.218
6551.28 -530.52 6616.14 -547.443
6566.84 -500.58 6632.87 -553.952
6581.81 -513.597 6647.83 -518.804
6597.36 -504.485 6663.38 -516.201
6613.2 -518.804 6678.93 -510.994
6628.17 -481.053 6693.9 -526.615
6643.72 -487.562 6709.44 -513.597
6659.86 -548.745 6725.29 -544.839
6674.24 -488.864 6739.66 -522.71
6689.79 -460.225 6755.8 -495.373
6705.34 -501.881 6771.05 -510.994
6721.47 -486.26 6786.6 -540.934
6736.14 -496.675 6801.85 -494.071
6751.98 -499.278 6817.1 -509.692
6767.82 -499.278 6832.65 -495.373
6782.2 -479.752 6848.78 -510.994
6797.45 -503.183 6864.03 -521.408
6813.58 -509.692 6878.4 -500.58
6828.54 -516.201 6894.82 -527.917
6845.55 -497.976 6910.37 -534.425
6859.63 -479.752 6925.32 -524.011
6875.17 -505.787 6941.16 -513.597
6890.42 -478.45 6956.4 -497.976
6905.38 -505.787 6972.53 -490.166
6921.8 -496.675 6986.31 -521.408
6936.76 -490.166 7002.44 -518.804
6952.88 -520.106 7017.97 -530.52
6967.25 -496.675 7033.51 -534.425
6983.67 -508.39 7049.34 -535.727
6998.63 -486.26 7064.29 -526.615
7013.87 -504.485 7079.83 -540.934
7029.99 -478.45 7095.36 -509.692
7044.94 -531.822 7111.19 -494.071
7060.77 -491.467 7125.55 -509.692
7075.72 -501.881 7141.97 -495.373
7091.85 -500.58 7157.21 -494.071
7106.21 -496.675 7172.15 -520.106
7121.74 -497.976 7188.27 -543.538
7136.4 -490.166 7203.51 -487.562
7153.1 -517.503 7219.04 -503.183
7168.64 -497.976 7233.98 -516.201
7183.29 -524.011 7249.22 -543.538
7199.11 -513.597 7265.04 -529.218
7214.35 -508.39 7280.28 -513.597
7229.88 -500.58 7296.1 -512.296
7245.12 -501.881 7311.04 -520.106
7260.36 -474.545 7326.86 -483.657
7276.76 -478.45 7342.09 -512.296
7291.12 -521.408 7357.62 -499.278
7306.94 -504.485 7373.44 -543.538
7323.35 -484.959 7388.08 -514.899
7337.11 -529.218 7403.9 -525.313
7352.93 -503.183 7419.13 -525.313
7369.34 -499.278 7434.65 -494.071
7383.69 -513.597 7450.18 -487.562
7398.34 -501.881 7465.7 -490.166
7415.03 -499.278 7480.93 -527.917
7430.26 -512.296 7496.45 -484.959
7444.91 -505.787 7511.67 -527.917
7461.31 -514.899 7527.78 -520.106
7475.95 -503.183 7543.88 -535.727
7492.05 -527.917 7557.65 -508.39
7508.16 -491.467 7573.46 -525.313
7522.51 -482.355 7590.14 -540.934
7538.03 -492.769 7604.2 -513.597
7553.25 -496.675 7620.3 -495.373
7569.65 -494.071 7635.52 -531.822
7585.17 -477.148 7650.74 -524.011
7598.93 -496.675 7666.84 -527.917
7615.61 -491.467 7682.06 -539.632
7630.54 -520.106 7697.28 -510.994
7646.65 -475.846 7711.92 -521.408
7660.99 -504.485 7727.72 -522.71
7676.8 -477.148 7744.11 -513.597
7692.01 -509.692 7758.74 -533.124
7707.82 -471.941 7773.96 -538.331
7723.33 -505.787 7789.47 -527.917
7739.14 -504.485 7805.57 -526.615
7754.06 -520.106 7821.95 -510.994
7768.7 -513.597 7835.41 -539.632
7784.2 -508.39 7852.38 -520.106
7800.59 -514.899 7867.31 -529.218
7815.22 -486.26 7882.52 -501.881
7830.44 -495.373 7898.32 -538.331
7846.53 -473.243 7912.95 -508.39
7861.16 -530.52 7928.16 -525.313
7877.55 -490.166 7944.54 -497.976
7892.76 -505.787 7959.46 -520.106
7907.1 -527.917 7974.67 -501.881
7923.48 -471.941 7989.59 -510.994
7938.69 -491.467 8006.55 -514.899
7954.19 -522.71 8021.18 -522.71
7969.11 -499.278 8036.68 -531.822
7984.91 -473.243 8051.89 -535.727
8000.41 -503.183 8067.09 -516.201
8015.33 -544.839 8083.47 -501.881
8030.54 -484.959 8098.68 -477.148
8046.91 -503.183 8113.59 -505.787
8062.41 -488.864 8129.67 -490.166
8077.62 -507.089 8144.58 -505.787
8094.58 -483.657 8160.37 -538.331
8108.91 -497.976 8177.04 -526.615
8124.12 -526.615 8190.49 -517.503
8139.32 -482.355 8206.57 -525.313
8154.82 -479.752 8222.36 -514.899
8169.73 -510.994 8237.27 -546.141
8184.93 -500.58 8252.76 -488.864
8200.72 -490.166 8268.25 -513.597
8215.93 -501.881 8282.87 -490.166
8231.42 -513.597 8298.66 -492.769
8247.5 -499.278 8314.15 -538.331
8262.7 -501.881 8330.22 -530.52
8277.9 -500.58 8346.01 -540.934
8293.39 -505.787 8360.62 -553.952
8308.89 -516.201 8375.52 -530.52
8324.38 -507.089 8392.18 -560.461
8339.58 -518.804 8406.8 -527.917
8355.07 -488.864 8422.87 -542.236
8370.26 -482.355 8438.06 -504.485
8385.17 -499.278 8453.84 -518.804
8401.24 -487.562 8468.75 -527.917
8416.15 -475.846 8484.23 -527.917
8431.93 -484.959 8499.14 -527.917
8447.12 -546.141 8515.5 -527.917
8462.61 -505.787 8531.57 -501.881
8478.39 -510.994 8545.88 -537.029
8493.29 -470.639 8561.66 -477.148
8509.66 -497.976 8576.85 -535.727
8524.26 -465.432 8592.34 -534.425
8540.63 -508.39 8608.4 -510.994
8554.94 -508.39 8622.42 -534.425
8570.72 -504.485 8639.08 -529.218
8585.32 -514.899 8654.27 -508.39
8600.81 -504.485 8669.16 -514.899
8616.87 -518.804 8684.35 -492.769
8632.36 -510.994 8699.54 -507.089
8648.42 -497.976 8716.77 -514.899
8662.74 -492.769 8730.79 -520.106
8679.09 -514.899 8746.86 -517.503
8693.99 -501.881 8762.63 -527.917
8709.47 -494.071 8776.94 -537.029
8724.95 -526.615 8793 -525.313
8740.14 -488.864 8808.77 -496.675
8755.32 -507.089 8824.25 -521.408
8771.39 -524.011 8839.43 -504.485
8786.57 -505.787 8854.91 -513.597
8802.05 -496.675 8870.68 -531.822
8816.95 -481.053 8886.15 -509.692
8833.01 -494.071 8901.33 -538.331
8848.48 -533.124 8917.1 -512.296
8863.67 -490.166 8931.41 -496.675
8878.85 -491.467 8947.76 -518.804
8894.62 -504.485 8964.4 -526.615
8909.22 -495.373 8978.12 -537.029
8925.86 -499.278 8993.89 -499.278
8940.46 -486.26 9009.65 -544.839
8955.64 -477.148 9024.83 -512.296
8970.53 -534.425 9040.31 -505.787
8987.47 -499.278 9056.36 -509.692
9002.06 -490.166 9070.96 -494.071
9017.83 -522.71 9086.72 -526.615
9032.42 -507.089 9102.48 -509.692
9047.6 -486.26 9117.66 -512.296
9064.24 -508.39 9132.84 -500.58
9079.42 -514.899 9148.02 -522.71
9095.19 -504.485 9163.19 -529.218
9109.49 -504.485 9179.25 -491.467
9124.96 -509.692 9193.84 -483.657
9141.01 -517.503 9209.89 -494.071
9156.77 -481.053 9225.36 -526.615
9171.08 -488.864 9241.71 -534.425
9186.84 -492.769 9256.01 -557.857
9202.01 -491.467 9271.47 -509.692
9217.77 -494.071 9286.94 -553.952
9232.95 -460.225 9302.41 -524.011
9248.42 -525.313 9317.87 -514.899
9264.18 -509.692 9333.34 -507.089
9279.35 -520.106 9347.93 -496.675
9295.11 -500.58 9363.69 -491.467
9310 -488.864 9379.74 -512.296
9325.17 -470.639 9395.5 -546.141
9340.64 -488.864 9410.38 -529.218
9357.85 -479.752 9426.13 -533.124
9372.44 -514.899 9442.47 -552.65
9386.45 -534.425 9457.64 -520.106
9402.79 -487.562 9473.11 -500.58
9417.96 -526.615 9487.7 -495.373
9433.43 -492.769 9503.45 -507.089
9447.72 -496.675 9519.79 -458.924
9464.36 -488.864 9534.09 -518.804
9479.82 -481.053 9549.84 -512.296
9495.28 -484.959 9565.31 -521.408
9510.46 -516.201 9581.06 -507.089
9525.63 -509.692 9596.52 -500.58
9540.51 -507.089 9611.4 -491.467
9555.97 -509.692 9626.86 -517.503
9571.72 -491.467 9642.32 -507.089
9587.48 -512.296 9657.78 -527.917
9603.23 -474.545 9673.83 -535.727
9617.82 -510.994 9688.42 -516.201
9633.86 -531.822 9704.75 -518.804
9648.74 -535.727 9719.63 -512.296
9664.2 -507.089 9735.67 -524.011
9679.96 -516.201 9750.26 -526.615
9694.83 -504.485 9764.84 -500.58
9710.58 -491.467 9781.76 -522.71
9727.21 -478.45 9796.06 -517.503
9741.51 -494.071 9812.68 -543.538
9756.68 -518.804 9827.85 -537.029
9772.43 -512.296 9842.44 -542.236
9787.89 -491.467 9858.48 -522.71
9803.64 -487.562 9873.94 -514.899
9818.23 -471.941 9888.81 -516.201
9833.39 -509.692 9905.44 -494.071
9849.73 -501.881 9919.73 -497.976
9864.9 -479.752 9935.48 -522.71
9880.35 -516.201 9951.81 -560.461
9894.65 -522.71 9966.69 -521.408
9911.56 -473.243 9981.86 -510.994
9926.15 -478.45 9996.44 -520.106
9941.9 -491.467 10012.8 -490.166
9956.48 -486.26 10029.1 -531.822
9971.65 -501.881 10042.8 -495.373
9987.98 -490.166 10058.9 -526.615
10003.4 -496.675 10074 -508.39
10018.9 -488.864 10089.8 -533.124
10033.8 -505.787 10105.5 -507.089
10048.9 -497.976 10121 -509.692
10066.7 -509.692 10136.4 -518.804
10080.7 -482.355 10151.3 -513.597
10095 -492.769 10166.8 -507.089
10111.4 -491.467 10183.4 -500.58
10126.5 -481.053 10198.3 -529.218
10142.6 -499.278 10213.4 -540.934
10157.1 -500.58 10229.5 -543.538
10172.3 -520.106 10244.3 -509.692
10187.8 -492.769 10260.4 -543.538
10204.4 -529.218 10275.6 -538.331
10219.5 -527.917 10290.7 -546.141
10233.8 -488.864 10305.9 -499.278
10249.9 -497.976 10321.9 -546.141
10265.1 -494.071 10337.4 -556.555
10280.2 -488.864 10352.8 -534.425
10295.4 -460.225 10367.4 -560.461
10312 -491.467 10383.5 -508.39
10326.9 -490.166 10399.8 -540.934
10342.3 -474.545 10414.4 -537.029
10356.9 -486.26 10429 -524.011
10372.4 -483.657 10445 -534.425
10388.7 -507.089 10461.3 -535.727
10403.9 -503.183 10476.8 -572.176
10419 -507.089 10491.4 -522.71
10434.8 -514.899 10506.5 -504.485
10450.2 -486.26 10522.6 -542.236
10465.7 -503.183 10537.4 -509.692
10480.9 -501.881 10553.2 -529.218
10496.6 -513.597 10568.1 -690.636
10512.1 -484.959 10583.8 -914.538
10527.2 -504.485 10599.6 -896.314
10542.7 -469.338 10615 -870.278
10558.5 -484.959 10630.2 -875.485
10573.6 -492.769 10645.4 -880.692
10587.9 -492.769 10661.7 -872.882
10603.9 -477.148 10676.3 -835.131
10619.4 -521.408 10692.3 -814.303
10634.9 -517.503 10708.4 -802.587
10650.9 -513.597 10722.9 -814.303
10665.2 -496.675 10738.7 -810.398
10680.9 -471.941 10754.1 -809.096
10695.8 -495.373 10769.6 -805.191
10712.4 -490.166 10785.4 -799.984
10727.6 -488.864 10799.4 -789.57
10741.9 -488.864 10815.7 -764.836
10757.4 -481.053 10831.4 -744.008
10774.6 -521.408 10846.6 -762.233
10789.4 -512.296 10862.4 -738.801
10804.6 -478.45 10877.2 -757.026
10819.8 -507.089 10893 -747.913
10834.9 -508.39 10909.3 -725.783
10850.4 -499.278 10923.9 -730.991
10865.3 -512.296 10939.7 -729.689
10881.3 -508.39 10954.3 -703.654
10896.8 -490.166 10970 -746.612
10911.7 -481.053 10986.3 -702.352
10927.1 -478.45 11001.2 -717.973
10943.2 -468.036 11016.7 -721.878
10958 -494.071 11032.7 -706.257
10972.3 -497.976 11047.6 -716.671
10989 -492.769 11062.8 -663.299
11004.4 -516.201 11078.2 -680.222
11019.9 -469.338 11092.8 -641.169
11036.2 -488.864 11109.7 -639.868
11051.7 -478.45 11125.2 -628.152
11066.3 -501.881 11139.8 -701.05
11081.4 -483.657 11155.2 -680.222
11097.2 -490.166 11170.4 -689.334
11112.1 -508.39 11186.5 -642.471
11127.2 -490.166 11201.9 -651.583
11143.6 -513.597 11216.5 -647.678
11159 -509.692 11232.3 -639.868
11173.6 -526.615 11247.4 -638.566
11190 -507.089 11263.5 -648.98
11205.1 -487.562 11278.4 -633.359
11220.3 -494.071 11293.8 -632.057
11235.5 -488.864 11309.6 -654.187
11250.9 -491.467 11325.3 -629.454
11266.1 -503.183 11340.2 -643.773
11281.9 -495.373 11355.7 -587.797
11297.6 -524.011 11371.4 -611.229
11312.8 -457.622 11387.2 -612.531
11327.7 -499.278 11402.1 -599.513
11344 -483.657 11418.1 -608.626
11358.9 -479.752 11433.3 -604.72
11374.7 -496.675 11448.5 -603.418
11389.8 -500.58 11464.2 -633.359
11405.6 -501.881 11479.7 -587.797
11420.5 -492.769 11494.9 -586.496
11436.5 -479.752 11510.9 -568.271
11451.4 -492.769 11526.7 -535.727
11466.6 -479.752 11541.6 -542.236
11481.2 -462.829 11557.3 -566.969
11497.8 -466.734 11572.2 -585.194
11513.9 -447.208 11588 -553.952
11527.9 -492.769 11603.5 -530.52
11543.9 -470.639 11620.1 -508.39
11558.8 -501.881 11633.8 -520.106
11574.6 -494.071 11649.3 -517.503
11590.3 -453.717 11665.3 -496.675
11605.2 -462.829 11680.2 -497.976
11621 -478.45 11696 -497.976
11636.1 -453.717 11710.9 -544.839
11651.3 -473.243 11726.3 -491.467
11666.8 -468.036 11743 -495.373
11683.1 -486.26 11757.9 -483.657
11698.3 -466.734 11773.6 -464.131
11713.5 -477.148 11787.9 -471.941
11729 -494.071 11804.3 -481.053
11744.1 -434.19 11820 -497.976
11759 -439.397 11834.9 -507.089
11775.1 -427.681 11849.8 -544.839
11790.3 -413.362 11865.3 -512.296
11805.5 -421.173 11881.1 -481.053
11821.5 -408.155 11897.4 -449.811
11835.8 -418.569 11912 -466.734
11852.2 -410.759 11927.5 -468.036
11866.8 -434.19 11942.4 -453.717
11881.9 -404.25 11959 -521.408
11897.7 -428.983 11973.9 -458.924
11914.1 -369.102 11990.3 -503.183
11928.7 -386.025 12004.6 -482.355
11943.8 -396.439 12020.6 -455.018
11959.3 -344.369 12035.8 -458.924
11975.1 -354.783 12050.7 -422.474
11990.9 -371.706 12066.8 -401.646
12004.9 -422.474 12082 -447.208
12022.1 -369.102 12097.2 -475.846
12036.1 -384.723 12113.5 -455.018
12051.9 -354.783 12129.3 -464.131
12068.3 -327.446 12143 -439.397
12083.1 -318.334 12159.1 -405.552
12098.6 -309.222 12174.6 -373.008
12113.5 -311.825 12190.6 -388.629
12129 -307.92 12205.5 -406.853
12144.8 -333.955 12221.6 -402.948
12158.8 -302.713 12236.8 -418.569
12175.1 -274.074 12252.9 -422.474
12189.5 -231.116 12267.5 -432.888
12205.8 -244.134 12283.5 -430.285
12222.5 -219.401 12299 -426.38
12237.1 -219.401 12313.6 -374.309
12251.7 -242.832 12329.4 -341.766
12268.3 -250.643 12344.9 -400.345
12283.5 -272.773 12360.1 -402.948
12298.7 -231.116 12375.6 -404.25
12314.5 -253.246 12391.3 -383.422
12329.4 -222.004 12406.2 -367.801
12343.4 -169.934 12422.6 -391.232
12360.7 -124.372 12437.5 -357.387
12375.3 -125.674 12452.7 -324.843
12391.3 -125.674 12468.5 -327.446
12406.2 -155.615 12483.7 -343.067
12421.7 -160.822 12500 -345.671
12437.5 -167.33 12515 -349.576
12452.1 -99.639 12530.4 -362.594
12467.6 -43.6635 12546.2 -361.292
12482.8 -54.0776 12562 -339.162
12498.6 -17.6284 12576.9 -298.808
12514.4 -24.1372 12592.1 -263.66
12529.6 -47.5688 12609.3 -270.169
12545.3 -87.9232 12622.2 -275.376
12560.5 -50.1723 12638.6 -261.057
12576 -30.646 12653.2 -251.944
12590.4 -2.00733 12669.3 -267.565
12606.7 60.4769 12685.1 -246.737
12622.2 63.0805 12700.5 -242.832
12638.3 69.5892 12716 -223.306
12652.6 55.2699 12731.3 -197.271
12667.8 27.9331 12746.2 -156.916
12683.6 13.6137 12762 -171.236
12698.2 22.726 12778.3 -179.046
12713.4 50.0629 12793.2 -194.667
12729.8 89.1156 12808.7 -162.123
12744.7 135.979 12824.2 -166.029
12760.5 158.109 12839.4 -176.443
12776.6 177.635 12854.9 -111.355
12791.2 135.979 12869.8 -136.088
12806.7 147.695 12885.6 -93.1302
12821.6 156.807 12900.8 -94.432
12837.1 133.375 12916.9 -43.6635
12852.3 163.316 12932.1 -84.0179
12868.4 234.912 12947.6 -91.8285
12883.9 302.604 12962.5 -52.7758
12899.4 292.189 12979.8 -46.267
12914.3 298.698 12993.6 -3.30908
12930.1 262.249 13010.5 26.6313
12945.6 254.439 13024.8 52.6664
12960.2 251.835 13040.9 17.519
12976 306.509 13056.1 56.5717
12991.5 350.768 13070.8 30.5366
13007 405.442 13087.1 53.9682
13021.9 462.719 13102.1 73.4945
13037.4 449.702 13117.3 120.358
13052.9 418.46 13133.4 130.772
13068.4 385.916 13148.9 142.488
13083.6 340.354 13164.1 176.333
13099.1 397.632 13179 202.368
13115.5 440.59 13195.1 197.161
13130.4 496.565 13210 215.386
13144.8 560.351 13225.8 234.912
13160.9 608.516 13241.9 215.386
13176.1 553.842 13256.8 272.663
13191.6 560.351 13272.9 275.267
13206.8 548.635 13287.8 280.474
13222.6 519.997 13303.4 290.888
13237.2 547.334 13318.6 294.793
13253 628.042 13334.1 319.526
13268.5 657.983 13349.6 353.372
13284.9 689.225 13365.7 355.975
13299.3 717.864 13380.3 393.726
13315 733.485 13395.8 434.081
13330.9 694.432 13411.9 458.814
13345.2 664.492 13426.8 492.66
13361 646.267 13442.1 470.53
13376.2 665.793 13457.9 469.228
13391.7 739.993 13473.1 487.453
13406.4 793.365 13489.8 474.435
13423.6 836.323 13504.7 496.565
13437.4 876.678 13520.5 562.955
13452 872.773 13535.4 582.481
13468.4 862.358 13551.5 660.586
13484.5 790.762 13566.7 707.45
13499.1 803.78 13582.5 680.113
13514.1 822.004 13598.1 695.734
13529.6 876.678 13614.2 689.225
13546 935.257 13629.4 665.793
13560.9 988.629 13645.8 694.432
13576.4 1021.17 13661.9 776.443
13591.3 1043.3 13676.8 808.987
13607.1 1004.25 13692.6 875.376
13622.6 1009.46 13699.9 952.18
13637.9 1025.08 13685 952.18
13652.8 931.352 13668 945.671
