6015.09 -113.958 6031.25 -91.8285
6004.51 -74.9056 6046.23 -125.674
6000.4 -65.7934 6061.8 -120.467
6010.98 -80.1127 6075.61 -111.355
6025.96 -81.4144 6092.06 -125.674
6040.94 -107.45 6107.33 -128.278
6056.8 -102.243 6123.19 -91.8285
6071.49 -91.8285 6137.59 -117.864
6087.65 -104.846 6154.04 -100.941
6103.51 -76.2074 6169.6 -132.183
6118.79 -54.0776 6184.58 -107.45
6133.47 -73.6039 6199.85 -150.407
6151.1 -50.1723 6215.13 -121.769
6164.32 -90.5267 6230.69 -104.846
6180.47 -95.7337 6246.26 -123.071
6196.62 -136.088 6262.11 -117.864
6211.6 -117.864 6276.8 -136.088
6227.75 -104.846 6292.95 -121.769
6243.03 -95.7337 6307.92 -120.467
6257.41 -74.9056 6324.37 -98.3372
6273.57 -59.2846 6338.75 -100.941
6288.84 -91.8285 6354.61 -136.088
6304.4 -86.6215 6370.17 -156.916
6319.37 -84.0179 6385.44 -138.692
6334.64 -115.26 6401.29 -132.183
6350.5 -111.355 6415.97 -125.674
6366.06 -73.6039 6431.82 -123.071
6381.62 -86.6215 6446.79 -141.295
6396.59 -82.7162 6462.94 -98.3372
6411.86 -68.3969 6478.49 -125.674
6428 -78.8109 6493.76 -119.165
6443.56 -69.6986 6508.73 -132.183
6459.12 -110.053 6523.99 -91.8285
6474.68 -90.5267 6540.13 -111.355
6488.47 -82.7162 6555.1 -100.941
6505.2 -123.071 6569.77 -116.562
6520.17 -76.2074 6585.62 -116.562
6535.44 -71.0004 6601.17 -112.657
6550.99 -112.657 6617.02 -128.278
6566.84 -99.639 6631.99 -142.597
6582.39 -99.639 6647.24 -93.1302
6597.95 -112.657 6663.67 -87.9232
6613.2 -76.2074 6678.93 -107.45
6627.88 -111.355 6694.48 -116.562
6644.31 -107.45 6708.86 -111.355
6659.27 -64.4916 6724.41 -119.165
6674.82 -85.3197 6740.84 -130.881
6689.79 -81.4144 6755.5 -113.958
6705.34 -103.544 6771.64 -125.674
6720.89 -120.467 6786.6 -138.692
6737.02 -78.8109 6801.85 -132.183
6751.69 -97.0355 6816.22 -150.407
6767.24 -91.8285 6832.94 -120.467
6783.08 -72.3021 6847.31 -137.39
6798.33 -111.355 6864.62 -126.976
6813 -80.1127 6878.99 -139.993
6828.54 -87.9232 6895.41 -119.165
6844.67 -77.5092 6910.07 -99.639
6859.92 -93.1302 6925.32 -150.407
6875.76 -115.26 6941.45 -95.7337
6890.42 -100.941 6956.7 -162.123
6905.97 -93.1302 6971.65 -126.976
6921.22 -82.7162 6986.31 -134.786
6936.76 -41.06 7003.02 -149.106
6952.3 -77.5092 7017.97 -119.165
6967.55 -128.278 7033.51 -143.899
6983.38 -120.467 7049.05 -113.958
6998.63 -108.751 7063.7 -126.976
7014.16 -78.8109 7080.41 -106.148
7029.11 -90.5267 7094.78 -95.7337
7044.65 -87.9232 7111.19 -121.769
7059.6 -91.8285 7126.43 -115.26
7075.72 -107.45 7141.67 -142.597
7091.55 -89.225 7157.5 -137.39
7106.21 -113.958 7172.45 -113.958
7121.74 -106.148 7187.98 -104.846
7136.98 -107.45 7202.63 -123.071
7152.81 -102.243 7219.33 -108.751
7168.34 -74.9056 7234.28 -103.544
7184.17 -86.6215 7250.1 -110.053
7199.11 -37.1547 7265.04 -173.839
7214.35 -76.2074 7279.99 -150.407
7229.3 -91.8285 7296.1 -138.692
7244.53 -116.562 7311.34 -132.183
7260.36 -95.7337 7327.74 -116.562
7276.18 -112.657 7342.09 -128.278
7291.12 -56.6811 7356.74 -126.976
7307.23 -73.6039 7373.15 -121.769
7323.35 -60.5863 7388.96 -154.313
7337.7 -67.0951 7404.49 -145.2
7353.23 -77.5092 7418.84 -138.692
7368.17 -65.7934 7434.36 -142.597
7383.69 -91.8285 7450.18 -106.148
7398.63 -102.243 7465.99 -102.243
7415.03 -82.7162 7480.34 -95.7337
7430.26 -97.0355 7496.74 -130.881
7445.49 -86.6215 7512.26 -129.579
7460.72 -84.0179 7527.19 -116.562
7476.53 -90.5267 7542.71 -120.467
7491.47 -94.432 7558.23 -143.899
7506.99 -61.8881 7573.16 -106.148
7522.51 -77.5092 7588.68 -104.846
7538.32 -110.053 7605.66 -95.7337
7553.25 -110.053 7620.3 -112.657
7569.65 -77.5092 7635.23 -90.5267
7584.29 -86.6215 7650.16 -121.769
7600.39 -84.0179 7666.26 -111.355
7614.74 -78.8109 7681.19 -90.5267
7630.84 -82.7162 7697.28 -149.106
7645.77 -71.0004 7711.63 -134.786
7661.87 -98.3372 7728.02 -123.071
7677.09 -91.8285 7744.11 -121.769
7692.01 -102.243 7758.45 -106.148
7706.94 -50.1723 7774.55 -115.26
7723.63 -61.8881 7790.35 -126.976
7738.55 -68.3969 7804.69 -120.467
7753.48 -84.0179 7820.78 -123.071
7769.57 -91.8285 7835.71 -138.692
7784.2 -97.0355 7851.8 -132.183
7800.01 -85.3197 7866.72 -126.976
7815.81 -78.8109 7882.81 -132.183
7830.44 -80.1127 7898.03 -120.467
7845.95 -82.7162 7913.24 -108.751
7861.45 -84.0179 7929.62 -121.769
7876.96 -72.3021 7944.54 -125.674
7892.17 -73.6039 7959.75 -77.5092
7907.68 -110.053 7974.08 -138.692
7923.77 -73.6039 7989.59 -116.562
7939.57 -86.6215 8005.67 -111.355
7953.9 -86.6215 8021.47 -116.562
7970.28 -77.5092 8037.26 -116.562
7985.2 -115.26 8052.76 -110.053
8000.12 -84.0179 8067.68 -113.958
8015.91 -130.881 8082.3 -108.751
8031.12 -86.6215 8098.68 -112.657
8047.2 -100.941 8113.59 -123.071
8062.12 -86.6215 8128.8 -121.769
8077.91 -89.225 8144.58 -137.39
8094 -80.1127 8160.37 -134.786
8108.91 -64.4916 8176.46 -136.088
8123.53 -63.1898 8191.07 -134.786
8139.32 -85.3197 8206.57 -136.088
8154.53 -76.2074 8222.65 -166.029
8170.02 -86.6215 8236.68 -132.183
8184.93 -82.7162 8253.34 -113.958
8200.43 -80.1127 8268.25 -128.278
8217.1 -60.5863 8282.28 -124.372
8231.71 -74.9056 8299.24 -143.899
8246.04 -87.9232 8315.61 -119.165
8262.11 -107.45 8330.81 -125.674
8277.9 -108.751 8345.71 -133.485
8293.39 -104.846 8360.62 -123.071
8309.47 -94.432 8376.11 -107.45
8324.08 -103.544 8392.18 -93.1302
8338.99 -73.6039 8407.67 -99.639
8354.77 -82.7162 8423.16 -133.485
8369.68 -97.0355 8437.48 -100.941
8385.46 -74.9056 8452.97 -120.467
8401.54 -64.4916 8469.04 -117.864
8416.44 -120.467 8485.4 -142.597
8432.8 -107.45 8499.43 -129.579
8446.83 -91.8285 8515.79 -112.657
8462.61 -78.8109 8530.98 -97.0355
8478.1 -73.6039 8545.59 -74.9056
8493.29 -103.544 8561.66 -93.1302
8509.36 -102.243 8576.85 -141.295
8524.56 -107.45 8592.63 -120.467
8539.46 -86.6215 8607.82 -93.1302
8555.23 -87.9232 8623.01 -126.976
8570.42 -91.8285 8637.32 -138.692
8585.91 -112.657 8653.68 -151.709
8601.1 -86.6215 8669.45 -134.786
8616.87 -102.243 8684.35 -124.372
8632.65 -69.6986 8700.12 -91.8285
8647.26 -100.941 8715.6 -102.243
8661.86 -82.7162 8731.08 -121.769
8678.8 -74.9056 8747.15 -139.993
8693.7 -69.6986 8762.92 -130.881
8709.18 -89.225 8776.94 -126.976
8724.37 -90.5267 8793.58 -108.751
8740.72 -82.7162 8807.89 -99.639
8755.03 -85.3197 8824.25 -99.639
8772.56 -95.7337 8839.43 -132.183
8786.57 -57.9828 8855.2 -91.8285
8801.76 -84.0179 8870.68 -123.071
8816.95 -95.7337 8885.57 -149.106
8832.42 -126.976 8901.04 -145.2
8848.19 -103.544 8916.23 -112.657
8863.08 -76.2074 8931.7 -117.864
8878.27 -98.3372 8947.76 -100.941
8893.74 -98.3372 8963.23 -107.45
8909.8 -74.9056 8977.83 -117.864
8924.99 -73.6039 8994.18 -139.993
8940.17 -72.3021 9009.36 -108.751
8955.35 -67.0951 9024.83 -153.011
8971.41 -99.639 9041.18 -125.674
8986.01 -102.243 9055.78 -126.976
9002.06 -99.639 9070.08 -129.579
9018.12 -113.958 9086.14 -108.751
9032.42 -103.544 9103.07 -103.544
9048.48 -47.5688 9117.08 -123.071
9063.66 -108.751 9133.13 -106.148
9078.55 -89.225 9148.89 -129.579
9094.6 -74.9056 9163.19 -126.976
9109.78 -95.7337 9178.95 -149.106
9125.25 -113.958 9194.13 -112.657
9139.84 -81.4144 9209.6 -153.011
9155.9 -100.941 9225.36 -99.639
9172.24 -104.846 9241.12 -84.0179
9186.84 -93.1302 9256.59 -85.3197
9201.72 -87.9232 9271.76 -128.278
9217.48 -73.6039 9288.11 -185.555
9233.53 -76.2074 9301.82 -102.243
9249.3 -69.6986 9318.46 -113.958
9263.59 -108.751 9334.22 -145.2
9278.77 -74.9056 9348.22 -107.45
9295.11 -117.864 9364.56 -98.3372
9310.58 -68.3969 9380.03 -111.355
9325.75 -57.9828 9394.91 -57.9828
9340.64 -68.3969 9410.08 -89.225
9357.27 -102.243 9426.42 -142.597
9371.57 -111.355 9441.6 -108.751
9387.03 -80.1127 9457.35 -133.485
9402.21 -102.243 9472.23 -125.674
9418.55 -94.432 9487.7 -117.864
9433.43 -81.4144 9503.45 -133.485
9448.6 -103.544 9518.92 -76.2074
9463.77 -77.5092 9534.38 -113.958
9480.11 -121.769 9550.13 -103.544
9497.03 -80.1127 9564.43 -111.355
9511.04 -52.7758 9580.48 -123.071
9525.63 -76.2074 9595.36 -123.071
9540.8 -85.3197 9611.69 -124.372
9557.43 -90.5267 9626.86 -142.597
9572.6 -77.5092 9642.91 -110.053
9588.35 -64.4916 9657.2 -112.657
9602.36 -84.0179 9673.25 -90.5267
9617.53 -85.3197 9688.71 -100.941
9634.16 -60.5863 9704.46 -149.106
9649.62 -108.751 9718.75 -139.993
9665.08 -111.355 9735.67 -151.709
9679.66 -77.5092 9749.97 -124.372
9695.13 -110.053 9766.01 -106.148
9711.46 -61.8881 9781.18 -119.165
9725.17 -72.3021 9796.64 -112.657
9741.22 -95.7337 9812.1 -116.562
9756.97 -102.243 9827.56 -89.225
9771.55 -82.7162 9843.6 -117.864
9788.76 -91.8285 9858.77 -107.45
9803.35 -80.1127 9873.35 -130.881
9818.23 -82.7162 9889.69 -98.3372
9834.27 -91.8285 9905.15 -126.976
9849.43 -67.0951 9920.02 -97.0355
9864.02 -99.639 9935.77 -93.1302
9880.06 -89.225 9951.52 -113.958
9895.23 -129.579 9966.4 -111.355
9911.27 -72.3021 9982.15 -102.243
9926.44 -116.562 9996.73 -147.804
9942.19 -65.7934 10012.2 -145.2
9956.48 -95.7337 10028.8 -134.786
9972.52 -57.9828 10044 -129.579
9988.56 -73.6039 10059.4 -115.26
10003.4 -76.2074 10073.7 -102.243
10018.9 -73.6039 10090.1 -129.579
10033.8 -107.45 10104.1 -126.976
10049.5 -77.5092 10121.3 -126.976
10065.8 -111.355 10136.4 -110.053
10080.7 -95.7337 10152.2 -104.846
10095.3 -116.562 10167.1 -124.372
10111.4 -90.5267 10181.9 -84.0179
10125.6 -63.1898 10198.3 -95.7337
10141.7 -93.1302 10213.7 -99.639
10157.1 -68.3969 10228.6 -119.165
10172.6 -126.976 10244.3 -124.372
10188.9 -108.751 10260.1 -138.692
10203.8 -102.243 10275 -120.467
10219.3 -97.0355 10290.7 -113.958
10235.3 -94.432 10306.5 -123.071
10249.6 -81.4144 10321.9 -100.941
10264.8 -71.0004 10337.1 -117.864
10280.2 -67.0951 10352 -113.958
10296 -63.1898 10367.4 -132.183
10311.7 -98.3372 10383.5 -106.148
10326.6 -117.864 10398 -120.467
10342.3 -100.941 10414.1 -86.6215
10357.2 -84.0179 10430.4 -132.183
10372.4 -99.639 10444.7 -103.544
10388.4 -69.6986 10461 -117.864
10403.9 -69.6986 10475 -111.355
10420.5 -89.225 10491.7 -133.485
10434.8 -71.0004 10507.1 -116.562
10449.7 -64.4916 10522.9 -121.769
10465.4 -106.148 10537.2 -116.562
10480.9 -102.243 10553.8 -136.088
10496.6 -86.6215 10568.6 -80.1127
10511.5 -64.4916 10584.7 -95.7337
10527.5 -72.3021 10599.6 -103.544
10542.4 -80.1127 10615 -134.786
10557.9 -43.6635 10630.2 -142.597
10572.7 -77.5092 10645.9 -156.916
10588.5 -80.1127 10661.1 -164.727
10604.2 -77.5092 10677.1 -121.769
10620 -125.674 10692.3 -142.597
10634.9 -113.958 10706.9 -151.709
10650.6 -94.432 10722.9 -141.295
10665.2 -81.4144 10739 -138.692
10681.2 -77.5092 10754.1 -126.976
10696.1 -82.7162 10769.3 -143.899
10712.1 -87.9232 10785.4 -162.123
10727.6 -95.7337 10800.5 -180.348
10743.1 -65.7934 10816.3 -160.822
10758.5 -102.243 10831.7 -120.467
10773.4 -91.8285 10846.3 -153.011
10789.1 -93.1302 10862.4 -97.0355
10804.6 -82.7162 10877.5 -104.846
10819.8 -50.1723 10893 -150.407
10834.4 -87.9232 10908.5 -155.615
10850.4 -61.8881 10923 -153.011
10866.1 -65.7934 10939.4 -159.52
10880.7 -76.2074 10954.8 -139.993
10896.5 -73.6039 10970 -132.183
10912.5 -68.3969 10985.8 -164.727
10927.7 -59.2846 11001.2 -103.544
10943.2 -60.5863 11016.7 -104.846
10958 -85.3197 11031.8 -119.165
10973.8 -77.5092 11047.9 -138.692
10989.3 -71.0004 11063.3 -154.313
11004.7 -76.2074 11077.6 -120.467
11020.5 -91.8285 11093.7 -141.295
11035 -81.4144 11108.9 -142.597
11050.8 -67.0951 11124.6 -130.881
11066.3 -54.0776 11139.8 -130.881
11082 -77.5092 11155.5 -139.993
11096.6 -91.8285 11170.7 -99.639
11112.6 -74.9056 11185.3 -141.295
11129 -103.544 11201.9 -153.011
11142.1 -77.5092 11217.4 -159.52
11158.5 -90.5267 11232.5 -166.029
11174.8 -112.657 11248.6 -124.372
11189.7 -116.562 11263.8 -121.769
11205.4 -78.8109 11278.7 -89.225
11220.9 -84.0179 11295.3 -102.243
11234.9 -87.9232 11309.9 -123.071
11250.9 -64.4916 11325.3 -133.485
11266.4 -69.6986 11341.1 -102.243
11282.7 -94.432 11356 -97.0355
11297 -81.4144 11371.4 -107.45
11313.4 -99.639 11386.9 -128.278
11327.1 -85.3197 11403.3 -139.993
11343.4 -74.9056 11418.4 -119.165
11358.9 -89.225 11433.6 -99.639
11374.7 -86.6215 11449.4 -108.751
11389.2 -76.2074 11464.2 -100.941
11404.1 -99.639 11480.3 -149.106
11420.2 -63.1898 11495.5 -129.579
11436.5 -63.1898 11510 -85.3197
11450.2 -63.1898 11525.8 -108.751
11466.9 -71.0004 11541.6 -81.4144
11482.3 -97.0355 11557.3 -136.088
11498.1 -57.9828 11572.5 -106.148
11513.3 -81.4144 11588 -123.071
11528.1 -67.0951 11603.5 -134.786
11543.6 -108.751 11619.2 -113.958
11559.4 -74.9056 11633.8 -129.579
11574.3 -84.0179 11649.6 -112.657
11590 -68.3969 11663.9 -99.639
11604.9 -102.243 11680.5 -116.562
11621.3 -59.2846 11695.7 -130.881
11635.9 -90.5267 11711.4 -100.941
11651.9 -104.846 11726.6 -146.502
11665.9 -55.3793 11743.3 -81.4144
11682.3 -82.7162 11757.6 -91.8285
11698.3 -104.846 11773 -107.45
11712.6 -68.3969 11788.2 -123.071
11728.1 -67.0951 11804 -124.372
11743.6 -93.1302 11820 -124.372
11759 -87.9232 11835.2 -117.864
11775.1 -54.0776 11850.7 -91.8285
11790.3 -73.6039 11865.9 -119.165
11805.2 -91.8285 11881.9 -113.958
11820.9 -84.0179 11896.5 -103.544
11835.8 -100.941 11912.3 -117.864
11852.2 -91.8285 11927.2 -106.148
11867.9 -20.2319 11942.7 -134.786
11882.2 -41.06 11958.7 -121.769
11899.5 -84.0179 11975.1 -112.657
11913.2 -60.5863 11989.7 -119.165
11928.4 -74.9056 12004.6 -115.26
11945.3 -74.9056 12020.6 -87.9232
11960.2 -80.1127 12035.5 -136.088
11974.5 -55.3793 12051.3 -142.597
11990.9 -0.70557 12067.1 -125.674
12005.2 -43.6635 12083.1 -134.786
12021.2 -9.81786 12097.5 -168.632
12036.4 -8.5161 12113.5 -107.45
12051.3 -16.3266 12128.7 -111.355
12067.1 -46.267 12143.3 -93.1302
12083.7 -9.81786 12159.4 -133.485
12098 -34.5512 12175.1 -106.148
12112.6 -16.3266 12189.8 -136.088
12129 -7.21435 12206.1 -130.881
12143.9 30.5366 12220.7 -147.804
12159.4 57.8734 12236.2 -155.615
12174.9 65.684 12252 -117.864
12190.3 42.2524 12267.2 -134.786
12206.1 -7.21435 12282.4 -126.976
12221.3 7.10496 12299.6 -102.243
12237.1 -0.70557 12314.2 -128.278
12252.6 55.2699 12329.1 -125.674
12267.5 47.4594 12344.3 -126.976
12283.8 77.3998 12360.7 -132.183
12298.4 91.7191 12375.9 -100.941
12313.6 90.4173 12391 -110.053
12329.1 89.1156 12406.5 -108.751
12344.3 44.8559 12421.1 -108.751
12360.7 48.7611 12437.8 -89.225
12376.1 80.0033 12453 -99.639
12390.2 51.3647 12468.5 -85.3197
12406.8 117.754 12483.7 -91.8285
12422 117.754 12499.8 -77.5092
12437.5 141.186 12514.1 -71.0004
12452.4 191.954 12530.4 -33.2495
12467 169.824 12545.6 -44.9653
12484 142.488 12561.4 -28.0424
12500 134.677 12576.9 -29.3442
12514.1 104.737 12593 -37.1547
12528.7 154.203 12607.9 -35.853
12545.3 197.161 12622.8 -17.6284
12560.3 221.895 12638.9 -25.4389
12576.3 242.723 12652.9 -8.5161
12591.5 233.61 12669 -29.3442
12607 240.119 12685.1 -33.2495
12621.9 238.817 12699.7 30.5366
12636.8 206.274 12715.8 13.6137
12652.3 201.067 12731.8 31.8383
12668.4 234.912 12746.2 29.2348
12683.3 285.681 12762.5 56.5717
12699.1 318.225 12777.4 25.3295
12714.6 365.088 12793.5 73.4945
12729.8 342.958 12809 52.6664
12745.3 383.312 12823.4 60.4769
12760.2 336.449 12839.4 77.3998
12776.6 327.337 12854.6 113.849
12790.9 357.277 12871 107.34
12806.4 314.319 12885.9 143.789
12821.6 402.839 12901.7 167.221
12837.4 409.347 12916.9 143.789
12853.2 439.288 12932.7 171.126
12868.1 435.383 12947.9 134.677
12883.6 440.59 12963.4 176.333
12898.8 437.986 12978.9 164.617
12914.3 449.702 12993.6 231.007
12930.1 430.176 13010.2 253.137
12945 444.495 13025.1 280.474
12960.8 474.435 13040.1 319.526
12976.3 487.453 13055.3 264.853
12991.2 512.186 13071.6 290.888
13007 521.298 13086.9 232.309
13021.9 534.316 13102.4 280.474
13037.4 586.386 13117.9 305.207
13053.8 574.67 13134.2 354.674
13069.3 604.611 13148.9 395.028
13084.8 604.611 13163.8 469.228
13099.1 587.688 13179.9 456.211
13113.8 581.179 13194.8 469.228
13130.1 603.309 13211.2 452.305
13145.1 630.646 13225.8 397.632
13160.6 669.699 13241.3 374.2
13175.8 726.976 13256.8 401.537
13191.6 754.313 13272.9 428.874
13206.8 781.65 13288.4 513.488
13223.2 790.762 13303.9 596.8
13237.8 803.78 13318.9 611.12
13253.3 793.365 13334.1 617.628
13268.8 784.253 13349.6 609.818
13284 811.59 13365.7 547.334
13299.5 829.815 13380 569.463
13315 894.902 13396.7 590.291
13330.3 909.222 13411.6 598.102
13345.2 940.464 13427.7 647.569
13361 980.818 13442.6 719.165
13377.1 928.748 13458.2 764.727
13392.3 918.334 13473.7 816.797
13407.5 950.878 13489.2 776.443
13423 927.446 13504.4 767.33
13438 1008.16 13520.8 768.632
13453.5 1053.72 13535.4 756.916
13469 1075.85 13550.9 837.625
13484.2 1099.28 13566.4 815.495
13500.3 1138.33 13582.5 910.523
13514.6 1134.43 13598.1 927.446
13530.7 1088.86 13613.6 1000.34
13546.3 1091.47 13629.1 991.232
13561.2 1094.07 13645.2 984.724
13576.4 1108.39 13660.7 1008.16
13592.8 1157.86 13678 984.724
13607.1 1183.89 13692.3 1015.97
13623.2 1284.13 13700.5 1026.38
13638.2 1297.14 13684.4 1108.39
13653.7 1229.45 13668.6 1187.8
