6015.97 -566.969 6030.07 -553.952
6004.81 -576.082 6046.82 -566.969
6000.69 -551.348 6061.51 -533.124
6010.98 -555.253 6077.07 -557.857
6025.66 -569.573 6092.35 -579.987
6040.94 -547.443 6107.63 -586.496
6056.51 -557.857 6123.19 -589.099
6072.08 -538.331 6137.59 -608.626
6088.24 -529.218 6153.45 -578.685
6102.93 -537.029 6168.13 -564.366
6118.49 -534.425 6184.88 -615.134
6134.06 -551.348 6200.15 -556.555
6149.34 -569.573 6215.42 -570.875
6165.78 -576.082 6231.57 -557.857
6180.76 -535.727 6246.84 -577.383
6196.03 -520.106 6262.11 -606.022
6211.01 -527.917 6277.97 -579.987
6226.87 -547.443 6292.95 -559.159
6242.73 -565.668 6307.63 -560.461
6257.71 -552.65 6323.78 -586.496
6273.27 -529.218 6338.46 -559.159
6289.13 -556.555 6354.02 -568.271
6304.69 -535.727 6369.29 -559.159
6320.26 -551.348 6386.02 -612.531
6335.23 -538.331 6400.41 -542.236
6350.2 -551.348 6415.97 -612.531
6366.06 -522.71 6430.94 -564.366
6381.33 -527.917 6447.09 -573.478
6396.89 -505.787 6462.94 -581.289
6411.86 -538.331 6478.49 -590.401
6427.71 -559.159 6493.76 -555.253
6443.56 -543.538 6508.43 -557.857
6458.24 -552.65 6524.87 -574.78
6474.39 -559.159 6539.25 -589.099
6489.94 -540.934 6555.1 -598.211
6504.03 -546.141 6570.65 -578.685
6520.76 -537.029 6585.91 -561.762
6536.02 -576.082 6601.17 -573.478
6551.28 -550.046 6617.31 -569.573
6566.84 -534.425 6632.57 -557.857
6582.69 -551.348 6647.54 -543.538
6597.95 -573.478 6663.97 -581.289
6613.2 -585.194 6678.35 -574.78
6629.05 -565.668 6693.9 -585.194
6642.84 -546.141 6709.15 -556.555
6659.57 -548.745 6724.7 -560.461
6675.12 -540.934 6739.96 -540.934
6690.08 -583.892 6755.8 -568.271
6705.63 -591.703 6771.64 -561.762
6720.3 -533.124 6786.3 -602.117
6736.73 -555.253 6802.14 -581.289
6751.1 -557.857 6817.4 -581.289
6766.36 -525.313 6832.94 -553.952
6783.66 -529.218 6848.78 -555.253
6798.04 -516.201 6864.03 -566.969
6813.29 -561.762 6879.57 -587.797
6828.54 -520.106 6895.12 -564.366
6844.09 -576.082 6910.07 -568.271
6859.92 -566.969 6925.61 -600.815
6875.17 -570.875 6940.86 -591.703
6890.13 -539.632 6956.4 -587.797
6906.26 -529.218 6972.82 -583.892
6921.51 -533.124 6987.48 -557.857
6936.76 -535.727 7003.02 -572.176
6952.3 -561.762 7017.09 -573.478
6968.13 -553.952 7034.39 -565.668
6982.21 -551.348 7048.17 -565.668
6998.92 -543.538 7064.29 -581.289
7014.45 -518.804 7079.83 -573.478
7029.7 -539.632 7095.36 -573.478
7044.94 -572.176 7111.19 -557.857
7059.9 -544.839 7125.55 -538.331
7075.43 -546.141 7140.79 -542.236
7091.55 -529.218 7156.91 -582.59
7106.5 -546.141 7172.45 -590.401
7122.33 -565.668 7187.39 -577.383
7137.28 -565.668 7202.63 -613.833
7152.81 -551.348 7218.45 -581.289
7168.34 -556.555 7234.28 -589.099
7183.58 -564.366 7250.1 -547.443
7198.53 -508.39 7265.63 -557.857
7213.77 -577.383 7279.69 -555.253
7230.18 -550.046 7296.69 -565.668
7245.12 -552.65 7311.34 -560.461
7260.94 -546.141 7326.57 -587.797
7275.88 -543.538 7341.8 -566.969
7291.12 -530.52 7358.5 -573.478
7307.23 -555.253 7373.15 -573.478
7321.88 -530.52 7388.38 -560.461
7337.41 -514.899 7403.32 -530.52
7353.52 -557.857 7418.84 -563.064
7368.75 -557.857 7435.24 -546.141
7383.69 -537.029 7449.88 -587.797
7399.8 -544.839 7465.99 -578.685
7415.32 -540.934 7481.8 -578.685
7430.55 -530.52 7496.15 -565.668
7446.37 -526.615 7512.85 -578.685
7460.13 -560.461 7528.07 -577.383
7476.53 -560.461 7543.01 -603.418
7491.47 -535.727 7557.35 -539.632
7507.28 -565.668 7573.46 -565.668
7522.51 -520.106 7589.56 -551.348
7538.03 -538.331 7604.78 -585.194
7554.13 -543.538 7620.3 -585.194
7568.48 -520.106 7636.11 -563.064
7584.58 -538.331 7650.45 -589.099
7599.22 -548.745 7666.26 -550.046
7614.74 -553.952 7681.77 -568.271
7630.84 -530.52 7697.58 -565.668
7646.65 -582.59 7712.8 -564.366
7661.28 -579.987 7728.02 -573.478
7677.38 -540.934 7743.23 -619.04
7691.43 -560.461 7759.04 -594.306
7708.99 -564.366 7774.26 -572.176
7722.75 -565.668 7789.77 -560.461
7738.26 -552.65 7804.98 -585.194
7753.77 -537.029 7821.37 -566.969
7769.87 -521.408 7834.83 -563.064
7784.5 -520.106 7851.51 -570.875
7800.59 -570.875 7867.01 -563.064
7815.81 -525.313 7882.52 -590.401
7830.44 -539.632 7898.03 -539.632
7846.24 -544.839 7912.65 -560.461
7862.62 -540.934 7929.04 -583.892
7877.25 -546.141 7944.83 -543.538
7893.05 -547.443 7959.46 -602.117
7907.97 -539.632 7975.25 -585.194
7923.77 -529.218 7989.88 -557.857
7938.4 -565.668 8006.26 -595.608
7954.19 -581.289 8021.18 -589.099
7969.99 -552.65 8037.26 -602.117
7985.2 -495.373 8053.06 -577.383
8000.41 -517.503 8067.68 -564.366
8016.2 -535.727 8082.88 -582.59
8030.83 -556.555 8098.09 -568.271
8046.62 -557.857 8113.3 -557.857
8062.41 -559.159 8129.09 -585.194
8078.21 -564.366 8144.29 -582.59
8093.12 -543.538 8160.67 -579.987
8108.33 -527.917 8176.16 -560.461
8124.12 -556.555 8190.49 -570.875
8139.03 -533.124 8205.99 -583.892
8153.65 -547.443 8222.36 -552.65
8170.61 -544.839 8236.97 -582.59
8185.52 -539.632 8253.64 -546.141
8201.01 -546.141 8268.84 -594.306
8215.93 -518.804 8283.75 -553.952
8231.42 -570.875 8299.53 -594.306
8247.79 -556.555 8315.02 -574.78
8262.11 -564.366 8329.64 -574.78
8277.61 -548.745 8346.01 -560.461
8293.39 -564.366 8361.2 -576.082
8308.89 -546.141 8375.52 -596.91
8324.38 -538.331 8391.89 -630.755
8339.28 -570.875 8407.38 -578.685
8355.65 -576.082 8421.7 -577.383
8370.56 -533.124 8438.06 -538.331
8385.75 -556.555 8453.55 -593.004
8401.24 -551.348 8468.16 -587.797
8416.44 -539.632 8484.23 -573.478
8431.64 -539.632 8499.72 -570.875
8448.29 -543.538 8515.5 -560.461
8462.61 -585.194 8531.57 -576.082
8478.39 -539.632 8546.18 -581.289
8493.58 -569.573 8561.37 -583.892
8509.07 -570.875 8577.14 -565.668
8523.97 -563.064 8592.34 -579.987
8539.16 -544.839 8608.7 -563.064
8554.06 -551.348 8623.59 -583.892
8570.13 -555.253 8638.78 -582.59
8586.2 -568.271 8653.68 -583.892
8601.39 -547.443 8669.75 -570.875
8617.17 -531.822 8684.65 -548.745
8632.65 -573.478 8700.42 -577.383
8647.84 -546.141 8715.9 -561.762
8662.74 -565.668 8732.25 -583.892
8678.51 -522.71 8747.15 -594.306
8693.11 -544.839 8762.63 -582.59
8709.76 -520.106 8777.81 -566.969
8724.37 -552.65 8792.71 -576.082
8740.14 -520.106 8808.77 -553.952
8755.62 -577.383 8823.95 -582.59
8770.51 -543.538 8839.43 -593.004
8787.16 -553.952 8854.62 -561.762
8801.47 -563.064 8870.68 -579.987
8817.24 -540.934 8885.57 -590.401
8833.01 -534.425 8901.04 -594.306
8847.9 -538.331 8915.64 -578.685
8864.55 -570.875 8931.7 -587.797
8878.27 -520.106 8947.76 -608.626
8893.45 -568.271 8962.65 -586.496
8909.22 -518.804 8978.12 -538.331
8925.28 -552.65 8993.89 -560.461
8940.17 -550.046 9009.07 -569.573
8955.35 -525.313 9024.83 -576.082
8971.7 -546.141 9040.01 -594.306
8988.34 -546.141 9054.9 -600.815
9002.35 -530.52 9071.25 -565.668
9017.24 -540.934 9086.72 -566.969
9033.01 -548.745 9101.31 -560.461
9048.19 -581.289 9118.83 -566.969
9063.95 -557.857 9131.67 -561.762
9078.84 -539.632 9148.02 -587.797
9094.6 -551.348 9163.78 -578.685
9109.2 -555.253 9178.95 -587.797
9125.25 -560.461 9194.72 -573.478
9140.72 -544.839 9209.31 -543.538
9156.48 -537.029 9225.95 -581.289
9171.37 -561.762 9241.41 -550.046
9186.84 -533.124 9256.88 -587.797
9202.3 -540.934 9271.76 -581.289
9217.48 -568.271 9286.94 -572.176
9232.95 -560.461 9302.7 -553.952
9249 -548.745 9317.58 -573.478
9263.89 -542.236 9333.34 -581.289
9279.64 -559.159 9347.64 -582.59
9294.82 -565.668 9363.98 -556.555
9309.12 -552.65 9380.03 -594.306
9325.46 -565.668 9395.2 -585.194
9340.93 -565.668 9411.25 -566.969
9357.56 -568.271 9425.55 -566.969
9371.57 -564.366 9441.01 -556.555
9386.74 -568.271 9457.06 -602.117
9402.79 -524.011 9472.53 -581.289
9417.38 -547.443 9487.7 -590.401
9433.14 -550.046 9503.16 -544.839
9448.89 -555.253 9519.21 -563.064
9464.36 -586.496 9534.09 -594.306
9479.82 -566.969 9548.97 -553.952
9495.87 -548.745 9565.01 -570.875
9510.16 -551.348 9581.35 -582.59
9525.63 -548.745 9595.36 -547.443
9540.22 -552.65 9611.11 -559.159
9557.14 -538.331 9626.86 -565.668
9572.6 -556.555 9642.03 -589.099
9588.06 -552.65 9657.49 -573.478
9602.94 -560.461 9674.12 -566.969
9618.11 -563.064 9688.13 -572.176
9633.57 -521.408 9703.88 -591.703
9649.62 -551.348 9719.34 -563.064
9664.5 -548.745 9734.8 -539.632
9679.96 -544.839 9749.97 -564.366
9694.54 -543.538 9766.01 -591.703
9710.58 -586.496 9781.76 -579.987
9726.92 -566.969 9797.22 -599.513
9741.22 -525.313 9811.52 -564.366
9755.8 -542.236 9827.27 -561.762
9772.72 -517.503 9843.31 -544.839
9787.89 -537.029 9858.77 -553.952
9803.35 -538.331 9873.94 -574.78
9818.52 -555.253 9889.69 -581.289
9833.98 -543.538 9904.27 -546.141
9849.43 -587.797 9919.15 -573.478
9865.19 -561.762 9935.19 -604.72
9880.94 -577.383 9951.52 -583.892
9895.23 -522.71 9967.27 -578.685
9910.4 -537.029 9983.02 -533.124
9928.19 -583.892 9997.02 -560.461
9941.02 -579.987 10012.8 -582.59
9956.48 -539.632 10028.2 -570.875
9972.82 -551.348 10044.6 -583.892
9987.98 -555.253 10059.1 -595.608
10003.7 -531.822 10074.6 -585.194
10018.9 -548.745 10089.5 -589.099
10033.5 -531.822 10106.1 -564.366
10049.8 -555.253 10121.3 -550.046
10065.3 -566.969 10137 -546.141
10081 -572.176 10151.9 -579.987
10095.6 -572.176 10166.8 -589.099
10111.1 -552.65 10182.5 -603.418
10126.5 -555.253 10198.8 -590.401
10143.1 -543.538 10213.7 -581.289
10157.1 -561.762 10228.9 -559.159
10172.3 -527.917 10244.3 -561.762
10188.1 -551.348 10260.7 -581.289
10203.5 -576.082 10274.7 -552.65
10219 -547.443 10291 -591.703
10233.8 -507.089 10305.9 -581.289
10249.9 -552.65 10321 -572.176
10265.1 -557.857 10336.8 -565.668
10281.1 -527.917 10352.3 -579.987
10296.3 -556.555 10368 -544.839
10312 -526.615 10383.2 -578.685
10326.6 -552.65 10399.2 -564.366
10342.3 -578.685 10414.7 -604.72
10357.2 -556.555 10429.8 -587.797
10373.3 -586.496 10444.7 -552.65
10388.7 -537.029 10460.7 -573.478
10403.9 -548.745 10476.5 -581.289
10419.6 -534.425 10491.4 -572.176
10434.8 -534.425 10506.5 -589.099
10449.7 -535.727 10522.3 -563.064
10465.7 -538.331 10537.7 -582.59
10481.2 -573.478 10552.9 -600.815
10497.2 -537.029 10569.2 -587.797
10511.2 -537.029 10583.8 -583.892
10526.9 -526.615 10600.1 -547.443
10542.4 -574.78 10615.3 -579.987
10558.5 -550.046 10630.5 -546.141
10573.9 -557.857 10645.9 -608.626
10588.5 -546.141 10660.8 -620.341
10603.6 -561.762 10677.4 -632.057
10620.3 -538.331 10692.9 -639.868
10635.1 -539.632 10707.8 -587.797
10651.2 -551.348 10723.2 -612.531
10665.5 -576.082 10737.8 -589.099
10680.9 -594.306 10753.9 -591.703
10696.7 -521.408 10769.3 -591.703
10712.7 -553.952 10784.8 -603.418
10727.6 -547.443 10799.9 -606.022
10742.2 -537.029 10816.3 -616.436
10757.9 -547.443 10831.7 -628.152
10774 -535.727 10846.9 -599.513
10789.1 -535.727 10861.5 -608.626
10803.7 -543.538 10877 -595.608
10819.5 -542.236 10892.4 -586.496
10835.2 -538.331 10908.5 -607.324
10850.7 -547.443 10924.5 -589.099
10866.4 -577.383 10939.4 -595.608
10880.7 -557.857 10954.5 -645.075
10896.5 -522.71 10970.6 -607.324
10912.5 -568.271 10986 -617.738
10928.3 -574.78 11001.8 -602.117
10942.6 -556.555 11016.4 -565.668
10958.3 -529.218 11031.8 -565.668
10974.4 -544.839 11047.6 -570.875
10988.7 -516.201 11062.8 -586.496
11004.7 -521.408 11078.2 -595.608
11019 -568.271 11093.7 -619.04
11035.6 -548.745 11108.9 -594.306
11051.4 -568.271 11124.3 -574.78
11066.3 -542.236 11141.2 -566.969
11082.3 -553.952 11154.7 -589.099
11096.6 -566.969 11171.3 -579.987
11112.3 -509.692 11186.2 -579.987
11128.4 -569.573 11201.3 -576.082
11143.3 -568.271 11218.3 -586.496
11159 -531.822 11231.7 -602.117
11173.9 -581.289 11247.7 -608.626
11190.5 -547.443 11263.5 -598.211
11204.8 -538.331 11278.9 -579.987
11220.6 -520.106 11293.8 -578.685
11234.9 -525.313 11309.9 -607.324
11251.5 -534.425 11324.8 -569.573
11266.1 -546.141 11339.6 -608.626
11282.1 -555.253 11355.7 -625.548
11297.3 -555.253 11371.4 -628.152
11312.5 -552.65 11386.6 -579.987
11327.1 -522.71 11402.1 -607.324
11343.4 -578.685 11418.4 -613.833
11359.5 -529.218 11432.7 -586.496
11374.1 -516.201 11448.8 -595.608
11390.1 -563.064 11464.2 -591.703
11405 -542.236 11479.7 -635.962
11420.5 -546.141 11494.9 -633.359
11435.9 -530.52 11510.4 -600.815
11451.1 -538.331 11526.1 -603.418
11466.6 -539.632 11541.9 -594.306
11481.2 -518.804 11557.3 -600.815
11497.5 -563.064 11572.8 -595.608
11513 -521.408 11588 -577.383
11527.6 -510.994 11604 -574.78
11543 -531.822 11619.2 -607.324
11559.7 -527.917 11633.8 -619.04
11574.3 -538.331 11649.9 -576.082
11590.9 -539.632 11664.5 -598.211
11605.2 -533.124 11680.2 -585.194
11620.4 -576.082 11696 -568.271
11635.6 -560.461 11710.9 -568.271
11652.2 -533.124 11726.3 -557.857
11666.5 -522.71 11742.7 -579.987
11682.3 -526.615 11757.3 -609.927
11697.4 -499.278 11773.9 -591.703
11712.9 -524.011 11789.1 -527.917
11728.1 -542.236 11803.4 -593.004
11744.4 -517.503 11819.8 -596.91
11758.7 -499.278 11835.2 -595.608
11774.2 -491.467 11850.7 -621.643
11790.6 -469.338 11865.9 -600.815
11805.2 -478.45 11881.4 -598.211
11821.2 -428.983 11896.5 -620.341
11837.6 -462.829 11912.9 -609.927
11851.9 -495.373 11926.9 -604.72
11867.1 -478.45 11942.7 -594.306
11882.2 -510.994 11958.4 -629.454
11898.3 -465.432 11974.5 -591.703
11913.2 -451.113 11989.7 -574.78
11928.4 -470.639 12004.9 -566.969
11945.3 -414.664 12019.8 -607.324
11960.2 -436.794 12035.3 -591.703
11974.5 -415.966 12051.6 -563.064
11990 -419.871 12066.8 -579.987
12005.8 -419.871 12082.3 -561.762
12021.2 -426.38 12097.5 -596.91
12036.7 -432.888 12112.9 -599.513
12051 -451.113 12128.1 -596.91
12068.3 -396.439 12143.9 -553.952
12082.3 -363.895 12160.3 -582.59
12098 -376.913 12174.9 -582.59
12112.6 -388.629 12189.8 -553.952
12129.6 -399.043 12205.8 -543.538
12145.1 -397.741 12221.3 -586.496
12159.7 -370.404 12236.8 -602.117
12175.4 -379.516 12252.3 -604.72
12191.2 -367.801 12267.5 -581.289
12206.1 -332.653 12282.9 -569.573
12220.1 -318.334 12297.3 -570.875
12236.5 -301.411 12313.6 -543.538
12252.6 -298.808 12329.7 -513.597
12267.8 -285.79 12345.2 -548.745
12282.9 -270.169 12361 -552.65
12297.8 -314.429 12376.4 -572.176
12313.6 -288.394 12390.8 -574.78
12329.1 -275.376 12406.2 -561.762
12344.3 -228.513 12423.8 -521.408
12360.4 -223.306 12437.5 -517.503
12375.3 -216.797 12453.3 -508.39
12390.5 -210.288 12468.2 -473.243
12406.5 -228.513 12484.3 -488.864
12421.1 -206.383 12499.8 -495.373
12437.2 -177.744 12515.2 -529.218
12452.7 -169.934 12529.9 -525.313
12467.6 -153.011 12545.9 -479.752
12483.1 -121.769 12561.1 -430.285
12498.6 -108.751 12576.6 -418.569
12513.8 -162.123 12592.7 -410.759
12529.3 -163.425 12607.6 -389.931
12544.8 -149.106 12622.8 -402.948
12561.1 -115.26 12638 -456.32
12575.2 -90.5267 12654.4 -456.32
12591.2 -74.9056 12669.6 -408.155
12606.1 -47.5688 12685.4 -373.008
12621.6 -68.3969 12700 -328.748
12637.4 -50.1723 12715.5 -290.997
12652.3 -52.7758 12731 -276.678
12668.1 -51.474 12746.2 -211.59
12683 -17.6284 12762 -280.583
12699.1 -41.06 12777.7 -289.695
12714.3 1.89794 12792.9 -294.902
12729.2 46.1576 12808.7 -237.625
12744.4 44.8559 12823.6 -214.194
12760.8 93.0208 12839.1 -173.839
12776 90.4173 12854.6 -149.106
12790.6 63.0805 12870.1 -147.804
12805.8 42.2524 12885.9 -116.562
12821.9 95.6243 12901.4 -158.218
12837.4 106.038 12917.5 -137.39
12852.6 156.807 12932.1 -132.183
12868.7 148.996 12948.2 -99.639
12883.3 190.653 12963.1 -117.864
12898.8 194.558 12978.3 -73.6039
12914.3 189.351 12993.6 -51.474
12930.1 204.972 13009.3 -39.7582
12945.6 202.368 13025.1 -30.646
12960.8 247.93 13039.5 -12.4214
12976 236.214 13055.6 -18.9302
12991.5 208.877 13071.6 -2.00733
13006.1 260.947 13086.6 24.0278
13022.5 336.449 13102.4 42.2524
13036.8 337.751 13118.4 48.7611
13054.1 402.839 13132.5 104.737
13069 384.614 13149.2 73.4945
13083.6 363.786 13164.4 24.0278
13099.7 372.898 13179.6 68.2875
13114.1 346.863 13194.5 90.4173
13129.8 383.312 13212.1 69.5892
13145.6 417.158 13225.8 142.488
13161.2 430.176 13241.9 145.091
13175.8 478.341 13256.5 182.842
13192.5 477.039 13272.6 186.747
13206.8 493.962 13288.1 199.765
13221.7 478.341 13303.6 208.877
13237.8 484.849 13318.6 212.782
13253.3 486.151 13334.4 202.368
13268.8 499.169 13349.6 253.137
13284.3 526.505 13365.1 241.421
13299.8 577.274 13380.6 309.112
13313.9 590.291 13396.1 345.561
13330.3 630.646 13411.6 346.863
13345.5 680.113 13427.4 337.751
13360.7 667.095 13442.9 326.035
13376.2 600.706 13458.4 342.958
13391.4 621.534 13473.7 376.804
13407.5 638.456 13489.5 398.933
13422.4 654.078 13505 467.926
13438 721.769 13520.5 503.074
13453.5 763.425 13536 543.428
13468.1 835.022 13550.4 560.351
13483.9 827.211 13567.3 551.239
13499.7 820.702 13582.3 519.997
13514.6 806.383 13597.2 534.316
13530.5 818.099 13613.6 557.748
13546.5 820.702 13629.1 643.664
13561.2 829.815 13646.4 693.13
13576.4 884.488 13661.3 734.786
13592.8 932.653 13676.8 741.295
13607.4 989.93 13692.6 760.821
13622.4 1027.68 13699.1 760.821
13637.6 1019.87 13683.8 811.59
13653.4 928.748 13669.2 829.815
