6015.68 -143.899 6030.95 -154.313
6004.51 -112.657 6045.94 -155.615
6000.4 -110.053 6062.09 -121.769
6011.27 -102.243 6076.19 -120.467
6025.66 -82.7162 6093.23 -117.864
6041.24 -74.9056 6106.45 -139.993
6055.92 -100.941 6122.31 -145.2
6073.26 -121.769 6138.47 -150.407
6087.94 -145.2 6153.15 -153.011
6103.22 -139.993 6169.31 -132.183
6119.38 -146.502 6184.58 -155.615
6134.06 -107.45 6200.44 -132.183
6149.92 -80.1127 6215.13 -138.692
6165.78 -112.657 6230.1 -125.674
6180.18 -91.8285 6246.84 -125.674
6196.33 -119.165 6262.11 -160.822
6211.31 -119.165 6277.38 -158.218
6225.99 -104.846 6292.95 -143.899
6242.73 -98.3372 6308.22 -167.33
6257.71 -110.053 6323.48 -172.537
6273.27 -103.544 6338.75 -159.52
6288.54 -119.165 6354.61 -149.106
6304.1 -110.053 6369.58 -164.727
6319.37 -113.958 6385.44 -167.33
6334.64 -99.639 6401.29 -142.597
6350.5 -130.881 6415.38 -164.727
6366.35 -108.751 6430.94 -179.046
6381.91 -97.0355 6447.09 -166.029
6396.59 -100.941 6462.06 -146.502
6412.44 -106.148 6478.2 -125.674
6427.71 -93.1302 6493.76 -166.029
6442.39 -86.6215 6509.31 -141.295
6459.41 -111.355 6524.28 -133.485
6473.5 -82.7162 6539.84 -130.881
6490.24 -94.432 6554.22 -167.33
6504.62 -106.148 6570.07 -154.313
6521.05 -110.053 6586.8 -123.071
6535.73 -120.467 6601.76 -189.46
6551.58 -98.3372 6617.31 -132.183
6566.55 -115.26 6632.87 -129.579
6582.1 -98.3372 6647.54 -141.295
6598.24 -107.45 6663.38 -133.485
6612.62 -120.467 6678.05 -158.218
6628.46 -132.183 6695.07 -163.425
6642.84 -115.26 6708.27 -162.123
6658.98 -117.864 6725.29 -141.295
6674.82 -78.8109 6740.25 -146.502
6690.38 -150.407 6756.09 -158.218
6705.34 -124.372 6771.05 -128.278
6721.18 -107.45 6786.89 -164.727
6736.44 -136.088 6802.14 -149.106
6751.4 -123.071 6817.1 -149.106
6766.94 -97.0355 6833.24 -155.615
6783.08 -116.562 6847.61 -142.597
6798.63 -108.751 6863.44 -153.011
6813.58 -107.45 6878.99 -158.218
6829.72 -94.432 6895.12 -145.2
6844.09 -126.976 6909.78 -164.727
6859.63 -128.278 6925.03 -132.183
6874.88 -138.692 6940.86 -145.2
6891.01 -146.502 6956.11 -124.372
6905.67 -123.071 6972.24 -123.071
6921.51 -65.7934 6986.9 -164.727
6936.76 -168.632 7003.02 -137.39
6952.01 -85.3197 7017.68 -159.52
6967.84 -99.639 7033.22 -142.597
6983.38 -102.243 7049.05 -149.106
6998.33 -164.727 7063.7 -143.899
7014.16 -146.502 7080.12 -162.123
7029.41 -162.123 7095.36 -120.467
7044.65 -113.958 7110.9 -158.218
7059.9 -133.485 7126.14 -153.011
7076.02 -44.9653 7140.79 -166.029
7091.26 -64.4916 7156.91 -136.088
7105.92 -84.0179 7172.15 -145.2
7121.45 -65.7934 7187.69 -145.2
7136.98 -141.295 7202.92 -155.615
7153.1 -137.39 7219.04 -146.502
7168.64 -163.425 7233.98 -139.993
7183.58 -107.45 7249.81 -175.141
7199.41 -126.976 7265.92 -173.839
7214.64 -120.467 7280.57 -134.786
7229.59 -77.5092 7295.52 -185.555
7245.12 -34.5512 7311.34 -167.33
7260.36 -60.5863 7326.86 -158.218
7275.59 -99.639 7342.09 -115.26
7291.71 -93.1302 7356.74 -136.088
7306.65 -132.183 7373.15 -137.39
7322.17 -142.597 7388.67 -133.485
7337.7 -160.822 7404.19 -146.502
7352.93 -94.432 7418.55 -125.674
7368.17 -80.1127 7434.95 -167.33
7383.98 -123.071 7450.47 -137.39
7398.63 -91.8285 7465.41 -151.709
7415.62 -98.3372 7481.51 -175.141
7430.55 -95.7337 7495.86 -150.407
7445.2 -115.26 7511.97 -153.011
7461.01 -126.976 7527.78 -149.106
7476.53 -141.295 7542.42 -166.029
7491.76 -113.958 7558.23 -173.839
7507.57 -100.941 7574.33 -154.313
7523.39 -119.165 7589.85 -153.011
7538.32 -72.3021 7604.49 -128.278
7553.55 -108.751 7620.01 -133.485
7569.65 -141.295 7635.23 -126.976
7584.87 -120.467 7650.74 -130.881
7599.51 -121.769 7666.84 -162.123
7614.74 -134.786 7681.77 -151.709
7630.54 -119.165 7697.28 -153.011
7646.65 -76.2074 7712.5 -142.597
7660.99 -106.148 7728.31 -146.502
7676.5 -128.278 7744.11 -129.579
7692.01 -123.071 7758.45 -153.011
7708.11 -120.467 7774.84 -147.804
7723.63 -145.2 7789.18 -120.467
7738.26 -150.407 7804.98 -146.502
7753.77 -145.2 7821.08 -123.071
7769.57 -151.709 7837.17 -171.236
7785.08 -147.804 7851.51 -134.786
7800.59 -115.26 7867.6 -181.65
7814.93 -104.846 7881.93 -124.372
7830.15 -100.941 7898.03 -164.727
7845.65 -136.088 7912.65 -166.029
7862.33 -121.769 7928.74 -164.727
7876.96 -141.295 7944.25 -158.218
7892.76 -98.3372 7960.04 -142.597
7907.39 -132.183 7975.84 -137.39
7923.48 -142.597 7990.47 -117.864
7939.57 -89.225 8006.26 -119.165
7954.19 -76.2074 8020.88 -146.502
7969.4 -72.3021 8036.38 -167.33
7984.91 -123.071 8052.76 -151.709
8001.29 -113.958 8067.39 -145.2
8016.5 -87.9232 8083.18 -126.976
8031.41 -128.278 8098.68 -158.218
8046.33 -95.7337 8113.3 -149.106
8062.71 -136.088 8130.26 -146.502
8077.91 -143.899 8144.88 -141.295
8094.29 -116.562 8159.5 -145.2
8108.62 -108.751 8175.29 -132.183
8123.82 -110.053 8191.07 -136.088
8139.03 -106.148 8206.28 -106.148
8155.11 -95.7337 8222.07 -139.993
8170.02 -145.2 8236.97 -173.839
8185.23 -132.183 8253.34 -155.615
8200.72 -104.846 8267.96 -133.485
8216.22 -133.485 8283.75 -147.804
8231.42 -124.372 8298.95 -155.615
8246.04 -130.881 8315.9 -123.071
8262.11 -137.39 8329.34 -113.958
8278.19 -119.165 8345.42 -141.295
8293.1 -116.562 8361.2 -171.236
8308.3 -90.5267 8376.69 -160.822
8324.38 -112.657 8391.89 -147.804
8339.28 -129.579 8407.96 -136.088
8355.07 -95.7337 8422.28 -155.615
8369.97 -139.993 8438.06 -125.674
8385.17 -137.39 8453.55 -156.916
8400.66 -129.579 8469.62 -172.537
8416.73 -124.372 8485.11 -99.639
8431.93 -93.1302 8500.3 -146.502
8447.12 -119.165 8516.08 -158.218
8462.32 -110.053 8530.98 -156.916
8478.1 -150.407 8545.88 -147.804
8493.58 -126.976 8561.66 -121.769
8509.07 -139.993 8576.85 -126.976
8524.56 -121.769 8592.04 -145.2
8539.75 -110.053 8608.7 -156.916
8554.94 -99.639 8623.89 -166.029
8571.01 -119.165 8639.08 -130.881
8586.49 -116.562 8653.68 -160.822
8601.39 -125.674 8670.33 -126.976
8616.58 -126.976 8684.94 -141.295
8632.94 -110.053 8700.71 -124.372
8647.84 -69.6986 8716.19 -137.39
8663.03 -126.976 8730.79 -146.502
8678.51 -104.846 8747.44 -128.278
8693.7 -120.467 8762.33 -138.692
8709.47 -95.7337 8777.23 -139.993
8724.95 -123.071 8793 -128.278
8739.85 -71.0004 8808.48 -150.407
8755.91 -108.751 8824.83 -133.485
8770.8 -120.467 8840.01 -136.088
8786.57 -125.674 8855.2 -137.39
8801.76 -117.864 8870.39 -141.295
8817.53 -129.579 8885.57 -145.2
8833.3 -128.278 8901.63 -150.407
8847.61 -110.053 8917.1 -166.029
8864.25 -68.3969 8931.12 -136.088
8879.44 -82.7162 8947.76 -151.709
8894.04 -111.355 8963.82 -130.881
8910.09 -108.751 8977.83 -136.088
8924.99 -130.881 8995.06 -139.993
8939.88 -113.958 9008.48 -123.071
8955.35 -147.804 9024.83 -142.597
8971.41 -111.355 9039.72 -124.372
8986.01 -128.278 9055.19 -137.39
9002.65 -99.639 9071.54 -166.029
9017.53 -100.941 9086.72 -138.692
9032.42 -77.5092 9101.9 -136.088
9048.19 -141.295 9117.66 -116.562
9063.66 -106.148 9132.55 -185.555
9079.71 -113.958 9147.73 -117.864
9093.73 -123.071 9163.19 -151.709
9109.78 -107.45 9179.25 -145.2
9125.54 -128.278 9194.13 -146.502
9140.14 -90.5267 9210.19 -132.183
9156.19 -129.579 9225.95 -142.597
9171.37 -104.846 9241.12 -119.165
9186.54 -110.053 9256.3 -149.106
9202.01 -108.751 9272.64 -147.804
9217.48 -115.26 9286.36 -147.804
9232.07 -133.485 9302.41 -147.804
9249 -120.467 9317.58 -117.864
9264.47 -108.751 9332.76 -159.52
9279.35 -108.751 9347.93 -125.674
9294.24 -125.674 9363.98 -136.088
9309.41 -121.769 9380.32 -134.786
9325.75 -141.295 9396.08 -108.751
9341.8 -125.674 9410.67 -116.562
9357.85 -124.372 9426.42 -137.39
9372.15 -123.071 9441.89 -130.881
9387.03 -119.165 9457.06 -124.372
9402.79 -137.39 9471.65 -155.615
9418.26 -133.485 9488.28 -124.372
9433.72 -99.639 9503.45 -129.579
9448.89 -112.657 9518.63 -116.562
9464.36 -142.597 9534.38 -138.692
9479.53 -147.804 9549.26 -103.544
9494.7 -133.485 9564.43 -147.804
9509.58 -130.881 9580.48 -129.579
9525.34 -147.804 9595.65 -121.769
9541.09 -130.881 9610.82 -124.372
9556.26 -124.372 9626.86 -150.407
9572.89 -133.485 9642.03 -137.39
9587.19 -87.9232 9657.78 -162.123
9602.65 -173.839 9673.25 -136.088
9617.82 -132.183 9689 -149.106
9633.57 -94.432 9704.75 -156.916
9649.91 -82.7162 9719.05 -155.615
9664.5 -128.278 9734.51 -163.425
9680.25 -111.355 9750.26 -147.804
9694.54 -80.1127 9766.01 -155.615
9710.88 -85.3197 9781.76 -133.485
9726.04 -102.243 9797.22 -136.088
9741.22 -123.071 9811.23 -125.674
9757.26 -104.846 9828.14 -151.709
9772.14 -116.562 9843.02 -138.692
9788.18 -78.8109 9859.35 -149.106
9802.77 -94.432 9873.35 -143.899
9818.23 -84.0179 9889.11 -124.372
9834.27 -102.243 9904.56 -126.976
9849.43 -104.846 9920.31 -121.769
9865.19 -115.26 9935.19 -151.709
9879.77 -115.26 9952.11 -150.407
9895.81 -130.881 9966.11 -146.502
9911.56 -129.579 9981.86 -173.839
9926.15 -73.6039 9996.73 -137.39
9941.9 -110.053 10013.1 -155.615
9957.65 -129.579 10028.8 -104.846
9972.82 -98.3372 10044.6 -115.26
9988.56 -111.355 10059.1 -117.864
10003.7 -143.899 10074.6 -113.958
10017.7 -104.846 10089.8 -121.769
10033.8 -108.751 10105.8 -172.537
10050.4 -86.6215 10121 -142.597
10065.3 -124.372 10135.9 -143.899
10080.7 -95.7337 10151.6 -119.165
10095.3 -107.45 10167.4 -115.26
10111.6 -112.657 10183.4 -130.881
10126.5 -94.432 10198.8 -111.355
10142.6 -108.751 10213.7 -123.071
10157.1 -121.769 10229.2 -126.976
10172.9 -107.45 10244 -163.425
10188.1 -116.562 10259.5 -151.709
10203.8 -100.941 10275.8 -162.123
10218.7 -151.709 10290.4 -142.597
10235 -111.355 10305.9 -153.011
10249.9 -84.0179 10319.9 -145.2
10265.6 -120.467 10337.7 -155.615
10279.9 -93.1302 10352.8 -128.278
10296.5 -116.562 10367.7 -156.916
10310.8 -115.26 10383.8 -138.692
10326.9 -103.544 10398.6 -129.579
10341.8 -108.751 10414.1 -142.597
10359 -151.709 10429.5 -137.39
10373.8 -121.769 10445 -158.218
10388.4 -123.071 10459.6 -138.692
10403.3 -110.053 10475.9 -164.727
10419.6 -136.088 10491.9 -168.632
10435.4 -126.976 10506.5 -142.597
10450.5 -119.165 10521.7 -154.313
10465.7 -111.355 10538 -166.029
10480.9 -162.123 10553.8 -192.064
10496 -129.579 10568.4 -179.046
10511.2 -116.562 10583.5 -155.615
10526.9 -107.45 10599.3 -154.313
10543 -100.941 10614.4 -147.804
10557.3 -136.088 10630.2 -138.692
10573.9 -97.0355 10646.2 -129.579
10588.8 -80.1127 10661.1 -166.029
10603.6 -110.053 10676.6 -172.537
10619.4 -132.183 10692.6 -167.33
10635.1 -130.881 10708.4 -182.951
10650.9 -138.692 10722.9 -138.692
10665.2 -134.786 10738.4 -159.52
10680.6 -119.165 10753.6 -172.537
10696.7 -121.769 10770.2 -184.253
10711.6 -123.071 10784.8 -119.165
10727.6 -116.562 10799.6 -142.597
10742.5 -117.864 10816 -132.183
10758.2 -134.786 10831.4 -155.615
10773.7 -104.846 10846.9 -177.744
10788.9 -121.769 10862.6 -154.313
10804.3 -158.218 10877 -150.407
10820.4 -132.183 10893.6 -180.348
10835.5 -112.657 10908.5 -141.295
10851.3 -113.958 10923.6 -155.615
10866.1 -91.8285 10939.1 -149.106
10881.3 -100.941 10954.3 -175.141
10895.6 -132.183 10970 -190.762
10913.4 -139.993 10986 -197.271
10928.3 -143.899 11000.9 -138.692
10942.3 -102.243 11016.1 -158.218
10958.6 -128.278 11031.5 -149.106
10973.5 -126.976 11047.3 -153.011
10989.3 -112.657 11063.1 -106.148
11004.7 -89.225 11078.5 -168.632
11019.9 -80.1127 11093.4 -150.407
11035.6 -128.278 11110 -163.425
11050.5 -115.26 11124.3 -164.727
11066.5 -132.183 11141.2 -160.822
11081.4 -116.562 11154.7 -159.52
11096.9 -125.674 11171.3 -136.088
11111.8 -126.976 11185.9 -141.295
11127.5 -106.148 11201.6 -171.236
11143 -128.278 11217.7 -119.165
11158.7 -130.881 11232.8 -115.26
11174.2 -110.053 11248 -134.786
11189.4 -103.544 11264.1 -150.407
11204.8 -119.165 11279.2 -159.52
11220.3 -146.502 11294.7 -160.822
11235.8 -115.26 11309.6 -116.562
11250.6 -129.579 11324.8 -137.39
11267 -95.7337 11341.1 -176.443
11282.7 -123.071 11356 -145.2
11296.2 -104.846 11372 -169.934
11312.8 -113.958 11386.6 -128.278
11328.3 -102.243 11403 -159.52
11343.7 -119.165 11418.4 -132.183
11358.9 -121.769 11433.3 -153.011
11374.7 -126.976 11448.2 -139.993
11388.9 -102.243 11464 -134.786
11404.7 -124.372 11480 -142.597
11420.8 -94.432 11495.5 -169.934
11435.9 -86.6215 11510.9 -176.443
11450.8 -100.941 11526.1 -151.709
11466.9 -102.243 11541.9 -149.106
11482.3 -100.941 11556.8 -138.692
11497.8 -104.846 11572.8 -128.278
11513.6 -89.225 11587.7 -133.485
11529 -126.976 11603.2 -132.183
11543.6 -112.657 11618.6 -176.443
11560 -143.899 11634.4 -177.744
11574 -97.0355 11650.7 -175.141
11589.7 -99.639 11665.3 -143.899
11605.5 -54.0776 11680.5 -133.485
11621.5 -119.165 11696 -99.639
11636.1 -123.071 11712.6 -123.071
11651.3 -73.6039 11726.9 -151.709
11667.1 -117.864 11742.4 -184.253
11682.8 -116.562 11757.6 -162.123
11697.4 -106.148 11773.6 -126.976
11712.9 -110.053 11787.6 -195.969
11728.7 -81.4144 11804.3 -154.313
11743.9 -116.562 11818.6 -153.011
11759.6 -78.8109 11835.2 -123.071
11774.8 -106.148 11851 -119.165
11790.3 -95.7337 11865.9 -119.165
11805.5 -115.26 11881.4 -149.106
11821.5 -123.071 11896.5 -168.632
11836.7 -94.432 11911.7 -171.236
11852.5 -107.45 11928.1 -142.597
11867.1 -78.8109 11943 -175.141
11882.2 -52.7758 11958.2 -112.657
11897.7 -47.5688 11973.6 -111.355
11912.9 -39.7582 11989.7 -146.502
11929.3 -43.6635 12005.5 -142.597
11945 -65.7934 12020.4 -142.597
11959.6 -82.7162 12035.5 -188.158
11974.8 -69.6986 12051.9 -172.537
11990.3 -64.4916 12066.8 -184.253
12004.9 -60.5863 12082.9 -153.011
12020.9 -26.7407 12097.5 -121.769
12036.1 -21.5337 12112.1 -130.881
12052.2 -11.1196 12129.3 -151.709
12067.7 13.6137 12145.1 -158.218
12082.9 -8.5161 12159.4 -186.857
12098 26.6313 12174.6 -151.709
12113.2 -11.1196 12190.6 -177.744
12129.3 -20.2319 12206.4 -184.253
12144.2 -9.81786 12221.3 -159.52
12159.7 7.10496 12236.5 -106.148
12175.7 -4.61084 12251.1 -128.278
12190.9 52.6664 12267.8 -111.355
12206.1 64.3822 12283.5 -130.881
12222.2 72.1928 12299 -97.0355
12237.1 46.1576 12313.9 -136.088
12252 25.3295 12329.7 -166.029
12267.8 26.6313 12345.5 -115.26
12283.8 47.4594 12360.4 -78.8109
12299 50.0629 12375.9 -38.4565
12313.9 73.4945 12390.8 -54.0776
12329.1 115.151 12406.5 -86.6215
12344.6 113.849 12422.9 -110.053
12360.4 143.789 12436.6 -117.864
12375.9 107.34 12452.4 -99.639
12389.9 112.547 12468.8 -84.0179
12406.2 112.547 12484 -106.148
12421.1 107.34 12500 -82.7162
12437.5 151.6 12515.2 -21.5337
12452.1 164.617 12530.2 -73.6039
12468.2 156.807 12546.2 -46.267
12482.8 167.221 12561.7 -71.0004
12498.3 165.919 12576.6 -85.3197
12514.6 168.523 12591.8 -102.243
12529.3 168.523 12607.6 -90.5267
12544.8 169.824 12623.1 -54.0776
12560.8 176.333 12638.6 -67.0951
12575.5 158.109 12654.1 -38.4565
12591.2 160.712 12670.1 18.8208
12606.7 208.877 12684.8 34.4418
12621.9 224.498 12700.9 -17.6284
12637.7 217.989 12715.8 -38.4565
12652.9 232.309 12731.5 -9.81786
12667.5 228.403 12746.4 -35.853
12683 260.947 12762.2 -17.6284
12698.8 258.344 12777.7 18.8208
12714.9 238.817 12792.9 82.6068
12729.8 277.87 12808.7 98.2279
12745 271.361 12823.4 64.3822
12760.5 286.982 12839.1 61.7787
12776 318.225 12855.2 96.9261
12791.2 329.94 12871.3 120.358
12806.1 352.07 12885.6 180.238
12822.2 375.502 12901.1 160.712
12837.7 346.863 12916.6 156.807
12852.6 344.26 12933.3 168.523
12869.3 341.656 12947.3 130.772
12883.6 374.2 12963.4 145.091
12898.8 410.649 12978.6 199.765
12914.9 440.59 12993.8 215.386
12930.4 437.986 13009.3 260.947
12945 510.884 13024.8 246.628
12960.5 441.891 13040.9 233.61
12976.6 496.565 13055.6 232.309
12991.8 453.607 13071.9 234.912
13006.4 490.056 13086.9 258.344
13022.2 486.151 13102.7 238.817
13037.7 496.565 13117.6 298.698
13053.2 518.695 13133.1 358.579
13069 566.86 13149.2 352.07
13083.6 600.706 13163.8 372.898
13099.1 642.362 13179.9 349.467
13114.4 667.095 13195.1 327.337
13130.1 655.379 13211.2 361.182
13145.1 633.249 13225.5 419.762
13160 626.741 13241.9 432.779
13176.7 668.397 13256.8 479.642
13191 715.26 13271.8 557.748
13207.4 720.467 13288.4 556.446
13223.2 801.176 13303.1 564.256
13237.8 836.323 13319.1 586.386
13253 849.341 13334.4 551.239
13269.4 799.874 13349.6 538.221
13283.5 780.348 13366.3 577.274
13299 851.944 13381.5 671
13314.5 859.755 13397 717.864
13331.1 913.127 13411.3 733.485
13346.4 976.913 13427.4 754.313
13361.6 989.93 13442.6 777.744
13376.2 1038.1 13459 775.141
13391.7 1018.57 13473.7 798.572
13407.5 1045.91 13488.6 759.52
13423.3 1031.59 13505 790.762
13438 1030.28 13520.2 814.194
13453.2 1065.43 13535.7 875.376
13469 1043.3 13550.9 900.109
13484.2 1142.24 13567.3 924.843
13499.7 1131.82 13582.8 943.067
13515.2 1169.57 13598.6 973.008
13529.6 1233.36 13613 907.92
13545.7 1226.85 13629.4 937.86
13561.8 1268.51 13645.2 954.783
13575.8 1243.77 13661.9 1035.49
13591.9 1209.93 13677.4 1084.96
13608 1228.15 13693.2 1160.46
13623.8 1237.26 13699.9 1120.11
13638.2 1255.49 13684.1 1202.12
13654 1208.63 13668.3 1174.78
