4019.16 -64.4916 4034.72 -73.6039
4003.31 -77.5092 4055.85 -72.3021
4000.37 -54.0776 4075.22 -68.3969
4015.93 -48.8705 4094.01 -56.6811
4034.72 -59.2846 4114.57 -43.6635
4054.68 -90.5267 4133.65 -67.0951
4073.76 -80.1127 4153.33 -90.5267
4093.43 -64.4916 4172.71 -89.225
4113.98 -57.9828 4192.38 -77.5092
4132.48 -71.0004 4211.47 -55.3793
4151.86 -133.485 4230.86 -57.9828
4171.53 -77.5092 4250.54 -90.5267
4191.21 -90.5267 4270.81 -89.225
4210.89 -89.225 4289.02 -82.7162
4231.44 -74.9056 4308.41 -67.0951
4249.95 -85.3197 4328.09 -85.3197
4269.34 -89.225 4348.07 -51.474
4288.43 -73.6039 4366.87 -74.9056
4308.11 -78.8109 4386.85 -61.8881
4327.8 -76.2074 4405.66 -93.1302
4347.19 -72.3021 4425.64 -117.864
4366.58 -68.3969 4444.15 -90.5267
4385.68 -76.2074 4464.43 -77.5092
4406.24 -72.3021 4484.12 -56.6811
4425.05 -85.3197 4502.93 -99.639
4445.03 -112.657 4522.32 -73.6039
4465.01 -85.3197 4541.72 -71.0004
4483.82 -57.9828 4562 -86.6215
4503.51 -72.3021 4581.1 -77.5092
4522.03 -71.0004 4600.51 -77.5092
4540.84 -80.1127 4619.61 -80.1127
4560.83 -51.474 4639.31 -71.0004
4580.22 -72.3021 4658.41 -61.8881
4599.92 -56.6811 4678.11 -44.9653
4619.9 -64.4916 4697.8 -86.6215
4638.72 -74.9056 4716.33 -77.5092
4658.41 -97.0355 4736.9 -81.4144
4677.52 -68.3969 4756.01 -71.0004
4697.22 -78.8109 4774.24 -69.6986
4716.91 -85.3197 4794.23 -76.2074
4736.61 -89.225 4813.64 -52.7758
4755.13 -76.2074 4833.04 -35.853
4774.83 -54.0776 4853.33 -93.1302
4794.23 -68.3969 4871.85 -93.1302
4814.52 -84.0179 4891.84 -57.9828
4833.04 -113.958 4910.66 -72.3021
4852.74 -97.0355 4930.95 -71.0004
4871.85 -82.7162 4949.77 -113.958
4892.14 -63.1898 4969.47 -74.9056
4910.37 -64.4916 4989.17 -71.0004
4930.36 -84.0179 5007.69 -68.3969
4950.06 -55.3793 5028.27 -61.8881
4968.58 -78.8109 5047.09 -74.9056
4988.28 -108.751 5066.5 -95.7337
5008.28 -87.9232 5085.61 -90.5267
5027.39 -91.8285 5106.49 -54.0776
5045.91 -51.474 5125.31 -97.0355
5066.2 -73.6039 5144.12 -60.5863
5085.9 -89.225 5164.12 -71.0004
5104.72 -63.1898 5183.23 -57.9828
5124.72 -85.3197 5202.93 -38.4565
5143.24 -69.6986 5223.22 -99.639
5163.24 -84.0179 5241.15 -15.0249
5183.23 -61.8881 5260.85 -90.5267
5202.05 -95.7337 5279.67 -74.9056
5221.75 -82.7162 5299.66 -60.5863
5241.74 -61.8881 5319.95 -63.1898
5260.27 -89.225 5339.65 -86.6215
5279.97 -63.1898 5359.35 -76.2074
5299.37 -41.06 5377.29 -91.8285
5319.37 -60.5863 5397.57 -67.0951
5337.89 -64.4916 5416.68 -65.7934
5357 -60.5863 5436.68 -81.4144
5377.29 -98.3372 5456.08 -76.2074
5396.69 -76.2074 5475.78 -90.5267
5416.39 -95.7337 5494 -48.8705
5434.32 -94.432 5514.29 -99.639
5454.9 -84.0179 5533.4 -55.3793
5473.72 -68.3969 5552.8 -64.4916
5492.83 -87.9232 5571.91 -76.2074
5512.23 -74.9056 5591.6 -57.9828
5533.1 -65.7934 5611 -68.3969
5551.63 -59.2846 5630.99 -74.9056
5571.61 -47.5688 5650.1 -100.941
5590.72 -80.1127 5669.8 -50.1723
5610.12 -56.6811 5689.49 -81.4144
5628.94 -81.4144 5708.59 -93.1302
5648.34 -78.8109 5727.4 -65.7934
5668.62 -72.3021 5747.1 -99.639
5688.02 -64.4916 5767.67 -103.544
5707.42 -43.6635 5786.48 -60.5863
5726.82 -37.1547 5805.29 -77.5092
5745.04 -65.7934 5825.27 -9.81786
5765.61 -86.6215 5845.25 -59.2846
5785.01 -74.9056 5864.65 -47.5688
5804.7 -89.225 5882.87 -104.846
5822.92 -59.2846 5904.02 -63.1898
5843.49 -89.225 5921.95 -73.6039
5862.01 -73.6039 5941.93 -72.3021
5881.4 -69.6986 5960.44 -72.3021
5900.79 -84.0179 5981.3 -33.2495
5921.07 -91.8285 5999.52 -51.474
5939.29 -76.2074 6018.91 -80.1127
5959.27 -90.5267 6038.59 -69.6986
5978.95 -61.8881 6057.98 -76.2074
5998.05 -61.8881 6077.66 -71.0004
6017.73 -48.8705 6097.64 -67.0951
6036.53 -100.941 6116.14 -86.6215
6057.1 -57.9828 6135.53 -86.6215
6076.49 -89.225 6155.8 -57.9828
6095.58 -93.1302 6175.18 -95.7337
6115.56 -73.6039 6194.57 -57.9828
6133.77 -69.6986 6213.36 -43.6635
6153.74 -106.148 6233.63 -78.8109
6172.83 -74.9056 6253.6 -60.5863
6192.22 -73.6039 6272.69 -42.3617
6211.6 -93.1302 6291.48 -87.9232
6231.57 -76.2074 6309.98 -77.5092
6250.07 -57.9828 6331.12 -74.9056
6270.34 -90.5267 6349.91 -97.0355
6289.42 -59.2846 6368.99 -76.2074
6307.92 -80.1127 6389.84 -72.3021
6329.36 -98.3372 6407.75 -81.4144
6347.56 -55.3793 6428 -74.9056
6366.94 -86.6215 6447.38 -94.432
6386.32 -55.3793 6467.05 -73.6039
6406.57 -84.0179 6485.54 -59.2846
6425.36 -39.7582 6504.91 -72.3021
6444.15 -60.5863 6525.16 -72.3021
6463.82 -106.148 6545.12 -60.5863
6484.07 -108.751 6564.2 -13.7231
6502.56 -73.6039 6583.27 -67.0951
6521.94 -77.5092 6603.23 -91.8285
6541.89 -89.225 6622.89 -85.3197
6561.26 -55.3793 6641.67 -93.1302
6580.34 -68.3969 6661.91 -68.3969
6600 -77.5092 6679.81 -81.4144
6619.07 -90.5267 6700.64 -99.639
6638.44 -81.4144 6719.42 -77.5092
6658.69 -56.6811 6738.78 -71.0004
6678.35 -67.0951 6759.32 -74.9056
6696.54 -54.0776 6777.8 -77.5092
6717.37 -82.7162 6796.87 -71.0004
6735.56 -74.9056 6817.1 -72.3021
6755.21 -86.6215 6836.17 -56.6811
6775.45 -74.9056 6856.4 -63.1898
6793.93 -52.7758 6876.35 -77.5092
6814.46 -60.5863 6894.53 -54.0776
6832.65 -72.3021 6914.18 -59.2846
6852.89 -89.225 6933.24 -93.1302
6871.95 -72.3021 6953.18 -68.3969
6891.6 -82.7162 6971.94 -65.7934
6910.37 -89.225 6991.59 -52.7758
6930.31 -59.2846 7010.35 -48.8705
6949.95 -38.4565 7030.87 -65.7934
6968.43 -63.1898 7050.22 -65.7934
6988.95 -82.7162 7070.15 -85.3197
7007.13 -57.9828 7089.5 -84.0179
7028.53 -87.9232 7107.97 -72.3021
7045.82 -72.3021 7127.31 -98.3372
7065.76 -54.0776 7146.07 -65.7934
7085.69 -73.6039 7166 -64.4916
7104.16 -59.2846 7185.93 -87.9232
7123.8 -91.8285 7205.56 -68.3969
7143.72 -97.0355 7224.9 -76.2074
7163.36 -89.225 7243.95 -44.9653
7181.53 -103.544 7263.87 -84.0179
7201.16 -72.3021 7284.09 -43.6635
7221.09 -87.9232 7302.25 -89.225
7240.73 -80.1127 7321.88 -90.5267
7259.77 -84.0179 7342.09 -73.6039
7279.4 -97.0355 7360.84 -37.1547
7298.15 -76.2074 7380.18 -68.3969
7318.37 -71.0004 7399.51 -61.8881
7337.99 -69.6986 7420.01 -63.1898
7356.45 -47.5688 7439.34 -73.6039
7375.78 -73.6039 7457.79 -77.5092
7395.7 -61.8881 7478 -71.0004
7415.03 -100.941 7497.62 -65.7934
7434.36 -76.2074 7516.07 -52.7758
7454.28 -74.9056 7536.27 -52.7758
7473.31 -87.9232 7555.6 -86.6215
7492.35 -78.8109 7574.33 -86.6215
7512.85 -94.432 7594.24 -71.0004
7531.29 -81.4144 7613.27 -47.5688
7550.91 -87.9232 7633.18 -76.2074
7571.11 -42.3617 7653.09 -76.2074
7589.85 -55.3793 7672.11 -71.0004
7609.47 -104.846 7691.72 -81.4144
7628.79 -77.5092 7710.45 -57.9828
7648.69 -50.1723 7730.94 -89.225
7667.72 -74.9056 7750.84 -85.3197
7687.04 -69.6986 7769.87 -78.8109
7706.36 -82.7162 7788.89 -67.0951
7725.67 -85.3197 7808.2 -84.0179
7745.58 -29.3442 7827.81 -78.8109
7764.31 -43.6635 7847.12 -85.3197
7785.08 -72.3021 7866.72 -80.1127
7803.23 -78.8109 7886.03 -63.1898
7822.83 -98.3372 7905.63 -110.053
7842.14 -61.8881 7925.23 -81.4144
7862.04 -39.7582 7945.13 -43.6635
7879.89 -55.3793 7964.43 -84.0179
7900.66 -57.9828 7983.44 -85.3197
7920.26 -78.8109 8002.75 -50.1723
7938.69 -119.165 8022.93 -51.474
7958.87 -81.4144 8041.94 -61.8881
7978.47 -67.0951 8061.24 -55.3793
7997.48 -47.5688 8079.38 -78.8109
8017.37 -87.9232 8100.14 -116.562
8036.38 -91.8285 8118.85 -87.9232
8055.69 -64.4916 8139.03 -72.3021
8076.16 -74.9056 8159.79 -72.3021
8095.46 -68.3969 8178.5 -37.1547
8114.17 -77.5092 8197.8 -48.8705
8132.89 -80.1127 8217.68 -72.3021
8152.77 -72.3021 8236.39 -98.3372
8172.66 -99.639 8255.68 -108.751
8191.07 -52.7758 8274.68 -72.3021
8211.54 -72.3021 8294.56 -95.7337
8230.84 -64.4916 8313.85 -41.06
8250.13 -55.3793 8334.31 -52.7758
8268.25 -39.7582 8353.02 -67.0951
8288.42 -73.6039 8372.31 -111.355
8308.89 -82.7162 8391.89 -56.6811
8326.42 -38.4565 8411.18 -73.6039
8346.3 -72.3021 8430.47 -60.5863
8366.46 -87.9232 8449.75 -65.7934
8385.75 -84.0179 8469.62 -44.9653
8404.75 -73.6039 8489.2 -74.9056
8423.75 -74.9056 8508.49 -71.0004
8444.2 -46.267 8527.77 -93.1302
8463.49 -72.3021 8547.34 -111.355
8482.77 -67.0951 8566.63 -89.225
8502.35 -86.6215 8586.49 -64.4916
8521.64 -81.4144 8605.48 -74.9056
8540.63 -64.4916 8625.35 -85.3197
8560.78 -60.5863 8644.63 -95.7337
8579.77 -73.6039 8663.9 -78.8109
8598.47 -63.1898 8683.18 -99.639
8618.04 -65.7934 8703.63 -85.3197
8637.61 -42.3617 8722.32 -72.3021
8657.19 -100.941 8741.6 -76.2074
8676.17 -54.0776 8761.17 -85.3197
8695.45 -82.7162 8781.32 -84.0179
8715.9 -26.7407 8799.13 -89.225
8735.17 -52.7758 8818.41 -63.1898
8753.57 -60.5863 8839.72 -68.3969
8774.02 -33.2495 8858.7 -54.0776
8792.71 -65.7934 8878.27 -57.9828
8812.27 -37.1547 8896.66 -60.5863
8831.55 -48.8705 8916.23 -68.3969
8851.4 -50.1723 8936.37 -61.8881
8870.39 -60.5863 8955.64 -73.6039
8889.65 -71.0004 8975.2 -61.8881
8909.8 -59.2846 8994.47 -69.6986
8929.07 -74.9056 9014.03 -82.7162
8948.34 -52.7758 9034.17 -57.9828
8967.32 -81.4144 9052.27 -78.8109
8987.17 -60.5863 9073 -73.6039
9006.15 -77.5092 9092.27 -95.7337
9026 -71.0004 9110.95 -94.432
9044.98 -64.4916 9130.5 -81.4144
9066.29 -56.6811 9150.35 -68.3969
9084.38 -64.4916 9170.49 -72.3021
9103.07 -48.8705 9190.34 -93.1302
9122.33 -55.3793 9208.43 -77.5092
9142.18 -28.0424 9228.28 -76.2074
9161.74 -48.8705 9248.42 -69.6986
9181.58 -72.3021 9266.51 -64.4916
9201.14 -67.0951 9285.77 -48.8705
9220.4 -82.7162 9305.62 -87.9232
9238.79 -60.5863 9325.75 -56.6811
9258.92 -64.4916 9344.43 -74.9056
9278.48 -35.853 9364.27 -84.0179
9298.03 -63.1898 9383.24 -71.0004
9318.17 -67.0951 9402.79 -60.5863
9336.84 -98.3372 9422.05 -93.1302
9356.69 -113.958 9441.31 -68.3969
9375.36 -43.6635 9461.73 -84.0179
9394.91 -61.8881 9480.4 -100.941
9414.46 -48.8705 9500.54 -95.7337
9434.01 -65.7934 9519.79 -102.243
9452.98 -107.45 9538.46 -43.6635
9472.82 -74.9056 9558.89 -71.0004
9491.78 -100.941 9577.27 -97.0355
9510.46 -20.2319 9597.11 -80.1127
9530.59 -46.267 9616.94 -103.544
9550.13 -35.853 9636.78 -87.9232
9568.81 -77.5092 9655.45 -74.9056
9588.94 -89.225 9675 -68.3969
9607.02 -76.2074 9695.13 -103.544
9627.44 -74.9056 9714.96 -90.5267
9646.99 -64.4916 9733.34 -99.639
9666.54 -35.853 9753.18 -91.8285
9686.08 -76.2074 9772.72 -69.6986
9704.46 -68.3969 9792.56 -57.9828
9724.01 -69.6986 9812.1 -72.3021
9744.42 -99.639 9830.48 -55.3793
9763.39 -99.639 9851.77 -48.8705
9783.22 -64.4916 9870.73 -72.3021
9802.18 -24.1372 9889.4 -67.0951
9822.02 -60.5863 9908.35 -102.243
9841.27 -84.0179 9927.9 -34.5512
9860.52 -98.3372 9947.73 -82.7162
9880.06 -108.751 9967.27 -69.6986
9899.32 -81.4144 9987.69 -94.432
9918.56 -47.5688 10006.6 -71.0004
9938.69 -35.853 10025.3 -99.639
9957.65 -68.3969 10044.9 -85.3197
9976.9 -63.1898 10063.5 -59.2846
9995.56 -107.45 10084.2 -38.4565
10015.4 -81.4144 10103.5 -43.6635
10034.9 -76.2074 10123.6 -39.7582
10054.5 -37.1547 10141.7 -110.053
10074 -51.474 10161.5 -104.846
10093 -20.2319 10181.4 -94.432
10111.9 -81.4144 10200.9 -64.4916
10131.5 -73.6039 10219.8 -41.06
10151.9 -121.769 10239.4 -71.0004
10170.6 -80.1127 10259.5 -34.5512
10190.4 -61.8881 10278.5 -95.7337
10208.8 -34.5512 10298 -59.2846
10228.6 -91.8285 10317.6 -73.6039
10248.4 -81.4144 10337.1 -52.7758
10267.4 -85.3197 10356.6 -89.225
10287.5 -84.0179 10376.2 -59.2846
10306.8 -68.3969 10395.1 -86.6215
10326.3 -55.3793 10414.4 -91.8285
10345.3 -42.3617 10434.8 -84.0179
10365.1 -34.5512 10453.7 -86.6215
10383.8 -41.06 10472.7 -68.3969
10404.5 -102.243 10491.1 -69.6986
10423.1 -97.0355 10511.5 -94.432
10441.8 -35.853 10532.2 -78.8109
10461.3 -57.9828 10550.6 -90.5267
10481.2 -68.3969 10570.1 -86.6215
10501 -59.2846 10590.5 -55.3793
10520.2 -80.1127 10608.3 -80.1127
10538.6 -77.5092 10628.4 -82.7162
10559 -94.432 10647.4 -97.0355
10577.4 -76.2074 10667.2 -76.2074
10598.1 -47.5688 10687.4 -76.2074
10617.1 -46.267 10706 -64.4916
10635.7 -71.0004 10726.4 -89.225
10657 -61.8881 10744.2 -80.1127
10675.7 -87.9232 10765.5 -59.2846
10694.1 -86.6215 10784.5 -71.0004
10714.5 -31.9477 10802.3 -73.6039
10733.1 -50.1723 10823.3 -64.4916
10752.4 -25.4389 10841.6 -91.8285
10772.8 -30.646 10862.4 -69.6986
10791.8 -48.8705 10881.3 -84.0179
10811.3 -99.639 10900.6 -76.2074
10830.9 -84.0179 10920.4 -63.1898
10849.8 -72.3021 10939.4 -93.1302
10868.8 -39.7582 10958.9 -64.4916
10889.2 -20.2319 10978.2 -120.467
10908.5 -73.6039 10997.4 -110.053
10928 -54.0776 11017 -98.3372
10947.2 -85.3197 11036.2 -86.6215
10965.6 -51.474 11056.6 -95.7337
10985.5 -65.7934 11076.2 -94.432
11004.4 -48.8705 11095.4 -89.225
11024.5 -24.1372 11113.8 -119.165
11044.1 -54.0776 11134.5 -111.355
11063.1 -61.8881 11153.5 -97.0355
11083.5 -72.3021 11173 -64.4916
11102.1 -91.8285 11192.3 -90.5267
11121.4 -43.6635 11211.3 -61.8881
11140.9 -37.1547 11231.7 -106.148
11161.1 -26.7407 11250.1 -84.0179
11180 -64.4916 11270.2 -91.8285
11199.6 -86.6215 11289.5 -46.267
11218.3 -112.657 11308.7 -51.474
11237.8 -71.0004 11328 -60.5863
11257.6 -60.5863 11348.1 -90.5267
11277.2 -69.6986 11367.6 -119.165
11296.5 -59.2846 11386.3 -100.941
11315.1 -52.7758 11405.9 -100.941
11335 -61.8881 11425.4 -90.5267
11354.5 -72.3021 11446.1 -47.5688
11373.2 -42.3617 11464.8 -77.5092
11392.7 -50.1723 11484.7 -68.3969
11412.6 -41.06 11503.6 -116.562
11432.4 -50.1723 11524.1 -104.846
11451.1 -69.6986 11543 -82.7162
11471 -73.6039 11563.2 -64.4916
11489.9 -76.2074 11581.8 -52.7758
11509.2 -65.7934 11600.8 -54.0776
11528.7 -85.3197 11621.3 -63.1898
11548.3 -42.3617 11639.9 -93.1302
11567.8 -56.6811 11659.2 -84.0179
11586.2 -64.4916 11679.3 -113.958
11606.9 -78.8109 11698 -86.6215
11626.5 -69.6986 11718.5 -39.7582
11644.9 -63.1898 11737.7 -54.0776
11664.5 -29.3442 11756.4 -76.2074
11684.6 -61.8881 11776 -85.3197
11703.9 -74.9056 11794.9 -93.1302
11722.8 -103.544 11815.1 -116.562
11741.8 -65.7934 11834.9 -78.8109
11762 -111.355 11854.5 -77.5092
11781.5 -61.8881 11873.5 -91.8285
11799.6 -68.3969 11893.9 -77.5092
11820 -51.474 11912.3 -97.0355
11839.3 -78.8109 11931.6 -117.864
11858.3 -69.6986 11951.4 -87.9232
11877.9 -54.0776 11971 -111.355
11896.3 -68.3969 11990.3 -61.8881
11916.4 -50.1723 12009.8 -76.2074
11936.3 -71.0004 12029.1 -46.267
11955.5 -65.7934 12049.3 -116.562
11974.8 -51.474 12068.3 -102.243
11994.4 -56.6811 12087.8 -57.9828
12014.2 -64.4916 12107.4 -60.5863
12033.2 -65.7934 12127 -30.646
12052.8 -25.4389 12145.9 -69.6986
12071.5 -31.9477 12165.2 -95.7337
12091.9 -31.9477 12186 -108.751
12110.3 -69.6986 12204.7 -77.5092
12130.2 3.1997 12224.2 -136.088
12148.9 -47.5688 12242.9 -57.9828
12169.3 7.10496 12263.4 -61.8881
12189.2 -48.8705 12282.9 -106.148
12207.3 -67.0951 12301.9 -108.751
12227.1 -15.0249 12320.9 -104.846
12246.7 -30.646 12340.5 -112.657
12265.4 20.1225 12360.4 -69.6986
12285.3 40.9506 12379.6 -30.646
12304.6 8.40672 12398.4 -65.7934
12323.8 1.89794 12417.9 -85.3197
12343.4 -11.1196 12437.8 -76.2074
12363.9 -9.81786 12457.4 -69.6986
12382.6 14.9155 12476.7 -38.4565
12401.9 33.1401 12496.2 12.312
12421.1 39.6489 12515.5 4.50145
12441.3 55.2699 12535.1 42.2524
12460 44.8559 12555.6 9.70847
12479.9 21.4243 12574 -4.61084
12498.6 16.2173 12593.9 14.9155
12519 46.1576 12612.6 13.6137
12538.3 60.4769 12632.4 47.4594
12557.6 98.2279 12652 46.1576
12577.2 133.375 12671 48.7611
12596.5 77.3998 12690.6 66.9857
12615.2 81.305 12709.9 40.9506
12634.5 51.3647 12730.7 66.9857
12654.4 76.098 12749.1 76.098
12673.7 99.5296 12767.5 77.3998
12692.9 126.866 12788 138.582
12711.7 147.695 12808.1 142.488
12731.8 135.979 12827.1 134.677
12751.1 100.831 12846.7 87.8138
12771 77.3998 12866.3 86.5121
12789.4 74.7963 12885.6 37.0453
12810.2 117.754 12904.6 64.3822
12828.6 156.807 12925.4 77.3998
12848.2 203.67 12944.4 68.2875
12867.5 151.6 12963.1 55.2699
12887.1 143.789 12983.9 78.7015
12906.1 148.996 13002.9 70.891
12925.7 145.091 13021.9 73.4945
12945.6 195.86 13041.8 143.789
12964.3 232.309 13061.1 163.316
12984.2 251.835 13081.3 203.67
13003.5 266.154 13100 171.126
13023.1 275.267 13119.9 154.203
13042.1 214.084 13138.9 163.316
13061.4 233.61 13159.1 145.091
13081.3 289.586 13177.8 241.421
13099.7 335.147 13198 271.361
13118.7 345.561 13216.7 273.965
13138.6 341.656 13236.1 254.439
13158.8 322.13 13256.5 263.551
13177.8 301.302 13276.1 237.516
13196.3 348.165 13294.9 298.698
13216.7 388.519 13314.2 316.923
13236.1 404.14 13334.1 414.554
13255.1 506.979 13354 375.502
13275 527.807 13373.3 368.993
13294.9 493.962 13392 376.804
13313.6 462.719 13411.3 337.751
13333.2 506.979 13431.5 392.425
13351.6 540.825 13451.1 453.607
13372.7 615.025 13470.7 479.642
13391.7 684.018 13489.8 477.039
13410.5 648.871 13510 464.021
13430.1 603.309 13529.3 453.607
13449.7 600.706 13549.2 434.081
13468.7 609.818 13568.8 495.263
13488.3 684.018 13588.1 539.523
13507.6 745.2 13607.7 587.688
13526.4 764.727 13627.6 631.948
13545.7 759.52 13647.2 607.214
13565.6 712.657 13668 603.309
13585.2 676.207 13688.5 598.102
13604.2 717.864 13701.7 630.646
13622.9 799.874 13682.1 738.692
13643.4 850.643 13662.8 819.401
