4019.45 -139.993 4036.77 -130.881
4002.72 -166.029 4056.14 -138.692
3999.79 -163.425 4074.93 -136.088
4015.93 -150.407 4095.19 -126.976
4034.13 -169.934 4115.45 -143.899
4054.97 -162.123 4133.36 -169.934
4073.76 -149.106 4152.74 -137.39
4093.13 -154.313 4171.83 -151.709
4113.69 -155.615 4192.38 -169.934
4133.36 -173.839 4211.77 -137.39
4152.15 -149.106 4229.98 -125.674
4171.53 -123.071 4249.95 -137.39
4191.8 -125.674 4269.92 -112.657
4210.59 -138.692 4289.31 -126.976
4229.39 -176.443 4308.7 -126.976
4249.66 -133.485 4327.21 -117.864
4269.63 -130.881 4347.48 -126.976
4289.31 -133.485 4366.58 -166.029
4308.11 -163.425 4385.97 -126.976
4328.09 -126.976 4405.66 -143.899
4347.19 -177.744 4425.05 -134.786
4366.58 -119.165 4444.15 -134.786
4386.85 -166.029 4464.13 -129.579
4405.66 -154.313 4483.82 -145.2
4425.64 -130.881 4503.51 -143.899
4444.44 -160.822 4522.03 -121.769
4462.66 -130.881 4542.01 -125.674
4483.23 -123.071 4561.71 -156.916
4502.63 -163.425 4580.81 -153.011
4522.03 -163.425 4600.8 -136.088
4540.55 -145.2 4618.73 -119.165
4561.12 -134.786 4638.72 -130.881
4581.4 -138.692 4658.71 -153.011
4600.51 -154.313 4678.11 -133.485
4619.32 -138.692 4697.8 -136.088
4638.42 -149.106 4717.21 -142.597
4659 -179.046 4736.61 -136.088
4677.52 -153.011 4755.13 -158.218
4697.51 -126.976 4774.83 -142.597
4716.91 -130.881 4794.82 -146.502
4736.9 -179.046 4813.05 -173.839
4755.43 -175.141 4833.92 -119.165
4774.53 -141.295 4852.15 -120.467
4794.23 -137.39 4872.14 -160.822
4813.64 -176.443 4891.84 -134.786
4833.04 -167.33 4910.66 -153.011
4852.45 -136.088 4930.95 -136.088
4872.73 -128.278 4949.77 -125.674
4891.26 -130.881 4969.47 -154.313
4910.96 -123.071 4988.87 -132.183
4930.36 -172.537 5008.57 -116.562
4949.47 -173.839 5027.98 -120.467
4969.47 -139.993 5047.39 -149.106
4988.28 -160.822 5066.79 -130.881
5007.4 -150.407 5086.49 -110.053
5027.39 -154.313 5105.6 -126.976
5046.8 -136.088 5124.42 -126.976
5066.2 -154.313 5144.42 -134.786
5085.02 -130.881 5163.53 -163.425
5105.02 -158.218 5182.94 -129.579
5124.42 -124.372 5202.05 -120.467
5142.95 -162.123 5222.04 -117.864
5163.82 -119.165 5241.74 -117.864
5182.94 -167.33 5261.44 -158.218
5201.75 -179.046 5280.26 -116.562
5221.45 -164.727 5299.66 -136.088
5241.15 -179.046 5319.07 -132.183
5260.56 -149.106 5338.18 -112.657
5280.26 -142.597 5358.47 -111.355
5299.08 -126.976 5378.46 -138.692
5318.48 -126.976 5396.98 -124.372
5337.89 -153.011 5416.68 -129.579
5358.18 -163.425 5436.38 -160.822
5376.99 -154.313 5456.08 -134.786
5396.4 -125.674 5475.48 -141.295
5416.1 -168.632 5494.3 -167.33
5434.32 -142.597 5514 -113.958
5454.61 -136.088 5533.1 -163.425
5473.43 -164.727 5552.8 -136.088
5493.71 -141.295 5572.2 -125.674
5513.11 -160.822 5591.9 -151.709
5532.81 -119.165 5611.3 -147.804
5551.63 -126.976 5630.7 -108.751
5571.03 -134.786 5650.1 -112.657
5590.43 -138.692 5669.8 -128.278
5609.53 -158.218 5690.08 -146.502
5629.82 -129.579 5708.3 -108.751
5648.63 -156.916 5727.99 -125.674
5668.91 -129.579 5747.68 -162.123
5687.72 -139.993 5766.49 -137.39
5706.83 -153.011 5785.6 -117.864
5725.93 -177.744 5806.46 -160.822
5747.1 -141.295 5825.86 -167.33
5765.9 -147.804 5844.37 -124.372
5784.42 -151.709 5863.77 -123.071
5804.11 -132.183 5883.46 -115.26
5822.92 -93.1302 5903.14 -162.123
5843.49 -143.899 5921.95 -130.881
5862.89 -149.106 5942.22 -124.372
5881.4 -129.579 5961.62 -158.218
5901.68 -129.579 5980.71 -155.615
5919.6 -154.313 6000.1 -139.993
5939.87 -154.313 6019.49 -138.692
5959.27 -160.822 6038.88 -126.976
5978.95 -128.278 6059.16 -121.769
5998.93 -133.485 6077.37 -141.295
6017.73 -146.502 6097.34 -130.881
6036.24 -169.934 6116.14 -110.053
6057.1 -162.123 6136.41 -134.786
6075.61 -129.579 6155.8 -136.088
6094.41 -156.916 6175.48 -124.372
6114.09 -160.822 6194.27 -137.39
6134.06 -150.407 6213.66 -142.597
6153.74 -149.106 6233.63 -128.278
6173.13 -145.2 6253.01 -120.467
6193.1 -138.692 6272.39 -156.916
6211.9 -137.39 6291.77 -141.295
6231.28 -145.2 6311.15 -185.555
6250.07 -156.916 6331.12 -121.769
6270.04 -110.053 6350.2 -132.183
6289.13 -180.348 6369.29 -155.615
6309.1 -184.253 6388.37 -121.769
6328.77 -172.537 6408.92 -129.579
6346.97 -155.615 6427.71 -147.804
6367.23 -166.029 6446.79 -130.881
6385.44 -143.899 6466.17 -132.183
6405.69 -136.088 6486.42 -124.372
6425.65 -149.106 6505.5 -147.804
6444.44 -142.597 6525.46 -147.804
6464.11 -162.123 6543.95 -141.295
6483.48 -111.355 6563.02 -129.579
6502.56 -139.993 6583.57 -121.769
6522.52 -142.597 6603.52 -146.502
6541.89 -192.064 6622.6 -139.993
6560.97 -163.425 6641.96 -150.407
6580.93 -189.46 6661.03 -138.692
6600 -166.029 6680.69 -107.45
6619.37 -116.562 6700.35 -121.769
6638.73 -153.011 6719.13 -160.822
6659.27 -150.407 6738.49 -103.544
6677.76 -171.236 6758.14 -110.053
6697.12 -172.537 6778.09 -167.33
6716.19 -155.615 6797.74 -136.088
6736.14 -176.443 6816.52 -119.165
6755.5 -149.106 6836.75 -106.148
6775.45 -138.692 6855.82 -128.278
6794.52 -166.029 6875.47 -129.579
6813.29 -119.165 6895.41 -112.657
6833.24 -149.106 6914.18 -153.011
6853.18 -158.218 6933.24 -121.769
6872.54 -173.839 6952.59 -134.786
6891.31 -147.804 6972.53 -150.407
6910.95 -132.183 6991.88 -130.881
6929.72 -110.053 7010.64 -116.562
6949.07 -121.769 7029.7 -145.2
6968.43 -132.183 7049.34 -155.615
6988.95 -147.804 7069.28 -151.709
7007.71 -142.597 7088.91 -130.881
7026.77 -134.786 7107.97 -142.597
7045.82 -129.579 7128.19 -138.692
7065.76 -123.071 7146.95 -163.425
7085.98 -119.165 7166.29 -124.372
7104.74 -168.632 7185.93 -132.183
7124.09 -139.993 7205.56 -125.674
7142.85 -171.236 7224.9 -134.786
7163.95 -155.615 7244.24 -149.106
7182.41 -160.822 7263.87 -137.39
7201.16 -108.751 7283.79 -136.088
7221.09 -123.071 7303.13 -116.562
7240.73 -136.088 7321.3 -143.899
7259.48 -175.141 7341.8 -139.993
7279.69 -143.899 7360.84 -153.011
7299.32 -132.183 7381.05 -167.33
7318.66 -93.1302 7400.97 -113.958
7336.53 -137.39 7419.13 -137.39
7356.74 -167.33 7439.05 -107.45
7376.95 -130.881 7457.79 -166.029
7395.99 -173.839 7477.71 -145.2
7415.32 -155.615 7497.33 -149.106
7434.65 -164.727 7516.94 -120.467
7454.57 -128.278 7535.98 -151.709
7473.31 -123.071 7555.3 -136.088
7492.35 -159.52 7575.21 -139.993
7513.14 -154.313 7594.24 -141.295
7531.59 -190.762 7614.15 -142.597
7550.62 -163.425 7633.18 -141.295
7571.11 -138.692 7653.38 -106.148
7590.14 -117.864 7672.11 -107.45
7609.17 -126.976 7691.72 -162.123
7628.79 -117.864 7711.33 -143.899
7648.69 -154.313 7730.36 -160.822
7668.31 -153.011 7749.67 -166.029
7686.45 -145.2 7768.99 -125.674
7706.06 -120.467 7788.89 -119.165
7725.38 -145.2 7808.49 -117.864
7744.7 -142.597 7827.81 -128.278
7765.48 -169.934 7847.7 -153.011
7783.33 -186.857 7866.43 -129.579
7803.81 -151.709 7886.32 -155.615
7823.12 -173.839 7906.22 -126.976
7840.97 -128.278 7925.53 -123.071
7860.87 -145.2 7944.25 -168.632
7880.47 -124.372 7964.72 -155.615
7899.78 -175.141 7983.74 -132.183
7920.85 -163.425 8003.33 -159.52
7938.98 -151.709 8022.64 -132.183
7958.29 -151.709 8041.65 -139.993
7978.18 -142.597 8061.83 -121.769
7997.48 -129.579 8080.25 -162.123
8016.5 -155.615 8100.14 -139.993
8036.09 -171.236 8119.44 -168.632
8055.69 -153.011 8139.61 -134.786
8075.57 -163.425 8158.04 -154.313
8095.46 -149.106 8177.92 -120.467
8113.59 -134.786 8197.22 -123.071
8132.89 -154.313 8216.8 -136.088
8152.19 -134.786 8236.1 -155.615
8172.36 -132.183 8255.1 -141.295
8191.66 -167.33 8275.27 -173.839
8210.37 -147.804 8293.68 -151.709
8230.25 -137.39 8314.44 -145.2
8249.25 -154.313 8332.85 -121.769
8268.84 -167.33 8352.44 -156.916
8289.01 -171.236 8372.6 -147.804
8308.01 -145.2 8391.6 -156.916
8327.3 -180.348 8411.47 -147.804
8346.01 -175.141 8430.76 -120.467
8366.17 -167.33 8449.75 -158.218
8385.17 -159.52 8469.33 -106.148
8404.46 -142.597 8487.74 -141.295
8423.45 -134.786 8508.19 -136.088
8444.2 -153.011 8527.48 -136.088
8462.9 -155.615 8547.34 -160.822
8482.77 -134.786 8566.63 -160.822
8501.77 -151.709 8586.49 -147.804
8521.05 -147.804 8606.07 -133.485
8540.33 -129.579 8624.76 -146.502
8559.91 -150.407 8644.63 -128.278
8580.06 -143.899 8663.9 -156.916
8598.76 -143.899 8683.18 -156.916
8618.04 -147.804 8702.75 -154.313
8638.2 -146.502 8722.32 -137.39
8656.89 -137.39 8741.31 -119.165
8676.17 -126.976 8760.87 -167.33
8696.04 -123.071 8781.9 -128.278
8715.31 -142.597 8799.72 -164.727
8735.17 -166.029 8819.87 -150.407
8754.74 -150.407 8839.14 -158.218
8773.72 -164.727 8858.41 -123.071
8793 -126.976 8877.68 -134.786
8812.27 -106.148 8897.54 -156.916
8831.55 -146.502 8916.52 -179.046
8851.69 -147.804 8936.96 -150.407
8870.39 -97.0355 8955.64 -138.692
8890.82 -143.899 8975.79 -137.39
8908.93 -172.537 8995.06 -182.951
8928.49 -150.407 9014.32 -150.407
8948.64 -156.916 9032.71 -143.899
8967.91 -132.183 9052.86 -123.071
8987.47 -156.916 9073.29 -130.881
9006.44 -132.183 9091.68 -116.562
9026.58 -145.2 9111.24 -123.071
9045.27 -145.2 9130.21 -133.485
9065.41 -134.786 9149.77 -150.407
9084.09 -139.993 9169.91 -153.011
9103.07 -138.692 9188.88 -138.692
9122.62 -159.52 9209.02 -125.674
9142.76 -132.183 9227.99 -115.26
9161.44 -147.804 9247.54 -146.502
9181.58 -169.934 9266.81 -124.372
9200.55 -138.692 9286.36 -116.562
9220.11 -155.615 9305.33 -147.804
9239.37 -155.615 9325.17 -124.372
9259.8 -153.011 9343.26 -166.029
9278.77 -147.804 9363.69 -124.372
9297.45 -107.45 9383.53 -141.295
9317 -142.597 9402.79 -171.236
9336.84 -156.916 9422.92 -150.407
9356.98 -151.709 9442.18 -119.165
9375.65 -175.141 9462.02 -146.502
9394.91 -171.236 9480.99 -149.106
9413.88 -175.141 9500.24 -179.046
9433.43 -146.502 9518.33 -145.2
9453.27 -197.271 9539.92 -153.011
9472.53 -166.029 9558.59 -150.407
9490.91 -172.537 9578.43 -156.916
9511.04 -133.485 9597.11 -94.432
9530.59 -153.011 9617.53 -146.502
9549.55 -137.39 9635.91 -171.236
9569.39 -134.786 9655.45 -133.485
9589.23 -155.615 9675.58 -129.579
9607.9 -147.804 9695.13 -163.425
9627.74 -132.183 9714.09 -160.822
9647.87 -179.046 9733.34 -134.786
9666.83 -137.39 9753.18 -155.615
9686.96 -151.709 9772.72 -158.218
9705.63 -159.52 9792.26 -126.976
9724.01 -158.218 9811.52 -138.692
9744.42 -147.804 9830.18 -130.881
9763.09 -137.39 9850.31 -121.769
9781.76 -162.123 9870.15 -146.502
9801.31 -141.295 9889.4 -154.313
9821.72 -132.183 9909.23 -138.692
9841.27 -168.632 9928.19 -125.674
9860.52 -150.407 9947.44 -159.52
9879.19 -125.674 9968.15 -137.39
9898.44 -149.106 9987.4 -116.562
9918.27 -146.502 10006.1 -143.899
9938.1 -133.485 10025.3 -106.148
9957.36 -167.33 10045.1 -133.485
9977.19 -123.071 10064.4 -150.407
9995.56 -129.579 10083.9 -163.425
10016.3 -123.071 10103.2 -185.555
10034.9 -160.822 10123.6 -133.485
10054.8 -158.218 10142.6 -143.899
10074 -142.597 10161.5 -145.2
10093.3 -151.709 10181.1 -160.822
10112.5 -164.727 10200.6 -163.425
10132.1 -150.407 10219.8 -173.839
10151.9 -107.45 10239.4 -143.899
10170.6 -124.372 10259.8 -149.106
10190.4 -139.993 10278.8 -146.502
10209 -138.692 10298.3 -149.106
10229.2 -155.615 10317.3 -136.088
10248.4 -172.537 10336.8 -156.916
10268 -133.485 10356 -163.425
10287.8 -136.088 10375.3 -125.674
10306.5 -128.278 10395.4 -98.3372
10325.7 -160.822 10414.7 -151.709
10345.3 -139.993 10433.6 -167.33
10364.5 -163.425 10453.5 -119.165
10384.3 -120.467 10473.3 -185.555
10403.6 -156.916 10492.2 -139.993
10422.5 -123.071 10511.8 -138.692
10442.9 -128.278 10531.6 -124.372
10462.2 -132.183 10551.1 -137.39
10480.9 -158.218 10570.1 -142.597
10499.8 -141.295 10589.4 -151.709
10519.9 -151.709 10609.5 -150.407
10538.9 -149.106 10629 -138.692
10558.7 -163.425 10647.7 -156.916
10578.9 -133.485 10667.5 -99.639
10596.9 -129.579 10686.8 -111.355
10617.6 -115.26 10705.4 -136.088
10636 -147.804 10725.6 -111.355
10656.1 -164.727 10745.1 -164.727
10676 -149.106 10764.9 -151.709
10694.9 -166.029 10783.6 -143.899
10713 -126.976 10803.4 -173.839
10733.1 -145.2 10822.7 -133.485
10752.1 -149.106 10842.2 -121.769
10772.2 -153.011 10862.4 -149.106
10791.5 -142.597 10880.7 -162.123
10810.7 -132.183 10900.6 -162.123
10830.3 -132.183 10920.1 -104.846
10850.4 -179.046 10940.5 -138.692
10869.6 -134.786 10958.9 -125.674
10888.3 -128.278 10977.9 -159.52
10907.3 -136.088 10998.3 -138.692
10927.4 -132.183 11017.5 -147.804
10946.7 -139.993 11037.1 -125.674
10965.9 -136.088 11055.8 -132.183
10986.6 -149.106 11075.3 -129.579
11005.6 -120.467 11094.8 -146.502
11024.5 -149.106 11114.7 -162.123
11044.7 -126.976 11134.5 -167.33
11063.9 -162.123 11153.8 -145.2
11082.9 -143.899 11172.2 -124.372
11102.1 -151.709 11192.9 -162.123
11121.7 -121.769 11211.8 -156.916
11141.2 -146.502 11231.7 -138.692
11160.5 -132.183 11250.1 -123.071
11180 -155.615 11270.8 -138.692
11199.6 -130.881 11289.7 -164.727
11218.8 -129.579 11308.7 -145.2
11236.9 -162.123 11329.1 -153.011
11257.6 -154.313 11347.8 -155.615
11275.7 -121.769 11367.6 -138.692
11295.6 -145.2 11386.3 -167.33
11314.8 -136.088 11407 -164.727
11335 -137.39 11426.3 -150.407
11355.7 -124.372 11446.1 -141.295
11374.4 -141.295 11465.1 -102.243
11392.2 -129.579 11484.4 -133.485
11412.3 -126.976 11504.8 -128.278
11431.8 -147.804 11523.5 -137.39
11452 -141.295 11542.2 -123.071
11471.5 -139.993 11561.7 -164.727
11489.9 -129.579 11581.8 -128.278
11509.2 -134.786 11600.8 -167.33
11528.1 -128.278 11620.1 -141.295
11548.9 -138.692 11640.2 -132.183
11567.6 -143.899 11660.1 -175.141
11587.1 -138.692 11678.8 -150.407
11606.1 -145.2 11698.6 -159.52
11625.6 -156.916 11717.9 -142.597
11645.2 -130.881 11738 -162.123
11664.2 -142.597 11757 -119.165
11684.3 -112.657 11776.8 -126.976
11703.6 -130.881 11795.5 -156.916
11722.3 -141.295 11815.4 -150.407
11742.4 -137.39 11834.1 -163.425
11761.7 -142.597 11854.8 -188.158
11781.2 -156.916 11873.2 -167.33
11800.2 -116.562 11893 -162.123
11820 -153.011 11912.6 -202.478
11839.6 -149.106 11931.9 -184.253
11858.3 -145.2 11951.1 -202.478
11878.1 -136.088 11971.3 -190.762
11897.4 -149.106 11990.9 -188.158
11916.7 -168.632 12008.7 -176.443
11936.3 -123.071 12029.4 -199.874
11955.8 -121.769 12048.4 -190.762
11974.2 -89.225 12068.3 -177.744
11994.1 -130.881 12088.1 -193.365
12013.9 -151.709 12106.8 -190.762
12032.3 -145.2 12126.4 -207.685
12051.6 -123.071 12145.9 -175.141
12072.1 -121.769 12164.9 -194.667
12090.1 -142.597 12185.1 -195.969
12110.3 -111.355 12204.4 -143.899
12129.9 -124.372 12223.9 -151.709
12150 -134.786 12243.2 -207.685
12168.7 -123.071 12262.5 -198.572
12188.3 -142.597 12282.4 -212.892
12208.4 -113.958 12301.9 -193.365
12226.9 -87.9232 12320.6 -203.779
12246.7 -128.278 12339.6 -203.779
12266 -162.123 12360.1 -223.306
12285 -112.657 12379.6 -220.702
12305.1 -137.39 12399.2 -182.951
12324.1 -137.39 12418.5 -181.65
12343.4 -133.485 12436.9 -169.934
12362.4 -102.243 12457.7 -158.218
12381.7 -68.3969 12476.7 -147.804
12401.6 -76.2074 12496 -190.762
12420.9 -81.4144 12515.5 -193.365
12441 -106.148 12535.1 -151.709
12459.7 -56.6811 12555 -106.148
12479.3 -71.0004 12574 -78.8109
12499.2 -68.3969 12593.6 -74.9056
12518.4 -43.6635 12613.1 -113.958
12537.4 -4.61084 12632.7 -119.165
12557.6 -25.4389 12651.7 -124.372
12576.9 -41.06 12671.6 -86.6215
12596.8 -69.6986 12691.2 -85.3197
12615.2 -30.646 12710.2 -52.7758
12634.2 -22.8354 12728.9 -39.7582
12654.4 3.1997 12749.4 -42.3617
12673.9 -22.8354 12769 -51.474
12693.8 -7.21435 12788.9 -71.0004
12711.1 1.89794 12807 4.50145
12731.8 -39.7582 12827.1 33.1401
12752 -8.5161 12847 44.8559
12770.1 21.4243 12866.6 39.6489
12790 60.4769 12885.9 -22.8354
12809.6 34.4418 12905.5 -51.474
12828.3 17.519 12924.8 -43.6635
12848.2 24.0278 12944.4 -56.6811
12867.5 -12.4214 12963.7 -25.4389
12887.1 25.3295 12982.1 9.70847
12906.4 39.6489 13001.7 24.0278
12925.4 80.0033 13021.9 29.2348
12944.7 66.9857 13041.5 16.2173
12964 57.8734 13060.8 -25.4389
12984.2 86.5121 13081 -24.1372
13003.2 42.2524 13100.3 22.726
13022.2 43.5541 13119.6 21.4243
13041.5 66.9857 13139.2 9.70847
13061.7 124.263 13158.2 -20.2319
13081 132.074 13178.4 -11.1196
13099.7 141.186 13197.4 -8.5161
13119.6 122.961 13216.7 39.6489
13139.5 145.091 13236.6 63.0805
13159.4 173.73 13255.6 126.866
13178.1 201.067 13275.3 51.3647
13198.3 188.049 13295.7 53.9682
13216.2 197.161 13314.5 47.4594
13236.1 189.351 13333.8 78.7015
13255.6 182.842 13353.4 64.3822
13274.7 231.007 13373 141.186
13293.7 257.042 13392 139.884
13313.3 276.568 13412.8 151.6
13332.3 327.337 13431.5 142.488
13352.5 353.372 13450.8 160.712
13372.1 362.484 13469.9 211.481
13390.8 324.733 13490.3 197.161
13409.9 306.509 13509.7 233.61
13430.1 333.846 13529.6 246.628
13449.4 395.028 13548.9 273.965
13468.7 445.797 13568.2 266.154
13488.3 504.376 13588.1 303.905
13507.6 486.151 13607.7 319.526
13526.4 466.625 13627.3 371.597
13546.5 483.548 13647.2 409.347
13565.9 475.737 13667.7 415.856
13584.3 579.878 13688.2 467.926
13604.8 569.463 13701.4 443.193
13623.5 602.007 13682.4 518.695
13643.1 588.99 13662.8 535.618
