4019.16 -110.053 4036.77 -103.544
4003.89 -65.7934 4054.97 -108.751
4000.37 -115.26 4076.11 -141.295
4015.63 -111.355 4093.72 -147.804
4034.42 -98.3372 4114.57 -107.45
4054.97 -108.751 4133.36 -145.2
4074.05 -130.881 4153.03 -146.502
4093.43 -90.5267 4172.41 -143.899
4113.69 -81.4144 4192.09 -179.046
4133.65 -107.45 4212.06 -120.467
4152.44 -116.562 4230.27 -171.236
4172.71 -112.657 4249.66 -150.407
4191.5 -123.071 4270.22 -126.976
4210.89 -107.45 4288.43 -138.692
4230.27 -76.2074 4308.7 -134.786
4250.24 -78.8109 4328.38 -124.372
4269.04 -84.0179 4347.78 -154.313
4289.02 -113.958 4366.58 -163.425
4307.52 -113.958 4385.97 -123.071
4327.5 -102.243 4405.95 -142.597
4347.48 -82.7162 4425.64 -139.993
4366.87 -87.9232 4444.44 -155.615
4385.97 -102.243 4464.72 -171.236
4405.95 -86.6215 4484.12 -136.088
4425.05 -78.8109 4503.22 -141.295
4444.44 -126.976 4522.32 -137.39
4464.13 -95.7337 4542.6 -130.881
4482.65 -91.8285 4561.71 -139.993
4502.34 -76.2074 4580.81 -145.2
4522.03 -94.432 4600.51 -146.502
4542.01 -89.225 4620.2 -119.165
4561.41 -117.864 4638.72 -142.597
4580.52 -104.846 4658.41 -175.141
4599.92 -124.372 4677.81 -112.657
4619.32 -107.45 4697.51 -154.313
4639.6 -82.7162 4717.21 -117.864
4658.41 -111.355 4736.02 -141.295
4677.23 -78.8109 4755.72 -123.071
4697.51 -121.769 4775.71 -136.088
4716.91 -98.3372 4795.41 -169.934
4736.02 -102.243 4813.64 -128.278
4755.43 -80.1127 4832.75 -136.088
4775.12 -103.544 4853.33 -176.443
4794.23 -90.5267 4872.44 -167.33
4814.22 -84.0179 4891.84 -138.692
4833.04 -120.467 4911.25 -126.976
4851.86 -81.4144 4930.07 -173.839
4872.14 -97.0355 4950.06 -117.864
4890.96 -86.6215 4969.76 -124.372
4910.07 -91.8285 4989.46 -137.39
4930.65 -86.6215 5008.28 -129.579
4949.77 -90.5267 5027.68 -137.39
4968.58 -87.9232 5046.8 -121.769
4987.7 -113.958 5067.09 -125.674
5008.28 -107.45 5086.79 -132.183
5027.39 -123.071 5104.72 -142.597
5046.21 -112.657 5124.72 -85.3197
5065.91 -81.4144 5145.3 -143.899
5085.61 -100.941 5164.41 -120.467
5104.72 -134.786 5182.94 -147.804
5125.01 -103.544 5202.64 -129.579
5143.83 -121.769 5222.34 -130.881
5163.24 -103.544 5242.04 -100.941
5182.94 -108.751 5261.15 -159.52
5202.64 -55.3793 5280.26 -153.011
5222.04 -111.355 5300.55 -149.106
5240.27 -104.846 5319.37 -143.899
5260.56 -112.657 5339.06 -107.45
5280.55 -100.941 5358.18 -180.348
5298.49 -90.5267 5378.17 -129.579
5318.78 -104.846 5397.28 -125.674
5337.89 -82.7162 5416.98 -149.106
5357.59 -119.165 5436.38 -164.727
5376.7 -139.993 5456.08 -120.467
5396.69 -108.751 5475.48 -125.674
5416.39 -111.355 5494.89 -147.804
5434.62 -54.0776 5513.11 -145.2
5454.9 -89.225 5533.99 -146.502
5474.01 -110.053 5552.51 -123.071
5494 -117.864 5572.2 -113.958
5514 -98.3372 5591.6 -176.443
5532.81 -139.993 5611.59 -133.485
5551.63 -106.148 5631.29 -139.993
5570.44 -108.751 5650.69 -113.958
5589.55 -97.0355 5669.5 -136.088
5610.71 -91.8285 5689.49 -93.1302
5628.94 -93.1302 5709.18 -107.45
5648.92 -98.3372 5728.28 -130.881
5667.74 -123.071 5746.8 -158.218
5688.02 -106.148 5766.49 -138.692
5706.54 -111.355 5786.18 -132.183
5727.11 -81.4144 5806.17 -143.899
5746.21 -89.225 5825.86 -124.372
5765.9 -136.088 5844.96 -146.502
5784.72 -103.544 5864.36 -139.993
5803.82 -107.45 5883.46 -128.278
5822.92 -106.148 5903.14 -132.183
5842.61 -112.657 5921.66 -147.804
5862.3 -82.7162 5941.93 -115.26
5881.99 -106.148 5961.03 -132.183
5900.5 -93.1302 5981.01 -134.786
5921.36 -95.7337 6000.4 -137.39
5939.29 -145.2 6019.2 -120.467
5960.15 -82.7162 6038.88 -141.295
5979.83 -89.225 6058.86 -147.804
5997.75 -108.751 6077.37 -106.148
6018.03 -81.4144 6096.46 -121.769
6036.53 -91.8285 6116.44 -106.148
6056.51 -100.941 6135.82 -142.597
6075.61 -137.39 6156.09 -117.864
6094.99 -117.864 6174.3 -132.183
6115.56 -111.355 6194.57 -133.485
6134.06 -78.8109 6213.66 -128.278
6153.74 -82.7162 6234.22 -139.993
6173.13 -112.657 6252.72 -134.786
6191.34 -129.579 6271.51 -168.632
6211.9 -100.941 6291.48 -149.106
6230.98 -97.0355 6311.74 -146.502
6250.66 -94.432 6330.24 -142.597
6270.92 -82.7162 6349.62 -139.993
6289.42 -111.355 6369.29 -104.846
6308.8 -82.7162 6388.37 -147.804
6328.48 -106.148 6409.22 -129.579
6348.15 -100.941 6427.71 -126.976
6367.23 -102.243 6446.2 -136.088
6386.02 -128.278 6467.34 -98.3372
6405.69 -77.5092 6485.83 -150.407
6425.95 -84.0179 6506.09 -162.123
6444.74 -85.3197 6525.16 -141.295
6464.11 -87.9232 6544.53 -120.467
6484.07 -93.1302 6563.9 -130.881
6502.56 -106.148 6583.57 -117.864
6522.52 -111.355 6603.52 -129.579
6542.77 -103.544 6622.89 -147.804
6560.68 -103.544 6641.38 -155.615
6580.93 -99.639 6661.03 -134.786
6600.29 -104.846 6680.4 -159.52
6619.37 -98.3372 6700.35 -128.278
6639.61 -139.993 6720.01 -141.295
6658.69 -120.467 6738.49 -145.2
6678.05 -100.941 6758.14 -172.537
6697.42 -81.4144 6777.8 -125.674
6717.07 -67.0951 6797.45 -129.579
6735.85 -95.7337 6816.52 -169.934
6755.8 -106.148 6836.46 -146.502
6775.74 -91.8285 6855.52 -108.751
6795.4 -110.053 6874.88 -150.407
6813 -91.8285 6895.12 -121.769
6833.24 -104.846 6914.18 -133.485
6852.3 -85.3197 6933.82 -163.425
6872.24 -77.5092 6952.3 -116.562
6890.72 -87.9232 6972.82 -155.615
6910.66 -99.639 6992.17 -112.657
6930.6 -59.2846 7010.64 -164.727
6949.36 -102.243 7030.58 -154.313
6969.3 -86.6215 7050.22 -134.786
6988.07 -87.9232 7068.98 -129.579
7008.3 -108.751 7089.21 -130.881
7026.77 -107.45 7107.97 -134.786
7045.53 -129.579 7127.6 -129.579
7065.46 -93.1302 7147.54 -169.934
7085.98 -90.5267 7166.29 -155.615
7104.74 -103.544 7186.51 -129.579
7123.8 -95.7337 7204.98 -173.839
7143.43 -99.639 7224.31 -147.804
7163.36 -121.769 7244.53 -147.804
7181.82 -80.1127 7264.16 -138.692
7201.46 -129.579 7283.79 -141.295
7221.09 -112.657 7302.25 -172.537
7241.02 -138.692 7322.17 -139.993
7259.18 -87.9232 7341.8 -149.106
7279.4 -100.941 7360.55 -108.751
7299.03 -116.562 7379.88 -106.148
7318.07 -126.976 7400.09 -95.7337
7337.11 -85.3197 7419.72 -100.941
7355.86 -85.3197 7438.75 -130.881
7376.37 -113.958 7457.21 -147.804
7395.7 -111.355 7478 -151.709
7415.62 -112.657 7497.91 -142.597
7434.95 -111.355 7516.94 -133.485
7454.28 -104.846 7536.27 -99.639
7473.31 -102.243 7555.89 -139.993
7493.23 -120.467 7575.21 -169.934
7511.38 -52.7758 7594.24 -142.597
7532.76 -85.3197 7613.86 -145.2
7551.5 -93.1302 7632.89 -180.348
7570.53 -100.941 7653.38 -147.804
7589.85 -104.846 7672.11 -100.941
7608.3 -99.639 7692.31 -104.846
7627.91 -91.8285 7711.04 -154.313
7648.4 -110.053 7731.53 -130.881
7668.01 -99.639 7749.97 -141.295
7686.45 -121.769 7769.87 -120.467
7706.36 -139.993 7788.3 -125.674
7725.09 -91.8285 7808.49 -120.467
7744.7 -104.846 7828.1 -115.26
7764.31 -98.3372 7847.12 -108.751
7783.62 -121.769 7866.72 -123.071
7803.81 -89.225 7886.32 -133.485
7822.54 -111.355 7905.63 -154.313
7842.14 -130.881 7924.94 -117.864
7862.04 -103.544 7944.54 -95.7337
7881.93 -99.639 7964.72 -112.657
7900.95 -100.941 7983.15 -145.2
7919.97 -74.9056 8003.33 -129.579
7938.69 -71.0004 8023.22 -121.769
7958.58 -78.8109 8041.94 -141.295
7977.89 -111.355 8061.54 -134.786
7998.65 -124.372 8079.96 -143.899
8017.37 -115.26 8100.14 -141.295
8036.68 -119.165 8120.31 -153.011
8055.98 -98.3372 8138.74 -139.993
8074.99 -129.579 8158.62 -124.372
8094 -99.639 8178.5 -129.579
8113.88 -85.3197 8197.8 -112.657
8133.47 -125.674 8216.8 -130.881
8153.06 -84.0179 8236.39 -153.011
8172.36 -87.9232 8255.68 -132.183
8191.95 -102.243 8274.68 -129.579
8210.95 -124.372 8294.85 -121.769
8230.54 -121.769 8313.85 -126.976
8249.55 -103.544 8333.73 -149.106
8267.96 -124.372 8353.02 -112.657
8288.72 -100.941 8372.9 -129.579
8307.42 -100.941 8392.48 -117.864
8327.01 -117.864 8411.47 -142.597
8347.17 -125.674 8431.34 -138.692
8366.17 -108.751 8450.34 -141.295
8385.75 -111.355 8469.33 -107.45
8404.75 -100.941 8489.49 -156.916
8424.91 -106.148 8508.78 -143.899
8443.03 -95.7337 8528.35 -125.674
8462.9 -115.26 8547.05 -159.52
8481.9 -113.958 8566.63 -119.165
8501.47 -102.243 8586.79 -107.45
8521.34 -82.7162 8605.77 -116.562
8540.33 -103.544 8625.64 -123.071
8559.91 -91.8285 8644.92 -159.52
8579.77 -120.467 8663.61 -111.355
8598.47 -111.355 8683.77 -130.881
8618.63 -126.976 8702.75 -126.976
8638.2 -108.751 8721.74 -115.26
8657.19 -136.088 8741.31 -134.786
8677.05 -113.958 8761.17 -142.597
8695.16 -91.8285 8780.73 -154.313
8715.9 -99.639 8799.42 -145.2
8735.17 -117.864 8820.16 -124.372
8754.45 -80.1127 8838.56 -150.407
8772.85 -108.751 8858.41 -130.881
8792.71 -98.3372 8877.68 -124.372
8812.27 -99.639 8897.54 -141.295
8831.26 -81.4144 8916.81 -137.39
8851.99 -99.639 8935.79 -145.2
8871.55 -102.243 8955.35 -117.864
8889.65 -111.355 8974.91 -116.562
8909.8 -106.148 8995.06 -125.674
8928.2 -107.45 9013.74 -104.846
8947.47 -103.544 9033.01 -139.993
8967.32 -69.6986 9053.44 -163.425
8987.17 -84.0179 9072.12 -163.425
9005.86 -124.372 9091.68 -136.088
9026 -110.053 9111.24 -113.958
9045.27 -69.6986 9130.8 -120.467
9065.12 -106.148 9150.35 -104.846
9084.38 -110.053 9169.91 -139.993
9103.36 -115.26 9189.75 -142.597
9122.33 -84.0179 9208.73 -123.071
9143.05 -94.432 9227.99 -123.071
9161.15 -85.3197 9246.38 -103.544
9180.71 -76.2074 9267.1 -156.916
9200.85 -110.053 9286.65 -138.692
9220.11 -104.846 9306.78 -137.39
9239.66 -97.0355 9325.46 -113.958
9258.63 -65.7934 9343.55 -121.769
9278.77 -98.3372 9363.4 -134.786
9298.32 -89.225 9383.24 -125.674
9317.29 -104.846 9403.08 -117.864
9336.55 -116.562 9422.63 -175.141
9356.69 -74.9056 9441.6 -98.3372
9375.07 -47.5688 9461.73 -125.674
9394.33 -120.467 9480.7 -132.183
9414.46 -141.295 9499.95 -103.544
9432.55 -143.899 9520.08 -129.579
9452.69 -97.0355 9539.34 -151.709
9472.23 -117.864 9558.89 -117.864
9492.07 -107.45 9578.43 -119.165
9510.75 -98.3372 9597.69 -136.088
9530 -71.0004 9616.65 -139.993
9549.84 -78.8109 9636.49 -121.769
9569.68 -87.9232 9656.62 -125.674
9589.52 -108.751 9676.16 -172.537
9608.19 -100.941 9695.13 -123.071
9627.74 -85.3197 9714.67 -142.597
9646.12 -106.148 9733.34 -130.881
9666.54 -124.372 9753.18 -160.822
9685.79 -110.053 9772.72 -98.3372
9705.04 -84.0179 9791.97 -124.372
9723.71 -94.432 9811.81 -147.804
9743.26 -94.432 9830.77 -156.916
9763.39 -97.0355 9850.89 -151.709
9782.93 -63.1898 9870.73 -137.39
9802.18 -99.639 9889.4 -95.7337
9821.14 -120.467 9908.06 -106.148
9840.39 -123.071 9927.61 -134.786
9858.48 -94.432 9948.61 -168.632
9880.64 -110.053 9966.98 -129.579
9899.02 -85.3197 9987.11 -145.2
9919.44 -107.45 10006.1 -134.786
9938.1 -116.562 10025.3 -136.088
9956.77 -129.579 10045.1 -143.899
9976.61 -136.088 10063.8 -136.088
9996.44 -108.751 10083.9 -169.934
10014.8 -94.432 10102.9 -151.709
10034.6 -103.544 10123 -137.39
10053.9 -126.976 10141.7 -113.958
10074.3 -104.846 10162.1 -116.562
10092.7 -97.0355 10181.4 -158.218
10112.5 -117.864 10201.2 -134.786
10131.5 -108.751 10221 -125.674
10151.3 -111.355 10239.7 -138.692
10170.3 -108.751 10258.6 -153.011
10189.8 -117.864 10278.5 -154.313
10209.6 -124.372 10298.3 -143.899
10229.2 -113.958 10316.7 -155.615
10248.4 -128.278 10337.7 -149.106
10267.4 -95.7337 10356.9 -142.597
10286.6 -98.3372 10375.9 -143.899
10305.9 -136.088 10395.4 -138.692
10325.4 -117.864 10415.3 -142.597
10345.5 -124.372 10433.3 -153.011
10363.9 -69.6986 10453.7 -156.916
10383.8 -89.225 10473.3 -110.053
10403 -112.657 10492.8 -124.372
10422.8 -116.562 10511.5 -128.278
10442.9 -108.751 10530.7 -128.278
10461 -69.6986 10550.6 -141.295
10481.5 -102.243 10569.5 -132.183
10499.8 -112.657 10589.4 -119.165
10519.9 -117.864 10609.5 -119.165
10539.5 -123.071 10627.6 -143.899
10558.5 -95.7337 10647.7 -111.355
10578.3 -111.355 10666.9 -132.183
10597.2 -59.2846 10687.1 -126.976
10617.6 -100.941 10706.3 -137.39
10635.7 -117.864 10725 -132.183
10655.9 -119.165 10744.8 -112.657
10674.8 -130.881 10764.6 -158.218
10694.4 -121.769 10783.3 -132.183
10714.2 -91.8285 10804.3 -166.029
10733.1 -93.1302 10822.4 -142.597
10753 -84.0179 10841.9 -151.709
10771.6 -115.26 10861.5 -153.011
10791.8 -106.148 10881.9 -133.485
10811.3 -90.5267 10900.9 -65.7934
10830.6 -98.3372 10920.7 -110.053
10849.2 -102.243 10939.7 -97.0355
10869.1 -89.225 10958.9 -129.579
10888.9 -97.0355 10978.8 -141.295
10907.9 -81.4144 10998.3 -119.165
10927.7 -95.7337 11017.3 -139.993
10947.2 -108.751 11037.1 -159.52
10965.9 -91.8285 11056.6 -123.071
10986 -99.639 11075.6 -111.355
11005 -95.7337 11094.8 -159.52
11024.8 -106.148 11113.8 -121.769
11044.1 -69.6986 11134.8 -113.958
11063.9 -112.657 11152.9 -126.976
11082.9 -102.243 11173.3 -133.485
11102.1 -123.071 11192.9 -113.958
11120.8 -116.562 11211.6 -113.958
11141.2 -80.1127 11231.1 -143.899
11161.1 -104.846 11250.6 -151.709
11179.4 -91.8285 11270.5 -120.467
11199.6 -95.7337 11289.7 -108.751
11218.6 -119.165 11308.7 -119.165
11238.1 -106.148 11328.8 -113.958
11257.6 -137.39 11348.1 -138.692
11276.3 -124.372 11368.2 -147.804
11296.5 -106.148 11386.6 -119.165
11315.7 -86.6215 11406.8 -106.148
11334.7 -100.941 11426.3 -98.3372
11354.5 -106.148 11445.3 -108.751
11373.5 -103.544 11464.8 -134.786
11393.3 -110.053 11483.8 -149.106
11412 -107.45 11504.2 -133.485
11432.4 -76.2074 11523.5 -136.088
11450.8 -98.3372 11543.6 -132.183
11471.2 -103.544 11562 -123.071
11490.2 -133.485 11581 -147.804
11509.5 -115.26 11601.4 -111.355
11529.3 -94.432 11619.8 -147.804
11547.7 -89.225 11640.2 -160.822
11567.6 -120.467 11660.1 -139.993
11587.1 -90.5267 11679 -99.639
11606.4 -82.7162 11698.3 -138.692
11625.9 -115.26 11717.9 -97.0355
11645.2 -99.639 11736.9 -133.485
11664.2 -102.243 11756.7 -110.053
11683.7 -98.3372 11775.7 -175.141
11703.6 -85.3197 11795.8 -121.769
11723.4 -85.3197 11815.7 -103.544
11742.4 -82.7162 11834.6 -125.674
11762 -99.639 11853.9 -121.769
11780.3 -108.751 11874.4 -134.786
11800.8 -102.243 11893.9 -124.372
11820 -117.864 11912.3 -150.407
11839.3 -67.0951 11932.5 -115.26
11858.9 -129.579 11951.4 -125.674
11877.6 -102.243 11970.1 -110.053
11897.7 -102.243 11991.1 -108.751
11916.7 -121.769 12009 -111.355
11937.4 -120.467 12029.1 -136.088
11955.5 -126.976 12048.4 -130.881
11974.8 -84.0179 12068.3 -125.674
11994.7 -94.432 12087.8 -129.579
12013.4 -108.751 12107.7 -128.278
12033.5 -104.846 12127.3 -145.2
12052.2 -102.243 12146.2 -98.3372
12071.8 -125.674 12165.5 -169.934
12091.3 -136.088 12185.4 -156.916
12110.3 -89.225 12204.4 -186.857
12130.5 -126.976 12223.9 -169.934
12149.7 -98.3372 12243.5 -154.313
12169.3 -111.355 12263.1 -179.046
12188.6 -119.165 12282.6 -168.632
12207 -142.597 12301.6 -194.667
12227.4 -120.467 12321.2 -173.839
12246.1 -104.846 12340.8 -177.744
12266 -74.9056 12360.1 -146.502
12284.7 -77.5092 12379.4 -123.071
12306 -89.225 12398.6 -112.657
12324.7 -93.1302 12418.2 -153.011
12344 -94.432 12437.8 -142.597
12363 -98.3372 12456.8 -163.425
12382 -104.846 12476.7 -150.407
12401.3 -51.474 12496.2 -123.071
12420.3 -42.3617 12515.8 -100.941
12441.3 -61.8881 12534.8 -94.432
12460.3 -61.8881 12554.7 -104.846
12479 -57.9828 12573.7 -103.544
12498.6 -77.5092 12593 -171.236
12517.9 -18.9302 12613.1 -154.313
12538 7.10496 12632.1 -77.5092
12557 5.80321 12652 -107.45
12576.9 20.1225 12670.4 -87.9232
12596.2 34.4418 12691.2 -123.071
12616.1 17.519 12710.5 -107.45
12634.5 22.726 12729.8 -115.26
12654.9 35.7436 12750.3 -112.657
12673.7 72.1928 12768.4 -57.9828
12693.3 44.8559 12788 -38.4565
12713.1 47.4594 12807.6 -3.30908
12732.1 55.2699 12827.4 -39.7582
12750.6 26.6313 12846.7 -47.5688
12771 31.8383 12865.2 -59.2846
12790.3 48.7611 12885.9 -21.5337
12809 48.7611 12905.8 -2.00733
12829.5 31.8383 12924.5 47.4594
12847.9 56.5717 12943.8 87.8138
12867.2 40.9506 12963.1 56.5717
12886.5 77.3998 12983 29.2348
12906.1 34.4418 13002.3 14.9155
12926.3 8.40672 13021.9 48.7611
12945.6 39.6489 13042.1 59.1752
12965.2 37.0453 13061.4 91.7191
12983.6 27.9331 13080.4 77.3998
13003.2 39.6489 13099.7 46.1576
13023.1 55.2699 13119 -29.3442
13042.7 57.8734 13139.8 -21.5337
13061.7 66.9857 13158.2 8.40672
13081 70.891 13178.4 68.2875
13100.6 107.34 13197.4 119.056
13118.7 154.203 13217 112.547
13138.6 177.635 13235.8 59.1752
13157.9 156.807 13256.2 89.1156
13176.7 203.67 13275 72.1928
13197.1 193.256 13295.5 106.038
13217 206.274 13314.2 168.523
13235.8 208.877 13334.1 221.895
13255.1 292.189 13353.7 259.646
13273.8 258.344 13373 194.558
13294.3 249.232 13391.7 193.256
13313.6 229.705 13412.2 151.6
13332.6 247.93 13431.2 186.747
13352.2 272.663 13451.1 245.326
13372.1 315.621 13470.4 333.846
13390.8 350.768 13490.6 316.923
13410.2 327.337 13509.7 293.491
13429.5 290.888 13528.7 275.267
13449.1 307.811 13548.9 266.154
13468.7 344.26 13568.8 276.568
13488.3 384.614 13588.4 378.105
13507.3 422.365 13607.4 402.839
13527.2 456.211 13627.3 402.839
13546.5 431.477 13647.2 380.709
13565 379.407 13667.4 362.484
13586.1 401.537 13687.9 341.656
13604.5 441.891 13701.7 359.881
13623.5 495.263 13682.7 466.625
13644 525.204 13662.2 497.867
