4019.45 -132.183 4036.77 -104.846
4003.6 -104.846 4056.44 -84.0179
4000.08 -85.3197 4076.11 -113.958
4015.34 -119.165 4094.6 -95.7337
4034.42 -108.751 4114.27 -94.432
4054.68 -106.148 4133.95 -74.9056
4075.22 -52.7758 4153.62 -102.243
4093.72 -111.355 4172.12 -94.432
4113.69 -134.786 4192.38 -115.26
4133.07 -128.278 4211.18 -107.45
4152.15 -103.544 4231.15 -143.899
4171.24 -73.6039 4249.66 -78.8109
4191.5 -126.976 4270.81 -104.846
4210.89 -124.372 4289.6 -95.7337
4230.27 -115.26 4308.99 -104.846
4249.36 -125.674 4328.97 -110.053
4269.04 -121.769 4347.78 -133.485
4289.02 -107.45 4366.87 -102.243
4308.99 -100.941 4385.97 -104.846
4327.5 -104.846 4405.95 -97.0355
4347.48 -113.958 4424.76 -103.544
4366.28 -97.0355 4445.03 -80.1127
4385.68 -85.3197 4464.13 -95.7337
4405.36 -106.148 4484.12 -128.278
4424.76 -115.26 4503.51 -124.372
4444.44 -111.355 4521.44 -94.432
4463.55 -89.225 4542.01 -76.2074
4483.82 -81.4144 4561.12 -98.3372
4502.63 -113.958 4581.4 -113.958
4521.73 -145.2 4599.92 -115.26
4541.43 -151.709 4619.02 -107.45
4561.12 -121.769 4639.01 -132.183
4579.93 -99.639 4658.71 -108.751
4599.92 -87.9232 4678.11 -84.0179
4619.9 -116.562 4697.8 -100.941
4638.13 -103.544 4717.5 -81.4144
4658.41 -146.502 4736.02 -89.225
4677.52 -119.165 4755.72 -110.053
4698.1 -90.5267 4775.12 -106.148
4716.62 -116.562 4794.23 -68.3969
4736.9 -108.751 4813.34 -97.0355
4755.72 -116.562 4833.04 -73.6039
4774.83 -97.0355 4853.33 -84.0179
4794.53 -124.372 4872.44 -108.751
4814.22 -112.657 4891.84 -113.958
4833.04 -113.958 4911.84 -82.7162
4852.45 -94.432 4930.65 -113.958
4872.44 -89.225 4950.36 -84.0179
4891.84 -81.4144 4969.47 -82.7162
4910.07 -139.993 4988.87 -85.3197
4930.36 -128.278 5007.98 -113.958
4949.77 -120.467 5027.98 -123.071
4968.88 -121.769 5047.68 -104.846
4989.46 -134.786 5066.2 -116.562
5007.98 -119.165 5086.79 -97.0355
5027.39 -100.941 5105.02 -94.432
5046.5 -112.657 5125.01 -99.639
5065.91 -84.0179 5144.71 -93.1302
5085.61 -95.7337 5164.12 -137.39
5104.72 -117.864 5183.23 -94.432
5123.84 -95.7337 5202.34 -85.3197
5143.53 -103.544 5221.75 -90.5267
5164.12 -117.864 5242.04 -86.6215
5182.05 -115.26 5261.15 -85.3197
5202.34 -147.804 5280.85 -126.976
5221.45 -128.278 5300.55 -98.3372
5240.57 -117.864 5319.95 -132.183
5260.27 -73.6039 5338.48 -98.3372
5279.38 -125.674 5357.59 -89.225
5299.37 -87.9232 5377.87 -81.4144
5318.19 -142.597 5397.57 -104.846
5337.3 -116.562 5416.39 -99.639
5357.29 -136.088 5436.09 -94.432
5376.7 -111.355 5456.37 -90.5267
5396.4 -57.9828 5475.48 -93.1302
5416.39 -99.639 5494.3 -91.8285
5434.91 -99.639 5514 -82.7162
5455.2 -99.639 5533.99 -74.9056
5474.01 -125.674 5553.09 -115.26
5493.42 -113.958 5572.79 -113.958
5514 -98.3372 5592.78 -102.243
5532.81 -90.5267 5611.3 -98.3372
5551.04 -112.657 5630.7 -100.941
5571.03 -93.1302 5649.81 -99.639
5591.01 -116.562 5669.5 -106.148
5610.42 -103.544 5689.19 -85.3197
5628.94 -134.786 5708.89 -103.544
5648.63 -125.674 5727.4 -100.941
5668.32 -111.355 5748.57 -90.5267
5688.31 -91.8285 5766.79 -74.9056
5706.83 -86.6215 5785.01 -87.9232
5727.11 -119.165 5805.29 -93.1302
5744.74 -134.786 5825.57 -119.165
5765.9 -82.7162 5844.37 -108.751
5784.72 -111.355 5863.47 -110.053
5805.29 -102.243 5883.75 -98.3372
5824.1 -107.45 5902.85 -111.355
5843.78 -123.071 5921.95 -106.148
5863.77 -102.243 5941.93 -123.071
5880.52 -143.899 5961.91 -98.3372
5900.79 -128.278 5980.13 -99.639
5920.19 -72.3021 6000.1 -82.7162
5939.58 -90.5267 6019.49 -73.6039
5958.97 -119.165 6039.47 -119.165
5978.66 -100.941 6058.27 -71.0004
5998.93 -121.769 6077.96 -98.3372
6017.44 -89.225 6096.17 -61.8881
6036.83 -95.7337 6116.44 -103.544
6056.22 -112.657 6135.53 -103.544
6076.49 -61.8881 6156.38 -116.562
6095.29 -74.9056 6175.48 -95.7337
6114.09 -95.7337 6194.57 -112.657
6134.65 -116.562 6214.24 -90.5267
6153.15 -97.0355 6232.75 -111.355
6173.13 -84.0179 6253.01 -71.0004
6191.63 -98.3372 6271.51 -119.165
6211.6 -106.148 6291.18 -121.769
6231.28 -113.958 6310.86 -112.657
6250.37 -106.148 6330.82 -74.9056
6270.34 -91.8285 6350.2 -130.881
6289.42 -130.881 6369.29 -82.7162
6308.22 -121.769 6388.37 -121.769
6327.89 -110.053 6408.63 -93.1302
6347.27 -120.467 6427.42 -72.3021
6366.35 -129.579 6447.38 -107.45
6386.32 -120.467 6467.34 -113.958
6406.57 -81.4144 6485.83 -134.786
6425.07 -85.3197 6505.5 -99.639
6445.03 -106.148 6524.87 -116.562
6463.52 -86.6215 6545.12 -94.432
6482.9 -104.846 6563.9 -76.2074
6503.44 -116.562 6583.57 -99.639
6522.82 -90.5267 6603.52 -120.467
6541.31 -126.976 6622.01 -47.5688
6561.85 -110.053 6642.25 -81.4144
6580.93 -95.7337 6662.21 -99.639
6600 -108.751 6681.87 -117.864
6618.78 -117.864 6700.35 -134.786
6639.61 -106.148 6718.83 -121.769
6658.1 -82.7162 6738.78 -89.225
6677.76 -121.769 6758.73 -93.1302
6697.12 -117.864 6777.8 -104.846
6717.37 -124.372 6797.45 -82.7162
6735.85 -116.562 6816.52 -111.355
6755.8 -95.7337 6835.58 -85.3197
6774.86 -100.941 6855.82 -103.544
6793.93 -111.355 6875.17 -107.45
6813 -102.243 6894.82 -97.0355
6833.53 -89.225 6914.77 -84.0179
6852.01 -104.846 6933.24 -82.7162
6872.24 -103.544 6952.3 -113.958
6891.31 -107.45 6972.82 -80.1127
6910.66 -115.26 6992.47 -89.225
6930.01 -87.9232 7011.52 -86.6215
6949.36 -128.278 7030.87 -108.751
6968.43 -99.639 7050.22 -97.0355
6988.65 -107.45 7069.86 -91.8285
7007.42 -94.432 7088.91 -97.0355
7027.06 -87.9232 7108.55 -108.751
7046.41 -65.7934 7127.31 -84.0179
7066.05 -85.3197 7147.24 -113.958
7085.69 -119.165 7166.59 -115.26
7104.45 -95.7337 7186.22 -130.881
7124.09 -124.372 7204.98 -119.165
7142.55 -82.7162 7225.19 -110.053
7163.07 -111.355 7244.24 -116.562
7182.7 -98.3372 7264.16 -103.544
7201.75 -102.243 7283.5 -94.432
7220.21 -106.148 7302.84 -125.674
7240.73 -121.769 7323.05 -121.769
7260.06 -125.674 7342.39 -121.769
7279.4 -133.485 7361.43 -100.941
7297.86 -113.958 7379.88 -102.243
7318.37 -74.9056 7400.09 -72.3021
7337.99 -125.674 7418.84 -119.165
7357.03 -116.562 7438.75 -102.243
7376.37 -97.0355 7457.5 -98.3372
7395.7 -73.6039 7478 -116.562
7415.32 -91.8285 7497.03 -99.639
7433.78 -112.657 7516.65 -110.053
7453.98 -103.544 7535.69 -76.2074
7472.73 -87.9232 7556.18 -110.053
7492.93 -103.544 7574.92 -129.579
7512.55 -74.9056 7594.83 -112.657
7532.17 -80.1127 7614.44 -81.4144
7551.79 -89.225 7633.18 -86.6215
7570.24 -68.3969 7652.5 -94.432
7590.14 -91.8285 7671.82 -107.45
7609.47 -86.6215 7692.31 -106.148
7628.49 -85.3197 7710.75 -102.243
7648.11 -89.225 7730.65 -87.9232
7667.43 -117.864 7750.26 -130.881
7686.75 -99.639 7770.45 -86.6215
7705.77 -117.864 7789.47 -80.1127
7726.26 -91.8285 7808.2 -97.0355
7745.87 -117.864 7828.1 -112.657
7764.31 -91.8285 7847.7 -93.1302
7783.33 -110.053 7867.31 -102.243
7803.81 -125.674 7886.62 -116.562
7823.12 -73.6039 7905.92 -112.657
7842.44 -104.846 7924.65 -98.3372
7861.45 -87.9232 7944.83 -87.9232
7881.35 -82.7162 7965.02 -85.3197
7900.37 -55.3793 7983.15 -110.053
7919.68 -82.7162 8002.46 -166.029
7939.27 -104.846 8022.35 -84.0179
7958.87 -115.26 8041.94 -100.941
7978.77 -130.881 8061.54 -80.1127
7996.9 -99.639 8080.25 -97.0355
8017.37 -94.432 8100.72 -95.7337
8036.68 -120.467 8119.73 -138.692
8055.4 -125.674 8139.32 -125.674
8075.57 -113.958 8159.2 -128.278
8094.58 -150.407 8178.21 -119.165
8114.47 -141.295 8196.92 -120.467
8133.18 -113.958 8216.8 -67.0951
8152.77 -85.3197 8236.1 -91.8285
8172.07 -104.846 8255.98 -102.243
8191.66 -115.26 8275.27 -94.432
8211.54 -100.941 8295.15 -86.6215
8230.84 -102.243 8314.15 -103.544
8250.72 -110.053 8333.15 -87.9232
8269.13 -107.45 8353.31 -95.7337
8288.42 -81.4144 8372.6 -84.0179
8308.01 -98.3372 8392.18 -106.148
8327.3 -108.751 8411.76 -116.562
8345.71 -94.432 8431.64 -120.467
8366.46 -132.183 8450.92 -108.751
8385.75 -120.467 8470.21 -60.5863
8405.63 -81.4144 8489.2 -78.8109
8425.21 -57.9828 8508.78 -107.45
8443.62 -95.7337 8527.48 -91.8285
8463.2 -80.1127 8547.64 -124.372
8482.19 -97.0355 8567.5 -123.071
8502.06 -63.1898 8586.79 -85.3197
8521.64 -95.7337 8605.19 -65.7934
8540.33 -55.3793 8625.05 -89.225
8561.08 -56.6811 8644.63 -68.3969
8580.06 -103.544 8665.36 -133.485
8598.47 -98.3372 8684.06 -147.804
8618.04 -119.165 8703.05 -121.769
8637.32 -110.053 8722.61 -94.432
8656.89 -85.3197 8741.89 -106.148
8677.05 -84.0179 8761.75 -124.372
8695.74 -97.0355 8780.73 -108.751
8714.73 -93.1302 8799.72 -129.579
8734.59 -113.958 8819.28 -112.657
8754.45 -120.467 8839.43 -87.9232
8774.89 -102.243 8858.12 -121.769
8793.88 -112.657 8877.39 -99.639
8812.27 -103.544 8897.25 -104.846
8831.84 -81.4144 8915.64 -98.3372
8850.23 -71.0004 8936.96 -95.7337
8870.68 -138.692 8956.23 -130.881
8891.12 -97.0355 8975.5 -106.148
8909.51 -108.751 8994.18 -98.3372
8929.07 -108.751 9013.74 -97.0355
8947.76 -87.9232 9033.3 -106.148
8967.61 -74.9056 9052.86 -111.355
8988.34 -72.3021 9073 -115.26
9006.44 -99.639 9091.68 -128.278
9026 -95.7337 9111.82 -106.148
9045.56 -103.544 9130.21 -98.3372
9064.53 -102.243 9150.06 -87.9232
9084.09 -103.544 9169.62 -106.148
9103.94 -95.7337 9188.3 -115.26
9122.62 -68.3969 9208.43 -136.088
9142.76 -99.639 9227.99 -124.372
9162.32 -112.657 9247.83 -126.976
9180.71 -97.0355 9267.1 -106.148
9201.14 -94.432 9285.77 -89.225
9219.53 -85.3197 9305.62 -86.6215
9239.66 -99.639 9325.17 -121.769
9258.92 -116.562 9344.14 -119.165
9278.19 -77.5092 9364.27 -102.243
9297.45 -87.9232 9383.53 -87.9232
9317 -89.225 9403.08 -126.976
9335.97 -112.657 9422.92 -124.372
9356.98 -120.467 9442.76 -90.5267
9375.07 -107.45 9460.56 -116.562
9395.2 -97.0355 9481.57 -115.26
9414.46 -89.225 9500.24 -85.3197
9433.14 -74.9056 9520.08 -129.579
9452.39 -93.1302 9539.92 -85.3197
9473.11 -121.769 9558.89 -108.751
9492.07 -87.9232 9578.43 -108.751
9510.75 -107.45 9597.98 -121.769
9530.88 -106.148 9616.36 -113.958
9549.84 -91.8285 9635.91 -124.372
9568.51 -100.941 9655.45 -132.183
9590.1 -99.639 9676.16 -113.958
9607.9 -77.5092 9694.54 -107.45
9627.44 -107.45 9714.67 -133.485
9647.58 -93.1302 9733.63 -112.657
9665.37 -95.7337 9753.47 -126.976
9685.79 -112.657 9772.43 -106.148
9705.34 -103.544 9791.68 -120.467
9724.01 -90.5267 9812.1 -113.958
9743.55 -82.7162 9831.06 -59.2846
9763.68 -103.544 9850.89 -87.9232
9783.22 -84.0179 9869.27 -91.8285
9802.18 -130.881 9889.11 -108.751
9822.02 -108.751 9908.35 -113.958
9840.1 -84.0179 9929.36 -123.071
9860.23 -111.355 9948.02 -97.0355
9879.48 -93.1302 9967.27 -103.544
9898.44 -72.3021 9986.82 -76.2074
9917.98 -89.225 10006.3 -107.45
9938.1 -94.432 10025.3 -104.846
9956.48 -65.7934 10044.9 -104.846
9976.31 -116.562 10065 -95.7337
9996.44 -123.071 10083.6 -110.053
10016 -51.474 10103.5 -68.3969
10034.6 -48.8705 10123.9 -78.8109
10054.5 -68.3969 10142.8 -87.9232
10074 -77.5092 10160.9 -90.5267
10092.4 -104.846 10181.9 -99.639
10111.9 -129.579 10200 -111.355
10132.4 -90.5267 10220.1 -121.769
10150.7 -112.657 10240 -97.0355
10170.6 -76.2074 10258.9 -106.148
10189.8 -113.958 10277.6 -119.165
10209.3 -89.225 10297.7 -134.786
10229.2 -115.26 10317.6 -132.183
10248.7 -90.5267 10336.5 -95.7337
10267.4 -108.751 10356 -103.544
10286.6 -71.0004 10375.6 -124.372
10306.8 -82.7162 10394.3 -116.562
10324.8 -100.941 10414.7 -99.639
10345 -82.7162 10433.6 -107.45
10364.8 -102.243 10453.2 -126.976
10384.6 -129.579 10473.3 -97.0355
10403.3 -110.053 10491.9 -145.2
10423.1 -77.5092 10512.1 -77.5092
10441.5 -86.6215 10531.6 -97.0355
10462.2 -112.657 10551.1 -115.26
10481.2 -97.0355 10570.1 -117.864
10499.8 -65.7934 10588.5 -110.053
10519.7 -98.3372 10608.3 -97.0355
10539.5 -80.1127 10627.9 -119.165
10559 -73.6039 10648 -110.053
10578.6 -73.6039 10667.8 -59.2846
10598.1 -126.976 10686.8 -103.544
10617.4 -104.846 10706 -97.0355
10637.2 -86.6215 10726.4 -87.9232
10656.1 -98.3372 10743.9 -102.243
10675.1 -81.4144 10764.4 -104.846
10694.9 -85.3197 10782.7 -108.751
10713.3 -56.6811 10803.7 -100.941
10733.1 -108.751 10823.3 -102.243
10753.6 -112.657 10842.2 -102.243
10771.6 -87.9232 10861.8 -80.1127
10791.8 -89.225 10880.7 -100.941
10811.6 -76.2074 10901.5 -112.657
10830.6 -125.674 10920.1 -116.562
10850.1 -94.432 10939.9 -95.7337
10869.6 -68.3969 10958.9 -90.5267
10888.6 -90.5267 10979.6 -107.45
10907.6 -81.4144 10996.5 -107.45
10927.7 -77.5092 11017.5 -107.45
10946.7 -94.432 11036.8 -119.165
10966.2 -82.7162 11056.3 -87.9232
10985.8 -87.9232 11076.2 -136.088
11005.3 -110.053 11095.4 -91.8285
11024.5 -119.165 11113.5 -112.657
11043.8 -107.45 11133.6 -86.6215
11063.9 -113.958 11153.8 -121.769
11081.7 -52.7758 11172.4 -72.3021
11101.9 -95.7337 11193.2 -100.941
11122.3 -71.0004 11211.6 -111.355
11141.5 -108.751 11231.4 -129.579
11160.2 -104.846 11251.8 -116.562
11179.4 -97.0355 11270.5 -125.674
11199.6 -90.5267 11290 -108.751
11219.1 -76.2074 11309 -115.26
11237.5 -97.0355 11328 -99.639
11257.1 -72.3021 11347.8 -68.3969
11276.9 -91.8285 11367.6 -117.864
11295.6 -111.355 11386.9 -119.165
11315.4 -102.243 11407 -136.088
11335.5 -106.148 11425.7 -130.881
11354.8 -94.432 11445.6 -82.7162
11373.2 -112.657 11464.2 -87.9232
11392.7 -115.26 11484.4 -107.45
11412.9 -68.3969 11503.9 -97.0355
11431.8 -65.7934 11522.9 -115.26
11451.7 -120.467 11543.3 -98.3372
11471.2 -97.0355 11562.3 -86.6215
11490.2 -89.225 11580.7 -107.45
11509.5 -94.432 11601.7 -119.165
11529 -84.0179 11620.7 -100.941
11548.3 -86.6215 11639.6 -93.1302
11567.3 -116.562 11659.8 -103.544
11585.9 -86.6215 11678.8 -130.881
11606.4 -77.5092 11698.3 -103.544
11625.6 -91.8285 11717.3 -57.9828
11645.2 -71.0004 11737.1 -74.9056
11664.7 -90.5267 11756.7 -99.639
11684.3 -81.4144 11776.3 -125.674
11703.6 -98.3372 11795.5 -98.3372
11722.5 -47.5688 11814.8 -111.355
11742.4 -111.355 11835.2 -84.0179
11761.7 -106.148 11854.8 -111.355
11781.8 -107.45 11874.4 -119.165
11800.2 -97.0355 11893 -124.372
11820.6 -93.1302 11912.6 -89.225
11839.3 -77.5092 11931.3 -137.39
11858.3 -87.9232 11951.4 -136.088
11878.1 -76.2074 11970.4 -102.243
11896.8 -84.0179 11991.4 -99.639
11916.4 -117.864 12010.1 -97.0355
11936.6 -120.467 12028.8 -67.0951
11956.7 -74.9056 12049.8 -106.148
11974.5 -102.243 12068 -91.8285
11994.1 -82.7162 12087.8 -112.657
12014.2 -116.562 12106.8 -102.243
12033.2 -91.8285 12126.1 -91.8285
12052.5 -98.3372 12146.8 -81.4144
12071.5 -80.1127 12166.4 -106.148
12091 -93.1302 12185.1 -111.355
12110.6 -91.8285 12205.2 -103.544
12129.6 -59.2846 12224.8 -169.934
12149.2 -50.1723 12243.5 -115.26
12169.3 -74.9056 12262.2 -87.9232
12188 -72.3021 12282.1 -99.639
12207.9 -94.432 12302.5 -80.1127
12228 -60.5863 12321.2 -112.657
12245.8 -77.5092 12340.8 -154.313
12266.6 -91.8285 12361 -123.071
12285.3 -106.148 12379.1 -149.106
12305.1 -69.6986 12399.2 -139.993
12324.4 -99.639 12418.8 -108.751
12343.7 -89.225 12438.4 -82.7162
12363 -63.1898 12457.1 -104.846
12382.3 -87.9232 12477 -130.881
12401.9 -77.5092 12496.2 -119.165
12421.4 -81.4144 12515.5 -69.6986
12441.3 -28.0424 12534.8 -73.6039
12460.3 -55.3793 12555 -72.3021
12479.9 -54.0776 12574.6 -99.639
12498.6 -42.3617 12593.9 -97.0355
12518.2 -54.0776 12613.4 -91.8285
12537.7 -29.3442 12632.7 -87.9232
12557 -7.21435 12651.7 -98.3372
12576.9 27.9331 12671.6 -85.3197
12596.8 22.726 12690.6 -110.053
12615.5 20.1225 12709.6 -87.9232
12634.5 -9.81786 12730.7 -82.7162
12654.4 25.3295 12749.4 -89.225
12673.4 4.50145 12768.7 -43.6635
12692.9 85.2103 12788.6 -81.4144
12712 59.1752 12807.6 -46.267
12731.8 91.7191 12826.9 -12.4214
12751.4 31.8383 12846.2 9.70847
12771 17.519 12866 11.0102
12789.7 22.726 12886.5 33.1401
12809.3 73.4945 12906.1 57.8734
12828.9 111.245 12924.2 52.6664
12848.2 93.0208 12944.7 86.5121
12867.8 103.435 12963.4 90.4173
12887.4 37.0453 12982.7 48.7611
12906.1 52.6664 13003.2 59.1752
12925.1 13.6137 13023.1 46.1576
12945.6 102.133 13041.8 -22.8354
12964.6 61.7787 13060.5 -7.21435
12983.9 108.642 13080.7 -33.2495
13003.2 99.5296 13099.7 38.3471
13023.1 63.0805 13119 156.807
13042.1 82.6068 13138.6 56.5717
13062 128.168 13159.1 20.1225
13081 125.565 13177.8 -51.474
13100.6 180.238 13197.7 -31.9477
13119 181.54 13216.7 77.3998
13139.2 162.014 13236.6 81.305
13159.4 150.298 13256 139.884
13177.5 163.316 13275.3 30.5366
13197.4 182.842 13294.9 82.6068
13216.7 234.912 13314.8 59.1752
13235.8 247.93 13333.8 139.884
13255.4 245.326 13353.7 130.772
13274.1 228.403 13373 231.007
13293.7 210.179 13392.6 208.877
13313.3 231.007 13411.3 152.902
13332.9 258.344 13432.1 164.617
13351.9 311.716 13450.8 212.782
13370.9 280.474 13471.3 259.646
13390.5 303.905 13489.8 341.656
13411 286.982 13509.4 339.053
13430.1 296.095 13529.6 306.509
13449.1 292.189 13548.6 328.639
13468.1 365.088 13567.9 313.018
13488.6 402.839 13588.4 339.053
13508.2 427.572 13607.1 400.235
13526.4 440.59 13627.9 447.098
13546.5 426.27 13647.5 465.323
13565.6 427.572 13667.7 454.909
13585.2 453.607 13687.4 477.039
13604.5 539.523 13701.7 461.418
13623.8 581.179 13682.1 483.548
13643.7 615.025 13663 501.772
