4018.86 -184.253 4036.77 -142.597
4003.6 -119.165 4056.14 -134.786
3999.49 -138.692 4075.52 -166.029
4015.34 -90.5267 4094.01 -128.278
4035.01 -138.692 4114.27 -150.407
4054.38 -102.243 4133.65 -180.348
4074.05 -151.709 4153.03 -156.916
4093.72 -119.165 4173.59 -151.709
4113.1 -126.976 4192.38 -143.899
4132.77 -130.881 4211.77 -153.011
4152.44 -159.52 4231.15 -163.425
4172.41 -156.916 4250.54 -164.727
4191.5 -128.278 4270.22 -177.744
4210.3 -146.502 4289.31 -129.579
4229.98 -146.502 4307.82 -159.52
4249.07 -130.881 4328.38 -154.313
4269.04 -133.485 4347.78 -173.839
4288.72 -132.183 4366.87 -166.029
4308.11 -155.615 4385.68 -154.313
4327.21 -147.804 4406.24 -143.899
4347.19 -158.218 4425.05 -121.769
4366.87 -138.692 4444.44 -133.485
4386.85 -146.502 4464.43 -153.011
4405.36 -172.537 4483.53 -166.029
4425.05 -173.839 4502.63 -110.053
4444.44 -137.39 4522.62 -194.667
4464.13 -136.088 4542.01 -138.692
4483.53 -173.839 4561.41 -164.727
4502.93 -133.485 4580.52 -166.029
4521.73 -141.295 4600.51 -156.916
4541.72 -134.786 4620.2 -151.709
4561.12 -150.407 4639.01 -184.253
4581.1 -138.692 4658.41 -158.218
4600.51 -146.502 4677.81 -147.804
4619.02 -137.39 4698.39 -136.088
4638.72 -128.278 4716.91 -176.443
4658.71 -143.899 4736.32 -169.934
4677.81 -138.692 4755.13 -162.123
4697.22 -142.597 4774.53 -156.916
4716.03 -147.804 4794.53 -169.934
4735.43 -121.769 4813.34 -164.727
4754.84 -126.976 4832.75 -154.313
4774.53 -164.727 4853.62 -137.39
4795.11 -98.3372 4872.44 -186.857
4813.93 -133.485 4891.55 -151.709
4832.75 -136.088 4911.54 -189.46
4852.45 -133.485 4930.95 -171.236
4871.85 -173.839 4949.77 -154.313
4890.37 -129.579 4969.76 -163.425
4910.96 -133.485 4989.75 -168.632
4930.65 -180.348 5008.57 -164.727
4950.36 -154.313 5027.68 -128.278
4968.88 -160.822 5046.8 -138.692
4988.87 -167.33 5066.2 -147.804
5007.98 -143.899 5086.2 -146.502
5026.51 -160.822 5105.31 -155.615
5046.5 -132.183 5124.42 -163.425
5066.79 -133.485 5144.42 -198.572
5085.32 -143.899 5164.12 -163.425
5105.6 -133.485 5183.23 -150.407
5124.13 -147.804 5203.52 -159.52
5144.42 -175.141 5221.45 -154.313
5162.94 -141.295 5241.45 -195.969
5182.94 -128.278 5261.74 -158.218
5201.75 -117.864 5280.26 -150.407
5222.34 -153.011 5299.66 -156.916
5240.27 -139.993 5319.95 -150.407
5261.15 -128.278 5338.77 -158.218
5280.55 -149.106 5358.47 -113.958
5298.78 -120.467 5377.58 -156.916
5318.19 -133.485 5397.57 -130.881
5338.18 -112.657 5416.98 -163.425
5357 -153.011 5436.38 -149.106
5377.58 -142.597 5456.08 -129.579
5395.81 -168.632 5475.19 -154.313
5415.51 -136.088 5493.71 -168.632
5434.32 -132.183 5513.11 -145.2
5454.9 -134.786 5533.99 -149.106
5473.43 -137.39 5553.09 -115.26
5493.71 -126.976 5572.2 -182.951
5513.7 -128.278 5591.31 -173.839
5532.81 -139.993 5610.71 -164.727
5551.04 -154.313 5630.7 -142.597
5571.03 -139.993 5649.22 -180.348
5590.72 -130.881 5669.8 -153.011
5610.71 -141.295 5689.19 -172.537
5629.52 -139.993 5708.01 -160.822
5648.63 -149.106 5728.58 -116.562
5669.21 -126.976 5747.68 -142.597
5689.19 -139.993 5766.79 -139.993
5706.54 -146.502 5786.77 -162.123
5727.11 -151.709 5805.58 -160.822
5746.8 -136.088 5825.27 -136.088
5766.2 -137.39 5844.37 -133.485
5785.3 -169.934 5864.65 -143.899
5804.7 -142.597 5884.04 -168.632
5823.51 -112.657 5903.14 -158.218
5842.9 -111.355 5922.24 -143.899
5862.3 -107.45 5941.34 -159.52
5881.4 -115.26 5960.44 -162.123
5900.79 -143.899 5981.01 -176.443
5920.19 -141.295 6000.69 -129.579
5939.58 -136.088 6018.91 -160.822
5959.27 -158.218 6038.59 -125.674
5978.95 -141.295 6058.57 -153.011
5998.05 -124.372 6077.37 -159.52
6017.73 -158.218 6096.46 -195.969
6036.53 -97.0355 6116.73 -121.769
6057.69 -146.502 6135.82 -164.727
6075.9 -138.692 6155.8 -162.123
6095.29 -125.674 6175.18 -184.253
6114.09 -145.2 6194.86 -151.709
6133.47 -146.502 6214.24 -179.046
6153.15 -116.562 6233.04 -166.029
6172.54 -153.011 6252.42 -134.786
6192.51 -120.467 6272.39 -167.33
6212.48 -136.088 6291.48 -154.313
6231.57 -133.485 6310.57 -162.123
6250.07 -126.976 6330.53 -121.769
6270.04 -132.183 6349.32 -166.029
6289.72 -159.52 6369.58 -142.597
6309.39 -143.899 6389.25 -176.443
6327.89 -158.218 6408.04 -175.141
6347.56 -171.236 6428.89 -162.123
6366.94 -172.537 6446.79 -138.692
6386.32 -125.674 6466.75 -181.65
6405.69 -132.183 6486.42 -176.443
6425.36 -116.562 6505.79 -146.502
6444.74 -134.786 6524.28 -123.071
6464.7 -141.295 6544.24 -163.425
6484.37 -143.899 6563.9 -158.218
6502.86 -156.916 6583.86 -150.407
6522.23 -150.407 6602.64 -159.52
6541.6 -128.278 6622.6 -159.52
6560.68 -116.562 6641.08 -136.088
6580.93 -128.278 6661.62 -171.236
6600.29 -150.407 6680.99 -167.33
6619.07 -138.692 6700.35 -143.899
6639.03 -126.976 6718.83 -149.106
6658.39 -141.295 6739.08 -119.165
6678.35 -133.485 6758.73 -112.657
6696.54 -153.011 6777.8 -167.33
6716.49 -162.123 6796.87 -155.615
6736.44 -126.976 6817.1 -123.071
6755.8 -163.425 6836.46 -143.899
6775.16 -156.916 6855.52 -136.088
6793.35 -124.372 6874.88 -145.2
6813.88 -143.899 6895.12 -156.916
6833.24 -126.976 6914.18 -150.407
6852.89 -112.657 6932.94 -162.123
6871.66 -124.372 6952.59 -136.088
6891.01 -160.822 6973.41 -179.046
6910.95 -119.165 6992.76 -149.106
6929.72 -124.372 7011.52 -173.839
6950.54 -132.183 7030.87 -172.537
6969.01 -119.165 7051.1 -171.236
6988.07 -156.916 7069.57 -142.597
7007.71 -133.485 7089.21 -138.692
7027.06 -117.864 7108.55 -120.467
7045.82 -141.295 7127.9 -146.502
7066.34 -136.088 7147.54 -175.141
7085.4 -115.26 7167.17 -142.597
7104.16 -132.183 7185.63 -158.218
7123.8 -124.372 7205.56 -149.106
7143.14 -149.106 7225.49 -153.011
7163.36 -139.993 7244.83 -129.579
7181.82 -138.692 7264.16 -150.407
7200.87 -137.39 7282.92 -134.786
7220.21 -143.899 7301.96 -154.313
7240.73 -124.372 7322.17 -167.33
7259.77 -149.106 7341.51 -149.106
7279.99 -166.029 7360.84 -115.26
7298.15 -145.2 7380.47 -137.39
7317.49 -167.33 7398.63 -134.786
7337.11 -142.597 7419.13 -146.502
7356.16 -120.467 7438.75 -156.916
7376.07 -166.029 7459.55 -179.046
7395.41 -138.692 7478.58 -180.348
7415.32 -172.537 7496.74 -130.881
7434.65 -162.123 7516.94 -128.278
7454.28 -154.313 7536.56 -129.579
7473.31 -136.088 7555.89 -158.218
7492.64 -137.39 7575.51 -130.881
7511.67 -147.804 7593.95 -117.864
7531.88 -107.45 7614.15 -132.183
7551.2 -167.33 7633.47 -121.769
7571.11 -154.313 7652.79 -104.846
7589.56 -130.881 7672.11 -130.881
7609.47 -121.769 7692.01 -149.106
7628.49 -132.183 7711.33 -160.822
7648.4 -153.011 7730.36 -158.218
7667.14 -133.485 7750.26 -141.295
7687.04 -149.106 7769.57 -139.993
7706.36 -134.786 7788.6 -146.502
7726.26 -156.916 7808.2 -175.141
7745.58 -130.881 7828.1 -150.407
7764.89 -112.657 7847.41 -136.088
7783.03 -113.958 7867.31 -146.502
7803.81 -147.804 7886.03 -125.674
7822.83 -167.33 7905.63 -121.769
7842.73 -181.65 7924.94 -160.822
7862.04 -139.993 7945.13 -139.993
7881.35 -126.976 7964.72 -139.993
7899.49 -120.467 7982.86 -167.33
7919.97 -137.39 8003.33 -145.2
7939.57 -155.615 8021.47 -154.313
7958.58 -111.355 8041.65 -166.029
7978.47 -159.52 8061.54 -124.372
7998.07 -159.52 8080.84 -129.579
8016.79 -177.744 8100.14 -158.218
8036.68 -134.786 8119.73 -166.029
8055.69 -149.106 8138.74 -153.011
8075.57 -134.786 8158.91 -162.123
8095.17 -160.822 8177.92 -132.183
8114.17 -158.218 8196.92 -150.407
8133.18 -123.071 8215.93 -155.615
8152.19 -113.958 8236.1 -150.407
8172.07 -129.579 8255.98 -110.053
8191.07 -128.278 8275.56 -167.33
8211.54 -125.674 8294.27 -158.218
8230.54 -162.123 8314.44 -142.597
8250.13 -142.597 8333.15 -151.709
8268.84 -137.39 8353.9 -138.692
8287.84 -124.372 8372.9 -130.881
8307.42 -134.786 8392.77 -149.106
8327.3 -126.976 8410.89 -133.485
8347.47 -119.165 8430.47 -129.579
8366.76 -153.011 8450.34 -130.881
8386.34 -129.579 8469.62 -99.639
8404.75 -120.467 8489.49 -134.786
8423.75 -142.597 8508.19 -162.123
8443.91 -128.278 8527.18 -139.993
8462.61 -138.692 8547.34 -155.615
8482.48 -151.709 8566.92 -143.899
8501.77 -151.709 8586.49 -149.106
8521.05 -151.709 8606.07 -145.2
8540.63 -158.218 8625.05 -146.502
8560.2 -138.692 8644.04 -147.804
8579.19 -154.313 8663.61 -158.218
8599.35 -121.769 8683.48 -190.762
8618.33 -125.674 8703.05 -169.934
8637.61 -154.313 8722.61 -162.123
8657.19 -123.071 8741.89 -128.278
8676.47 -132.183 8761.17 -123.071
8696.33 -130.881 8779.57 -163.425
8715.31 -133.485 8800.59 -159.52
8733.42 -134.786 8818.99 -150.407
8753.86 -132.183 8838.56 -155.615
8774.02 -142.597 8857.53 -132.183
8793.29 -149.106 8878.56 -123.071
8811.98 -158.218 8897.25 -153.011
8831.84 -137.39 8916.81 -134.786
8851.4 -94.432 8936.08 -142.597
8870.68 -126.976 8955.64 -159.52
8890.53 -150.407 8974.62 -173.839
8908.93 -126.976 8994.76 -139.993
8927.91 -132.183 9013.74 -124.372
8948.64 -106.148 9033.88 -139.993
8967.91 -159.52 9052.27 -138.692
8987.17 -121.769 9072.42 -159.52
9005.86 -120.467 9090.51 -136.088
9026.29 -126.976 9110.65 -138.692
9045.27 -177.744 9130.5 -116.562
9064.83 -166.029 9150.35 -162.123
9083.51 -164.727 9170.49 -177.744
9103.36 -145.2 9190.05 -190.762
9123.21 -113.958 9208.73 -172.537
9142.18 -153.011 9228.28 -164.727
9161.74 -153.011 9247.83 -186.857
9181.29 -147.804 9267.68 -136.088
9200.85 -154.313 9286.65 -129.579
9219.82 -141.295 9305.62 -154.313
9239.37 -126.976 9325.17 -162.123
9258.05 -124.372 9344.14 -158.218
9278.77 -147.804 9363.98 -175.141
9298.03 -171.236 9384.12 -159.52
9316.71 -164.727 9403.08 -147.804
9336.84 -137.39 9422.34 -153.011
9356.39 -130.881 9441.6 -167.33
9374.78 -115.26 9461.73 -155.615
9395.2 -121.769 9480.7 -175.141
9414.46 -150.407 9499.95 -172.537
9433.43 -160.822 9520.38 -162.123
9454.14 -137.39 9539.34 -141.295
9471.94 -123.071 9558.01 -175.141
9491.49 -142.597 9579.02 -125.674
9510.46 -117.864 9597.69 -121.769
9530 -116.562 9616.94 -150.407
9550.13 -117.864 9636.2 -153.011
9569.97 -153.011 9656.03 -139.993
9588.35 -143.899 9675.29 -120.467
9607.9 -138.692 9695.13 -139.993
9628.03 -103.544 9714.96 -141.295
9646.41 -121.769 9734.22 -160.822
9666.54 -121.769 9753.18 -192.064
9686.08 -125.674 9772.14 -145.2
9705.34 -121.769 9792.56 -145.2
9724.3 -100.941 9811.52 -163.425
9743.26 -125.674 9830.77 -139.993
9763.68 -111.355 9850.89 -150.407
9782.64 -163.425 9870.15 -145.2
9802.77 -138.692 9888.52 -177.744
9822.6 -124.372 9909.23 -164.727
9840.98 -107.45 9927.31 -159.52
9860.23 -77.5092 9948.31 -169.934
9879.19 -106.148 9967.86 -167.33
9898.44 -125.674 9986.52 -155.615
9917.69 -141.295 10005.5 -180.348
9938.4 -123.071 10025.6 -153.011
9957.65 -128.278 10045.1 -150.407
9977.19 -149.106 10065 -137.39
9996.15 -159.52 10083.6 -145.2
10016.3 -132.183 10103.5 -156.916
10035.2 -116.562 10121.6 -141.295
10054.8 -134.786 10141.4 -156.916
10074.3 -164.727 10162.1 -121.769
10093.3 -121.769 10181.1 -151.709
10112.2 -126.976 10200 -138.692
10132.1 -146.502 10220.1 -120.467
10151.3 -133.485 10239.1 -125.674
10170.6 -146.502 10259.2 -121.769
10190.1 -150.407 10278.2 -156.916
10209.6 -159.52 10298 -169.934
10228.9 -139.993 10317.3 -128.278
10249 -132.183 10337.4 -168.632
10268 -108.751 10356.3 -117.864
10287.2 -139.993 10376.2 -181.65
10306.5 -128.278 10395.7 -158.218
10326.3 -133.485 10414.1 -150.407
10344.7 -129.579 10434.8 -166.029
10365.1 -115.26 10453.2 -129.579
10384 -115.26 10472.4 -128.278
10403 -133.485 10492.5 -143.899
10422.3 -120.467 10511.8 -164.727
10442.4 -141.295 10531.3 -181.65
10461.6 -153.011 10550 -176.443
10481.2 -136.088 10569.8 -113.958
10500.1 -125.674 10590.2 -133.485
10519.7 -136.088 10609.2 -133.485
10539.8 -117.864 10627.9 -158.218
10557.6 -149.106 10648.9 -113.958
10578.3 -163.425 10666.9 -156.916
10596.9 -137.39 10687.4 -146.502
10616.8 -163.425 10705.1 -168.632
10636.3 -132.183 10725 -141.295
10655.6 -136.088 10746 -149.106
10675.1 -139.993 10764.4 -134.786
10693.8 -136.088 10783.9 -103.544
10713.9 -137.39 10804.6 -136.088
10732.9 -132.183 10823 -156.916
10752.4 -147.804 10841.4 -189.46
10772.2 -123.071 10862.4 -166.029
10791.8 -116.562 10881.3 -121.769
10810.4 -134.786 10900.9 -150.407
10830 -142.597 10920.1 -166.029
10849.8 -146.502 10939.1 -181.65
10868.8 -151.709 10958.6 -189.46
10889.2 -141.295 10978.5 -188.158
10908.5 -106.148 10997.7 -155.615
10927.1 -115.26 11017.3 -143.899
10947.2 -102.243 11036.8 -150.407
10966.8 -130.881 11056.6 -164.727
10984.9 -129.579 11075.9 -192.064
11005.9 -139.993 11095.4 -160.822
11024.8 -133.485 11114.7 -128.278
11044.7 -124.372 11133.6 -163.425
11063.9 -103.544 11153.5 -145.2
11082.6 -126.976 11172.7 -119.165
11101.9 -126.976 11192.6 -159.52
11120.8 -164.727 11212.1 -162.123
11141.2 -159.52 11231.1 -149.106
11159.9 -120.467 11250.1 -182.951
11179.2 -104.846 11270.2 -168.632
11199.6 -120.467 11289.7 -136.088
11218.8 -84.0179 11309 -103.544
11237.2 -104.846 11328.8 -138.692
11257.4 -117.864 11347.8 -154.313
11276.3 -138.692 11367.4 -188.158
11296.5 -103.544 11386.9 -172.537
11315.4 -95.7337 11406.5 -164.727
11335.5 -108.751 11426 -136.088
11353.9 -98.3372 11445 -129.579
11373.8 -73.6039 11464.8 -186.857
11392.5 -128.278 11484.1 -156.916
11412.3 -125.674 11504.8 -182.951
11432.1 -103.544 11523.5 -163.425
11450.8 -110.053 11543 -168.632
11470.7 -115.26 11562 -146.502
11490.2 -160.822 11581.6 -132.183
11509.8 -102.243 11601.4 -142.597
11529 -117.864 11620.7 -154.313
11547.7 -154.313 11639.9 -153.011
11567.6 -120.467 11660.1 -134.786
11586.8 -159.52 11678.5 -166.029
11606.1 -100.941 11698.3 -146.502
11624.8 -136.088 11717.9 -155.615
11645.2 -132.183 11736.9 -132.183
11664.2 -133.485 11757.3 -169.934
11683.7 -121.769 11776.6 -126.976
11703.3 -150.407 11794.7 -149.106
11722.5 -125.674 11815.7 -141.295
11742.1 -134.786 11834.6 -154.313
11761.7 -126.976 11853.6 -113.958
11780.9 -113.958 11874.6 -142.597
11800.2 -129.579 11893.6 -154.313
11820 -133.485 11912 -175.141
11839.3 -129.579 11931.9 -186.857
11857.7 -128.278 11951.7 -132.183
11877.9 -153.011 11971.3 -134.786
11896.8 -133.485 11990 -142.597
11916.4 -112.657 12010.1 -142.597
11936 -113.958 12028.8 -107.45
11955.5 -130.881 12048.1 -175.141
11975.1 -115.26 12069.4 -167.33
11994.1 -115.26 12088.4 -163.425
12014.2 -128.278 12107.4 -153.011
12033.2 -130.881 12125.8 -171.236
12052.2 -107.45 12146.5 -156.916
12071.2 -158.218 12166.1 -147.804
12091.6 -139.993 12184.8 -145.2
12110.6 -138.692 12204.4 -158.218
12130.8 -128.278 12223.3 -155.615
12149.4 -112.657 12243.8 -162.123
12169.3 -94.432 12263.4 -143.899
12187.7 -141.295 12282.4 -153.011
12207.9 -124.372 12301.6 -136.088
12226.6 -130.881 12321.2 -153.011
12247 -130.881 12341.1 -134.786
12266.3 -120.467 12360.7 -93.1302
12285.3 -136.088 12379.6 -179.046
12304.9 -113.958 12399.2 -164.727
12324.4 -115.26 12418.5 -159.52
12343.4 -94.432 12437.5 -134.786
12362.7 -129.579 12458.3 -155.615
12382.9 -142.597 12476.7 -153.011
12401.3 -112.657 12497.1 -158.218
12421.4 -115.26 12516.1 -129.579
12441.3 -149.106 12534.5 -103.544
12460.6 -77.5092 12555 -146.502
12479 -65.7934 12574.3 -126.976
12499.2 -87.9232 12593.3 -130.881
12518.4 -89.225 12612.9 -153.011
12538 -89.225 12632.1 -137.39
12556.5 -59.2846 12651.7 -128.278
12576.3 -47.5688 12671.9 -112.657
12595.9 -42.3617 12690.9 -89.225
12615.5 -46.267 12710.8 -85.3197
12633.9 -44.9653 12730.1 -82.7162
12653.8 -67.0951 12749.7 -91.8285
12673.1 -68.3969 12768.7 -37.1547
12692.9 0.596186 12788.9 -31.9477
12712 13.6137 12807.9 -55.3793
12731 25.3295 12827.4 -50.1723
12751.1 9.70847 12846.7 -50.1723
12770.1 13.6137 12866.3 -33.2495
12789.4 -3.30908 12885 5.80321
12809 9.70847 12904.6 7.10496
12828.6 70.891 12924.2 -3.30908
12847.3 61.7787 12945 16.2173
12867.2 53.9682 12964 9.70847
12886.8 48.7611 12982.7 44.8559
12905.2 9.70847 13003.2 38.3471
12925.1 70.891 13021.9 25.3295
12944.1 69.5892 13041.8 27.9331
12964.6 138.582 13061.4 73.4945
12984.2 120.358 13081.3 53.9682
13003.2 122.961 13100.3 38.3471
13023.1 120.358 13119.3 47.4594
13041.5 137.281 13138.3 77.3998
13060.8 135.979 13158.5 -2.00733
13080.7 146.393 13177.8 42.2524
13099.7 167.221 13197.4 30.5366
13119 212.782 13216.7 35.7436
13138.6 176.333 13235.8 18.8208
13158.2 189.351 13254.8 37.0453
13177.3 152.902 13275 33.1401
13196.6 159.41 13295.5 39.6489
13217.3 198.463 13313.9 42.2524
13235.8 202.368 13334.1 56.5717
13255.4 207.575 13353.7 89.1156
13274.1 191.954 13372.7 135.979
13294.3 184.144 13393.2 90.4173
13313.9 197.161 13411.3 104.737
13332.9 193.256 13431.5 95.6243
13351 244.025 13450.5 126.866
13371.8 251.835 13470.4 159.41
13391.1 279.172 13490.3 164.617
13409.9 294.793 13510.3 193.256
13430.9 259.646 13529 184.144
13448.8 266.154 13549.2 184.144
13468.1 296.095 13568.2 198.463
13488 309.112 13587.8 234.912
13506.7 357.277 13607.1 270.06
13528.1 387.218 13627.6 309.112
13546.5 348.165 13647 348.165
13565.6 357.277 13668 326.035
13584.9 402.839 13687.9 328.639
13604.5 417.158 13701.4 302.604
13623.5 448.4 13682.1 384.614
13642.8 482.246 13662.5 410.649
