4019.16 -108.751 4037.06 -142.597
4003.6 -115.26 4056.44 -145.2
4000.08 -113.958 4075.22 -180.348
4015.05 -103.544 4094.31 -160.822
4034.72 -111.355 4113.98 -188.158
4054.38 -142.597 4133.95 -173.839
4074.64 -147.804 4153.03 -167.33
4094.6 -126.976 4172.12 -154.313
4113.1 -143.899 4192.38 -171.236
4133.07 -102.243 4211.18 -158.218
4151.86 -116.562 4229.98 -145.2
4171.83 -143.899 4250.54 -158.218
4191.21 -112.657 4269.92 -168.632
4210.3 -153.011 4288.72 -136.088
4230.57 -142.597 4308.41 -141.295
4248.78 -133.485 4327.8 -153.011
4269.04 -107.45 4347.19 -164.727
4288.43 -112.657 4366.87 -167.33
4307.82 -104.846 4386.26 -188.158
4328.09 -117.864 4405.95 -145.2
4347.48 -125.674 4424.76 -151.709
4366.58 -134.786 4445.03 -132.183
4386.26 -146.502 4464.43 -182.951
4405.66 -115.26 4483.82 -180.348
4424.17 -108.751 4503.22 -154.313
4443.56 -126.976 4522.32 -175.141
4463.55 -112.657 4542.01 -173.839
4482.94 -132.183 4562.3 -145.2
4502.04 -143.899 4580.52 -155.615
4522.91 -129.579 4600.21 -186.857
4542.01 -128.278 4619.61 -160.822
4561.12 -95.7337 4639.89 -158.218
4580.52 -112.657 4658.12 -171.236
4599.62 -107.45 4678.11 -172.537
4619.32 -139.993 4698.1 -167.33
4638.13 -132.183 4716.91 -164.727
4659 -126.976 4736.02 -119.165
4677.23 -80.1127 4755.72 -160.822
4698.39 -125.674 4774.53 -176.443
4716.33 -115.26 4794.23 -172.537
4735.73 -117.864 4813.93 -142.597
4756.01 -134.786 4832.75 -146.502
4774.83 -113.958 4852.74 -159.52
4794.82 -121.769 4872.73 -156.916
4814.22 -154.313 4892.43 -185.555
4833.63 -134.786 4911.25 -173.839
4852.45 -110.053 4930.07 -159.52
4871.85 -123.071 4950.06 -159.52
4891.26 -132.183 4969.76 -197.271
4911.25 -123.071 4988.58 -145.2
4929.18 -136.088 5007.98 -184.253
4948.88 -132.183 5026.8 -137.39
4969.47 -134.786 5046.5 -164.727
4988.58 -133.485 5066.79 -195.969
5006.81 -136.088 5086.49 -141.295
5027.39 -126.976 5105.9 -126.976
5046.5 -120.467 5124.42 -145.2
5065.61 -116.562 5144.42 -150.407
5085.61 -116.562 5165 -184.253
5105.31 -128.278 5183.53 -160.822
5123.54 -113.958 5202.64 -151.709
5144.12 -121.769 5221.75 -151.709
5163.53 -86.6215 5241.74 -123.071
5182.35 -123.071 5261.15 -119.165
5202.64 -104.846 5280.85 -150.407
5220.87 -117.864 5300.55 -143.899
5240.86 -139.993 5319.37 -124.372
5260.27 -98.3372 5338.77 -162.123
5279.67 -112.657 5357.88 -143.899
5299.66 -129.579 5378.76 -215.495
5318.78 -126.976 5396.98 -146.502
5337.89 -150.407 5416.98 -179.046
5357.59 -126.976 5435.79 -167.33
5377.58 -126.976 5454.61 -156.916
5396.4 -124.372 5475.48 -172.537
5415.8 -100.941 5494.59 -171.236
5435.79 -126.976 5513.41 -111.355
5454.32 -132.183 5533.4 -163.425
5472.84 -116.562 5553.68 -130.881
5493.42 -119.165 5571.03 -149.106
5512.82 -132.183 5591.6 -129.579
5532.22 -167.33 5611.59 -164.727
5550.45 -139.993 5630.99 -151.709
5571.32 -130.881 5649.22 -150.407
5590.72 -160.822 5670.09 -124.372
5610.42 -119.165 5689.78 -155.615
5628.64 -121.769 5708.01 -164.727
5649.22 -149.106 5727.99 -130.881
5667.74 -106.148 5747.1 -137.39
5687.72 -117.864 5767.38 -137.39
5707.42 -141.295 5786.48 -168.632
5726.23 -117.864 5805.88 -146.502
5745.92 -145.2 5824.68 -167.33
5765.9 -153.011 5844.96 -143.899
5785.89 -116.562 5864.94 -154.313
5804.11 -97.0355 5882.57 -139.993
5823.21 -121.769 5902.56 -169.934
5843.2 -137.39 5921.95 -141.295
5862.01 -133.485 5941.64 -158.218
5882.28 -155.615 5961.03 -136.088
5900.79 -130.881 5980.13 -195.969
5920.19 -138.692 5999.52 -128.278
5940.17 -107.45 6020.38 -155.615
5959.27 -123.071 6039.18 -177.744
5978.66 -134.786 6058.27 -145.2
5997.75 -130.881 6078.25 -145.2
6016.56 -123.071 6097.05 -154.313
6036.83 -149.106 6116.14 -154.313
6055.92 -121.769 6136.12 -169.934
6076.78 -126.976 6156.68 -151.709
6094.41 -132.183 6174.6 -182.951
6114.97 -151.709 6194.27 -172.537
6134.06 -128.278 6213.95 -151.709
6153.74 -149.106 6232.75 -138.692
6173.13 -115.26 6253.3 -167.33
6192.51 -82.7162 6272.39 -175.141
6211.6 -149.106 6291.48 -154.313
6231.57 -151.709 6311.45 -115.26
6249.49 -119.165 6330.53 -169.934
6269.45 -128.278 6350.5 -141.295
6290.01 -160.822 6369.88 -156.916
6308.51 -86.6215 6388.96 -137.39
6328.18 -106.148 6408.63 -159.52
6347.27 -124.372 6427.71 -147.804
6366.35 -132.183 6446.5 -145.2
6386.9 -160.822 6466.75 -153.011
6405.99 -132.183 6485.83 -154.313
6425.36 -138.692 6505.79 -117.864
6445.03 -123.071 6525.75 -171.236
6464.4 -123.071 6544.24 -171.236
6483.48 -130.881 6564.2 -166.029
6502.86 -120.467 6582.98 -150.407
6522.23 -137.39 6602.64 -134.786
6541.31 -125.674 6622.3 -156.916
6561.85 -139.993 6642.55 -143.899
6580.04 -95.7337 6661.62 -164.727
6599.71 -95.7337 6681.28 -162.123
6619.66 -115.26 6699.76 -176.443
6639.03 -102.243 6719.71 -155.615
6658.98 -164.727 6739.37 -123.071
6677.76 -151.709 6759.02 -128.278
6697.12 -149.106 6778.09 -173.839
6716.78 -125.674 6797.74 -149.106
6736.44 -137.39 6815.93 -171.236
6754.92 -137.39 6836.17 -146.502
6774.86 -129.579 6855.52 -146.502
6793.93 -138.692 6875.47 -159.52
6814.17 -112.657 6894.24 -129.579
6832.65 -133.485 6913.88 -155.615
6852.59 -142.597 6933.82 -154.313
6871.66 -115.26 6953.18 -153.011
6891.31 -141.295 6972.53 -150.407
6910.66 -146.502 6992.47 -194.667
6930.89 -137.39 7010.94 -163.425
6949.95 -137.39 7030.87 -179.046
6968.72 -173.839 7050.51 -142.597
6988.36 -121.769 7070.15 -182.951
7008.01 -134.786 7089.8 -142.597
7026.77 -138.692 7107.97 -138.692
7045.53 -149.106 7127.9 -153.011
7065.76 -138.692 7147.54 -146.502
7085.69 -137.39 7166 -163.425
7103.86 -130.881 7186.22 -171.236
7124.09 -119.165 7205.85 -146.502
7143.14 -126.976 7224.9 -186.857
7162.77 -106.148 7243.65 -159.52
7181.24 -132.183 7263.58 -149.106
7201.46 -155.615 7282.62 -126.976
7221.68 -107.45 7302.84 -141.295
7241.02 -138.692 7321.88 -176.443
7259.48 -146.502 7341.51 -177.744
7279.4 -125.674 7360.55 -128.278
7299.03 -120.467 7380.47 -163.425
7317.78 -117.864 7400.68 -169.934
7337.7 -132.183 7419.13 -179.046
7355.57 -139.993 7439.34 -164.727
7376.07 -134.786 7458.67 -134.786
7395.99 -142.597 7477.71 -168.632
7415.32 -134.786 7497.62 -147.804
7434.65 -171.236 7516.36 -155.615
7454.28 -82.7162 7536.27 -155.615
7472.73 -117.864 7555.3 -154.313
7492.64 -99.639 7575.21 -151.709
7512.26 -141.295 7593.95 -156.916
7532.17 -143.899 7614.15 -167.33
7551.5 -145.2 7633.47 -150.407
7570.82 -141.295 7653.67 -146.502
7588.68 -119.165 7672.7 -156.916
7609.76 -138.692 7692.01 -138.692
7627.91 -120.467 7711.33 -147.804
7648.4 -124.372 7730.06 -154.313
7667.72 -115.26 7751.14 -186.857
7687.04 -139.993 7769.57 -149.106
7706.65 -138.692 7789.18 -176.443
7725.38 -141.295 7807.91 -171.236
7744.99 -121.769 7828.39 -184.253
7764.31 -130.881 7847.7 -169.934
7784.5 -142.597 7866.72 -160.822
7803.52 -125.674 7886.32 -167.33
7822.25 -141.295 7906.22 -133.485
7841.85 -130.881 7924.94 -162.123
7862.04 -132.183 7944.83 -130.881
7881.06 -134.786 7964.43 -151.709
7900.66 -159.52 7982.57 -176.443
7920.26 -107.45 8002.75 -168.632
7939.57 -112.657 8021.76 -168.632
7958.58 -120.467 8041.65 -171.236
7977.6 -138.692 8061.54 -172.537
7997.48 -123.071 8080.25 -128.278
8017.08 -124.372 8100.14 -158.218
8036.97 -145.2 8120.31 -134.786
8055.69 -130.881 8138.74 -164.727
8074.7 -143.899 8157.74 -126.976
8095.46 -139.993 8178.21 -163.425
8113.88 -128.278 8197.51 -168.632
8133.47 -119.165 8217.1 -171.236
8153.06 -117.864 8236.39 -151.709
8172.07 -145.2 8256.85 -133.485
8191.66 -126.976 8275.27 -156.916
8211.54 -134.786 8295.44 -147.804
8229.96 -117.864 8313.56 -133.485
8249.84 -117.864 8333.15 -150.407
8269.42 -113.958 8353.02 -155.615
8288.42 -134.786 8372.02 -142.597
8308.01 -164.727 8391.6 -130.881
8327.59 -143.899 8411.47 -146.502
8346.59 -119.165 8431.05 -156.916
8365.88 -80.1127 8450.63 -145.2
8385.17 -134.786 8468.75 -149.106
8404.46 -99.639 8490.08 -132.183
8424.33 -173.839 8508.49 -139.993
8443.03 -106.148 8527.48 -155.615
8463.2 -128.278 8547.05 -159.52
8483.65 -102.243 8566.92 -171.236
8501.77 -107.45 8586.49 -159.52
8520.47 -106.148 8606.36 -208.986
8539.46 -151.709 8625.05 -169.934
8560.2 -158.218 8644.63 -147.804
8579.48 -130.881 8663.61 -149.106
8599.35 -149.106 8683.77 -159.52
8617.46 -145.2 8702.17 -164.727
8637.61 -159.52 8722.32 -166.029
8656.89 -120.467 8741.31 -154.313
8676.17 -120.467 8761.17 -141.295
8695.74 -126.976 8781.32 -171.236
8715.02 -149.106 8800.59 -123.071
8734.59 -154.313 8819.57 -173.839
8753.86 -124.372 8839.72 -160.822
8774.02 -120.467 8858.41 -146.502
8792.71 -115.26 8877.98 -177.744
8813.15 -89.225 8898.12 -168.632
8831.55 -130.881 8916.81 -164.727
8851.99 -154.313 8935.79 -141.295
8871.55 -128.278 8955.93 -163.425
8889.65 -141.295 8974.62 -142.597
8909.22 -116.562 8994.47 -142.597
8929.07 -106.148 9013.15 -139.993
8948.34 -106.148 9033.59 -149.106
8967.91 -130.881 9053.44 -150.407
8987.47 -137.39 9072.71 -151.709
9006.73 -137.39 9092.27 -139.993
9025.42 -149.106 9110.95 -169.934
9044.68 -133.485 9131.09 -150.407
9065.41 -95.7337 9149.19 -141.295
9084.68 -134.786 9169.62 -137.39
9103.07 -147.804 9188.59 -151.709
9122.62 -164.727 9208.14 -155.615
9142.18 -147.804 9227.99 -146.502
9162.03 -153.011 9248.13 -143.899
9181.58 -111.355 9266.51 -147.804
9201.14 -91.8285 9286.65 -153.011
9220.4 -134.786 9305.33 -149.106
9239.08 -128.278 9325.17 -173.839
9258.63 -136.088 9344.14 -125.674
9278.19 -149.106 9363.4 -129.579
9297.74 -129.579 9382.95 -130.881
9317.58 -120.467 9404.25 -158.218
9336.55 -108.751 9422.92 -171.236
9356.69 -119.165 9441.31 -173.839
9375.36 -132.183 9462.02 -138.692
9394.62 -126.976 9480.4 -159.52
9414.46 -112.657 9500.24 -164.727
9433.72 -106.148 9519.5 -169.934
9453.56 -123.071 9538.46 -184.253
9472.82 -108.751 9558.89 -136.088
9491.49 -172.537 9579.02 -154.313
9511.04 -128.278 9596.81 -179.046
9530.59 -117.864 9616.94 -138.692
9550.72 -123.071 9636.49 -141.295
9569.68 -108.751 9655.74 -167.33
9588.35 -136.088 9675.29 -160.822
9609.07 -134.786 9694.25 -194.667
9628.03 -154.313 9714.96 -163.425
9646.41 -139.993 9733.34 -143.899
9665.95 -107.45 9753.47 -143.899
9685.5 -149.106 9772.72 -167.33
9704.17 -142.597 9792.85 -150.407
9724.01 -112.657 9811.52 -169.934
9743.55 -138.692 9830.77 -138.692
9762.51 -130.881 9850.89 -141.295
9782.64 -158.218 9869.27 -129.579
9801.89 -155.615 9889.11 -126.976
9821.72 -147.804 9908.65 -189.46
9840.1 -126.976 9927.61 -143.899
9860.23 -110.053 9948.02 -160.822
9880.35 -128.278 9966.98 -168.632
9898.73 -108.751 9985.94 -147.804
9917.98 -149.106 10005.5 -150.407
9937.52 -117.864 10025.6 -147.804
9957.36 -99.639 10044.9 -167.33
9976.9 -143.899 10065 -163.425
9995.27 -134.786 10083.3 -142.597
10015.1 -95.7337 10104.1 -164.727
10034.9 -126.976 10121.9 -153.011
10053.9 -136.088 10143.1 -166.029
10073.4 -100.941 10161.8 -162.123
10093.3 -95.7337 10180.8 -146.502
10112.2 -130.881 10200.9 -173.839
10132.4 -86.6215 10220.1 -138.692
10150.1 -115.26 10238.2 -169.934
10171.1 -126.976 10259.2 -158.218
10190.1 -134.786 10279 -184.253
10209.3 -151.709 10297.1 -153.011
10228.6 -129.579 10317 -179.046
10248.4 -166.029 10337.4 -168.632
10267.7 -124.372 10356 -166.029
10286.6 -121.769 10376.2 -121.769
10306.8 -142.597 10395.1 -150.407
10325.7 -110.053 10414.1 -156.916
10345 -151.709 10433.9 -136.088
10364.8 -164.727 10454.3 -150.407
10383.2 -119.165 10472.7 -185.555
10403.3 -142.597 10492.8 -158.218
10422.5 -108.751 10512.1 -151.709
10441.8 -143.899 10530.7 -156.916
10461.9 -125.674 10550.3 -133.485
10481.5 -138.692 10569.8 -129.579
10500.1 -151.709 10590.5 -130.881
10520.2 -124.372 10608.9 -115.26
10540.1 -129.579 10628.7 -156.916
10559 -123.071 10648 -128.278
10578.3 -124.372 10667.2 -113.958
10597.5 -115.26 10687.6 -132.183
10617.1 -139.993 10706.6 -163.425
10635.4 -141.295 10725.3 -138.692
10655.9 -166.029 10745.7 -120.467
10674.8 -115.26 10764.6 -136.088
10693.5 -121.769 10784.2 -143.899
10713.6 -138.692 10803.7 -163.425
10733.1 -156.916 10823.3 -141.295
10753.6 -117.864 10842.2 -155.615
10772.8 -132.183 10862.1 -146.502
10791.5 -133.485 10881.6 -160.822
10811 -126.976 10900.6 -134.786
10831.1 -108.751 10920.7 -153.011
10850.4 -102.243 10939.4 -173.839
10869.4 -111.355 10959.2 -150.407
10887.7 -108.751 10978.8 -154.313
10908.2 -129.579 10997.7 -138.692
10928.3 -141.295 11017.3 -179.046
10946.1 -133.485 11036.5 -139.993
10966.2 -108.751 11056.3 -171.236
10985.8 -112.657 11075.9 -141.295
11005.3 -139.993 11095.1 -126.976
11024.5 -153.011 11114.4 -160.822
11044.4 -160.822 11134.5 -177.744
11062.2 -156.916 11153.5 -154.313
11083.2 -115.26 11173.3 -158.218
11101.9 -111.355 11192.3 -155.615
11122 -143.899 11212.1 -137.39
11141.2 -130.881 11231.1 -133.485
11160.5 -136.088 11251.5 -117.864
11180.3 -125.674 11270.8 -171.236
11199.9 -111.355 11289.5 -159.52
11218 -137.39 11308.4 -149.106
11237.5 -113.958 11328.8 -153.011
11257.4 -149.106 11348.4 -142.597
11276.9 -146.502 11368.2 -128.278
11296.5 -125.674 11387.8 -115.26
11315.1 -134.786 11406.2 -149.106
11335.5 -129.579 11426 -151.709
11353.6 -156.916 11445.3 -203.779
11373.5 -116.562 11465.1 -172.537
11393.3 -147.804 11484.4 -132.183
11412.9 -120.467 11503.3 -130.881
11432.1 -117.864 11523.2 -146.502
11451.1 -132.183 11543 -133.485
11470.7 -126.976 11563.2 -179.046
11489.6 -128.278 11581.8 -143.899
11508.9 -90.5267 11600.8 -166.029
11528.4 -129.579 11621 -172.537
11548.6 -121.769 11639.9 -162.123
11567.6 -145.2 11659.5 -146.502
11586.5 -136.088 11679.3 -134.786
11606.4 -115.26 11697.7 -137.39
11625.3 -106.148 11718.5 -164.727
11645.8 -142.597 11737.1 -138.692
11664.7 -160.822 11756.1 -153.011
11684.3 -145.2 11776 -124.372
11703.9 -179.046 11795.8 -130.881
11723.1 -115.26 11815.1 -151.709
11743 -120.467 11834.9 -151.709
11761.4 -133.485 11853.3 -139.993
11781.2 -104.846 11874.6 -177.744
11800.2 -150.407 11893 -164.727
11819.2 -134.786 11911.7 -154.313
11838.4 -139.993 11931.3 -136.088
11858.6 -120.467 11951.7 -163.425
11878.1 -126.976 11970.7 -159.52
11897.4 -107.45 11990.9 -124.372
11916.7 -129.579 12010.1 -172.537
11935.4 -110.053 12029.1 -181.65
11956.1 -124.372 12048.7 -153.011
11975.4 -137.39 12068.5 -138.692
11994.9 -146.502 12088.1 -164.727
12013.4 -91.8285 12107.4 -172.537
12033.5 -99.639 12126.4 -166.029
12052.8 -111.355 12146.2 -158.218
12072.1 -141.295 12165.5 -168.632
12091.3 -136.088 12185.4 -150.407
12111.2 -128.278 12204.1 -137.39
12129.9 -126.976 12224.5 -169.934
12150.3 -134.786 12243.5 -163.425
12169.6 -99.639 12263.4 -198.572
12188.3 -103.544 12282.9 -180.348
12207.9 -113.958 12301.3 -202.478
12227.1 -128.278 12321.2 -169.934
12246.4 -154.313 12340.8 -167.33
12266 -155.615 12361 -194.667
12285.3 -145.2 12379.4 -171.236
12304.9 -91.8285 12398.9 -207.685
12324.1 -107.45 12418.5 -169.934
12344 -85.3197 12437.5 -143.899
12363.9 -129.579 12457.4 -172.537
12381.7 -172.537 12477.3 -166.029
12401.3 -138.692 12496.2 -186.857
12421.4 -93.1302 12515.5 -220.702
12441 -130.881 12535.4 -197.271
12460.3 -104.846 12555 -180.348
12479.6 -102.243 12574.3 -146.502
12498.3 -93.1302 12593.3 -129.579
12518.8 -126.976 12613.1 -176.443
12537.4 -115.26 12632.7 -171.236
12557.3 -61.8881 12651.7 -159.52
12576.6 -57.9828 12671.9 -141.295
12596.2 -18.9302 12691.2 -162.123
12614.6 -46.267 12710.2 -84.0179
12634.8 -57.9828 12730.1 -111.355
12654.9 -61.8881 12750 -104.846
12673.9 -56.6811 12769.6 -147.804
12692.7 -33.2495 12788.6 -141.295
12712.3 -2.00733 12807.6 -112.657
12731.8 35.7436 12828 -93.1302
12751.1 22.726 12847 -48.8705
12770.4 13.6137 12865.5 -78.8109
12789.1 13.6137 12885.6 -52.7758
12808.7 -0.70557 12904.9 -98.3372
12828.6 26.6313 12924.8 -56.6811
12847.9 8.40672 12944.4 -11.1196
12866.9 43.5541 12964.3 -0.70557
12886.2 47.4594 12983 -8.5161
12906.1 16.2173 13002.6 -2.00733
12924.8 5.80321 13022.8 1.89794
12945 18.8208 13041.2 34.4418
12963.7 52.6664 13060.8 60.4769
12983.9 93.0208 13080.4 93.0208
13002.6 102.133 13100 21.4243
13022.5 83.9085 13119 87.8138
13042.1 104.737 13138.6 47.4594
13061.7 74.7963 13158.2 72.1928
13080.1 90.4173 13178.4 65.684
13100.3 103.435 13197.4 43.5541
13119.3 132.074 13216.5 85.2103
13139.2 164.617 13236.4 61.7787
13158.5 171.126 13255.4 31.8383
13177.8 203.67 13276.1 33.1401
13197.4 156.807 13294.6 27.9331
13216.2 168.523 13314.5 -3.30908
13236.4 175.031 13333.8 -7.21435
13255.4 233.61 13354 -3.30908
13275.3 273.965 13373 11.0102
13293.7 264.853 13392.6 22.726
13313.6 237.516 13411.6 35.7436
13332.3 211.481 13432.1 57.8734
13352.8 241.421 13450.5 63.0805
13372.4 249.232 13470.7 42.2524
13391.7 297.397 13490.3 102.133
13409.9 311.716 13509.7 95.6243
13429.8 359.881 13529.3 122.961
13449.4 327.337 13548.9 172.428
13469 367.691 13568.2 172.428
13488.3 370.295 13587.5 148.996
13507 392.425 13607.1 195.86
13526.9 452.305 13627.9 214.084
13546.5 508.281 13647 233.61
13565.3 551.239 13667.4 313.018
13584.6 506.979 13688.2 365.088
13605.1 506.979 13701.4 404.14
13624.4 486.151 13681.5 451.004
13643.1 559.049 13662.8 479.642
