4019.45 -188.158 4036.77 -156.916
4003.31 -153.011 4055.56 -168.632
4000.37 -150.407 4075.52 -192.064
4015.93 -159.52 4094.6 -201.176
4034.42 -168.632 4114.57 -168.632
4054.97 -166.029 4133.65 -168.632
4074.05 -145.2 4153.03 -153.011
4093.72 -110.053 4171.83 -173.839
4113.69 -175.141 4191.8 -190.762
4132.18 -163.425 4210.89 -175.141
4152.44 -159.52 4230.57 -179.046
4171.24 -163.425 4250.54 -171.236
4192.68 -160.822 4269.92 -193.365
4210.89 -168.632 4289.02 -201.176
4230.27 -143.899 4308.7 -159.52
4249.95 -156.916 4328.38 -163.425
4269.34 -143.899 4348.07 -179.046
4288.72 -162.123 4366.87 -199.874
4308.99 -179.046 4386.85 -173.839
4328.09 -156.916 4405.07 -211.59
4347.19 -150.407 4425.05 -182.951
4366.58 -159.52 4444.15 -184.253
4385.97 -151.709 4463.55 -126.976
4405.66 -211.59 4483.23 -181.65
4425.34 -164.727 4502.34 -199.874
4444.44 -154.313 4522.32 -186.857
4464.72 -160.822 4541.72 -212.892
4484.12 -145.2 4562 -166.029
4503.51 -164.727 4581.1 -184.253
4522.32 -186.857 4600.21 -177.744
4541.43 -166.029 4620.79 -180.348
4562 -163.425 4639.31 -172.537
4580.22 -158.218 4658.71 -182.951
4599.92 -141.295 4678.4 -193.365
4619.61 -150.407 4697.8 -146.502
4638.72 -150.407 4717.21 -180.348
4659 -185.555 4736.32 -177.744
4677.52 -172.537 4755.72 -175.141
4697.8 -143.899 4774.83 -199.874
4716.62 -159.52 4795.11 -175.141
4736.32 -168.632 4813.34 -190.762
4755.72 -150.407 4833.04 -162.123
4775.12 -134.786 4853.62 -159.52
4794.23 -166.029 4871.26 -171.236
4813.64 -193.365 4892.14 -176.443
4833.63 -188.158 4910.37 -188.158
4851.56 -146.502 4930.65 -184.253
4871.85 -166.029 4950.06 -180.348
4891.84 -162.123 4969.47 -182.951
4910.96 -125.674 4988.58 -168.632
4930.07 -193.365 5007.69 -195.969
4949.47 -179.046 5027.39 -184.253
4969.17 -126.976 5047.09 -197.271
4987.7 -134.786 5066.5 -192.064
5007.98 -171.236 5085.9 -171.236
5026.8 -159.52 5105.02 -189.46
5047.09 -171.236 5124.72 -186.857
5065.32 -175.141 5143.53 -190.762
5086.2 -153.011 5163.53 -173.839
5105.02 -192.064 5183.53 -201.176
5124.42 -171.236 5203.22 -194.667
5143.83 -133.485 5222.63 -193.365
5163.53 -163.425 5241.74 -172.537
5182.94 -162.123 5261.15 -149.106
5202.64 -180.348 5281.44 -173.839
5221.16 -175.141 5300.84 -172.537
5241.15 -171.236 5319.95 -199.874
5260.56 -164.727 5338.77 -182.951
5279.08 -160.822 5359.35 -172.537
5299.96 -150.407 5377.58 -188.158
5318.78 -164.727 5397.87 -155.615
5337.3 -179.046 5416.98 -172.537
5357.88 -192.064 5436.38 -198.572
5376.7 -154.313 5455.79 -179.046
5396.1 -160.822 5475.48 -185.555
5415.51 -149.106 5493.42 -189.46
5435.21 -158.218 5514.29 -169.934
5453.43 -162.123 5533.4 -169.934
5474.31 -162.123 5552.21 -171.236
5493.42 -146.502 5571.61 -156.916
5514 -146.502 5592.49 -184.253
5533.1 -166.029 5611.59 -147.804
5551.63 -155.615 5630.41 -166.029
5571.03 -159.52 5650.69 -171.236
5590.43 -145.2 5669.5 -186.857
5610.12 -195.969 5689.19 -172.537
5629.52 -150.407 5708.3 -141.295
5649.22 -180.348 5728.28 -184.253
5668.62 -158.218 5747.68 -173.839
5687.43 -150.407 5766.79 -158.218
5706.24 -162.123 5786.18 -201.176
5727.4 -171.236 5805.58 -159.52
5745.92 -181.65 5824.68 -206.383
5766.49 -171.236 5844.67 -171.236
5784.72 -160.822 5863.77 -172.537
5804.7 -168.632 5884.04 -147.804
5823.51 -150.407 5902.85 -173.839
5842.02 -163.425 5922.24 -195.969
5862.59 -155.615 5940.76 -137.39
5882.57 -141.295 5961.32 -197.271
5901.68 -202.478 5980.13 -158.218
5920.19 -146.502 5999.81 -180.348
5939.58 -158.218 6018.61 -160.822
5958.09 -124.372 6038.88 -175.141
5979.24 -147.804 6058.27 -159.52
5998.64 -158.218 6077.66 -176.443
6018.32 -173.839 6096.76 -169.934
6036.24 -156.916 6115.85 -189.46
6056.51 -145.2 6136.41 -173.839
6076.49 -151.709 6156.09 -185.555
6095.58 -117.864 6175.18 -143.899
6114.09 -124.372 6194.27 -203.779
6134.06 -172.537 6213.36 -158.218
6153.45 -158.218 6233.63 -185.555
6172.54 -158.218 6252.42 -190.762
6192.22 -168.632 6271.8 -168.632
6211.9 -164.727 6291.18 -188.158
6230.98 -168.632 6310.86 -160.822
6250.07 -179.046 6330.53 -175.141
6270.34 -149.106 6350.5 -188.158
6289.13 -192.064 6370.46 -169.934
6308.22 -139.993 6388.66 -179.046
6327.89 -171.236 6408.63 -143.899
6347.27 -182.951 6427.12 -173.839
6367.23 -168.632 6446.5 -222.004
6386.61 -151.709 6467.05 -169.934
6405.4 -162.123 6487.01 -153.011
6426.24 -169.934 6505.79 -199.874
6445.03 -168.632 6525.46 -219.401
6464.11 -149.106 6545.12 -197.271
6483.78 -156.916 6563.9 -186.857
6502.86 -143.899 6583.57 -218.099
6521.94 -160.822 6603.23 -182.951
6541.6 -124.372 6622.6 -186.857
6560.68 -155.615 6641.08 -173.839
6580.93 -124.372 6660.45 -179.046
6600.59 -143.899 6680.99 -186.857
6618.19 -138.692 6700.35 -194.667
6639.03 -155.615 6719.13 -176.443
6658.98 -149.106 6739.08 -149.106
6677.76 -167.33 6759.02 -146.502
6697.12 -137.39 6777.21 -172.537
6716.78 -145.2 6797.16 -202.478
6736.44 -138.692 6817.1 -199.874
6755.5 -125.674 6836.17 -205.081
6774.57 -149.106 6855.82 -156.916
6794.81 -143.899 6875.47 -139.993
6812.7 -147.804 6894.24 -154.313
6832.36 -181.65 6914.18 -179.046
6853.77 -159.52 6933.53 -179.046
6872.24 -166.029 6953.18 -188.158
6890.72 -149.106 6972.82 -182.951
6909.78 -150.407 6992.17 -179.046
6930.31 -147.804 7010.35 -172.537
6948.78 -149.106 7030.29 -138.692
6968.72 -172.537 7050.81 -162.123
6988.65 -163.425 7068.98 -141.295
7007.71 -100.941 7089.21 -130.881
7026.47 -151.709 7107.67 -207.685
7045.24 -182.951 7128.48 -181.65
7065.76 -189.46 7147.54 -163.425
7084.81 -155.615 7166.88 -159.52
7104.45 -172.537 7186.22 -143.899
7124.38 -134.786 7205.56 -184.253
7144.02 -133.485 7225.19 -188.158
7161.9 -139.993 7243.95 -176.443
7182.41 -145.2 7263.87 -171.236
7201.75 -145.2 7282.92 -146.502
7221.68 -146.502 7302.84 -168.632
7240.43 -185.555 7321.88 -167.33
7260.06 -128.278 7341.51 -155.615
7279.4 -163.425 7360.26 -175.141
7299.32 -141.295 7380.18 -195.969
7318.37 -136.088 7399.8 -205.081
7337.11 -147.804 7419.72 -188.158
7357.03 -143.899 7437.88 -136.088
7376.07 -146.502 7458.38 -133.485
7396.58 -147.804 7478.29 -156.916
7415.62 -176.443 7497.03 -179.046
7434.95 -176.443 7516.94 -193.365
7453.98 -150.407 7536.86 -184.253
7473.61 -192.064 7555.89 -175.141
7493.23 -150.407 7574.92 -194.667
7513.14 -163.425 7594.83 -177.744
7532.46 -210.288 7614.74 -186.857
7551.2 -156.916 7633.76 -166.029
7571.41 -151.709 7653.09 -186.857
7590.14 -169.934 7672.99 -164.727
7608.88 -147.804 7692.01 -179.046
7628.79 -147.804 7711.63 -180.348
7648.69 -171.236 7730.36 -159.52
7667.43 -137.39 7750.55 -194.667
7686.75 -164.727 7769.28 -214.194
7705.48 -173.839 7788.3 -208.986
7725.67 -136.088 7809.08 -166.029
7745.28 -169.934 7828.39 -228.513
7764.89 -137.39 7847.41 -188.158
7783.62 -120.467 7867.6 -162.123
7803.52 -126.976 7886.32 -189.46
7823.12 -160.822 7905.05 -177.744
7842.44 -153.011 7925.23 -182.951
7861.45 -180.348 7944.25 -162.123
7881.35 -119.165 7963.55 -189.46
7899.78 -150.407 7983.44 -153.011
7919.68 -137.39 8002.46 -138.692
7938.98 -129.579 8022.93 -177.744
7958.87 -171.236 8041.65 -181.65
7978.47 -163.425 8061.24 -206.383
7997.78 -133.485 8079.96 -181.65
8016.79 -156.916 8100.72 -173.839
8035.8 -149.106 8119.44 -149.106
8055.4 -155.615 8139.32 -188.158
8074.4 -163.425 8158.91 -143.899
8094.29 -184.253 8177.92 -192.064
8114.47 -145.2 8196.63 -185.555
8133.77 -143.899 8217.1 -159.52
8153.36 -150.407 8236.1 -164.727
8171.78 -112.657 8255.98 -171.236
8191.37 -149.106 8275.27 -169.934
8210.95 -167.33 8295.73 -142.597
8230.54 -146.502 8314.44 -158.218
8250.13 -185.555 8333.73 -176.443
8269.13 -142.597 8353.02 -193.365
8289.01 -119.165 8371.73 -156.916
8307.13 -128.278 8391.6 -177.744
8327.01 -124.372 8410.6 -166.029
8346.3 -116.562 8430.76 -171.236
8366.46 -134.786 8450.34 -192.064
8384.88 -138.692 8469.33 -184.253
8405.04 -184.253 8489.49 -182.951
8424.04 -139.993 8508.49 -190.762
8443.03 -151.709 8528.65 -126.976
8463.2 -120.467 8547.34 -166.029
8482.48 -139.993 8566.92 -169.934
8501.77 -147.804 8586.2 -172.537
8521.64 -137.39 8604.6 -147.804
8540.63 -168.632 8625.35 -155.615
8559.62 -185.555 8644.63 -198.572
8579.77 -121.769 8663.61 -154.313
8598.47 -167.33 8683.77 -158.218
8618.04 -158.218 8703.34 -156.916
8637.91 -139.993 8722.03 -158.218
8657.19 -120.467 8741.89 -206.383
8677.05 -158.218 8761.46 -167.33
8696.33 -151.709 8780.15 -193.365
8715.31 -171.236 8798.84 -181.65
8734.59 -155.615 8820.16 -167.33
8754.45 -124.372 8838.85 -202.478
8773.43 -164.727 8859.29 -190.762
8793.29 -137.39 8877.98 -175.141
8812.56 -119.165 8897.25 -188.158
8831.26 -137.39 8916.23 -145.2
8851.11 -167.33 8935.5 -169.934
8870.09 -147.804 8955.06 -154.313
8890.53 -137.39 8974.62 -166.029
8908.64 -155.615 8994.47 -175.141
8929.37 -139.993 9013.74 -171.236
8948.34 -159.52 9033.59 -180.348
8967.61 -150.407 9052.86 -169.934
8987.76 -159.52 9072.71 -167.33
9006.73 -134.786 9092.27 -133.485
9026 -145.2 9110.95 -166.029
9044.68 -156.916 9129.92 -188.158
9065.7 -179.046 9149.77 -156.916
9084.09 -136.088 9170.49 -182.951
9102.77 -149.106 9188.3 -164.727
9122.92 -143.899 9208.73 -179.046
9141.89 -182.951 9228.28 -139.993
9161.15 -168.632 9247.83 -181.65
9181.87 -128.278 9267.1 -159.52
9200.26 -141.295 9286.07 -205.081
9219.53 -139.993 9305.91 -173.839
9238.79 -145.2 9324.29 -133.485
9258.92 -137.39 9343.84 -181.65
9278.48 -184.253 9363.4 -166.029
9298.03 -132.183 9383.82 -181.65
9317.58 -132.183 9403.08 -173.839
9336.26 -142.597 9422.63 -179.046
9356.98 -156.916 9442.47 -156.916
9375.07 -149.106 9462.02 -164.727
9394.33 -192.064 9480.7 -158.218
9413.88 -171.236 9500.24 -171.236
9433.72 -143.899 9520.08 -156.916
9452.98 -143.899 9539.34 -175.141
9472.82 -141.295 9558.3 -203.779
9492.07 -132.183 9578.43 -160.822
9510.46 -168.632 9597.4 -193.365
9529.71 -154.313 9617.53 -143.899
9550.43 -149.106 9636.49 -172.537
9569.68 -158.218 9656.62 -189.46
9588.35 -136.088 9674.7 -192.064
9608.48 -102.243 9694.54 -166.029
9626.86 -138.692 9715.25 -149.106
9646.12 -163.425 9733.63 -147.804
9665.95 -155.615 9753.18 -166.029
9685.5 -143.899 9773.01 -158.218
9705.34 -130.881 9792.26 -180.348
9724.59 -150.407 9811.23 -180.348
9743.55 -151.709 9830.18 -169.934
9763.68 -129.579 9850.02 -175.141
9782.06 -151.709 9869.85 -194.667
9801.6 -188.158 9890.27 -138.692
9822.02 -188.158 9908.65 -193.365
9840.69 -179.046 9928.48 -149.106
9860.23 -166.029 9948.31 -133.485
9879.48 -149.106 9967.27 -155.615
9898.73 -133.485 9986.82 -164.727
9917.4 -173.839 10006.3 -185.555
9938.98 -153.011 10025 -160.822
9956.48 -137.39 10045.4 -154.313
9976.61 -132.183 10064.4 -154.313
9995.27 -154.313 10084.2 -177.744
10014.8 -121.769 10102.9 -177.744
10034.9 -153.011 10122.7 -159.52
10055.1 -151.709 10142.6 -177.744
10073.7 -163.425 10162.1 -150.407
10093.3 -115.26 10180.5 -153.011
10112.5 -153.011 10201.2 -159.52
10131.8 -146.502 10219.3 -173.839
10150.7 -156.916 10239.4 -175.141
10170.3 -146.502 10259.2 -160.822
10190.4 -176.443 10278.8 -211.59
10209 -171.236 10297.4 -147.804
10228.9 -141.295 10317.6 -159.52
10249 -133.485 10337.4 -176.443
10267.7 -150.407 10356 -177.744
10287.5 -173.839 10375.9 -147.804
10306.8 -139.993 10395.1 -162.123
10326.6 -137.39 10414.7 -185.555
10344.7 -153.011 10433.9 -160.822
10365.7 -128.278 10453.2 -189.46
10384.3 -153.011 10472.7 -203.779
10403.6 -113.958 10492.2 -163.425
10423.4 -166.029 10511.8 -168.632
10442.1 -136.088 10532.2 -158.218
10461.6 -154.313 10551.1 -173.839
10481.5 -169.934 10570.4 -182.951
10500.7 -164.727 10588.8 -193.365
10519.7 -153.011 10608.3 -166.029
10538.9 -159.52 10628.1 -139.993
10558.5 -179.046 10648 -163.425
10577.4 -130.881 10667.5 -149.106
10597.2 -146.502 10687.1 -162.123
10616.2 -160.822 10706.6 -198.572
10636 -137.39 10725.9 -185.555
10655.9 -150.407 10745.1 -147.804
10675.4 -136.088 10764.6 -171.236
10694.6 -164.727 10784.5 -181.65
10713.9 -142.597 10803.1 -189.46
10733.4 -167.33 10822.4 -177.744
10752.1 -155.615 10842.8 -198.572
10772.2 -132.183 10861.8 -171.236
10791.8 -119.165 10881.6 -175.141
10810.7 -133.485 10900.6 -159.52
10830 -120.467 10920.4 -173.839
10850.4 -172.537 10939.7 -166.029
10869.4 -136.088 10959.2 -181.65
10888.3 -146.502 10978.2 -179.046
10907.9 -106.148 10998 -162.123
10927.4 -150.407 11017.3 -141.295
10947.2 -141.295 11037.1 -173.839
10966.2 -147.804 11056.3 -186.857
10986 -137.39 11076.2 -181.65
11005.6 -159.52 11094.8 -186.857
11024 -156.916 11114.7 -202.478
11044.7 -146.502 11133.9 -201.176
11063.3 -181.65 11153.8 -181.65
11082.9 -147.804 11172.4 -190.762
11101.6 -155.615 11192.3 -222.004
11121.7 -171.236 11212.1 -207.685
11140.7 -137.39 11231.4 -182.951
11160.5 -172.537 11250.6 -177.744
11180.3 -138.692 11270.8 -177.744
11198.4 -162.123 11290 -167.33
11218.3 -145.2 11309.3 -198.572
11238.1 -125.674 11328.5 -194.667
11258.5 -160.822 11348.4 -195.969
11276.3 -154.313 11367.1 -192.064
11296.2 -136.088 11387.5 -216.797
11316 -185.555 11406.5 -179.046
11335.3 -121.769 11426 -194.667
11354.2 -125.674 11445.3 -207.685
11372.9 -129.579 11465.1 -171.236
11392.7 -141.295 11485 -199.874
11412.3 -138.692 11503 -168.632
11431.5 -164.727 11524.1 -156.916
11451.7 -150.407 11543 -158.218
11471 -171.236 11562.6 -185.555
11490.2 -141.295 11582.1 -241.53
11509.8 -149.106 11601.1 -261.057
11529.6 -134.786 11621.3 -254.548
11547.7 -150.407 11640.5 -224.608
11567.8 -138.692 11659.8 -236.323
11586.8 -143.899 11679 -228.513
11606.9 -119.165 11698.3 -202.478
11625.6 -160.822 11717.6 -190.762
11645.5 -145.2 11737.7 -224.608
11665 -154.313 11756.4 -180.348
11684.6 -147.804 11775.4 -201.176
11703.3 -171.236 11796.1 -205.081
11722 -164.727 11814.8 -194.667
11742.1 -149.106 11834.9 -160.822
11761.1 -137.39 11853.9 -168.632
11780.3 -151.709 11874.1 -175.141
11800.5 -156.916 11893 -190.762
11820 -167.33 11912.3 -176.443
11839.3 -143.899 11931 -193.365
11858.6 -167.33 11951.7 -141.295
11878.4 -160.822 11970.1 -151.709
11898 -173.839 11990.3 -175.141
11916.1 -137.39 12010.1 -188.158
11936.6 -138.692 12029.4 -197.271
11955.5 -171.236 12048.7 -206.383
11974.5 -155.615 12068.3 -169.934
11994.1 -159.52 12087.8 -182.951
12013.6 -133.485 12106.5 -168.632
12032.9 -121.769 12127 -180.348
12052.8 -162.123 12146.2 -181.65
12072.3 -154.313 12166.1 -173.839
12091.3 -168.632 12184.2 -164.727
12110.6 -180.348 12204.4 -173.839
12130.2 -186.857 12223.3 -162.123
12149.7 -133.485 12243.5 -164.727
12169.6 -146.502 12262.8 -111.355
12188 -146.502 12282.9 -184.253
12207.6 -132.183 12301.3 -199.874
12226.9 -153.011 12321.2 -180.348
12247 -184.253 12340.8 -208.986
12265.7 -143.899 12360.1 -181.65
12285.6 -141.295 12379.9 -169.934
12304.6 -120.467 12398.9 -184.253
12324.1 -146.502 12419.4 -206.383
12342.8 -167.33 12437.8 -205.081
12363 -171.236 12457.4 -162.123
12382.6 -138.692 12477 -124.372
12401.6 -125.674 12495.4 -115.26
12421.7 -117.864 12516.4 -123.071
12441.6 -73.6039 12534.8 -143.899
12460 -72.3021 12555.6 -158.218
12479.6 -85.3197 12574.6 -156.916
12499.2 -72.3021 12593.3 -156.916
12517.3 -86.6215 12613.4 -155.615
12537.4 -95.7337 12633.6 -137.39
12557.3 -71.0004 12652 -124.372
12577.2 -39.7582 12670.7 -146.502
12595.6 -30.646 12690 -146.502
12614.9 -4.61084 12710.2 -110.053
12634.8 1.89794 12729.8 -134.786
12654.7 -29.3442 12748.8 -90.5267
12673.4 11.0102 12768.4 -80.1127
12692.9 -29.3442 12788 -60.5863
12711.7 11.0102 12807.3 -41.06
12731 35.7436 12827.1 -81.4144
12752 31.8383 12845.9 -38.4565
12770.1 18.8208 12866 -39.7582
12790.3 31.8383 12885.9 -5.91259
12809.6 1.89794 12905.2 -30.646
12828 63.0805 12924.5 -17.6284
12848.5 95.6243 12944.4 -37.1547
12867.2 81.305 12963.7 -16.3266
12886.8 90.4173 12982.4 -55.3793
12905.5 85.2103 13003.2 -31.9477
12925.1 86.5121 13021.6 -18.9302
12945.3 50.0629 13040.9 -84.0179
12964 87.8138 13060.2 -89.225
12983.6 120.358 13081 -112.657
13002.9 102.133 13100.3 -124.372
13023.1 87.8138 13119.3 -156.916
13042.1 104.737 13140.1 -158.218
13060.8 59.1752 13158.5 -84.0179
13081 53.9682 13178.1 -78.8109
13099.1 100.831 13197.1 -132.183
13119.9 102.133 13217 -123.071
13139.2 104.737 13236.9 -185.555
13157.6 96.9261 13256.2 -175.141
13177.3 90.4173 13276.1 -130.881
13196.9 126.866 13294.9 -57.9828
13216.2 134.677 13315 -68.3969
13235.2 121.659 13334.4 -26.7407
13255.1 143.789 13353.1 -60.5863
13274.7 178.937 13372.7 -48.8705
13294.3 159.41 13392.9 -24.1372
13313.6 145.091 13411.6 -44.9653
13332.6 143.789 13431.8 22.726
13352.2 202.368 13450.8 35.7436
13371.8 207.575 13471 31.8383
13391.4 225.8 13490.3 73.4945
13409.9 236.214 13508.8 55.2699
13430.1 236.214 13528.7 78.7015
13449.4 199.765 13549.2 80.0033
13469.6 197.161 13569.1 171.126
13488.3 220.593 13587.5 180.238
13507.9 260.947 13607.1 211.481
13526.6 297.397 13626.8 171.126
13545.7 306.509 13648.4 180.238
13565.6 359.881 13667.1 214.084
13585.5 350.768 13688.5 259.646
13604.8 342.958 13702.3 293.491
13624.4 380.709 13682.1 355.975
13642.6 392.425 13663 363.786
