4019.16 -197.271 4035.89 -190.762
4004.48 -147.804 4055.85 -176.443
4000.08 -176.443 4075.81 -177.744
4015.34 -182.951 4094.31 -189.46
4035.01 -188.158 4114.27 -159.52
4053.8 -195.969 4132.77 -164.727
4074.34 -164.727 4153.33 -167.33
4093.43 -145.2 4172.71 -164.727
4113.1 -153.011 4192.68 -198.572
4133.07 -153.011 4211.47 -167.33
4152.44 -173.839 4231.15 -143.899
4172.41 -177.744 4249.66 -185.555
4191.21 -190.762 4269.92 -171.236
4210.59 -194.667 4288.72 -195.969
4230.57 -179.046 4308.7 -171.236
4249.36 -182.951 4328.68 -151.709
4269.63 -151.709 4347.78 -176.443
4288.43 -143.899 4366.58 -186.857
4308.41 -185.555 4385.97 -160.822
4326.91 -177.744 4406.24 -176.443
4347.19 -190.762 4425.34 -181.65
4365.99 -159.52 4444.44 -143.899
4386.26 -164.727 4463.84 -169.934
4405.95 -159.52 4482.65 -169.934
4425.05 -180.348 4502.93 -167.33
4444.44 -169.934 4522.91 -155.615
4464.43 -181.65 4542.01 -172.537
4482.65 -186.857 4561.41 -171.236
4502.93 -180.348 4580.52 -164.727
4522.03 -179.046 4600.8 -166.029
4541.43 -147.804 4620.49 -156.916
4561.71 -171.236 4639.01 -177.744
4579.93 -190.762 4658.41 -167.33
4599.92 -156.916 4677.81 -146.502
4619.9 -176.443 4697.51 -195.969
4639.01 -141.295 4716.33 -167.33
4657.82 -193.365 4735.73 -169.934
4676.93 -171.236 4755.72 -184.253
4697.8 -195.969 4775.12 -175.141
4716.03 -186.857 4795.41 -182.951
4735.43 -181.65 4814.52 -163.425
4755.13 -201.176 4833.63 -176.443
4775.12 -162.123 4853.03 -156.916
4794.23 -185.555 4872.44 -184.253
4813.05 -205.081 4892.14 -175.141
4832.16 -167.33 4910.66 -195.969
4852.45 -188.158 4929.77 -222.004
4872.73 -220.702 4950.06 -198.572
4891.26 -185.555 4968.88 -188.158
4910.66 -151.709 4989.46 -194.667
4930.65 -188.158 5008.57 -173.839
4949.18 -185.555 5027.68 -155.615
4968.88 -199.874 5047.39 -162.123
4988.28 -182.951 5066.5 -202.478
5007.69 -175.141 5086.2 -186.857
5027.39 -177.744 5106.19 -184.253
5047.09 -149.106 5125.31 -172.537
5065.61 -166.029 5144.42 -155.615
5085.61 -163.425 5163.82 -164.727
5105.31 -166.029 5183.23 -180.348
5125.01 -193.365 5202.93 -176.443
5144.42 -185.555 5222.34 -176.443
5163.53 -182.951 5242.04 -162.123
5182.64 -149.106 5260.56 -203.779
5202.34 -175.141 5280.26 -137.39
5221.16 -154.313 5301.14 -158.218
5240.27 -210.288 5319.37 -167.33
5260.27 -184.253 5339.06 -182.951
5280.85 -176.443 5357.59 -201.176
5299.37 -193.365 5377.87 -198.572
5319.37 -175.141 5397.57 -166.029
5337.6 -166.029 5417.27 -166.029
5357.29 -164.727 5435.5 -167.33
5375.82 -199.874 5455.2 -175.141
5396.4 -159.52 5475.19 -188.158
5416.1 -190.762 5494 -150.407
5435.21 -168.632 5514 -211.59
5455.49 -185.555 5533.1 -195.969
5474.01 -169.934 5553.09 -147.804
5493.12 -192.064 5572.2 -188.158
5512.23 -146.502 5591.9 -180.348
5533.4 -176.443 5611.59 -164.727
5551.63 -179.046 5630.99 -190.762
5571.03 -180.348 5650.39 -167.33
5589.55 -169.934 5669.8 -176.443
5610.71 -188.158 5689.49 -189.46
5629.52 -184.253 5708.3 -215.495
5650.39 -193.365 5727.4 -188.158
5668.91 -172.537 5747.68 -155.615
5687.72 -177.744 5766.79 -173.839
5707.12 -176.443 5786.77 -175.141
5726.82 -192.064 5805.29 -181.65
5745.33 -186.857 5824.98 -153.011
5766.2 -186.857 5844.37 -171.236
5784.72 -185.555 5864.36 -167.33
5804.4 -159.52 5883.46 -197.271
5823.21 -177.744 5903.44 -173.839
5843.49 -202.478 5922.83 -173.839
5862.01 -156.916 5942.52 -194.667
5882.28 -180.348 5961.32 -180.348
5900.5 -150.407 5980.13 -179.046
5920.77 -199.874 6000.4 -171.236
5940.17 -176.443 6019.49 -179.046
5958.97 -195.969 6038.59 -198.572
5979.24 -169.934 6058.27 -166.029
5997.17 -160.822 6077.96 -163.425
6017.44 -168.632 6097.64 -180.348
6036.53 -166.029 6116.44 -175.141
6056.51 -145.2 6135.82 -163.425
6075.9 -179.046 6156.38 -158.218
6094.99 -167.33 6175.18 -163.425
6114.97 -198.572 6195.15 -202.478
6134.06 -190.762 6214.54 -171.236
6153.74 -184.253 6233.33 -173.839
6172.54 -163.425 6252.42 -171.236
6191.63 -173.839 6272.1 -210.288
6212.19 -168.632 6291.18 -210.288
6231.28 -143.899 6311.45 -194.667
6250.66 -173.839 6329.65 -193.365
6270.92 -201.176 6349.91 -142.597
6288.84 -190.762 6369.58 -201.176
6308.8 -156.916 6388.96 -195.969
6328.48 -167.33 6408.92 -168.632
6346.09 -158.218 6428 -215.495
6367.23 -176.443 6447.09 -181.65
6386.32 -197.271 6466.75 -185.555
6404.81 -199.874 6486.13 -192.064
6426.24 -181.65 6506.09 -153.011
6444.74 -177.744 6524.28 -164.727
6463.52 -192.064 6544.53 -175.141
6484.07 -202.478 6563.9 -154.313
6502.56 -172.537 6583.86 -184.253
6521.94 -193.365 6603.23 -202.478
6542.48 -193.365 6622.6 -192.064
6561.56 -193.365 6641.96 -143.899
6580.04 -163.425 6661.03 -182.951
6599.41 -194.667 6679.81 -175.141
6619.07 -197.271 6700.35 -190.762
6639.91 -197.271 6719.13 -182.951
6658.39 -212.892 6739.08 -175.141
6678.35 -166.029 6758.44 -186.857
6696.83 -202.478 6778.09 -195.969
6717.07 -180.348 6797.45 -159.52
6736.73 -166.029 6816.81 -134.786
6755.21 -198.572 6835.58 -211.59
6775.45 -208.986 6855.52 -207.685
6795.1 -201.176 6874.88 -194.667
6814.46 -176.443 6894.82 -164.727
6833.53 -146.502 6914.18 -194.667
6852.89 -171.236 6933.24 -169.934
6872.54 -186.857 6952.88 -186.857
6890.72 -125.674 6971.94 -195.969
6911.54 -211.59 6991.59 -182.951
6930.6 -162.123 7011.23 -210.288
6949.95 -166.029 7031.75 -169.934
6968.13 -206.383 7050.22 -203.779
6987.78 -155.615 7069.86 -169.934
7007.71 -216.797 7089.21 -205.081
7026.47 -179.046 7108.55 -167.33
7046.41 -164.727 7128.78 -179.046
7066.05 -211.59 7147.24 -193.365
7085.4 -146.502 7166.88 -169.934
7104.74 -195.969 7185.63 -163.425
7124.67 -194.667 7205.56 -194.667
7143.72 -155.615 7225.49 -181.65
7163.07 -176.443 7243.65 -194.667
7181.53 -160.822 7263.87 -180.348
7201.16 -179.046 7282.62 -166.029
7221.09 -180.348 7302.55 -186.857
7240.73 -180.348 7322.47 -177.744
7259.77 -197.271 7341.8 -150.407
7279.11 -172.537 7360.55 -181.65
7299.03 -150.407 7380.18 -182.951
7318.07 -162.123 7400.09 -210.288
7337.41 -180.348 7419.13 -185.555
7357.03 -184.253 7439.05 -168.632
7376.37 -147.804 7457.79 -168.632
7395.41 -167.33 7477.71 -188.158
7415.03 -172.537 7496.74 -177.744
7435.24 -164.727 7516.94 -172.537
7453.98 -193.365 7536.56 -175.141
7473.31 -176.443 7555.3 -188.158
7492.93 -190.762 7574.92 -180.348
7512.26 -155.615 7595.12 -189.46
7531.88 -169.934 7613.86 -181.65
7551.79 -158.218 7633.47 -193.365
7569.94 -162.123 7652.21 -188.158
7590.14 -159.52 7671.82 -207.685
7610.05 -159.52 7691.72 -175.141
7628.79 -158.218 7711.04 -190.762
7647.81 -185.555 7729.77 -175.141
7667.14 -190.762 7749.67 -154.313
7687.04 -181.65 7769.87 -194.667
7706.65 -173.839 7788.89 -182.951
7725.09 -180.348 7808.79 -175.141
7746.16 -205.081 7828.39 -164.727
7764.01 -168.632 7847.41 -175.141
7783.33 -151.709 7866.14 -189.46
7802.93 -184.253 7886.32 -192.064
7823.12 -163.425 7905.63 -172.537
7842.14 -180.348 7924.94 -180.348
7861.75 -179.046 7944.54 -167.33
7881.35 -133.485 7964.14 -192.064
7901.24 -202.478 7983.74 -141.295
7920.26 -154.313 8002.75 -177.744
7939.27 -171.236 8021.47 -195.969
7959.17 -160.822 8042.82 -164.727
7977.89 -160.822 8060.95 -194.667
7997.78 -146.502 8080.25 -205.081
8017.08 -168.632 8100.14 -193.365
8035.8 -163.425 8119.14 -180.348
8055.4 -189.46 8139.03 -179.046
8075.28 -188.158 8158.62 -197.271
8094.29 -175.141 8178.21 -180.348
8113.59 -147.804 8197.51 -189.46
8134.06 -164.727 8217.68 -177.744
8152.19 -181.65 8236.39 -129.579
8172.66 -192.064 8255.39 -143.899
8192.24 -177.744 8274.98 -208.986
8210.08 -166.029 8293.98 -198.572
8229.96 -176.443 8315.32 -184.253
8249.84 -188.158 8333.44 -147.804
8268.84 -182.951 8352.14 -189.46
8289.59 -220.702 8372.6 -182.951
8308.3 -155.615 8391.6 -190.762
8327.59 -195.969 8410.89 -192.064
8346.3 -186.857 8430.47 -194.667
8365.88 -179.046 8450.63 -180.348
8385.17 -167.33 8469.04 -182.951
8405.04 -176.443 8488.91 -193.365
8424.04 -173.839 8508.49 -163.425
8443.62 -158.218 8529.23 -203.779
8463.2 -176.443 8547.05 -176.443
8481.9 -192.064 8567.5 -222.004
8501.77 -172.537 8585.91 -172.537
8521.64 -158.218 8605.19 -198.572
8540.63 -181.65 8625.64 -180.348
8559.32 -211.59 8644.92 -171.236
8580.06 -177.744 8664.49 -176.443
8599.93 -182.951 8683.77 -134.786
8618.63 -193.365 8703.05 -176.443
8637.91 -166.029 8722.91 -162.123
8657.19 -162.123 8742.18 -158.218
8676.17 -162.123 8761.17 -192.064
8695.45 -188.158 8780.15 -182.951
8715.31 -194.667 8799.72 -210.288
8734.88 -147.804 8819.28 -156.916
8753.86 -171.236 8839.14 -158.218
8774.02 -168.632 8857.83 -181.65
8793 -134.786 8878.27 -202.478
8811.98 -171.236 8897.25 -181.65
8832.13 -197.271 8916.52 -159.52
8850.53 -189.46 8936.96 -163.425
8870.09 -151.709 8955.35 -184.253
8890.24 -186.857 8974.33 -173.839
8909.8 -169.934 8994.18 -164.727
8929.07 -164.727 9014.32 -192.064
8948.34 -146.502 9034.17 -202.478
8968.49 -142.597 9053.44 -197.271
8987.76 -168.632 9072.42 -184.253
9006.73 -171.236 9091.39 -199.874
9026.58 -154.313 9111.24 -184.253
9045.85 -164.727 9131.38 -188.158
9065.12 -197.271 9150.35 -151.709
9083.51 -172.537 9169.91 -182.951
9103.36 -193.365 9189.17 -206.383
9122.04 -168.632 9209.02 -210.288
9142.47 -168.632 9228.28 -186.857
9161.74 -193.365 9247.54 -181.65
9181.29 -150.407 9267.1 -195.969
9201.43 -201.176 9286.07 -171.236
9220.69 -147.804 9305.33 -185.555
9239.37 -173.839 9325.75 -198.572
9258.92 -195.969 9343.55 -199.874
9278.48 -150.407 9363.98 -185.555
9297.74 -177.744 9384.12 -175.141
9316.41 -132.183 9403.37 -172.537
9335.97 -154.313 9422.05 -184.253
9356.1 -177.744 9441.6 -190.762
9374.78 -171.236 9461.44 -175.141
9394.33 -186.857 9480.99 -159.52
9413.88 -171.236 9499.08 -158.218
9433.43 -176.443 9519.79 -192.064
9452.69 -220.702 9539.92 -153.011
9471.94 -168.632 9558.89 -220.702
9492.07 -177.744 9578.14 -179.046
9511.62 -198.572 9597.11 -172.537
9530.59 -175.141 9617.24 -123.071
9550.72 -182.951 9636.49 -203.779
9569.39 -192.064 9656.33 -163.425
9588.35 -171.236 9675 -166.029
9608.77 -198.572 9694.83 -156.916
9627.44 -163.425 9714.09 -164.727
9647.87 -164.727 9733.63 -156.916
9665.95 -180.348 9753.18 -158.218
9686.37 -189.46 9772.14 -184.253
9705.34 -167.33 9791.68 -154.313
9724.3 -151.709 9811.52 -172.537
9744.13 -181.65 9831.35 -186.857
9762.8 -130.881 9850.6 -211.59
9782.64 -156.916 9870.44 -167.33
9801.89 -163.425 9890.27 -173.839
9822.02 -153.011 9908.94 -172.537
9841.56 -155.615 9927.9 -197.271
9859.35 -181.65 9947.73 -158.218
9879.77 -164.727 9967.27 -169.934
9899.6 -192.064 9986.82 -173.839
9917.98 -151.709 10006.1 -167.33
9937.81 -147.804 10025.9 -184.253
9957.36 -192.064 10044.3 -193.365
9976.31 -177.744 10063.8 -185.555
9996.15 -158.218 10084.2 -189.46
10016.3 -202.478 10103.2 -192.064
10035.5 -180.348 10123.3 -198.572
10054.5 -181.65 10142.3 -171.236
10074 -169.934 10161.5 -185.555
10092.4 -199.874 10181.4 -151.709
10112.8 -173.839 10200.6 -188.158
10131.5 -177.744 10219.3 -205.081
10150.7 -179.046 10239.7 -180.348
10170.6 -160.822 10259.2 -182.951
10189.5 -163.425 10279.6 -182.951
10210.5 -171.236 10298.3 -167.33
10228.9 -166.029 10318.1 -138.692
10247.8 -193.365 10337.7 -163.425
10267.4 -194.667 10356.6 -197.271
10287.5 -171.236 10375.9 -175.141
10307.1 -175.141 10394.8 -154.313
10325.4 -163.425 10414.4 -177.744
10345.3 -134.786 10434.5 -147.804
10364.5 -137.39 10453.5 -142.597
10384.3 -175.141 10472.7 -164.727
10403.3 -158.218 10491.9 -208.986
10422 -190.762 10512.4 -211.59
10442.9 -186.857 10531 -202.478
10461.6 -156.916 10550.3 -158.218
10482 -175.141 10570.1 -188.158
10501 -171.236 10589.7 -173.839
10520.2 -156.916 10609.2 -146.502
10539.2 -190.762 10628.1 -212.892
10558.7 -154.313 10648.3 -210.288
10577.1 -175.141 10666.7 -171.236
10597.8 -173.839 10686.5 -188.158
10616.5 -185.555 10706.6 -193.365
10636.9 -166.029 10725.3 -188.158
10655.6 -167.33 10745.1 -176.443
10675.7 -177.744 10764.4 -181.65
10694.9 -184.253 10785.1 -177.744
10714.2 -188.158 10803.4 -212.892
10733.4 -197.271 10823.3 -130.881
10752.4 -162.123 10842.5 -169.934
10771.9 -184.253 10861.8 -163.425
10791.5 -145.2 10881.3 -185.555
10810.7 -163.425 10900.6 -190.762
10830.3 -180.348 10921.3 -188.158
10850.4 -176.443 10940.2 -167.33
10869.4 -154.313 10959.8 -168.632
10889.2 -211.59 10977.6 -175.141
10907.6 -134.786 10998 -193.365
10928.9 -145.2 11017.3 -193.365
10946.9 -143.899 11036.2 -179.046
10966.8 -169.934 11055.8 -158.218
10985.2 -164.727 11076.2 -158.218
11005.3 -155.615 11094.6 -177.744
11024.3 -188.158 11114.7 -163.425
11044.4 -158.218 11134.2 -175.141
11063.3 -182.951 11153.8 -181.65
11083.8 -143.899 11172.7 -197.271
11101.3 -175.141 11192.6 -169.934
11121.4 -163.425 11211.6 -184.253
11141.2 -116.562 11232 -197.271
11159.9 -155.615 11249.8 -190.762
11180.3 -175.141 11271.4 -186.857
11199.6 -175.141 11289.7 -189.46
11219.1 -155.615 11309.6 -203.779
11237.8 -179.046 11328.5 -172.537
11257.6 -192.064 11347.2 -145.2
11276.9 -169.934 11367.9 -188.158
11296.2 -181.65 11387.5 -169.934
11315.1 -166.029 11406.2 -189.46
11334.4 -150.407 11426.6 -159.52
11355.1 -133.485 11445.3 -195.969
11373.2 -160.822 11464.8 -167.33
11393.6 -139.993 11485 -185.555
11412.6 -162.123 11503 -179.046
11431.3 -186.857 11523.2 -215.495
11451.4 -179.046 11542.7 -186.857
11471.5 -159.52 11561.7 -192.064
11489.3 -168.632 11581.6 -206.383
11509.2 -132.183 11601.4 -150.407
11529 -151.709 11620.4 -190.762
11547.4 -176.443 11639.9 -199.874
11567 -189.46 11659.2 -175.141
11586.8 -173.839 11678.2 -182.951
11606.7 -188.158 11698 -202.478
11625.3 -171.236 11717.6 -179.046
11645.2 -169.934 11737.4 -186.857
11664.7 -142.597 11756.7 -146.502
11683.4 -146.502 11776.3 -163.425
11702.1 -164.727 11796.1 -199.874
11722.5 -164.727 11815.1 -171.236
11742.7 -169.934 11835.5 -185.555
11761.7 -171.236 11854.5 -143.899
11780.9 -145.2 11873.5 -171.236
11800.8 -147.804 11893.6 -171.236
11820.6 -159.52 11912 -205.081
11839.3 -185.555 11931 -176.443
11858.6 -176.443 11952 -171.236
11878.4 -133.485 11970.4 -159.52
11897.4 -180.348 11990.9 -169.934
11916.4 -166.029 12009.6 -163.425
11936 -172.537 12029.4 -149.106
11956.7 -158.218 12048.4 -151.709
11974.2 -172.537 12068.3 -211.59
11994.4 -172.537 12088.7 -220.702
12014.5 -159.52 12107.4 -199.874
12033.2 -177.744 12126.1 -236.323
12052.2 -167.33 12145.9 -159.52
12072.6 -192.064 12165.5 -168.632
12090.4 -160.822 12185.1 -206.383
12110.6 -153.011 12204.9 -222.004
12130.2 -167.33 12223.6 -208.986
12149.7 -150.407 12243.8 -207.685
12169 -133.485 12263.1 -176.443
12188.6 -168.632 12282.1 -202.478
12207.9 -123.071 12302.2 -189.46
12227.4 -146.502 12321.2 -220.702
12246.4 -115.26 12341.1 -233.72
12266.3 -155.615 12360.4 -202.478
12284.7 -136.088 12379.6 -177.744
12304.9 -167.33 12398.9 -173.839
12324.4 -121.769 12419.4 -177.744
12343.4 -151.709 12438.1 -179.046
12362.7 -155.615 12457.1 -173.839
12383.2 -121.769 12477 -158.218
12401.9 -117.864 12496.2 -124.372
12421.4 -99.639 12515.8 -108.751
12441.6 -84.0179 12536.3 -90.5267
12460 -99.639 12554.4 -108.751
12479 -85.3197 12574.6 -163.425
12498 -87.9232 12594.2 -194.667
12517.9 -64.4916 12613.4 -156.916
12537.7 -69.6986 12632.4 -111.355
12557.6 -39.7582 12652.3 -115.26
12577.2 -31.9477 12672.5 -121.769
12595.3 9.70847 12690.9 -115.26
12614.9 -8.5161 12709.9 -164.727
12634.5 3.1997 12728.6 -146.502
12653.2 4.50145 12748.8 -99.639
12673.1 -15.0249 12768.4 -81.4144
12693.3 22.726 12788.3 -99.639
12712.5 17.519 12806.7 -90.5267
12731.5 30.5366 12826.9 -57.9828
12751.1 -8.5161 12846.2 -97.0355
12770.7 -60.5863 12865.8 -103.544
12788.9 -24.1372 12886.8 -30.646
12809.3 -9.81786 12904.9 4.50145
12828.6 25.3295 12924.5 -21.5337
12847.9 -16.3266 12944.1 24.0278
12867.5 31.8383 12963.7 -69.6986
12887.4 22.726 12983.3 -97.0355
12906.4 -5.91259 13002.3 -123.071
12925.1 -3.30908 13022.5 -71.0004
12945.6 14.9155 13040.9 -73.6039
12963.7 24.0278 13060.8 -69.6986
12983.6 66.9857 13080.1 -71.0004
13003.2 81.305 13100 -78.8109
13022.8 72.1928 13119.9 -100.941
13041.2 46.1576 13139.2 -64.4916
13061.1 53.9682 13158.2 -29.3442
13080.4 55.2699 13178.4 -3.30908
13100.6 103.435 13196.9 24.0278
13119.6 132.074 13216.2 -3.30908
13138.6 151.6 13235.8 12.312
13158.8 143.789 13256.2 -28.0424
13177.8 116.452 13275.3 -15.0249
13198 152.902 13294.9 27.9331
13216.5 189.351 13314.5 60.4769
13235.5 156.807 13333.2 65.684
13255.6 201.067 13352.8 63.0805
13274.7 234.912 13372.7 51.3647
13294.9 221.895 13392.9 65.684
13313.3 215.386 13410.7 87.8138
13332.6 212.782 13431.2 80.0033
13352.2 194.558 13451.4 106.038
13371.5 267.456 13470.4 142.488
13391.1 309.112 13490.3 145.091
13410.5 297.397 13509.1 141.186
13429.8 296.095 13529.3 103.435
13449.4 324.733 13548.6 132.074
13468.7 318.225 13568.8 202.368
13488 326.035 13588.1 263.551
13507.9 395.028 13608 286.982
13526.6 454.909 13627.1 284.379
13546 415.856 13646.7 223.196
13565 427.572 13667.7 300
13585.2 414.554 13687.6 314.319
13604.5 439.288 13702 384.614
13624.1 491.358 13681.5 443.193
13642.3 595.499 13663 517.393
