4019.45 -163.425 4036.77 -142.597
4004.19 -156.916 4056.44 -160.822
3999.79 -141.295 4075.52 -180.348
4015.34 -147.804 4094.31 -168.632
4034.42 -145.2 4113.69 -126.976
4054.68 -128.278 4133.65 -163.425
4073.76 -128.278 4153.62 -115.26
4092.84 -163.425 4172.12 -129.579
4113.1 -137.39 4192.68 -154.313
4132.77 -147.804 4210.89 -166.029
4153.33 -137.39 4230.57 -112.657
4171.24 -126.976 4250.24 -158.218
4191.8 -159.52 4269.92 -167.33
4210.89 -158.218 4289.31 -169.934
4230.57 -154.313 4308.7 -155.615
4249.36 -158.218 4328.09 -142.597
4269.34 -188.158 4347.48 -180.348
4288.72 -134.786 4367.16 -149.106
4307.52 -150.407 4386.26 -180.348
4327.8 -143.899 4405.36 -182.951
4347.19 -158.218 4426.23 -120.467
4367.16 -129.579 4444.74 -175.141
4386.26 -147.804 4465.01 -171.236
4405.95 -158.218 4483.23 -179.046
4425.64 -159.52 4502.63 -166.029
4444.15 -113.958 4522.91 -141.295
4463.55 -132.183 4542.31 -156.916
4483.53 -143.899 4562.3 -185.555
4502.34 -156.916 4581.1 -147.804
4522.32 -153.011 4600.21 -137.39
4542.6 -132.183 4620.2 -159.52
4561.71 -134.786 4639.31 -173.839
4580.81 -150.407 4658.41 -151.709
4599.92 -159.52 4678.11 -137.39
4618.44 -136.088 4697.51 -151.709
4639.31 -155.615 4716.62 -133.485
4658.71 -146.502 4736.32 -150.407
4677.23 -176.443 4756.01 -168.632
4697.8 -130.881 4775.12 -151.709
4716.33 -133.485 4794.82 -176.443
4736.32 -166.029 4815.11 -154.313
4755.72 -116.562 4833.04 -142.597
4775.42 -141.295 4853.33 -134.786
4794.23 -162.123 4871.85 -190.762
4812.76 -149.106 4891.26 -171.236
4832.45 -143.899 4910.96 -143.899
4852.74 -150.407 4930.36 -153.011
4871.85 -143.899 4949.77 -145.2
4891.55 -150.407 4969.47 -169.934
4911.25 -138.692 4988.87 -125.674
4930.07 -139.993 5007.98 -167.33
4949.77 -141.295 5027.68 -169.934
4969.17 -154.313 5047.39 -128.278
4989.46 -125.674 5067.09 -156.916
5008.28 -147.804 5086.49 -110.053
5027.68 -120.467 5106.19 -134.786
5046.8 -143.899 5124.72 -155.615
5065.61 -164.727 5144.42 -143.899
5085.9 -158.218 5163.82 -185.555
5105.6 -141.295 5183.82 -156.916
5123.84 -150.407 5203.52 -172.537
5143.53 -129.579 5222.92 -138.692
5162.94 -113.958 5241.74 -167.33
5182.64 -155.615 5260.85 -177.744
5201.75 -145.2 5279.97 -155.615
5221.75 -156.916 5300.55 -154.313
5240.86 -111.355 5318.78 -184.253
5260.56 -149.106 5339.06 -143.899
5279.67 -149.106 5359.06 -175.141
5299.08 -121.769 5378.46 -155.615
5319.07 -126.976 5396.98 -153.011
5337.89 -142.597 5416.1 -188.158
5357.29 -117.864 5436.97 -158.218
5376.7 -128.278 5456.08 -145.2
5395.22 -137.39 5474.9 -162.123
5415.8 -129.579 5494 -156.916
5434.91 -100.941 5514.29 -128.278
5454.02 -149.106 5533.69 -181.65
5474.9 -145.2 5553.09 -142.597
5493.71 -156.916 5573.38 -153.011
5513.7 -120.467 5591.31 -146.502
5532.52 -141.295 5610.71 -147.804
5552.51 -141.295 5630.11 -158.218
5571.32 -132.183 5650.39 -139.993
5590.72 -168.632 5669.8 -147.804
5609.53 -150.407 5689.19 -153.011
5628.94 -146.502 5708.59 -149.106
5648.63 -139.993 5727.99 -156.916
5668.91 -116.562 5747.98 -176.443
5688.02 -102.243 5766.49 -175.141
5706.54 -124.372 5786.48 -137.39
5727.4 -150.407 5805.58 -158.218
5745.04 -181.65 5824.39 -155.615
5765.9 -149.106 5844.08 -158.218
5784.72 -110.053 5863.77 -141.295
5804.7 -119.165 5883.46 -177.744
5823.8 -145.2 5902.26 -173.839
5843.49 -146.502 5922.83 -153.011
5862.3 -142.597 5941.93 -163.425
5881.99 -175.141 5961.32 -163.425
5900.21 -149.106 5979.83 -150.407
5919.89 -121.769 5999.52 -138.692
5940.17 -167.33 6019.49 -158.218
5958.68 -139.993 6039.47 -129.579
5979.54 -153.011 6058.86 -139.993
5997.75 -130.881 6077.66 -153.011
6017.15 -102.243 6097.34 -147.804
6037.12 -153.011 6117.32 -156.916
6056.22 -143.899 6135.53 -175.141
6075.61 -150.407 6155.21 -180.348
6095.88 -153.011 6175.77 -176.443
6114.09 -126.976 6194.57 -133.485
6134.06 -141.295 6213.66 -159.52
6153.45 -132.183 6233.04 -142.597
6173.42 -182.951 6253.01 -177.744
6194.27 -138.692 6272.1 -163.425
6211.31 -119.165 6291.77 -175.141
6231.28 -150.407 6310.27 -115.26
6250.66 -156.916 6329.94 -149.106
6269.75 -116.562 6351.09 -155.615
6289.72 -146.502 6369.58 -150.407
6308.8 -163.425 6388.08 -167.33
6328.18 -115.26 6407.45 -163.425
6348.15 -154.313 6427.42 -149.106
6366.65 -147.804 6446.79 -155.615
6386.02 -156.916 6467.05 -154.313
6405.99 -143.899 6486.42 -134.786
6425.07 -155.615 6504.62 -146.502
6444.44 -154.313 6525.16 -139.993
6464.4 -136.088 6545.12 -145.2
6482.6 -154.313 6563.9 -177.744
6503.15 -133.485 6583.57 -160.822
6522.23 -159.52 6603.52 -143.899
6541.31 -128.278 6622.89 -136.088
6560.97 -141.295 6641.67 -190.762
6580.93 -146.502 6661.62 -145.2
6600 -153.011 6680.99 -154.313
6619.66 -134.786 6699.47 -168.632
6639.03 -154.313 6719.13 -155.615
6658.98 -150.407 6739.08 -115.26
6677.76 -158.218 6758.44 -116.562
6697.71 -166.029 6778.68 -175.141
6716.78 -155.615 6796.87 -169.934
6735.85 -128.278 6817.1 -171.236
6755.5 -143.899 6836.46 -188.158
6775.16 -128.278 6856.11 -167.33
6793.64 -156.916 6875.17 -160.822
6813.88 -142.597 6894.82 -158.218
6832.94 -164.727 6913.59 -124.372
6852.3 -115.26 6933.82 -163.425
6871.95 -149.106 6953.18 -175.141
6892.18 -132.183 6972.53 -163.425
6910.66 -134.786 6991.88 -142.597
6930.89 -156.916 7010.35 -137.39
6949.66 -171.236 7031.17 -163.425
6969.01 -158.218 7050.81 -162.123
6987.78 -136.088 7069.57 -197.271
7007.42 -156.916 7089.5 -173.839
7027.35 -130.881 7107.67 -163.425
7047 -151.709 7127.31 -112.657
7064.88 -119.165 7148.12 -139.993
7085.4 -171.236 7166.88 -130.881
7104.45 -142.597 7186.22 -193.365
7123.21 -155.615 7206.15 -188.158
7143.43 -142.597 7224.61 -188.158
7162.77 -141.295 7245.41 -150.407
7182.12 -126.976 7264.16 -137.39
7201.75 -136.088 7282.33 -141.295
7221.09 -143.899 7301.96 -164.727
7240.14 -145.2 7321.59 -164.727
7260.06 -113.958 7341.22 -145.2
7278.23 -146.502 7360.84 -166.029
7298.44 -164.727 7379.88 -168.632
7317.49 -167.33 7400.09 -146.502
7337.41 -143.899 7418.84 -146.502
7356.45 -138.692 7438.46 -162.123
7375.78 -123.071 7458.08 -156.916
7395.99 -160.822 7477.71 -189.46
7415.03 -166.029 7497.62 -159.52
7434.36 -172.537 7516.65 -153.011
7454.28 -124.372 7535.69 -173.839
7472.43 -116.562 7555.6 -132.183
7492.93 -164.727 7574.92 -166.029
7512.85 -163.425 7595.12 -163.425
7531.59 -155.615 7613.86 -151.709
7551.2 -172.537 7632.89 -162.123
7570.24 -146.502 7652.21 -175.141
7589.85 -156.916 7671.82 -154.313
7609.47 -129.579 7691.43 -151.709
7629.37 -108.751 7710.45 -159.52
7647.52 -138.692 7730.65 -168.632
7666.55 -130.881 7749.97 -142.597
7687.04 -162.123 7770.16 -171.236
7706.36 -156.916 7789.18 -142.597
7725.97 -129.579 7807.61 -180.348
7745.28 -158.218 7828.39 -160.822
7764.6 -136.088 7847.41 -166.029
7784.2 -147.804 7866.43 -160.822
7803.52 -159.52 7885.74 -156.916
7822.25 -138.692 7905.92 -188.158
7841.85 -188.158 7924.36 -159.52
7862.33 -166.029 7944.54 -134.786
7881.06 -151.709 7963.85 -133.485
7900.37 -147.804 7983.74 -145.2
7920.26 -169.934 8003.04 -166.029
7938.98 -151.709 8022.35 -181.65
7959.17 -116.562 8041.36 -198.572
7978.18 -128.278 8060.37 -167.33
7997.48 -151.709 8079.67 -175.141
8017.08 -120.467 8099.55 -171.236
8036.38 -167.33 8118.85 -145.2
8055.98 -139.993 8139.03 -142.597
8075.87 -143.899 8158.91 -173.839
8094.87 -153.011 8178.5 -184.253
8113.88 -137.39 8197.8 -156.916
8132.89 -134.786 8216.51 -141.295
8152.77 -156.916 8237.27 -129.579
8172.07 -154.313 8255.68 -164.727
8191.66 -171.236 8274.68 -139.993
8212.12 -156.916 8294.85 -181.65
8229.96 -126.976 8313.85 -172.537
8249.55 -164.727 8333.44 -143.899
8269.42 -167.33 8353.6 -139.993
8289.01 -146.502 8372.9 -153.011
8308.3 -143.899 8391.89 -162.123
8327.88 -142.597 8411.18 -176.443
8346.88 -166.029 8431.34 -139.993
8366.46 -162.123 8450.34 -195.969
8385.46 -169.934 8469.92 -159.52
8405.04 -143.899 8488.62 -158.218
8423.45 -124.372 8508.49 -162.123
8444.2 -132.183 8528.35 -158.218
8462.32 -143.899 8546.76 -137.39
8482.19 -177.744 8567.5 -169.934
8502.06 -113.958 8585.91 -180.348
8521.34 -125.674 8606.07 -189.46
8540.92 -134.786 8624.18 -160.822
8561.08 -151.709 8644.63 -164.727
8579.48 -142.597 8663.61 -167.33
8598.76 -107.45 8683.77 -167.33
8617.75 -133.485 8703.63 -167.33
8637.91 -126.976 8722.91 -163.425
8657.19 -143.899 8741.89 -179.046
8677.34 -133.485 8761.75 -129.579
8695.16 -146.502 8781.32 -159.52
8713.85 -145.2 8799.13 -163.425
8735.47 -139.993 8819.28 -158.218
8754.16 -139.993 8838.56 -159.52
8772.85 -134.786 8858.7 -160.822
8793 -137.39 8877.68 -158.218
8812.56 -177.744 8897.25 -151.709
8831.55 -138.692 8916.52 -167.33
8852.28 -128.278 8936.08 -126.976
8870.39 -150.407 8955.35 -181.65
8890.53 -111.355 8974.62 -181.65
8909.8 -142.597 8994.76 -171.236
8929.66 -147.804 9012.86 -154.313
8948.34 -162.123 9033.59 -121.769
8967.91 -126.976 9054.03 -138.692
8987.17 -150.407 9072.42 -138.692
9006.44 -143.899 9091.68 -169.934
9025.13 -142.597 9110.65 -159.52
9044.98 -129.579 9131.09 -171.236
9065.12 -119.165 9150.06 -175.141
9084.38 -143.899 9169.62 -180.348
9103.36 -124.372 9189.46 -136.088
9122.62 -142.597 9207.85 -147.804
9143.35 -145.2 9228.28 -155.615
9162.32 -132.183 9247.54 -147.804
9180.42 -153.011 9267.1 -124.372
9200.85 -177.744 9286.36 -163.425
9219.82 -142.597 9305.62 -160.822
9238.5 -154.313 9325.17 -167.33
9258.05 -113.958 9344.14 -155.615
9278.48 -150.407 9363.69 -136.088
9297.15 -129.579 9383.82 -175.141
9316.71 -134.786 9402.79 -181.65
9336.84 -126.976 9422.63 -115.26
9356.39 -120.467 9441.89 -182.951
9375.07 -180.348 9460.85 -151.709
9395.79 -128.278 9480.7 -149.106
9413.59 -160.822 9499.37 -145.2
9433.72 -177.744 9520.08 -177.744
9452.98 -132.183 9538.46 -164.727
9472.23 -126.976 9558.59 -159.52
9491.78 -138.692 9577.85 -154.313
9511.04 -141.295 9597.69 -138.692
9529.71 -159.52 9616.94 -168.632
9549.84 -159.52 9636.2 -177.744
9568.81 -186.857 9655.16 -158.218
9588.35 -150.407 9675.58 -146.502
9607.61 -160.822 9694.25 -125.674
9627.74 -123.071 9714.09 -180.348
9646.7 -113.958 9733.63 -150.407
9667.12 -164.727 9753.47 -163.425
9686.08 -177.744 9771.85 -160.822
9705.04 -158.218 9792.56 -190.762
9724.3 -154.313 9812.68 -182.951
9744.13 -126.976 9831.06 -192.064
9763.39 -115.26 9850.31 -147.804
9783.22 -132.183 9870.44 -176.443
9801.89 -116.562 9890.85 -141.295
9822.02 -138.692 9908.94 -151.709
9840.98 -143.899 9927.61 -199.874
9860.81 -128.278 9948.31 -116.562
9880.35 -141.295 9966.98 -167.33
9898.44 -142.597 9986.52 -177.744
9919.15 -142.597 10005.8 -167.33
9938.1 -128.278 10025.9 -166.029
9957.65 -149.106 10045.4 -166.029
9977.19 -180.348 10064.4 -185.555
9996.15 -162.123 10083.6 -168.632
10015.1 -169.934 10103.2 -153.011
10034.9 -132.183 10123 -150.407
10054.2 -151.709 10142.8 -153.011
10074.3 -164.727 10162.4 -139.993
10093 -153.011 10181.1 -155.615
10111.9 -155.615 10200.9 -139.993
10131.8 -155.615 10220.4 -190.762
10151.3 -108.751 10239.7 -133.485
10170.6 -167.33 10258.6 -139.993
10189.2 -111.355 10279 -159.52
10208.8 -149.106 10297.4 -160.822
10228.6 -136.088 10317.6 -141.295
10248.7 -149.106 10336.8 -141.295
10266.8 -130.881 10356 -124.372
10287.2 -173.839 10375.3 -166.029
10305.6 -136.088 10395.4 -132.183
10325.4 -150.407 10414.4 -139.993
10345.3 -137.39 10433.9 -195.969
10363.6 -128.278 10453.7 -151.709
10384 -138.692 10473.3 -166.029
10403.6 -169.934 10493.4 -149.106
10423.1 -155.615 10510.6 -154.313
10442.9 -147.804 10531.6 -158.218
10461.9 -169.934 10550.9 -141.295
10481.5 -163.425 10570.1 -180.348
10500.7 -163.425 10589.7 -154.313
10519.1 -173.839 10608.6 -180.348
10539.8 -151.709 10627.9 -159.52
10558.7 -123.071 10648.3 -162.123
10578.9 -155.615 10666.7 -160.822
10597.5 -119.165 10686.8 -150.407
10617.1 -173.839 10705.7 -166.029
10637.5 -146.502 10726.1 -173.839
10655.6 -133.485 10745.7 -156.916
10675.4 -153.011 10763.8 -159.52
10694.4 -160.822 10783.6 -169.934
10714.5 -150.407 10802.6 -132.183
10734 -149.106 10823.6 -128.278
10752.4 -145.2 10842.2 -120.467
10772.2 -129.579 10861.8 -155.615
10791.8 -150.407 10880.7 -168.632
10810.4 -169.934 10900.6 -180.348
10830.9 -136.088 10920.7 -179.046
10849.8 -112.657 10939.7 -155.615
10869.6 -172.537 10958.6 -149.106
10888 -143.899 10978.5 -130.881
10908.7 -160.822 10997.4 -147.804
10927.4 -116.562 11017.3 -181.65
10946.9 -153.011 11037.1 -171.236
10966.2 -138.692 11056.3 -179.046
10985.8 -137.39 11075.9 -162.123
11004.4 -106.148 11095.1 -138.692
11024.5 -160.822 11114.4 -154.313
11044.7 -149.106 11133.9 -164.727
11064.2 -97.0355 11152.9 -169.934
11083.2 -129.579 11173.3 -147.804
11102.4 -120.467 11192.3 -177.744
11121.7 -139.993 11212.1 -162.123
11141.2 -151.709 11231.7 -142.597
11161.1 -138.692 11251.2 -137.39
11178.9 -145.2 11270.5 -162.123
11198.7 -149.106 11289.7 -182.951
11218.6 -141.295 11308.7 -162.123
11238.1 -141.295 11328.5 -195.969
11257.6 -139.993 11348.1 -163.425
11276.9 -107.45 11367.1 -147.804
11295.9 -192.064 11387.2 -195.969
11315.1 -147.804 11406.8 -139.993
11335.8 -137.39 11425.4 -126.976
11355.4 -147.804 11445.6 -185.555
11373.2 -121.769 11464.8 -169.934
11393 -112.657 11485.5 -167.33
11412.3 -156.916 11503 -149.106
11431.5 -156.916 11524.1 -188.158
11451.4 -172.537 11542.2 -143.899
11470.7 -128.278 11562.6 -206.383
11489.9 -143.899 11582.4 -194.667
11509.5 -117.864 11600.8 -125.674
11528.7 -121.769 11621.3 -147.804
11548.6 -138.692 11639.9 -153.011
11568.1 -119.165 11659.5 -129.579
11586.8 -156.916 11679.9 -162.123
11606.7 -141.295 11698.3 -150.407
11625.6 -134.786 11717.3 -192.064
11644 -129.579 11737.4 -146.502
11665 -145.2 11756.7 -162.123
11683.4 -129.579 11777.1 -151.709
11704.1 -171.236 11795.5 -141.295
11723.1 -149.106 11814.5 -153.011
11742.7 -166.029 11835.2 -189.46
11762.2 -143.899 11854.5 -163.425
11780.9 -139.993 11874.1 -143.899
11800.5 -146.502 11892.5 -133.485
11820 -130.881 11912.3 -180.348
11839.6 -151.709 11931.6 -162.123
11858.6 -136.088 11951.4 -169.934
11878.1 -155.615 11970.4 -189.46
11897.7 -108.751 11989.4 -188.158
11916.7 -146.502 12010.4 -139.993
11936.3 -147.804 12029.7 -145.2
11956.1 -151.709 12049 -133.485
11975.1 -149.106 12069.1 -193.365
11994.9 -136.088 12088.7 -151.709
12013 -180.348 12107.1 -210.288
12032.9 -184.253 12127 -194.667
12053.4 -130.881 12146.2 -184.253
12071.2 -138.692 12165.8 -189.46
12091.6 -108.751 12185.4 -175.141
12110.9 -133.485 12204.7 -172.537
12130.5 -153.011 12223.3 -197.271
12150.9 -133.485 12243.5 -208.986
12169 -151.709 12263.7 -176.443
12188.3 -121.769 12282.4 -210.288
12208.2 -139.993 12300.8 -193.365
12226.9 -108.751 12321.5 -203.779
12246.7 -102.243 12340.2 -151.709
12266 -146.502 12360.4 -199.874
12285.6 -150.407 12379.9 -149.106
12305.4 -136.088 12399.8 -168.632
12324.1 -134.786 12418.2 -154.313
12344 -124.372 12437.5 -184.253
12363.3 -119.165 12457.7 -171.236
12382 -121.769 12477 -184.253
12401.6 -108.751 12496.8 -120.467
12420.9 -134.786 12515.5 -147.804
12441 -93.1302 12535.4 -125.674
12459.7 -110.053 12555.3 -182.951
12480.2 -119.165 12574.6 -168.632
12498.3 -46.267 12593.9 -128.278
12518.2 -93.1302 12613.4 -147.804
12538.3 -60.5863 12632.7 -129.579
12557 -103.544 12651.1 -142.597
12576.9 -69.6986 12671.3 -141.295
12596.8 -38.4565 12691.2 -90.5267
12615.2 -56.6811 12710.8 -87.9232
12635.4 -25.4389 12729.2 -87.9232
12653.8 -15.0249 12749.4 -91.8285
12673.9 -81.4144 12768.4 -115.26
12692.4 -28.0424 12788.3 -68.3969
12712.3 5.80321 12807 -90.5267
12731.8 18.8208 12827.7 -43.6635
12752 24.0278 12846.5 -43.6635
12771 60.4769 12865.8 -73.6039
12790 69.5892 12885.6 -74.9056
12808.7 38.3471 12905.2 -61.8881
12828.6 73.4945 12924.5 -59.2846
12847.3 68.2875 12944.1 -34.5512
12867.8 34.4418 12963.7 18.8208
12886.8 24.0278 12983 -7.21435
12906.1 57.8734 13002.3 -25.4389
12924.8 66.9857 13021.6 -86.6215
12944.4 51.3647 13041.8 -95.7337
12964.6 51.3647 13061.4 -100.941
12984.5 -3.30908 13080.7 -113.958
13002.9 21.4243 13100 -91.8285
13022.8 13.6137 13119.3 -141.295
13041.2 38.3471 13138.6 -156.916
13062 26.6313 13159.1 -147.804
13080.4 -17.6284 13177.8 -103.544
13100 42.2524 13196.9 -146.502
13119.9 38.3471 13217.3 -126.976
13138.6 48.7611 13236.1 -73.6039
13158.8 -0.70557 13255.1 -77.5092
13178.1 69.5892 13275.8 -47.5688
13197.1 51.3647 13294.9 -78.8109
13216.2 48.7611 13314.2 -95.7337
13236.4 64.3822 13334.1 -57.9828
13255.4 70.891 13353.4 -55.3793
13274.7 107.34 13373 4.50145
13294.3 93.0208 13392 35.7436
13313 135.979 13412.2 17.519
13332.6 180.238 13430.9 37.0453
13351.9 160.712 13450.8 25.3295
13371.5 155.505 13471.6 53.9682
13390.8 146.393 13490.6 66.9857
13410.2 175.031 13510 128.168
13429.5 215.386 13529 115.151
13450 206.274 13549.5 152.902
13468.7 188.049 13568.2 134.677
13488.3 232.309 13587.8 148.996
13507.3 240.119 13607.4 165.919
13527.2 272.663 13627.1 193.256
13547.1 283.077 13647 237.516
13565.9 284.379 13668.3 279.172
13584.9 345.561 13687.6 271.361
13603.6 393.726 13700.8 292.189
13623.8 396.33 13682.1 288.284
13643.7 345.561 13663.3 298.698
