4019.16 -180.348 4037.65 -162.123
4003.02 -149.106 4056.14 -172.537
3999.79 -164.727 4075.52 -192.064
4015.34 -199.874 4094.6 -146.502
4034.42 -197.271 4113.39 -149.106
4054.09 -151.709 4134.53 -184.253
4074.34 -186.857 4153.03 -240.229
4094.01 -156.916 4172.12 -184.253
4113.69 -167.33 4192.38 -153.011
4133.36 -159.52 4210.89 -192.064
4153.33 -147.804 4230.86 -175.141
4171.83 -142.597 4249.95 -154.313
4191.21 -185.555 4270.22 -159.52
4210.3 -192.064 4289.31 -185.555
4229.98 -186.857 4308.7 -173.839
4249.36 -147.804 4327.8 -202.478
4269.63 -188.158 4347.19 -190.762
4288.43 -193.365 4366.58 -180.348
4308.7 -139.993 4386.56 -153.011
4326.62 -181.65 4405.95 -222.004
4347.19 -163.425 4425.93 -188.158
4366.28 -146.502 4444.74 -173.839
4386.26 -154.313 4463.84 -168.632
4404.77 -192.064 4484.41 -181.65
4424.46 -175.141 4503.22 -203.779
4443.86 -166.029 4522.32 -171.236
4465.01 -145.2 4542.01 -181.65
4482.94 -169.934 4561.71 -149.106
4502.93 -181.65 4581.4 -181.65
4522.32 -156.916 4600.21 -207.685
4541.43 -124.372 4619.9 -147.804
4560.83 -189.46 4638.72 -194.667
4580.52 -179.046 4659.3 -176.443
4599.92 -182.951 4678.11 -186.857
4619.32 -202.478 4697.51 -164.727
4638.72 -177.744 4716.62 -172.537
4659 -168.632 4736.02 -190.762
4678.11 -172.537 4755.72 -175.141
4698.1 -155.615 4775.71 -160.822
4716.33 -172.537 4794.53 -198.572
4736.32 -188.158 4813.34 -176.443
4754.84 -164.727 4833.63 -172.537
4776 -175.141 4853.03 -197.271
4794.82 -177.744 4872.14 -181.65
4813.64 -145.2 4892.14 -205.081
4832.75 -164.727 4911.25 -163.425
4852.74 -186.857 4930.65 -162.123
4871.85 -149.106 4950.65 -180.348
4891.26 -212.892 4969.17 -194.667
4910.66 -168.632 4988.87 -160.822
4930.36 -159.52 5008.28 -168.632
4949.18 -171.236 5027.68 -160.822
4969.17 -134.786 5047.09 -167.33
4988.87 -172.537 5067.67 -181.65
5007.98 -180.348 5086.79 -186.857
5027.68 -201.176 5105.6 -182.951
5046.21 -160.822 5123.54 -172.537
5065.61 -192.064 5145.01 -180.348
5085.9 -155.615 5164.41 -153.011
5105.6 -171.236 5184.11 -197.271
5125.31 -159.52 5202.34 -180.348
5143.53 -153.011 5222.34 -188.158
5163.24 -172.537 5242.62 -194.667
5182.94 -142.597 5260.85 -179.046
5202.34 -119.165 5280.26 -166.029
5221.16 -176.443 5299.96 -153.011
5240.57 -166.029 5318.78 -201.176
5260.56 -155.615 5338.77 -171.236
5279.97 -182.951 5359.06 -184.253
5299.08 -192.064 5377.87 -189.46
5318.19 -197.271 5397.28 -172.537
5337.6 -171.236 5416.39 -142.597
5357 -137.39 5436.09 -168.632
5377.58 -150.407 5456.37 -171.236
5397.28 -188.158 5474.9 -177.744
5415.21 -180.348 5494.3 -188.158
5435.79 -172.537 5514.29 -192.064
5455.2 -179.046 5533.69 -163.425
5474.9 -171.236 5552.8 -172.537
5494 -154.313 5573.38 -181.65
5512.23 -126.976 5591.31 -194.667
5532.22 -145.2 5610.42 -188.158
5551.33 -175.141 5630.11 -203.779
5571.32 -184.253 5650.39 -160.822
5590.14 -163.425 5669.8 -210.288
5610.71 -179.046 5689.78 -167.33
5628.94 -123.071 5708.01 -171.236
5648.63 -149.106 5728.87 -158.218
5668.62 -167.33 5747.98 -181.65
5688.31 -155.615 5767.38 -155.615
5707.71 -175.141 5786.77 -185.555
5727.11 -159.52 5805.88 -171.236
5745.33 -169.934 5825.86 -167.33
5766.2 -156.916 5844.08 -158.218
5785.6 -176.443 5863.77 -176.443
5804.7 -189.46 5884.34 -176.443
5824.39 -188.158 5902.85 -175.141
5843.49 -160.822 5921.95 -186.857
5862.89 -195.969 5941.05 -189.46
5881.99 -146.502 5961.91 -185.555
5902.26 -171.236 5980.71 -173.839
5920.19 -138.692 6000.1 -172.537
5939.58 -172.537 6018.61 -194.667
5958.09 -188.158 6038.59 -173.839
5978.95 -159.52 6058.27 -185.555
5999.22 -150.407 6076.78 -169.934
6018.03 -186.857 6097.05 -171.236
6036.83 -169.934 6116.73 -172.537
6057.1 -164.727 6136.41 -189.46
6076.19 -158.218 6155.8 -203.779
6095.29 -150.407 6175.48 -180.348
6114.09 -164.727 6194.86 -206.383
6134.06 -175.141 6212.78 -195.969
6154.04 -175.141 6233.04 -142.597
6173.42 -154.313 6252.42 -176.443
6193.1 -167.33 6272.1 -186.857
6211.31 -177.744 6291.18 -194.667
6230.98 -166.029 6310.86 -175.141
6250.37 -175.141 6330.24 -190.762
6269.75 -192.064 6349.91 -182.951
6290.01 -180.348 6369.29 -166.029
6308.22 -182.951 6389.25 -175.141
6328.18 -159.52 6407.75 -169.934
6347.56 -175.141 6427.12 -162.123
6367.23 -175.141 6447.09 -185.555
6386.32 -175.141 6467.05 -164.727
6405.99 -199.874 6485.24 -169.934
6425.65 -163.425 6505.79 -167.33
6444.74 -154.313 6525.16 -189.46
6464.4 -150.407 6544.83 -185.555
6483.48 -142.597 6563.9 -180.348
6502.86 -176.443 6583.57 -162.123
6522.52 -207.685 6603.23 -177.744
6541.6 -188.158 6622.6 -185.555
6561.56 -177.744 6641.67 -172.537
6580.93 -169.934 6661.62 -222.004
6599.41 -166.029 6680.69 -176.443
6619.66 -175.141 6699.47 -216.797
6639.61 -158.218 6720.3 -181.65
6658.39 -202.478 6739.66 -181.65
6677.76 -162.123 6759.02 -169.934
6697.71 -193.365 6778.39 -154.313
6717.07 -184.253 6797.45 -171.236
6736.14 -154.313 6816.22 -186.857
6755.21 -176.443 6835.58 -179.046
6774.57 -153.011 6856.11 -163.425
6794.23 -182.951 6874.88 -201.176
6813.88 -164.727 6894.82 -192.064
6833.53 -169.934 6914.77 -169.934
6852.01 -155.615 6934.12 -197.271
6872.24 -188.158 6953.18 -159.52
6891.6 -182.951 6973.12 -185.555
6911.54 -151.709 6992.17 -207.685
6930.31 -159.52 7010.94 -194.667
6949.95 -175.141 7030.58 -159.52
6969.6 -173.839 7050.22 -166.029
6987.78 -147.804 7069.28 -177.744
7008.01 -154.313 7089.5 -143.899
7027.35 -162.123 7107.97 -208.986
7045.82 -184.253 7127.6 -172.537
7064.88 -147.804 7146.95 -197.271
7085.98 -185.555 7166.88 -154.313
7104.74 -176.443 7185.63 -203.779
7123.21 -164.727 7205.56 -181.65
7143.14 -154.313 7224.61 -138.692
7163.36 -155.615 7244.53 -202.478
7181.82 -180.348 7264.16 -153.011
7201.75 -175.141 7283.79 -188.158
7221.09 -153.011 7302.84 -179.046
7240.43 -156.916 7322.47 -171.236
7260.06 -173.839 7341.8 -197.271
7279.4 -164.727 7362.02 -164.727
7298.74 -159.52 7380.18 -176.443
7318.07 -184.253 7399.8 -180.348
7337.41 -197.271 7419.13 -188.158
7356.74 -167.33 7438.46 -150.407
7376.66 -119.165 7458.67 -153.011
7395.41 -160.822 7478.88 -175.141
7415.62 -163.425 7497.03 -160.822
7434.65 -164.727 7517.24 -169.934
7453.98 -173.839 7536.56 -189.46
7473.02 -182.951 7555.6 -185.555
7492.35 -160.822 7574.92 -168.632
7512.85 -146.502 7594.54 -149.106
7531.29 -171.236 7613.57 -185.555
7551.5 -142.597 7633.18 -147.804
7570.53 -146.502 7652.5 -151.709
7589.85 -181.65 7671.53 -179.046
7609.47 -228.513 7692.31 -194.667
7628.2 -169.934 7710.45 -181.65
7648.69 -162.123 7730.36 -158.218
7668.31 -166.029 7750.84 -197.271
7687.04 -112.657 7769.87 -201.176
7706.36 -181.65 7789.18 -168.632
7726.55 -181.65 7808.49 -169.934
7744.99 -203.779 7827.51 -173.839
7764.01 -175.141 7847.7 -198.572
7783.62 -192.064 7866.72 -142.597
7803.81 -197.271 7886.62 -188.158
7822.54 -147.804 7905.92 -163.425
7842.14 -175.141 7924.94 -171.236
7861.75 -149.106 7944.83 -173.839
7881.35 -171.236 7963.85 -198.572
7900.37 -175.141 7984.03 -151.709
7919.68 -158.218 8002.75 -181.65
7939.86 -128.278 8022.64 -151.709
7959.75 -159.52 8042.23 -158.218
7977.89 -146.502 8061.54 -169.934
7998.36 -173.839 8080.25 -163.425
8016.2 -180.348 8100.14 -177.744
8036.68 -177.744 8119.44 -173.839
8055.69 -171.236 8138.45 -184.253
8075.28 -179.046 8158.91 -163.425
8094.58 -133.485 8177.92 -149.106
8113.88 -154.313 8197.22 -197.271
8133.47 -158.218 8216.51 -182.951
8152.48 -197.271 8235.8 -176.443
8172.07 -163.425 8255.98 -195.969
8191.07 -186.857 8274.39 -145.2
8211.25 -172.537 8295.44 -166.029
8229.67 -166.029 8314.44 -185.555
8250.13 -162.123 8333.15 -162.123
8268.84 -177.744 8353.9 -179.046
8288.72 -172.537 8372.31 -201.176
8307.42 -182.951 8392.77 -151.709
8326.42 -167.33 8412.06 -222.004
8346.59 -143.899 8431.05 -155.615
8365.3 -173.839 8451.21 -166.029
8386.05 -193.365 8469.92 -203.779
8405.33 -167.33 8488.62 -206.383
8424.33 -168.632 8508.78 -194.667
8444.49 -172.537 8528.35 -159.52
8463.2 -177.744 8547.34 -167.33
8481.9 -145.2 8566.63 -194.667
8501.47 -164.727 8585.91 -158.218
8521.93 -185.555 8605.77 -176.443
8540.63 -188.158 8625.35 -203.779
8560.2 -194.667 8644.63 -202.478
8579.77 -181.65 8664.49 -173.839
8599.06 -154.313 8683.77 -142.597
8618.33 -158.218 8702.75 -166.029
8637.32 -150.407 8722.91 -151.709
8656.6 -201.176 8742.18 -182.951
8676.76 -164.727 8761.17 -199.874
8695.45 -154.313 8781.32 -171.236
8715.31 -130.881 8800.3 -159.52
8734.88 -177.744 8819.57 -169.934
8754.74 -164.727 8839.72 -180.348
8772.85 -168.632 8858.7 -160.822
8792.71 -150.407 8877.39 -188.158
8812.86 -155.615 8896.95 -207.685
8830.67 -160.822 8916.81 -207.685
8851.11 -189.46 8936.37 -210.288
8870.97 -180.348 8955.35 -175.141
8889.65 -156.916 8975.2 -145.2
8908.93 -193.365 8994.47 -172.537
8929.37 -132.183 9014.03 -130.881
8948.34 -192.064 9033.3 -179.046
8967.32 -137.39 9052.56 -189.46
8987.47 -168.632 9072.42 -193.365
9006.73 -176.443 9091.68 -172.537
9025.71 -182.951 9112.11 -151.709
9044.98 -155.615 9131.09 -171.236
9064.53 -160.822 9149.48 -163.425
9083.22 -181.65 9170.2 -205.081
9103.65 -176.443 9189.17 -224.608
9122.33 -171.236 9208.43 -171.236
9142.47 -169.934 9227.7 -158.218
9162.32 -164.727 9247.83 -159.52
9180.71 -150.407 9267.68 -149.106
9200.85 -117.864 9286.07 -186.857
9220.11 -203.779 9305.62 -167.33
9239.08 -182.951 9324.88 -190.762
9259.22 -188.158 9343.84 -208.986
9278.77 -145.2 9363.98 -188.158
9298.03 -180.348 9384.41 -193.365
9316.12 -163.425 9403.37 -173.839
9336.84 -168.632 9422.34 -176.443
9356.69 -181.65 9443.06 -185.555
9375.65 -203.779 9462.02 -158.218
9394.62 -192.064 9479.82 -173.839
9413.88 -163.425 9500.54 -181.65
9433.14 -176.443 9519.79 -177.744
9452.69 -162.123 9539.34 -172.537
9472.23 -150.407 9558.59 -175.141
9492.07 -176.443 9578.73 -177.744
9511.04 -151.709 9598.27 -158.218
9530.88 -177.744 9616.36 -208.986
9550.72 -173.839 9636.49 -206.383
9568.51 -173.839 9656.03 -179.046
9589.23 -155.615 9675.87 -181.65
9608.77 -139.993 9695.71 -156.916
9627.44 -208.986 9714.38 -189.46
9647.28 -164.727 9734.51 -186.857
9665.66 -163.425 9753.76 -173.839
9686.08 -190.762 9773.01 -184.253
9704.46 -121.769 9791.97 -195.969
9724.01 -177.744 9811.81 -158.218
9742.97 -166.029 9830.77 -173.839
9763.68 -185.555 9850.89 -164.727
9782.64 -168.632 9870.44 -195.969
9801.6 -130.881 9888.81 -159.52
9821.72 -194.667 9908.35 -169.934
9840.98 -141.295 9928.48 -195.969
9860.52 -160.822 9947.44 -188.158
9880.06 -162.123 9967.27 -180.348
9899.32 -168.632 9987.4 -150.407
9918.27 -176.443 10005.8 -166.029
9937.52 -158.218 10025.3 -166.029
9957.94 -158.218 10045.7 -150.407
9976.9 -142.597 10064.1 -162.123
9996.44 -142.597 10084.2 -129.579
10015.7 -153.011 10103.2 -185.555
10034.6 -158.218 10123 -208.986
10054.5 -163.425 10142.3 -166.029
10074.9 -137.39 10161.5 -141.295
10093 -146.502 10181.6 -155.615
10112.8 -163.425 10200 -173.839
10132.1 -188.158 10220.4 -149.106
10151.6 -137.39 10239.7 -211.59
10170.6 -136.088 10258.6 -182.951
10190.1 -195.969 10278.2 -169.934
10209 -202.478 10297.7 -132.183
10228.6 -139.993 10317.6 -176.443
10249 -133.485 10336.2 -159.52
10267.7 -130.881 10356.6 -180.348
10287.2 -166.029 10375.6 -201.176
10306.2 -176.443 10395.1 -181.65
10325.7 -201.176 10415.3 -206.383
10345.3 -156.916 10433.9 -145.2
10364.8 -128.278 10453.5 -143.899
10383.5 -138.692 10473.3 -168.632
10404.2 -160.822 10492.5 -176.443
10422.8 -156.916 10511.8 -181.65
10442.1 -177.744 10531 -179.046
10461.9 -194.667 10550.9 -219.401
10481.2 -158.218 10569.5 -184.253
10500.7 -164.727 10589.9 -143.899
10519.4 -163.425 10609.2 -176.443
10538.3 -162.123 10628.1 -173.839
10558.1 -180.348 10646.8 -166.029
10578.3 -207.685 10666.9 -197.271
10597.2 -189.46 10686.2 -205.081
10617.4 -139.993 10706 -155.615
10636.3 -155.615 10725 -133.485
10655.9 -134.786 10744.8 -160.822
10674.8 -162.123 10764.6 -185.555
10694.1 -214.194 10783.3 -216.797
10713.6 -185.555 10803.7 -224.608
10733.1 -141.295 10823 -184.253
10752.1 -151.709 10842.8 -172.537
10771.6 -151.709 10862.1 -139.993
10790.6 -138.692 10880.7 -172.537
10811 -160.822 10901.5 -176.443
10829.4 -150.407 10921 -164.727
10849.8 -159.52 10939.1 -185.555
10869.1 -189.46 10958.9 -198.572
10888.3 -151.709 10978.5 -138.692
10908.2 -133.485 10998 -182.951
10927.4 -117.864 11017.3 -229.815
10946.7 -156.916 11035.9 -227.211
10966.2 -155.615 11056.9 -238.927
10984.6 -162.123 11075.6 -271.471
11005.6 -188.158 11096 -214.194
11024 -149.106 11114.1 -206.383
11043.2 -134.786 11134.2 -199.874
11063.1 -155.615 11153.8 -214.194
11083.5 -146.502 11174.2 -229.815
11101.6 -168.632 11192 -198.572
11122 -182.951 11211.3 -241.53
11141.2 -190.762 11231.4 -227.211
11160.5 -138.692 11251.2 -201.176
11179.8 -132.183 11271.1 -194.667
11199.3 -106.148 11289.7 -215.495
11218.6 -136.088 11309 -164.727
11238.4 -177.744 11329.1 -186.857
11257.1 -205.081 11347.8 -206.383
11276.9 -175.141 11368.2 -238.927
11296.2 -190.762 11387.5 -198.572
11314.8 -146.502 11406.5 -223.306
11335.3 -141.295 11426.6 -225.909
11353.6 -160.822 11445.6 -223.306
11374.4 -166.029 11465.1 -224.608
11392.7 -177.744 11484.4 -203.779
11412.6 -189.46 11504.2 -240.229
11431.8 -175.141 11522.6 -225.909
11451.1 -167.33 11542.5 -218.099
11470.1 -181.65 11562.6 -189.46
11490.2 -177.744 11581.6 -189.46
11509.8 -181.65 11600.8 -240.229
11528.4 -171.236 11620.4 -220.702
11548.6 -156.916 11640.2 -188.158
11567.8 -154.313 11659.2 -222.004
11586.8 -149.106 11678.8 -195.969
11606.7 -141.295 11698.3 -169.934
11625.6 -151.709 11718.5 -164.727
11644.6 -162.123 11736.5 -190.762
11665 -126.976 11756.7 -219.401
11684 -138.692 11776 -197.271
11703.6 -153.011 11795.2 -169.934
11722.8 -153.011 11814.8 -182.951
11741.5 -117.864 11834.4 -153.011
11761.1 -147.804 11854.2 -182.951
11780.6 -137.39 11874.9 -197.271
11801.1 -110.053 11893 -182.951
11819.5 -99.639 11911.7 -189.46
11839.3 -125.674 11931.6 -173.839
11857.7 -89.225 11950.3 -175.141
11877.6 -103.544 11971 -145.2
11897.7 -120.467 11990.9 -153.011
11916.4 -91.8285 12011 -151.709
11936.8 -106.148 12029.4 -141.295
11956.7 -74.9056 12048.4 -128.278
11974.8 -57.9828 12068 -126.976
11994.1 -50.1723 12087.5 -97.0355
12013.4 -38.4565 12106.5 -84.0179
12032.9 -63.1898 12126.7 -107.45
12053.1 -74.9056 12146.5 -98.3372
12071.8 -55.3793 12165.8 -138.692
12090.4 -18.9302 12184.8 -87.9232
12110.9 -25.4389 12204.9 -100.941
12129.3 14.9155 12224.2 -16.3266
12149.7 -17.6284 12244.1 -50.1723
12169.3 -17.6284 12263.1 -71.0004
12188.3 -25.4389 12282.1 -86.6215
12207.3 -51.474 12301.6 -104.846
12226.6 13.6137 12321.5 -89.225
12246.4 30.5366 12341.1 -81.4144
12266.6 34.4418 12359.8 -76.2074
12285.6 72.1928 12379.9 -55.3793
12305.1 44.8559 12398.6 -42.3617
12323.8 30.5366 12418.5 -48.8705
12343.4 14.9155 12438.4 -38.4565
12362.7 42.2524 12457.1 -35.853
12383.2 72.1928 12476.7 27.9331
12401.9 81.305 12496 14.9155
12420.6 91.7191 12515.5 3.1997
12440.7 122.961 12535.4 3.1997
12460 87.8138 12555 -17.6284
12479.6 111.245 12573.7 -0.70557
12498.9 162.014 12594.2 37.0453
12518.8 151.6 12613.4 80.0033
12537.7 178.937 12633 74.7963
12557.6 193.256 12653.8 80.0033
12577.2 194.558 12670.7 59.1752
12596.5 216.688 12691.2 48.7611
12616.1 223.196 12711.4 31.8383
12635.1 254.439 12729.8 47.4594
12654.7 294.793 12749.4 163.316
12673.9 267.456 12769 145.091
12693.3 302.604 12787.7 175.031
12711.7 302.604 12807.6 125.565
12732.1 342.958 12827.4 124.263
12751.7 365.088 12847.3 142.488
12770.1 361.182 12866 160.712
12790 432.779 12886.2 245.326
12809.6 437.986 12904.6 225.8
12828.9 406.744 12924.8 214.084
12847.9 458.814 12943.5 208.877
12867.5 466.625 12963.7 190.653
12887.1 490.056 12983.3 168.523
12905.8 491.358 13002.3 204.972
12926 497.867 13022.5 251.835
12945.3 508.281 13041.2 326.035
12964.3 530.411 13061.7 292.189
12983.6 538.221 13080.4 259.646
13003.2 496.565 13099.7 253.137
13022.5 514.79 13119.6 250.533
13042.1 538.221 13138.6 336.449
13061.4 552.541 13158.2 368.993
13081 551.239 13177.8 375.502
13100 549.937 13197.4 382.011
13119.3 559.049 13217 367.691
13138.3 599.404 13236.9 300
13158.5 599.404 13256.2 396.33
13178.4 643.664 13275.8 406.744
13196.9 615.025 13294.9 497.867
13216.7 644.965 13314.5 513.488
13235.5 685.32 13333.5 543.428
13254.2 713.958 13354.3 496.565
13274.7 753.011 13372.7 475.737
13293.7 730.881 13392.6 445.797
13313 755.614 13411.6 531.712
13332.9 725.674 13431.5 608.516
13351.9 788.158 13451.1 659.285
13370.6 815.495 13471 648.871
13390.8 822.004 13490.6 665.793
13410.5 837.625 13509.7 602.007
13429.2 832.418 13529.3 607.214
13449.7 781.65 13549.8 676.207
13469 771.236 13567.9 742.597
13488 842.832 13587.8 754.313
13506.7 861.057 13607.7 762.123
13527.2 913.127 13627.3 726.976
13546 948.274 13647.2 741.295
13565.6 918.334 13666.9 772.537
13585.2 870.169 13687.6 808.987
13604.2 904.015 13700.8 870.169
13623.8 933.955 13681.8 897.506
13643.1 1009.46 13663 936.559
