4018.86 -212.892 4036.48 -208.986
4003.6 -197.271 4054.97 -189.46
4000.37 -201.176 4075.52 -218.099
4015.34 -197.271 4094.31 -186.857
4035.3 -208.986 4113.98 -201.176
4054.97 -172.537 4133.36 -205.081
4074.05 -173.839 4153.03 -220.702
4094.01 -177.744 4172.41 -197.271
4113.39 -212.892 4192.38 -222.004
4133.07 -193.365 4211.77 -215.495
4151.86 -211.59 4231.44 -189.46
4172.12 -202.478 4249.95 -168.632
4191.21 -198.572 4270.22 -219.401
4210.89 -189.46 4289.02 -208.986
4229.98 -208.986 4308.41 -222.004
4249.95 -186.857 4328.38 -224.608
4268.75 -171.236 4347.19 -163.425
4288.72 -219.401 4367.16 -186.857
4308.41 -208.986 4386.85 -193.365
4327.8 -151.709 4406.54 -215.495
4347.19 -192.064 4425.05 -193.365
4366.28 -214.194 4444.44 -175.141
4385.97 -223.306 4465.01 -185.555
4405.36 -223.306 4483.23 -223.306
4424.76 -197.271 4503.22 -180.348
4444.15 -182.951 4522.32 -210.288
4463.55 -202.478 4541.43 -208.986
4484.12 -199.874 4561.41 -227.211
4502.63 -184.253 4581.4 -207.685
4521.73 -205.081 4600.8 -219.401
4541.72 -212.892 4619.9 -203.779
4561.12 -180.348 4639.31 -176.443
4580.22 -208.986 4658.41 -190.762
4600.51 -176.443 4677.52 -242.832
4619.02 -233.72 4697.8 -210.288
4639.01 -194.667 4717.21 -222.004
4658.41 -205.081 4736.61 -197.271
4677.81 -235.022 4755.13 -215.495
4697.8 -149.106 4775.12 -227.211
4716.33 -219.401 4794.82 -171.236
4735.73 -197.271 4813.64 -210.288
4754.84 -224.608 4833.63 -205.081
4775.71 -171.236 4852.15 -206.383
4794.23 -177.744 4871.26 -231.116
4813.64 -210.288 4891.84 -206.383
4832.75 -197.271 4910.37 -214.194
4853.03 -156.916 4929.77 -210.288
4871.85 -195.969 4949.77 -215.495
4891.26 -225.909 4969.47 -164.727
4910.07 -199.874 4988.87 -188.158
4930.95 -197.271 5008.57 -214.194
4949.47 -205.081 5027.1 -188.158
4968.58 -193.365 5047.39 -201.176
4988.28 -206.383 5066.2 -201.176
5007.69 -210.288 5086.2 -214.194
5027.39 -233.72 5106.19 -189.46
5047.09 -193.365 5125.31 -206.383
5066.5 -219.401 5144.71 -208.986
5084.73 -211.59 5164.41 -193.365
5105.31 -176.443 5184.41 -186.857
5123.54 -216.797 5202.05 -197.271
5144.12 -195.969 5222.34 -203.779
5163.24 -218.099 5241.74 -202.478
5182.94 -215.495 5261.44 -227.211
5202.34 -193.365 5279.97 -192.064
5221.16 -192.064 5299.66 -224.608
5240.86 -202.478 5318.48 -185.555
5260.56 -162.123 5339.36 -179.046
5279.67 -199.874 5358.18 -211.59
5298.78 -205.081 5378.17 -215.495
5319.07 -208.986 5396.69 -203.779
5337.89 -219.401 5416.68 -214.194
5357 -206.383 5436.38 -220.702
5377.29 -199.874 5456.08 -205.081
5396.69 -201.176 5475.19 -207.685
5414.92 -229.815 5494.3 -208.986
5434.91 -220.702 5514.58 -216.797
5455.2 -193.365 5533.1 -193.365
5473.43 -194.667 5553.39 -242.832
5493.42 -215.495 5572.5 -232.418
5513.7 -189.46 5591.6 -208.986
5532.52 -207.685 5611.59 -198.572
5551.63 -182.951 5631.29 -186.857
5571.03 -206.383 5649.81 -193.365
5590.72 -216.797 5669.5 -219.401
5610.12 -219.401 5689.19 -197.271
5628.64 -206.383 5707.71 -206.383
5649.51 -202.478 5728.28 -211.59
5668.32 -206.383 5747.39 -245.436
5688.31 -163.425 5767.08 -202.478
5706.83 -208.986 5786.18 -201.176
5727.11 -212.892 5806.17 -224.608
5745.63 -194.667 5825.27 -244.134
5765.61 -207.685 5844.08 -189.46
5784.13 -203.779 5863.47 -211.59
5804.11 -208.986 5884.04 -199.874
5823.51 -197.271 5903.44 -199.874
5842.9 -195.969 5921.95 -214.194
5861.71 -219.401 5941.93 -207.685
5881.4 -214.194 5961.62 -210.288
5901.38 -198.572 5981.3 -176.443
5920.48 -194.667 5999.81 -188.158
5940.46 -207.685 6019.79 -158.218
5959.56 -156.916 6039.47 -212.892
5979.24 -180.348 6056.8 -193.365
5998.34 -181.65 6077.96 -207.685
6017.44 -185.555 6097.64 -177.744
6036.53 -205.081 6116.73 -155.615
6056.8 -194.667 6135.53 -193.365
6075.9 -216.797 6154.92 -218.099
6095.88 -214.194 6174.3 -199.874
6114.68 -211.59 6194.57 -202.478
6134.65 -186.857 6213.95 -201.176
6154.04 -186.857 6233.63 -202.478
6172.83 -235.022 6253.01 -211.59
6191.92 -202.478 6272.69 -201.176
6212.48 -232.418 6291.77 -198.572
6230.69 -189.46 6310.86 -180.348
6250.37 -192.064 6331.12 -181.65
6270.04 -190.762 6350.2 -194.667
6289.13 -176.443 6368.99 -214.194
6309.1 -223.306 6388.96 -173.839
6327.59 -245.436 6407.45 -188.158
6348.15 -208.986 6428.3 -192.064
6367.23 -203.779 6447.09 -218.099
6386.61 -167.33 6465.87 -220.702
6405.99 -194.667 6486.42 -219.401
6425.36 -175.141 6505.5 -203.779
6444.15 -214.194 6524.28 -235.022
6463.82 -197.271 6545.41 -218.099
6483.48 -206.383 6563.32 -224.608
6502.56 -203.779 6584.15 -203.779
6522.23 -181.65 6603.23 -229.815
6541.31 -164.727 6623.18 -198.572
6560.97 -235.022 6641.96 -240.229
6580.34 -197.271 6661.03 -215.495
6600.29 -242.832 6681.28 -198.572
6619.07 -198.572 6700.35 -182.951
6639.61 -194.667 6718.25 -192.064
6658.69 -205.081 6738.49 -212.892
6677.76 -190.762 6757.85 -218.099
6696.83 -192.064 6777.8 -198.572
6717.07 -208.986 6798.04 -223.306
6736.14 -194.667 6816.52 -218.099
6755.8 -223.306 6835.58 -225.909
6774.86 -169.934 6856.4 -236.323
6793.64 -195.969 6875.47 -218.099
6813.29 -194.667 6894.82 -208.986
6833.82 -208.986 6914.47 -192.064
6853.18 -179.046 6933.82 -218.099
6872.24 -222.004 6953.18 -203.779
6890.42 -195.969 6972.53 -192.064
6910.66 -202.478 6991.29 -184.253
6929.72 -198.572 7011.52 -232.418
6949.07 -220.702 7031.17 -232.418
6969.3 -169.934 7049.93 -254.548
6989.24 -215.495 7069.28 -207.685
7007.42 -207.685 7088.91 -190.762
7027.35 -202.478 7108.26 -195.969
7046.12 -197.271 7128.19 -218.099
7065.76 -186.857 7146.95 -211.59
7085.4 -219.401 7167.17 -190.762
7103.86 -198.572 7185.93 -214.194
7124.09 -195.969 7205.27 -197.271
7143.72 -197.271 7224.31 -208.986
7162.77 -193.365 7243.65 -240.229
7181.82 -212.892 7263.87 -215.495
7201.46 -222.004 7283.21 -181.65
7220.8 -229.815 7302.55 -208.986
7240.14 -224.608 7323.05 -229.815
7259.77 -211.59 7341.22 -227.211
7280.28 -202.478 7360.55 -189.46
7298.15 -201.176 7381.05 -164.727
7318.07 -186.857 7399.8 -225.909
7337.7 -201.176 7418.84 -203.779
7356.45 -201.176 7438.17 -208.986
7376.66 -189.46 7458.67 -193.365
7395.41 -219.401 7478 -184.253
7415.03 -201.176 7497.03 -216.797
7435.24 -190.762 7517.24 -214.194
7453.69 -175.141 7536.27 -219.401
7472.73 -211.59 7555.01 -208.986
7492.05 -206.383 7575.21 -193.365
7511.67 -197.271 7594.54 -211.59
7531.59 -199.874 7613.57 -177.744
7550.91 -188.158 7633.18 -205.081
7570.53 -192.064 7652.79 -189.46
7589.56 -227.211 7672.11 -198.572
7608.88 -207.685 7691.43 -212.892
7628.2 -216.797 7710.45 -237.625
7648.4 -219.401 7730.65 -199.874
7667.14 -163.425 7749.97 -189.46
7686.75 -220.702 7769.57 -168.632
7706.06 -212.892 7789.18 -173.839
7726.26 -198.572 7807.91 -211.59
7744.99 -215.495 7828.1 -237.625
7764.6 -202.478 7847.12 -207.685
7783.03 -185.555 7867.6 -208.986
7802.64 -189.46 7886.32 -186.857
7822.54 -211.59 7906.22 -176.443
7842.44 -241.53 7924.94 -198.572
7861.45 -253.246 7944.25 -241.53
7880.76 -193.365 7964.14 -220.702
7900.37 -171.236 7983.15 -237.625
7919.68 -205.081 8003.04 -218.099
7939.57 -195.969 8022.35 -198.572
7959.75 -167.33 8042.23 -208.986
7977.89 -223.306 8061.83 -194.667
7996.61 -205.081 8080.25 -220.702
8017.67 -238.927 8099.55 -261.057
8036.68 -214.194 8120.02 -207.685
8055.98 -142.597 8139.03 -203.779
8075.28 -222.004 8158.91 -186.857
8094.87 -215.495 8177.92 -192.064
8114.47 -210.288 8197.51 -186.857
8132.6 -240.229 8217.39 -214.194
8153.65 -184.253 8236.39 -225.909
8172.36 -205.081 8255.68 -227.211
8191.07 -159.52 8274.39 -206.383
8211.83 -166.029 8294.85 -227.211
8230.54 -219.401 8314.73 -229.815
8249.84 -214.194 8334.02 -215.495
8268.84 -219.401 8353.31 -248.039
8288.42 -181.65 8372.31 -250.643
8307.42 -177.744 8391.89 -220.702
8327.3 -167.33 8411.47 -224.608
8346.88 -197.271 8431.05 -205.081
8365.88 -164.727 8450.63 -176.443
8384.58 -228.513 8469.62 -194.667
8404.46 -214.194 8489.49 -216.797
8423.75 -218.099 8508.19 -189.46
8444.49 -163.425 8527.48 -224.608
8463.78 -167.33 8546.76 -214.194
8482.48 -205.081 8566.92 -215.495
8502.64 -223.306 8586.49 -176.443
8521.93 -212.892 8604.9 -192.064
8540.63 -220.702 8624.76 -207.685
8559.62 -188.158 8644.63 -216.797
8580.06 -175.141 8663.61 -194.667
8599.35 -210.288 8683.18 -184.253
8618.63 -181.65 8702.75 -227.211
8637.61 -189.46 8722.61 -188.158
8657.77 -248.039 8741.6 -171.236
8676.76 -251.944 8760.29 -202.478
8696.04 -193.365 8781.03 -173.839
8715.02 -189.46 8800.3 -236.323
8734.01 -182.951 8818.7 -192.064
8754.16 -156.916 8839.14 -195.969
8773.43 -175.141 8858.41 -197.271
8793 -203.779 8877.1 -211.59
8811.98 -244.134 8897.25 -206.383
8831.55 -201.176 8916.52 -222.004
8851.99 -203.779 8936.66 -220.702
8870.09 -192.064 8955.06 -214.194
8889.95 -198.572 8975.5 -194.667
8908.93 -180.348 8995.06 -192.064
8929.07 -203.779 9013.15 -199.874
8948.34 -228.513 9033.01 -201.176
8967.32 -222.004 9053.44 -203.779
8987.17 -197.271 9072.42 -214.194
9005.86 -199.874 9091.68 -211.59
9026.29 -198.572 9111.82 -223.306
9045.27 -218.099 9129.92 -208.986
9065.12 -201.176 9150.65 -171.236
9084.68 -227.211 9169.91 -219.401
9103.65 -201.176 9189.75 -198.572
9123.21 -211.59 9208.73 -237.625
9141.89 -185.555 9228.28 -182.951
9161.44 -168.632 9247.54 -218.099
9180.71 -182.951 9266.81 -203.779
9200.26 -194.667 9286.36 -195.969
9219.82 -236.323 9306.2 -208.986
9239.37 -192.064 9325.75 -186.857
9259.8 -189.46 9343.84 -169.934
9277.89 -208.986 9363.69 -185.555
9297.74 -188.158 9383.24 -237.625
9316.71 -185.555 9402.79 -162.123
9337.43 -199.874 9422.34 -206.383
9356.39 -197.271 9441.6 -211.59
9375.36 -194.667 9462.02 -175.141
9394.04 -195.969 9480.7 -201.176
9413.88 -194.667 9499.66 -201.176
9433.43 -184.253 9519.5 -231.116
9452.98 -215.495 9539.34 -177.744
9472.82 -202.478 9559.18 -211.59
9491.49 -224.608 9577.27 -179.046
9511.33 -215.495 9597.11 -186.857
9530.59 -185.555 9616.94 -238.927
9549.84 -185.555 9636.49 -215.495
9569.39 -175.141 9655.45 -173.839
9588.94 -195.969 9675.58 -212.892
9607.61 -210.288 9695.42 -212.892
9626.57 -192.064 9714.67 -201.176
9646.12 -201.176 9733.63 -251.944
9665.08 -190.762 9753.18 -216.797
9685.21 -193.365 9773.31 -240.229
9705.63 -188.158 9792.85 -202.478
9724.59 -240.229 9811.52 -206.383
9743.55 -216.797 9830.18 -194.667
9762.51 -211.59 9850.89 -228.513
9782.93 -205.081 9869.85 -202.478
9801.89 -168.632 9889.4 -218.099
9822.02 -177.744 9909.23 -197.271
9841.27 -216.797 9928.19 -190.762
9859.65 -176.443 9947.73 -167.33
9879.48 -211.59 9967.27 -180.348
9898.73 -235.022 9987.11 -223.306
9918.27 -180.348 10005.5 -224.608
9938.4 -195.969 10025 -245.436
9957.36 -188.158 10044 -229.815
9976.61 -180.348 10064.1 -199.874
9996.15 -175.141 10083.6 -202.478
10015.4 -236.323 10102.9 -190.762
10035.2 -212.892 10123 -201.176
10053.9 -228.513 10142.3 -199.874
10073.4 -180.348 10161.5 -185.555
10093.6 -184.253 10181.6 -219.401
10112.5 -192.064 10200.6 -218.099
10131.8 -186.857 10219.8 -199.874
10151.9 -233.72 10239.4 -202.478
10170.6 -223.306 10259.2 -208.986
10189.8 -201.176 10279 -207.685
10209.3 -184.253 10297.7 -190.762
10229.2 -184.253 10317.6 -197.271
10248.7 -192.064 10336.5 -208.986
10267.4 -197.271 10356 -194.667
10287.5 -212.892 10375.3 -188.158
10306.5 -242.832 10395.1 -186.857
10325.4 -199.874 10415.3 -208.986
10345.8 -211.59 10433.6 -223.306
10364.2 -180.348 10453.5 -197.271
10384.3 -168.632 10473.3 -232.418
10402.7 -190.762 10492.2 -207.685
10422.5 -195.969 10512.1 -212.892
10442.1 -227.211 10530.7 -210.288
10462.2 -202.478 10550.6 -235.022
10480.9 -190.762 10570.1 -225.909
10500.4 -210.288 10589.4 -202.478
10519.9 -190.762 10608.6 -210.288
10539.8 -180.348 10628.4 -210.288
10559.3 -192.064 10647.7 -222.004
10578 -202.478 10666.9 -194.667
10597.5 -218.099 10686.5 -211.59
10617.4 -151.709 10706 -225.909
10636.6 -139.993 10726.4 -225.909
10656.1 -176.443 10744.5 -219.401
10675.1 -214.194 10764.6 -197.271
10694.6 -210.288 10784.2 -214.194
10713.9 -201.176 10803.4 -206.383
10733.4 -189.46 10822.7 -195.969
10753 -176.443 10841.9 -222.004
10772.2 -173.839 10861.8 -212.892
10791.8 -193.365 10881.6 -198.572
10811.9 -205.081 10900.9 -231.116
10830.9 -179.046 10919.8 -232.418
10849.8 -179.046 10939.9 -190.762
10869.4 -215.495 10958.9 -203.779
10888.3 -185.555 10978.8 -218.099
10908.2 -167.33 10997.7 -184.253
10928.6 -207.685 11017 -235.022
10946.4 -181.65 11036.8 -189.46
10966.5 -212.892 11056.3 -219.401
10986 -197.271 11075.9 -198.572
11005 -203.779 11094.8 -224.608
11025.1 -219.401 11113.8 -227.211
11043.8 -184.253 11133.4 -190.762
11063.9 -199.874 11153.2 -232.418
11082.9 -205.081 11173.3 -197.271
11103 -189.46 11192 -197.271
11121.1 -192.064 11212.4 -218.099
11141.2 -201.176 11231.1 -195.969
11160.2 -201.176 11250.6 -219.401
11179.2 -190.762 11270.2 -192.064
11198.7 -182.951 11290 -208.986
11218.6 -197.271 11308.1 -229.815
11238.1 -207.685 11328.5 -241.53
11257.1 -190.762 11347.5 -248.039
11276.6 -179.046 11367.4 -255.85
11296.2 -156.916 11387.5 -229.815
11316.6 -164.727 11407.3 -189.46
11335.8 -189.46 11426 -237.625
11354.5 -185.555 11444.7 -240.229
11372.9 -195.969 11465.4 -231.116
11392.5 -193.365 11484.7 -211.59
11412.6 -182.951 11503 -250.643
11431.5 -156.916 11523.5 -238.927
11451.7 -193.365 11543 -207.685
11470.1 -158.218 11562.3 -229.815
11489.9 -181.65 11581 -231.116
11509.2 -179.046 11601.4 -197.271
11529.3 -177.744 11620.4 -254.548
11548.6 -185.555 11640.2 -203.779
11567.8 -173.839 11659.8 -218.099
11586.8 -134.786 11678.8 -207.685
11605.8 -141.295 11698.3 -215.495
11625.9 -164.727 11718.2 -194.667
11645.8 -166.029 11737.4 -208.986
11664.7 -138.692 11757 -202.478
11684.3 -124.372 11776.3 -203.779
11703 -103.544 11796.4 -214.194
11722.5 -107.45 11815.7 -189.46
11742.1 -71.0004 11834.4 -182.951
11761.7 -147.804 11854.5 -189.46
11780.9 -98.3372 11874.6 -173.839
11801.4 -138.692 11892.8 -181.65
11820.6 -112.657 11912 -159.52
11840.5 -99.639 11931.3 -207.685
11858.9 -68.3969 11950.9 -153.011
11878.1 -56.6811 11970.7 -164.727
11897.7 -63.1898 11990 -119.165
11916.7 -59.2846 12009.6 -98.3372
11936.3 -89.225 12028.8 -134.786
11955.8 -64.4916 12049.6 -149.106
11975.7 -34.5512 12068 -150.407
11994.1 -59.2846 12088.1 -163.425
12014.2 7.10496 12107.4 -133.485
12033.2 -12.4214 12127 -107.45
12052.5 33.1401 12146.5 -97.0355
12071.8 -22.8354 12165.2 -112.657
12091 26.6313 12186 -132.183
12110.6 18.8208 12204.4 -121.769
12129.9 61.7787 12224.8 -155.615
12149.4 95.6243 12242.3 -169.934
12170.2 94.3226 12262.5 -134.786
12188 24.0278 12282.4 -94.432
12208.4 39.6489 12301.9 -112.657
12226.9 17.519 12320.9 -138.692
12245.8 8.40672 12340.5 -168.632
12266 0.596186 12360.4 -192.064
12286.2 52.6664 12379.1 -166.029
12305.1 40.9506 12399.2 -156.916
12324.4 57.8734 12418.2 -142.597
12343.7 55.2699 12436.6 -115.26
12362.7 42.2524 12457.1 -133.485
12382.9 7.10496 12476.4 -142.597
12402.2 40.9506 12496.2 -158.218
12422 95.6243 12515.8 -158.218
12441 52.6664 12535.4 -126.976
12460.3 99.5296 12554.7 -112.657
12480.5 44.8559 12573.4 -108.751
12498.3 107.34 12593.6 -99.639
12518.2 63.0805 12613.7 -108.751
12537.4 121.659 12633 -130.881
12557.3 115.151 12652 -128.278
12576.9 143.789 12671.9 -102.243
12596.5 173.73 12691.5 -103.544
12615.2 167.221 12710.2 -103.544
12635.1 163.316 12729.8 -129.579
12654.7 152.902 12749.1 -99.639
12674.3 172.428 12770.1 -76.2074
12692.9 181.54 12788.3 -57.9828
12713.1 231.007 12807.6 -20.2319
12732.1 227.102 12827.4 -60.5863
12750.8 207.575 12847 -78.8109
12770.1 212.782 12866.3 -37.1547
12790.6 198.463 12885.9 -50.1723
12809 234.912 12905.5 -17.6284
12829.5 211.481 12924.8 8.40672
12847.6 254.439 12944.1 18.8208
12867.5 229.705 12963.4 50.0629
12887.1 254.439 12983.3 39.6489
12906.4 284.379 13003.5 51.3647
12926 267.456 13021.6 81.305
12945 310.414 13041.5 122.961
12964 311.716 13061.1 89.1156
12983.6 294.793 13080.4 125.565
13002.9 296.095 13100 106.038
13022.8 348.165 13119.6 137.281
13041.5 384.614 13138.6 134.677
13061.4 357.277 13158.2 182.842
13081 370.295 13177.8 224.498
13100.6 388.519 13197.1 231.007
13119.9 418.46 13217 242.723
13138.9 431.477 13236.4 219.291
13158.5 447.098 13256.2 207.575
13177.8 456.211 13274.4 272.663
13196.6 451.004 13294.9 324.733
13216.5 422.365 13313.9 366.39
13235.8 496.565 13333.5 339.053
13255.1 486.151 13353.4 355.975
13274.1 536.92 13373 327.337
13294.6 535.618 13392.3 293.491
13313.6 553.842 13411.6 349.467
13332.6 536.92 13431.5 402.839
13352.2 586.386 13451.4 453.607
13372.1 592.895 13470.7 469.228
13390.3 612.421 13490.3 440.59
13409.9 617.628 13509.7 404.14
13430.4 641.06 13529.3 435.383
13448.5 668.397 13548.9 439.288
13468.7 684.018 13568.5 492.66
13488 712.657 13587.2 594.197
13508.2 715.26 13608 587.688
13527.8 750.407 13627.6 608.516
13546 773.839 13647.2 596.8
13565.3 758.218 13668 548.635
13583.7 760.821 13687.9 604.611
13605.7 792.064 13702 667.095
13623.8 824.608 13682.1 723.071
13642.8 887.092 13663 789.46
