6000.4 -421.173 6030.95 -426.38
5999.52 -431.587 6046.52 -406.853
6000.69 -414.664 6063.27 -430.285
6010.98 -415.966 6080.01 -423.776
6027.13 -445.906 6095.29 -418.569
6043.88 -406.853 6110.56 -366.499
6058.57 -392.534 6126.43 -432.888
6075.9 -419.871 6143.17 -405.552
6092.06 -399.043 6159.62 -464.131
6109.09 -419.871 6175.48 -428.983
6123.19 -405.552 6191.92 -432.888
6139.06 -400.345 6208.08 -421.173
6156.97 -421.173 6224.23 -439.397
6172.54 -400.345 6239.79 -408.155
6188.69 -392.534 6255.95 -423.776
6204.85 -412.06 6271.8 -415.966
6221 -425.078 6288.25 -442.001
6236.27 -396.439 6303.22 -426.38
6252.72 -397.741 6320.26 -442.001
6268.57 -434.19 6335.82 -422.474
6284.43 -438.096 6351.38 -458.924
6300.29 -382.12 6367.23 -417.267
6317.61 -423.776 6383.97 -435.492
6332.88 -419.871 6400.12 -412.06
6348.73 -371.706 6416.26 -404.25
6364.88 -388.629 6431.53 -426.38
6381.33 -380.818 6447.09 -415.966
6396.59 -397.741 6464.11 -421.173
6412.44 -419.871 6480.84 -434.19
6429.47 -415.966 6495.52 -426.38
6445.03 -409.457 6511.66 -402.948
6461.76 -393.836 6528.69 -410.759
6476.73 -408.155 6544.24 -410.759
6493.76 -366.499 6560.38 -402.948
6509.02 -421.173 6575.64 -422.474
6525.16 -419.871 6592.37 -456.32
6541.31 -405.552 6607.92 -449.811
6558.03 -435.492 6624.36 -427.681
6573.3 -456.32 6640.79 -423.776
6588.56 -431.587 6656.93 -422.474
6605.58 -370.404 6672.18 -399.043
6621.72 -408.155 6688.61 -415.966
6637.56 -344.369 6704.16 -414.664
6653.11 -396.439 6720.89 -408.155
6668.96 -402.948 6737.02 -447.208
6685.39 -432.888 6752.57 -452.415
6702.11 -412.06 6769 -444.604
6717.95 -415.966 6784.54 -435.492
6733.5 -395.138 6800.97 -445.906
6749.93 -406.853 6816.52 -445.906
6765.77 -386.025 6832.36 -451.113
6781.02 -396.439 6849.66 -414.664
6798.04 -410.759 6864.91 -412.06
6815.05 -396.439 6881.33 -428.983
6830.01 -404.25 6897.17 -430.285
6845.55 -432.888 6913.88 -469.338
6861.98 -401.646 6928.84 -451.113
6878.11 -386.025 6945.26 -421.173
6893.65 -392.534 6960.8 -421.173
6910.07 -375.611 6976.63 -431.587
6925.32 -430.285 6993.64 -455.018
6942.03 -389.931 7009.47 -434.19
6958.75 -444.604 7025.89 -417.267
6974 -435.492 7041.43 -440.699
6990.12 -428.983 7057.84 -440.699
7005.95 -425.078 7073.09 -440.699
7022.08 -391.232 7089.21 -419.871
7037.61 -409.457 7105.62 -396.439
7053.74 -335.257 7121.74 -396.439
7070.45 -418.569 7137.57 -402.948
7087.16 -436.794 7153.69 -425.078
7102.1 -409.457 7169.81 -431.587
7117.93 -445.906 7185.93 -469.338
7134.64 -401.646 7202.05 -445.906
7150.17 -405.552 7217.87 -432.888
7166 -426.38 7234.57 -430.285
7182.12 -374.309 7248.93 -410.759
7197.94 -419.871 7265.92 -400.345
7213.47 -357.387 7281.74 -400.345
7229.88 -402.948 7296.69 -417.267
7245.41 -397.741 7314.56 -425.078
7262.11 -422.474 7329.5 -436.794
7278.52 -417.267 7346.2 -406.853
7294.05 -393.836 7361.43 -427.681
7309.58 -374.309 7377.54 -440.699
7326.28 -380.818 7393.94 -452.415
7342.39 -399.043 7410.35 -419.871
7358.21 -400.345 7425.57 -443.303
7373.44 -400.345 7442.85 -408.155
7390.72 -423.776 7458.67 -404.25
7406.83 -417.267 7474.48 -421.173
7422.06 -414.664 7490.3 -466.734
7438.17 -382.12 7506.4 -466.734
7454.28 -395.138 7522.8 -452.415
7470.09 -369.102 7538.61 -417.267
7487.08 -388.629 7554.72 -399.043
7502.89 -389.931 7570.53 -462.829
7518.12 -396.439 7585.75 -408.155
7534.22 -423.776 7603.03 -435.492
7550.91 -422.474 7618.25 -404.25
7567.01 -426.38 7634.64 -423.776
7583.12 -412.06 7651.33 -415.966
7598.34 -393.836 7666.84 -397.741
7615.03 -415.966 7682.36 -425.078
7631.13 -392.534 7699.33 -421.173
7646.06 -421.173 7715.72 -431.587
7662.74 -400.345 7730.65 -397.741
7678.84 -422.474 7747.63 -440.699
7694.36 -423.776 7763.43 -443.303
7710.75 -434.19 7779.52 -401.646
7726.84 -387.327 7794.15 -447.208
7742.36 -384.723 7811.13 -388.629
7758.16 -391.232 7827.22 -434.19
7774.55 -408.155 7842.73 -418.569
7790.35 -397.741 7858.53 -408.155
7806.74 -413.362 7875.5 -419.871
7822.83 -400.345 7891.59 -419.871
7838.92 -434.19 7907.39 -421.173
7854.14 -400.345 7924.36 -442.001
7870.82 -421.173 7939.57 -409.457
7886.62 -436.794 7955.95 -410.759
7903 -397.741 7971.45 -409.457
7918.8 -412.06 7987.25 -425.078
7934.89 -366.499 8003.04 -413.362
7950.68 -434.19 8020.01 -414.664
7967.65 -409.457 8036.09 -438.096
7983.74 -418.569 8051.3 -405.552
7998.65 -392.534 8067.68 -387.327
8015.33 -388.629 8083.18 -397.741
8030.83 -388.629 8100.43 -409.457
8047.5 -400.345 8115.34 -428.983
8063 -431.587 8132.01 -414.664
8079.08 -404.25 8148.39 -402.948
8095.75 -418.569 8164.18 -412.06
8111.25 -405.552 8180.26 -395.138
8126.46 -380.818 8195.75 -452.415
8142.83 -389.931 8213.29 -379.516
8159.79 -379.516 8228.2 -397.741
8174.99 -393.836 8244.57 -430.285
8191.07 -413.362 8260.65 -435.492
8207.15 -409.457 8275.85 -413.362
8223.23 -419.871 8292.81 -426.38
8238.44 -406.853 8308.3 -438.096
8255.1 -357.387 8324.67 -409.457
8270.3 -353.481 8339.87 -425.078
8286.96 -376.913 8356.53 -393.836
8303.62 -369.102 8372.6 -423.776
8319.11 -395.138 8388.67 -425.078
8334.9 -438.096 8404.46 -425.078
8350.97 -402.948 8421.11 -384.723
8367.05 -410.759 8435.43 -419.871
8383.12 -388.629 8452.38 -401.646
8398.32 -389.931 8469.33 -426.38
8414.98 -354.783 8484.53 -405.552
8431.34 -361.292 8501.18 -415.966
8447.71 -396.439 8517.25 -443.303
8462.9 -445.906 8533.03 -427.681
8478.39 -414.664 8548.51 -421.173
8495.34 -443.303 8564.58 -422.474
8510.82 -408.155 8580.94 -408.155
8526.89 -393.836 8597.59 -417.267
8542.67 -346.973 8613.08 -448.51
8559.32 -386.025 8629.44 -413.362
8575.68 -339.162 8644.92 -428.983
8591.46 -408.155 8660.98 -439.397
8607.23 -421.173 8677.05 -421.173
8623.59 -443.303 8693.11 -395.138
8638.78 -404.25 8709.47 -409.457
8655.14 -404.25 8725.24 -443.303
8670.92 -382.12 8741.02 -431.587
8688.44 -374.309 8757.08 -412.06
8702.75 -370.404 8773.43 -396.439
8718.53 -396.439 8789.49 -418.569
8734.59 -415.966 8805.56 -432.888
8751.24 -418.569 8820.74 -418.569
8767.01 -435.492 8837.39 -404.25
8784.24 -422.474 8853.45 -427.681
8799.13 -395.138 8869.8 -409.457
8815.78 -389.931 8885.86 -391.232
8831.26 -319.636 8902.21 -395.138
8846.73 -382.12 8917.1 -421.173
8863.67 -396.439 8934.04 -432.888
8879.44 -412.06 8950.1 -423.776
8894.91 -402.948 8966.44 -457.622
8910.68 -419.871 8982.5 -423.776
8926.74 -382.12 8998.85 -427.681
8944.84 -387.327 9013.74 -414.664
8958.27 -366.499 9029.8 -426.38
8974.33 -405.552 9045.27 -417.267
8992.72 -383.422 9061.61 -427.681
9007.32 -400.345 9078.84 -422.474
9023.66 -414.664 9093.43 -425.078
9039.14 -400.345 9110.07 -417.267
9054.9 -417.267 9125.83 -468.036
9071.54 -369.102 9142.18 -425.078
9087.6 -357.387 9157.94 -415.966
9103.36 -382.12 9174.29 -413.362
9119.41 -391.232 9190.05 -427.681
9135.17 -391.232 9206.39 -396.439
9151.81 -378.215 9223.03 -410.759
9166.99 -388.629 9238.5 -414.664
9183.92 -401.646 9255.13 -414.664
9199.68 -414.664 9271.18 -396.439
9215.15 -382.12 9286.94 -423.776
9230.61 -406.853 9302.7 -413.362
9247.54 -395.138 9319.04 -391.232
9263.3 -408.155 9334.51 -423.776
9279.94 -389.931 9350.26 -418.569
9295.7 -417.267 9366.9 -404.25
9311.45 -404.25 9382.95 -413.362
9326.92 -414.664 9398.7 -422.474
9343.84 -371.706 9415.92 -417.267
9359.89 -378.215 9431.68 -431.587
9375.07 -399.043 9446.56 -439.397
9391.12 -370.404 9462.9 -423.776
9407.75 -414.664 9479.82 -423.776
9423.51 -418.569 9495.58 -419.871
9439.85 -435.492 9511.33 -425.078
9455.6 -392.534 9527.09 -423.776
9471.65 -405.552 9543.72 -436.794
9487.7 -387.327 9558.3 -404.25
9503.45 -379.516 9575.23 -408.155
9519.21 -369.102 9591.85 -423.776
9535.55 -383.422 9607.32 -438.096
9551.3 -374.309 9623.36 -434.19
9567.64 -401.646 9638.82 -414.664
9582.81 -405.552 9655.74 -426.38
9599.44 -373.008 9671.5 -435.492
9615.19 -380.818 9688.71 -401.646
9631.82 -367.801 9703.88 -432.888
9647.28 -406.853 9719.63 -435.492
9663.91 -378.215 9736.26 -428.983
9678.79 -392.534 9751.72 -418.569
9695.71 -396.439 9768.34 -466.734
9711.46 -391.232 9784.1 -439.397
9728.09 -358.688 9799.85 -428.983
9743.55 -376.913 9816.48 -414.664
9760.76 -382.12 9831.64 -413.362
9775.34 -348.274 9848.27 -374.309
9791.68 -392.534 9864.31 -386.025
9807.14 -412.06 9880.35 -458.924
9823.77 -421.173 9896.69 -442.001
9839.81 -419.871 9911.56 -438.096
9855.85 -386.025 9927.9 -436.794
9871.9 -366.499 9944.23 -406.853
9887.06 -382.12 9960.86 -400.345
9903.98 -401.646 9975.73 -413.362
9919.15 -393.836 9992.94 -406.853
9936.36 -365.197 10009 -409.457
9951.81 -404.25 10024.1 -430.285
9968.44 -430.285 10040.8 -436.794
9983.61 -410.759 10056.5 -440.699
9999.36 -413.362 10072.3 -413.362
10016 -378.215 10089.5 -405.552
10031.7 -400.345 10105.2 -427.681
10047.8 -386.025 10121.3 -431.587
10063.5 -358.688 10136.4 -402.948
10080.4 -408.155 10152.5 -440.699
10095.9 -423.776 10169.7 -456.32
10111.4 -399.043 10186.3 -436.794
10127.4 -412.06 10201.8 -462.829
10143.7 -386.025 10217.5 -449.811
10160.1 -371.706 10233.3 -419.871
10175.5 -379.516 10249.3 -414.664
10192.1 -399.043 10264.8 -373.008
10207.9 -389.931 10280.2 -417.267
10223.6 -374.309 10297.1 -438.096
10239.4 -387.327 10313.2 -462.829
10256 -440.699 10329.5 -445.906
10271.2 -384.723 10345.5 -456.32
10288.4 -391.232 10360.7 -415.966
10303.3 -343.067 10377.9 -412.06
10319.9 -400.345 10393.1 -401.646
10336.2 -378.215 10409.1 -413.362
10351.4 -358.688 10424.6 -436.794
10367.1 -370.404 10441.8 -456.32
10384.3 -378.215 10458.1 -406.853
10399.8 -415.966 10473.6 -475.846
10416.1 -376.913 10490.5 -465.432
10431.3 -375.611 10506.8 -423.776
10446.7 -389.931 10521.4 -389.931
10464.5 -353.481 10538 -400.345
10480.3 -399.043 10554.6 -449.811
10496.9 -413.362 10569.8 -418.569
10511.8 -376.913 10586.4 -458.924
10528.7 -414.664 10601.6 -452.415
10544.2 -404.25 10617.4 -423.776
10560.5 -376.913 10634.9 -396.439
10576.5 -366.499 10650 -408.155
10591.1 -375.611 10665.8 -388.629
10608.3 -384.723 10682.4 -405.552
10624.9 -396.439 10698.4 -396.439
10639.8 -384.723 10714.2 -410.759
10655.6 -389.931 10730.2 -455.018
10672.5 -396.439 10746.6 -431.587
10687.6 -404.25 10762.9 -418.569
10704.3 -380.818 10778.4 -426.38
10719.4 -383.422 10794.7 -422.474
10735.2 -370.404 10811 -410.759
10752.4 -366.499 10827.6 -395.138
10767.9 -436.794 10842.2 -406.853
10783.9 -370.404 10858.6 -408.155
10799.4 -386.025 10874.3 -422.474
10815.7 -387.327 10890.7 -423.776
10832 -392.534 10906.7 -438.096
10848.1 -380.818 10922.7 -440.699
10864.1 -362.594 10937.9 -430.285
10879.9 -399.043 10955.7 -425.078
10895.9 -427.681 10970.9 -434.19
10911.4 -363.895 10987.8 -395.138
10927.4 -356.085 11003 -413.362
10943.5 -379.516 11018.4 -474.545
10960.7 -400.345 11034.2 -412.06
10975.8 -369.102 11050.5 -442.001
10991.9 -362.594 11067.4 -442.001
11007.6 -391.232 11084.6 -395.138
11025.1 -386.025 11098.9 -452.415
11040 -414.664 11115.6 -421.173
11055.5 -345.671 11131 -436.794
11072.1 -409.457 11147.1 -430.285
11088.1 -378.215 11163.1 -445.906
11103.9 -387.327 11179.2 -457.622
11119.9 -391.232 11195.8 -415.966
11136.6 -375.611 11211.8 -438.096
11151.7 -423.776 11226.7 -428.983
11167.5 -401.646 11243.4 -423.776
11184.1 -406.853 11259.7 -410.759
11200.8 -404.25 11275.7 -439.397
11216.5 -370.404 11291.5 -423.776
11230.8 -384.723 11307.3 -455.018
11247.7 -397.741 11323.3 -436.794
11263.8 -375.611 11339.1 -439.397
11279.8 -419.871 11355.7 -443.303
11295.9 -365.197 11372 -426.38
11312.2 -393.836 11388.1 -436.794
11328.8 -367.801 11404.1 -396.439
11344.3 -369.102 11420.5 -453.717
11360.1 -339.162 11436.2 -457.622
11377 -366.499 11452.3 -456.32
11391.6 -333.955 11468.6 -408.155
11407.6 -333.955 11484.7 -430.285
11424 -371.706 11501 -445.906
11439.7 -380.818 11516.8 -442.001
11456.1 -343.067 11532.2 -439.397
11472.1 -306.618 11548.3 -436.794
11487.9 -356.085 11564 -444.604
11504.2 -363.895 11580.7 -430.285
11520 -337.86 11596.7 -405.552
11534.9 -354.783 11614 -440.699
11553 -320.937 11629.4 -404.25
11568.4 -337.86 11644.3 -432.888
11584.5 -337.86 11660.4 -417.267
11599.9 -324.843 11677.3 -455.018
11615.7 -348.274 11693.6 -415.966
11632 -354.783 11709.4 -451.113
11647.8 -384.723 11724.9 -431.587
11664.5 -363.895 11740.6 -434.19
11680.2 -374.309 11757.3 -422.474
11695.7 -315.73 11772.8 -419.871
11712.3 -345.671 11789.1 -388.629
11729 -352.18 11806.3 -436.794
11743.9 -370.404 11821.2 -457.622
11759.6 -378.215 11836.7 -456.32
11776.3 -356.085 11854.2 -461.527
11792.3 -343.067 11868.5 -400.345
11809.3 -330.05 11885.5 -457.622
11823.5 -336.559 11901.2 -426.38
11840.2 -330.05 11917 -405.552
11856.5 -357.387 11933 -451.113
11872.6 -363.895 11950.3 -418.569
11888.1 -386.025 11965.8 -415.966
11903.5 -373.008 11981.8 -465.432
11919.9 -361.292 11998.2 -393.836
11936 -337.86 12013.9 -397.741
11952.3 -345.671 12030 -397.741
11969 -298.808 12045.8 -401.646
11983.3 -309.222 12062.4 -422.474
11999.6 -315.73 12078.2 -443.303
12016.3 -335.257 12094.8 -451.113
12032 -340.464 12110.3 -434.19
12047.5 -306.618 12127 -421.173
12064.7 -326.144 12141.3 -418.569
12079.9 -298.808 12157.6 -427.681
12095.4 -249.341 12173.7 -392.534
12112.1 -276.678 12190.9 -438.096
12127.8 -268.867 12206.7 -410.759
12143.6 -244.134 12222.8 -448.51
12159.7 -255.85 12238.5 -456.32
12176.6 -296.204 12254.3 -466.734
12193 -261.057 12270.4 -434.19
12207.6 -288.394 12286.7 -425.078
12224.8 -248.039 12302.8 -417.267
12240.6 -229.815 12318.9 -438.096
12255.5 -186.857 12335.5 -406.853
12271.8 -199.874 12350.7 -418.569
12288.8 -202.478 12366.8 -396.439
12304 -201.176 12383.7 -430.285
12319.8 -212.892 12399.5 -432.888
12336.1 -179.046 12415.3 -448.51
12352.8 -159.52 12431.1 -464.131
12368 -167.33 12447.7 -466.734
12384.9 -163.425 12463.8 -461.527
12400.4 -137.39 12479 -445.906
12415.9 -134.786 12494.8 -497.976
12432.3 -168.632 12511.2 -510.994
12448.3 -154.313 12527.5 -461.527
12464.7 -132.183 12543.6 -491.467
12480.8 -160.822 12560.3 -484.959
12496.8 -129.579 12575.5 -507.089
12511.7 -121.769 12591.8 -492.769
12527.5 -94.432 12608.2 -495.373
12544.5 -94.432 12623.7 -484.959
12560.5 -110.053 12639.8 -499.278
12576 -99.639 12656.4 -507.089
12592.7 -116.562 12671.6 -533.124
12608.2 -94.432 12688 -514.899
12623.7 -35.853 12704.1 -477.148
12639.5 -30.646 12719.6 -492.769
12656.7 -20.2319 12735.6 -474.545
12672.2 17.519 12752.3 -474.545
12688.3 -25.4389 12768.1 -457.622
12704.4 -38.4565 12784.5 -464.131
12720.4 -34.5512 12800.5 -491.467
12736.2 22.726 12816.9 -468.036
12752.3 33.1401 12833 -518.804
12768.4 80.0033 12848.2 -477.148
12784.2 40.9506 12864.9 -479.752
12800.3 14.9155 12880.7 -435.492
12816.9 11.0102 12897 -421.173
12832.4 -11.1196 12913.7 -402.948
12847.6 16.2173 12928.9 -402.948
12864 60.4769 12945.6 -412.06
12880.4 69.5892 12961.4 -421.173
12896.2 95.6243 12976.6 -435.492
12912.5 86.5121 12992.7 -371.706
12928.6 82.6068 13009.1 -397.741
12944.1 63.0805 13025.1 -356.085
12959.9 85.2103 13041.2 -339.162
12976 116.452 13057.6 -374.309
12992.4 145.091 13073.7 -373.008
13008.2 198.463 13090.1 -392.534
13024.5 210.179 13105.3 -418.569
13039.5 193.256 13122.3 -418.569
13055.9 219.291 13137.8 -397.741
13072.5 191.954 13153.5 -373.008
13088.9 203.67 13169.1 -350.878
13104.1 189.351 13186 -315.73
13120.2 232.309 13202.1 -326.144
13136.6 257.042 13217.3 -270.169
13151.5 341.656 13234.3 -317.032
13168.2 358.579 13250.1 -309.222
13184.3 395.028 13265.9 -285.79
13200.6 375.502 13282 -248.039
13215.6 379.407 13298.1 -225.909
13232.3 375.502 13314.5 -189.46
13248.3 367.691 13330.9 -186.857
13264.4 401.537 13346.7 -210.288
13280.2 395.028 13362.8 -195.969
13296.3 421.063 13378.6 -175.141
13311.8 480.944 13395.2 -175.141
13328.2 497.867 13410.7 -99.639
13344.3 551.239 13427.1 -119.165
13359 538.221 13443.2 -97.0355
13376.2 519.997 13458.7 -99.639
13392.3 531.712 13474.8 -117.864
13408.4 462.719 13490.6 -91.8285
13424.2 487.453 13506.4 -91.8285
13440 531.712 13522.8 -73.6039
13456.7 594.197 13539.5 -44.9653
13471.3 669.699 13555 4.50145
13488.6 704.846 13570.3 -9.81786
13504.7 665.793 13587.8 -16.3266
13521.4 647.569 13604.2 -8.5161
13536 551.239 13619.7 27.9331
13552.4 572.067 13636.1 57.8734
13568.5 556.446 13651.9 56.5717
13584 642.362 13668.3 125.565
13600.4 721.769 13683.8 113.849
13616.5 815.495 13699.9 151.6
13632.3 877.98 13716.3 107.34
13647.8 866.264 13732.4 72.1928
13663.9 753.011 13748.5 91.7191
13680 713.958 13764.4 83.9085
13695.3 669.699 13780.7 176.333
13712.2 689.225 13796.3 285.681
13728.3 784.253 13812.7 322.13
13743.3 935.257 13828.5 371.597
13759.7 1086.26 13844.6 340.354
13776.1 1117.5 13861.6 276.568
13791.9 1047.21 13877.4 220.593
13807.7 1032.89 13893.5 255.74
13824.4 863.66 13909.6 327.337
13840.5 857.151 13926 492.66
13856.3 958.688 13942.4 634.551
13871.8 1079.75 13959.1 707.45
13888.5 1237.26 13976.6 702.243
13904.3 1215.13 13991.9 641.06
13920.4 1094.07 14000.4 556.446
13936.5 936.559 13984.5 559.049
13951.7 754.313 13968.4 596.8
