6016.26 -336.559 6031.83 -477.148
6005.39 -313.127 6047.11 -478.45
6000.69 -315.73 6063.86 -456.32
6011.27 -341.766 6079.13 -468.036
6026.84 -363.895 6096.46 -475.846
6043.29 -373.008 6111.15 -466.734
6059.45 -318.334 6127.31 -524.011
6075.31 -319.636 6142.58 -497.976
6091.76 -313.127 6159.62 -490.166
6107.04 -314.429 6175.18 -470.639
6122.9 -379.516 6191.63 -504.485
6139.94 -370.404 6207.49 -524.011
6155.5 -356.085 6224.23 -478.45
6172.54 -339.162 6239.21 -481.053
6188.11 -304.015 6255.65 -490.166
6204.55 -315.73 6271.8 -487.562
6219.82 -327.446 6287.07 -473.243
6236.27 -340.464 6303.22 -462.829
6252.72 -340.464 6319.08 -487.562
6268.28 -354.783 6336.11 -475.846
6285.31 -379.516 6351.97 -475.846
6300.88 -340.464 6368.11 -456.32
6316.73 -315.73 6383.67 -458.924
6331.71 -309.222 6399.53 -466.734
6349.03 -328.748 6415.38 -483.657
6364.59 -331.352 6432.7 -486.26
6381.03 -343.067 6447.67 -496.675
6396.59 -333.955 6463.23 -542.236
6413.33 -343.067 6480.55 -482.355
6428.59 -343.067 6496.11 -494.071
6445.32 -335.257 6511.37 -486.26
6460.3 -292.299 6528.39 -453.717
6478.2 -346.973 6543.65 -504.485
6493.76 -307.92 6560.68 -451.113
6508.43 -363.895 6576.52 -473.243
6524.87 -323.541 6592.66 -477.148
6540.72 -359.99 6608.22 -510.994
6557.15 -341.766 6624.65 -507.089
6572.71 -332.653 6640.2 -499.278
6588.85 -332.653 6656.05 -494.071
6604.7 -302.713 6673.06 -471.941
6619.95 -328.748 6688.91 -479.752
6636.97 -311.825 6704.46 -456.32
6653.41 -326.144 6720.3 -482.355
6668.96 -374.309 6736.44 -465.432
6685.09 -317.032 6753.16 -534.425
6701.82 -323.541 6768.7 -514.899
6717.66 -280.583 6785.43 -518.804
6733.21 -326.144 6800.97 -494.071
6749.05 -314.429 6816.22 -488.864
6765.48 -296.204 6832.65 -465.432
6781.32 -341.766 6848.78 -473.243
6797.45 -337.86 6865.5 -464.131
6813.29 -344.369 6881.33 -496.675
6829.72 -319.636 6897.46 -500.58
6845.55 -359.99 6914.18 -526.615
6861.1 -320.937 6928.84 -507.089
6878.4 -352.18 6945.55 -492.769
6893.65 -318.334 6960.8 -496.675
6909.78 -315.73 6977.81 -458.924
6925.03 -309.222 6993.64 -465.432
6941.74 -324.843 7009.47 -484.959
6957.28 -380.818 7025.3 -481.053
6974 -296.204 7040.84 -477.148
6988.95 -309.222 7057.55 -507.089
7005.66 -317.032 7073.09 -501.881
7022.08 -318.334 7088.62 -449.811
7037.61 -331.352 7106.5 -475.846
7053.74 -341.766 7120.86 -455.018
7070.45 -349.576 7137.57 -478.45
7085.69 -349.576 7153.4 -451.113
7102.1 -335.257 7169.22 -474.545
7117.93 -333.955 7185.93 -513.597
7134.64 -335.257 7201.46 -500.58
7150.17 -339.162 7217.28 -507.089
7165.7 -339.162 7233.98 -479.752
7181.53 -328.748 7249.51 -455.018
7197.94 -326.144 7265.63 -455.018
7213.77 -301.411 7282.04 -460.225
7230.18 -332.653 7298.74 -423.776
7246.29 -330.05 7314.56 -452.415
7262.11 -336.559 7330.38 -477.148
7277.94 -335.257 7345.9 -492.769
7294.05 -311.825 7362.31 -501.881
7310.75 -358.688 7378.13 -488.864
7325.69 -311.825 7394.82 -464.131
7341.8 -339.162 7409.76 -427.681
7357.91 -341.766 7426.16 -470.639
7374.02 -317.032 7442.27 -495.373
7390.43 -330.05 7457.79 -452.415
7405.95 -340.464 7474.19 -487.562
7421.48 -362.594 7490.3 -487.562
7438.17 -327.446 7505.53 -482.355
7453.98 -357.387 7522.51 -490.166
7470.68 -327.446 7538.32 -434.19
7486.2 -320.937 7554.72 -453.717
7502.89 -335.257 7570.82 -435.492
7517.82 -305.316 7586.92 -461.527
7534.51 -345.671 7603.32 -466.734
7551.2 -339.162 7618.84 -504.485
7566.72 -340.464 7633.76 -486.26
7581.95 -322.239 7651.04 -488.864
7598.34 -310.523 7667.14 -495.373
7614.15 -345.671 7683.53 -509.692
7629.37 -315.73 7699.92 -499.278
7646.35 -330.05 7714.85 -464.131
7662.16 -348.274 7730.65 -439.397
7679.14 -336.559 7746.75 -505.787
7694.36 -333.955 7762.84 -492.769
7710.75 -356.085 7779.23 -486.26
7726.84 -350.878 7794.45 -458.924
7743.23 -310.523 7810.83 -470.639
7758.45 -314.429 7827.51 -484.959
7775.13 -324.843 7843.31 -470.639
7790.06 -320.937 7859.41 -462.829
7805.27 -309.222 7875.21 -470.639
7822.83 -350.878 7892.17 -474.545
7838.34 -358.688 7907.39 -483.657
7855.02 -356.085 7924.06 -470.639
7870.52 -345.671 7939.86 -471.941
7886.62 -350.878 7955.07 -490.166
7902.41 -361.292 7971.45 -482.355
7918.8 -309.222 7987.54 -465.432
7935.18 -311.825 8003.33 -466.734
7950.39 -297.506 8019.71 -435.492
7966.77 -323.541 8036.09 -468.036
7982.86 -322.239 8051.89 -462.829
7998.95 -300.109 8067.39 -473.243
8014.16 -322.239 8083.47 -449.811
8030.83 -313.127 8100.43 -464.131
8046.03 -332.653 8116.22 -452.415
8062.71 -306.618 8132.31 -468.036
8078.79 -324.843 8147.51 -473.243
8095.46 -333.955 8163.88 -439.397
8110.37 -313.127 8180.26 -504.485
8126.75 -335.257 8196.04 -453.717
8142.54 -343.067 8212.42 -473.243
8158.62 -319.636 8227.33 -479.752
8174.7 -292.299 8243.7 -504.485
8190.78 -297.506 8260.36 -486.26
8206.57 -352.18 8276.44 -494.071
8222.94 -332.653 8292.52 -478.45
8238.14 -335.257 8308.59 -447.208
8255.39 -348.274 8324.38 -464.131
8270.89 -336.559 8340.75 -488.864
8286.67 -345.671 8356.82 -436.794
8302.45 -343.067 8372.02 -462.829
8318.53 -359.99 8389.26 -486.26
8335.19 -324.843 8404.75 -469.338
8350.68 -344.369 8420.53 -479.752
8367.05 -345.671 8436.31 -457.622
8382.25 -348.274 8452.97 -449.811
8398.61 -335.257 8468.75 -460.225
8414.39 -315.73 8484.82 -427.681
8430.47 -311.825 8501.47 -447.208
8447.12 -332.653 8516.37 -457.622
8463.2 -348.274 8532.74 -458.924
8478.68 -348.274 8549.1 -478.45
8495.34 -310.523 8564.88 -465.432
8511.41 -311.825 8580.94 -409.457
8527.48 -330.05 8597.59 -438.096
8543.25 -317.032 8613.08 -456.32
8559.62 -343.067 8629.73 -414.664
8574.81 -352.18 8645.21 -430.285
8590.87 -310.523 8660.4 -475.846
8607.53 -343.067 8676.76 -460.225
8622.42 -335.257 8693.7 -469.338
8639.66 -332.653 8710.06 -449.811
8654.85 -315.73 8725.83 -448.51
8670.62 -341.766 8741.6 -451.113
8687.86 -311.825 8757.37 -435.492
8703.34 -317.032 8772.56 -443.303
8719.4 -345.671 8788.62 -477.148
8735.47 -350.878 8805.85 -460.225
8751.53 -346.973 8821.03 -487.562
8767.59 -328.748 8837.09 -483.657
8783.65 -314.429 8853.45 -448.51
8798.84 -326.144 8868.92 -425.078
8814.9 -339.162 8886.15 -410.759
8831.84 -318.334 8902.5 -404.25
8847.32 -294.902 8917.39 -422.474
8863.67 -336.559 8933.45 -409.457
8879.44 -382.12 8949.22 -455.018
8895.79 -339.162 8965.28 -447.208
8911.26 -345.671 8981.92 -461.527
8926.15 -366.499 8998.56 -448.51
8943.67 -339.162 9014.32 -432.888
8959.14 -301.411 9030.67 -391.232
8974.33 -309.222 9045.56 -448.51
8990.97 -339.162 9062.78 -466.734
9007.32 -320.937 9078.26 -451.113
9023.96 -345.671 9094.02 -483.657
9039.14 -369.102 9110.65 -440.699
9055.19 -365.197 9126.42 -453.717
9072.12 -335.257 9141.89 -438.096
9087.01 -314.429 9159.11 -356.085
9103.36 -311.825 9175.45 -400.345
9119.7 -352.18 9190.34 -423.776
9135.47 -314.429 9206.68 -399.043
9150.94 -328.748 9222.44 -425.078
9167.28 -357.387 9239.08 -419.871
9183.63 -346.973 9254.55 -452.415
9199.68 -363.895 9269.43 -419.871
9216.02 -315.73 9286.94 -384.723
9230.61 -294.902 9302.99 -397.741
9246.96 -268.867 9320.21 -361.292
9263.89 -305.316 9333.93 -444.604
9279.64 -332.653 9349.68 -418.569
9294.53 -354.783 9366.61 -483.657
9311.16 -340.464 9382.66 -447.208
9327.21 -356.085 9398.7 -418.569
9344.43 -337.86 9415.04 -376.913
9360.48 -281.885 9431.39 -387.327
9375.94 -297.506 9446.27 -391.232
9391.12 -285.79 9463.19 -406.853
9407.46 -319.636 9479.53 -425.078
9422.92 -328.748 9494.12 -419.871
9439.85 -340.464 9511.33 -427.681
9455.6 -361.292 9527.38 -406.853
9471.65 -317.032 9542.55 -414.664
9487.11 -343.067 9560.34 -426.38
9503.16 -343.067 9574.93 -340.464
9519.21 -318.334 9590.98 -367.801
9535.25 -318.334 9607.9 -386.025
9551.88 -348.274 9623.36 -412.06
9568.51 -322.239 9638.82 -410.759
9583.39 -318.334 9655.16 -409.457
9598.86 -350.878 9671.79 -388.629
9615.78 -348.274 9688.13 -382.12
9631.53 -322.239 9703.88 -348.274
9647.58 -332.653 9719.63 -359.99
9663.62 -306.618 9735.09 -354.783
9679.37 -328.748 9750.55 -397.741
9695.71 -288.394 9768.93 -402.948
9712.34 -322.239 9784.39 -366.499
9727.21 -374.309 9800.72 -362.594
9742.38 -382.12 9816.18 -354.783
9759.3 -365.197 9831.06 -361.292
9776.22 -318.334 9848.27 -362.594
9791.1 -317.032 9864.31 -341.766
9807.14 -324.843 9880.06 -388.629
9824.06 -313.127 9895.81 -393.836
9839.81 -287.092 9912.15 -401.646
9854.39 -335.257 9928.48 -417.267
9871.6 -376.913 9944.81 -353.481
9887.94 -320.937 9960.86 -349.576
9903.69 -315.73 9976.31 -362.594
9919.73 -335.257 9991.77 -358.688
9935.48 -288.394 10008.1 -348.274
9951.81 -327.446 10024.4 -389.931
9967.27 -328.748 10040.8 -392.534
9983.31 -344.369 10055.6 -456.32
9999.94 -333.955 10072.3 -435.492
10015.4 -320.937 10088.9 -442.001
10030.8 -350.878 10105.8 -439.397
10048.1 -317.032 10120.4 -425.078
10063.5 -314.429 10135.9 -425.078
10079.6 -315.73 10153.1 -431.587
10095.6 -323.541 10168.5 -439.397
10111.9 -307.92 10184.9 -438.096
10127.1 -348.274 10201.5 -418.569
10144.3 -337.86 10217.2 -417.267
10160.3 -376.913 10233.3 -389.931
10175.8 -318.334 10248.7 -375.611
10191.3 -311.825 10265.1 -354.783
10207 -309.222 10281.1 -396.439
10223.6 -320.937 10298.3 -430.285
10240 -320.937 10312.9 -406.853
10255.7 -328.748 10329.2 -453.717
10272.3 -356.085 10345.5 -417.267
10287.8 -376.913 10362.2 -401.646
10303.5 -332.653 10378.2 -401.646
10319.6 -339.162 10394.5 -367.801
10335.9 -297.506 10410 -376.913
10350.5 -311.825 10425.4 -393.836
10367.4 -335.257 10442.1 -404.25
10384.6 -323.541 10458.4 -421.173
10399.2 -337.86 10473.6 -430.285
10415 -336.559 10489.6 -405.552
10432.2 -317.032 10505.1 -392.534
10447 -318.334 10521.7 -448.51
10463.1 -307.92 10537.7 -369.102
10480.3 -302.713 10554.1 -408.155
10496 -309.222 10570.4 -402.948
10511.8 -336.559 10585.9 -447.208
10527.5 -343.067 10601.6 -393.836
10543.9 -341.766 10617.1 -354.783
10560.2 -361.292 10634 -369.102
10575.6 -310.523 10650 -343.067
10591.7 -294.902 10665.8 -366.499
10608.3 -300.109 10682.4 -388.629
10623.8 -313.127 10697.6 -432.888
10639.8 -332.653 10714.5 -456.32
10655.6 -340.464 10730.8 -462.829
10671.9 -326.144 10746.3 -412.06
10687.6 -361.292 10762 -399.043
10704 -327.446 10778.9 -380.818
10719.7 -346.973 10794.1 -392.534
10735.5 -330.05 10811 -410.759
10752.1 -320.937 10826.2 -415.966
10768.4 -314.429 10842.5 -445.906
10783.3 -330.05 10858.6 -430.285
10799.6 -352.18 10875.2 -427.681
10816 -349.576 10891.2 -396.439
10831.1 -356.085 10907 -357.387
10848.6 -344.369 10923 -392.534
10863.8 -289.695 10939.1 -367.801
10880.1 -296.204 10954.3 -402.948
10894.7 -314.429 10970.6 -444.604
10911.9 -336.559 10986.9 -386.025
10928.3 -341.766 11003.5 -432.888
10944.3 -309.222 11018.7 -401.646
10958.9 -339.162 11035.3 -353.481
10975.5 -322.239 11051.1 -356.085
10992.2 -323.541 11066.8 -365.197
11009.1 -311.825 11082.9 -374.309
11023.4 -274.074 11100.1 -406.853
11040.3 -323.541 11115.6 -462.829
11056.1 -341.766 11131.6 -425.078
11071.2 -326.144 11147.4 -432.888
11088.1 -340.464 11163.7 -417.267
11103.9 -341.766 11178.6 -389.931
11119.4 -339.162 11195.5 -331.352
11135.4 -313.127 11211.8 -367.801
11151.5 -288.394 11227.3 -391.232
11168.4 -298.808 11243.6 -406.853
11185 -332.653 11260.3 -460.225
11200.5 -343.067 11276.6 -425.078
11216.2 -319.636 11291.8 -410.759
11231.1 -350.878 11307.8 -387.327
11248.6 -315.73 11324.5 -326.144
11264.1 -356.085 11340.5 -363.895
11279.8 -324.843 11356.3 -328.748
11295.6 -311.825 11371.4 -383.422
11311.6 -319.636 11387.8 -375.611
11328 -344.369 11403.8 -408.155
11344.3 -320.937 11419.9 -440.699
11360.1 -335.257 11436.8 -391.232
11375.8 -335.257 11452.6 -333.955
11392.7 -327.446 11468 -304.015
11407.6 -309.222 11484.4 -320.937
11423.7 -300.109 11500.1 -315.73
11440 -314.429 11516.5 -380.818
11456.4 -288.394 11534 -404.25
11472.4 -324.843 11548.6 -421.173
11487.9 -335.257 11563.8 -404.25
11503 -315.73 11580.4 -370.404
11520.6 -349.576 11596.7 -310.523
11536.6 -306.618 11612.5 -320.937
11551.5 -285.79 11629.1 -323.541
11568.4 -322.239 11644.3 -436.794
11583.6 -341.766 11660.7 -488.864
11599.6 -314.429 11677.3 -521.408
11615.4 -346.973 11692.8 -503.183
11632.4 -322.239 11708.8 -428.983
11647.2 -318.334 11725.5 -384.723
11664.2 -314.429 11740.9 -404.25
11679.6 -305.316 11756.7 -397.741
11697.2 -292.299 11773.6 -428.983
11712.9 -332.653 11790 -488.864
11727.8 -315.73 11805.7 -537.029
11743.3 -327.446 11821.2 -510.994
11760.2 -367.801 11837.9 -464.131
11776.6 -309.222 11853.6 -434.19
11792.3 -298.808 11869.7 -387.327
11808.1 -306.618 11885.7 -387.327
11823.8 -276.678 11900.6 -432.888
11839.3 -304.015 11917.9 -475.846
11856.5 -307.92 11933 -477.148
11872.6 -320.937 11949.4 -484.959
11888.4 -306.618 11965.8 -460.225
11903.8 -346.973 11981.8 -393.836
11920.2 -354.783 11997.3 -343.067
11935.7 -330.05 12013.9 -340.464
11952.6 -317.032 12030 -362.594
11968.4 -289.695 12046.9 -402.948
11983.9 -297.506 12061.8 -436.794
12000.2 -284.488 12077.6 -468.036
12015.7 -315.73 12093.7 -421.173
12031.2 -324.843 12110.6 -400.345
12048.1 -327.446 12126.7 -406.853
12064.2 -301.411 12142.1 -348.274
12080.2 -241.53 12158.8 -373.008
12095.7 -268.867 12174.6 -397.741
12112.6 -258.453 12190.6 -456.32
12128.1 -284.488 12205.8 -505.787
12144.2 -281.885 12222.2 -491.467
12160.8 -318.334 12238.2 -478.45
12176 -310.523 12254 -414.664
12191.2 -345.671 12271 -370.404
12207.9 -335.257 12286.2 -358.688
12224.8 -297.506 12302.2 -391.232
12240.6 -251.944 12318.9 -414.664
12255.8 -249.341 12334.6 -458.924
12271.3 -262.358 12350.4 -507.089
12288.5 -290.997 12367.1 -479.752
12304 -287.092 12383.5 -414.664
12320.3 -326.144 12399.5 -376.913
12335.5 -305.316 12414.4 -369.102
12351.9 -310.523 12430.8 -367.801
12368 -253.246 12446.9 -354.783
12383.7 -232.418 12463.8 -445.906
12400.7 -216.797 12478.7 -529.218
12415.6 -235.022 12496 -509.692
12432 -254.548 12512.3 -470.639
12447.7 -290.997 12527.2 -419.871
12463.2 -296.204 12543 -413.362
12480.8 -309.222 12559.7 -409.457
12496.5 -262.358 12574.9 -422.474
12512.3 -167.33 12591.2 -494.071
12528.1 -151.709 12607.6 -496.675
12544.2 -185.555 12623.7 -514.899
12560 -192.064 12640.3 -478.45
12575.5 -245.436 12656.1 -419.871
12592.4 -289.695 12672.2 -412.06
12607.3 -274.074 12687.4 -401.646
12624 -241.53 12704.1 -425.078
12639.8 -203.779 12720.1 -460.225
12656.4 -138.692 12736.2 -504.485
12672.8 -108.751 12753.2 -512.296
12688 -87.9232 12767.8 -452.415
12704.4 -132.183 12784.5 -421.173
12720.7 -212.892 12800.5 -346.973
12736.8 -231.116 12815.8 -350.878
12752 -212.892 12832.7 -380.818
12768.4 -169.934 12847.9 -402.948
12783.9 -123.071 12864 -469.338
12800.5 -76.2074 12880.4 -456.32
12816 -21.5337 12897 -475.846
12831.8 -59.2846 12913.1 -387.327
12847.9 -91.8285 12928.6 -311.825
12864 -167.33 12945.3 -327.446
12880.1 -169.934 12959.9 -306.618
12895.9 -146.502 12976.9 -374.309
12912.5 -63.1898 12992.4 -409.457
12928.9 -30.646 13009.3 -486.26
12943.5 -2.00733 13024.8 -468.036
12959.9 42.2524 13041.2 -375.611
12976.3 8.40672 13057.9 -311.825
12992.7 -84.0179 13073.7 -250.643
13008.2 -87.9232 13089.2 -264.962
13023.7 -85.3197 13105.9 -301.411
13039.8 -29.3442 13121.7 -376.913
13056.1 40.9506 13137.8 -432.888
13072.2 77.3998 13154.1 -479.752
13088.6 96.9261 13169.4 -419.871
13103.8 102.133 13186 -326.144
13119.3 11.0102 13201.8 -258.453
13136 31.8383 13217.6 -175.141
13151.8 -20.2319 13234.9 -206.383
13167.3 12.312 13250.1 -313.127
13184 99.5296 13266.2 -330.05
13200.4 198.463 13281.7 -339.162
13215.9 263.551 13298.4 -373.008
13231.7 217.989 13314.5 -307.92
13248.6 176.333 13330.3 -185.555
13263.6 125.565 13346.7 -185.555
13279.1 111.245 13362.8 -160.822
13295.5 107.34 13379.1 -176.443
13312.4 227.102 13394.1 -266.264
13327.9 270.06 13410.7 -341.766
13344.3 378.105 13427.4 -307.92
13360.4 357.277 13442.6 -263.66
13375.6 328.639 13459.6 -163.425
13391.7 236.214 13475.1 -63.1898
13408.7 221.895 13491.2 -77.5092
13424.5 254.439 13506.7 -94.432
13440.3 318.225 13524 -201.176
13456.1 397.632 13538.9 -188.158
13471.6 484.849 13555.6 -156.916
13487.7 561.653 13570.6 -155.615
13503.8 534.316 13586.9 -95.7337
13519.9 479.642 13603.9 -7.21435
13536 415.856 13620.9 25.3295
13552.7 378.105 13635.5 22.726
13568.8 414.554 13652.5 -3.30908
13584.3 484.849 13668 -8.5161
13599.5 648.871 13683.5 -7.21435
13615.6 711.355 13700.5 57.8734
13632 737.39 13716 103.435
13647.8 697.036 13732.7 132.074
13664.8 586.386 13748.8 135.979
13680.3 570.765 13765.2 124.263
13695.6 579.878 13780.2 172.428
13712.2 652.776 13797.7 195.86
13729.2 812.892 13812.4 260.947
13744.1 915.73 13828.5 313.018
13758.8 1002.95 13844.9 395.028
13776.9 940.464 13861 354.674
13791.9 850.643 13878.3 382.011
13807.4 734.786 13892.9 342.958
13823.8 707.45 13909.3 353.372
13839.6 772.537 13926.6 405.442
13855.7 868.867 13942.1 529.109
13871.8 1028.98 13959.4 644.965
13887.9 1096.67 13975.5 711.355
13904 1112.3 13993 708.751
13919.8 1056.32 13999.5 691.828
13935.6 983.422 13983.7 700.941
13952.6 828.513 13967.9 674.906
