6015.68 -443.303 6031.54 -357.387
6005.1 -395.138 6047.4 -344.369
6000.4 -412.06 6063.27 -362.594
6010.98 -462.829 6079.72 -340.464
6027.72 -447.208 6094.99 -379.516
6042.41 -451.113 6110.56 -378.215
6059.74 -443.303 6128.19 -389.931
6076.19 -376.913 6143.17 -375.611
6091.76 -406.853 6159.03 -362.594
6107.04 -382.12 6175.18 -357.387
6124.37 -439.397 6191.63 -357.387
6140.23 -405.552 6207.49 -356.085
6156.38 -415.966 6224.52 -366.499
6172.83 -425.078 6240.68 -391.232
6188.69 -413.362 6255.65 -374.309
6204.85 -413.362 6272.1 -417.267
6219.82 -387.327 6287.07 -361.292
6236.56 -404.25 6304.1 -373.008
6252.42 -404.25 6319.96 -333.955
6268.28 -400.345 6336.4 -382.12
6284.72 -436.794 6351.97 -400.345
6300.88 -447.208 6367.23 -405.552
6315.56 -427.681 6383.67 -365.197
6332.29 -414.664 6399.82 -374.309
6348.44 -414.664 6415.67 -359.99
6365.18 -404.25 6432.41 -382.12
6381.03 -402.948 6448.26 -386.025
6396.59 -383.422 6463.52 -349.576
6411.86 -383.422 6479.96 -387.327
6428.3 -442.001 6495.81 -370.404
6445.32 -412.06 6511.95 -363.895
6460.3 -376.913 6528.69 -345.671
6477.03 -425.078 6544.53 -363.895
6493.46 -396.439 6559.8 -359.99
6507.55 -402.948 6577.11 -363.895
6525.16 -402.948 6591.78 -397.741
6541.01 -412.06 6608.8 -393.836
6557.74 -413.362 6624.06 -380.818
6573.3 -423.776 6640.79 -354.783
6588.85 -414.664 6656.63 -359.99
6604.7 -391.232 6672.18 -361.292
6621.42 -417.267 6688.61 -380.818
6636.97 -374.309 6705.04 -341.766
6653.7 -412.06 6720.59 -378.215
6669.54 -409.457 6736.73 -396.439
6685.09 -421.173 6753.16 -383.422
6702.11 -414.664 6767.82 -337.86
6717.37 -474.545 6785.13 -373.008
6733.8 -423.776 6802.14 -371.706
6749.64 -440.699 6817.1 -388.629
6765.48 -396.439 6832.94 -363.895
6782.2 -408.155 6848.49 -356.085
6797.74 -419.871 6865.2 -370.404
6813 -418.569 6881.04 -366.499
6829.72 -396.439 6897.17 -358.688
6845.55 -406.853 6913.59 -359.99
6861.1 -419.871 6929.72 -354.783
6877.81 -421.173 6945.55 -392.534
6893.65 -399.043 6961.09 -401.646
6909.49 -408.155 6976.93 -380.818
6925.32 -402.948 6993.64 -341.766
6941.74 -399.043 7008.59 -370.404
6957.58 -374.309 7025.6 -350.878
6973.41 -389.931 7041.72 -318.334
6990.12 -387.327 7057.26 -354.783
7005.37 -415.966 7073.38 -349.576
7021.49 -430.285 7089.21 -379.516
7038.2 -386.025 7106.21 -373.008
7054.33 -423.776 7122.04 -379.516
7069.57 -423.776 7137.28 -400.345
7085.98 -427.681 7154.28 -371.706
7101.81 -399.043 7170.1 -358.688
7117.64 -423.776 7185.93 -386.025
7134.35 -409.457 7202.05 -436.794
7150.17 -404.25 7217.87 -449.811
7166.29 -401.646 7234.57 -469.338
7181.53 -387.327 7249.81 -461.527
7197.65 -432.888 7265.63 -469.338
7214.64 -405.552 7281.45 -453.717
7229.88 -414.664 7297.56 -475.846
7246.29 -438.096 7313.97 -423.776
7262.7 -389.931 7329.79 -434.19
7277.64 -379.516 7346.78 -442.001
7294.05 -414.664 7362.31 -455.018
7310.46 -399.043 7377.54 -469.338
7325.69 -442.001 7394.82 -487.562
7341.8 -419.871 7409.47 -475.846
7357.91 -421.173 7426.75 -494.071
7374.61 -448.51 7442.56 -431.587
7390.14 -392.534 7458.08 -436.794
7406.24 -405.552 7474.48 -465.432
7423.23 -397.741 7490.88 -427.681
7438.17 -434.19 7506.7 -452.415
7454.28 -434.19 7522.8 -449.811
7469.51 -418.569 7537.73 -464.131
7486.2 -406.853 7554.42 -456.32
7503.18 -414.664 7570.82 -413.362
7517.82 -409.457 7586.34 -462.829
7534.81 -400.345 7603.32 -452.415
7550.33 -386.025 7618.84 -428.983
7565.84 -421.173 7634.93 -443.303
7582.53 -408.155 7650.45 -418.569
7598.05 -419.871 7665.38 -432.888
7613.86 -419.871 7683.23 -422.474
7630.54 -422.474 7699.04 -444.604
7646.65 -428.983 7713.38 -425.078
7661.87 -421.173 7731.23 -406.853
7677.97 -396.439 7747.33 -435.492
7694.36 -393.836 7763.14 -438.096
7710.45 -421.173 7780.11 -457.622
7725.97 -413.362 7794.74 -439.397
7742.36 -406.853 7811.42 -455.018
7758.45 -412.06 7826.93 -436.794
7774.84 -425.078 7842.73 -447.208
7790.64 -422.474 7859.7 -425.078
7807.32 -410.759 7875.79 -445.906
7822.25 -396.439 7891.88 -423.776
7838.63 -414.664 7906.8 -482.355
7855.31 -388.629 7922.89 -404.25
7871.11 -428.983 7939.57 -428.983
7886.62 -391.232 7955.66 -453.717
7903 -421.173 7972.04 -413.362
7918.5 -404.25 7986.95 -427.681
7935.18 -413.362 8003.33 -404.25
7950.39 -468.036 8020.3 -399.043
7966.19 -418.569 8036.68 -431.587
7983.15 -366.499 8051.3 -409.457
7997.78 -405.552 8067.39 -395.138
8014.45 -397.741 8082.3 -400.345
8030.24 -400.345 8099.85 -431.587
8046.33 -425.078 8115.64 -408.155
8062.71 -387.327 8131.14 -409.457
8079.08 -412.06 8148.39 -405.552
8095.17 -391.232 8164.76 -417.267
8111.25 -356.085 8179.96 -410.759
8126.46 -412.06 8197.22 -413.362
8143.41 -358.688 8212.12 -422.474
8158.91 -402.948 8227.33 -445.906
8174.99 -410.759 8243.41 -408.155
8189.61 -409.457 8259.78 -435.492
8206.86 -427.681 8275.85 -425.078
8222.36 -402.948 8291.93 -449.811
8238.73 -406.853 8309.18 -396.439
8255.1 -408.155 8324.67 -442.001
8271.18 -412.06 8340.45 -447.208
8286.67 -373.008 8356.53 -383.422
8302.75 -383.422 8372.31 -414.664
8318.82 -421.173 8388.97 -438.096
8334.61 -366.499 8404.17 -421.173
8350.68 -408.155 8421.11 -392.534
8366.76 -417.267 8436.31 -391.232
8382.54 -388.629 8452.68 -426.38
8398.03 -414.664 8468.75 -379.516
8415.27 -406.853 8485.11 -404.25
8431.34 -383.422 8499.72 -428.983
8447.12 -417.267 8516.67 -408.155
8462.9 -422.474 8532.74 -438.096
8478.68 -378.215 8548.51 -470.639
8494.46 -406.853 8564.58 -431.587
8510.82 -444.604 8581.23 -468.036
8526.6 -425.078 8596.72 -427.681
8541.79 -426.38 8612.49 -439.397
8559.62 -413.362 8629.44 -412.06
8574.81 -430.285 8644.92 -427.681
8590.87 -413.362 8660.4 -428.983
8607.23 -418.569 8677.34 -408.155
8623.3 -391.232 8693.11 -406.853
8638.78 -414.664 8708.89 -413.362
8655.14 -402.948 8725.24 -397.741
8670.92 -422.474 8740.72 -383.422
8687.27 -370.404 8757.37 -409.457
8702.75 -404.25 8773.43 -386.025
8719.4 -391.232 8790.08 -421.173
8734.3 -406.853 8806.14 -425.078
8751.53 -409.457 8821.33 -414.664
8766.42 -395.138 8837.09 -418.569
8782.78 -384.723 8854.32 -427.681
8799.13 -423.776 8870.39 -439.397
8814.61 -402.948 8885.28 -436.794
8830.96 -427.681 8901.92 -402.948
8847.02 -383.422 8917.39 -410.759
8863.67 -397.741 8934.33 -392.534
8879.14 -406.853 8949.51 -409.457
8895.2 -388.629 8966.15 -395.138
8910.68 -389.931 8982.79 -412.06
8927.32 -361.292 8997.68 -427.681
8943.38 -410.759 9013.15 -410.759
8959.14 -402.948 9030.67 -421.173
8975.5 -379.516 9045.85 -409.457
8990.39 -405.552 9061.91 -414.664
9007.32 -388.629 9077.96 -438.096
9023.96 -421.173 9095.48 -412.06
9039.72 -374.309 9110.07 -423.776
9054.9 -392.534 9126.13 -423.776
9071.25 -387.327 9143.05 -438.096
9087.01 -388.629 9158.82 -449.811
9103.94 -356.085 9174.29 -401.646
9119.12 -384.723 9190.05 -380.818
9134.88 -392.534 9206.98 -388.629
9150.35 -384.723 9222.73 -401.646
9166.99 -392.534 9237.91 -428.983
9183.33 -404.25 9255.13 -412.06
9199.68 -387.327 9270.31 -409.457
9215.15 -405.552 9286.36 -391.232
9230.61 -404.25 9303.28 -418.569
9248.13 -422.474 9318.17 -434.19
9263.01 -388.629 9333.93 -404.25
9279.94 -395.138 9349.97 -393.836
9295.7 -396.439 9366.9 -389.931
9310.29 -388.629 9382.66 -432.888
9327.21 -386.025 9400.16 -405.552
9344.14 -388.629 9415.04 -382.12
9359.89 -386.025 9430.8 -410.759
9375.65 -384.723 9447.43 -393.836
9391.7 -384.723 9463.77 -421.173
9407.17 -426.38 9479.24 -415.966
9423.22 -410.759 9494.99 -393.836
9439.26 -382.12 9511.62 -413.362
9455.02 -384.723 9527.67 -447.208
9471.94 -382.12 9544.01 -419.871
9487.11 -384.723 9559.18 -453.717
9503.45 -397.741 9574.93 -397.741
9519.21 -421.173 9591.56 -418.569
9534.96 -404.25 9608.19 -443.303
9550.72 -470.639 9623.65 -434.19
9567.93 -409.457 9639.7 -439.397
9582.81 -375.611 9655.74 -408.155
9599.73 -358.688 9670.91 -414.664
9616.07 -353.481 9688.71 -442.001
9631.24 -380.818 9703.59 -410.759
9647.58 -419.871 9720.8 -415.966
9662.74 -400.345 9735.67 -400.345
9680.25 -413.362 9751.42 -380.818
9695.13 -389.931 9767.47 -404.25
9711.75 -386.025 9784.1 -419.871
9728.09 -397.741 9800.14 -402.948
9743.84 -374.309 9815.89 -415.966
9759.01 -396.439 9832.22 -393.836
9775.93 -392.534 9847.69 -426.38
9791.39 -371.706 9864.31 -379.516
9807.72 -412.06 9880.06 -366.499
9823.48 -414.664 9896.69 -366.499
9838.94 -425.078 9913.02 -356.085
9856.15 -397.741 9928.48 -406.853
9871.6 -389.931 9943.94 -366.499
9888.23 -359.99 9959.98 -410.759
9903.98 -380.818 9976.61 -392.534
9918.56 -370.404 9992.65 -389.931
9935.77 -406.853 10008.7 -414.664
9952.11 -412.06 10024.7 -393.836
9968.15 -399.043 10040.8 -401.646
9983.9 -436.794 10055.9 -417.267
9999.65 -405.552 10072.3 -417.267
10015.4 -401.646 10089.2 -440.699
10031.1 -379.516 10104.9 -470.639
10047.8 -367.801 10120.4 -440.699
10064.4 -362.594 10137 -440.699
10079.9 -399.043 10153.4 -425.078
10095 -386.025 10169.1 -415.966
10111.6 -415.966 10185.1 -375.611
10127.7 -418.569 10200.6 -389.931
10143.4 -369.102 10216.9 -419.871
10160.1 -384.723 10232.7 -413.362
10175.2 -376.913 10249 -432.888
10191.5 -408.155 10265.3 -426.38
10207.6 -371.706 10281.4 -421.173
10223.1 -383.422 10296.5 -373.008
10239.1 -430.285 10312.9 -402.948
10255.7 -402.948 10329.5 -387.327
10271.2 -393.836 10345 -375.611
10286.9 -387.327 10361 -418.569
10303.3 -366.499 10377.6 -444.604
10319.6 -370.404 10394.3 -432.888
10335.9 -413.362 10409.4 -419.871
10351.1 -432.888 10425.4 -421.173
10367.1 -422.474 10441.5 -361.292
10384.3 -405.552 10457.2 -393.836
10400.1 -395.138 10474.2 -395.138
10416.1 -392.534 10489.3 -388.629
10431.3 -378.215 10505.4 -399.043
10447.6 -366.499 10521.4 -406.853
10463.1 -396.439 10537.7 -428.983
10480 -395.138 10553.5 -449.811
10496 -396.439 10569.8 -378.215
10511.5 -432.888 10586.4 -405.552
10527.2 -412.06 10602.2 -396.439
10543 -383.422 10617.9 -438.096
10559.6 -367.801 10634 -405.552
10575.4 -376.913 10650 -453.717
10592 -405.552 10666.1 -406.853
10606.9 -378.215 10681.8 -402.948
10623.5 -401.646 10697.9 -397.741
10639.8 -415.966 10714.2 -395.138
10655.9 -396.439 10730.2 -393.836
10672.2 -391.232 10746.9 -354.783
10687.1 -359.99 10762 -383.422
10703.1 -365.197 10778.4 -462.829
10720 -389.931 10793.5 -488.864
10736.1 -387.327 10810.7 -475.846
10751.8 -421.173 10827.1 -434.19
10768.4 -396.439 10843.1 -396.439
10783.6 -427.681 10858 -384.723
10800.2 -410.759 10874.6 -387.327
10816 -382.12 10891.2 -383.422
10831.4 -354.783 10906.7 -432.888
10848.9 -349.576 10923 -419.871
10864.4 -391.232 10939.7 -457.622
10879.6 -388.629 10955.4 -419.871
10895.9 -387.327 10970.9 -389.931
10911.7 -400.345 10986.9 -369.102
10928.6 -389.931 11004.1 -343.067
10944 -379.516 11019.3 -376.913
10959.8 -318.334 11035 -408.155
10976.4 -345.671 11050.5 -447.208
10991.9 -357.387 11067.4 -431.587
11008.5 -386.025 11083.8 -422.474
11024.3 -431.587 11098.9 -389.931
11039.7 -409.457 11115.6 -425.078
11056.1 -415.966 11131 -378.215
11071.5 -354.783 11147.6 -353.481
11088.7 -374.309 11163.7 -369.102
11103 -359.99 11179.2 -455.018
11119.9 -335.257 11195.5 -456.32
11136 -384.723 11211.6 -482.355
11151.7 -401.646 11227 -466.734
11168.1 -410.759 11243.9 -415.966
11184.4 -408.155 11260 -447.208
11201 -399.043 11276 -430.285
11214.5 -382.12 11291.2 -391.232
11231.7 -354.783 11307.3 -455.018
11248.6 -357.387 11323.9 -470.639
11264.1 -392.534 11340.2 -521.408
11279.8 -406.853 11355.4 -559.159
11296.2 -405.552 11372.6 -521.408
11311.3 -427.681 11386.9 -526.615
11328.3 -431.587 11404.1 -482.355
11344 -357.387 11420.2 -458.924
11360.6 -370.404 11436.2 -470.639
11376.4 -371.706 11452.9 -537.029
11391.6 -369.102 11467.7 -582.59
11407.9 -380.818 11484.4 -593.004
11423.4 -376.913 11500.1 -544.839
11440.3 -414.664 11517.1 -491.467
11456.4 -439.397 11532.5 -469.338
11472.4 -373.008 11548.3 -483.657
11487.3 -400.345 11565.2 -455.018
11504.2 -357.387 11579.8 -427.681
11520.3 -358.688 11596.7 -471.941
11536.3 -365.197 11613.7 -487.562
11551.8 -392.534 11629.4 -512.296
11568.1 -401.646 11644.6 -487.562
11584.5 -396.439 11661.2 -495.373
11598.8 -397.741 11677.6 -430.285
11615.7 -367.801 11692.5 -421.173
11632.6 -343.067 11709.1 -453.717
11647.8 -374.309 11724.6 -514.899
11663.6 -357.387 11741.2 -496.675
11679.9 -358.688 11756.7 -524.011
11697.2 -404.25 11773.6 -531.822
11711.7 -387.327 11789.7 -458.924
11728.1 -383.422 11805.2 -419.871
11744.4 -378.215 11820.9 -432.888
11760.8 -365.197 11837.9 -419.871
11776 -379.516 11852.8 -464.131
11792 -391.232 11870 -525.313
11807.8 -339.162 11885.5 -501.881
11824.4 -367.801 11902.1 -494.071
11840.2 -370.404 11917 -471.941
11856 -370.404 11934.2 -443.303
11872.9 -378.215 11950.3 -397.741
11888.1 -370.404 11966 -408.155
11904.4 -359.99 11981.2 -432.888
11919.6 -384.723 11998.2 -439.397
11935.7 -323.541 12014.5 -461.527
11952.9 -343.067 12030.6 -471.941
11968.1 -344.369 12046.6 -488.864
11983.9 -367.801 12062.1 -487.562
12000.2 -367.801 12077.9 -452.415
12016 -363.895 12094.5 -427.681
12032.3 -363.895 12110.6 -436.794
12048.7 -391.232 12126.7 -442.001
12064.2 -356.085 12142.1 -503.183
12079.9 -356.085 12158.5 -495.373
12095.4 -350.878 12175.1 -478.45
12112.3 -350.878 12190.3 -488.864
12128.1 -341.766 12207 -447.208
12143.3 -328.748 12223.3 -419.871
12160.3 -318.334 12238.2 -391.232
12176.3 -344.369 12254.3 -430.285
12191.5 -344.369 12271 -471.941
12207.6 -326.144 12286.7 -496.675
12223.6 -380.818 12302.8 -486.26
12240.9 -353.481 12319.2 -483.657
12255.8 -345.671 12334.9 -443.303
12272.1 -349.576 12349.6 -363.895
12288.2 -358.688 12367.1 -422.474
12303.7 -296.204 12383.5 -359.99
12319.8 -343.067 12399.8 -447.208
12336.4 -366.499 12415.6 -451.113
12352.5 -346.973 12430.5 -479.752
12367.4 -380.818 12446.6 -486.26
12384.3 -353.481 12462.9 -439.397
12401 -326.144 12479.6 -426.38
12416.5 -327.446 12495.4 -401.646
12431.7 -318.334 12511.4 -400.345
12448.3 -314.429 12527.5 -410.759
12464.4 -298.808 12543 -423.776
12479.9 -331.352 12560.3 -477.148
12496 -331.352 12575.5 -465.432
12512.9 -319.636 12590.9 -505.787
12527.8 -310.523 12608.2 -460.225
12544.2 -324.843 12624 -406.853
12560 -290.997 12640 -365.197
12577.5 -280.583 12655.5 -400.345
12592.1 -287.092 12672.5 -440.699
12607 -300.109 12687.7 -471.941
12624 -296.204 12704.4 -492.769
12640.6 -323.541 12719.6 -512.296
12656.1 -259.755 12737.1 -465.432
12671.9 -311.825 12751.7 -422.474
12688 -292.299 12768.7 -405.552
12703.5 -236.323 12785.3 -376.913
12719.8 -237.625 12800.3 -373.008
12736.5 -219.401 12816.9 -425.078
12752.6 -223.306 12833 -455.018
12767.8 -245.436 12849.1 -504.485
12783.9 -231.116 12864.3 -494.071
12800.5 -249.341 12880.1 -471.941
12816.3 -233.72 12897.3 -426.38
12831.8 -203.779 12912.2 -380.818
12847.9 -201.176 12928.9 -361.292
12864 -199.874 12945 -401.646
12880.4 -182.951 12960.5 -421.173
12895.9 -172.537 12977.8 -425.078
12912.5 -176.443 12993.3 -477.148
12928.3 -164.727 13009.9 -431.587
12944.4 -177.744 13024.8 -397.741
12959.3 -160.822 13041.8 -318.334
12976.6 -145.2 13056.7 -318.334
12992.4 -113.958 13072.8 -314.429
13007 -59.2846 13089.8 -393.836
13024 -91.8285 13105.9 -419.871
13040.1 -94.432 13122.5 -445.906
13055.3 -80.1127 13137.2 -439.397
13071.9 -91.8285 13154.4 -406.853
13087.7 -82.7162 13170.5 -328.748
13103.8 -67.0951 13184.9 -294.902
13119.9 -56.6811 13201.2 -297.506
13136 -42.3617 13218.2 -298.808
13151.8 3.1997 13233.4 -341.766
13168.5 -2.00733 13250.7 -348.274
13184 -2.00733 13266.5 -402.948
13199.8 -13.7231 13282 -359.99
13215.3 34.4418 13297.8 -324.843
13232 17.519 13313.9 -250.643
13248.3 31.8383 13330.6 -223.306
13264.7 39.6489 13346.7 -189.46
13279.9 69.5892 13362.5 -266.264
13296.6 91.7191 13379.1 -300.109
13312.4 91.7191 13394.9 -331.352
13327.6 130.772 13410.5 -336.559
13344 126.866 13426.8 -268.867
13360.1 146.393 13443.2 -177.744
13376.8 163.316 13459 -107.45
13391.7 147.695 13474.8 -82.7162
13408.7 154.203 13490.9 -166.029
13424.8 203.67 13508.2 -210.288
13440 307.811 13523.1 -274.074
13456.1 313.018 13539.5 -264.962
13471.9 326.035 13555.9 -198.572
13488 335.147 13571.1 -71.0004
13504.4 331.242 13586.9 8.40672
13520.5 339.053 13603.9 37.0453
13535.7 342.958 13620 -2.00733
13552.4 391.123 13635.5 -59.2846
13567.6 493.962 13651.9 -125.674
13583.7 546.032 13668.3 -133.485
13600.1 577.274 13684.1 -134.786
13615.9 575.972 13699.9 27.9331
13631.7 508.281 13716 142.488
13647.8 478.341 13731.9 233.61
13664.5 480.944 13748.3 247.93
13680.9 516.091 13764.6 185.445
13696.4 575.972 13780.7 86.5121
13712.5 707.45 13796.8 86.5121
13727.8 736.088 13812.4 115.151
13743.6 777.744 13829.1 238.817
13760 737.39 13845.4 368.993
13776.4 668.397 13861.3 467.926
13792.2 608.516 13877.4 504.376
13807.7 646.267 13893.8 483.548
13823.2 772.537 13909.9 400.235
13840.8 905.316 13925.7 383.312
13856 1039.4 13942.4 376.804
13870.9 1069.34 13959.6 505.677
13887 1027.68 13976.1 678.811
13903.7 940.464 13992.2 829.815
13920.1 920.937 13999.8 935.257
13936.8 922.239 13984.5 950.878
13951.7 871.471 13968.4 900.109
