8011.23 -287.092 8024.1 -305.316
8005.38 -251.944 8035.22 -301.411
8001.87 -259.755 8046.62 -305.316
8006.26 -288.394 8057.73 -276.678
8014.74 -268.867 8067.97 -309.222
8025.85 -264.962 8078.79 -332.653
8037.26 -293.601 8090.19 -350.878
8047.5 -293.601 8101.6 -310.523
8059.2 -275.376 8111.83 -307.92
8070.6 -287.092 8123.82 -307.92
8081.42 -254.548 8134.94 -330.05
8092.83 -275.376 8145.17 -276.678
8104.23 -255.85 8156.57 -332.653
8113.59 -272.773 8167.1 -326.144
8125.29 -261.057 8178.5 -322.239
8136.4 -250.643 8189.9 -314.429
8146.92 -276.678 8200.43 -327.446
8159.2 -263.66 8211.83 -319.636
8169.73 -296.204 8222.94 -341.766
8181.43 -262.358 8234.34 -319.636
8190.78 -304.015 8245.45 -320.937
8202.77 -296.204 8255.39 -330.05
8213.29 -263.66 8266.79 -346.973
8224.7 -253.246 8277.32 -323.541
8236.39 -248.039 8288.72 -296.204
8246.62 -246.737 8300.41 -324.843
8257.73 -271.471 8310.93 -331.352
8268.84 -280.583 8321.45 -281.885
8279.95 -281.885 8333.44 -292.299
8291.64 -275.376 8344.25 -319.636
8301.87 -267.565 8355.36 -309.222
8312.68 -261.057 8365.88 -326.144
8324.67 -283.187 8376.69 -287.092
8335.48 -264.962 8387.22 -300.109
8346.01 -293.601 8398.9 -331.352
8356.82 -275.376 8410.01 -315.73
8368.22 -277.98 8421.11 -331.352
8379.32 -302.713 8432.22 -330.05
8390.14 -271.471 8443.32 -292.299
8401.24 -272.773 8453.84 -319.636
8412.93 -289.695 8464.95 -310.523
8422.87 -259.755 8475.76 -306.618
8434.26 -289.695 8487.45 -336.559
8445.37 -246.737 8497.97 -314.429
8456.47 -284.488 8509.36 -322.239
8467.58 -281.885 8520.17 -333.955
8479.27 -254.548 8531.28 -322.239
8489.2 -222.004 8542.09 -309.222
8500.3 -262.358 8553.48 -279.281
8512.28 -223.306 8564 -298.808
8522.51 -297.506 8575.68 -313.127
8532.74 -270.169 8586.49 -317.032
8544.42 -277.98 8597.59 -297.506
8556.11 -276.678 8608.7 -318.334
8566.04 -274.074 8619.21 -339.162
8577.73 -259.755 8630.31 -293.601
8589.12 -238.927 8642 -319.636
8599.64 -287.092 8652.51 -330.05
8610.45 -264.962 8663.03 -311.825
8622.42 -272.773 8674.13 -319.636
8632.94 -287.092 8685.81 -301.411
8643.75 -258.453 8696.62 -318.334
8654.85 -253.246 8707.72 -311.825
8666.24 -257.151 8718.53 -310.523
8676.17 -281.885 8729.04 -293.601
8688.15 -267.565 8740.43 -293.601
8699.25 -275.376 8752.11 -323.541
8709.76 -272.773 8763.21 -337.86
8721.45 -261.057 8773.14 -298.808
8731.38 -271.471 8784.82 -300.109
8742.77 -285.79 8795.92 -345.671
8753.28 -266.264 8807.6 -330.05
8764.96 -249.341 8817.24 -307.92
8776.06 -249.341 8829.21 -311.825
8787.74 -271.471 8840.31 -300.109
8797.67 -244.134 8851.11 -323.541
8809.65 -250.643 8862.5 -301.411
8820.16 -285.79 8873.01 -327.446
8830.96 -279.281 8884.69 -300.109
8842.06 -253.246 8894.91 -284.488
8852.86 -258.453 8905.72 -317.032
8865.13 -271.471 8917.39 -362.594
8874.18 -276.678 8927.91 -349.576
8886.15 -285.79 8938.42 -326.144
8896.37 -294.902 8950.1 -328.748
8908.05 -241.53 8961.77 -315.73
8918.85 -264.962 8971.7 -318.334
8930.24 -237.625 8983.38 -315.73
8941.63 -233.72 8994.47 -331.352
8952.72 -262.358 9006.15 -298.808
8964.11 -290.997 9016.37 -322.239
8974.04 -277.98 9027.17 -296.204
8985.42 -301.411 9038.55 -332.653
8996.52 -279.281 9049.94 -309.222
9007.9 -276.678 9060.45 -332.653
9017.83 -268.867 9070.96 -315.73
9030.09 -288.394 9083.22 -336.559
9041.18 -258.453 9093.43 -322.239
9051.11 -258.453 9105.4 -311.825
9063.07 -242.832 9115.33 -324.843
9072.71 -257.151 9126.42 -317.032
9084.09 -262.358 9138.39 -313.127
9095.48 -267.565 9149.48 -309.222
9106.86 -276.678 9159.98 -322.239
9117.66 -272.773 9170.2 -313.127
9127.88 -275.376 9182.46 -315.73
9139.84 -257.151 9192.09 -339.162
9150.06 -275.376 9203.47 -344.369
9161.15 -277.98 9215.73 -292.299
9172.24 -272.773 9226.24 -307.92
9183.92 -270.169 9237.33 -328.748
9194.43 -248.039 9247.54 -350.878
9205.81 -246.737 9259.51 -330.05
9217.19 -240.229 9270.01 -307.92
9227.11 -283.187 9280.81 -318.334
9238.79 -222.004 9291.32 -284.488
9249 -266.264 9302.99 -311.825
9260.97 -263.66 9314.08 -298.808
9271.47 -279.281 9325.46 -327.446
9282.85 -281.885 9335.38 -305.316
9293.36 -279.281 9346.47 -301.411
9304.45 -251.944 9358.14 -340.464
9315.83 -277.98 9369.23 -336.559
9326.34 -270.169 9380.32 -298.808
9337.43 -261.057 9391.41 -346.973
9349.39 -240.229 9402.21 -309.222
9360.77 -271.471 9414.17 -313.127
9370.98 -264.962 9424.38 -310.523
9382.07 -253.246 9436.35 -324.843
9392.87 -285.79 9445.97 -290.997
9404.25 -251.944 9457.64 -305.316
9414.46 -289.695 9468.15 -349.576
9426.13 -290.997 9479.82 -317.032
9436.64 -279.281 9490.03 -335.257
9447.72 -270.169 9501.41 -341.766
9459.4 -277.98 9512.5 -314.429
9468.73 -237.625 9523.58 -318.334
9479.82 -253.246 9535.55 -323.541
9491.78 -237.625 9546.05 -327.446
9502.29 -279.281 9556.55 -300.109
9515.13 -240.229 9567.35 -267.565
9524.17 -246.737 9578.43 -322.239
9535.84 -276.678 9589.81 -324.843
9546.34 -266.264 9600.61 -326.144
9557.72 -276.678 9611.98 -339.162
9569.39 -272.773 9623.36 -305.316
9579.89 -240.229 9633.57 -337.86
9591.56 -280.583 9645.24 -335.257
9602.07 -241.53 9656.91 -335.257
9612.86 -244.134 9667.7 -324.843
9623.07 -268.867 9677.91 -320.937
9635.03 -223.306 9689.58 -326.144
9645.83 -211.59 9700.08 -263.66
9656.62 -238.927 9710.88 -332.653
9667.41 -241.53 9721.67 -328.748
9678.2 -248.039 9732.76 -320.937
9689.87 -267.565 9744.42 -363.895
9701.25 -292.299 9755.22 -336.559
9711.75 -258.453 9766.6 -383.422
9723.13 -283.187 9777.39 -373.008
9733.63 -248.039 9788.76 -340.464
9745.88 -270.169 9799.56 -366.499
9755.51 -233.72 9810.64 -357.387
9767.18 -267.565 9821.72 -331.352
9777.97 -231.116 9832.52 -339.162
9789.64 -220.702 9844.48 -294.902
9800.14 -250.643 9854.1 -324.843
9811.23 -266.264 9865.48 -356.085
9822.31 -248.039 9876.27 -319.636
9832.52 -267.565 9887.64 -313.127
9843.6 -232.418 9899.02 -359.99
9855.27 -293.601 9909.82 -344.369
9866.94 -283.187 9921.48 -356.085
9877.44 -283.187 9931.98 -337.86
9888.52 -231.116 9942.48 -331.352
9899.6 -242.832 9953.27 -330.05
9910.11 -258.453 9964.65 -315.73
9921.77 -257.151 9976.02 -332.653
9932.56 -255.85 9987.11 -309.222
9943.65 -248.039 9997.02 -314.429
9954.73 -238.927 10008.1 -324.843
9965.23 -257.151 10020.1 -310.523
9976.61 -271.471 10031.4 -346.973
9986.82 -284.488 10042.5 -335.257
9998.48 -272.773 10053.3 -335.257
10009.9 -253.246 10063.8 -345.671
10020.6 -254.548 10075.5 -335.257
10031.1 -249.341 10086.3 -331.352
10042.2 -235.022 10096.2 -313.127
10053.3 -210.288 10107.8 -302.713
10064.4 -246.737 10119.5 -327.446
10075.2 -246.737 10129.7 -304.015
10086.3 -248.039 10142 -317.032
10096.8 -267.565 10152.8 -318.334
10109 -276.678 10163.6 -324.843
10119.2 -255.85 10174.6 -311.825
10130.6 -231.116 10185.4 -309.222
10142 -290.997 10196.2 -336.559
10151.9 -229.815 10207 -362.594
10164.4 -251.944 10218.7 -328.748
10174.4 -262.358 10228.9 -333.955
10186 -246.737 10240.8 -317.032
10195.6 -237.625 10252.2 -263.66
10206.7 -250.643 10262.7 -333.955
10218.4 -259.755 10272.9 -289.695
10229.8 -244.134 10284.9 -317.032
10240.3 -231.116 10295.7 -315.73
10251 -231.116 10307.3 -330.05
10263.3 -238.927 10318.4 -324.843
10273.5 -253.246 10328.6 -349.576
10284.6 -229.815 10340.3 -356.085
10296 -235.022 10351.1 -327.446
10306.5 -227.211 10361.6 -314.429
10317.3 -232.418 10373 -333.955
10328.6 -264.962 10384.6 -318.334
10339.7 -235.022 10394.5 -315.73
10350.2 -214.194 10406.5 -306.618
10360.7 -233.72 10417.3 -333.955
10372.1 -257.151 10427.5 -324.843
10382.9 -231.116 10439.7 -322.239
10395.4 -233.72 10449.4 -298.808
10405 -218.099 10461.6 -335.257
10416.4 -198.572 10472.4 -339.162
10427.2 -235.022 10482.9 -333.955
10438.6 -240.229 10494.3 -311.825
10449.4 -251.944 10505.4 -363.895
10461.3 -241.53 10516.2 -337.86
10471.8 -251.944 10526.6 -324.843
10482.3 -250.643 10538.3 -336.559
10492.8 -277.98 10548.8 -331.352
10504.5 -255.85 10560.2 -350.878
10515.6 -251.944 10571.9 -333.955
10527.2 -275.376 10582.9 -336.559
10537.7 -235.022 10593.1 -328.748
10548.8 -223.306 10603.9 -340.464
10559.9 -236.323 10615.9 -341.766
10570.4 -225.909 10626.1 -340.464
10581.2 -246.737 10637.5 -350.878
10592.6 -249.341 10648.3 -346.973
10603.6 -254.548 10659.6 -302.713
10615.6 -246.737 10670.7 -307.92
10625.8 -270.169 10681.5 -332.653
10636.3 -274.074 10693.2 -297.506
10648.6 -271.471 10704 -337.86
10660.2 -240.229 10714.8 -322.239
10669 -264.962 10725.9 -361.292
10680.6 -212.892 10736.9 -350.878
10692 -218.099 10747.4 -341.766
10702.5 -241.53 10758.8 -318.334
10713.9 -237.625 10769.9 -320.937
10723.8 -195.969 10780.4 -281.885
10736.1 -227.211 10791.5 -302.713
10746.9 -272.773 10802.3 -309.222
10757.4 -246.737 10814.2 -336.559
10768.1 -263.66 10825.3 -363.895
10779.8 -248.039 10836.1 -335.257
10790.9 -251.944 10847.5 -288.394
10801.1 -271.471 10858.6 -328.748
10812.8 -279.281 10869.1 -317.032
10824.4 -237.625 10880.4 -335.257
10834.4 -224.608 10891.8 -307.92
10846.3 -236.323 10902 -345.671
10856.5 -225.909 10912.5 -290.997
10867.6 -242.832 10923.3 -319.636
10878.4 -251.944 10935.9 -290.997
10889.8 -253.246 10946.9 -307.92
10900.3 -274.074 10957.7 -300.109
10911.7 -250.643 10969.1 -341.766
10922.7 -266.264 10978.8 -314.429
10934.4 -237.625 10990.4 -343.067
10944.6 -270.169 11001.8 -332.653
10956.3 -237.625 11012.6 -337.86
10966.2 -212.892 11023.7 -357.387
10977.9 -259.755 11035.3 -301.411
10988.1 -263.66 11045.8 -315.73
10998.9 -212.892 11056.6 -301.411
11010.3 -272.773 11067.4 -261.057
11022.5 -261.057 11079.1 -310.523
11031.5 -262.358 11090.2 -300.109
11045.3 -238.927 11102.1 -310.523
11054.6 -281.885 11111.8 -319.636
11065.4 -275.376 11122.3 -335.257
11076.8 -264.962 11133.9 -327.446
11088.4 -268.867 11145.9 -285.79
11098.6 -242.832 11156.4 -331.352
11110.6 -236.323 11165.7 -298.808
11121.4 -236.323 11178.6 -315.73
11131.6 -198.572 11188.8 -323.541
11143.3 -229.815 11199.9 -293.601
11154.1 -195.969 11210.7 -304.015
11165.2 -194.667 11222 -288.394
11176.2 -241.53 11233.4 -290.997
11187 -271.471 11244.5 -315.73
11197.8 -264.962 11255.6 -318.334
11208.6 -263.66 11266.7 -298.808
11220 -255.85 11277.2 -324.843
11230.8 -240.229 11288.6 -272.773
11242.2 -207.685 11299.4 -297.506
11253 -216.797 11310.5 -310.523
11263.8 -208.986 11320.1 -307.92
11275.1 -214.194 11332.3 -296.204
11285.9 -211.59 11344 -285.79
11296.5 -214.194 11355.1 -322.239
11308.1 -251.944 11365.3 -302.713
11319.8 -232.418 11376.7 -279.281
11330.9 -235.022 11387.8 -310.523
11341.7 -280.583 11398.6 -320.937
11352.5 -235.022 11409.7 -318.334
11362.4 -288.394 11421 -310.523
11373.5 -233.72 11431.8 -335.257
11385.2 -216.797 11442.9 -323.541
11395.1 -224.608 11454.6 -297.506
11406.5 -180.348 11464.5 -293.601
11418.4 -210.288 11475.6 -296.204
11429.8 -192.064 11486.4 -301.411
11440.9 -211.59 11498.7 -302.713
11450.8 -238.927 11508.3 -317.032
11462.2 -233.72 11520.3 -307.92
11472.7 -237.625 11531.7 -298.808
11484.7 -241.53 11542.5 -292.299
11495.2 -214.194 11552.4 -326.144
11506 -229.815 11564 -344.369
11517.9 -202.478 11574.6 -319.636
11527.3 -227.211 11586.5 -302.713
11539.5 -233.72 11597.3 -290.997
11550.3 -222.004 11607.8 -297.506
11561.1 -219.401 11618.9 -294.902
11571.9 -206.383 11630.9 -294.902
11582.7 -205.081 11641.4 -302.713
11595 -222.004 11652.2 -261.057
11604.3 -219.401 11663.3 -320.937
11616 -255.85 11675.5 -315.73
11626.2 -201.176 11685.2 -296.204
11638.5 -238.927 11697.2 -319.636
11649.9 -214.194 11707.4 -304.015
11659.8 -220.702 11719 -277.98
11670.9 -211.59 11729.3 -288.394
11681.4 -193.365 11740.9 -305.316
11693.4 -177.744 11752 -261.057
11703.9 -156.916 11762.2 -315.73
11715.8 -188.158 11774.5 -271.471
11726 -202.478 11785.3 -332.653
11737.7 -207.685 11795.2 -318.334
11747.9 -186.857 11806.6 -343.067
11759.3 -158.218 11818.3 -302.713
11770.1 -197.271 11828.8 -292.299
11780.9 -212.892 11840.8 -313.127
11792 -201.176 11851 -255.85
11803.4 -176.443 11861.8 -292.299
11814.2 -180.348 11873.5 -290.997
11824.1 -180.348 11884.6 -262.358
11836.1 -202.478 11895.1 -298.808
11846.9 -167.33 11906.2 -297.506
11857.7 -181.65 11917 -304.015
11869.1 -143.899 11928.7 -304.015
11879.9 -184.253 11939.2 -280.583
11891.3 -128.278 11950.6 -335.257
11902.1 -153.011 11962 -309.222
11913.2 -133.485 11971.9 -300.109
11923.1 -129.579 11983 -331.352
11934.8 -155.615 11994.4 -324.843
11946.5 -130.881 12005.2 -317.032
11957.6 -141.295 12017.4 -323.541
11968.1 -167.33 12028 -281.885
11979.2 -159.52 12038.8 -294.902
11991.4 -169.934 12050.1 -283.187
12000.5 -171.236 12061 -274.074
12011.3 -149.106 12072.1 -279.281
12023 -151.709 12083.1 -272.773
12034.4 -139.993 12093.7 -343.067
12046 -119.165 12105.1 -328.748
12056 -151.709 12115.6 -310.523
12067.1 -136.088 12127 -319.636
12077.3 -162.123 12138.3 -296.204
12089.6 -180.348 12149.2 -281.885
12100.4 -159.52 12160.3 -300.109
12110.9 -124.372 12170.8 -294.902
12122.6 -149.106 12182.7 -275.376
12134 -128.278 12193 -302.713
12144.2 -115.26 12203.8 -313.127
12154.7 -80.1127 12215.2 -366.499
12165.8 -95.7337 12226.6 -354.783
12177.5 -87.9232 12237.4 -354.783
12188.6 -113.958 12247.9 -332.653
12199.4 -125.674 12259.9 -352.18
12210.8 -110.053 12270.4 -359.99
12220.7 -85.3197 12281.5 -281.885
12231.2 -106.148 12291.7 -309.222
12243.8 -106.148 12303.4 -283.187
12254.6 -126.976 12313.9 -266.264
12265.1 -73.6039 12326.2 -288.394
12276.2 -80.1127 12336.1 -263.66
12287 -61.8881 12347.5 -274.074
12298.7 -33.2495 12359.2 -284.488
12309.8 -31.9477 12370 -307.92
12320 -63.1898 12381.1 -292.299
12331.7 -39.7582 12391 -352.18
12342.5 -57.9828 12403 -283.187
12353.1 -69.6986 12413.3 -289.695
12363.6 -43.6635 12424.4 -283.187
12375 -86.6215 12435.8 -246.737
12385.8 -86.6215 12446.6 -257.151
12397.8 -76.2074 12458.3 -288.394
12407.7 -76.2074 12469.4 -267.565
12420 -51.474 12480.5 -293.601
12430.2 -65.7934 12490.7 -337.86
12441.3 -0.70557 12502.1 -317.032
12452.1 13.6137 12512.6 -344.369
12463.5 13.6137 12524.3 -336.559
12474.3 34.4418 12536 -388.629
12485.4 70.891 12546.8 -382.12
12495.7 61.7787 12557.9 -341.766
12507.4 61.7787 12568.1 -362.594
12519 80.0033 12579.5 -322.239
12529.6 108.642 12590.4 -313.127
12541.3 100.831 12602 -324.843
12550.6 64.3822 12612.9 -333.955
12562.9 93.0208 12623.7 -365.197
12574 108.642 12634.5 -326.144
12583.9 82.6068 12645.3 -345.671
12595.9 116.452 12657.6 -363.895
12606.4 139.884 12667.5 -345.671
12617.5 158.109 12679.2 -331.352
12628.1 165.919 12690.6 -320.937
12638.9 198.463 12700.5 -341.766
12650.3 212.782 12712.3 -290.997
12661.7 206.274 12723.1 -250.643
12672.5 207.575 12734.8 -284.488
12683.6 185.445 12745.3 -306.618
12693.3 182.842 12756.4 -287.092
12704.9 175.031 12767.2 -292.299
12716.6 225.8 12778.6 -276.678
12726.3 214.084 12789.1 -274.074
12738.8 247.93 12800.3 -271.471
12749.4 318.225 12811.6 -245.436
12760.2 293.491 12822.2 -240.229
12770.7 393.726 12833.9 -199.874
12782.1 388.519 12844.4 -198.572
12792.9 398.933 12855.8 -156.916
12804 414.554 12867.2 -210.288
12815.2 389.821 12878 -219.401
12826.3 368.993 12888.9 -194.667
12837.4 379.407 12900 -185.555
12848.8 391.123 12911.1 -177.744
12858.4 389.821 12921.6 -208.986
12870.7 411.951 12932.4 -192.064
12881.3 423.667 12944.7 -179.046
12892.6 495.263 12955.8 -141.295
12903.8 496.565 12966 -153.011
12914.6 539.523 12977.5 -139.993
12925.7 568.162 12988.6 -102.243
12936.8 582.481 12998.5 -112.657
12947.9 565.558 13011.4 -124.372
12957.9 575.972 13020.8 -103.544
12969.3 552.541 13032.1 -81.4144
12979.8 551.239 13043 -120.467
12992.1 540.825 13054.7 -82.7162
13001.7 559.049 13066.1 -56.6811
13012.9 569.463 13076.6 -16.3266
13024.3 630.646 13088.6 -41.06
13035.7 646.267 13099.1 -20.2319
13046.8 694.432 13110.8 8.40672
13057.3 746.502 13121.1 -4.61084
13068.7 707.45 13132.2 22.726
13079 741.295 13143.3 20.1225
13090.7 763.425 13154.1 34.4418
13101.2 724.372 13166.1 27.9331
13112.3 706.148 13176.1 44.8559
13123.1 710.053 13187.2 78.7015
13134.2 693.13 13198 107.34
13144.8 789.46 13209.4 112.547
13156.2 759.52 13220 125.565
13167 762.123 13231.4 194.558
13178.1 822.004 13242.5 198.463
13189.5 868.867 13254.2 262.249
13200.4 857.151 13264.4 254.439
13211.8 883.187 13276.1 251.835
13221.4 888.394 13287 277.87
13233.4 897.506 13298.7 267.456
13243.7 897.506 13308.9 280.474
13255.4 889.695 13319.7 323.432
13267.6 877.98 13331.7 337.751
13277 857.151 13343.1 387.218
13289 881.885 13352.8 430.176
13298.7 924.843 13364.2 482.246
13310.4 1000.34 13375.9 484.849
13321.8 1034.19 13386.8 513.488
13331.7 1049.81 13398.5 531.712
13343.4 1069.34 13408.7 531.712
13353.7 1081.05 13420.4 566.86
13365.7 1082.36 13431.5 586.386
13375.6 1096.67 13442.6 591.593
13387.3 1044.6 13453.5 625.439
13398.2 1017.27 13465.2 659.285
13409.3 1006.85 13476.9 671
13419.8 1013.36 13488 746.502
13431.5 1044.6 13496.5 776.443
13442.1 992.534 13497.1 818.099
13453.2 962.594 13486.5 858.453
13464.6 905.316 13474.5 889.695
