8011.23 -349.576 8024.68 -283.187
8005.38 -313.127 8035.51 -305.316
8001.29 -283.187 8046.33 -336.559
8005.67 -253.246 8057.44 -317.032
8015.03 -270.169 8067.97 -298.808
8025.27 -272.773 8078.79 -330.05
8036.68 -306.618 8090.49 -327.446
8048.38 -281.885 8101.02 -327.446
8059.49 -300.109 8112.71 -356.085
8070.6 -274.074 8122.95 -296.204
8081.71 -264.962 8134.94 -279.281
8093.12 -305.316 8145.17 -297.506
8103.65 -300.109 8156.57 -324.843
8113.88 -244.134 8166.81 -335.257
8124.41 -292.299 8178.21 -304.015
8136.11 -307.92 8190.2 -328.748
8147.22 -280.583 8200.43 -315.73
8159.5 -314.429 8212.12 -294.902
8169.73 -248.039 8222.65 -344.369
8180.84 -277.98 8233.76 -317.032
8191.95 -283.187 8245.16 -327.446
8202.48 -307.92 8255.1 -343.067
8213.59 -292.299 8266.79 -319.636
8225.57 -302.713 8277.61 -310.523
8236.1 -300.109 8289.01 -318.334
8246.62 -302.713 8300.12 -293.601
8258.9 -314.429 8311.22 -284.488
8269.42 -258.453 8322.04 -319.636
8280.24 -283.187 8332.56 -301.411
8291.05 -267.565 8344.25 -319.636
8301.58 -276.678 8355.36 -348.274
8312.98 -288.394 8365.88 -346.973
8324.08 -288.394 8376.4 -309.222
8335.78 -287.092 8388.09 -292.299
8345.71 -274.074 8398.61 -319.636
8356.53 -322.239 8410.3 -304.015
8367.63 -262.358 8421.41 -332.653
8379.62 -275.376 8432.51 -337.86
8390.72 -302.713 8443.03 -309.222
8400.66 -296.204 8454.14 -304.015
8412.06 -254.548 8465.83 -330.05
8423.75 -245.436 8476.64 -310.523
8434.85 -277.98 8487.45 -333.955
8444.79 -261.057 8497.97 -306.618
8456.77 -272.773 8508.78 -337.86
8467.58 -277.98 8520.17 -284.488
8477.81 -287.092 8532.15 -327.446
8490.08 -254.548 8542.09 -313.127
8500.01 -304.015 8552.89 -300.109
8511.41 -306.618 8564 -363.895
8522.51 -296.204 8575.39 -313.127
8534.78 -259.755 8587.08 -310.523
8544.13 -281.885 8597.01 -258.453
8556.4 -296.204 8608.99 -290.997
8566.04 -283.187 8618.92 -311.825
8578.6 -276.678 8630.31 -331.352
8588.83 -207.685 8641.7 -311.825
8599.35 -274.074 8652.81 -322.239
8611.03 -276.678 8663.32 -315.73
8621.55 -289.695 8673.84 -298.808
8632.06 -292.299 8685.81 -314.429
8643.75 -326.144 8696.33 -339.162
8654.56 -296.204 8708.01 -306.618
8665.66 -304.015 8718.53 -317.032
8677.05 -277.98 8729.92 -318.334
8688.15 -283.187 8740.72 -300.109
8698.96 -309.222 8751.82 -289.695
8710.35 -245.436 8762.92 -313.127
8719.99 -254.548 8773.43 -320.937
8732.25 -290.997 8784.24 -343.067
8743.64 -274.074 8795.92 -410.759
8753.57 -275.376 8807.31 -350.878
8765.84 -304.015 8817.24 -336.559
8775.77 -289.695 8829.21 -408.155
8786.57 -287.092 8840.01 -323.541
8797.38 -306.618 8851.11 -341.766
8808.77 -285.79 8861.92 -362.594
8819.87 -276.678 8872.43 -331.352
8831.26 -293.601 8884.4 -374.309
8841.48 -276.678 8895.2 -362.594
8852.86 -288.394 8906.3 -359.99
8864.55 -272.773 8917.69 -356.085
8874.76 -272.773 8927.91 -359.99
8886.15 -284.488 8939.29 -376.913
8896.66 -310.523 8950.39 -331.352
8908.34 -304.015 8961.48 -323.541
8918.56 -289.695 8972.28 -348.274
8930.24 -259.755 8983.67 -331.352
8941.34 -268.867 8994.47 -298.808
8951.55 -263.66 9005.57 -323.541
8964.4 -287.092 9016.07 -344.369
8974.33 -294.902 9028.04 -349.576
8985.13 -280.583 9037.68 -335.257
8997.1 -287.092 9049.65 -335.257
9007.32 -290.997 9060.45 -319.636
9019.58 -288.394 9071.83 -339.162
9028.04 -305.316 9082.92 -331.352
9040.6 -294.902 9094.31 -330.05
9051.4 -272.773 9104.82 -335.257
9062.2 -296.204 9115.33 -310.523
9073.58 -268.867 9126.71 -332.653
9084.09 -288.394 9138.09 -327.446
9095.77 -246.737 9148.6 -363.895
9106.57 -283.187 9160.57 -349.576
9117.66 -263.66 9169.91 -343.067
9128.17 -238.927 9182.75 -339.162
9139.55 -268.867 9192.38 -272.773
9150.35 -279.281 9203.18 -317.032
9161.44 -293.601 9215.15 -340.464
9171.95 -287.092 9225.95 -367.801
9183.92 -272.773 9237.91 -378.215
9193.55 -294.902 9248.42 -380.818
9206.1 -257.151 9259.22 -376.913
9216.31 -289.695 9270.01 -367.801
9227.4 -258.453 9280.52 -370.404
9237.91 -290.997 9292.19 -361.292
9250.17 -268.867 9303.57 -383.422
9261.26 -284.488 9313.79 -340.464
9272.06 -251.944 9325.17 -358.688
9282.27 -306.618 9336.55 -327.446
9293.94 -274.074 9345.6 -305.316
9305.03 -266.264 9358.14 -332.653
9315.25 -274.074 9368.94 -314.429
9326.34 -277.98 9380.61 -332.653
9337.72 -276.678 9391.41 -343.067
9349.68 -263.66 9402.5 -370.404
9360.48 -254.548 9413.88 -358.688
9371.28 -288.394 9425.26 -357.387
9381.78 -306.618 9435.47 -361.292
9392.87 -237.625 9446.27 -337.86
9403.66 -294.902 9456.77 -318.334
9415.92 -264.962 9469.32 -313.127
9425.84 -311.825 9479.53 -319.636
9436.35 -300.109 9489.74 -348.274
9447.43 -263.66 9502 -327.446
9459.1 -294.902 9513.08 -349.576
9469.32 -302.713 9524.46 -340.464
9480.99 -279.281 9534.67 -322.239
9491.78 -288.394 9545.18 -337.86
9502.58 -255.85 9556.26 -449.811
9513.37 -271.471 9567.93 -462.829
9524.75 -266.264 9579.31 -393.836
9535.84 -280.583 9590.4 -432.888
9546.34 -276.678 9601.48 -439.397
9558.3 -277.98 9611.98 -432.888
9569.1 -323.541 9623.36 -413.362
9580.48 -276.678 9634.45 -431.587
9590.69 -297.506 9644.66 -412.06
9601.77 -300.109 9656.33 -397.741
9613.44 -249.341 9667.41 -388.629
9623.95 -285.79 9678.2 -413.362
9634.16 -263.66 9689.58 -419.871
9646.12 -235.022 9699.79 -406.853
9657.49 -290.997 9710.88 -404.25
9668.58 -313.127 9721.67 -412.06
9678.79 -289.695 9733.92 -426.38
9689.87 -275.376 9744.42 -468.036
9700.96 -306.618 9755.8 -432.888
9712.34 -277.98 9765.14 -481.053
9723.13 -289.695 9777.39 -440.699
9734.22 -287.092 9788.76 -423.776
9745.3 -267.565 9799.56 -428.983
9756.68 -287.092 9810.93 -428.983
9766.3 -233.72 9821.72 -434.19
9777.97 -255.85 9831.93 -415.966
9789.35 -263.66 9843.89 -418.569
9799.56 -281.885 9854.68 -436.794
9810.93 -270.169 9865.48 -414.664
9822.6 -289.695 9876.56 -415.966
9833.1 -249.341 9888.23 -435.492
9844.48 -270.169 9898.15 -382.12
9855.27 -300.109 9909.52 -388.629
9866.35 -266.264 9920.61 -423.776
9877.15 -288.394 9931.98 -389.931
9887.94 -255.85 9943.07 -359.99
9899.6 -258.453 9954.15 -405.552
9910.11 -227.211 9964.94 -423.776
9920.9 -238.927 9976.31 -404.25
9931.98 -272.773 9987.11 -404.25
9943.36 -270.169 9998.77 -395.138
9954.15 -292.299 10008.4 -405.552
9964.94 -250.643 10019.8 -417.267
9976.02 -283.187 10030.6 -379.516
9987.69 -280.583 10042.2 -380.818
9999.07 -270.169 10053.3 -383.422
10008.7 -292.299 10064.1 -345.671
10020.1 -310.523 10074.9 -382.12
10030.6 -267.565 10086 -341.766
10042.5 -271.471 10096.8 -349.576
10052.7 -257.151 10107.3 -389.931
10064.7 -223.306 10119.5 -357.387
10074.9 -222.004 10129.7 -371.706
10086.3 -250.643 10141.1 -375.611
10096.8 -244.134 10151.9 -389.931
10108.7 -276.678 10163.9 -393.836
10119.2 -262.358 10174 -383.422
10131.2 -296.204 10185.7 -356.085
10141.4 -294.902 10196.8 -324.843
10152.8 -275.376 10207.9 -350.878
10163.9 -275.376 10217.8 -323.541
10173.8 -311.825 10229.2 -350.878
10185.4 -233.72 10240.8 -327.446
10195.9 -246.737 10251 -320.937
10207.9 -284.488 10262.7 -330.05
10217.8 -266.264 10272.9 -336.559
10229.2 -246.737 10284.9 -340.464
10240.6 -270.169 10295.7 -343.067
10251.6 -302.713 10306.8 -341.766
10262.7 -272.773 10317.8 -343.067
10272.9 -306.618 10328.3 -310.523
10285.2 -258.453 10339.4 -359.99
10295.7 -268.867 10350.2 -324.843
10306.8 -251.944 10362.5 -315.73
10317.8 -279.281 10372.4 -320.937
10328.6 -231.116 10384.9 -341.766
10339.4 -250.643 10394.5 -337.86
10350.2 -233.72 10405.9 -352.18
10361.3 -293.601 10417.6 -331.352
10372.4 -251.944 10428.1 -320.937
10383.2 -304.015 10439.2 -313.127
10395.1 -285.79 10450.2 -370.404
10404.8 -266.264 10461 -340.464
10417 -281.885 10472.4 -302.713
10427.5 -248.039 10483.2 -331.352
10438.6 -280.583 10495.2 -293.601
10449.7 -284.488 10504.8 -277.98
10460.4 -267.565 10516.5 -298.808
10471.5 -262.358 10526.6 -331.352
10483.2 -250.643 10538.6 -289.695
10494 -284.488 10549.4 -311.825
10504.5 -270.169 10560.8 -339.162
10515.3 -266.264 10571.6 -389.931
10526.4 -275.376 10581.8 -353.481
10537.7 -298.808 10592.9 -399.043
10548.5 -297.506 10604.2 -396.439
10561.1 -275.376 10615.6 -408.155
10571 -254.548 10626.4 -410.759
10581.8 -262.358 10637.5 -379.516
10593.1 -250.643 10648.6 -376.913
10603.4 -254.548 10660.2 -383.422
10614.1 -241.53 10671.3 -387.327
10625.5 -241.53 10681.2 -395.138
10635.4 -255.85 10693.5 -365.197
10649.2 -249.341 10704 -391.232
10658.8 -297.506 10715.1 -328.748
10670.1 -267.565 10726.4 -380.818
10680.6 -271.471 10737.5 -380.818
10691.4 -264.962 10747.7 -336.559
10702.5 -259.755 10758.2 -349.576
10713.9 -251.944 10770.2 -341.766
10724.7 -271.471 10780.7 -367.801
10736.1 -248.039 10792.1 -365.197
10747.1 -240.229 10802.6 -373.008
10757.9 -227.211 10814.5 -330.05
10769.3 -246.737 10825.3 -332.653
10779.5 -254.548 10836.1 -387.327
10790.6 -258.453 10847.8 -352.18
10801.4 -245.436 10858.6 -297.506
10812.8 -262.358 10869.6 -336.559
10823.6 -261.057 10879.3 -324.843
10834.4 -261.057 10891 -353.481
10845.7 -270.169 10901.7 -306.618
10856.5 -280.583 10914 -317.032
10867.3 -236.323 10923.9 -328.748
10879 -285.79 10935 -352.18
10889.2 -266.264 10946.1 -293.601
10900.3 -257.151 10957.7 -336.559
10911.7 -246.737 10968.8 -335.257
10922.4 -231.116 10979.3 -322.239
10933.2 -272.773 10990.1 -335.257
10945.2 -250.643 11000.9 -352.18
10955.4 -227.211 11012.6 -371.706
10965.9 -253.246 11023.7 -327.446
10977.9 -238.927 11033.9 -309.222
10989.5 -227.211 11046.7 -332.653
10999.5 -242.832 11056.6 -319.636
11010.8 -251.944 11068.3 -330.05
11021.9 -263.66 11078.5 -356.085
11032.7 -279.281 11089.9 -327.446
11043.2 -292.299 11101 -354.783
11054.6 -254.548 11112.1 -324.843
11066 -262.358 11122.9 -307.92
11077 -288.394 11133.6 -328.748
11088.7 -242.832 11145.6 -318.334
11098.9 -288.394 11155.5 -305.316
11109.7 -241.53 11166.6 -331.352
11122 -266.264 11177.1 -297.506
11131.6 -225.909 11188.5 -288.394
11143 -241.53 11200.5 -306.618
11153.5 -254.548 11210.1 -333.955
11164.9 -244.134 11223.2 -296.204
11176.2 -275.376 11232.8 -335.257
11187.6 -254.548 11244.8 -340.464
11199.3 -267.565 11255.3 -311.825
11209.2 -241.53 11266.4 -339.162
11219.7 -275.376 11276.9 -326.144
11230.8 -258.453 11288.6 -307.92
11241.9 -237.625 11299.7 -330.05
11252.4 -283.187 11309.9 -314.429
11263.8 -214.194 11321.5 -293.601
11274.6 -253.246 11331.8 -311.825
11285.9 -238.927 11343.7 -307.92
11296.7 -233.72 11354.2 -348.274
11308.7 -253.246 11365.9 -362.594
11318.9 -250.643 11377.3 -359.99
11330.3 -250.643 11388.1 -389.931
11342 -258.453 11398.3 -356.085
11352.2 -281.885 11409.4 -366.499
11363 -246.737 11421 -358.688
11373.5 -271.471 11431.3 -344.369
11385.5 -251.944 11442.3 -336.559
11395.4 -241.53 11454.3 -346.973
11407 -205.081 11464.8 -380.818
11418.7 -208.986 11476.2 -315.73
11428.6 -240.229 11487 -356.085
11439.7 -218.099 11498.1 -361.292
11451.1 -208.986 11508.9 -341.766
11461.9 -238.927 11520.3 -320.937
11473.3 -244.134 11530.8 -343.067
11484.1 -257.151 11541.9 -341.766
11495.8 -232.418 11553.5 -327.446
11506 -255.85 11564.6 -314.429
11516.5 -240.229 11575.1 -298.808
11527.6 -253.246 11586.2 -320.937
11539.8 -224.608 11597.6 -330.05
11549.8 -233.72 11608.7 -324.843
11560.8 -216.797 11618.9 -340.464
11571.3 -203.779 11630.3 -328.748
11583 -222.004 11642 -335.257
11594.1 -176.443 11653.1 -357.387
11604.6 -208.986 11663 -366.499
11616.6 -219.401 11674.4 -371.706
11626.8 -220.702 11685.5 -333.955
11637.9 -249.341 11696 -378.215
11648.4 -223.306 11707.1 -322.239
11659.5 -244.134 11719.3 -305.316
11671.5 -207.685 11729.5 -297.506
11682 -224.608 11740.6 -343.067
11692.8 -211.59 11751.7 -285.79
11704.4 -198.572 11763.1 -298.808
11715 -203.779 11773.9 -323.541
11725.8 -201.176 11785 -315.73
11737.7 -215.495 11795.5 -315.73
11748.5 -219.401 11807.2 -326.144
11759.6 -202.478 11818.3 -318.334
11770.4 -212.892 11829.1 -276.678
11781.5 -229.815 11839.9 -305.316
11792 -220.702 11851 -306.618
11802.8 -201.176 11861.8 -289.695
11813.9 -205.081 11873.5 -268.867
11825 -182.951 11884.3 -268.867
11836.7 -190.762 11895.7 -326.144
11847.2 -202.478 11905.9 -322.239
11857.4 -182.951 11917.6 -345.671
11869.4 -208.986 11928.1 -315.73
11880.5 -216.797 11938.9 -306.618
11891 -192.064 11949.7 -311.825
11902.1 -171.236 11961.4 -331.352
11913.2 -214.194 11971.9 -302.713
11925.2 -207.685 11983.3 -274.074
11934.2 -210.288 11994.7 -280.583
11946.8 -162.123 12005.8 -268.867
11957.6 -203.779 12016.3 -293.601
11968.7 -203.779 12028 -277.98
11979.2 -179.046 12038.2 -258.453
11991.1 -176.443 12050.1 -292.299
12000.8 -145.2 12060.4 -322.239
12013 -146.502 12071.5 -359.99
12023.3 -167.33 12083.1 -367.801
12033.2 -129.579 12093.9 -346.973
12045.8 -154.313 12105.3 -313.127
12056 -166.029 12115.6 -314.429
12067.7 -186.857 12126.7 -301.411
12078.5 -149.106 12137.5 -293.601
12089.6 -184.253 12149.2 -309.222
12100.4 -180.348 12160.5 -304.015
12110.9 -136.088 12171.1 -306.618
12122.3 -150.407 12182.2 -309.222
12132.8 -133.485 12193.8 -322.239
12144.5 -113.958 12204.1 -330.05
12154.4 -117.864 12215.2 -314.429
12167 -115.26 12226.3 -292.299
12177.8 -106.148 12236.8 -261.057
12188.3 -137.39 12249.1 -298.808
12199.7 -124.372 12258.7 -337.86
12210.5 -132.183 12270.7 -304.015
12220.7 -121.769 12281.8 -277.98
12233 -125.674 12292.9 -283.187
12243.2 -117.864 12304.3 -350.878
12254.9 -102.243 12314.2 -374.309
12265.1 -57.9828 12325.3 -383.422
12276.5 -74.9056 12337 -322.239
12287.6 -51.474 12347.5 -366.499
12298.4 -61.8881 12358 -366.499
12309.2 -55.3793 12368.8 -343.067
12320.6 -93.1302 12380.8 -344.369
12330.9 -43.6635 12391.6 -405.552
12341.7 -61.8881 12402.7 -350.878
12353.1 -68.3969 12414.1 -402.948
12364.5 -84.0179 12424.6 -386.025
12375.3 -78.8109 12435.8 -375.611
12386.4 -72.3021 12446.9 -358.688
12397.2 -42.3617 12457.7 -375.611
12408.6 -20.2319 12469.1 -389.931
12419.4 -4.61084 12479.3 -369.102
12429 26.6313 12491 -311.825
12442.2 8.40672 12502.1 -374.309
12452.4 -5.91259 12512.6 -311.825
12463.2 17.519 12524.9 -349.576
12473.4 22.726 12534.8 -324.843
12485.1 16.2173 12546.8 -322.239
12496.2 53.9682 12557.6 -302.713
12506.8 11.0102 12569 -344.369
12518.8 13.6137 12579.3 -315.73
12529 81.305 12590.4 -330.05
12540.4 98.2279 12602 -322.239
12551.5 113.849 12613.1 -331.352
12562.3 120.358 12623.4 -353.481
12573.4 132.074 12634.2 -302.713
12584.2 177.635 12646.2 -294.902
12595.9 172.428 12656.7 -344.369
12605.8 164.617 12667.5 -311.825
12616.9 193.256 12679.2 -339.162
12628.1 181.54 12690.3 -317.032
12639.5 198.463 12701.1 -289.695
12650.6 186.747 12712 -340.464
12661.7 215.386 12723.4 -344.369
12672.5 229.705 12734.2 -314.429
12683.3 227.102 12745 -310.523
12695 231.007 12756.1 -275.376
12704.7 221.895 12767.2 -298.808
12715.8 249.232 12779.2 -280.583
12727.2 246.628 12789.1 -283.187
12738.3 270.06 12800 -277.98
12749.4 289.586 12811.9 -296.204
12760.5 323.432 12823.4 -263.66
12771 322.13 12833.6 -279.281
12782.7 316.923 12844.4 -302.713
12792.4 340.354 12855.8 -251.944
12804.6 370.295 12866 -274.074
12816.3 370.295 12877.7 -251.944
12826.3 362.484 12888.6 -238.927
12837.4 424.969 12899.7 -262.358
12847.9 392.425 12910.8 -281.885
12858.7 393.726 12921.3 -185.555
12870.4 435.383 12933.6 -233.72
12881 492.66 12944.4 -201.176
12892.4 445.797 12954.9 -171.236
12902.9 457.512 12965.8 -225.909
12914.3 447.098 12977.8 -181.65
12925.7 447.098 12988 -186.857
12936.5 434.081 12999.4 -193.365
12947.6 437.986 13010.5 -208.986
12957.9 478.341 13021.3 -188.158
12969.9 456.211 13032.7 -162.123
12980.4 499.169 13042.7 -133.485
12991.5 496.565 13054.4 -93.1302
13002 516.091 13065.8 -84.0179
13013.1 542.127 13078.1 -73.6039
13023.7 549.937 13087.7 -37.1547
13036 581.179 13099.4 -46.267
13046.8 618.93 13110.3 -50.1723
13057.6 600.706 13120.5 -20.2319
13068.1 642.362 13131.9 -5.91259
13079.8 620.232 13142.7 -17.6284
13090.7 657.983 13153.8 12.312
13101.8 652.776 13165 12.312
13111.7 657.983 13176.7 40.9506
13122.8 651.474 13188.4 87.8138
13134.2 669.699 13198 116.452
13144.8 707.45 13210 135.979
13155.6 729.579 13220.5 135.979
13168.8 775.141 13231.7 138.582
13178.4 772.537 13242.2 188.049
13189.5 788.158 13252.4 171.126
13200.1 812.892 13265 167.221
13211.5 835.022 13275 180.238
13222.3 862.358 13286.4 219.291
13232.8 818.099 13298.4 221.895
13244.8 810.288 13308 220.593
13255.1 807.685 13319.7 285.681
13265.9 850.643 13331.7 315.621
13277.6 807.685 13342.9 383.312
13288.4 853.246 13353.1 424.969
13299.5 884.488 13364.8 418.46
13310.7 897.506 13375 441.891
13321.8 924.843 13387 462.719
13333.2 979.517 13397.6 470.53
13342.6 959.99 13408.7 497.867
13354.9 949.576 13420.1 479.642
13365.4 982.12 13430.4 495.263
13375.9 997.741 13442.6 514.79
13386.8 980.818 13454.4 518.695
13398.2 991.232 13465.2 566.86
13409.6 986.025 13476.9 608.516
13420.1 1025.08 13488.3 626.741
13430.6 1027.68 13495.9 721.769
13442.9 983.422 13497.4 786.857
13452.9 910.523 13486.3 782.951
13464.9 906.618 13475.7 853.246
