8000.7 -245.436 8023.81 -365.197
8000.7 -301.411 8035.51 -387.327
8000.7 -344.369 8046.91 -373.008
8005.97 -315.73 8057.44 -397.741
8014.74 -311.825 8067.97 -363.895
8025.85 -300.109 8078.79 -378.215
8037.55 -319.636 8089.61 -357.387
8048.08 -317.032 8100.72 -359.99
8058.61 -309.222 8112.13 -393.836
8070.31 -297.506 8123.53 -401.646
8081.71 -327.446 8134.35 -392.534
8093.12 -288.394 8144.88 -425.078
8103.94 -298.808 8156.57 -383.422
8115.05 -270.169 8167.1 -401.646
8125.29 -319.636 8179.38 -430.285
8136.11 -336.559 8189.32 -391.232
8147.22 -330.05 8201.01 -404.25
8158.91 -320.937 8211.83 -417.267
8170.9 -318.334 8221.77 -389.931
8181.43 -348.274 8233.76 -376.913
8191.37 -319.636 8244.28 -397.741
8202.77 -323.541 8255.68 -418.569
8213.59 -296.204 8265.91 -344.369
8225.57 -298.808 8277.61 -412.06
8236.39 -276.678 8289.01 -392.534
8246.62 -290.997 8299.53 -404.25
8258.32 -290.997 8310.93 -431.587
8268.84 -309.222 8321.16 -396.439
8280.53 -290.997 8331.98 -383.422
8291.35 -285.79 8344.25 -401.646
8302.75 -346.973 8354.19 -427.681
8313.56 -335.257 8365.3 -413.362
8324.38 -346.973 8376.69 -389.931
8335.78 -319.636 8387.8 -402.948
8346.01 -279.281 8398.03 -395.138
8357.99 -276.678 8410.3 -408.155
8367.93 -287.092 8420.82 -415.966
8379.91 -307.92 8432.51 -399.043
8390.14 -254.548 8442.74 -417.267
8401.24 -248.039 8454.14 -428.983
8413.23 -268.867 8465.53 -448.51
8423.75 -300.109 8475.76 -422.474
8435.14 -296.204 8487.45 -428.983
8445.08 -330.05 8498.26 -408.155
8456.47 -335.257 8508.78 -438.096
8468.45 -331.352 8519.59 -401.646
8478.97 -320.937 8532.15 -396.439
8490.08 -298.808 8540.92 -412.06
8500.3 -304.015 8553.77 -417.267
8511.7 -297.506 8563.41 -391.232
8522.51 -223.306 8575.68 -422.474
8533.61 -314.429 8586.49 -402.948
8545.01 -272.773 8597.3 -363.895
8556.11 -318.334 8608.4 -393.836
8566.92 -339.162 8618.92 -410.759
8578.02 -344.369 8630.9 -399.043
8589.71 -318.334 8641.12 -400.345
8600.22 -333.955 8652.81 -382.12
8610.45 -341.766 8662.74 -383.422
8620.67 -319.636 8674.13 -378.215
8632.36 -292.299 8685.23 -373.008
8643.46 -294.902 8696.04 -339.162
8654.56 -267.565 8708.01 -417.267
8667.12 -280.583 8717.65 -392.534
8677.34 -274.074 8729.62 -367.801
8687.86 -262.358 8740.72 -384.723
8699.54 -293.601 8751.53 -410.759
8710.64 -284.488 8762.33 -397.741
8721.15 -323.541 8774.02 -401.646
8732.55 -323.541 8785.11 -413.362
8742.77 -336.559 8795.63 -421.173
8753.57 -294.902 8807.02 -421.173
8765.55 -320.937 8817.53 -418.569
8776.06 -309.222 8829.8 -427.681
8787.16 -264.962 8839.72 -432.888
8796.8 -277.98 8851.11 -414.664
8809.94 -274.074 8861.92 -400.345
8819.87 -307.92 8873.6 -423.776
8832.42 -281.885 8884.11 -400.345
8841.77 -274.074 8894.91 -435.492
8853.16 -264.962 8906.88 -431.587
8864.84 -319.636 8917.1 -397.741
8875.06 -294.902 8927.91 -413.362
8886.74 -307.92 8938.71 -393.836
8896.95 -322.239 8950.39 -404.25
8907.76 -304.015 8961.19 -363.895
8919.73 -300.109 8971.99 -397.741
8930.53 -279.281 8983.09 -387.327
8941.63 -324.843 8993.89 -393.836
8952.72 -281.885 9005.86 -412.06
8963.53 -283.187 9017.53 -384.723
8974.91 -293.601 9026.88 -410.759
8985.71 -294.902 9037.68 -415.966
8997.1 -324.843 9049.65 -396.439
9007.02 -313.127 9059.86 -414.664
9018.12 -344.369 9071.25 -408.155
9029.21 -339.162 9082.34 -415.966
9040.6 -331.352 9093.73 -378.215
9051.11 -290.997 9105.4 -405.552
9062.49 -311.825 9116.79 -388.629
9073 -267.565 9126.42 -396.439
9085.26 -267.565 9137.51 -384.723
9095.48 -307.92 9148.6 -365.197
9106.57 -270.169 9159.98 -375.611
9117.37 -319.636 9170.78 -401.646
9128.46 -281.885 9181.87 -421.173
9139.55 -302.713 9192.96 -414.664
9149.77 -281.885 9204.35 -434.19
9161.74 -315.73 9215.44 -396.439
9172.24 -318.334 9225.65 -422.474
9183.04 -324.843 9237.33 -380.818
9194.43 -322.239 9248.42 -350.878
9205.81 -310.523 9258.63 -382.12
9217.48 -330.05 9269.43 -404.25
9227.7 -313.127 9281.1 -383.422
9239.08 -253.246 9292.49 -412.06
9249.59 -263.66 9303.28 -395.138
9260.68 -272.773 9314.08 -406.853
9272.35 -292.299 9325.75 -436.794
9283.44 -284.488 9335.97 -409.457
9293.36 -275.376 9345.31 -413.362
9304.16 -339.162 9357.27 -388.629
9316.41 -268.867 9368.65 -396.439
9326.63 -327.446 9381.2 -413.362
9337.72 -292.299 9391.7 -406.853
9350.26 -293.601 9402.21 -386.025
9360.77 -306.618 9413.29 -402.948
9371.28 -296.204 9423.51 -396.439
9382.66 -317.032 9435.18 -409.457
9392.87 -296.204 9445.68 -412.06
9403.96 -287.092 9457.94 -425.078
9415.04 -290.997 9469.02 -408.155
9426.42 -302.713 9479.53 -428.983
9436.93 -296.204 9490.32 -391.232
9447.43 -281.885 9501.7 -413.362
9459.1 -305.316 9513.37 -412.06
9470.19 -293.601 9523.88 -399.043
9481.86 -314.429 9534.96 -422.474
9492.95 -328.748 9544.88 -406.853
9503.16 -284.488 9557.14 -428.983
9514.54 -297.506 9567.93 -427.681
9524.75 -307.92 9578.73 -404.25
9536.71 -307.92 9590.1 -405.552
9546.34 -296.204 9600.32 -405.552
9558.3 -300.109 9612.27 -456.32
9569.97 -268.867 9623.36 -435.492
9580.18 -296.204 9633.86 -447.208
9591.56 -289.695 9644.95 -421.173
9602.65 -302.713 9656.33 -422.474
9612.57 -322.239 9668.29 -428.983
9624.82 -345.671 9677.33 -399.043
9634.74 -306.618 9689 -419.871
9645.24 -313.127 9700.38 -389.931
9657.49 -297.506 9711.46 -410.759
9668.87 -306.618 9721.67 -410.759
9679.37 -279.281 9734.51 -388.629
9691.04 -305.316 9745.01 -427.681
9700.08 -263.66 9755.22 -379.516
9711.75 -248.039 9766.89 -374.309
9723.42 -306.618 9777.97 -378.215
9734.22 -270.169 9789.06 -387.327
9744.42 -285.79 9799.26 -423.776
9755.8 -297.506 9810.93 -367.801
9767.47 -309.222 9821.14 -414.664
9778.26 -317.032 9832.81 -401.646
9789.35 -304.015 9843.31 -392.534
9800.72 -309.222 9854.1 -393.836
9811.52 -340.464 9865.77 -384.723
9822.6 -302.713 9876.85 -431.587
9833.1 -241.53 9887.64 -405.552
9843.31 -250.643 9899.6 -419.871
9854.68 -254.548 9910.69 -434.19
9867.23 -261.057 9919.44 -431.587
9877.15 -262.358 9930.81 -369.102
9888.52 -255.85 9942.77 -412.06
9899.9 -314.429 9954.15 -358.688
9910.69 -290.997 9964.94 -414.664
9920.9 -326.144 9976.31 -410.759
9932.56 -307.92 9987.4 -414.664
9943.07 -284.488 9998.19 -406.853
9955.02 -301.411 10009.3 -406.853
9965.23 -259.755 10020.6 -423.776
9976.31 -270.169 10030.8 -395.138
9986.52 -266.264 10042.5 -380.818
9998.77 -284.488 10053 -427.681
10010.4 -274.074 10064.1 -384.723
10020.6 -298.808 10074 -406.853
10031.1 -305.316 10085.7 -392.534
10043.1 -315.73 10097.6 -418.569
10053 -280.583 10107.6 -440.699
10064.1 -304.015 10119.8 -461.527
10076.1 -301.411 10130 -444.604
10086.6 -285.79 10141.4 -469.338
10097.1 -270.169 10152.5 -444.604
10108.1 -270.169 10163.3 -428.983
10119.8 -289.695 10174.9 -474.545
10130 -277.98 10185.7 -418.569
10142.3 -275.376 10196.5 -406.853
10152.8 -232.418 10207.3 -449.811
10163.9 -289.695 10219 -427.681
10174 -310.523 10228.3 -447.208
10185.4 -311.825 10239.7 -468.036
10197.4 -304.015 10250.8 -458.924
10207.9 -285.79 10263 -477.148
10218.7 -293.601 10273.5 -464.131
10229.2 -290.997 10284.3 -444.604
10240.8 -264.962 10295.4 -422.474
10251.9 -259.755 10307.1 -428.983
10261.8 -250.643 10318.1 -404.25
10273.5 -262.358 10328.6 -412.06
10284.9 -251.944 10340.9 -408.155
10296 -306.618 10350.8 -395.138
10306.5 -276.678 10362.2 -373.008
10317.8 -276.678 10373 -406.853
10328 -274.074 10384 -397.741
10340.3 -244.134 10394.8 -404.25
10349.9 -270.169 10406.5 -427.681
10361.9 -249.341 10416.7 -462.829
10372.4 -287.092 10428.4 -413.362
10384 -289.695 10438.3 -391.232
10394.3 -290.997 10450.2 -384.723
10406.2 -253.246 10461.3 -365.197
10417 -324.843 10473.6 -370.404
10427.5 -272.773 10482.9 -361.292
10439.5 -296.204 10494.6 -363.895
10448.8 -272.773 10504.8 -354.783
10461 -270.169 10515.9 -382.12
10471.8 -279.281 10527.5 -389.931
10483.5 -305.316 10538.3 -399.043
10492.8 -270.169 10549.7 -409.457
10504.2 -296.204 10560.5 -419.871
10515.3 -319.636 10571.3 -413.362
10526.9 -320.937 10581.8 -389.931
10537.4 -296.204 10593.7 -410.759
10548.5 -284.488 10604.2 -361.292
10559.9 -277.98 10615 -365.197
10570.4 -302.713 10625.8 -379.516
10582.1 -285.79 10636.6 -378.215
10592.3 -280.583 10648.9 -371.706
10603.1 -294.902 10659.4 -400.345
10614.7 -266.264 10669.9 -370.404
10625.5 -266.264 10681.5 -412.06
10636.9 -300.109 10694.1 -415.966
10648.6 -296.204 10703.4 -391.232
10658.2 -293.601 10714.8 -389.931
10669.3 -318.334 10726.1 -349.576
10680.4 -304.015 10736.1 -374.309
10692 -309.222 10746.9 -382.12
10702.8 -288.394 10758.8 -370.404
10714.2 -294.902 10770.2 -370.404
10724.4 -300.109 10781 -345.671
10735.2 -277.98 10792.6 -387.327
10746.6 -293.601 10802 -362.594
10757.4 -246.737 10813.9 -387.327
10768.7 -255.85 10826.2 -379.516
10779.5 -262.358 10835.5 -418.569
10790.9 -267.565 10846.6 -362.594
10802 -296.204 10858.3 -374.309
10813.7 -294.902 10869.9 -358.688
10823.9 -354.783 10880.4 -371.706
10834.9 -297.506 10890.7 -379.516
10846 -261.057 10902.3 -341.766
10857.1 -277.98 10912.8 -331.352
10868.8 -275.376 10923.6 -359.99
10879 -264.962 10935.3 -343.067
10889.2 -231.116 10946.7 -341.766
10900.9 -246.737 10957.4 -397.741
10911.7 -258.453 10969.1 -391.232
10922.2 -274.074 10980.2 -362.594
10933.8 -242.832 10991 -340.464
10944.6 -310.523 11000.9 -344.369
10955.4 -284.488 11012.3 -339.162
10968 -280.583 11024.5 -341.766
10977.6 -293.601 11034.5 -322.239
10989 -267.565 11045.3 -374.309
10999.8 -309.222 11056.6 -345.671
11011.1 -240.229 11067.7 -337.86
11021.6 -271.471 11079.1 -337.86
11033 -237.625 11089.9 -369.102
11043.2 -237.625 11101 -413.362
11054.6 -268.867 11112.3 -380.818
11066 -277.98 11123.2 -369.102
11077.6 -255.85 11133.6 -393.836
11089 -281.885 11145 -388.629
11098.9 -317.032 11155.8 -419.871
11109.7 -300.109 11166.6 -369.102
11121.4 -317.032 11177.1 -346.973
11131.6 -277.98 11189.4 -365.197
11142.7 -283.187 11200.2 -374.309
11153.8 -280.583 11211.6 -357.387
11165.2 -229.815 11221.5 -405.552
11175.7 -212.892 11233.4 -371.706
11187.9 -261.057 11243.6 -387.327
11198.1 -242.832 11255.3 -375.611
11208.9 -288.394 11267.3 -350.878
11219.7 -275.376 11277.5 -375.611
11231.1 -290.997 11288.3 -358.688
11241.9 -294.902 11299.4 -365.197
11252.1 -285.79 11310.5 -361.292
11264.1 -261.057 11321.3 -378.215
11274.9 -267.565 11332.6 -382.12
11285.9 -253.246 11343.4 -392.534
11297 -235.022 11355.4 -363.895
11308.1 -229.815 11365.6 -341.766
11318.6 -244.134 11376.4 -375.611
11330.3 -276.678 11388.1 -357.387
11342.3 -245.436 11398.6 -345.671
11351.6 -228.513 11410 -421.173
11362.7 -246.737 11420.5 -384.723
11373.2 -250.643 11432.1 -400.345
11385.5 -285.79 11442.1 -410.759
11396.2 -267.565 11453.4 -408.155
11407 -259.755 11465.4 -438.096
11418.4 -271.471 11475.6 -464.131
11428.1 -248.039 11487 -436.794
11440.3 -216.797 11498.7 -397.741
11450.8 -220.702 11509.2 -395.138
11461.6 -188.158 11520 -391.232
11473.9 -188.158 11530.8 -422.474
11484.1 -249.341 11541.9 -400.345
11495.2 -249.341 11553 -399.043
11506 -225.909 11563.8 -397.741
11517.4 -232.418 11574.9 -413.362
11527.6 -250.643 11586.5 -434.19
11539.2 -219.401 11597 -418.569
11550 -199.874 11608.1 -376.913
11560.8 -205.081 11619.2 -412.06
11572.2 -184.253 11630.3 -404.25
11583.6 -189.46 11641.7 -406.853
11594.1 -159.52 11652.2 -393.836
11604.9 -181.65 11663.6 -356.085
11616.3 -172.537 11674.1 -344.369
11626.8 -184.253 11685.8 -357.387
11638.5 -199.874 11697.2 -383.422
11648.4 -186.857 11708.2 -361.292
11660.7 -228.513 11718.8 -391.232
11670.6 -180.348 11729 -382.12
11681.4 -182.951 11740.6 -392.534
11692.2 -189.46 11751.4 -359.99
11705 -162.123 11762.5 -350.878
11715.2 -89.225 11774.2 -384.723
11726.3 -104.846 11784.7 -346.973
11738 -136.088 11795.8 -366.499
11747.9 -143.899 11807.2 -330.05
11760.2 -130.881 11817.7 -318.334
11770.7 -125.674 11828.8 -323.541
11781.2 -150.407 11839.9 -296.204
11791.7 -146.502 11851.6 -365.197
11803.4 -136.088 11862.1 -371.706
11814.5 -61.8881 11872.9 -382.12
11824.4 -91.8285 11884.6 -387.327
11836.4 -89.225 11895.7 -395.138
11846.9 -111.355 11906.5 -370.404
11858.3 -117.864 11917 -408.155
11868.8 -154.313 11928.1 -384.723
11880.5 -173.839 11938.9 -365.197
11892.2 -172.537 11950.3 -359.99
11901.5 -162.123 11960.8 -349.576
11913.5 -193.365 11972.2 -339.162
11924 -156.916 11983.9 -327.446
11935.4 -145.2 11993.8 -335.257
11945.6 -142.597 12005.2 -382.12
11957.3 -130.881 12016.6 -402.948
11968.4 -68.3969 12027.7 -402.948
11978.9 -103.544 12039 -401.646
11990 -77.5092 12049.6 -387.327
12001.1 -113.958 12060.7 -346.973
12012.5 -103.544 12071.5 -346.973
12023.3 -147.804 12082 -350.878
12034.7 -143.899 12093.9 -335.257
12045.2 -171.236 12105.1 -313.127
12056.3 -125.674 12115.9 -330.05
12067.1 -72.3021 12127.3 -350.878
12078.2 -67.0951 12137.5 -337.86
12089.6 -42.3617 12148.3 -337.86
12099.8 -16.3266 12160.3 -404.25
12111.2 1.89794 12170.8 -361.292
12122.6 -48.8705 12182.2 -382.12
12133.1 -26.7407 12193.3 -387.327
12144.5 -17.6284 12203.5 -359.99
12154.7 -76.2074 12215.8 -393.836
12166.7 -72.3021 12226.6 -349.576
12177.2 -78.8109 12236.2 -349.576
12189.2 -15.0249 12249.1 -344.369
12199.1 9.70847 12259 -426.38
12210.8 72.1928 12270.7 -436.794
12220.4 70.891 12280.6 -442.001
12231.8 120.358 12292.3 -474.545
12243.2 78.7015 12303.7 -432.888
12253.4 63.0805 12315.1 -488.864
12265.7 80.0033 12325 -460.225
12276.2 83.9085 12337.6 -499.278
12288.2 -11.1196 12347.2 -451.113
12298.1 -16.3266 12358.3 -414.664
12309.8 8.40672 12369.4 -396.439
12320.6 -11.1196 12380.5 -404.25
12331.1 51.3647 12391.9 -369.102
12342.5 117.754 12402.7 -413.362
12353.6 199.765 12414.7 -431.587
12363.9 227.102 12424.4 -395.138
12375.6 238.817 12436.6 -445.906
12386.1 264.853 12446.6 -438.096
12396.9 223.196 12458.3 -431.587
12408 172.428 12469.4 -440.699
12418.5 132.074 12480.2 -417.267
12430.8 122.961 12491.9 -405.552
12441.3 102.133 12502.4 -374.309
12453 112.547 12513.2 -330.05
12462.9 141.186 12524 -318.334
12474.6 165.919 12535.4 -304.015
12484.9 250.533 12545.9 -301.411
12496.8 289.586 12557.9 -328.748
12507.1 340.354 12569 -310.523
12518.4 307.811 12579.5 -356.085
12529.6 341.656 12590.4 -322.239
12540.1 294.793 12601.5 -336.559
12551.2 283.077 12612.6 -326.144
12562 290.888 12623.7 -268.867
12573.7 294.793 12634.8 -297.506
12583.9 241.421 12645.6 -279.281
12595.3 267.456 12656.7 -261.057
12606.4 293.491 12667.2 -283.187
12618.1 352.07 12679.2 -277.98
12628.3 406.744 12690 -266.264
12638.9 451.004 12702 -261.057
12650 458.814 12712.3 -306.618
12661.7 512.186 12722.5 -271.471
12673.1 467.926 12733.9 -293.601
12683.6 461.418 12744.4 -296.204
12694.4 449.702 12756.1 -307.92
12705.5 440.59 12767.5 -311.825
12716.6 443.193 12778.6 -336.559
12727.2 435.383 12789.1 -297.506
12738 449.702 12800.3 -301.411
12749.4 505.677 12812.2 -289.695
12761.1 517.393 12821.9 -285.79
12770.7 575.972 12834.2 -326.144
12781.5 570.765 12844.1 -313.127
12793.8 634.551 12855.5 -293.601
12803.8 646.267 12866 -281.885
12815.5 681.414 12877.1 -287.092
12826.6 635.853 12888.6 -261.057
12837.7 625.439 12900 -240.229
12847.6 609.818 12911.1 -237.625
12859.9 595.499 12921.9 -211.59
12870.4 587.688 12933 -208.986
12881.5 608.516 12944.4 -207.685
12892.4 628.042 12954.7 -214.194
12903.2 643.664 12965.8 -212.892
12914.6 635.853 12977.2 -177.744
12925.4 682.716 12988 -166.029
12935.9 741.295 12998.8 -159.52
12947 754.313 13010.5 -106.148
12958.4 779.046 13021.3 -86.6215
12969.3 832.418 13032.1 -69.6986
12979.5 831.116 13043.9 -94.432
12991.8 863.66 13054.4 -52.7758
13002.3 833.72 13065.8 -71.0004
13014.3 844.134 13076.9 -65.7934
13024 858.453 13087.7 -38.4565
13035.4 838.927 13098.3 -39.7582
13045.9 862.358 13110.3 7.10496
13057.9 885.79 13120.8 43.5541
13068.1 944.369 13132.2 59.1752
13079.5 974.309 13142.4 93.0208
13090.9 1038.1 13153.8 154.203
13101.2 1071.94 13165.3 156.807
13112.9 1086.26 13176.4 178.937
13123.7 1091.47 13187.5 147.695
13134.2 1079.75 13198.6 193.256
13145.1 1104.49 13209.7 158.109
13155.9 1055.02 13219.7 165.919
13168.2 1068.04 13231.7 207.575
13178.4 1064.13 13241.6 204.972
13190.1 1088.86 13253 208.877
13200.6 1148.74 13265 228.403
13211.8 1187.8 13275.6 309.112
13222.6 1262 13287 361.182
13233.7 1288.03 13297.5 363.786
13244.5 1340.1 13309.2 396.33
13254.8 1338.8 13319.1 436.684
13266.2 1371.34 13331.1 454.909
13277.6 1333.59 13342 479.642
13288.1 1301.05 13351.9 477.039
13299.3 1258.09 13364.5 491.358
13311 1245.07 13375.9 491.358
13322.7 1237.26 13387.3 509.583
13332 1235.96 13398.2 578.576
13343.7 1278.92 13409.3 594.197
13354.9 1386.97 13420.4 669.699
13366 1409.1 13431.2 706.148
13377.1 1448.15 13442.6 762.123
13387.3 1488.5 13454.6 827.211
13398.8 1489.8 13465.5 832.418
13409.3 1385.66 13476.3 876.678
13420.4 1299.75 13488.6 896.204
13430.9 1211.23 13497.1 918.334
13443.2 1139.63 13497.7 933.955
13452.6 1086.26 13486.5 932.653
13464.3 1057.62 13475.1 984.724
