8011.52 -311.825 8024.39 -288.394
8005.97 -272.773 8035.51 -274.074
8001.58 -281.885 8046.62 -293.601
8006.26 -267.565 8058.03 -311.825
8014.74 -275.376 8067.39 -332.653
8025.85 -292.299 8078.79 -339.162
8037.55 -297.506 8089.61 -341.766
8047.79 -271.471 8101.02 -339.162
8059.2 -317.032 8112.71 -294.902
8070.31 -314.429 8124.41 -328.748
8080.84 -284.488 8134.06 -345.671
8091.95 -280.583 8145.75 -330.05
8104.23 -279.281 8156.28 -333.955
8114.47 -298.808 8167.1 -314.429
8125.58 -264.962 8179.09 -288.394
8136.69 -272.773 8189.03 -335.257
8148.09 -305.316 8200.72 -311.825
8158.33 -287.092 8210.95 -343.067
8169.73 -274.074 8222.94 -335.257
8180.55 -263.66 8234.34 -349.576
8192.24 -310.523 8244.57 -344.369
8202.48 -285.79 8255.68 -337.86
8214.76 -276.678 8266.21 -314.429
8224.7 -257.151 8277.02 -315.73
8236.39 -274.074 8289.59 -317.032
8246.91 -275.376 8299.53 -317.032
8257.44 -279.281 8310.64 -309.222
8269.13 -297.506 8322.33 -314.429
8280.24 -309.222 8332.85 -311.825
8291.35 -268.867 8343.96 -320.937
8301.87 -275.376 8355.36 -340.464
8313.56 -309.222 8366.17 -340.464
8324.67 -281.885 8376.11 -323.541
8335.78 -261.057 8388.67 -290.997
8345.42 -284.488 8398.03 -313.127
8357.4 -319.636 8410.3 -354.783
8367.93 -284.488 8421.11 -362.594
8379.03 -305.316 8432.22 -322.239
8391.01 -285.79 8443.32 -309.222
8400.66 -277.98 8454.72 -293.601
8412.35 -263.66 8464.95 -348.274
8423.75 -266.264 8476.05 -309.222
8434.85 -267.565 8487.45 -327.446
8445.37 -293.601 8498.55 -348.274
8456.18 -305.316 8508.78 -349.576
8467.58 -275.376 8520.47 -363.895
8478.39 -306.618 8531.28 -322.239
8489.79 -331.352 8541.79 -348.274
8500.6 -309.222 8553.19 -333.955
8511.7 -279.281 8564.29 -324.843
8522.22 -293.601 8575.1 -328.748
8534.2 -263.66 8587.08 -305.316
8545.3 -259.755 8597.59 -293.601
8554.65 -277.98 8608.4 -306.618
8566.04 -285.79 8620.67 -333.955
8577.14 -272.773 8630.6 -332.653
8588.83 -261.057 8641.7 -330.05
8599.93 -266.264 8652.81 -317.032
8610.16 -310.523 8663.32 -346.973
8621.84 -319.636 8674.13 -343.067
8632.36 -287.092 8685.81 -307.92
8643.75 -297.506 8696.33 -331.352
8654.85 -262.358 8707.43 -341.766
8666.24 -253.246 8718.82 -310.523
8676.76 -284.488 8729.62 -307.92
8688.73 -270.169 8740.72 -290.997
8699.25 -287.092 8751.82 -348.274
8710.35 -276.678 8762.92 -309.222
8719.99 -248.039 8774.31 -343.067
8731.96 -284.488 8784.82 -331.352
8743.94 -324.843 8795.63 -349.576
8753.86 -268.867 8806.14 -320.937
8765.55 -280.583 8817.53 -310.523
8776.06 -310.523 8828.63 -323.541
8787.16 -275.376 8839.14 -317.032
8797.96 -248.039 8850.82 -323.541
8808.77 -290.997 8862.21 -311.825
8819.87 -258.453 8873.31 -293.601
8831.84 -288.394 8884.69 -310.523
8841.77 -272.773 8895.2 -349.576
8853.45 -300.109 8905.72 -311.825
8863.67 -262.358 8917.1 -343.067
8875.06 -306.618 8928.49 -313.127
8884.98 -275.376 8939 -339.162
8896.95 -254.548 8950.68 -317.032
8908.05 -313.127 8961.77 -331.352
8919.44 -309.222 8971.99 -307.92
8930.24 -309.222 8982.79 -328.748
8941.63 -257.151 8994.76 -304.015
8951.55 -270.169 9005.86 -319.636
8963.53 -285.79 9016.37 -310.523
8974.62 -253.246 9027.17 -293.601
8985.42 -258.453 9037.97 -348.274
8996.22 -236.323 9049.65 -333.955
9007.32 -290.997 9061.32 -339.162
9017.24 -261.057 9072.12 -311.825
9028.92 -287.092 9082.05 -319.636
9040.31 -280.583 9093.43 -339.162
9051.69 -324.843 9104.53 -305.316
9062.2 -290.997 9115.33 -322.239
9073 -264.962 9126.42 -315.73
9083.8 -298.808 9137.51 -304.015
9095.77 -275.376 9148.89 -319.636
9106.57 -245.436 9160.57 -317.032
9117.66 -279.281 9170.78 -350.878
9128.46 -267.565 9181.87 -335.257
9139.55 -283.187 9192.96 -339.162
9150.65 -307.92 9204.06 -345.671
9161.15 -285.79 9215.44 -335.257
9172.53 -270.169 9225.65 -328.748
9183.92 -292.299 9237.33 -318.334
9194.13 -264.962 9247.83 -310.523
9205.51 -283.187 9260.09 -302.713
9216.9 -266.264 9269.43 -305.316
9227.7 -267.565 9281.98 -305.316
9239.08 -270.169 9292.19 -319.636
9249.59 -249.341 9302.7 -350.878
9260.09 -283.187 9314.66 -328.748
9272.06 -270.169 9325.46 -362.594
9282.85 -276.678 9335.38 -328.748
9293.65 -271.471 9346.47 -309.222
9304.45 -290.997 9357.85 -335.257
9315.83 -262.358 9369.23 -315.73
9326.34 -284.488 9380.32 -311.825
9338.3 -262.358 9391.99 -318.334
9350.26 -259.755 9401.91 -319.636
9360.77 -276.678 9413.59 -314.429
9370.4 -270.169 9424.97 -294.902
9381.49 -280.583 9435.76 -326.144
9393.16 -274.074 9445.97 -315.73
9402.79 -268.867 9457.64 -344.369
9415.34 -298.808 9468.15 -323.541
9425.84 -274.074 9479.53 -328.748
9436.93 -283.187 9491.49 -327.446
9447.72 -266.264 9501.41 -315.73
9459.1 -279.281 9512.5 -330.05
9469.61 -266.264 9523 -343.067
9480.99 -307.92 9535.55 -309.222
9491.78 -254.548 9545.76 -289.695
9502.87 -279.281 9556.55 -337.86
9514.83 -257.151 9567.06 -305.316
9524.17 -253.246 9579.02 -327.446
9536.13 -279.281 9590.1 -348.274
9546.63 -274.074 9600.02 -288.394
9558.3 -271.471 9611.69 -350.878
9568.81 -281.885 9623.36 -332.653
9579.6 -267.565 9635.03 -323.541
9590.98 -271.471 9645.24 -337.86
9601.77 -270.169 9656.33 -333.955
9612.27 -240.229 9667.12 -302.713
9623.65 -264.962 9677.91 -307.92
9634.74 -275.376 9689.87 -307.92
9646.41 -250.643 9699.79 -352.18
9657.2 -262.358 9711.17 -344.369
9668.87 -251.944 9722.84 -359.99
9679.08 -313.127 9733.63 -384.723
9689.87 -288.394 9743.26 -358.688
9700.08 -296.204 9755.8 -348.274
9712.05 -245.436 9766.6 -346.973
9723.13 -261.057 9776.8 -361.292
9734.22 -242.832 9788.18 -353.481
9745.3 -296.204 9799.26 -323.541
9755.22 -241.53 9810.64 -311.825
9766.89 -261.057 9821.72 -332.653
9777.68 -276.678 9832.52 -363.895
9789.06 -264.962 9843.31 -366.499
9799.56 -267.565 9854.39 -356.085
9811.23 -264.962 9866.06 -395.138
9822.02 -290.997 9875.98 -375.611
9832.81 -279.281 9888.23 -382.12
9844.48 -288.394 9898.73 -373.008
9855.85 -255.85 9910.11 -393.836
9866.35 -306.618 9920.02 -363.895
9877.44 -297.506 9932.27 -337.86
9888.23 -283.187 9942.19 -337.86
9898.73 -266.264 9954.15 -340.464
9909.23 -261.057 9964.65 -328.748
9922.06 -283.187 9975.73 -346.973
9931.69 -266.264 9987.4 -383.422
9943.36 -297.506 9998.19 -379.516
9954.15 -271.471 10009 -379.516
9965.23 -285.79 10019.8 -399.043
9976.02 -280.583 10031.1 -349.576
9986.82 -279.281 10042.2 -340.464
9997.9 -259.755 10053.9 -374.309
10009 -246.737 10063.2 -365.197
10019.8 -257.151 10074 -367.801
10031.4 -268.867 10086.6 -363.895
10042.8 -262.358 10097.6 -369.102
10053.6 -222.004 10107.8 -388.629
10064.1 -241.53 10118.9 -412.06
10075.8 -266.264 10130.6 -383.422
10086.9 -297.506 10141.7 -375.611
10096.8 -262.358 10152.8 -348.274
10108.4 -246.737 10163 -350.878
10119.2 -258.453 10175.2 -374.309
10130.6 -254.548 10185.4 -353.481
10142 -274.074 10196.2 -348.274
10152.5 -270.169 10208.5 -365.197
10163.9 -288.394 10218.7 -365.197
10173.8 -272.773 10229.2 -350.878
10185.7 -268.867 10240.3 -361.292
10195.6 -274.074 10251.6 -409.457
10207.9 -277.98 10262.7 -402.948
10217.2 -238.927 10273.5 -366.499
10228.9 -270.169 10284.9 -375.611
10241.1 -249.341 10295.7 -345.671
10251 -284.488 10307.1 -345.671
10262.7 -293.601 10318.4 -337.86
10272.9 -253.246 10328 -350.878
10285.2 -275.376 10339.4 -371.706
10294.8 -253.246 10350.8 -426.38
10306.8 -254.548 10361.3 -386.025
10317.8 -257.151 10373.8 -391.232
10328.6 -232.418 10383.8 -388.629
10340 -266.264 10394.8 -432.888
10349.3 -248.039 10406.5 -413.362
10361 -238.927 10417 -393.836
10372.4 -288.394 10427.8 -386.025
10384 -305.316 10439.7 -356.085
10394.5 -264.962 10449.9 -367.801
10405.3 -287.092 10461.3 -349.576
10417.3 -310.523 10472.1 -345.671
10426.9 -255.85 10482.9 -361.292
10438.6 -244.134 10494.6 -354.783
10450.2 -271.471 10504.8 -370.404
10460.2 -262.358 10516.2 -393.836
10470.7 -210.288 10527.2 -389.931
10482.3 -259.755 10538.3 -349.576
10493.1 -255.85 10549.1 -386.025
10505.1 -268.867 10560.8 -380.818
10515.3 -266.264 10571.6 -335.257
10526.1 -279.281 10582.1 -337.86
10538 -290.997 10593.4 -326.144
10549.1 -284.488 10603.6 -331.352
10560.5 -275.376 10615.6 -324.843
10570.7 -255.85 10626.1 -346.973
10581.8 -275.376 10637.2 -345.671
10592.9 -237.625 10648.9 -326.144
10603.9 -246.737 10659.6 -337.86
10614.4 -246.737 10671.6 -323.541
10625.8 -262.358 10680.9 -349.576
10637.5 -250.643 10692.9 -373.008
10647.7 -253.246 10703.7 -315.73
10658.2 -268.867 10714.8 -323.541
10669.9 -289.695 10726.7 -302.713
10680.6 -289.695 10736.4 -323.541
10692 -262.358 10748.9 -323.541
10702.2 -309.222 10758.8 -337.86
10713.6 -267.565 10770.5 -317.032
10723.8 -262.358 10781.3 -313.127
10736.4 -250.643 10791.2 -315.73
10746.6 -266.264 10803.1 -336.559
10757.1 -283.187 10813.9 -326.144
10769.9 -262.358 10825.3 -341.766
10780.1 -246.737 10835.8 -332.653
10790.6 -275.376 10848.4 -343.067
10802 -253.246 10858 -363.895
10812.5 -258.453 10869.4 -371.706
10823 -292.299 10881.3 -367.801
10834.9 -250.643 10891.2 -336.559
10845.7 -261.057 10901.7 -367.801
10856.5 -277.98 10913.4 -350.878
10868.2 -259.755 10924.5 -378.215
10878.4 -261.057 10935.3 -348.274
10889.8 -242.832 10946.4 -380.818
10900 -250.643 10957.7 -379.516
10911.7 -262.358 10968.5 -401.646
10923.3 -220.702 10979.6 -387.327
10934.1 -218.099 10990.7 -348.274
10944.9 -285.79 11001.5 -367.801
10956 -298.808 11012.9 -369.102
10966.5 -264.962 11023.4 -362.594
10977 -259.755 11034.2 -382.12
10989 -267.565 11045.6 -339.162
10999.2 -279.281 11057.2 -340.464
11010.5 -277.98 11067.7 -370.404
11021.6 -259.755 11077.6 -348.274
11032.7 -250.643 11090.5 -358.688
11044.1 -266.264 11100.7 -346.973
11055.2 -254.548 11112.1 -375.611
11065.7 -255.85 11124 -358.688
11076.8 -250.643 11133.4 -356.085
11087.9 -233.72 11145.6 -337.86
11098.1 -254.548 11156.4 -327.446
11110.3 -258.453 11167.5 -330.05
11121.1 -248.039 11177.4 -301.411
11131.6 -277.98 11189.1 -314.429
11143.3 -262.358 11200.8 -352.18
11153.5 -231.116 11211.3 -328.748
11164.9 -253.246 11222 -336.559
11176 -236.323 11234 -324.843
11186.8 -248.039 11244.8 -318.334
11198.4 -212.892 11255 -331.352
11208.6 -261.057 11266.7 -326.144
11219.1 -248.039 11277.8 -341.766
11230.5 -251.944 11288.3 -335.257
11242.2 -255.85 11299.1 -332.653
11253.6 -254.548 11310.5 -324.843
11263.8 -222.004 11321 -349.576
11275.4 -235.022 11332.3 -298.808
11285.9 -257.151 11344 -306.618
11296.5 -250.643 11354.5 -306.618
11308.1 -233.72 11365.6 -328.748
11318.9 -222.004 11376.1 -320.937
11330.3 -218.099 11387.8 -339.162
11341.4 -231.116 11398.6 -302.713
11352.2 -233.72 11409.7 -302.713
11362.4 -248.039 11420.8 -359.99
11373.5 -218.099 11431.5 -318.334
11385.5 -229.815 11442.6 -337.86
11395.7 -232.418 11453.4 -365.197
11407.3 -202.478 11465.1 -328.748
11418.7 -211.59 11475.6 -302.713
11428.6 -236.323 11487 -348.274
11440.6 -190.762 11497.8 -330.05
11450.8 -242.832 11509.8 -330.05
11462.8 -223.306 11518.5 -314.429
11473.3 -248.039 11531.4 -298.808
11483.8 -271.471 11541.9 -344.369
11495.8 -250.643 11553.3 -305.316
11506 -248.039 11564 -324.843
11517.4 -241.53 11575.4 -313.127
11528.1 -201.176 11585.6 -322.239
11539.2 -257.151 11598.2 -323.541
11549.8 -246.737 11607.8 -323.541
11560.8 -189.46 11619.2 -313.127
11571.9 -211.59 11630 -306.618
11583.3 -231.116 11641.1 -310.523
11594.4 -228.513 11652.5 -307.92
11605.8 -236.323 11663 -296.204
11615.4 -257.151 11674.4 -323.541
11627.1 -188.158 11684.6 -319.636
11637.3 -207.685 11696.6 -339.162
11648.7 -242.832 11707.7 -373.008
11660.7 -207.685 11719 -322.239
11671.2 -172.537 11729.3 -311.825
11682.3 -201.176 11740.6 -350.878
11693.4 -198.572 11752.3 -298.808
11704.4 -205.081 11763.1 -311.825
11715.8 -223.306 11774.2 -294.902
11725.8 -185.555 11785.3 -309.222
11737.4 -231.116 11795.8 -305.316
11749.1 -211.59 11806.6 -310.523
11759 -223.306 11817.4 -301.411
11769.5 -211.59 11829.7 -307.92
11780.6 -216.797 11839.9 -294.902
11792.9 -208.986 11851.3 -290.997
11803.1 -173.839 11861.8 -315.73
11814.5 -227.211 11873.2 -315.73
11824.4 -198.572 11883.7 -345.671
11836.7 -169.934 11894.8 -302.713
11847.2 -159.52 11905.6 -314.429
11858 -182.951 11917.6 -318.334
11869.4 -180.348 11928.1 -317.032
11880.5 -185.555 11938.3 -305.316
11891.3 -180.348 11951.1 -307.92
11901.8 -146.502 11961.4 -313.127
11913.5 -207.685 11972.5 -328.748
11924.3 -177.744 11983.9 -292.299
11935.1 -167.33 11994.1 -335.257
11947.1 -172.537 12005.8 -333.955
11957.6 -172.537 12015.7 -328.748
11969 -185.555 12028.5 -319.636
11978 -138.692 12038.5 -345.671
11990.3 -164.727 12049.8 -313.127
12000.8 -155.615 12060.4 -292.299
12012.2 -172.537 12072.1 -263.66
12022.7 -177.744 12083.4 -274.074
12033.8 -175.141 12093.7 -305.316
12045.8 -142.597 12105.1 -314.429
12055.1 -146.502 12116.1 -306.618
12068 -164.727 12126.1 -349.576
12077.9 -134.786 12137.8 -320.937
12089.9 -113.958 12149.7 -370.404
12100.1 -120.467 12159.7 -370.404
12110.6 -138.692 12171.1 -384.723
12122.9 -111.355 12182.4 -362.594
12133.4 -139.993 12193.3 -371.706
12144.5 -126.976 12203.8 -349.576
12155.6 -132.183 12214.9 -335.257
12166.1 -143.899 12226 -333.955
12177.8 -103.544 12236.2 -395.138
12187.7 -121.769 12247.9 -361.292
12199.1 -130.881 12260.2 -350.878
12209.9 -139.993 12270.4 -311.825
12221.6 -112.657 12280.9 -365.197
12232.4 -107.45 12291.7 -392.534
12243.8 -91.8285 12304 -359.99
12255.2 -99.639 12314.8 -341.766
12265.4 -39.7582 12325.6 -352.18
12276.5 -43.6635 12337.3 -327.446
12286.7 -82.7162 12347.2 -311.825
12299 -71.0004 12358.6 -314.429
12309.2 -81.4144 12369.4 -318.334
12320 -63.1898 12380.5 -341.766
12331.4 -65.7934 12392.2 -331.352
12342.3 -60.5863 12403.3 -357.387
12353.6 -77.5092 12413.5 -344.369
12364.2 -71.0004 12424.4 -324.843
12375.3 -47.5688 12435.5 -337.86
12385.5 -2.00733 12447.7 -401.646
12397.5 34.4418 12458.3 -425.078
12408 -9.81786 12468.8 -434.19
12419.1 -9.81786 12480.5 -419.871
12429.6 31.8383 12491 -410.759
12441.9 -0.70557 12502.4 -384.723
12452.7 -0.70557 12513.8 -422.474
12463.8 13.6137 12524.9 -418.569
12473.7 29.2348 12536 -427.681
12485.7 7.10496 12546.2 -439.397
12496.2 22.726 12557.3 -379.516
12507.1 35.7436 12568.7 -428.983
12518.8 73.4945 12580.1 -434.19
12530.2 102.133 12590.6 -414.664
12540.4 102.133 12601.5 -413.362
12551.8 146.393 12613.1 -384.723
12561.7 121.659 12623.7 -343.067
12573.1 115.151 12634.2 -332.653
12584.5 112.547 12645.6 -345.671
12595 124.263 12657.3 -339.162
12607 104.737 12667.8 -327.446
12616.9 120.358 12678.9 -348.274
12628.9 146.393 12690.3 -357.387
12638.6 120.358 12701.1 -358.688
12650.6 168.523 12712 -358.688
12660.5 211.481 12723.1 -359.99
12673.4 231.007 12733.9 -365.197
12683 270.06 12745 -317.032
12694.7 257.042 12756.1 -332.653
12704.9 296.095 12767.5 -290.997
12715.8 284.379 12778.9 -298.808
12727.4 283.077 12789.4 -281.885
12738.6 260.947 12800.5 -301.411
12749.1 267.456 12810.8 -274.074
12761.4 233.61 12822.5 -277.98
12771.6 267.456 12834.2 -323.541
12781.5 258.344 12844.7 -263.66
12792.6 319.526 12856.7 -253.246
12804.3 348.165 12866.6 -271.471
12814.3 367.691 12877.1 -284.488
12826.6 408.046 12889.1 -288.394
12837.1 352.07 12900 -274.074
12848.5 370.295 12910.5 -297.506
12859 417.158 12921 -287.092
12870.7 348.165 12933 -219.401
12881.5 323.432 12943.8 -245.436
12892.1 361.182 12955.5 -202.478
12902.9 384.614 12966.4 -188.158
12914 419.762 12977.8 -195.969
12925.4 417.158 12988 -201.176
12936.5 443.193 12999.4 -236.323
12947.3 484.849 13010.8 -224.608
12958.7 499.169 13021.3 -198.572
12968.7 503.074 13032.1 -159.52
12980.1 540.825 13043.6 -173.839
12991.2 566.86 13054.4 -130.881
13002.9 561.653 13065.2 -126.976
13012.9 552.541 13076.9 -86.6215
13023.7 574.67 13087.7 -26.7407
13035.4 591.593 13098.5 -8.5161
13045.9 602.007 13109.4 -26.7407
13057 637.155 13121.1 -20.2319
13068.4 650.172 13131.6 -20.2319
13079 660.586 13142.1 -21.5337
13090.4 678.811 13153 -8.5161
13101.2 726.976 13165.5 -8.5161
13112.6 708.751 13175.8 13.6137
13123.4 725.674 13186 16.2173
13134.5 707.45 13198.6 73.4945
13144.8 703.544 13209.1 119.056
13156.2 693.13 13220.3 126.866
13167.3 749.106 13232.3 159.41
13177.8 758.218 13241.6 178.937
13188.7 741.295 13253.3 188.049
13200.1 754.313 13265 211.481
13211.8 751.709 13275 228.403
13222.3 782.951 13286.7 228.403
13232.5 815.495 13297.5 211.481
13244.8 822.004 13309.2 249.232
13255.1 829.815 13320 237.516
13266.5 788.158 13331.4 290.888
13276.4 816.797 13342.3 322.13
13288.4 853.246 13353.4 378.105
13299 844.134 13364.5 415.856
13310.1 906.618 13374.8 434.081
13321.2 905.316 13387.6 460.116
13332.9 889.695 13397.3 441.891
13342.9 954.783 13409 496.565
13353.7 963.895 13419.8 523.902
13366 979.517 13431.5 509.583
13376.2 958.688 13442.3 527.807
13386.5 975.611 13454.4 553.842
13397.9 1034.19 13465.8 592.895
13409.6 997.741 13476.6 637.155
13420.4 1014.66 13488 665.793
13431.5 1043.3 13495.9 690.527
13442.6 970.404 13497.4 759.52
13452.9 894.902 13486.5 803.78
13464 854.548 13475.1 812.892
