8011.23 -370.404 8024.68 -307.92
8005.97 -280.583 8035.8 -300.109
8001.87 -262.358 8046.33 -292.299
8005.67 -294.902 8057.44 -305.316
8015.91 -301.411 8067.68 -290.997
8026.15 -296.204 8078.5 -320.937
8037.26 -328.748 8089.32 -304.015
8048.08 -320.937 8101.6 -340.464
8059.2 -297.506 8113 -344.369
8070.31 -285.79 8124.12 -309.222
8082.3 -290.997 8134.64 -333.955
8093.12 -309.222 8145.46 -327.446
8103.65 -293.601 8156.28 -337.86
8114.76 -323.541 8167.68 -323.541
8125.87 -305.316 8178.5 -330.05
8136.98 -300.109 8189.32 -309.222
8147.51 -344.369 8201.01 -300.109
8159.2 -290.997 8211.54 -324.843
8170.32 -322.239 8222.07 -333.955
8180.84 -272.773 8234.05 -378.215
8191.95 -326.144 8244.28 -326.144
8202.77 -302.713 8254.81 -343.067
8214.46 -292.299 8266.79 -323.541
8224.4 -318.334 8278.19 -332.653
8235.8 -327.446 8287.84 -348.274
8246.33 -309.222 8299.82 -331.352
8257.73 -267.565 8311.22 -335.257
8269.42 -311.825 8321.75 -348.274
8279.65 -307.92 8333.44 -320.937
8291.64 -302.713 8343.67 -356.085
8301.58 -296.204 8354.77 -305.316
8313.56 -261.057 8365.59 -319.636
8324.38 -283.187 8376.99 -375.611
8335.48 -302.713 8387.22 -365.197
8345.71 -333.955 8399.2 -328.748
8357.4 -296.204 8409.72 -349.576
8367.93 -315.73 8421.11 -333.955
8379.32 -306.618 8432.22 -327.446
8389.84 -313.127 8443.03 -309.222
8401.54 -262.358 8454.43 -307.92
8412.64 -320.937 8465.53 -309.222
8423.75 -304.015 8476.34 -331.352
8434.26 -266.264 8486.86 -363.895
8445.37 -290.997 8498.26 -319.636
8457.06 -296.204 8509.07 -340.464
8467.29 -290.997 8520.17 -336.559
8478.97 -274.074 8530.69 -333.955
8489.79 -320.937 8542.38 -323.541
8500.89 -328.748 8553.48 -349.576
8510.82 -304.015 8564.58 -307.92
8522.22 -313.127 8575.68 -307.92
8534.49 -274.074 8585.32 -309.222
8544.72 -268.867 8597.89 -331.352
8556.11 -279.281 8609.57 -323.541
8567.5 -288.394 8619.21 -311.825
8577.73 -290.997 8630.9 -322.239
8589.41 -276.678 8641.41 -324.843
8599.06 -315.73 8652.81 -300.109
8611.03 -290.997 8663.03 -293.601
8621.55 -307.92 8673.84 -332.653
8632.06 -283.187 8685.52 -332.653
8644.04 -290.997 8697.5 -323.541
8654.56 -318.334 8708.89 -330.05
8664.78 -285.79 8719.11 -331.352
8676.76 -283.187 8729.33 -305.316
8688.44 -311.825 8741.02 -305.316
8698.96 -302.713 8752.11 -297.506
8710.35 -289.695 8763.21 -337.86
8720.28 -287.092 8773.43 -330.05
8732.25 -289.695 8783.65 -341.766
8743.06 -302.713 8795.34 -323.541
8753.86 -276.678 8806.73 -322.239
8764.96 -297.506 8817.82 -318.334
8776.64 -323.541 8829.5 -287.092
8787.45 -284.488 8840.31 -319.636
8798.84 -307.92 8851.4 -294.902
8809.65 -271.471 8862.21 -330.05
8819.28 -274.074 8872.72 -314.429
8830.67 -285.79 8884.11 -317.032
8843.23 -293.601 8894.91 -332.653
8852.57 -292.299 8906.01 -302.713
8863.96 -304.015 8917.39 -300.109
8874.47 -298.808 8927.61 -315.73
8885.86 -289.695 8938.71 -337.86
8897.25 -310.523 8950.1 -339.162
8908.34 -292.299 8960.9 -346.973
8918.56 -293.601 8972.28 -305.316
8929.66 -276.678 8982.79 -298.808
8941.92 -311.825 8993.6 -306.618
8953.01 -306.618 9005.27 -330.05
8963.82 -279.281 9017.53 -328.748
8975.2 -290.997 9027.17 -333.955
8986.3 -274.074 9038.26 -357.387
8996.22 -290.997 9049.06 -330.05
9007.32 -302.713 9059.86 -343.067
9018.41 -307.92 9072.12 -323.541
9028.63 -280.583 9082.92 -341.766
9040.6 -313.127 9093.14 -331.352
9051.69 -305.316 9104.23 -332.653
9062.49 -288.394 9115.62 -304.015
9073.58 -275.376 9126.71 -333.955
9084.97 -279.281 9137.8 -311.825
9095.77 -274.074 9148.31 -319.636
9106.57 -285.79 9159.98 -302.713
9117.66 -323.541 9170.2 -335.257
9128.46 -261.057 9181.87 -348.274
9138.68 -288.394 9192.38 -319.636
9150.94 -315.73 9204.35 -383.422
9161.44 -333.955 9214.85 -363.895
9171.66 -275.376 9225.65 -346.973
9183.63 -298.808 9237.04 -346.973
9194.72 -287.092 9248.42 -332.653
9206.39 -270.169 9258.63 -326.144
9217.19 -301.411 9270.01 -335.257
9227.11 -279.281 9281.1 -343.067
9238.79 -274.074 9292.49 -337.86
9249.59 -289.695 9302.7 -322.239
9261.26 -315.73 9314.37 -350.878
9271.76 -285.79 9325.17 -343.067
9282.56 -307.92 9336.55 -339.162
9292.78 -319.636 9345.89 -326.144
9305.03 -311.825 9357.27 -363.895
9315.54 -309.222 9368.65 -341.766
9326.34 -302.713 9380.32 -356.085
9338.01 -281.885 9391.41 -306.618
9349.39 -267.565 9402.5 -323.541
9360.19 -271.471 9413.88 -317.032
9371.57 -267.565 9423.8 -307.92
9381.49 -257.151 9435.47 -315.73
9392.87 -294.902 9445.68 -348.274
9403.96 -292.299 9456.48 -331.352
9415.04 -320.937 9469.32 -357.387
9425.26 -297.506 9479.82 -313.127
9436.35 -310.523 9490.32 -369.102
9446.56 -284.488 9502 -327.446
9457.94 -296.204 9513.08 -361.292
9470.19 -313.127 9523.58 -320.937
9481.57 -264.962 9534.67 -354.783
9491.78 -288.394 9545.76 -344.369
9502.87 -300.109 9556.55 -311.825
9513.37 -244.134 9567.64 -332.653
9524.75 -281.885 9578.73 -328.748
9535.84 -306.618 9590.4 -353.481
9546.92 -294.902 9600.9 -324.843
9558.01 -289.695 9611.98 -339.162
9569.1 -281.885 9623.07 -326.144
9579.89 -306.618 9633.86 -359.99
9590.69 -297.506 9644.66 -324.843
9602.36 -275.376 9656.33 -313.127
9612.86 -313.127 9667.41 -333.955
9623.36 -251.944 9677.91 -324.843
9635.91 -271.471 9689.58 -315.73
9646.12 -274.074 9700.38 -324.843
9657.2 -318.334 9711.46 -322.239
9667.7 -319.636 9721.96 -337.86
9679.37 -301.411 9733.05 -350.878
9690.75 -298.808 9744.72 -341.766
9701.25 -294.902 9754.93 -366.499
9711.75 -298.808 9766.3 -352.18
9723.42 -298.808 9777.68 -274.074
9733.92 -298.808 9788.18 -314.429
9745.01 -285.79 9799.56 -341.766
9756.39 -272.773 9810.35 -352.18
9767.18 -271.471 9821.72 -348.274
9778.85 -257.151 9832.52 -331.352
9789.06 -245.436 9843.89 -318.334
9799.56 -284.488 9853.81 -326.144
9810.93 -298.808 9865.77 -314.429
9822.89 -288.394 9877.15 -367.801
9832.81 -280.583 9887.06 -322.239
9844.19 -296.204 9899.02 -333.955
9854.98 -294.902 9908.94 -359.99
9866.65 -277.98 9920.9 -322.239
9876.85 -289.695 9931.4 -318.334
9888.52 -251.944 9942.77 -315.73
9899.02 -283.187 9953.86 -271.471
9910.11 -294.902 9964.94 -336.559
9920.61 -258.453 9975.44 -274.074
9932.56 -248.039 9987.11 -302.713
9943.94 -283.187 9997.61 -337.86
9953.86 -266.264 10008.1 -339.162
9965.23 -283.187 10020.9 -314.429
9976.31 -263.66 10031.4 -341.766
9987.11 -294.902 10042.8 -296.204
9998.48 -302.713 10053.3 -343.067
10009 -296.204 10064.4 -326.144
10019.5 -285.79 10074.6 -315.73
10030.8 -283.187 10087.1 -311.825
10042.5 -296.204 10096.5 -283.187
10053.3 -264.962 10108.4 -300.109
10064.4 -274.074 10118.9 -319.636
10075.8 -263.66 10130.3 -301.411
10086 -271.471 10141.7 -322.239
10097.1 -305.316 10152.5 -318.334
10108.4 -283.187 10163 -340.464
10119.2 -272.773 10174.6 -341.766
10130.6 -285.79 10185.7 -326.144
10142 -277.98 10196.5 -339.162
10152.5 -270.169 10207.9 -330.05
10163.6 -270.169 10219 -337.86
10174.6 -289.695 10229.5 -298.808
10184.5 -283.187 10240 -294.902
10196.2 -287.092 10251.6 -327.446
10207 -277.98 10262.7 -314.429
10217.5 -284.488 10272.9 -293.601
10229.2 -253.246 10284.9 -335.257
10240 -264.962 10295.7 -332.653
10251.9 -268.867 10306.8 -304.015
10262.4 -292.299 10318.1 -311.825
10273.8 -283.187 10328.9 -332.653
10285.2 -300.109 10340 -363.895
10295.4 -292.299 10350.8 -328.748
10305.9 -275.376 10361.9 -345.671
10317.3 -279.281 10373.3 -310.523
10328.3 -271.471 10383.5 -313.127
10339.4 -292.299 10394.3 -323.541
10350.8 -259.755 10406.2 -320.937
10361.3 -274.074 10417.3 -315.73
10373 -270.169 10428.4 -306.618
10383.2 -274.074 10438.9 -345.671
10394.5 -268.867 10451.1 -298.808
10405.6 -253.246 10461.6 -292.299
10417 -285.79 10473 -336.559
10426.6 -264.962 10482.9 -320.937
10439.2 -267.565 10494.3 -311.825
10449.7 -268.867 10505.4 -317.032
10460.4 -292.299 10516.2 -322.239
10472.1 -275.376 10526.4 -276.678
10482 -271.471 10537.7 -272.773
10493.4 -277.98 10550 -337.86
10504.5 -242.832 10561.1 -298.808
10516.7 -263.66 10571.6 -326.144
10526.4 -288.394 10581.8 -359.99
10537.7 -294.902 10594.3 -358.688
10548.8 -275.376 10604.2 -341.766
10559.3 -304.015 10614.7 -336.559
10570.7 -275.376 10625.8 -300.109
10581.5 -242.832 10638.1 -330.05
10592.9 -261.057 10648.3 -296.204
10603.1 -293.601 10659.6 -322.239
10615 -281.885 10670.7 -335.257
10626.4 -263.66 10682.1 -298.808
10636 -290.997 10692.6 -309.222
10648.3 -261.057 10703.4 -346.973
10659.1 -264.962 10715.1 -294.902
10669.9 -248.039 10726.1 -323.541
10680.6 -288.394 10737.8 -304.015
10692 -288.394 10747.4 -293.601
10702.8 -281.885 10758.8 -341.766
10713.9 -285.79 10769.6 -310.523
10724.4 -288.394 10780.4 -310.523
10735.5 -287.092 10792.1 -317.032
10746.6 -274.074 10802.6 -292.299
10757.4 -271.471 10814.2 -366.499
10769.3 -261.057 10825 -279.281
10779.8 -275.376 10836.1 -330.05
10791.2 -277.98 10847.5 -305.316
10802 -292.299 10858.3 -310.523
10812.2 -292.299 10869.6 -314.429
10823.6 -288.394 10880.1 -305.316
10834.4 -248.039 10891.8 -323.541
10846.9 -244.134 10901.5 -318.334
10856.2 -274.074 10912.8 -354.783
10868.2 -223.306 10925.1 -361.292
10878.1 -259.755 10936.2 -324.843
10891 -262.358 10946.9 -323.541
10900.6 -285.79 10956.9 -330.05
10911.4 -297.506 10968 -326.144
10923.3 -274.074 10979.3 -320.937
10933.2 -294.902 10990.1 -304.015
10946.1 -274.074 11001.5 -331.352
10956.3 -263.66 11012.6 -359.99
10967.4 -281.885 11023.4 -320.937
10977.3 -267.565 11034.5 -330.05
10988.7 -257.151 11046.1 -359.99
10998.6 -236.323 11057.2 -323.541
11010.8 -263.66 11067.7 -349.576
11021.6 -257.151 11078.8 -320.937
11033 -290.997 11089.9 -343.067
11044.1 -294.902 11101 -332.653
11054.6 -277.98 11112.3 -350.878
11065.7 -296.204 11123.2 -305.316
11076.8 -270.169 11133.9 -327.446
11087 -248.039 11145.9 -363.895
11100.1 -257.151 11156.1 -346.973
11109.7 -257.151 11166.6 -370.404
11120.5 -251.944 11177.7 -354.783
11131 -268.867 11189.4 -383.422
11143.6 -272.773 11199.6 -397.741
11153.5 -271.471 11210.7 -410.759
11164.9 -276.678 11222.6 -388.629
11176.2 -271.471 11233.4 -373.008
11186.2 -238.927 11244.8 -388.629
11199 -271.471 11254.7 -370.404
11209.2 -235.022 11266.1 -370.404
11219.7 -271.471 11277.2 -333.955
11230.2 -271.471 11288.9 -331.352
11242.2 -257.151 11299.7 -339.162
11252.7 -216.797 11310.5 -354.783
11263.5 -253.246 11321.8 -391.232
11275.1 -248.039 11331.8 -349.576
11285.1 -240.229 11343.7 -370.404
11297.3 -244.134 11354.8 -380.818
11308.1 -267.565 11365.9 -382.12
11319.5 -250.643 11377.6 -388.629
11329.4 -255.85 11387.2 -386.025
11341.4 -257.151 11398.6 -388.629
11351.3 -266.264 11410 -365.197
11361.8 -237.625 11420.5 -369.102
11374.4 -258.453 11431.3 -343.067
11385.2 -229.815 11443.2 -339.162
11396.2 -238.927 11454 -370.404
11406.8 -240.229 11464.5 -380.818
11417.8 -220.702 11476.2 -363.895
11429.2 -202.478 11486.7 -371.706
11439.4 -212.892 11498.1 -396.439
11451.7 -215.495 11508.9 -383.422
11463.1 -222.004 11520.3 -348.274
11473 -254.548 11531.1 -379.516
11484.1 -250.643 11541.9 -350.878
11494.9 -250.643 11553.5 -353.481
11505.7 -249.341 11563.5 -341.766
11517.9 -259.755 11575.4 -322.239
11527.3 -216.797 11585.4 -326.144
11539.5 -258.453 11597.9 -314.429
11550.3 -215.495 11608.1 -337.86
11560.3 -214.194 11619.2 -320.937
11572.5 -220.702 11630.6 -361.292
11583 -199.874 11641.1 -346.973
11594.1 -228.513 11652.5 -365.197
11604.6 -229.815 11663.3 -370.404
11617.2 -201.176 11675 -331.352
11626.5 -237.625 11685.5 -297.506
11638.2 -229.815 11696.6 -357.387
11649.3 -241.53 11707.4 -353.481
11659.2 -250.643 11719.3 -335.257
11671.8 -198.572 11729.5 -337.86
11682.6 -229.815 11740.3 -319.636
11692.8 -193.365 11752.6 -357.387
11704.1 -182.951 11762.8 -384.723
11714.7 -162.123 11773.9 -330.05
11726.6 -192.064 11785.3 -384.723
11737.1 -202.478 11796.4 -370.404
11748.8 -193.365 11807.8 -367.801
11759.9 -237.625 11817.4 -323.541
11770.1 -259.755 11829.7 -336.559
11780.9 -206.383 11839.3 -339.162
11791.7 -211.59 11851.6 -293.601
11803.4 -182.951 11861.8 -341.766
11814.8 -210.288 11872.9 -354.783
11824.7 -202.478 11883.7 -363.895
11836.7 -185.555 11896 -356.085
11847.2 -169.934 11906.2 -375.611
11858.3 -176.443 11917.3 -391.232
11869.4 -175.141 11929 -387.327
11880.5 -176.443 11938.6 -362.594
11891.3 -177.744 11950 -354.783
11902.4 -190.762 11962 -322.239
11913.2 -167.33 11972.8 -335.257
11923.4 -182.951 11982.4 -337.86
11935.7 -179.046 11994.4 -367.801
11945.9 -195.969 12006 -367.801
11957.3 -151.709 12016.6 -337.86
11968.4 -149.106 12028 -356.085
11979.2 -166.029 12038.8 -328.748
11990.6 -132.183 12050.1 -349.576
12001.1 -134.786 12059.8 -341.766
12011.6 -142.597 12072.1 -304.015
12023.3 -141.295 12084 -331.352
12034.1 -143.899 12093.7 -358.688
12045.5 -149.106 12105.1 -346.973
12056 -156.916 12115.6 -309.222
12067.7 -130.881 12127.3 -335.257
12077.6 -133.485 12138.3 -362.594
12090.1 -142.597 12149.4 -343.067
12099.8 -130.881 12160.8 -341.766
12110.6 -86.6215 12170.8 -337.86
12122.9 -115.26 12182.2 -357.387
12132.8 -90.5267 12193.8 -336.559
12144.2 -86.6215 12203.8 -339.162
12154.7 -68.3969 12214.9 -366.499
12167 -60.5863 12226.6 -339.162
12176.9 -90.5267 12237.1 -310.523
12188.6 -91.8285 12248.8 -317.032
12198.5 -113.958 12259 -311.825
12209.9 -113.958 12270.4 -327.446
12221.3 -113.958 12281.8 -330.05
12231.2 -91.8285 12292 -358.688
12243.5 -60.5863 12303.7 -348.274
12254.3 -69.6986 12314.2 -302.713
12265.4 -25.4389 12325.9 -339.162
12276.2 -7.21435 12336.4 -337.86
12287 16.2173 12347.8 -344.369
12298.1 24.0278 12358.3 -322.239
12308.6 27.9331 12369.1 -339.162
12320.6 51.3647 12380.2 -323.541
12331.7 37.0453 12391.6 -296.204
12342.3 -2.00733 12403 -358.688
12352.8 1.89794 12413.3 -370.404
12364.5 7.10496 12424.9 -346.973
12375.9 -8.5161 12436.9 -348.274
12387 -8.5161 12446.9 -388.629
12396.9 35.7436 12458.3 -332.653
12408 66.9857 12469.1 -352.18
12419.7 93.0208 12479 -354.783
12430.2 112.547 12491.3 -331.352
12441.3 182.842 12502.4 -310.523
12452.1 206.274 12513.5 -335.257
12463.2 201.067 12524.6 -339.162
12474 216.688 12535.7 -345.671
12485.1 181.54 12546.5 -369.102
12497.1 180.238 12557.6 -327.446
12506.8 177.635 12568.4 -335.257
12518.2 137.281 12579.8 -362.594
12529.3 167.221 12590.1 -337.86
12540.1 189.351 12602 -323.541
12551.2 199.765 12612.3 -271.471
12562.9 231.007 12623.7 -262.358
12573.7 258.344 12634.2 -264.962
12584.2 318.225 12646.5 -272.773
12595.6 300 12656.7 -289.695
12606.4 359.881 12667.8 -296.204
12617.5 264.853 12678.9 -348.274
12628.3 284.379 12689.7 -358.688
12640.3 233.61 12701.1 -358.688
12650.6 263.551 12712.5 -343.067
12661.4 267.456 12722.5 -333.955
12672.8 301.302 12734.2 -346.973
12683 277.87 12745.6 -305.316
12694.7 293.491 12755.2 -293.601
12705.2 323.432 12767.8 -246.737
12716.3 376.804 12778 -248.039
12727.2 418.46 12789.1 -225.909
12738.6 396.33 12799.7 -219.401
12748.2 436.684 12811.4 -266.264
12760.8 466.625 12822.8 -257.151
12771.9 440.59 12833.9 -310.523
12781.8 410.649 12845 -335.257
12793.2 423.667 12855.8 -293.601
12804.9 439.288 12866.9 -270.169
12815.2 434.081 12877.4 -222.004
12826.9 440.59 12888.9 -185.555
12835.9 467.926 12900 -132.183
12848.2 536.92 12910.8 -94.432
12859.3 572.067 12921.6 -98.3372
12870.7 616.327 12934.2 -95.7337
12881.5 630.646 12943.8 -137.39
12892.9 685.32 12955.2 -146.502
12903.8 664.492 12966.4 -146.502
12913.1 650.172 12977.2 -167.33
12925.7 682.716 12989.2 -163.425
12936.5 643.664 12999.4 -169.934
12947.9 638.456 13011.4 -141.295
12958.4 625.439 13020.8 -81.4144
12969 660.586 13032.7 -55.3793
12980.4 684.018 13043.9 -0.70557
12991.5 713.958 13054.4 42.2524
13001.2 777.744 13064.6 38.3471
13013.4 743.899 13076.6 42.2524
13024.8 767.33 13088 61.7787
13035.7 819.401 13099.4 -0.70557
13046.5 815.495 13109.4 12.312
13057.6 833.72 13120.2 43.5541
13069.3 810.288 13132.5 3.1997
13079.3 858.453 13142.4 51.3647
13090.7 831.116 13154.1 50.0629
13100.6 815.495 13165.5 141.186
13112.3 811.59 13176.4 142.488
13123.1 866.264 13186.9 193.256
13134.8 877.98 13198 221.895
13145.1 906.618 13209.4 242.723
13156.5 927.446 13220.5 242.723
13167.3 941.766 13231.4 260.947
13178.1 954.783 13243.1 253.137
13189.8 965.197 13254.2 272.663
13200.4 974.309 13264.4 264.853
13212.1 928.748 13275.6 272.663
13222.3 987.327 13287 336.449
13233.1 959.99 13298.4 354.674
13244.5 1017.27 13308 400.235
13255.6 1002.95 13319.7 418.46
13266.2 1021.17 13330.6 449.702
13277.3 1071.94 13342.3 478.341
13289.3 1094.07 13353.4 517.393
13299.5 1122.71 13365.4 533.014
13310.4 1120.11 13375.6 540.825
13321.5 1139.63 13386.5 530.411
13332.3 1159.16 13398.2 581.179
13343.4 1133.12 13409 611.12
13353.7 1138.33 13421 583.783
13365.4 1127.92 13431.2 594.197
13376.5 1138.33 13442.3 628.042
13387.3 1090.17 13453.8 681.414
13398.5 1096.67 13465.2 751.709
13409.9 1130.52 13476.3 750.407
13419.8 1165.67 13488 823.306
13431.8 1165.67 13497.1 892.299
13442.1 1117.5 13497.7 924.843
13453.8 1056.32 13486.8 902.713
13464.6 1026.38 13475.1 999.043
