8010.65 -276.678 8024.68 -324.843
8005.97 -272.773 8036.97 -320.937
8001.87 -277.98 8046.33 -313.127
8005.97 -263.66 8057.15 -314.429
8015.03 -320.937 8068.55 -309.222
8025.56 -248.039 8078.5 -305.316
8036.38 -284.488 8089.32 -348.274
8047.79 -313.127 8101.02 -327.446
8059.49 -289.695 8111.83 -327.446
8070.6 -272.773 8124.12 -319.636
8080.84 -275.376 8134.94 -331.352
8093.12 -263.66 8144.58 -326.144
8104.23 -270.169 8156.57 -326.144
8114.47 -277.98 8167.68 -324.843
8125.29 -268.867 8178.79 -335.257
8136.11 -268.867 8189.61 -310.523
8146.92 -253.246 8200.72 -302.713
8159.2 -287.092 8212.12 -332.653
8169.44 -253.246 8221.77 -322.239
8180.84 -279.281 8233.17 -318.334
8191.66 -274.074 8244.87 -302.713
8202.48 -236.323 8256.27 -317.032
8214.17 -292.299 8266.5 -324.843
8224.4 -266.264 8278.19 -339.162
8235.51 -276.678 8289.01 -336.559
8247.2 -297.506 8300.41 -323.541
8258.02 -288.394 8310.64 -339.162
8268.84 -287.092 8321.45 -290.997
8279.65 -309.222 8333.15 -306.618
8290.47 -294.902 8343.38 -314.429
8302.16 -263.66 8354.77 -301.411
8313.85 -293.601 8365.88 -328.748
8323.21 -293.601 8377.28 -337.86
8334.9 -301.411 8387.8 -318.334
8347.17 -254.548 8399.49 -333.955
8356.82 -272.773 8409.72 -341.766
8368.22 -277.98 8421.11 -322.239
8378.74 -275.376 8433.1 -310.523
8390.43 -267.565 8443.32 -322.239
8401.83 -277.98 8455.31 -289.695
8412.93 -275.376 8465.24 -284.488
8422.58 -249.341 8476.64 -306.618
8434.26 -253.246 8487.45 -341.766
8445.08 -270.169 8497.97 -352.18
8456.77 -266.264 8508.78 -337.86
8467.58 -251.944 8520.47 -333.955
8478.68 -285.79 8531.57 -330.05
8489.79 -268.867 8542.09 -328.748
8500.3 -253.246 8554.06 -330.05
8511.7 -294.902 8563.7 -298.808
8522.22 -275.376 8575.68 -323.541
8533.03 -240.229 8585.91 -336.559
8544.42 -241.53 8597.59 -311.825
8555.82 -288.394 8608.4 -314.429
8566.63 -267.565 8619.21 -326.144
8577.14 -242.832 8630.31 -324.843
8588.83 -258.453 8641.7 -333.955
8600.22 -268.867 8652.22 -336.559
8610.16 -285.79 8663.32 -333.955
8621.55 -284.488 8673.84 -336.559
8632.65 -261.057 8686.1 -313.127
8644.33 -290.997 8696.33 -335.257
8654.56 -262.358 8707.43 -324.843
8665.36 -263.66 8718.53 -319.636
8676.47 -306.618 8729.92 -287.092
8688.73 -290.997 8740.43 -293.601
8698.96 -263.66 8752.11 -284.488
8709.76 -272.773 8763.21 -310.523
8721.15 -249.341 8772.85 -335.257
8731.38 -255.85 8784.24 -305.316
8742.77 -270.169 8795.92 -326.144
8754.16 -283.187 8807.6 -353.481
8764.96 -258.453 8817.53 -317.032
8775.19 -284.488 8829.21 -326.144
8787.45 -262.358 8840.31 -330.05
8797.67 -306.618 8851.69 -328.748
8809.06 -267.565 8861.62 -271.471
8820.45 -290.997 8872.43 -285.79
8830.96 -261.057 8884.4 -283.187
8842.06 -285.79 8894.62 -293.601
8853.16 -258.453 8905.72 -311.825
8864.55 -255.85 8917.39 -317.032
8875.64 -266.264 8928.78 -358.688
8886.44 -275.376 8939.29 -336.559
8896.66 -238.927 8950.39 -358.688
8908.64 -293.601 8961.48 -340.464
8919.44 -263.66 8971.99 -350.878
8930.53 -298.808 8983.09 -320.937
8940.75 -293.601 8994.47 -288.394
8952.14 -250.643 9005.57 -275.376
8963.82 -261.057 9016.37 -290.997
8974.04 -287.092 9027.17 -314.429
8985.13 -271.471 9038.84 -336.559
8996.22 -262.358 9049.94 -324.843
9007.02 -268.867 9060.16 -330.05
9018.99 -290.997 9071.54 -328.748
9029.8 -292.299 9082.63 -344.369
9040.01 -280.583 9094.31 -340.464
9051.69 -320.937 9104.23 -314.429
9063.07 -263.66 9116.2 -315.73
9073.29 -270.169 9127 -332.653
9084.68 -297.506 9138.39 -315.73
9095.77 -294.902 9148.02 -343.067
9105.69 -271.471 9159.98 -331.352
9117.66 -287.092 9171.37 -340.464
9129.34 -283.187 9181.58 -331.352
9140.72 -271.471 9192.38 -307.92
9149.48 -266.264 9203.47 -343.067
9161.74 -288.394 9215.15 -332.653
9172.53 -280.583 9226.24 -357.387
9184.21 -284.488 9237.04 -317.032
9193.84 -268.867 9248.13 -353.481
9204.93 -245.436 9258.63 -323.541
9216.61 -271.471 9269.72 -313.127
9227.11 -274.074 9281.1 -357.387
9239.37 -284.488 9292.19 -330.05
9249.88 -304.015 9303.57 -327.446
9260.38 -255.85 9313.79 -322.239
9271.76 -268.867 9325.46 -271.471
9282.85 -289.695 9336.84 -336.559
9293.36 -261.057 9346.18 -331.352
9304.16 -276.678 9358.14 -345.671
9316.12 -297.506 9369.82 -324.843
9326.63 -268.867 9379.74 -317.032
9337.43 -270.169 9391.99 -301.411
9349.1 -246.737 9402.21 -340.464
9361.06 -263.66 9413.29 -327.446
9371.57 -258.453 9424.68 -302.713
9382.36 -262.358 9435.18 -322.239
9394.04 -289.695 9445.97 -298.808
9403.96 -277.98 9456.48 -290.997
9415.34 -267.565 9468.44 -344.369
9424.97 -267.565 9480.7 -304.015
9436.35 -279.281 9490.91 -315.73
9447.72 -268.867 9501.7 -333.955
9458.52 -272.773 9512.79 -320.937
9469.61 -285.79 9524.46 -374.309
9480.7 -262.358 9534.38 -415.966
9492.37 -294.902 9545.18 -410.759
9502.87 -258.453 9557.14 -363.895
9513.96 -274.074 9567.93 -343.067
9525.92 -235.022 9578.43 -379.516
9535.55 -288.394 9589.23 -375.611
9546.34 -246.737 9600.9 -353.481
9558.59 -287.092 9611.98 -357.387
9568.51 -240.229 9623.07 -356.085
9579.31 -251.944 9633.86 -389.931
9591.27 -266.264 9645.24 -335.257
9601.77 -267.565 9655.74 -348.274
9613.15 -249.341 9667.7 -380.818
9623.36 -266.264 9678.2 -374.309
9634.74 -297.506 9688.71 -357.387
9645.83 -263.66 9700.08 -300.109
9657.2 -264.962 9711.75 -339.162
9668.29 -288.394 9722.55 -356.085
9678.2 -262.358 9733.05 -365.197
9690.17 -294.902 9743.84 -340.464
9700.96 -258.453 9754.93 -335.257
9712.05 -279.281 9765.43 -328.748
9722.55 -258.453 9777.09 -322.239
9734.22 -263.66 9789.06 -350.878
9745.59 -267.565 9799.26 -353.481
9756.39 -254.548 9810.06 -346.973
9768.34 -285.79 9821.14 -358.688
9777.97 -285.79 9832.22 -346.973
9789.93 -257.151 9842.73 -367.801
9800.14 -232.418 9854.1 -332.653
9811.52 -272.773 9865.77 -323.541
9822.31 -263.66 9876.85 -326.144
9832.52 -231.116 9887.94 -320.937
9843.6 -224.608 9899.32 -304.015
9855.56 -248.039 9909.23 -319.636
9866.35 -270.169 9920.31 -315.73
9877.73 -244.134 9931.98 -330.05
9888.52 -272.773 9942.48 -349.576
9899.32 -283.187 9952.98 -313.127
9910.4 -241.53 9964.65 -344.369
9921.19 -263.66 9976.02 -350.878
9931.98 -301.411 9987.11 -341.766
9943.36 -264.962 9997.9 -345.671
9954.44 -284.488 10009 -300.109
9965.23 -310.523 10020.6 -283.187
9976.02 -272.773 10031.1 -293.601
9987.69 -245.436 10041.9 -301.411
9997.61 -254.548 10053.6 -298.808
10009.6 -244.134 10064.4 -349.576
10020.1 -261.057 10074.3 -357.387
10031.7 -258.453 10085.1 -352.18
10042.2 -236.323 10097.4 -340.464
10053.9 -223.306 10107.8 -369.102
10065 -244.134 10118.9 -341.766
10075.2 -264.962 10130.6 -327.446
10086.9 -249.341 10141.4 -341.766
10096.8 -279.281 10152.2 -319.636
10108.7 -242.832 10163.6 -332.653
10118.9 -251.944 10174.6 -339.162
10130.6 -296.204 10186 -358.688
10141.1 -276.678 10196.5 -357.387
10151.9 -287.092 10207.9 -350.878
10163.9 -245.436 10218.4 -367.801
10174.4 -253.246 10229.2 -384.723
10185.1 -255.85 10240.8 -370.404
10196.2 -264.962 10250.5 -346.973
10207.6 -263.66 10262.7 -376.913
10218.7 -264.962 10274.1 -370.404
10228.6 -266.264 10284.6 -306.618
10241.1 -255.85 10295.4 -356.085
10251.6 -285.79 10306.8 -348.274
10262.7 -275.376 10317.8 -290.997
10272.6 -259.755 10328.9 -352.18
10284.6 -246.737 10340 -345.671
10294.8 -301.411 10350.2 -370.404
10306.5 -246.737 10361.9 -404.25
10318.1 -250.643 10372.7 -362.594
10328.9 -246.737 10383.8 -408.155
10339.1 -272.773 10395.4 -323.541
10350.5 -264.962 10406.2 -358.688
10361.3 -246.737 10417 -358.688
10372.7 -225.909 10427.5 -335.257
10383.5 -236.323 10438.9 -336.559
10394.8 -249.341 10449.9 -289.695
10404.2 -268.867 10461.3 -323.541
10417 -277.98 10471.8 -323.541
10426.9 -270.169 10483.2 -320.937
10438.9 -258.453 10495.2 -344.369
10449.1 -271.471 10505.1 -356.085
10460.7 -288.394 10516.5 -395.138
10472.1 -279.281 10527.2 -362.594
10483.2 -281.885 10538 -357.387
10494 -259.755 10549.4 -373.008
10504.8 -244.134 10561.4 -330.05
10516.2 -251.944 10571.6 -346.973
10526.6 -236.323 10582.1 -337.86
10538 -254.548 10593.7 -339.162
10548.5 -233.72 10604.5 -335.257
10559.3 -284.488 10615.6 -357.387
10570.4 -264.962 10624.9 -333.955
10581.8 -289.695 10636.9 -375.611
10593.4 -245.436 10649.2 -366.499
10603.9 -304.015 10659.6 -370.404
10614.7 -287.092 10670.4 -332.653
10625.8 -261.057 10681.8 -343.067
10636.6 -235.022 10692.3 -327.446
10647.7 -259.755 10704 -345.671
10658.2 -257.151 10714.5 -323.541
10669.6 -238.927 10726.1 -317.032
10680.9 -248.039 10736.6 -323.541
10692.6 -275.376 10747.7 -323.541
10702.5 -283.187 10759.1 -341.766
10714.2 -267.565 10769 -345.671
10724.4 -327.446 10781.3 -340.464
10736.1 -268.867 10792.6 -341.766
10747.1 -271.471 10803.1 -319.636
10757.4 -277.98 10815.1 -340.464
10768.4 -251.944 10824.7 -371.706
10780.1 -237.625 10835.8 -320.937
10790.9 -218.099 10847.5 -350.878
10802.6 -259.755 10857.4 -306.618
10812.8 -253.246 10869.6 -324.843
10823.3 -257.151 10880.4 -348.274
10835.2 -242.832 10891.2 -328.748
10845.1 -253.246 10902.3 -361.292
10856.8 -283.187 10913.1 -344.369
10868.2 -264.962 10924.5 -354.783
10878.7 -259.755 10935 -317.032
10890.1 -271.471 10946.7 -341.766
10900.9 -251.944 10956.9 -339.162
10911.9 -241.53 10969.4 -333.955
10922.4 -232.418 10979.9 -319.636
10933.8 -244.134 10990.4 -294.902
10944.6 -211.59 11001.8 -298.808
10955.7 -238.927 11011.7 -339.162
10967.4 -245.436 11022.8 -331.352
10977.9 -283.187 11035.3 -301.411
10988.7 -285.79 11046.4 -313.127
10999.5 -262.358 11056.9 -327.446
11010.8 -290.997 11067.4 -314.429
11021.9 -267.565 11077.9 -332.653
11032.7 -268.867 11089.9 -306.618
11044.7 -250.643 11101 -326.144
11054.3 -238.927 11112.3 -328.748
11066 -242.832 11122.6 -314.429
11076.8 -208.986 11133.6 -302.713
11088.1 -227.211 11144.7 -322.239
11099.2 -245.436 11157 -305.316
11110.3 -242.832 11166.9 -320.937
11121.1 -284.488 11178 -343.067
11133.1 -289.695 11189.7 -366.499
11143 -287.092 11200.8 -307.92
11153.5 -294.902 11210.7 -327.446
11164.6 -274.074 11221.5 -354.783
11176 -267.565 11233.4 -330.05
11187 -208.986 11243.6 -310.523
11198.1 -219.401 11255 -322.239
11208.3 -197.271 11266.1 -332.653
11219.7 -216.797 11277.2 -335.257
11230.5 -216.797 11288.6 -310.523
11242.2 -253.246 11300 -330.05
11252.7 -274.074 11310.2 -328.748
11263.8 -262.358 11321.5 -349.576
11275.1 -300.109 11332.6 -341.766
11286.5 -304.015 11343.4 -311.825
11297.3 -242.832 11354.5 -337.86
11307.5 -261.057 11365 -319.636
11318.6 -238.927 11376.4 -352.18
11329.4 -258.453 11388.4 -302.713
11341.7 -220.702 11398.9 -315.73
11352.2 -218.099 11409.1 -300.109
11363 -210.288 11421.3 -322.239
11374.7 -245.436 11432.1 -318.334
11385.2 -238.927 11442.3 -307.92
11395.4 -240.229 11454.3 -322.239
11406.5 -244.134 11465.1 -340.464
11418.4 -263.66 11476.2 -302.713
11428.1 -266.264 11486.4 -315.73
11440 -279.281 11498.1 -306.618
11451.1 -224.608 11509.2 -297.506
11461.3 -229.815 11520.3 -309.222
11473.9 -216.797 11531.1 -294.902
11483.8 -249.341 11542.5 -296.204
11494.6 -216.797 11552.4 -297.506
11506.3 -190.762 11564 -331.352
11517.1 -203.779 11575.1 -341.766
11527.9 -222.004 11585.4 -323.541
11539 -236.323 11597 -337.86
11549.5 -237.625 11608.4 -340.464
11560.5 -258.453 11619.2 -300.109
11571.6 -233.72 11631.2 -323.541
11583.3 -245.436 11641.4 -310.523
11594.7 -250.643 11652.8 -305.316
11604.9 -214.194 11663 -307.92
11616.3 -246.737 11674.4 -288.394
11626.8 -184.253 11685.5 -365.197
11637.9 -169.934 11696.6 -331.352
11649 -162.123 11708.8 -357.387
11660.1 -163.425 11719.6 -328.748
11671.2 -190.762 11729.3 -335.257
11681.4 -207.685 11740.3 -345.671
11693.6 -255.85 11751.7 -331.352
11703.6 -242.832 11763.1 -332.653
11715.8 -244.134 11773.6 -305.316
11726 -223.306 11784.7 -306.618
11737.4 -225.909 11795.5 -317.032
11747.6 -222.004 11806.9 -298.808
11759.3 -222.004 11818 -320.937
11770.1 -189.46 11830 -304.015
11780.9 -172.537 11840.8 -305.316
11792.3 -155.615 11851.9 -339.162
11803.4 -190.762 11862.4 -340.464
11814.5 -192.064 11873.2 -300.109
11825.3 -193.365 11884.3 -301.411
11836.4 -199.874 11896 -352.18
11846.9 -216.797 11905.6 -317.032
11857.4 -193.365 11917 -300.109
11869.7 -197.271 11927.8 -298.808
11880.2 -205.081 11938.9 -346.973
11890.7 -207.685 11950.6 -319.636
11902.7 -194.667 11960.8 -335.257
11912.6 -163.425 11972.5 -379.516
11923.7 -172.537 11983.6 -352.18
11934.8 -153.011 11995.2 -350.878
11947.1 -145.2 12005.2 -396.439
11957.6 -155.615 12016.9 -367.801
11968.4 -171.236 12028 -337.86
11979.2 -163.425 12038.5 -324.843
11990.9 -168.632 12049.6 -333.955
12002 -181.65 12060.7 -318.334
12012.2 -185.555 12072.3 -293.601
12023 -194.667 12082.9 -331.352
12033.5 -189.46 12094.2 -311.825
12045.5 -153.011 12105.3 -344.369
12055.7 -117.864 12116.1 -361.292
12066.8 -110.053 12128.1 -319.636
12078.5 -94.432 12137.8 -345.671
12089.6 -110.053 12149.2 -328.748
12100.7 -133.485 12160.3 -332.653
12111.2 -123.071 12171.1 -317.032
12122.3 -158.218 12181.9 -304.015
12133.4 -115.26 12192.7 -323.541
12145.1 -147.804 12204.4 -322.239
12154.7 -147.804 12214.9 -370.404
12166.4 -115.26 12225.4 -336.559
12177.2 -153.011 12237.4 -352.18
12188.9 -128.278 12247.9 -400.345
12199.1 -102.243 12259.3 -344.369
12211.4 -95.7337 12270.1 -399.043
12220.7 -115.26 12281.2 -346.973
12232.7 -77.5092 12293.5 -371.706
12242.3 -73.6039 12303.7 -322.239
12253.4 -106.148 12313.9 -327.446
12266 -106.148 12325.9 -367.801
12276.2 -94.432 12336.4 -391.232
12287 -175.141 12347.5 -379.516
12297.8 -123.071 12358.6 -362.594
12308.9 -112.657 12370 -348.274
12320.3 -104.846 12380.8 -404.25
12331.1 -124.372 12391.9 -387.327
12342 -60.5863 12402.7 -389.931
12353.4 -34.5512 12413.8 -357.387
12364.8 -89.225 12425.5 -375.611
12374.4 -89.225 12435.8 -361.292
12385.8 -103.544 12446.6 -332.653
12397.5 -50.1723 12458.3 -350.878
12409.2 -64.4916 12468.5 -332.653
12418.8 -52.7758 12480.2 -332.653
12429.9 -51.474 12491.6 -337.86
12441.6 -61.8881 12502.4 -358.688
12452.7 -65.7934 12513.5 -348.274
12462.6 -43.6635 12524.9 -386.025
12474.3 -18.9302 12536.3 -376.913
12486 -2.00733 12546.2 -379.516
12495.7 -5.91259 12557.6 -369.102
12506.5 -12.4214 12568.1 -348.274
12519 44.8559 12579.5 -340.464
12529 70.891 12590.1 -324.843
12539.8 17.519 12601.5 -391.232
12551.5 42.2524 12612 -375.611
12562.3 -0.70557 12623.7 -369.102
12573.7 4.50145 12635.4 -382.12
12584.2 27.9331 12645.3 -339.162
12595.6 51.3647 12656.7 -353.481
12606.1 40.9506 12667.8 -348.274
12616.9 81.305 12678.9 -307.92
12628.1 95.6243 12689.5 -277.98
12639.2 120.358 12700.3 -309.222
12650.3 124.263 12712.5 -296.204
12660.8 152.902 12722.8 -328.748
12672.8 162.014 12734.5 -297.506
12683.9 182.842 12744.4 -343.067
12694.7 152.902 12755.8 -352.18
12704.7 184.144 12766.9 -353.481
12716.3 167.221 12778.3 -326.144
12727.4 181.54 12789.1 -335.257
12737.7 245.326 12800 -363.895
12748.8 203.67 12811.6 -297.506
12759.3 202.368 12822.5 -294.902
12771 277.87 12833.3 -240.229
12781.8 268.758 12845 -250.643
12793.8 306.509 12856.4 -258.453
12804.6 311.716 12865.5 -248.039
12816 303.905 12877.4 -272.773
12826 335.147 12889.1 -267.565
12837.4 362.484 12899.7 -232.418
12848.2 349.467 12911.1 -231.116
12859 362.484 12921.9 -223.306
12870.7 358.579 12933.3 -205.081
12881.8 344.26 12944.1 -235.022
12892.4 383.312 12954.7 -175.141
12904.1 398.933 12966 -197.271
12915.2 382.011 12978 -180.348
12924.5 413.253 12987.7 -193.365
12936.2 423.667 12999.4 -163.425
12947.6 467.926 13010.2 -195.969
12958.7 484.849 13021.3 -146.502
12969.6 484.849 13032.5 -137.39
12980.1 500.47 13043.3 -100.941
12991.2 487.453 13055 -116.562
13002.6 503.074 13065.5 -102.243
13012.9 540.825 13077.2 -84.0179
13024 504.376 13088.6 -31.9477
13035.4 526.505 13097.7 -24.1372
13046.5 531.712 13110.5 3.1997
13057.3 568.162 13120.5 -9.81786
13069.3 570.765 13131.6 12.312
13079.5 607.214 13143 -2.00733
13090.7 648.871 13154.4 35.7436
13101.5 654.078 13165.3 65.684
13112.3 667.095 13176.7 48.7611
13123.4 697.036 13188.1 66.9857
13134 674.906 13197.7 115.151
13145.1 691.828 13209.1 119.056
13156.5 673.604 13219.7 134.677
13167.3 677.509 13231.7 134.677
13177.8 698.337 13242.8 146.393
13189.8 707.45 13253.3 191.954
13200.6 736.088 13264.7 189.351
13211.5 782.951 13275.8 238.817
13221.7 811.59 13286.1 273.965
13233.1 851.944 13296.9 263.551
13245.1 905.316 13309.5 280.474
13254.8 900.109 13319.7 342.958
13266.2 889.695 13331.4 365.088
13277.6 892.299 13342.9 371.597
13289.3 883.187 13354.3 409.347
13299 897.506 13364.5 408.046
13310.1 875.376 13375.3 435.383
13321.8 892.299 13386.8 437.986
13332 894.902 13397.6 461.418
13343.1 906.618 13409.3 443.193
13354.3 944.369 13419.8 556.446
13365.4 961.292 13431.8 534.316
13376.5 967.801 13442.3 553.842
13387 1036.79 13452.9 626.741
13398.2 1036.79 13465.2 659.285
13408.7 1055.02 13476.6 673.604
13419.8 1094.07 13487.7 737.39
13431.5 1064.13 13496.5 782.951
13442.1 1012.06 13497.4 789.46
13452.6 919.636 13487.1 815.495
13464.3 866.264 13475.4 853.246
