8010.94 -304.015 8024.39 -302.713
8005.67 -246.737 8035.51 -285.79
8002.16 -281.885 8046.91 -306.618
8005.38 -294.902 8056.86 -285.79
8015.91 -277.98 8067.68 -315.73
8025.85 -261.057 8078.79 -317.032
8036.09 -284.488 8089.61 -301.411
8048.38 -296.204 8101.6 -319.636
8058.9 -293.601 8112.42 -319.636
8070.31 -337.86 8122.95 -319.636
8081.71 -305.316 8134.64 -298.808
8091.95 -309.222 8145.46 -304.015
8104.23 -280.583 8156.57 -284.488
8115.05 -289.695 8167.98 -298.808
8124.41 -292.299 8179.09 -300.109
8136.69 -284.488 8189.61 -317.032
8148.09 -313.127 8201.6 -289.695
8158.04 -270.169 8211.54 -300.109
8169.15 -310.523 8222.65 -318.334
8179.96 -300.109 8233.47 -305.316
8192.54 -313.127 8244.87 -311.825
8202.48 -314.429 8255.68 -305.316
8214.46 -336.559 8265.91 -320.937
8224.4 -292.299 8278.19 -319.636
8236.1 -275.376 8289.3 -320.937
8246.62 -297.506 8300.12 -318.334
8257.73 -280.583 8311.22 -298.808
8268.55 -277.98 8321.45 -336.559
8279.65 -296.204 8333.44 -327.446
8291.64 -281.885 8343.38 -320.937
8302.75 -323.541 8355.07 -305.316
8313.56 -293.601 8365.88 -293.601
8323.79 -296.204 8376.69 -315.73
8335.19 -297.506 8387.51 -322.239
8346.01 -336.559 8398.9 -285.79
8357.4 -315.73 8410.01 -297.506
8367.93 -277.98 8421.41 -331.352
8379.03 -285.79 8432.8 -297.506
8390.14 -287.092 8443.03 -306.618
8400.95 -266.264 8454.14 -313.127
8413.52 -244.134 8465.83 -324.843
8423.45 -292.299 8476.34 -266.264
8434.85 -292.299 8487.16 -304.015
8445.66 -284.488 8497.97 -289.695
8456.47 -281.885 8508.78 -296.204
8467.87 -294.902 8520.76 -337.86
8478.39 -287.092 8531.86 -277.98
8489.2 -324.843 8541.79 -306.618
8500.3 -305.316 8553.19 -300.109
8511.99 -293.601 8565.46 -310.523
8523.09 -317.032 8575.39 -313.127
8533.03 -289.695 8586.79 -289.695
8545.01 -254.548 8597.59 -313.127
8555.82 -275.376 8607.23 -300.109
8566.63 -301.411 8619.8 -319.636
8577.44 -288.394 8630.6 -339.162
8588.83 -288.394 8641.41 -294.902
8599.35 -287.092 8652.22 -317.032
8610.45 -302.713 8662.74 -332.653
8621.84 -274.074 8674.71 -314.429
8633.53 -284.488 8686.69 -326.144
8643.46 -294.902 8696.91 -339.162
8654.85 -306.618 8707.43 -292.299
8665.36 -293.601 8718.24 -310.523
8677.63 -257.151 8729.92 -307.92
8689.03 -301.411 8740.14 -292.299
8698.66 -288.394 8751.53 -318.334
8709.76 -266.264 8763.21 -305.316
8721.45 -285.79 8773.72 -304.015
8732.55 -317.032 8785.11 -314.429
8742.77 -272.773 8794.46 -318.334
8754.16 -323.541 8806.73 -293.601
8765.55 -284.488 8817.53 -301.411
8775.48 -272.773 8829.21 -335.257
8786.87 -277.98 8840.31 -332.653
8797.96 -277.98 8850.82 -298.808
8809.35 -292.299 8861.04 -335.257
8819.87 -275.376 8873.01 -292.299
8830.96 -272.773 8884.69 -300.109
8842.06 -302.713 8894.62 -318.334
8852.57 -277.98 8906.01 -311.825
8863.96 -300.109 8916.23 -327.446
8875.64 -285.79 8928.78 -322.239
8885.86 -313.127 8938.71 -319.636
8896.66 -298.808 8950.1 -315.73
8908.05 -289.695 8961.19 -310.523
8919.44 -301.411 8971.99 -314.429
8930.24 -285.79 8983.96 -298.808
8940.75 -272.773 8994.47 -304.015
8951.85 -309.222 9005.57 -337.86
8963.53 -305.316 9016.37 -327.446
8973.45 -292.299 9027.46 -324.843
8985.71 -302.713 9038.84 -326.144
8996.22 -254.548 9049.94 -289.695
9007.9 -271.471 9060.74 -319.636
9017.83 -292.299 9072.12 -311.825
9028.92 -300.109 9083.22 -336.559
9041.47 -290.997 9093.14 -326.144
9050.81 -275.376 9104.23 -315.73
9062.78 -289.695 9115.62 -313.127
9072.71 -272.773 9126.42 -320.937
9084.97 -327.446 9137.51 -315.73
9094.89 -297.506 9148.31 -320.937
9106.86 -307.92 9160.28 -287.092
9117.37 -285.79 9170.78 -283.187
9128.75 -300.109 9182.46 -307.92
9139.26 -322.239 9193.26 -311.825
9150.65 -306.618 9203.47 -309.222
9161.15 -313.127 9214.56 -318.334
9172.24 -314.429 9226.24 -314.429
9183.33 -283.187 9236.45 -324.843
9194.43 -275.376 9248.42 -292.299
9204.93 -272.773 9259.22 -336.559
9216.61 -275.376 9269.14 -296.204
9226.53 -281.885 9281.1 -341.766
9239.08 -288.394 9292.19 -318.334
9248.71 -317.032 9302.99 -310.523
9261.26 -301.411 9314.08 -304.015
9271.18 -306.618 9325.17 -324.843
9281.4 -274.074 9336.84 -326.144
9294.24 -292.299 9346.47 -319.636
9304.74 -304.015 9358.14 -310.523
9315.83 -264.962 9369.23 -297.506
9325.46 -302.713 9380.32 -300.109
9338.01 -294.902 9391.7 -293.601
9349.68 -306.618 9402.21 -287.092
9361.06 -304.015 9413.59 -318.334
9370.69 -294.902 9424.68 -259.755
9382.07 -264.962 9435.47 -280.583
9392.87 -284.488 9446.27 -339.162
9403.96 -284.488 9457.64 -304.015
9415.34 -274.074 9468.44 -358.688
9425.26 -297.506 9479.53 -322.239
9436.93 -301.411 9490.62 -315.73
9447.14 -283.187 9501.7 -324.843
9457.94 -280.583 9513.37 -298.808
9470.19 -245.436 9523.29 -283.187
9480.7 -255.85 9534.38 -319.636
9492.07 -279.281 9546.34 -324.843
9502.87 -266.264 9556.84 -323.541
9514.54 -264.962 9567.64 -292.299
9525.04 -270.169 9578.73 -314.429
9535.84 -253.246 9590.4 -301.411
9546.63 -285.79 9599.73 -330.05
9558.59 -293.601 9612.27 -301.411
9568.51 -320.937 9622.78 -326.144
9579.31 -288.394 9634.16 -323.541
9591.27 -289.695 9644.95 -314.429
9602.65 -287.092 9656.33 -318.334
9613.15 -279.281 9666.83 -310.523
9623.65 -270.169 9678.2 -301.411
9634.16 -281.885 9689 -301.411
9646.41 -272.773 9700.08 -302.713
9657.49 -262.358 9711.75 -292.299
9668.58 -287.092 9722.25 -292.299
9678.79 -272.773 9733.92 -300.109
9690.17 -290.997 9743.84 -335.257
9700.67 -264.962 9755.22 -337.86
9712.34 -310.523 9765.43 -309.222
9722.84 -305.316 9777.68 -323.541
9733.63 -280.583 9788.47 -301.411
9745.01 -271.471 9799.26 -275.376
9756.09 -264.962 9810.64 -304.015
9766.89 -302.713 9820.56 -310.523
9777.39 -284.488 9831.93 -289.695
9789.64 -266.264 9843.6 -305.316
9799.85 -271.471 9854.1 -261.057
9810.35 -281.885 9866.06 -343.067
9822.31 -300.109 9877.15 -324.843
9833.98 -284.488 9888.52 -304.015
9843.6 -280.583 9898.44 -304.015
9854.98 -293.601 9909.52 -327.446
9865.77 -300.109 9920.61 -317.032
9876.85 -293.601 9931.11 -306.618
9888.81 -267.565 9942.19 -318.334
9899.32 -300.109 9953.27 -315.73
9910.11 -279.281 9964.36 -267.565
9921.19 -290.997 9975.44 -294.902
9933.44 -255.85 9987.69 -313.127
9943.36 -240.229 9997.02 -330.05
9953.56 -271.471 10009.3 -340.464
9965.23 -306.618 10020.4 -319.636
9975.44 -287.092 10031.1 -298.808
9987.98 -296.204 10042.2 -336.559
9997.9 -281.885 10053 -318.334
10009.9 -281.885 10064.1 -280.583
10019.8 -257.151 10074.6 -285.79
10031.4 -270.169 10085.4 -313.127
10042.2 -258.453 10097.9 -285.79
10053.3 -304.015 10107 -322.239
10064.1 -289.695 10119.2 -310.523
10074.6 -271.471 10130.9 -318.334
10086 -257.151 10140.5 -292.299
10096.8 -272.773 10151.9 -322.239
10108.7 -296.204 10164.1 -348.274
10119.5 -281.885 10174 -324.843
10130.9 -296.204 10184.9 -333.955
10141.1 -285.79 10195.6 -281.885
10151.9 -264.962 10207.6 -318.334
10163.9 -274.074 10218.4 -314.429
10174.9 -276.678 10229.2 -290.997
10185.4 -263.66 10240.3 -300.109
10196.5 -266.264 10251.3 -294.902
10207.3 -285.79 10263.3 -301.411
10219 -307.92 10273.2 -289.695
10228.6 -297.506 10285.2 -296.204
10241.4 -272.773 10296.5 -318.334
10251.3 -297.506 10306.5 -327.446
10262.7 -276.678 10318.1 -307.92
10273.8 -285.79 10329.2 -330.05
10283.7 -300.109 10339.1 -333.955
10295.7 -254.548 10351.1 -318.334
10306.2 -261.057 10361.9 -306.618
10318.4 -245.436 10373 -296.204
10328 -250.643 10384.6 -313.127
10338 -253.246 10395.1 -304.015
10350.5 -258.453 10405.3 -304.015
10361.6 -270.169 10416.4 -280.583
10373.3 -270.169 10427.5 -305.316
10383.5 -276.678 10438.9 -337.86
10394.8 -292.299 10450.8 -323.541
10405.3 -285.79 10460.7 -350.878
10416.7 -277.98 10472.7 -331.352
10428.1 -254.548 10483.8 -300.109
10438.9 -292.299 10494 -328.748
10449.7 -283.187 10505.4 -297.506
10461 -262.358 10515.9 -332.653
10471.2 -281.885 10526.4 -341.766
10482.6 -253.246 10538.9 -292.299
10494 -279.281 10549.7 -317.032
10504.2 -272.773 10560.5 -326.144
10516.5 -296.204 10572.2 -309.222
10526.1 -285.79 10581.8 -359.99
10538 -287.092 10593.4 -292.299
10549.7 -250.643 10604.5 -307.92
10559.6 -275.376 10615 -341.766
10569.5 -279.281 10627 -331.352
10581.8 -277.98 10636.9 -285.79
10592.9 -289.695 10648.6 -283.187
10604.2 -276.678 10659.4 -300.109
10615.3 -259.755 10670.7 -332.653
10625.5 -281.885 10681.5 -287.092
10636.9 -270.169 10692.3 -302.713
10647.7 -279.281 10704.6 -315.73
10658.2 -283.187 10714.2 -332.653
10669.3 -290.997 10725.6 -304.015
10680.9 -284.488 10736.4 -310.523
10692 -270.169 10747.4 -268.867
10702.2 -274.074 10758.5 -287.092
10713.9 -275.376 10769.9 -298.808
10725 -258.453 10781.6 -296.204
10735.8 -270.169 10791.8 -300.109
10746.3 -262.358 10803.4 -315.73
10757.6 -272.773 10813.4 -297.506
10768.4 -301.411 10825 -277.98
10780.1 -281.885 10836.7 -302.713
10790.6 -274.074 10846.6 -314.429
10801.1 -285.79 10858.6 -315.73
10812.8 -279.281 10869.6 -306.618
10823.3 -289.695 10880.1 -320.937
10834.6 -288.394 10891.8 -298.808
10845.7 -267.565 10901.7 -333.955
10856.5 -288.394 10913.7 -306.618
10867.9 -253.246 10924.2 -309.222
10878.7 -261.057 10935 -343.067
10889.8 -242.832 10947.2 -302.713
10901.2 -261.057 10956.9 -348.274
10912.2 -257.151 10968.5 -324.843
10922.4 -255.85 10978.2 -270.169
10933.8 -279.281 10990.4 -311.825
10945.2 -255.85 11001.2 -280.583
10955.4 -293.601 11012.6 -306.618
10966.8 -288.394 11024.3 -296.204
10977.3 -296.204 11034.2 -314.429
10989 -289.695 11045.3 -281.885
11000.3 -244.134 11056.6 -293.601
11010.8 -261.057 11068.3 -302.713
11021.6 -275.376 11079.7 -315.73
11033 -264.962 11090.2 -315.73
11044.7 -289.695 11100.7 -294.902
11054.9 -271.471 11111.8 -311.825
11066 -283.187 11123.7 -307.92
11076.8 -248.039 11134.2 -322.239
11089 -283.187 11144.1 -328.748
11098.4 -263.66 11155.5 -292.299
11110.6 -236.323 11166.9 -300.109
11120.8 -283.187 11177.1 -280.583
11131.9 -242.832 11188.8 -290.997
11143 -271.471 11200.2 -317.032
11153.8 -241.53 11211 -289.695
11164.6 -257.151 11222.9 -271.471
11176 -272.773 11232.3 -317.032
11187.6 -296.204 11244.2 -284.488
11198.1 -304.015 11255 -307.92
11208.6 -279.281 11266.1 -315.73
11220.3 -248.039 11277.2 -296.204
11231.4 -257.151 11288.3 -304.015
11241.9 -246.737 11300.5 -301.411
11253 -268.867 11309.9 -298.808
11264.4 -259.755 11321.8 -288.394
11273.4 -236.323 11332.1 -293.601
11285.9 -228.513 11344 -284.488
11297 -236.323 11353.9 -306.618
11307.5 -241.53 11365.3 -315.73
11319.2 -283.187 11377 -296.204
11329.7 -276.678 11388.1 -301.411
11341.1 -281.885 11399.2 -320.937
11351.9 -276.678 11409.1 -324.843
11363.3 -280.583 11421 -337.86
11373.8 -275.376 11431.5 -330.05
11385.5 -254.548 11442.9 -285.79
11396.2 -220.702 11453.4 -313.127
11406.5 -216.797 11465.1 -285.79
11418.4 -232.418 11475.3 -290.997
11429.5 -235.022 11487.3 -314.429
11439.7 -192.064 11498.1 -336.559
11450.5 -250.643 11508.9 -307.92
11462.5 -263.66 11520.6 -314.429
11472.7 -268.867 11531.1 -323.541
11484.1 -275.376 11542.2 -309.222
11496.1 -264.962 11553 -292.299
11506.6 -250.643 11564.3 -293.601
11517.6 -276.678 11576.3 -288.394
11528.1 -231.116 11586.2 -294.902
11539 -205.081 11597.3 -297.506
11549.5 -214.194 11608.1 -310.523
11561.4 -238.927 11619.5 -280.583
11572.2 -235.022 11630.3 -319.636
11583.6 -228.513 11641.7 -319.636
11594.1 -236.323 11652.2 -326.144
11604.6 -241.53 11663.3 -322.239
11616.6 -285.79 11674.7 -337.86
11626.5 -257.151 11685.5 -298.808
11638.5 -255.85 11696.6 -310.523
11648.4 -254.548 11708.5 -323.541
11660.1 -208.986 11718.8 -311.825
11671.2 -205.081 11730.7 -302.713
11681.7 -193.365 11740.3 -262.358
11692.8 -184.253 11752.3 -306.618
11704.1 -197.271 11762.5 -317.032
11715 -241.53 11773.9 -328.748
11726.6 -223.306 11785.9 -276.678
11737.1 -258.453 11795.8 -300.109
11749.1 -245.436 11806.9 -293.601
11759 -276.678 11817.4 -285.79
11769.8 -281.885 11829.7 -297.506
11781.2 -268.867 11839.9 -328.748
11792 -228.513 11851.9 -363.895
11803.4 -222.004 11861.8 -307.92
11814.8 -202.478 11873.2 -309.222
11825 -179.046 11884.6 -313.127
11836.7 -182.951 11895.4 -326.144
11847.8 -201.176 11906.5 -313.127
11858 -244.134 11917.3 -311.825
11870.3 -222.004 11927.8 -322.239
11879.9 -206.383 11938.6 -336.559
11891.6 -246.737 11950.3 -307.92
11902.4 -262.358 11961.4 -281.885
11913.5 -264.962 11972.8 -268.867
11924.3 -224.608 11983.3 -289.695
11935.1 -201.176 11994.7 -281.885
11945.6 -156.916 12005.5 -301.411
11957.6 -120.467 12016.6 -305.316
11968.7 -128.278 12027.7 -314.429
11978.9 -156.916 12039 -263.66
11990 -162.123 12049.3 -300.109
12000.8 -215.495 12060.4 -304.015
12012.8 -198.572 12071.5 -304.015
12023 -219.401 12083.1 -341.766
12034.7 -210.288 12093.1 -335.257
12045.8 -210.288 12105.9 -357.387
12055.4 -188.158 12116.1 -408.155
12067.1 -159.52 12127.3 -374.309
12078.2 -175.141 12138.3 -353.481
12089.3 -153.011 12149.2 -344.369
12100.4 -134.786 12159.4 -323.541
12110.6 -133.485 12171.1 -306.618
12122.3 -146.502 12182.2 -318.334
12133.4 -145.2 12193.3 -327.446
12144.5 -137.39 12204.1 -331.352
12155 -192.064 12215.5 -318.334
12166.4 -154.313 12226 -309.222
12176.9 -153.011 12237.1 -324.843
12188.9 -154.313 12248.2 -358.688
12199.1 -133.485 12259 -301.411
12210.2 -126.976 12270.4 -324.843
12221.6 -121.769 12282.1 -320.937
12232.1 -93.1302 12293.2 -296.204
12242.3 -78.8109 12303.1 -290.997
12254.3 -110.053 12313.9 -266.264
12265.4 -91.8285 12325.9 -289.695
12276.5 -115.26 12336.7 -298.808
12287.9 -151.709 12347.2 -277.98
12298.7 -123.071 12359.2 -274.074
12309.2 -153.011 12370 -287.092
12320 -121.769 12381.4 -298.808
12330.9 -115.26 12392.2 -301.411
12342.5 -117.864 12403 -315.73
12352.5 -110.053 12413.5 -317.032
12363.9 -81.4144 12425.2 -318.334
12374.7 -90.5267 12435.2 -301.411
12386.4 -76.2074 12446.6 -322.239
12397.5 -86.6215 12458 -290.997
12408 -126.976 12469.4 -327.446
12420 -89.225 12479.9 -339.162
12430.5 -90.5267 12490.4 -346.973
12441.6 -95.7337 12502.4 -379.516
12452.4 -87.9232 12513.2 -376.913
12463.2 -80.1127 12525.2 -362.594
12474.3 -4.61084 12536 -345.671
12484.6 26.6313 12545.9 -335.257
12496.2 12.312 12557.6 -335.257
12507.4 31.8383 12568.1 -297.506
12517.6 1.89794 12579.3 -281.885
12529 26.6313 12590.4 -272.773
12540.4 7.10496 12602 -287.092
12551.2 -7.21435 12613.4 -320.937
12561.4 -18.9302 12623.4 -293.601
12573.4 -5.91259 12634.5 -307.92
12584.8 52.6664 12645.6 -293.601
12596.2 81.305 12657.3 -271.471
12605.8 115.151 12668.1 -276.678
12617.5 129.47 12679.2 -261.057
12628.3 117.754 12690.6 -297.506
12638.9 106.038 12700.9 -298.808
12650.3 104.737 12712.3 -302.713
12661.4 94.3226 12722.8 -317.032
12671.9 66.9857 12733.9 -293.601
12682.7 120.358 12745.9 -320.937
12695.3 104.737 12756.1 -294.902
12705.5 96.9261 12767.8 -272.773
12716 156.807 12778.9 -270.169
12727.4 182.842 12789.4 -272.773
12738.6 251.835 12800.5 -210.288
12748.8 315.621 12811.4 -229.815
12759.6 344.26 12822.2 -202.478
12771.6 346.863 12834.2 -208.986
12782.1 281.775 12844.1 -211.59
12793.2 302.604 12855.8 -242.832
12804.6 277.87 12866.6 -248.039
12815.2 247.93 12877.7 -255.85
12826.3 264.853 12888.9 -227.211
12837.1 270.06 12900.3 -280.583
12847.3 294.793 12911.1 -264.962
12859.3 333.846 12922.5 -216.797
12870.1 384.614 12933.3 -193.365
12881.3 445.797 12944.1 -156.916
12892.6 462.719 12954.9 -155.615
12903.5 478.341 12966 -115.26
12914.6 470.53 12977.2 -110.053
12925.7 447.098 12988.6 -160.822
12937.4 404.14 13000 -164.727
12947.3 397.632 13010.8 -193.365
12958.4 452.305 13021.3 -180.348
12969.3 415.856 13033 -160.822
12980.7 460.116 13043.9 -155.615
12991.8 444.495 13053.8 -125.674
13002.6 501.772 13066.1 -64.4916
13013.4 522.6 13076.6 -56.6811
13024.5 594.197 13088.3 -24.1372
13035.1 585.084 13098.3 4.50145
13045.9 617.628 13110.8 17.519
13057.6 608.516 13120.5 9.70847
13068.7 588.99 13132.5 -12.4214
13079.5 591.593 13142.4 -17.6284
13090.1 562.955 13153.8 -25.4389
13101.2 559.049 13165.5 -13.7231
13112.9 590.291 13175.8 4.50145
13124 575.972 13186.9 55.2699
13134.2 628.042 13198 96.9261
13145.1 664.492 13209.7 137.281
13156.2 710.053 13220.3 227.102
13166.7 708.751 13231.4 231.007
13177.8 760.821 13242.5 217.989
13189.8 764.727 13253.6 234.912
13200.1 766.029 13264.7 203.67
13211.8 782.951 13275.3 181.54
13222.3 772.537 13287 182.842
13233.1 760.821 13298.1 204.972
13244.8 751.709 13308.9 210.179
13254.8 739.993 13320 241.421
13265.9 756.916 13331.1 276.568
13276.4 750.407 13342.6 359.881
13288.1 790.762 13354 400.235
13299.5 803.78 13363.9 427.572
13310.4 870.169 13375 443.193
13321.8 920.937 13386.5 460.116
13332.3 961.292 13397.6 490.056
13344 1005.55 13409 457.512
13353.7 1034.19 13419.8 443.193
13365.4 1052.41 13430.9 486.151
13377.4 1028.98 13443.5 487.453
13387.3 1021.17 13453.8 579.878
13398.2 1031.59 13464.9 568.162
13409 984.724 13477.5 664.492
13420.1 989.93 13488.6 694.432
13431.5 1062.83 13496.5 785.555
13442.3 961.292 13497.4 841.53
13452.3 864.962 13486.8 832.418
13464.6 842.832 13475.1 864.962
