8011.52 -296.204 8024.98 -257.151
8005.38 -237.625 8035.8 -242.832
8001.87 -249.341 8046.62 -294.902
8005.67 -227.211 8057.44 -267.565
8015.03 -246.737 8068.26 -292.299
8024.68 -242.832 8078.79 -270.169
8036.97 -248.039 8089.03 -280.583
8048.08 -250.643 8101.02 -266.264
8059.49 -254.548 8112.42 -261.057
8069.43 -248.039 8123.53 -258.453
8082.3 -232.418 8135.52 -264.962
8093.41 -274.074 8145.46 -296.204
8103.94 -264.962 8156.87 -283.187
8114.17 -236.323 8167.1 -281.885
8124.99 -294.902 8178.21 -275.376
8136.69 -244.134 8188.74 -296.204
8148.09 -245.436 8201.01 -309.222
8159.2 -271.471 8212.12 -280.583
8169.15 -227.211 8221.77 -315.73
8180.55 -246.737 8233.76 -261.057
8191.95 -232.418 8244.57 -264.962
8202.48 -253.246 8255.98 -307.92
8213.59 -261.057 8266.5 -283.187
8224.99 -274.074 8278.49 -293.601
8236.68 -235.022 8289.59 -285.79
8246.91 -236.323 8299.53 -290.997
8258.61 -267.565 8311.22 -305.316
8268.55 -245.436 8321.75 -301.411
8279.95 -216.797 8333.15 -277.98
8290.76 -251.944 8343.67 -324.843
8301.87 -220.702 8355.07 -296.204
8313.27 -231.116 8365.59 -290.997
8323.21 -235.022 8376.99 -302.713
8335.78 -249.341 8387.22 -261.057
8345.71 -235.022 8399.2 -270.169
8357.11 -251.944 8409.72 -238.927
8367.93 -241.53 8421.11 -229.815
8379.32 -219.401 8432.51 -300.109
8390.72 -248.039 8443.62 -283.187
8401.24 -267.565 8454.43 -310.523
8412.64 -240.229 8464.95 -313.127
8423.45 -236.323 8476.64 -302.713
8434.56 -249.341 8486.86 -305.316
8444.79 -236.323 8497.97 -305.316
8456.47 -202.478 8509.36 -306.618
8468.16 -223.306 8520.76 -287.092
8478.39 -223.306 8531.28 -304.015
8489.49 -271.471 8542.67 -305.316
8500.6 -246.737 8554.36 -246.737
8511.11 -233.72 8564.29 -285.79
8522.22 -248.039 8575.98 -310.523
8533.91 -246.737 8586.49 -304.015
8544.42 -240.229 8597.59 -289.695
8555.52 -233.72 8608.4 -292.299
8566.63 -236.323 8619.5 -285.79
8577.73 -210.288 8630.6 -271.471
8589.41 -224.608 8641.12 -317.032
8599.35 -211.59 8653.1 -274.074
8610.74 -237.625 8663.9 -283.187
8621.84 -236.323 8674.42 -311.825
8632.94 -244.134 8686.4 -257.151
8643.46 -248.039 8695.74 -300.109
8654.56 -237.625 8707.72 -277.98
8665.36 -241.53 8718.82 -298.808
8676.76 -237.625 8730.5 -283.187
8688.44 -250.643 8740.43 -287.092
8698.66 -222.004 8751.53 -306.618
8709.76 -223.306 8762.92 -320.937
8720.86 -192.064 8773.72 -309.222
8731.96 -212.892 8785.7 -309.222
8743.64 -193.365 8795.92 -313.127
8753.86 -245.436 8806.73 -277.98
8764.67 -223.306 8817.53 -290.997
8775.77 -277.98 8829.8 -272.773
8787.45 -259.755 8840.31 -259.755
8797.67 -259.755 8850.23 -267.565
8809.06 -249.341 8862.79 -292.299
8819.57 -241.53 8872.72 -284.488
8830.67 -231.116 8884.69 -272.773
8842.06 -249.341 8894.91 -302.713
8852.86 -237.625 8906.88 -281.885
8864.55 -205.081 8916.81 -305.316
8874.47 -241.53 8928.78 -318.334
8886.74 -214.194 8938.71 -284.488
8896.95 -197.271 8950.39 -309.222
8907.47 -225.909 8961.19 -281.885
8918.85 -242.832 8971.7 -266.264
8930.24 -250.643 8983.67 -248.039
8941.34 -253.246 8994.18 -300.109
8953.01 -228.513 9005.57 -314.429
8964.4 -238.927 9015.49 -300.109
8974.33 -210.288 9026.88 -300.109
8984.84 -246.737 9037.97 -292.299
8996.22 -199.874 9049.06 -305.316
9007.9 -219.401 9061.03 -279.281
9018.12 -220.702 9071.25 -311.825
9029.8 -219.401 9082.92 -297.506
9039.72 -225.909 9093.43 -281.885
9050.81 -253.246 9104.82 -266.264
9062.2 -249.341 9115.03 -253.246
9073.29 -242.832 9126.13 -297.506
9084.09 -232.418 9138.09 -276.678
9095.48 -238.927 9148.89 -307.92
9106.57 -228.513 9160.28 -294.902
9116.5 -233.72 9170.78 -270.169
9129.05 -175.141 9181.58 -310.523
9140.43 -206.383 9193.26 -314.429
9150.06 -235.022 9204.06 -285.79
9161.74 -241.53 9214.85 -257.151
9172.24 -233.72 9225.95 -280.583
9183.63 -258.453 9237.04 -263.66
9194.43 -235.022 9247.54 -284.488
9206.1 -253.246 9259.22 -270.169
9216.61 -223.306 9269.43 -294.902
9227.99 -229.815 9281.4 -285.79
9239.08 -231.116 9291.61 -264.962
9249.3 -215.495 9303.28 -267.565
9261.26 -194.667 9314.66 -300.109
9271.76 -186.857 9324.59 -268.867
9282.27 -232.418 9335.97 -304.015
9294.24 -197.271 9346.76 -289.695
9304.45 -225.909 9357.85 -268.867
9316.12 -225.909 9369.82 -259.755
9326.05 -236.323 9380.61 -240.229
9338.01 -216.797 9391.41 -280.583
9349.39 -225.909 9401.91 -261.057
9360.77 -216.797 9413 -287.092
9370.69 -235.022 9424.68 -293.601
9381.78 -242.832 9434.89 -242.832
9392.87 -228.513 9446.27 -301.411
9403.37 -227.211 9458.52 -302.713
9414.75 -195.969 9468.15 -276.678
9425.55 -225.909 9479.82 -292.299
9437.22 -253.246 9490.32 -257.151
9447.72 -216.797 9501.41 -255.85
9458.81 -208.986 9512.5 -253.246
9470.19 -227.211 9523.88 -280.583
9481.28 -233.72 9534.38 -275.376
9492.07 -242.832 9545.18 -262.358
9502.29 -237.625 9556.84 -289.695
9514.83 -195.969 9568.22 -287.092
9524.46 -240.229 9579.31 -300.109
9535.84 -214.194 9589.81 -289.695
9546.92 -235.022 9600.9 -277.98
9558.3 -237.625 9611.98 -275.376
9569.1 -250.643 9623.36 -305.316
9579.89 -232.418 9634.45 -283.187
9590.98 -223.306 9645.24 -270.169
9601.48 -225.909 9656.91 -271.471
9612.86 -201.176 9666.83 -262.358
9624.24 -207.685 9677.04 -323.541
9634.45 -179.046 9688.42 -275.376
9646.12 -228.513 9700.08 -257.151
9656.91 -223.306 9710.58 -274.074
9668.29 -251.944 9722.25 -275.376
9679.66 -251.944 9733.63 -264.962
9690.46 -218.099 9743.26 -305.316
9699.79 -232.418 9755.22 -280.583
9711.75 -241.53 9765.72 -267.565
9722.84 -253.246 9777.97 -262.358
9734.51 -212.892 9788.76 -270.169
9745.01 -173.839 9798.97 -266.264
9755.51 -215.495 9810.35 -283.187
9766.3 -197.271 9820.85 -283.187
9778.55 -172.537 9832.81 -266.264
9789.35 -197.271 9843.6 -319.636
9799.85 -153.011 9854.39 -259.755
9811.23 -240.229 9864.6 -274.074
9822.31 -246.737 9876.27 -272.773
9832.81 -267.565 9888.23 -272.773
9843.6 -244.134 9899.02 -281.885
9854.98 -244.134 9910.4 -293.601
9865.77 -211.59 9919.73 -279.281
9877.73 -250.643 9931.11 -290.997
9887.64 -194.667 9943.07 -274.074
9899.32 -173.839 9953.56 -249.341
9909.52 -182.951 9965.23 -292.299
9920.9 -222.004 9976.31 -274.074
9932.56 -203.779 9986.52 -311.825
9943.36 -201.176 9997.61 -271.471
9954.44 -267.565 10009.3 -248.039
9964.94 -222.004 10020.1 -283.187
9976.02 -229.815 10031.1 -281.885
9987.11 -214.194 10042.5 -285.79
9997.9 -212.892 10052.4 -283.187
10009 -197.271 10064.7 -283.187
10020.9 -201.176 10074 -298.808
10030.6 -224.608 10085.7 -310.523
10043.1 -210.288 10097.1 -280.583
10053.3 -203.779 10107.8 -314.429
10064.4 -199.874 10119.2 -305.316
10075.8 -177.744 10130.3 -271.471
10086.3 -214.194 10142.6 -293.601
10097.1 -254.548 10152.5 -296.204
10108.4 -238.927 10163.9 -284.488
10118.4 -212.892 10174.4 -264.962
10131.2 -261.057 10185.1 -302.713
10141.4 -206.383 10196.5 -268.867
10152.5 -205.081 10207 -268.867
10163.3 -186.857 10219.3 -277.98
10174 -210.288 10229.8 -283.187
10185.4 -199.874 10240.8 -251.944
10195.9 -194.667 10252.5 -285.79
10207.9 -208.986 10263 -311.825
10217.5 -238.927 10272.9 -304.015
10228.9 -248.039 10284.6 -255.85
10240.3 -202.478 10295.7 -302.713
10251.3 -225.909 10306.2 -270.169
10263 -228.513 10318.1 -277.98
10272.9 -232.418 10328.3 -255.85
10283.4 -199.874 10340 -281.885
10294.5 -189.46 10350.2 -274.074
10306.8 -194.667 10361.6 -289.695
10318.4 -190.762 10373 -290.997
10327.5 -195.969 10384.3 -274.074
10339.7 -208.986 10394.5 -280.583
10350.5 -219.401 10406.2 -267.565
10361 -231.116 10417.6 -302.713
10372.7 -222.004 10427.8 -262.358
10383.5 -231.116 10438.6 -264.962
10394.5 -210.288 10450.2 -264.962
10405.3 -251.944 10461.3 -271.471
10417.3 -222.004 10471.5 -257.151
10427.2 -207.685 10483.2 -259.755
10438.9 -205.081 10494 -259.755
10449.9 -214.194 10505.1 -272.773
10461 -205.081 10516.5 -261.057
10471.2 -199.874 10527.5 -284.488
10482.6 -240.229 10538 -263.66
10493.1 -220.702 10549.4 -313.127
10504.2 -242.832 10560.5 -318.334
10515.6 -236.323 10571.6 -271.471
10526.6 -199.874 10582.6 -287.092
10537.7 -232.418 10593.1 -251.944
10548.5 -214.194 10604.5 -280.583
10559.3 -215.495 10615.6 -254.548
10571 -197.271 10625.8 -270.169
10582.1 -194.667 10637.8 -311.825
10592.3 -179.046 10648 -255.85
10603.4 -225.909 10659.9 -280.583
10615 -224.608 10670.7 -266.264
10626.1 -199.874 10682.1 -297.506
10636.3 -208.986 10692.9 -258.453
10648 -214.194 10703.1 -263.66
10658.5 -211.59 10715.1 -271.471
10669.6 -208.986 10726.1 -263.66
10680.6 -215.495 10736.6 -255.85
10691.7 -228.513 10747.7 -257.151
10702.5 -206.383 10758.8 -248.039
10713.9 -225.909 10770.2 -272.773
10724.7 -249.341 10780.1 -245.436
10736.4 -232.418 10792.1 -258.453
10746.9 -225.909 10803.1 -287.092
10757.1 -197.271 10813.4 -302.713
10768.7 -236.323 10825.6 -296.204
10779.5 -198.572 10836.1 -267.565
10790.9 -175.141 10847.5 -281.885
10802 -219.401 10858 -266.264
10812.8 -182.951 10869.1 -287.092
10823.9 -211.59 10880.1 -251.944
10835.8 -224.608 10891.2 -271.471
10846 -210.288 10901.7 -272.773
10856.5 -169.934 10913.7 -292.299
10868.2 -188.158 10924.2 -293.601
10878.1 -194.667 10935.6 -280.583
10890.1 -198.572 10946.9 -305.316
10900.3 -194.667 10957.4 -292.299
10911.1 -192.064 10968.8 -302.713
10922.7 -193.365 10980.2 -354.783
10933.2 -201.176 10990.1 -304.015
10946.1 -164.727 11001.2 -279.281
10954.8 -201.176 11012.9 -285.79
10967.4 -201.176 11024 -298.808
10977.6 -214.194 11034.2 -262.358
10989 -210.288 11046.7 -270.169
10999.2 -205.081 11056.3 -296.204
11011.1 -241.53 11068 -268.867
11021.3 -198.572 11077.9 -266.264
11032.7 -203.779 11089.9 -314.429
11045 -233.72 11100.7 -292.299
11053.4 -202.478 11111.8 -290.997
11065.4 -248.039 11122.9 -314.429
11076.8 -229.815 11133.1 -317.032
11087.9 -219.401 11145.3 -268.867
11098.4 -198.572 11154.9 -253.246
11110.6 -197.271 11166.9 -283.187
11121.4 -201.176 11178.3 -293.601
11131.9 -203.779 11188.5 -293.601
11142.7 -211.59 11200.2 -279.281
11154.1 -227.211 11211.6 -250.643
11164.9 -207.685 11222.3 -297.506
11176.2 -186.857 11232.8 -275.376
11186.8 -197.271 11244.2 -293.601
11197.5 -193.365 11255 -259.755
11208.6 -184.253 11266.7 -311.825
11220 -180.348 11276.9 -255.85
11230.8 -182.951 11288 -263.66
11242.5 -186.857 11300.3 -257.151
11253 -212.892 11309.9 -277.98
11264.1 -182.951 11321.5 -270.169
11274.3 -241.53 11332.6 -317.032
11285.9 -229.815 11344 -259.755
11296.5 -215.495 11353.9 -317.032
11307.3 -229.815 11365.6 -275.376
11318.9 -186.857 11377 -257.151
11329.7 -193.365 11388.1 -288.394
11341.1 -205.081 11398.9 -296.204
11352.2 -188.158 11409.7 -300.109
11363 -205.081 11421.3 -320.937
11374.4 -195.969 11431.8 -290.997
11385.5 -177.744 11442.1 -275.376
11395.9 -156.916 11454 -344.369
11406.8 -185.555 11464.5 -277.98
11418.1 -169.934 11476.2 -281.885
11428.6 -193.365 11487.3 -288.394
11439.7 -190.762 11498.1 -254.548
11451.4 -181.65 11509.5 -297.506
11462.5 -179.046 11519.7 -287.092
11472.4 -192.064 11531.1 -272.773
11484.1 -232.418 11542.2 -318.334
11495.5 -175.141 11554.1 -333.955
11506 -208.986 11563.8 -346.973
11517.1 -164.727 11575.4 -304.015
11527.9 -171.236 11586.2 -284.488
11539 -175.141 11597.6 -302.713
11549.8 -189.46 11607.8 -288.394
11560.8 -147.804 11618.9 -283.187
11571.6 -176.443 11629.7 -307.92
11582.7 -166.029 11642 -293.601
11594.7 -199.874 11652.8 -272.773
11604.3 -177.744 11662.7 -315.73
11616.9 -197.271 11674.7 -288.394
11627.7 -195.969 11685.5 -315.73
11637.9 -163.425 11696 -309.222
11649.3 -180.348 11708.5 -258.453
11660.7 -166.029 11718.8 -306.618
11670.9 -168.632 11730.1 -277.98
11682 -181.65 11740.3 -314.429
11693.4 -163.425 11752.6 -322.239
11703.9 -141.295 11762.5 -297.506
11715.2 -189.46 11773.9 -280.583
11726 -182.951 11784.7 -309.222
11737.4 -166.029 11795.5 -298.808
11747.6 -166.029 11807.2 -293.601
11759.3 -181.65 11818 -287.092
11771.3 -215.495 11829.1 -274.074
11780 -143.899 11839.9 -297.506
11791.7 -181.65 11851.9 -270.169
11803.4 -149.106 11861.8 -285.79
11813.9 -153.011 11873.8 -288.394
11824.1 -158.218 11885.2 -290.997
11836.4 -156.916 11895.1 -317.032
11847.2 -137.39 11906.5 -281.885
11857.1 -99.639 11916.4 -294.902
11869.7 -117.864 11928.1 -309.222
11880.5 -172.537 11939.2 -279.281
11891.3 -176.443 11951.1 -285.79
11902.4 -136.088 11961.7 -298.808
11913.5 -137.39 11972.5 -285.79
11924.6 -146.502 11983.3 -311.825
11934.8 -159.52 11994.4 -310.523
11947.4 -153.011 12005.8 -274.074
11957 -100.941 12016.3 -277.98
11968.1 -116.562 12028 -279.281
11979.2 -91.8285 12038.5 -296.204
11990.3 -97.0355 12049.8 -284.488
12001.4 -107.45 12060.1 -287.092
12012.5 -95.7337 12072.6 -268.867
12023.3 -119.165 12083.1 -274.074
12034.4 -121.769 12093.4 -267.565
12044.3 -138.692 12105.1 -275.376
12056.3 -162.123 12116.1 -264.962
12068 -149.106 12127 -283.187
12077.6 -150.407 12138 -293.601
12088.7 -110.053 12149.7 -281.885
12099.8 -107.45 12159.7 -280.583
12111.2 -71.0004 12171.9 -255.85
12122.3 -55.3793 12181.9 -249.341
12132.2 -65.7934 12193.5 -266.264
12145.1 -44.9653 12204.4 -281.885
12155.6 -44.9653 12214.9 -274.074
12166.4 -98.3372 12226.3 -275.376
12176.6 -145.2 12237.9 -261.057
12188.6 -111.355 12249.1 -253.246
12199.4 -90.5267 12259.6 -237.625
12209.9 -73.6039 12270.4 -270.169
12221.9 -80.1127 12282.1 -223.306
12231.8 -73.6039 12292.3 -250.643
12242.3 -47.5688 12303.7 -271.471
12253.7 -37.1547 12314.8 -258.453
12265.4 -28.0424 12325 -258.453
12275.9 -41.06 12335.8 -248.039
12286.5 -84.0179 12346.9 -270.169
12299.3 -93.1302 12359.5 -219.401
12310.1 -59.2846 12369.1 -232.418
12320.3 -93.1302 12381.1 -199.874
12331.7 -80.1127 12392.5 -219.401
12343.1 -112.657 12403 -219.401
12352.8 -98.3372 12413.5 -241.53
12364.5 -46.267 12424.6 -225.909
12375.6 -37.1547 12436.3 -240.229
12387 -84.0179 12447.4 -275.376
12396.9 -18.9302 12457.7 -262.358
12408.3 -25.4389 12469.9 -335.257
12419.4 -24.1372 12480.2 -305.316
12429.9 4.50145 12490.7 -258.453
12441.3 -7.21435 12501.8 -262.358
12452.4 -35.853 12513.8 -254.548
12463.2 -15.0249 12524.6 -233.72
12474 -51.474 12535.4 -195.969
12486.3 -24.1372 12546.5 -195.969
12496.2 -28.0424 12557.6 -207.685
12507.4 -2.00733 12569 -199.874
12518.8 11.0102 12579.5 -267.565
12529.6 22.726 12590.4 -290.997
12540.7 56.5717 12601.8 -305.316
12550.9 69.5892 12612.3 -277.98
12562.6 68.2875 12624.3 -274.074
12573.7 109.944 12633.9 -264.962
12584.2 116.452 12646.2 -236.323
12594.7 89.1156 12657.6 -216.797
12605.8 98.2279 12667.8 -185.555
12617.5 104.737 12678.9 -205.081
12628.1 135.979 12689.7 -189.46
12638.6 151.6 12701.7 -206.383
12649.7 113.849 12711.7 -222.004
12662 142.488 12722.5 -207.685
12672.5 176.333 12734.5 -315.73
12683 193.256 12745.3 -266.264
12693.5 207.575 12756.7 -266.264
12704.9 232.309 12766.3 -300.109
12716.3 229.705 12779.2 -267.565
12726.9 223.196 12789.7 -205.081
12738.6 260.947 12800.5 -215.495
12750 260.947 12810.8 -182.951
12760.5 224.498 12822.5 -167.33
12771.3 240.119 12833.6 -197.271
12782.7 245.326 12843.8 -206.383
12793.2 272.663 12856.1 -225.909
12805.2 311.716 12867.2 -272.773
12815.8 320.828 12876.9 -254.548
12826.3 353.372 12889.4 -258.453
12837.1 353.372 12900.3 -266.264
12849.7 424.969 12911.4 -201.176
12859.3 453.607 12922.2 -133.485
12869.8 444.495 12933.9 -82.7162
12880.7 428.874 12945.3 -80.1127
12892.4 448.4 12955.8 -90.5267
12903.8 452.305 12966.4 -91.8285
12913.4 431.477 12976.9 -93.1302
12925.7 478.341 12988 -134.786
12936.8 454.909 12999.4 -147.804
12947.3 473.134 13010.8 -184.253
12958.4 470.53 13021 -185.555
12969.9 526.505 13032.7 -153.011
12980.4 546.032 13043 -107.45
12991.2 542.127 13054.4 -73.6039
13001.4 548.635 13065.5 -44.9653
13013.7 569.463 13077.2 31.8383
13024 590.291 13088 52.6664
13035.1 615.025 13098.5 43.5541
13046.5 596.8 13110 -8.5161
13058.2 596.8 13120.8 0.596186
13067.6 596.8 13131.6 -0.70557
13079.5 643.664 13143.6 -18.9302
13090.7 624.137 13153.8 -29.3442
13100.9 622.835 13165.5 -3.30908
13112.3 671 13175.8 37.0453
13123.7 691.828 13187.2 63.0805
13134.8 708.751 13198 125.565
13145.4 687.923 13209.7 145.091
13156.8 686.621 13219.1 160.712
13166.7 734.786 13232 172.428
13178.7 724.372 13242.2 210.179
13189.2 762.123 13254.2 190.653
13200.4 750.407 13264.7 244.025
13211.5 806.383 13275.6 202.368
13222.9 842.832 13286.7 193.256
13234 832.418 13298.4 227.102
13244.8 859.755 13308.6 221.895
13254.5 881.885 13319.1 257.042
13266.5 868.867 13331.7 289.586
13276.7 845.436 13341.7 374.2
13289 861.057 13354 385.916
13299 881.885 13364.5 426.27
13309.8 876.678 13376.2 413.253
13321.8 884.488 13386.5 396.33
13332.3 901.411 13397.9 436.684
13342.9 958.688 13409 469.228
13354.6 963.895 13420.1 484.849
13365.4 982.12 13430.9 474.435
13376.2 984.724 13442.6 518.695
13387.3 982.12 13453.2 540.825
13398.5 1010.76 13464.6 604.611
13409 1038.1 13476.6 663.19
13420.7 1042 13487.4 706.148
13430.1 1069.34 13496.5 745.2
13442.3 984.724 13497.1 780.348
13453.5 904.015 13486.3 801.176
13463.7 915.73 13475.1 853.246
