8011.23 -285.79 8024.1 -302.713
8006.26 -258.453 8035.22 -310.523
8000.7 -290.997 8046.33 -281.885
8005.67 -288.394 8057.44 -259.755
8015.62 -315.73 8067.97 -277.98
8025.85 -300.109 8078.5 -306.618
8036.97 -293.601 8089.32 -304.015
8047.5 -290.997 8101.6 -341.766
8059.49 -277.98 8111.83 -330.05
8069.73 -267.565 8123.53 -310.523
8081.71 -277.98 8133.77 -324.843
8093.12 -270.169 8144.88 -318.334
8103.94 -225.909 8157.16 -327.446
8114.76 -300.109 8167.98 -317.032
8125.29 -284.488 8178.5 -275.376
8136.98 -283.187 8188.74 -311.825
8147.8 -300.109 8200.72 -288.394
8158.04 -277.98 8212.42 -313.127
8168.27 -315.73 8222.94 -320.937
8180.26 -297.506 8233.17 -275.376
8191.95 -287.092 8245.45 -331.352
8203.35 -271.471 8256.27 -322.239
8214.17 -285.79 8266.5 -343.067
8224.11 -283.187 8277.9 -296.204
8235.51 -276.678 8288.72 -318.334
8247.2 -264.962 8299.53 -296.204
8258.02 -289.695 8310.05 -310.523
8268.25 -293.601 8323.21 -306.618
8279.07 -271.471 8331.98 -335.257
8291.05 -292.299 8343.96 -301.411
8301.87 -292.299 8355.65 -309.222
8312.68 -298.808 8365 -296.204
8324.08 -264.962 8377.57 -311.825
8334.61 -267.565 8387.51 -326.144
8346.01 -284.488 8399.2 -320.937
8357.11 -293.601 8410.6 -305.316
8368.22 -254.548 8421.99 -309.222
8379.03 -264.962 8432.22 -343.067
8389.55 -242.832 8443.32 -327.446
8401.24 -255.85 8453.84 -310.523
8412.64 -313.127 8465.53 -320.937
8423.45 -297.506 8475.47 -304.015
8433.39 -283.187 8486.57 -292.299
8445.66 -287.092 8497.67 -313.127
8457.06 -284.488 8509.07 -283.187
8468.45 -287.092 8520.17 -327.446
8478.68 -279.281 8530.98 -326.144
8490.37 -289.695 8542.09 -311.825
8500.6 -251.944 8552.89 -320.937
8511.7 -267.565 8564.58 -294.902
8522.22 -263.66 8576.27 -314.429
8533.91 -228.513 8586.2 -322.239
8544.72 -283.187 8597.01 -328.748
8554.36 -297.506 8608.4 -272.773
8567.5 -296.204 8619.5 -309.222
8576.85 -298.808 8630.6 -288.394
8588.25 -310.523 8641.7 -324.843
8599.93 -280.583 8652.51 -320.937
8611.03 -309.222 8663.32 -330.05
8621.26 -279.281 8675.59 -307.92
8633.53 -274.074 8686.1 -319.636
8644.04 -262.358 8696.91 -292.299
8654.27 -266.264 8707.72 -322.239
8666.53 -266.264 8718.24 -306.618
8676.76 -267.565 8730.21 -266.264
8687.56 -249.341 8740.43 -305.316
8698.96 -241.53 8751.82 -350.878
8709.18 -275.376 8762.92 -328.748
8720.86 -259.755 8774.02 -310.523
8731.96 -297.506 8785.11 -306.618
8743.94 -290.997 8795.63 -313.127
8754.16 -280.583 8806.73 -290.997
8765.25 -313.127 8818.11 -279.281
8776.06 -248.039 8829.5 -287.092
8787.45 -302.713 8840.6 -298.808
8798.84 -274.074 8850.53 -298.808
8808.18 -293.601 8861.62 -333.955
8820.16 -270.169 8873.01 -310.523
8831.55 -302.713 8884.11 -302.713
8841.18 -310.523 8894.91 -305.316
8853.45 -284.488 8906.01 -302.713
8864.84 -292.299 8917.39 -287.092
8874.76 -297.506 8928.2 -318.334
8887.03 -285.79 8939.29 -317.032
8897.25 -263.66 8950.1 -288.394
8908.34 -293.601 8961.77 -300.109
8919.44 -262.358 8972.58 -307.92
8930.53 -290.997 8983.38 -304.015
8940.46 -251.944 8995.06 -302.713
8951.85 -271.471 9005.57 -289.695
8963.53 -276.678 9016.66 -300.109
8973.74 -293.601 9026.58 -343.067
8985.42 -313.127 9037.68 -302.713
8997.1 -294.902 9049.35 -333.955
9007.61 -318.334 9061.03 -311.825
9018.12 -277.98 9070.67 -296.204
9028.92 -274.074 9084.09 -284.488
9040.6 -262.358 9093.73 -317.032
9050.52 -275.376 9103.65 -280.583
9062.2 -268.867 9115.33 -310.523
9073.29 -275.376 9126.42 -324.843
9083.8 -275.376 9138.09 -276.678
9095.48 -224.608 9149.48 -285.79
9106.28 -284.488 9160.28 -267.565
9117.95 -293.601 9171.08 -266.264
9127.88 -248.039 9182.46 -274.074
9139.84 -328.748 9192.96 -340.464
9149.48 -292.299 9204.64 -323.541
9161.15 -279.281 9214.27 -327.446
9172.53 -264.962 9225.65 -324.843
9183.04 -262.358 9237.04 -320.937
9194.13 -259.755 9248.71 -324.843
9205.51 -281.885 9258.92 -292.299
9216.61 -289.695 9269.43 -300.109
9227.4 -284.488 9281.69 -262.358
9238.5 -280.583 9292.19 -296.204
9250.46 -244.134 9302.41 -309.222
9260.38 -287.092 9314.08 -322.239
9272.06 -297.506 9325.17 -284.488
9282.85 -297.506 9336.55 -300.109
9294.82 -293.601 9345.89 -317.032
9304.74 -270.169 9357.85 -313.127
9316.41 -268.867 9368.94 -315.73
9326.05 -268.867 9380.61 -336.559
9338.01 -317.032 9391.7 -324.843
9348.51 -304.015 9402.5 -281.885
9359.89 -298.808 9412.42 -301.411
9371.28 -283.187 9424.38 -293.601
9382.07 -284.488 9435.76 -280.583
9392.58 -289.695 9446.56 -294.902
9403.96 -297.506 9457.06 -292.299
9414.75 -258.453 9468.15 -287.092
9425.26 -281.885 9480.11 -322.239
9436.35 -262.358 9490.32 -315.73
9447.72 -254.548 9501.12 -365.197
9458.52 -294.902 9513.37 -337.86
9469.9 -281.885 9522.71 -326.144
9480.4 -293.601 9534.67 -292.299
9492.07 -304.015 9546.05 -337.86
9503.16 -302.713 9556.84 -302.713
9514.54 -326.144 9567.64 -315.73
9524.75 -280.583 9579.31 -305.316
9536.42 -281.885 9590.4 -251.944
9547.8 -300.109 9600.32 -285.79
9558.3 -275.376 9612.27 -317.032
9569.39 -283.187 9623.65 -317.032
9579.89 -233.72 9634.16 -317.032
9591.56 -285.79 9645.24 -340.464
9601.77 -264.962 9656.33 -322.239
9612.86 -270.169 9667.41 -297.506
9623.65 -285.79 9678.5 -310.523
9635.03 -313.127 9689.58 -306.618
9646.12 -293.601 9699.79 -309.222
9656.91 -309.222 9711.17 -262.358
9668.58 -287.092 9722.55 -300.109
9679.08 -307.92 9733.34 -309.222
9691.04 -297.506 9744.13 -292.299
9700.96 -253.246 9754.64 -293.601
9712.05 -246.737 9766.3 -315.73
9722.84 -249.341 9776.8 -326.144
9734.22 -261.057 9789.35 -326.144
9745.3 -235.022 9798.39 -300.109
9755.8 -289.695 9810.35 -309.222
9767.18 -323.541 9821.43 -302.713
9778.85 -320.937 9833.68 -311.825
9788.76 -298.808 9844.48 -305.316
9799.85 -296.204 9854.68 -307.92
9810.93 -280.583 9865.48 -288.394
9822.6 -309.222 9876.27 -290.997
9833.39 -267.565 9889.11 -331.352
9843.6 -246.737 9898.15 -319.636
9854.98 -225.909 9909.52 -318.334
9865.19 -276.678 9920.31 -343.067
9877.44 -262.358 9930.81 -322.239
9887.64 -283.187 9943.07 -323.541
9899.6 -302.713 9953.86 -314.429
9910.11 -249.341 9965.52 -293.601
9921.77 -293.601 9976.31 -304.015
9931.98 -294.902 9987.4 -300.109
9943.36 -271.471 9997.61 -301.411
9954.15 -293.601 10009.3 -315.73
9965.81 -283.187 10020.1 -311.825
9976.61 -268.867 10032 -341.766
9986.52 -250.643 10041.6 -346.973
9997.9 -272.773 10052.7 -317.032
10009.6 -262.358 10064.7 -323.541
10019.8 -263.66 10074.6 -290.997
10031.4 -258.453 10086.9 -304.015
10043.1 -271.471 10096.5 -324.843
10053.6 -245.436 10108.1 -313.127
10064.4 -272.773 10119.2 -274.074
10074.9 -262.358 10131.2 -318.334
10085.4 -304.015 10142 -293.601
10096.8 -270.169 10151.6 -293.601
10107.8 -258.453 10163.9 -304.015
10120.1 -277.98 10174.4 -311.825
10130.3 -231.116 10185.4 -314.429
10140.8 -250.643 10196.2 -320.937
10152.8 -241.53 10206.7 -305.316
10163.3 -266.264 10218.7 -319.636
10173.8 -254.548 10229.5 -292.299
10185.7 -270.169 10240.6 -350.878
10196.5 -298.808 10251 -271.471
10206.7 -302.713 10263.3 -305.316
10218.7 -241.53 10273.8 -306.618
10229.5 -254.548 10284.9 -297.506
10240.8 -272.773 10296.5 -327.446
10251.3 -281.885 10306.8 -323.541
10261.8 -272.773 10317.3 -345.671
10273.2 -236.323 10328.6 -307.92
10284.6 -276.678 10340 -306.618
10295.7 -237.625 10350.8 -302.713
10306.8 -270.169 10362.5 -292.299
10317 -307.92 10373.5 -285.79
10329.5 -262.358 10384.6 -290.997
10339.4 -250.643 10395.1 -313.127
10349.6 -277.98 10406.5 -285.79
10361 -310.523 10416.7 -310.523
10371.8 -266.264 10427.5 -333.955
10383.8 -271.471 10439.2 -326.144
10394.3 -275.376 10449.4 -324.843
10405.6 -251.944 10461.6 -306.618
10417.6 -270.169 10471.8 -300.109
10427.5 -246.737 10482.9 -272.773
10438 -251.944 10494.3 -264.962
10449.9 -280.583 10505.4 -261.057
10460.4 -274.074 10516.7 -293.601
10471.5 -271.471 10526.6 -275.376
10482.3 -271.471 10538.6 -302.713
10493.4 -275.376 10549.4 -311.825
10504.5 -283.187 10559.9 -288.394
10515.6 -304.015 10572.2 -263.66
10526.1 -263.66 10582.6 -318.334
10537.7 -284.488 10593.4 -315.73
10548 -250.643 10603.9 -274.074
10559.9 -266.264 10615.6 -292.299
10570.1 -237.625 10626.7 -301.411
10581.5 -257.151 10636.9 -267.565
10592 -249.341 10648.9 -305.316
10603.9 -283.187 10659.6 -296.204
10614.7 -238.927 10671.9 -310.523
10625.8 -290.997 10680.9 -279.281
10637.2 -284.488 10693.5 -311.825
10648.6 -251.944 10703.7 -298.808
10658.2 -279.281 10714.5 -306.618
10670.1 -268.867 10726.1 -306.618
10680.4 -262.358 10736.1 -327.446
10691.7 -253.246 10748.6 -304.015
10702.5 -235.022 10758.8 -322.239
10713.9 -236.323 10770.2 -284.488
10723.8 -222.004 10780.7 -306.618
10735.8 -229.815 10791.8 -290.997
10746.3 -270.169 10802.3 -311.825
10757.6 -246.737 10814.5 -293.601
10769.9 -255.85 10824.7 -323.541
10779.5 -258.453 10837 -290.997
10790.9 -276.678 10846 -335.257
10800.8 -242.832 10858.6 -309.222
10812.2 -249.341 10869.4 -289.695
10823.3 -225.909 10880.1 -268.867
10834.4 -232.418 10891.8 -313.127
10846 -228.513 10901.5 -315.73
10857.1 -244.134 10914 -289.695
10867.6 -257.151 10923.6 -271.471
10878.1 -255.85 10934.7 -304.015
10889.5 -246.737 10946.4 -301.411
10900.6 -233.72 10956.9 -310.523
10912.5 -236.323 10968.8 -289.695
10922.7 -244.134 10979.3 -305.316
10934.1 -245.436 10990.7 -301.411
10945.5 -225.909 11001.2 -301.411
10956.3 -257.151 11012.9 -318.334
10966.8 -283.187 11023.4 -313.127
10977.6 -280.583 11035.3 -279.281
10988.4 -276.678 11046.1 -301.411
10999.8 -280.583 11056.3 -296.204
11010.5 -264.962 11068 -292.299
11021.9 -300.109 11079.1 -323.541
11033 -235.022 11089.6 -306.618
11044.4 -253.246 11101 -326.144
11054.6 -249.341 11111.2 -323.541
11065.7 -250.643 11122.9 -302.713
11076.5 -235.022 11133.4 -306.618
11087.6 -244.134 11145.6 -348.274
11098.9 -236.323 11155.5 -307.92
11109.4 -254.548 11166.9 -306.618
11121.4 -279.281 11178.9 -318.334
11131.6 -240.229 11188.5 -298.808
11142.7 -264.962 11200.2 -276.678
11153.8 -258.453 11211 -320.937
11165.7 -245.436 11222.3 -314.429
11175.4 -257.151 11232.5 -322.239
11187 -262.358 11244.8 -300.109
11197.8 -258.453 11255 -309.222
11209.2 -248.039 11265.8 -327.446
11219.4 -241.53 11278.7 -327.446
11231.7 -255.85 11288.3 -290.997
11241.9 -262.358 11299.7 -339.162
11252.7 -294.902 11310.8 -313.127
11265.2 -261.057 11321.5 -326.144
11274.6 -258.453 11332.1 -319.636
11285.6 -298.808 11343.1 -285.79
11296.7 -257.151 11354.5 -311.825
11308.1 -280.583 11365.3 -304.015
11318 -255.85 11376.4 -280.583
11330.3 -249.341 11387.8 -313.127
11341.4 -238.927 11399.2 -300.109
11351.6 -244.134 11409.1 -317.032
11363 -263.66 11421.3 -313.127
11374.4 -274.074 11431.5 -297.506
11384.9 -257.151 11442.9 -315.73
11396.5 -237.625 11453.2 -313.127
11407 -237.625 11465.1 -287.092
11418.1 -277.98 11476.2 -297.506
11428.1 -264.962 11486.4 -304.015
11440.3 -279.281 11498.1 -292.299
11450.5 -254.548 11509.2 -289.695
11462.2 -229.815 11520.6 -285.79
11472.4 -222.004 11531.4 -298.808
11483.8 -225.909 11541.9 -277.98
11495.5 -224.608 11552.7 -322.239
11506.3 -238.927 11563.5 -311.825
11517.1 -240.229 11575.4 -292.299
11528.7 -229.815 11587.1 -327.446
11538.4 -253.246 11597.6 -306.618
11550 -242.832 11607.2 -337.86
11561.1 -235.022 11620.1 -307.92
11571.6 -245.436 11630.6 -289.695
11583.3 -241.53 11641.4 -285.79
11594.4 -248.039 11652.5 -302.713
11604.9 -179.046 11663.3 -267.565
11614.8 -197.271 11674.7 -285.79
11627.4 -224.608 11685.5 -297.506
11639.1 -225.909 11697.4 -297.506
11649.3 -208.986 11707.7 -352.18
11660.1 -194.667 11719 -315.73
11671.8 -205.081 11729.5 -349.576
11682 -235.022 11740.6 -296.204
11693.4 -219.401 11752 -335.257
11703.9 -231.116 11762.8 -310.523
11715.8 -224.608 11773.9 -294.902
11725.2 -223.306 11785.6 -272.773
11736.9 -208.986 11795.8 -280.583
11748.5 -210.288 11807.5 -267.565
11758.7 -216.797 11818 -285.79
11769.3 -218.099 11828.8 -302.713
11781.5 -176.443 11839.3 -280.583
11792.9 -171.236 11851.6 -327.446
11802.8 -202.478 11862.4 -300.109
11814.5 -186.857 11873.8 -353.481
11825 -171.236 11884 -326.144
11836.1 -153.011 11895.4 -298.808
11846.3 -192.064 11906.2 -289.695
11857.4 -171.236 11916.7 -280.583
11868.8 -182.951 11928.4 -257.151
11880.2 -201.176 11940 -261.057
11891.6 -143.899 11950.6 -272.773
11902.4 -181.65 11961.1 -279.281
11913.5 -124.372 11972.8 -297.506
11924.6 -130.881 11983 -313.127
11934.8 -130.881 11994.9 -287.092
11947.1 -145.2 12005.8 -304.015
11957.6 -162.123 12016.6 -310.523
11969 -153.011 12027.4 -292.299
11979.2 -159.52 12038.2 -277.98
11990.6 -155.615 12050.7 -276.678
12000.5 -175.141 12061 -288.394
12012.2 -166.029 12072.1 -263.66
12023.9 -155.615 12082.9 -261.057
12034.4 -155.615 12093.7 -249.341
12045.2 -141.295 12105.3 -276.678
12056.3 -150.407 12115.6 -290.997
12066.8 -113.958 12127 -268.867
12077.9 -104.846 12138.3 -268.867
12088.7 -98.3372 12148.3 -304.015
12100.1 -117.864 12160.3 -293.601
12110.6 -89.225 12171.1 -267.565
12122.6 -163.425 12182.2 -264.962
12132.5 -142.597 12193.8 -254.548
12144.5 -117.864 12204.4 -254.548
12155.3 -113.958 12215.5 -225.909
12165.8 -91.8285 12226 -250.643
12177.2 -91.8285 12237.4 -237.625
12188.6 -128.278 12249.6 -254.548
12199.4 -87.9232 12259 -251.944
12209.6 -63.1898 12270.7 -280.583
12221.9 -51.474 12281.8 -238.927
12231.8 -65.7934 12292.3 -244.134
12243.2 -72.3021 12304.6 -309.222
12254.3 -59.2846 12314.2 -262.358
12263.9 -78.8109 12325 -246.737
12276.5 -93.1302 12336.4 -215.495
12287 -116.562 12347.5 -246.737
12298.7 -117.864 12358.6 -240.229
12308.6 -116.562 12370.6 -240.229
12320.6 -84.0179 12381.7 -249.341
12331.4 -68.3969 12391.3 -223.306
12342 -81.4144 12403 -257.151
12352.8 -72.3021 12413.8 -275.376
12364.2 -29.3442 12424.4 -283.187
12374.7 -28.0424 12435.8 -324.843
12385.5 -28.0424 12446.9 -293.601
12396.9 -68.3969 12459.1 -277.98
12408.6 -78.8109 12469.6 -289.695
12420.6 -95.7337 12480.2 -281.885
12430.8 -86.6215 12491.3 -302.713
12441.6 -80.1127 12502.7 -288.394
12452.7 -82.7162 12513.2 -262.358
12463.8 -84.0179 12524.3 -275.376
12473.7 -46.267 12535.1 -251.944
12484.9 -51.474 12546.5 -270.169
12497.1 -26.7407 12557.3 -285.79
12507.4 -3.30908 12568.7 -246.737
12517.9 20.1225 12580.1 -288.394
12528.7 26.6313 12589.5 -331.352
12540.1 61.7787 12602.3 -271.471
12551.5 11.0102 12613.1 -304.015
12563.2 30.5366 12623.1 -322.239
12573.4 61.7787 12634.2 -314.429
12583.9 27.9331 12645.6 -336.559
12595.9 20.1225 12656.7 -324.843
12606.4 74.7963 12667.8 -297.506
12617.8 63.0805 12679.5 -318.334
12628.3 90.4173 12690 -290.997
12639.2 78.7015 12700.5 -330.05
12650 103.435 12712.5 -327.446
12661.1 122.961 12723.4 -324.843
12672.2 159.41 12735 -327.446
12683 135.979 12744.4 -292.299
12694.7 139.884 12756.1 -292.299
12705.5 150.298 12768.1 -293.601
12716.3 176.333 12778.3 -289.695
12726.6 219.291 12789.1 -267.565
12738 182.842 12800 -246.737
12749.4 191.954 12811.9 -202.478
12759.3 244.025 12822.5 -211.59
12770.4 233.61 12832.7 -225.909
12782.4 263.551 12845.3 -237.625
12792.6 293.491 12855.8 -249.341
12804.3 280.474 12867.2 -219.401
12816 311.716 12878.6 -212.892
12826.6 331.242 12888.9 -240.229
12837.1 359.881 12899.7 -201.176
12848.5 366.39 12911.4 -207.685
12859 374.2 12921.3 -208.986
12870.7 375.502 12933 -185.555
12881.3 368.993 12944.4 -142.597
12891.8 366.39 12955.2 -167.33
12903.5 383.312 12966.4 -124.372
12913.4 371.597 12976.6 -138.692
12925.7 411.951 12988.3 -147.804
12936.5 400.235 12998.8 -175.141
12947.3 398.933 13010.8 -117.864
12957.9 492.66 13021.6 -150.407
12969.3 456.211 13031.6 -150.407
12980.7 508.281 13043.6 -111.355
12991.8 491.358 13054.7 -102.243
13001.4 530.411 13065.5 -90.5267
13013.4 540.825 13076.9 -76.2074
13024.8 556.446 13087.7 -24.1372
13035.4 569.463 13099.1 3.1997
13046.5 578.576 13109.7 0.596186
13057.6 575.972 13120.8 42.2524
13068.1 564.256 13131.9 43.5541
13078.7 595.499 13143 20.1225
13089.8 620.232 13153.5 39.6489
13101.2 556.446 13164.7 55.2699
13112.9 603.309 13177.3 56.5717
13123.7 613.723 13187.2 74.7963
13134 664.492 13198.6 90.4173
13146.2 657.983 13209.4 141.186
13155.3 682.716 13220.8 163.316
13167.9 738.692 13230.5 162.014
13178.4 751.709 13242.2 182.842
13189.5 737.39 13253.3 225.8
13199.8 728.278 13264.1 220.593
13211.8 726.976 13274.7 240.119
13222 728.278 13286.7 242.723
13232.8 745.2 13297.8 246.628
13244.2 767.33 13308.3 276.568
13255.4 780.348 13320.3 277.87
13267.4 829.815 13331.1 333.846
13277 820.702 13342 305.207
13287 836.323 13353.4 392.425
13299.8 876.678 13364.8 392.425
13310.4 883.187 13376.2 478.341
13320.6 892.299 13386.2 491.358
13332.6 917.032 13397.9 493.962
13343.7 898.808 13409 531.712
13353.7 937.86 13420.4 562.955
13364.8 917.032 13430.9 568.162
13376.2 993.836 13442.1 565.558
13387.3 1023.78 13453.5 586.386
13397.9 1049.81 13466.1 621.534
13409 1077.15 13476.9 657.983
13420.4 1070.64 13487.7 703.544
13431.2 1112.3 13496.2 726.976
13442.1 1060.23 13498.5 771.236
13453.5 961.292 13486 815.495
13463.7 880.583 13475.1 844.134
