8010.35 -341.766 8023.81 -305.316
8005.67 -313.127 8036.09 -318.334
8001.87 -365.197 8046.62 -320.937
8005.67 -322.239 8058.32 -315.73
8015.62 -345.671 8068.26 -335.257
8026.15 -332.653 8078.21 -332.653
8037.26 -346.973 8089.9 -353.481
8047.79 -352.18 8101.6 -337.86
8059.2 -344.369 8112.71 -335.257
8070.31 -314.429 8123.24 -331.352
8081.71 -353.481 8135.23 -326.144
8093.12 -348.274 8145.46 -348.274
8104.23 -363.895 8157.16 -341.766
8114.47 -373.008 8166.81 -339.162
8125.58 -319.636 8178.5 -352.18
8136.98 -333.955 8189.03 -326.144
8147.51 -332.653 8200.14 -332.653
8159.2 -343.067 8212.42 -326.144
8169.15 -304.015 8223.23 -344.369
8181.13 -363.895 8233.47 -340.464
8190.78 -331.352 8244.57 -332.653
8202.18 -367.801 8256.56 -362.594
8214.46 -333.955 8267.08 -350.878
8224.7 -362.594 8278.49 -310.523
8236.1 -346.973 8288.72 -297.506
8246.04 -320.937 8300.12 -336.559
8258.02 -332.653 8310.93 -340.464
8267.96 -343.067 8320.87 -357.387
8280.24 -357.387 8332.27 -365.197
8290.47 -339.162 8344.25 -331.352
8301.87 -337.86 8355.07 -346.973
8313.56 -352.18 8366.46 -337.86
8324.38 -336.559 8377.28 -363.895
8335.19 -349.576 8388.38 -317.032
8345.42 -363.895 8399.2 -348.274
8357.11 -340.464 8409.72 -326.144
8367.63 -336.559 8421.7 -323.541
8379.62 -323.541 8432.22 -335.257
8390.43 -317.032 8443.03 -335.257
8401.24 -340.464 8454.72 -367.801
8412.06 -330.05 8465.24 -356.085
8424.33 -346.973 8476.34 -322.239
8434.56 -293.601 8487.16 -339.162
8445.08 -332.653 8499.14 -328.748
8456.18 -333.955 8509.94 -337.86
8467.58 -348.274 8519 -314.429
8478.39 -380.818 8531.28 -353.481
8488.62 -344.369 8542.38 -345.671
8501.47 -330.05 8553.77 -341.766
8511.11 -336.559 8564.29 -356.085
8522.51 -328.748 8575.1 -352.18
8533.91 -309.222 8585.91 -337.86
8545.01 -345.671 8597.89 -337.86
8555.82 -309.222 8608.11 -367.801
8566.63 -323.541 8618.63 -327.446
8578.02 -339.162 8630.31 -336.559
8588.54 -362.594 8642 -314.429
8599.06 -345.671 8652.51 -357.387
8611.62 -365.197 8663.9 -330.05
8621.84 -363.895 8674.71 -350.878
8632.36 -324.843 8685.81 -356.085
8643.16 -375.611 8696.33 -346.973
8654.27 -335.257 8708.01 -352.18
8666.24 -354.783 8717.94 -336.559
8676.76 -345.671 8729.62 -339.162
8688.15 -352.18 8740.14 -331.352
8698.66 -333.955 8751.53 -323.541
8710.35 -310.523 8762.63 -335.257
8720.86 -344.369 8774.02 -330.05
8731.38 -335.257 8785.11 -331.352
8742.77 -332.653 8795.63 -337.86
8754.74 -343.067 8806.43 -332.653
8765.25 -318.334 8817.82 -345.671
8775.77 -346.973 8829.21 -326.144
8787.45 -337.86 8839.14 -353.481
8797.38 -365.197 8851.11 -327.446
8809.65 -320.937 8861.33 -322.239
8820.45 -346.973 8873.6 -319.636
8830.38 -348.274 8884.11 -361.292
8842.06 -349.576 8894.62 -336.559
8852.57 -371.706 8906.01 -328.748
8864.25 -359.99 8917.98 -335.257
8874.18 -332.653 8928.78 -358.688
8886.44 -352.18 8939.29 -346.973
8896.95 -370.404 8949.8 -327.446
8908.05 -350.878 8960.6 -330.05
8919.44 -363.895 8972.28 -376.913
8929.66 -319.636 8982.79 -358.688
8940.75 -328.748 8993.89 -331.352
8952.72 -343.067 9004.98 -350.878
8962.94 -327.446 9016.37 -332.653
8974.33 -356.085 9027.17 -344.369
8986.01 -327.446 9038.26 -354.783
8995.64 -337.86 9049.65 -358.688
9007.32 -317.032 9061.32 -356.085
9017.53 -346.973 9071.83 -336.559
9030.38 -363.895 9083.51 -335.257
9040.89 -350.878 9093.14 -330.05
9050.81 -322.239 9104.53 -352.18
9062.78 -318.334 9116.2 -352.18
9072.71 -369.102 9125.83 -341.766
9084.68 -319.636 9137.51 -324.843
9095.77 -318.334 9148.6 -326.144
9106.86 -356.085 9160.57 -335.257
9117.66 -330.05 9169.91 -331.352
9129.05 -324.843 9182.46 -333.955
9139.55 -350.878 9192.67 -331.352
9150.35 -352.18 9203.76 -336.559
9161.44 -309.222 9214.27 -341.766
9172.53 -328.748 9225.36 -327.446
9183.04 -350.878 9237.04 -328.748
9194.72 -354.783 9248.13 -336.559
9205.23 -335.257 9258.34 -318.334
9216.61 -339.162 9270.01 -335.257
9228.28 -340.464 9281.98 -340.464
9238.5 -336.559 9291.9 -361.292
9250.17 -344.369 9303.28 -337.86
9260.09 -348.274 9314.37 -349.576
9271.47 -357.387 9326.05 -370.404
9283.44 -352.18 9335.97 -365.197
9293.65 -349.576 9345.6 -349.576
9304.74 -345.671 9358.14 -327.446
9315.54 -349.576 9369.52 -343.067
9326.63 -331.352 9380.61 -315.73
9337.72 -328.748 9391.41 -326.144
9349.68 -331.352 9402.21 -326.144
9360.19 -320.937 9413 -358.688
9370.98 -366.499 9423.51 -333.955
9382.36 -339.162 9436.06 -344.369
9392.58 -330.05 9446.56 -339.162
9403.37 -339.162 9458.52 -362.594
9415.34 -336.559 9468.15 -348.274
9426.13 -332.653 9479.53 -365.197
9436.93 -341.766 9490.32 -367.801
9447.43 -357.387 9502 -309.222
9458.81 -340.464 9513.66 -327.446
9469.61 -343.067 9523.29 -345.671
9480.99 -285.79 9534.96 -343.067
9491.78 -336.559 9545.76 -353.481
9502.87 -319.636 9557.14 -369.102
9513.96 -314.429 9567.35 -343.067
9525.04 -322.239 9579.31 -341.766
9536.13 -332.653 9590.1 -354.783
9546.63 -311.825 9600.32 -365.197
9558.01 -327.446 9612.27 -391.232
9568.81 -319.636 9622.78 -336.559
9579.89 -327.446 9634.16 -344.369
9591.56 -340.464 9645.53 -346.973
9600.9 -348.274 9656.03 -337.86
9612.86 -319.636 9667.41 -317.032
9623.65 -319.636 9677.33 -359.99
9635.03 -306.618 9689.29 -327.446
9645.83 -301.411 9700.38 -345.671
9657.2 -324.843 9711.17 -344.369
9668 -358.688 9721.96 -343.067
9678.5 -302.713 9733.92 -356.085
9689.58 -285.79 9744.13 -340.464
9701.54 -328.748 9754.93 -319.636
9712.34 -352.18 9766.3 -331.352
9723.42 -343.067 9776.8 -320.937
9734.22 -337.86 9788.47 -332.653
9745.88 -348.274 9799.26 -333.955
9756.68 -327.446 9810.93 -339.162
9766.6 -322.239 9822.02 -362.594
9778.26 -324.843 9832.52 -331.352
9789.35 -337.86 9843.6 -341.766
9799.85 -314.429 9854.39 -380.818
9811.81 -313.127 9865.19 -352.18
9822.6 -305.316 9877.15 -366.499
9833.1 -345.671 9887.94 -376.913
9844.48 -268.867 9898.15 -363.895
9855.27 -362.594 9910.11 -339.162
9865.19 -346.973 9919.73 -345.671
9876.56 -327.446 9931.98 -352.18
9888.52 -336.559 9943.07 -353.481
9899.02 -296.204 9952.98 -336.559
9910.4 -328.748 9964.65 -339.162
9920.9 -301.411 9975.15 -326.144
9932.27 -305.316 9987.4 -345.671
9943.36 -330.05 9997.9 -365.197
9953.86 -301.411 10008.4 -327.446
9965.52 -320.937 10020.4 -388.629
9975.15 -310.523 10031.4 -378.215
9987.69 -340.464 10041.9 -376.913
9997.9 -345.671 10053.6 -386.025
10009.3 -337.86 10064.4 -331.352
10020.4 -335.257 10074.6 -330.05
10031.1 -359.99 10086 -341.766
10042.8 -333.955 10097.1 -345.671
10053.9 -296.204 10107.6 -373.008
10064.7 -302.713 10119.5 -337.86
10076.1 -301.411 10130.6 -333.955
10086.9 -322.239 10142 -336.559
10097.1 -324.843 10152.5 -339.162
10108.4 -327.446 10163 -371.706
10118.9 -297.506 10173.5 -366.499
10130.6 -311.825 10186 -352.18
10141.4 -322.239 10195.9 -362.594
10152.2 -335.257 10207.6 -333.955
10163.6 -293.601 10218.4 -336.559
10174 -330.05 10229.8 -358.688
10185.1 -309.222 10241.7 -340.464
10196.2 -327.446 10251 -357.387
10207.3 -297.506 10263.3 -350.878
10218.7 -319.636 10272.9 -343.067
10229.8 -337.86 10284 -391.232
10240.8 -323.541 10295.7 -367.801
10251.6 -331.352 10306.8 -358.688
10261.8 -320.937 10318.1 -341.766
10272.9 -354.783 10328.9 -365.197
10284.9 -352.18 10338.8 -324.843
10295.1 -337.86 10350.2 -388.629
10306.2 -313.127 10362.2 -344.369
10317.3 -309.222 10373 -324.843
10329.2 -320.937 10383.8 -337.86
10339.7 -328.748 10394.8 -361.292
10350.2 -314.429 10406.2 -336.559
10362.2 -311.825 10416.7 -320.937
10371.5 -314.429 10427.8 -346.973
10384.6 -300.109 10438.9 -366.499
10394 -330.05 10450.2 -369.102
10405.6 -354.783 10461.6 -357.387
10415.5 -348.274 10472.1 -375.611
10426.6 -322.239 10482.9 -337.86
10438.9 -366.499 10494 -327.446
10449.1 -348.274 10504.5 -349.576
10461.6 -359.99 10516.2 -363.895
10472.1 -365.197 10527.2 -332.653
10482.3 -326.144 10538.9 -346.973
10494.3 -331.352 10549.4 -322.239
10504.8 -328.748 10560.2 -358.688
10515.3 -309.222 10571.9 -305.316
10525.8 -294.902 10582.6 -380.818
10537.7 -292.299 10593.7 -362.594
10549.1 -319.636 10604.2 -327.446
10559.9 -345.671 10615.3 -332.653
10571.3 -313.127 10626.1 -375.611
10581.8 -298.808 10638.4 -350.878
10591.7 -320.937 10648.9 -343.067
10603.6 -353.481 10660.2 -340.464
10614.4 -324.843 10671.6 -345.671
10626.1 -328.748 10681.2 -349.576
10637.5 -335.257 10692.6 -333.955
10648.3 -305.316 10704 -348.274
10658.8 -331.352 10715.1 -317.032
10669.6 -305.316 10725.9 -344.369
10680.4 -311.825 10736.9 -322.239
10692 -320.937 10747.7 -330.05
10702.2 -350.878 10757.9 -358.688
10713.3 -346.973 10770.5 -328.748
10725.6 -309.222 10780.4 -392.534
10736.4 -317.032 10791.8 -354.783
10746.6 -326.144 10803.4 -362.594
10757.6 -327.446 10813.1 -353.481
10769 -352.18 10825.9 -378.215
10780.1 -320.937 10835.8 -345.671
10790.9 -310.523 10847.2 -365.197
10801.7 -328.748 10858.9 -306.618
10812.5 -310.523 10869.4 -346.973
10823.3 -300.109 10880.7 -350.878
10834.6 -304.015 10891.2 -366.499
10846 -320.937 10902 -324.843
10856.8 -345.671 10913.4 -317.032
10867.6 -268.867 10923.9 -353.481
10879.6 -322.239 10935.3 -376.913
10889.5 -339.162 10945.8 -350.878
10900.3 -327.446 10957.7 -356.085
10912.8 -300.109 10968.8 -353.481
10922.4 -290.997 10979 -327.446
10933.5 -323.541 10990.7 -343.067
10945.2 -330.05 11001.8 -307.92
10954.8 -322.239 11012.6 -326.144
10967.1 -297.506 11024 -333.955
10977.3 -309.222 11035.3 -285.79
10989 -293.601 11046.1 -363.895
10999.8 -313.127 11056.9 -353.481
11010.3 -304.015 11067.7 -353.481
11021.6 -310.523 11077.9 -363.895
11033 -304.015 11089.6 -343.067
11043.8 -306.618 11101 -324.843
11054 -319.636 11112.1 -363.895
11066.3 -333.955 11123.2 -317.032
11076.8 -307.92 11134.2 -346.973
11087.6 -279.281 11145.3 -354.783
11099.5 -330.05 11155.5 -336.559
11109.7 -293.601 11167.2 -367.801
11120.8 -284.488 11178 -307.92
11131.3 -314.429 11189.1 -339.162
11143.3 -306.618 11201 -324.843
11153.8 -336.559 11211.3 -354.783
11165.2 -274.074 11222.6 -369.102
11176 -318.334 11232.8 -356.085
11187.3 -288.394 11243.9 -363.895
11197.8 -310.523 11254.7 -339.162
11208.3 -284.488 11266.1 -380.818
11220.3 -296.204 11276.9 -322.239
11230.8 -283.187 11288.9 -344.369
11241 -301.411 11299.4 -310.523
11253 -298.808 11310.5 -306.618
11264.1 -284.488 11321.5 -358.688
11274 -318.334 11332.3 -348.274
11286.2 -302.713 11343.7 -369.102
11296.5 -280.583 11354.5 -359.99
11307.5 -319.636 11366.5 -374.309
11319.5 -268.867 11377 -344.369
11330 -296.204 11387.5 -375.611
11340.2 -310.523 11398.9 -373.008
11351.3 -315.73 11410 -380.818
11363.6 -281.885 11420.5 -343.067
11373.8 -318.334 11432.4 -339.162
11384.6 -305.316 11443.2 -389.931
11395.9 -292.299 11454 -354.783
11407.6 -248.039 11465.7 -345.671
11418.7 -275.376 11476.5 -343.067
11429.2 -288.394 11487.3 -369.102
11440 -258.453 11497.8 -386.025
11451.7 -268.867 11509.8 -388.629
11461.9 -301.411 11520.3 -387.327
11473.3 -294.902 11531.4 -380.818
11483.8 -301.411 11542.5 -341.766
11496.6 -307.92 11553.8 -352.18
11506.3 -292.299 11564.6 -310.523
11517.4 -333.955 11575.4 -350.878
11527.6 -296.204 11585.9 -323.541
11539 -280.583 11597.6 -367.801
11550.3 -306.618 11607.5 -362.594
11561.1 -287.092 11619.8 -330.05
11572.5 -261.057 11630.6 -340.464
11583 -263.66 11642 -375.611
11592.9 -276.678 11651.9 -418.569
11604.6 -235.022 11663.3 -395.138
11615.1 -258.453 11674.4 -373.008
11627.7 -287.092 11685.5 -358.688
11637.9 -288.394 11696.9 -348.274
11648.4 -281.885 11707.4 -345.671
11660.1 -289.695 11717.9 -331.352
11670.6 -298.808 11729.8 -343.067
11681.4 -271.471 11740.3 -311.825
11693.4 -274.074 11751.7 -367.801
11704.1 -241.53 11763.4 -352.18
11715.2 -228.513 11773.3 -333.955
11726 -218.099 11785.3 -359.99
11737.4 -262.358 11795.5 -366.499
11747.9 -236.323 11806 -395.138
11759.6 -255.85 11817.7 -365.197
11769.5 -248.039 11829.4 -380.818
11780.9 -224.608 11839.6 -346.973
11791.4 -255.85 11852.2 -387.327
11803.4 -258.453 11861.8 -345.671
11814.5 -267.565 11873.8 -350.878
11825 -232.418 11883.7 -339.162
11835.5 -227.211 11894.2 -344.369
11846.9 -259.755 11905.6 -370.404
11857.7 -229.815 11916.1 -396.439
11868.8 -225.909 11928.4 -384.723
11880.2 -212.892 11938.6 -367.801
11891.3 -229.815 11950.9 -363.895
11902.1 -219.401 11961.7 -386.025
11913.2 -236.323 11972.5 -376.913
11924.6 -211.59 11983 -335.257
11935.7 -277.98 11993.8 -320.937
11946.5 -253.246 12006.3 -337.86
11957.9 -244.134 12016.6 -365.197
11968.7 -206.383 12028 -373.008
11978.9 -228.513 12038.2 -346.973
11990.3 -202.478 12050.7 -370.404
12000.5 -190.762 12061 -358.688
12011.6 -197.271 12071.8 -337.86
12023 -228.513 12083.1 -349.576
12034.1 -188.158 12093.9 -358.688
12045.8 -208.986 12105.1 -341.766
12056.3 -211.59 12115.3 -337.86
12067.4 -238.927 12127 -344.369
12077.3 -257.151 12137.8 -289.695
12089.3 -251.944 12149.2 -327.446
12099.8 -233.72 12160 -315.73
12111.5 -219.401 12170.8 -323.541
12122 -197.271 12182.2 -357.387
12132.8 -212.892 12193.3 -353.481
12144.5 -143.899 12204.4 -333.955
12155.3 -154.313 12215.2 -314.429
12167 -137.39 12226.3 -359.99
12177.5 -103.544 12237.7 -344.369
12188.9 -112.657 12248.5 -331.352
12199.4 -158.218 12259.6 -349.576
12209.6 -167.33 12269.8 -343.067
12221.9 -142.597 12282.1 -349.576
12231.8 -198.572 12292.3 -302.713
12242.9 -186.857 12303.7 -349.576
12253.7 -175.141 12314.2 -328.748
12266.3 -192.064 12325.9 -336.559
12276.2 -125.674 12336.7 -337.86
12287.3 -171.236 12347.5 -328.748
12297.5 -159.52 12359.2 -302.713
12308.9 -129.579 12369.1 -339.162
12320 -155.615 12381.4 -331.352
12331.4 -142.597 12391.3 -363.895
12342.8 -159.52 12403.3 -393.836
12351.9 -133.485 12414.4 -357.387
12364.8 -163.425 12424.6 -361.292
12375.9 -125.674 12435.8 -383.422
12386.7 -108.751 12447.2 -435.492
12397.2 -113.958 12458 -354.783
12408.3 -124.372 12469.1 -333.955
12420 -65.7934 12479.9 -319.636
12430.2 -56.6811 12491.3 -317.032
12441.3 -31.9477 12502.7 -326.144
12452.7 -30.646 12512.9 -344.369
12464.1 -31.9477 12524 -363.895
12473.7 -48.8705 12535.4 -362.594
12485.4 -46.267 12546.2 -344.369
12497.4 -39.7582 12557.9 -344.369
12507.1 -30.646 12567.9 -375.611
12518.2 -60.5863 12579.8 -337.86
12529.9 -80.1127 12590.4 -337.86
12540.1 -59.2846 12601.8 -314.429
12550.6 -61.8881 12612.6 -281.885
12562.3 -22.8354 12623.7 -285.79
12573.7 -38.4565 12634.5 -253.246
12584.5 8.40672 12645 -279.281
12596.2 24.0278 12656.7 -263.66
12606.1 -17.6284 12667.8 -293.601
12618.1 -4.61084 12678.6 -320.937
12628.3 21.4243 12690.3 -404.25
12639.8 -0.70557 12701.4 -379.516
12650 26.6313 12711.7 -346.973
12661.7 8.40672 12722.8 -350.878
12671.9 16.2173 12734.8 -318.334
12683 17.519 12744.7 -313.127
12694.1 29.2348 12756.1 -249.341
12705.5 50.0629 12767.2 -205.081
12716 86.5121 12778.3 -215.495
12727.7 113.849 12789.7 -203.779
12738.6 106.038 12800.3 -229.815
12749.7 120.358 12810.8 -292.299
12761.1 143.789 12822.5 -297.506
12770.7 120.358 12834.2 -352.18
12782.7 139.884 12844.4 -367.801
12793.8 156.807 12855.8 -357.387
12804 178.937 12866.6 -336.559
12814.9 159.41 12877.4 -285.79
12825.7 215.386 12888.9 -237.625
12837.7 240.119 12900.3 -237.625
12848.2 264.853 12911.4 -229.815
12859.3 277.87 12922.2 -182.951
12869.8 307.811 12932.1 -188.158
12881 310.414 12944.1 -210.288
12892.6 340.354 12956.1 -274.074
12903.2 341.656 12966 -267.565
12914.3 346.863 12977.2 -264.962
12925.4 340.354 12988.6 -298.808
12936.2 311.716 12999.1 -296.204
12947.3 341.656 13010.5 -272.773
12958.4 374.2 13020.8 -203.779
12969.3 396.33 13033.6 -207.685
12980.7 367.691 13043 -172.537
12990.9 408.046 13054.1 -129.579
13001.4 451.004 13064.9 -74.9056
13014 424.969 13076.6 -104.846
13024.8 441.891 13088 -121.769
13035.7 471.832 13098.8 -151.709
13046.2 497.867 13110.5 -124.372
13057.3 462.719 13119.9 -139.993
13067.8 490.056 13132.2 -120.467
13079 490.056 13142.7 -107.45
13089.8 514.79 13154.7 -85.3197
13101.8 516.091 13165.5 -25.4389
13112.6 536.92 13176.1 -26.7407
13122.8 578.576 13187.5 40.9506
13135.1 561.653 13198.3 87.8138
13145.1 578.576 13209.1 85.2103
13155.9 612.421 13220.3 103.435
13168.2 637.155 13231.4 72.1928
13177.8 642.362 13241.9 108.642
13189.2 655.379 13254.2 80.0033
13199.8 671 13264.7 43.5541
13210.9 681.414 13276.1 61.7787
13222 673.604 13286.1 89.1156
13233.1 667.095 13298.1 125.565
13244 706.148 13309.2 145.091
13256 697.036 13320.3 201.067
13265.6 682.716 13330.9 250.533
13277.3 677.509 13342.6 270.06
13288.1 691.828 13353.7 283.077
13299.3 717.864 13364.5 309.112
13309.8 751.709 13375 323.432
13321.2 776.443 13386.2 306.509
13332.6 793.365 13397.3 318.225
13342.9 801.176 13409.6 333.846
13353.4 837.625 13419.5 357.277
13365.7 815.495 13431.2 329.94
13376.8 846.737 13442.6 415.856
13387 846.737 13453.2 418.46
13398.8 836.323 13465.5 466.625
13409 831.116 13476.3 495.263
13419.8 845.436 13487.7 540.825
13430.9 866.264 13497.1 624.137
13442.1 756.916 13496.5 659.285
13452.6 680.113 13486.3 637.155
13464.9 719.165 13475.1 677.509
