8010.94 -275.376 8024.1 -290.997
8005.38 -270.169 8035.8 -328.748
8001.87 -281.885 8046.62 -309.222
8006.26 -288.394 8057.44 -309.222
8015.33 -279.281 8067.68 -309.222
8025.56 -267.565 8078.5 -317.032
8036.38 -259.755 8089.61 -318.334
8047.2 -275.376 8101.31 -327.446
8058.61 -287.092 8112.42 -310.523
8070.31 -277.98 8123.82 -315.73
8081.42 -283.187 8134.64 -292.299
8092.53 -263.66 8145.75 -296.204
8104.23 -309.222 8156.57 -288.394
8114.76 -266.264 8167.39 -319.636
8125.87 -263.66 8178.21 -310.523
8135.81 -279.281 8188.74 -330.05
8148.09 -270.169 8201.01 -319.636
8159.2 -259.755 8210.66 -289.695
8169.73 -255.85 8223.23 -345.671
8180.84 -268.867 8234.05 -305.316
8192.24 -274.074 8244.28 -309.222
8202.48 -268.867 8256.27 -294.902
8213.59 -253.246 8266.79 -304.015
8225.28 -238.927 8277.9 -305.316
8236.68 -277.98 8288.42 -304.015
8247.2 -264.962 8300.12 -319.636
8258.02 -280.583 8311.22 -304.015
8269.13 -279.281 8321.75 -320.937
8279.95 -296.204 8332.85 -327.446
8290.76 -276.678 8343.67 -350.878
8301.87 -259.755 8355.65 -307.92
8313.85 -266.264 8365.3 -322.239
8323.21 -263.66 8377.57 -310.523
8335.78 -274.074 8387.8 -300.109
8346.59 -249.341 8399.49 -319.636
8356.82 -254.548 8410.6 -264.962
8367.93 -246.737 8421.7 -290.997
8379.62 -279.281 8431.93 -304.015
8390.72 -270.169 8442.74 -298.808
8401.54 -297.506 8454.14 -348.274
8412.35 -249.341 8464.95 -318.334
8423.16 -267.565 8475.76 -349.576
8434.56 -255.85 8486.86 -327.446
8445.95 -280.583 8497.67 -328.748
8456.18 -274.074 8509.07 -328.748
8467.29 -271.471 8520.47 -324.843
8478.1 -242.832 8531.86 -314.429
8489.79 -268.867 8542.38 -300.109
8500.6 -274.074 8553.77 -328.748
8511.41 -245.436 8564.29 -328.748
8522.51 -304.015 8575.39 -322.239
8533.91 -253.246 8586.2 -314.429
8544.72 -262.358 8597.89 -322.239
8555.82 -281.885 8609.57 -317.032
8566.92 -287.092 8619.21 -353.481
8578.31 -240.229 8630.9 -318.334
8588.83 -271.471 8641.12 -337.86
8599.93 -258.453 8652.51 -330.05
8610.45 -236.323 8663.9 -309.222
8622.72 -244.134 8675.01 -311.825
8634.11 -284.488 8685.23 -310.523
8642.87 -284.488 8696.33 -324.843
8655.43 -280.583 8707.72 -313.127
8665.66 -283.187 8718.53 -307.92
8677.05 -292.299 8729.62 -375.611
8688.44 -268.867 8740.43 -297.506
8698.66 -285.79 8752.7 -333.955
8710.35 -304.015 8763.21 -330.05
8722.03 -292.299 8773.72 -341.766
8731.08 -280.583 8784.53 -305.316
8743.35 -242.832 8794.75 -287.092
8753.57 -235.022 8807.02 -304.015
8764.96 -242.832 8817.24 -283.187
8776.35 -287.092 8828.33 -302.713
8787.74 -268.867 8840.01 -268.867
8797.67 -284.488 8851.11 -301.411
8809.06 -259.755 8861.92 -306.618
8819.87 -251.944 8873.31 -323.541
8830.96 -257.151 8884.11 -333.955
8842.35 -293.601 8895.2 -324.843
8853.16 -248.039 8906.01 -335.257
8864.84 -251.944 8917.39 -327.446
8875.06 -251.944 8927.91 -320.937
8886.44 -255.85 8939 -294.902
8896.66 -262.358 8950.1 -289.695
8908.34 -302.713 8961.77 -297.506
8919.73 -281.885 8971.99 -328.748
8930.24 -277.98 8983.67 -306.618
8941.05 -300.109 8993.6 -297.506
8952.14 -309.222 9005.86 -337.86
8962.94 -267.565 9015.78 -314.429
8973.74 -248.039 9027.46 -331.352
8985.71 -241.53 9038.55 -298.808
8996.52 -270.169 9049.94 -379.516
9007.32 -244.134 9060.45 -283.187
9017.83 -274.074 9070.96 -335.257
9029.5 -276.678 9082.63 -294.902
9040.89 -263.66 9094.31 -302.713
9051.69 -249.341 9105.4 -274.074
9062.49 -261.057 9115.33 -307.92
9073.29 -281.885 9127 -319.636
9084.38 -259.755 9137.8 -319.636
9095.19 -261.057 9148.89 -330.05
9105.98 -232.418 9159.69 -323.541
9117.08 -281.885 9170.78 -310.523
9128.46 -258.453 9181.87 -298.808
9139.55 -287.092 9192.38 -309.222
9150.06 -264.962 9203.76 -302.713
9161.15 -246.737 9214.85 -315.73
9172.24 -266.264 9225.95 -306.618
9183.92 -267.565 9237.33 -309.222
9193.84 -237.625 9247.83 -322.239
9206.1 -249.341 9260.09 -314.429
9216.02 -276.678 9270.01 -331.352
9227.11 -322.239 9281.1 -314.429
9238.2 -266.264 9291.9 -337.86
9249.88 -272.773 9303.57 -323.541
9260.97 -277.98 9314.95 -327.446
9272.06 -270.169 9324.88 -280.583
9282.85 -249.341 9335.68 -313.127
9293.36 -283.187 9346.47 -315.73
9304.16 -225.909 9358.14 -283.187
9315.83 -283.187 9369.52 -319.636
9326.05 -257.151 9380.03 -300.109
9338.01 -288.394 9391.41 -298.808
9349.1 -257.151 9403.08 -328.748
9360.48 -280.583 9413.88 -322.239
9370.98 -250.643 9423.51 -296.204
9382.36 -253.246 9435.47 -309.222
9392.87 -257.151 9446.27 -313.127
9403.96 -251.944 9457.64 -313.127
9415.34 -279.281 9469.02 -320.937
9426.13 -287.092 9479.24 -305.316
9436.64 -279.281 9491.2 -297.506
9447.43 -258.453 9502 -324.843
9459.4 -235.022 9512.21 -350.878
9469.32 -229.815 9524.17 -333.955
9480.99 -244.134 9534.67 -339.162
9491.2 -264.962 9545.47 -326.144
9503.16 -244.134 9556.55 -339.162
9514.25 -248.039 9568.81 -290.997
9524.17 -231.116 9577.85 -275.376
9535.55 -227.211 9589.52 -283.187
9546.92 -251.944 9600.61 -320.937
9557.72 -270.169 9611.98 -311.825
9568.81 -275.376 9623.07 -307.92
9580.18 -274.074 9633.86 -319.636
9590.69 -290.997 9644.95 -327.446
9602.07 -263.66 9656.33 -297.506
9613.44 -272.773 9667.12 -288.394
9623.95 -253.246 9678.79 -336.559
9634.45 -277.98 9689.29 -297.506
9645.83 -266.264 9700.08 -349.576
9656.62 -258.453 9711.17 -345.671
9668 -244.134 9722.55 -353.481
9679.66 -264.962 9733.63 -324.843
9690.75 -298.808 9744.13 -318.334
9701.25 -244.134 9755.51 -320.937
9711.75 -266.264 9766.01 -311.825
9722.84 -258.453 9777.09 -307.92
9734.22 -264.962 9788.18 -313.127
9745.01 -262.358 9799.85 -283.187
9756.39 -268.867 9810.35 -324.843
9766.3 -254.548 9821.43 -319.636
9777.97 -238.927 9832.22 -313.127
9788.76 -227.211 9843.6 -310.523
9800.43 -220.702 9854.68 -290.997
9811.52 -244.134 9866.35 -276.678
9822.31 -251.944 9876.56 -311.825
9833.68 -261.057 9887.64 -307.92
9845.64 -251.944 9898.44 -328.748
9854.39 -223.306 9910.4 -302.713
9866.94 -223.306 9920.02 -296.204
9877.15 -240.229 9930.81 -307.92
9888.52 -249.341 9943.36 -320.937
9899.02 -289.695 9953.56 -333.955
9910.11 -244.134 9964.94 -304.015
9920.9 -225.909 9976.02 -296.204
9932.27 -248.039 9986.82 -335.257
9943.65 -229.815 9997.9 -302.713
9954.44 -241.53 10008.4 -317.032
9965.81 -251.944 10019.8 -309.222
9976.61 -238.927 10030.8 -324.843
9987.4 -227.211 10041.6 -301.411
9998.48 -212.892 10053 -320.937
10009.3 -216.797 10064.1 -280.583
10019.8 -238.927 10074.6 -328.748
10031.1 -238.927 10086 -298.808
10042.8 -250.643 10096.5 -311.825
10053.6 -259.755 10107.8 -296.204
10063.8 -261.057 10120.1 -324.843
10075.8 -257.151 10130 -322.239
10086.6 -275.376 10141.7 -315.73
10098.2 -238.927 10151.9 -296.204
10107.8 -249.341 10163 -279.281
10119.5 -274.074 10173.8 -324.843
10130.3 -255.85 10185.4 -298.808
10141.4 -244.134 10196.2 -292.299
10152.2 -242.832 10207.6 -318.334
10163 -246.737 10218.7 -328.748
10174 -233.72 10228.9 -296.204
10184.9 -274.074 10240.6 -317.032
10197.4 -236.323 10251.6 -311.825
10207.6 -279.281 10262.4 -305.316
10219 -266.264 10273.2 -339.162
10229.2 -259.755 10285.2 -313.127
10240 -240.229 10294.8 -301.411
10251.6 -280.583 10306.8 -296.204
10262.7 -246.737 10317.8 -300.109
10272.9 -255.85 10328.3 -322.239
10284 -241.53 10340.3 -307.92
10295.4 -232.418 10351.1 -341.766
10306.5 -253.246 10361.6 -302.713
10318.1 -279.281 10372.7 -290.997
10327.5 -261.057 10384.3 -317.032
10340 -270.169 10394.8 -332.653
10349.9 -274.074 10405.6 -322.239
10361.9 -263.66 10416.7 -293.601
10372.1 -248.039 10427.5 -261.057
10383.5 -262.358 10439.7 -317.032
10394.8 -231.116 10449.9 -288.394
10404.5 -250.643 10460.7 -309.222
10415.8 -248.039 10472.1 -327.446
10427.2 -258.453 10483.2 -300.109
10438.6 -253.246 10494.9 -290.997
10449.7 -266.264 10506.2 -311.825
10461 -284.488 10516.2 -320.937
10471.8 -267.565 10527.2 -276.678
10483.2 -248.039 10538.3 -344.369
10493.4 -236.323 10549.7 -307.92
10504.2 -280.583 10560.2 -315.73
10515.9 -241.53 10571 -306.618
10526.1 -235.022 10582.6 -335.257
10537.4 -219.401 10593.7 -317.032
10548.5 -246.737 10603.9 -294.902
10559.9 -244.134 10615.9 -337.86
10570.4 -222.004 10626.7 -336.559
10581.2 -248.039 10636.9 -343.067
10592.6 -235.022 10648.9 -328.748
10602.8 -233.72 10659.4 -322.239
10615 -270.169 10670.7 -318.334
10626.4 -271.471 10682.1 -331.352
10636.9 -248.039 10692 -322.239
10649.2 -241.53 10703.1 -279.281
10658.8 -251.944 10715.4 -301.411
10669.6 -262.358 10725.3 -309.222
10680.1 -249.341 10737.5 -306.618
10691.4 -271.471 10748.3 -317.032
10702.8 -238.927 10758.5 -293.601
10713.9 -245.436 10769.3 -346.973
10724.4 -277.98 10781 -333.955
10736.1 -261.057 10792.1 -307.92
10747.4 -257.151 10803.1 -341.766
10757.9 -270.169 10813.9 -353.481
10769 -261.057 10825 -297.506
10779.2 -271.471 10835.2 -293.601
10790.6 -257.151 10847.2 -310.523
10802 -258.453 10857.7 -330.05
10812.8 -245.436 10869.4 -310.523
10823 -232.418 10880.7 -320.937
10835.5 -248.039 10891.2 -300.109
10844.9 -223.306 10901.2 -298.808
10857.1 -240.229 10912.2 -305.316
10867.6 -248.039 10923.9 -310.523
10878.7 -211.59 10935.9 -320.937
10889.8 -258.453 10946.7 -307.92
10900.6 -249.341 10957.4 -283.187
10910.8 -259.755 10968.3 -310.523
10923.3 -259.755 10979.6 -284.488
10933.8 -298.808 10990.1 -281.885
10945.2 -264.962 11001.5 -275.376
10956 -263.66 11012 -300.109
10966.5 -258.453 11024 -293.601
10977.9 -251.944 11034.8 -336.559
10989 -237.625 11045.6 -302.713
11000.3 -220.702 11056.9 -315.73
11010.8 -222.004 11067.7 -339.162
11021.9 -227.211 11077.9 -294.902
11033 -259.755 11089.6 -288.394
11044.1 -255.85 11100.4 -288.394
11054.6 -235.022 11112.1 -292.299
11065.7 -259.755 11122.9 -294.902
11076.8 -264.962 11133.9 -289.695
11087 -220.702 11145.6 -288.394
11098.4 -238.927 11155.2 -310.523
11110.6 -242.832 11167.8 -330.05
11121.4 -220.702 11176.8 -333.955
11131 -205.081 11189.4 -335.257
11143.6 -238.927 11199.9 -310.523
11153.2 -241.53 11211.3 -326.144
11164.9 -258.453 11222 -301.411
11176 -225.909 11233.1 -281.885
11187.3 -225.909 11244.8 -289.695
11198.1 -229.815 11255.3 -258.453
11208.6 -245.436 11266.1 -288.394
11220.6 -268.867 11277.8 -263.66
11231.1 -238.927 11288.9 -315.73
11241.9 -249.341 11299.7 -307.92
11253 -225.909 11309.6 -318.334
11263.8 -220.702 11321.3 -309.222
11274.6 -206.383 11332.3 -362.594
11285.4 -215.495 11344.3 -328.748
11296.7 -238.927 11354.5 -318.334
11307 -245.436 11365.9 -307.92
11319.2 -223.306 11376.4 -300.109
11330.3 -248.039 11387.5 -292.299
11341.4 -250.643 11399.2 -311.825
11351.3 -264.962 11409.7 -318.334
11362.1 -225.909 11420.5 -322.239
11373.8 -238.927 11431.5 -310.523
11384.9 -222.004 11443.2 -309.222
11395.7 -242.832 11455.2 -302.713
11407 -214.194 11465.1 -320.937
11418.1 -197.271 11476.5 -337.86
11427.8 -197.271 11486.4 -301.411
11440.9 -215.495 11497.8 -274.074
11451.1 -233.72 11509.2 -271.471
11461.9 -227.211 11520.8 -300.109
11473 -242.832 11530.8 -272.773
11484.7 -222.004 11541.9 -268.867
11494 -259.755 11553.3 -279.281
11506.3 -211.59 11564.3 -271.471
11518.2 -251.944 11575.4 -318.334
11528.1 -194.667 11586.5 -293.601
11538.4 -194.667 11597 -305.316
11549.5 -212.892 11609 -306.618
11560.8 -190.762 11619.5 -349.576
11572.5 -193.365 11630 -336.559
11582.7 -181.65 11640.8 -288.394
11594.4 -203.779 11652.5 -292.299
11604.3 -206.383 11663.3 -277.98
11615.7 -207.685 11674.4 -287.092
11627.1 -211.59 11685.5 -302.713
11637.9 -208.986 11696.9 -293.601
11649.6 -201.176 11707.4 -306.618
11659.8 -198.572 11719.3 -277.98
11670.9 -171.236 11729 -296.204
11682.3 -142.597 11741.5 -313.127
11693.1 -146.502 11752.3 -301.411
11704.1 -142.597 11763.1 -320.937
11715.8 -181.65 11773.9 -283.187
11726.6 -168.632 11784.7 -309.222
11737.1 -188.158 11795.2 -304.015
11748.2 -232.418 11806.6 -326.144
11759 -184.253 11818.3 -301.411
11769.3 -212.892 11828.8 -288.394
11781.2 -203.779 11840.8 -283.187
11792 -235.022 11851.6 -309.222
11803.1 -159.52 11862.4 -315.73
11814.8 -171.236 11872.3 -267.565
11825.3 -146.502 11884.6 -311.825
11835.5 -123.071 11894.5 -320.937
11847.5 -136.088 11906.5 -301.411
11857.7 -100.941 11917.9 -293.601
11870 -95.7337 11928.4 -352.18
11879.9 -167.33 11938.6 -293.601
11891.6 -156.916 11950 -287.092
11901.8 -163.425 11961.1 -267.565
11913.5 -182.951 11972.5 -298.808
11924 -175.141 11984.1 -306.618
11936 -146.502 11995.2 -313.127
11946.5 -112.657 12005.2 -283.187
11957 -141.295 12016 -277.98
11968.1 -141.295 12026.8 -250.643
11978.6 -137.39 12038.8 -300.109
11990.6 -106.148 12050.4 -307.92
12000.8 -123.071 12061.5 -281.885
12012.2 -130.881 12072.1 -284.488
12023 -124.372 12083.1 -257.151
12034.1 -151.709 12093.7 -314.429
12045.5 -154.313 12105.1 -284.488
12056.6 -121.769 12116.4 -333.955
12066.8 -163.425 12126.7 -328.748
12077.9 -133.485 12138 -289.695
12089.6 -59.2846 12149.4 -275.376
12100.4 -71.0004 12159.7 -309.222
12111.5 -72.3021 12170.8 -288.394
12122.3 -44.9653 12182.4 -307.92
12133.1 -44.9653 12193.5 -294.902
12145.1 -57.9828 12204.4 -315.73
12155 -91.8285 12215.5 -309.222
12166.1 -61.8881 12226.3 -277.98
12177.2 -116.562 12236.8 -242.832
12188.3 -91.8285 12249.1 -251.944
12199.1 -100.941 12259.6 -249.341
12211.1 -52.7758 12270.7 -233.72
12220.4 -46.267 12282.1 -220.702
12231.8 7.10496 12292 -201.176
12243.5 -3.30908 12304 -253.246
12254.3 3.1997 12315.7 -258.453
12265.1 -73.6039 12326.2 -246.737
12275.6 -95.7337 12336.4 -285.79
12287.9 -99.639 12347.8 -263.66
12298.1 -94.432 12358.9 -322.239
12309.2 -124.372 12369.4 -287.092
12320 -121.769 12380.5 -270.169
12331.4 -123.071 12391.6 -231.116
12342.3 -85.3197 12402.4 -288.394
12353.1 -77.5092 12414.1 -251.944
12364.5 14.9155 12424.9 -302.713
12374.7 -0.70557 12435.5 -268.867
12385.5 -18.9302 12446.3 -288.394
12396.9 -13.7231 12458.6 -284.488
12408.3 -29.3442 12469.6 -305.316
12419.7 -87.9232 12480.8 -313.127
12430.5 -71.0004 12491 -287.092
12441.3 -48.8705 12501.5 -323.541
12452.7 -64.4916 12513.5 -306.618
12463.8 -52.7758 12524.3 -300.109
12473.7 -64.4916 12535.7 -249.341
12485.7 -8.5161 12545.9 -279.281
12496.8 37.0453 12557 -281.885
12507.4 80.0033 12567.9 -253.246
12519 59.1752 12580.4 -285.79
12529 16.2173 12591.2 -268.867
12539.5 3.1997 12601.5 -307.92
12550.6 -5.91259 12612.9 -250.643
12562.6 -35.853 12623.4 -276.678
12573.1 -42.3617 12634.5 -267.565
12583.9 -5.91259 12645 -267.565
12596.2 1.89794 12657.3 -289.695
12606.7 25.3295 12667.8 -275.376
12617.5 33.1401 12678.3 -216.797
12628.3 112.547 12689.5 -248.039
12640 154.203 12701.4 -193.365
12650.6 164.617 12712 -190.762
12661.4 185.445 12722.5 -193.365
12671.6 156.807 12734.2 -193.365
12684.2 176.333 12745.6 -224.608
12694.1 191.954 12756.7 -284.488
12704.9 152.902 12767.2 -250.643
12716.9 139.884 12778.3 -237.625
12727.2 137.281 12789.1 -218.099
12738.3 182.842 12800.5 -195.969
12749.1 190.653 12811.4 -195.969
12760.8 203.67 12821.6 -189.46
12771.3 272.663 12833.3 -185.555
12782.4 231.007 12845.6 -166.029
12792.6 288.284 12855.2 -179.046
12804.3 294.793 12866.3 -184.253
12815.5 263.551 12877.4 -188.158
12826.3 259.646 12888.9 -173.839
12837.7 236.214 12900 -202.478
12849.4 201.067 12911.7 -199.874
12859.3 233.61 12922.5 -193.365
12870.4 272.663 12932.7 -186.857
12881.3 301.302 12943.2 -211.59
12892.9 309.112 12955.8 -206.383
12903.8 342.958 12966 -199.874
12914 424.969 12977.8 -205.081
12925.4 405.442 12988 -199.874
12935.9 383.312 12999.4 -155.615
12947.3 424.969 13010.2 -166.029
12959 402.839 13021.9 -137.39
12970.4 363.786 13032.1 -111.355
12979.8 382.011 13043.3 -113.958
12991.2 409.347 13054.7 -112.657
13002 435.383 13065.5 -99.639
13013.1 409.347 13076 -113.958
13024 458.814 13087.4 -84.0179
13035.1 516.091 13098 -68.3969
13046.2 508.281 13109.4 -63.1898
13057.6 575.972 13121.7 -77.5092
13068.4 591.593 13132.2 -29.3442
13079.3 543.428 13142.7 4.50145
13090.4 592.895 13154.4 26.6313
13101.5 583.783 13165.8 27.9331
13112.9 594.197 13176.1 53.9682
13123.4 596.8 13187.2 76.098
13134.8 604.611 13197.7 56.5717
13146.2 659.285 13209.4 60.4769
13155.9 647.569 13219.7 78.7015
13167.6 654.078 13231.7 113.849
13178.1 665.793 13242.8 143.789
13188.7 654.078 13253.6 151.6
13200.1 663.19 13265.3 185.445
13211.5 693.13 13275.3 207.575
13222 678.811 13286.7 271.361
13232.8 712.657 13297.5 254.439
13244.5 723.071 13308.9 306.509
13255.6 706.148 13320 293.491
13266.5 746.502 13330.9 311.716
13277.3 760.821 13341.4 362.484
13288.4 771.236 13353.4 371.597
13299.5 803.78 13363.6 301.302
13309.8 832.418 13375.3 348.165
13321.2 799.874 13386.5 384.614
13331.7 831.116 13397.6 385.916
13343.7 849.341 13408.7 454.909
13354.3 844.134 13419.8 486.151
13366 868.867 13430.6 521.298
13376.5 907.92 13442.1 534.316
13387.6 918.334 13453.5 587.688
13398.5 914.429 13465.5 587.688
13409 937.86 13475.7 633.249
13419.8 946.973 13487.4 637.155
13431.5 956.085 13497.1 657.983
13442.3 888.394 13497.1 686.621
13452.9 831.116 13485.7 702.243
13463.7 801.176 13474.8 743.899
