8011.52 -293.601 8024.68 -277.98
8005.67 -289.695 8035.8 -288.394
8002.16 -289.695 8046.33 -292.299
8006.55 -279.281 8057.73 -307.92
8014.45 -281.885 8067.68 -310.523
8026.15 -310.523 8079.08 -333.955
8036.68 -314.429 8089.9 -330.05
8048.38 -313.127 8101.6 -337.86
8059.78 -324.843 8111.83 -348.274
8070.02 -277.98 8122.95 -354.783
8081.71 -276.678 8135.23 -309.222
8092.83 -283.187 8145.75 -317.032
8104.23 -336.559 8155.7 -331.352
8114.47 -294.902 8167.68 -310.523
8125.58 -228.513 8178.79 -313.127
8136.98 -284.488 8189.9 -310.523
8147.8 -249.341 8201.6 -322.239
8158.04 -307.92 8212.12 -333.955
8169.44 -283.187 8222.36 -333.955
8180.84 -266.264 8233.47 -328.748
8192.54 -298.808 8244.28 -307.92
8202.48 -287.092 8256.27 -345.671
8214.46 -280.583 8266.21 -323.541
8225.28 -267.565 8277.61 -323.541
8235.51 -283.187 8288.72 -359.99
8246.91 -268.867 8299.82 -274.074
8258.02 -268.867 8311.22 -288.394
8269.42 -281.885 8321.75 -315.73
8280.53 -261.057 8332.85 -322.239
8290.76 -300.109 8343.67 -302.713
8302.45 -302.713 8355.07 -301.411
8313.27 -268.867 8366.46 -315.73
8324.08 -277.98 8376.4 -297.506
8335.19 -274.074 8388.09 -311.825
8345.13 -276.678 8399.2 -324.843
8357.11 -284.488 8410.3 -335.257
8367.93 -272.773 8421.11 -323.541
8378.45 -259.755 8431.93 -313.127
8390.72 -249.341 8442.45 -315.73
8400.95 -267.565 8453.84 -353.481
8412.06 -255.85 8465.53 -320.937
8423.45 -255.85 8475.76 -306.618
8433.97 -314.429 8487.16 -332.653
8445.66 -292.299 8498.26 -324.843
8457.06 -288.394 8509.07 -323.541
8467.29 -268.867 8520.47 -327.446
8478.39 -280.583 8531.57 -319.636
8489.2 -300.109 8542.38 -322.239
8500.01 -263.66 8553.19 -319.636
8511.41 -245.436 8564.88 -314.429
8522.51 -257.151 8575.39 -293.601
8533.61 -251.944 8586.2 -313.127
8543.84 -274.074 8597.3 -318.334
8556.98 -297.506 8608.99 -300.109
8567.21 -263.66 8620.09 -367.801
8578.02 -287.092 8630.6 -331.352
8588.54 -297.506 8641.12 -358.688
8598.76 -258.453 8651.93 -333.955
8610.45 -310.523 8663.32 -315.73
8621.26 -277.98 8674.42 -317.032
8632.65 -310.523 8686.1 -315.73
8642.58 -259.755 8696.33 -310.523
8654.85 -270.169 8708.01 -294.902
8665.36 -292.299 8718.24 -310.523
8677.05 -270.169 8729.92 -340.464
8688.44 -293.601 8740.43 -352.18
8698.37 -258.453 8751.53 -339.162
8710.64 -250.643 8762.92 -358.688
8721.15 -267.565 8774.31 -343.067
8731.08 -268.867 8785.99 -345.671
8743.35 -280.583 8795.63 -323.541
8753.57 -250.643 8807.31 -340.464
8764.67 -272.773 8817.53 -328.748
8774.89 -255.85 8829.5 -324.843
8788.03 -270.169 8840.01 -314.429
8797.96 -251.944 8850.82 -298.808
8809.35 -285.79 8861.33 -344.369
8820.16 -277.98 8872.14 -337.86
8831.26 -324.843 8884.4 -318.334
8842.35 -298.808 8895.2 -336.559
8853.16 -249.341 8905.72 -317.032
8864.25 -280.583 8917.1 -307.92
8875.35 -258.453 8927.91 -335.257
8886.44 -267.565 8939.58 -306.618
8896.66 -298.808 8949.8 -296.204
8908.34 -248.039 8961.48 -302.713
8918.85 -259.755 8972.58 -268.867
8929.95 -266.264 8983.96 -289.695
8940.75 -284.488 8993.6 -327.446
8952.72 -290.997 9006.15 -311.825
8963.82 -280.583 9016.37 -349.576
8973.45 -261.057 9027.75 -339.162
8985.71 -274.074 9039.14 -313.127
8996.22 -262.358 9048.77 -315.73
9008.19 -263.66 9060.74 -320.937
9017.83 -263.66 9072.42 -287.092
9028.92 -288.394 9082.63 -341.766
9039.43 -268.867 9094.6 -294.902
9051.4 -287.092 9103.94 -309.222
9061.91 -268.867 9115.03 -292.299
9073.58 -268.867 9126.71 -293.601
9084.38 -251.944 9137.22 -344.369
9095.77 -281.885 9148.31 -336.559
9106.28 -296.204 9159.69 -315.73
9117.95 -294.902 9170.78 -332.653
9127.29 -280.583 9181.29 -328.748
9140.14 -280.583 9192.38 -310.523
9150.94 -298.808 9203.76 -323.541
9161.74 -287.092 9215.44 -280.583
9171.95 -261.057 9225.95 -309.222
9183.92 -250.643 9237.04 -297.506
9195.3 -257.151 9248.13 -326.144
9205.23 -294.902 9259.22 -310.523
9216.02 -254.548 9269.43 -331.352
9227.11 -267.565 9281.69 -297.506
9239.08 -274.074 9292.19 -314.429
9249.88 -272.773 9303.57 -337.86
9261.26 -276.678 9313.2 -343.067
9272.35 -285.79 9325.46 -345.671
9282.27 -261.057 9336.26 -340.464
9293.65 -272.773 9346.18 -327.446
9303.28 -261.057 9358.14 -349.576
9315.83 -283.187 9368.36 -320.937
9326.34 -268.867 9380.32 -306.618
9338.59 -297.506 9391.41 -283.187
9348.81 -284.488 9402.5 -297.506
9360.48 -255.85 9413.29 -331.352
9370.98 -248.039 9424.97 -294.902
9381.49 -275.376 9435.76 -306.618
9392.58 -288.394 9445.68 -311.825
9403.96 -267.565 9456.77 -335.257
9415.04 -275.376 9468.44 -314.429
9425.55 -253.246 9480.11 -331.352
9436.35 -267.565 9490.91 -335.257
9447.43 -249.341 9501.12 -304.015
9458.52 -238.927 9513.08 -318.334
9470.19 -272.773 9523.58 -309.222
9481.28 -245.436 9535.25 -310.523
9492.37 -283.187 9545.47 -313.127
9502.29 -261.057 9556.26 -311.825
9514.54 -251.944 9567.35 -319.636
9524.17 -268.867 9578.73 -323.541
9535.25 -279.281 9590.1 -357.387
9546.34 -262.358 9600.61 -337.86
9557.14 -272.773 9611.98 -326.144
9569.1 -268.867 9622.78 -318.334
9579.02 -287.092 9634.45 -315.73
9590.98 -242.832 9645.83 -310.523
9602.36 -288.394 9655.45 -315.73
9613.15 -237.625 9667.41 -314.429
9623.36 -264.962 9677.04 -330.05
9634.74 -250.643 9689.29 -306.618
9646.12 -263.66 9700.08 -328.748
9656.62 -249.341 9711.75 -285.79
9668.58 -285.79 9721.96 -319.636
9678.79 -270.169 9733.63 -304.015
9690.75 -293.601 9744.42 -328.748
9700.38 -315.73 9754.93 -356.085
9712.63 -276.678 9765.72 -318.334
9723.71 -279.281 9777.68 -300.109
9733.05 -253.246 9788.18 -307.92
9745.3 -264.962 9798.68 -319.636
9755.8 -236.323 9811.52 -283.187
9768.05 -258.453 9821.43 -309.222
9778.26 -241.53 9832.22 -335.257
9789.64 -280.583 9843.6 -318.334
9800.14 -272.773 9854.39 -328.748
9810.93 -284.488 9866.06 -319.636
9821.43 -259.755 9876.56 -336.559
9833.68 -293.601 9887.64 -341.766
9843.89 -294.902 9898.73 -354.783
9854.98 -281.885 9908.94 -322.239
9867.23 -268.867 9920.61 -328.748
9877.15 -264.962 9931.69 -294.902
9888.52 -288.394 9942.77 -315.73
9899.32 -263.66 9953.27 -313.127
9910.98 -279.281 9964.94 -323.541
9920.9 -199.874 9975.15 -305.316
9933.15 -259.755 9987.11 -300.109
9943.65 -224.608 9997.61 -294.902
9953.86 -250.643 10008.1 -322.239
9965.52 -268.867 10020.6 -337.86
9976.02 -268.867 10031.1 -317.032
9987.4 -277.98 10042.5 -341.766
9997.9 -293.601 10052.7 -326.144
10009 -276.678 10064.1 -310.523
10020.4 -259.755 10074.3 -317.032
10031.7 -251.944 10086.6 -307.92
10041.9 -264.962 10097.4 -290.997
10053 -255.85 10107.8 -309.222
10064.4 -244.134 10118.9 -298.808
10075.8 -218.099 10130 -309.222
10086.9 -255.85 10142 -290.997
10097.1 -264.962 10151.9 -292.299
10107.8 -266.264 10163.6 -328.748
10119.5 -307.92 10173.5 -326.144
10130.3 -270.169 10186 -313.127
10141.1 -271.471 10196.5 -320.937
10152.2 -262.358 10208.2 -333.955
10163.9 -250.643 10218.1 -317.032
10173.8 -235.022 10229.8 -317.032
10185.4 -254.548 10239.4 -298.808
10196.2 -262.358 10251 -330.05
10207.6 -236.323 10263 -310.523
10218.4 -279.281 10273.8 -352.18
10229.2 -277.98 10284.9 -298.808
10240.6 -268.867 10296.8 -319.636
10250.5 -297.506 10306.5 -311.825
10263 -280.583 10317.6 -305.316
10273.2 -266.264 10328.6 -348.274
10284.3 -277.98 10339.4 -344.369
10296.5 -272.773 10350.5 -346.973
10306.2 -263.66 10361.9 -301.411
10317.3 -268.867 10372.7 -314.429
10327.8 -250.643 10383.8 -318.334
10339.7 -229.815 10395.4 -309.222
10350.5 -225.909 10405 -294.902
10361 -251.944 10418.2 -339.162
10373.3 -262.358 10427.8 -288.394
10383.8 -280.583 10438.9 -319.636
10394.5 -223.306 10450.8 -268.867
10405 -270.169 10460.2 -322.239
10416.4 -267.565 10472.1 -318.334
10427.5 -274.074 10483.5 -320.937
10438.3 -212.892 10493.1 -332.653
10449.1 -257.151 10504.8 -276.678
10460.4 -266.264 10515.9 -322.239
10471.5 -235.022 10527.2 -304.015
10481.7 -261.057 10537.7 -284.488
10493.4 -284.488 10549.7 -315.73
10504.5 -244.134 10559.6 -305.316
10515.9 -281.885 10571.6 -309.222
10526.4 -261.057 10582.1 -326.144
10538.3 -228.513 10593.7 -322.239
10548.5 -263.66 10603.9 -313.127
10559.6 -219.401 10615.9 -346.973
10571.6 -257.151 10625.5 -350.878
10581.8 -276.678 10637.5 -333.955
10592.3 -236.323 10648.9 -317.032
10603.6 -242.832 10660.5 -333.955
10614.7 -268.867 10670.4 -309.222
10625.5 -227.211 10681.2 -320.937
10637.2 -222.004 10693.2 -290.997
10647.7 -266.264 10703.4 -319.636
10657.9 -251.944 10714.8 -310.523
10669.6 -284.488 10725.3 -300.109
10680.9 -251.944 10736.9 -302.713
10692.3 -244.134 10748 -276.678
10703.1 -237.625 10758.8 -304.015
10713.9 -255.85 10770.8 -301.411
10724.1 -242.832 10781.3 -311.825
10735.8 -254.548 10791.8 -340.464
10746.3 -254.548 10803.1 -331.352
10756.8 -227.211 10814.5 -309.222
10769.9 -272.773 10825 -323.541
10780.1 -275.376 10836.4 -333.955
10790.3 -281.885 10847.5 -330.05
10801.1 -277.98 10858 -305.316
10811.9 -285.79 10869.6 -313.127
10823.9 -248.039 10880.7 -298.808
10835.2 -254.548 10891.2 -288.394
10845.1 -272.773 10902 -306.618
10856.5 -241.53 10913.4 -305.316
10867.9 -219.401 10923.9 -311.825
10879.3 -233.72 10935 -319.636
10889.2 -255.85 10946.4 -343.067
10900 -274.074 10958 -326.144
10911.7 -241.53 10969.1 -306.618
10923.6 -289.695 10979.9 -293.601
10933.2 -253.246 10990.4 -306.618
10944.3 -267.565 11001.5 -298.808
10956.9 -263.66 11012.3 -307.92
10966.8 -254.548 11024 -290.997
10978.2 -275.376 11034.8 -304.015
10988.7 -237.625 11046.1 -323.541
10999.5 -242.832 11056.6 -335.257
11011.1 -199.874 11068.3 -326.144
11021.3 -240.229 11078.5 -311.825
11032.7 -271.471 11090.2 -320.937
11043.8 -262.358 11101.6 -305.316
11054.6 -298.808 11112.1 -301.411
11065.1 -309.222 11123.4 -333.955
11076.8 -288.394 11133.1 -319.636
11087.9 -287.092 11145 -281.885
11099.2 -241.53 11155.5 -310.523
11110.3 -248.039 11166.6 -276.678
11120.5 -240.229 11178 -317.032
11131.3 -201.176 11188.5 -301.411
11142.7 -215.495 11201 -313.127
11153.8 -228.513 11210.7 -314.429
11165.2 -253.246 11222.9 -333.955
11176 -259.755 11233.4 -345.671
11187 -255.85 11243.9 -315.73
11198.4 -246.737 11254.7 -306.618
11208.9 -292.299 11266.1 -311.825
11219.7 -268.867 11277.8 -272.773
11230.2 -257.151 11287.4 -305.316
11242.2 -224.608 11300.3 -289.695
11252.4 -237.625 11311.3 -310.523
11264.1 -218.099 11321.5 -277.98
11275.4 -207.685 11331.8 -277.98
11286.2 -246.737 11343.4 -310.523
11296.5 -224.608 11354.8 -304.015
11308.1 -268.867 11365.9 -336.559
11318.6 -279.281 11376.4 -335.257
11330.3 -255.85 11387.5 -343.067
11342 -245.436 11398.3 -300.109
11351.6 -215.495 11409.7 -343.067
11362.4 -254.548 11420.5 -293.601
11373.8 -246.737 11431.3 -298.808
11384.6 -232.418 11443.5 -302.713
11395.4 -223.306 11453.4 -271.471
11407 -203.779 11465.4 -318.334
11418.7 -197.271 11476.2 -294.902
11428.6 -216.797 11486.7 -319.636
11440 -228.513 11498.1 -320.937
11450.5 -241.53 11508.9 -292.299
11461.9 -225.909 11519.7 -322.239
11473 -253.246 11531.4 -294.902
11484.1 -235.022 11541.9 -331.352
11495.8 -244.134 11553.3 -288.394
11506.9 -202.478 11563.5 -296.204
11517.9 -208.986 11575.1 -314.429
11526.7 -202.478 11585.9 -257.151
11538.4 -206.383 11597.3 -293.601
11550.3 -171.236 11608.4 -301.411
11560.5 -202.478 11619.2 -314.429
11572.2 -210.288 11630.6 -304.015
11583 -222.004 11641.1 -310.523
11594.4 -222.004 11652.2 -300.109
11604.6 -238.927 11663.9 -340.464
11616 -228.513 11674.4 -333.955
11627.4 -250.643 11685.5 -320.937
11638.2 -212.892 11696.6 -302.713
11649.3 -193.365 11708 -309.222
11660.1 -211.59 11719 -276.678
11670.6 -193.365 11729.3 -284.488
11681.7 -176.443 11740.6 -292.299
11693.1 -117.864 11752 -293.601
11703.6 -173.839 11763.1 -318.334
11715 -216.797 11773.9 -330.05
11726.6 -194.667 11785.3 -331.352
11737.4 -206.383 11796.1 -328.748
11748.2 -214.194 11806.9 -298.808
11759.3 -201.176 11817.4 -322.239
11769.5 -216.797 11829.4 -288.394
11781.2 -224.608 11839.9 -271.471
11792 -177.744 11851 -271.471
11803.4 -177.744 11861.8 -283.187
11814.5 -149.106 11872.9 -276.678
11825 -167.33 11884 -272.773
11835.8 -154.313 11895.1 -279.281
11847.2 -115.26 11906.8 -240.229
11857.7 -128.278 11917.3 -279.281
11869.7 -168.632 11927.5 -297.506
11880.2 -182.951 11938.6 -298.808
11891.6 -181.65 11950 -292.299
11902.4 -222.004 11960.8 -290.997
11913.2 -203.779 11971.9 -298.808
11924.9 -162.123 11984.4 -270.169
11934.8 -168.632 11994.9 -280.583
11946.5 -158.218 12005.5 -271.471
11956.7 -167.33 12016.6 -279.281
11967.8 -98.3372 12027.7 -276.678
11979.5 -141.295 12038.5 -271.471
11990.3 -115.26 12049.6 -267.565
12001.1 -129.579 12060.4 -283.187
12012.2 -132.183 12071.8 -304.015
12023.6 -136.088 12083.1 -290.997
12034.1 -154.313 12093.7 -315.73
12044.9 -138.692 12105.6 -289.695
12056.6 -132.183 12116.1 -300.109
12067.4 -141.295 12127.3 -281.885
12078.2 -121.769 12137.8 -250.643
12089 -94.432 12148.6 -262.358
12100.4 -93.1302 12160 -270.169
12110.9 -93.1302 12171.1 -285.79
12122.6 -90.5267 12182.7 -298.808
12133.4 -85.3197 12193 -302.713
12144.2 -68.3969 12204.4 -289.695
12155.6 -139.993 12216 -287.092
12165.8 -112.657 12226 -331.352
12177.5 -121.769 12237.1 -335.257
12188.6 -100.941 12248.5 -324.843
12199.1 -99.639 12259.6 -309.222
12210.8 -117.864 12270.4 -326.144
12221 -68.3969 12282.1 -302.713
12231.8 -56.6811 12291.7 -288.394
12243.2 -37.1547 12303.7 -301.411
12254 -59.2846 12314.5 -298.808
12265.7 -29.3442 12325.6 -331.352
12276.2 -17.6284 12335.8 -310.523
12287.6 -15.0249 12346.9 -318.334
12298.4 -29.3442 12359.2 -318.334
12308.6 8.40672 12369.7 -337.86
12320.6 -3.30908 12380.5 -349.576
12330.9 25.3295 12391.9 -375.611
12342.3 51.3647 12403 -383.422
12352.8 38.3471 12414.1 -391.232
12364.8 33.1401 12424.9 -412.06
12375 20.1225 12435.2 -422.474
12386.7 55.2699 12447.2 -410.759
12397.2 22.726 12458.3 -410.759
12407.7 42.2524 12469.4 -389.931
12419.7 77.3998 12480.2 -369.102
12429.9 74.7963 12491 -356.085
12441.3 83.9085 12501.8 -379.516
12451.8 82.6068 12513.2 -356.085
12463.5 104.737 12524.6 -388.629
12474.6 128.168 12535.4 -345.671
12485.4 116.452 12546.2 -363.895
12496.5 148.996 12557.3 -397.741
12507.4 167.221 12569 -389.931
12518.4 156.807 12579.3 -397.741
12529.3 138.582 12590.4 -379.516
12540.7 191.954 12601.8 -332.653
12551.5 167.221 12612.3 -339.162
12562.6 197.161 12623.4 -310.523
12573.1 210.179 12634.8 -311.825
12584.2 241.421 12645.3 -264.962
12595 310.414 12657 -281.885
12606.1 319.526 12667.8 -305.316
12616.9 331.242 12678.9 -332.653
12628.3 375.502 12689.7 -330.05
12639.2 329.94 12701.4 -315.73
12650.3 306.509 12712.8 -310.523
12662 324.733 12722.2 -352.18
12672.5 303.905 12733.6 -283.187
12683.3 322.13 12745 -274.074
12694.4 305.207 12755.2 -305.316
12704.7 303.905 12766.9 -255.85
12716.3 358.579 12778 -244.134
12727.2 366.39 12789.1 -241.53
12738.6 372.898 12801.1 -246.737
12749.1 333.846 12812.2 -244.134
12760.5 367.691 12822.8 -251.944
12771.9 370.295 12833.9 -296.204
12781.5 396.33 12843.8 -288.394
12794.1 414.554 12855.8 -293.601
12805.2 395.028 12866.3 -284.488
12815.2 417.158 12877.1 -245.436
12826.3 405.442 12888.9 -258.453
12837.7 400.235 12899.4 -229.815
12848.8 436.684 12911.1 -175.141
12859.3 431.477 12923.1 -153.011
12869.8 461.418 12932.7 -138.692
12881 505.677 12943.8 -155.615
12892.6 534.316 12955.2 -156.916
12902.9 530.411 12965.5 -166.029
12914.9 577.274 12977.2 -184.253
12925.7 559.049 12988.3 -158.218
12936.2 565.558 12999.1 -146.502
12947 540.825 13011.4 -141.295
12958.4 548.635 13021.3 -117.864
12969.9 548.635 13031.9 -61.8881
12980.7 531.712 13043.3 -65.7934
12991.2 577.274 13054.4 -9.81786
13002 586.386 13066.1 24.0278
13013.4 652.776 13076.6 20.1225
13024.3 663.19 13088.9 13.6137
13034.5 689.225 13098.5 14.9155
13046.5 708.751 13110 -16.3266
13057.6 750.407 13120.8 -8.5161
13068.1 750.407 13131.6 16.2173
13079.3 766.029 13142.1 40.9506
13090.9 730.881 13153.8 40.9506
13101.8 756.916 13165 78.7015
13112.9 759.52 13176.1 154.203
13124.3 739.993 13187.5 184.144
13134.8 777.744 13198.3 216.688
13145.1 808.987 13210.3 254.439
13156.2 811.59 13221.1 272.663
13167.9 863.66 13231.1 263.551
13178.7 897.506 13242.2 273.965
13189.2 922.239 13254.2 245.326
13199.8 975.611 13264.4 271.361
13212.4 1002.95 13275.6 238.817
13223.2 983.422 13287 259.646
13233.7 940.464 13297.2 310.414
13245.4 950.878 13309.2 337.751
13255.1 959.99 13319.1 359.881
13266.5 976.913 13331.4 435.383
13277.6 992.534 13343.1 495.263
13289 949.576 13353.7 531.712
13299.3 1026.38 13364.5 543.428
13311 1032.89 13375 509.583
13320.9 1094.07 13386.8 533.014
13331.7 1113.6 13397.6 505.677
13343.4 1147.44 13409.6 526.505
13354 1147.44 13420.4 542.127
13366 1160.46 13430.4 557.748
13375.6 1122.71 13443.5 583.783
13387.6 1120.11 13453.8 628.042
13398.2 1116.2 13464.9 684.018
13409.3 1118.8 13476.6 732.183
13420.1 1088.86 13488 775.141
13431.5 1124.01 13497.1 820.702
13442.3 1065.43 13497.7 898.808
13453.5 1010.76 13487.1 880.583
13464.3 967.801 13475.4 949.576
