8010.94 -267.565 8024.1 -288.394
8005.38 -304.015 8035.22 -305.316
8001.58 -274.074 8047.2 -309.222
8005.97 -280.583 8057.15 -290.997
8015.03 -293.601 8068.26 -304.015
8025.56 -281.885 8078.21 -346.973
8036.38 -259.755 8089.03 -327.446
8047.2 -271.471 8101.31 -328.748
8060.07 -276.678 8112.42 -322.239
8069.43 -310.523 8122.95 -318.334
8082.3 -275.376 8134.64 -297.506
8093.41 -293.601 8146.34 -306.618
8103.35 -285.79 8157.16 -354.783
8114.47 -285.79 8167.68 -322.239
8124.99 -292.299 8178.5 -324.843
8136.98 -309.222 8189.9 -320.937
8147.22 -293.601 8200.72 -331.352
8158.91 -279.281 8211.54 -319.636
8169.73 -283.187 8222.36 -317.032
8180.84 -290.997 8234.34 -319.636
8191.95 -311.825 8244.28 -340.464
8202.77 -301.411 8255.98 -324.843
8213.88 -277.98 8267.08 -327.446
8224.11 -288.394 8277.61 -356.085
8236.1 -294.902 8289.01 -317.032
8247.2 -284.488 8300.12 -305.316
8257.14 -294.902 8311.22 -293.601
8269.42 -315.73 8322.04 -344.369
8279.65 -289.695 8333.44 -337.86
8290.76 -283.187 8344.25 -317.032
8302.16 -284.488 8355.36 -294.902
8313.27 -279.281 8365.3 -313.127
8324.38 -264.962 8376.69 -302.713
8335.48 -289.695 8387.51 -344.369
8346.59 -266.264 8399.49 -339.162
8357.4 -276.678 8409.72 -341.766
8367.63 -281.885 8420.82 -283.187
8379.03 -292.299 8432.8 -319.636
8390.14 -289.695 8442.74 -337.86
8401.24 -266.264 8454.14 -311.825
8412.06 -297.506 8465.83 -331.352
8422.87 -313.127 8476.05 -323.541
8433.97 -277.98 8488.03 -304.015
8445.37 -290.997 8498.26 -318.334
8456.47 -302.713 8508.78 -339.162
8467.87 -268.867 8520.47 -319.636
8478.1 -268.867 8531.57 -301.411
8489.49 -289.695 8542.09 -345.671
8499.72 -293.601 8553.77 -343.067
8511.11 -262.358 8564 -345.671
8522.51 -268.867 8575.98 -346.973
8533.91 -268.867 8585.62 -331.352
8543.84 -306.618 8597.89 -333.955
8556.69 -320.937 8608.7 -318.334
8566.63 -293.601 8618.92 -306.618
8577.14 -319.636 8630.31 -327.446
8589.12 -284.488 8641.41 -322.239
8599.64 -298.808 8651.93 -333.955
8610.74 -280.583 8663.61 -331.352
8621.55 -274.074 8674.42 -333.955
8632.36 -263.66 8685.81 -326.144
8643.75 -274.074 8696.62 -320.937
8654.85 -288.394 8708.3 -337.86
8665.95 -302.713 8718.82 -339.162
8677.05 -318.334 8730.21 -328.748
8688.15 -284.488 8740.43 -320.937
8698.66 -288.394 8751.82 -298.808
8710.06 -302.713 8762.04 -331.352
8722.03 -310.523 8773.43 -320.937
8731.38 -300.109 8784.53 -331.352
8742.47 -284.488 8796.5 -330.05
8754.45 -271.471 8807.31 -336.559
8764.96 -268.867 8817.53 -337.86
8775.48 -280.583 8828.92 -327.446
8787.16 -292.299 8840.01 -318.334
8797.67 -281.885 8851.11 -309.222
8809.35 -277.98 8861.92 -326.144
8820.45 -302.713 8873.01 -327.446
8831.26 -275.376 8884.11 -314.429
8842.35 -289.695 8894.62 -324.843
8852.86 -284.488 8906.59 -302.713
8864.84 -310.523 8917.69 -337.86
8875.06 -259.755 8927.61 -335.257
8886.44 -271.471 8939 -330.05
8896.95 -271.471 8950.68 -346.973
8908.05 -241.53 8961.48 -328.748
8918.56 -268.867 8972.58 -345.671
8929.95 -277.98 8983.38 -331.352
8941.34 -290.997 8994.18 -332.653
8952.43 -284.488 9006.15 -345.671
8963.82 -289.695 9016.37 -322.239
8973.45 -304.015 9027.17 -290.997
8986.01 -281.885 9038.55 -344.369
8996.22 -290.997 9049.06 -300.109
9007.32 -317.032 9060.16 -306.618
9018.99 -293.601 9072.12 -331.352
9029.8 -290.997 9083.22 -336.559
9040.31 -280.583 9093.43 -310.523
9050.81 -302.713 9104.23 -323.541
9063.07 -281.885 9115.91 -331.352
9073.58 -298.808 9127 -320.937
9084.09 -289.695 9138.09 -298.808
9095.19 -276.678 9148.6 -314.429
9106.57 -293.601 9160.57 -297.506
9118.25 -270.169 9170.78 -283.187
9127.88 -326.144 9182.46 -324.843
9139.55 -297.506 9193.26 -320.937
9150.35 -263.66 9203.76 -333.955
9162.32 -268.867 9215.15 -336.559
9172.24 -267.565 9226.24 -337.86
9183.92 -283.187 9237.91 -341.766
9194.72 -274.074 9247.25 -339.162
9204.64 -280.583 9259.22 -315.73
9217.19 -276.678 9270.01 -328.748
9227.4 -267.565 9280.81 -350.878
9238.2 -281.885 9292.49 -326.144
9249.59 -290.997 9303.28 -322.239
9261.26 -272.773 9314.37 -331.352
9270.89 -292.299 9324.59 -331.352
9282.85 -301.411 9336.26 -281.885
9294.24 -271.471 9346.47 -323.541
9304.45 -292.299 9358.44 -320.937
9315.83 -280.583 9368.94 -317.032
9325.46 -284.488 9380.32 -305.316
9338.89 -296.204 9391.7 -333.955
9349.68 -246.737 9402.5 -352.18
9360.48 -262.358 9412.71 -301.411
9371.57 -272.773 9424.09 -288.394
9381.78 -294.902 9435.47 -314.429
9393.16 -261.057 9446.85 -345.671
9403.96 -293.601 9457.35 -298.808
9415.04 -298.808 9468.44 -300.109
9424.97 -248.039 9479.82 -317.032
9436.93 -292.299 9489.45 -337.86
9447.14 -284.488 9501.7 -332.653
9459.4 -259.755 9512.5 -327.446
9469.9 -305.316 9523.58 -315.73
9480.7 -297.506 9534.67 -339.162
9491.2 -290.997 9545.76 -350.878
9503.16 -280.583 9556.55 -322.239
9514.25 -290.997 9567.64 -327.446
9523.88 -289.695 9578.43 -296.204
9536.13 -274.074 9589.81 -354.783
9546.63 -288.394 9600.02 -309.222
9557.43 -284.488 9611.98 -317.032
9569.39 -287.092 9623.36 -307.92
9580.18 -293.601 9634.16 -305.316
9590.98 -257.151 9644.07 -302.713
9601.48 -274.074 9655.45 -323.541
9613.15 -285.79 9666.83 -346.973
9623.95 -287.092 9678.2 -315.73
9635.03 -281.885 9689 -345.671
9646.41 -246.737 9699.21 -361.292
9656.91 -317.032 9711.17 -331.352
9668.58 -258.453 9722.25 -315.73
9679.08 -257.151 9733.05 -307.92
9690.17 -262.358 9744.42 -365.197
9701.25 -292.299 9755.51 -301.411
9711.75 -294.902 9766.3 -332.653
9723.13 -288.394 9777.09 -323.541
9734.22 -266.264 9788.76 -346.973
9745.59 -293.601 9798.68 -324.843
9756.09 -292.299 9809.47 -309.222
9766.89 -297.506 9821.72 -350.878
9778.55 -283.187 9832.81 -296.204
9789.93 -267.565 9843.89 -304.015
9799.85 -249.341 9854.39 -320.937
9810.93 -266.264 9865.48 -333.955
9821.43 -261.057 9876.56 -318.334
9832.22 -274.074 9887.94 -346.973
9845.06 -241.53 9898.73 -281.885
9854.39 -300.109 9909.52 -354.783
9866.35 -270.169 9920.61 -309.222
9876.85 -298.808 9932.56 -335.257
9887.94 -284.488 9941.9 -324.843
9899.02 -289.695 9953.86 -352.18
9910.11 -346.973 9964.94 -345.671
9920.61 -297.506 9976.02 -323.541
9931.98 -271.471 9987.4 -318.334
9943.65 -267.565 9998.48 -331.352
9953.86 -261.057 10008.7 -317.032
9965.23 -274.074 10019.8 -349.576
9976.61 -272.773 10030.8 -302.713
9987.4 -267.565 10042.5 -349.576
9998.48 -258.453 10053 -319.636
10009.6 -254.548 10063.5 -332.653
10020.6 -280.583 10074.6 -320.937
10031.7 -304.015 10086 -304.015
10042.8 -293.601 10096.8 -322.239
10053.9 -281.885 10108.4 -330.05
10064.4 -281.885 10119.2 -328.748
10074.9 -283.187 10130 -319.636
10086.3 -268.867 10141.4 -317.032
10097.1 -279.281 10152.5 -339.162
10107.8 -277.98 10163 -333.955
10119.2 -262.358 10174.6 -335.257
10129.4 -250.643 10186 -352.18
10142 -268.867 10196.5 -348.274
10152.5 -318.334 10207 -333.955
10163.6 -320.937 10218.1 -345.671
10174.6 -294.902 10229.5 -359.99
10184.9 -289.695 10241.1 -341.766
10196.5 -263.66 10251.9 -335.257
10207 -259.755 10262.4 -327.446
10218.7 -277.98 10274.1 -327.446
10229.2 -283.187 10284.6 -349.576
10240.8 -288.394 10296.3 -310.523
10251.9 -320.937 10307.6 -337.86
10262.1 -274.074 10317 -336.559
10273.2 -281.885 10328 -357.387
10284.9 -301.411 10340 -332.653
10295.4 -253.246 10350.5 -323.541
10306.8 -259.755 10361.6 -322.239
10318.1 -280.583 10373.3 -292.299
10328.3 -270.169 10383.5 -314.429
10339.4 -242.832 10395.7 -306.618
10350.2 -271.471 10406.8 -294.902
10362.2 -270.169 10416.4 -339.162
10372.7 -261.057 10429.5 -344.369
10382.9 -251.944 10438.6 -296.204
10394.8 -292.299 10450.2 -343.067
10405.9 -302.713 10461.6 -320.937
10416.7 -262.358 10472.4 -315.73
10427.2 -261.057 10482.6 -317.032
10438.6 -268.867 10494.9 -324.843
10449.1 -267.565 10505.1 -310.523
10461 -280.583 10516.2 -319.636
10471.8 -289.695 10526.6 -296.204
10482 -277.98 10538.3 -326.144
10494 -300.109 10549.4 -352.18
10504.2 -268.867 10560.2 -309.222
10515.3 -319.636 10571.9 -306.618
10526.6 -310.523 10582.4 -332.653
10537.7 -300.109 10593.7 -337.86
10548.8 -276.678 10604.2 -341.766
10560.2 -305.316 10615.6 -320.937
10571.3 -259.755 10625.8 -311.825
10581.8 -270.169 10637.8 -332.653
10592.6 -207.685 10648.9 -305.316
10603.9 -266.264 10660.2 -281.885
10615 -262.358 10671 -298.808
10625.5 -279.281 10681.8 -301.411
10637.5 -309.222 10692.6 -284.488
10647.7 -287.092 10703.4 -331.352
10658.8 -284.488 10715.4 -320.937
10670.4 -266.264 10725.9 -326.144
10681.2 -281.885 10737.8 -320.937
10692 -298.808 10748 -337.86
10702.5 -277.98 10758.8 -358.688
10713 -267.565 10770.2 -313.127
10724.1 -290.997 10781 -320.937
10735.8 -285.79 10792.6 -301.411
10746.3 -292.299 10802.9 -310.523
10757.1 -281.885 10813.7 -292.299
10768.7 -287.092 10825.3 -314.429
10780.1 -272.773 10835.2 -315.73
10790.3 -262.358 10847.5 -333.955
10801.1 -240.229 10857.7 -318.334
10813.4 -270.169 10869.1 -371.706
10823.6 -276.678 10880.7 -337.86
10834.9 -292.299 10891.2 -322.239
10846.3 -249.341 10902.3 -324.843
10857.1 -253.246 10913.4 -331.352
10867.3 -275.376 10923.9 -328.748
10879.9 -275.376 10934.7 -302.713
10889.2 -263.66 10945.8 -279.281
10900.3 -277.98 10957.7 -296.204
10912.2 -279.281 10968.5 -322.239
10922.7 -297.506 10980.2 -317.032
10934.1 -289.695 10991.3 -296.204
10945.2 -263.66 11002.4 -335.257
10955.7 -276.678 11012.3 -327.446
10967.4 -281.885 11023.7 -348.274
10977.9 -270.169 11035 -323.541
10989 -255.85 11045.6 -332.653
10999.8 -245.436 11056.1 -313.127
11010.8 -240.229 11068 -311.825
11021.9 -275.376 11078.2 -318.334
11032.4 -284.488 11089.6 -301.411
11044.4 -296.204 11101.9 -283.187
11054.6 -262.358 11111.8 -327.446
11066 -280.583 11123.2 -327.446
11077.6 -270.169 11133.1 -309.222
11087.9 -254.548 11145 -330.05
11099.2 -253.246 11156.1 -356.085
11109.1 -270.169 11166 -336.559
11120.5 -283.187 11177.7 -358.688
11131.9 -253.246 11189.1 -296.204
11142.1 -223.306 11200.5 -313.127
11153.2 -270.169 11211.6 -327.446
11165.5 -271.471 11222.3 -307.92
11175.7 -264.962 11233.7 -276.678
11187.6 -275.376 11243.6 -305.316
11198.4 -281.885 11255 -306.618
11208.9 -298.808 11266.4 -345.671
11220.3 -276.678 11277.8 -306.618
11231.7 -292.299 11288.3 -340.464
11242.2 -244.134 11299.1 -336.559
11252.1 -267.565 11310.5 -311.825
11263.5 -222.004 11321.8 -324.843
11274.9 -255.85 11331.8 -337.86
11286.5 -293.601 11343.4 -359.99
11297.3 -287.092 11355.4 -328.748
11308.1 -281.885 11365.9 -336.559
11318.6 -266.264 11377.3 -341.766
11330 -259.755 11387.5 -331.352
11341.7 -267.565 11398.9 -307.92
11351 -263.66 11409.7 -314.429
11362.7 -277.98 11421 -324.843
11374.7 -236.323 11430.7 -345.671
11385.2 -245.436 11443.2 -319.636
11396.2 -235.022 11454.3 -314.429
11406.8 -235.022 11464.5 -298.808
11417.6 -253.246 11476.5 -300.109
11429.5 -263.66 11487.3 -320.937
11440.3 -249.341 11497.2 -353.481
11450.5 -249.341 11509.2 -307.92
11462.2 -232.418 11520.6 -307.92
11473 -242.832 11531.4 -306.618
11484.4 -238.927 11542.2 -333.955
11494.9 -268.867 11553.5 -317.032
11506.3 -228.513 11563.8 -310.523
11516.8 -223.306 11575.1 -324.843
11528.1 -271.471 11585.9 -309.222
11540.1 -231.116 11598.2 -311.825
11549.5 -257.151 11609 -335.257
11560.8 -245.436 11618.9 -332.653
11572.2 -255.85 11630 -322.239
11583.3 -248.039 11641.7 -306.618
11594.7 -202.478 11652.2 -289.695
11604.9 -242.832 11663.6 -326.144
11616.3 -233.72 11674.4 -292.299
11626.8 -224.608 11685.5 -305.316
11637.6 -205.081 11696.6 -304.015
11649.3 -235.022 11707.7 -311.825
11660.4 -188.158 11719.3 -304.015
11671.2 -180.348 11730.1 -313.127
11681.7 -206.383 11740.9 -294.902
11692.5 -224.608 11751.7 -326.144
11704.1 -240.229 11762.5 -296.204
11715.2 -223.306 11773.9 -280.583
11726.3 -192.064 11785 -326.144
11737.1 -225.909 11795.8 -348.274
11747.9 -214.194 11807.2 -309.222
11758.5 -194.667 11817.7 -314.429
11770.4 -167.33 11829.1 -310.523
11781.2 -154.313 11839.9 -335.257
11791.7 -171.236 11850.4 -330.05
11802.5 -162.123 11861.2 -317.032
11813.6 -184.253 11873.2 -311.825
11825 -195.969 11884 -320.937
11836.7 -207.685 11895.1 -297.506
11846.6 -225.909 11906.2 -333.955
11858.6 -203.779 11916.4 -343.067
11868.8 -188.158 11928.7 -313.127
11880.5 -173.839 11939.2 -313.127
11891.3 -142.597 11950.6 -302.713
11902.1 -134.786 11962 -319.636
11913.2 -151.709 11971 -298.808
11924 -113.958 11984.4 -309.222
11935.1 -172.537 11994.4 -274.074
11946.2 -190.762 12005.5 -304.015
11957.9 -151.709 12016.9 -287.092
11969 -184.253 12027.4 -304.015
11978.9 -195.969 12038.5 -292.299
11990 -190.762 12050.1 -289.695
12002.3 -167.33 12060.7 -306.618
12012.8 -179.046 12072.3 -289.695
12023.3 -159.52 12082.3 -268.867
12033.8 -125.674 12093.7 -307.92
12045.5 -103.544 12104.8 -310.523
12056.9 -77.5092 12116.1 -287.092
12066.5 -117.864 12127.5 -285.79
12077.6 -115.26 12137.5 -275.376
12088.7 -97.0355 12149.7 -271.471
12100.1 -159.52 12160 -293.601
12110 -147.804 12171.1 -317.032
12122.6 -172.537 12182.7 -283.187
12133.1 -160.822 12192.7 -288.394
12144.8 -137.39 12203.8 -306.618
12155 -155.615 12214.9 -314.429
12166.4 -155.615 12226.9 -284.488
12177.2 -142.597 12237.1 -293.601
12188.3 -77.5092 12248.2 -318.334
12199.7 -68.3969 12259.3 -275.376
12210.5 -50.1723 12270.7 -294.902
12220.7 -59.2846 12281.2 -298.808
12232.4 -46.267 12291.7 -277.98
12243.2 -107.45 12303.4 -280.583
12254 -151.709 12314.5 -292.299
12265.1 -137.39 12326.2 -270.169
12276.5 -121.769 12337 -264.962
12287.6 -142.597 12347.2 -314.429
12297 -121.769 12358.3 -319.636
12309.2 -89.225 12368.6 -320.937
12320.6 -98.3372 12381.4 -380.818
12331.1 -61.8881 12392.5 -302.713
12342.5 -34.5512 12402.2 -309.222
12353.4 -89.225 12414.4 -270.169
12364.5 -41.06 12425.5 -298.808
12375.3 -71.0004 12434.9 -285.79
12385.5 -90.5267 12447.4 -270.169
12398.1 -123.071 12459.4 -248.039
12408.6 -119.165 12468.5 -267.565
12418.5 -98.3372 12479.9 -276.678
12430.5 -72.3021 12491.3 -293.601
12441.6 -69.6986 12502.4 -322.239
12452.7 -78.8109 12513.2 -356.085
12463.2 13.6137 12524.6 -378.215
12474.3 34.4418 12535.1 -314.429
12485.4 21.4243 12546.2 -350.878
12496.2 39.6489 12557.3 -301.411
12507.4 34.4418 12568.4 -285.79
12518.4 25.3295 12578.7 -242.832
12529.6 21.4243 12590.6 -249.341
12541 -5.91259 12602 -290.997
12551.2 3.1997 12612.6 -231.116
12562.6 33.1401 12623.4 -263.66
12572.8 35.7436 12635.1 -284.488
12584.2 38.3471 12646.2 -296.204
12595.9 89.1156 12657 -290.997
12606.1 90.4173 12667.5 -257.151
12616.9 82.6068 12679.5 -246.737
12628.6 103.435 12689.7 -231.116
12638.9 126.866 12701.1 -192.064
12650.6 109.944 12711.7 -224.608
12661.7 141.186 12723.4 -194.667
12672.2 115.151 12733.9 -190.762
12682.7 113.849 12745 -223.306
12693.8 100.831 12755.8 -216.797
12705.2 128.168 12767.2 -250.643
12716.3 128.168 12778.6 -233.72
12727.4 103.435 12788.9 -264.962
12737.7 163.316 12800.5 -263.66
12749.1 171.126 12812.5 -211.59
12760.2 225.8 12821.9 -188.158
12770.7 251.835 12834.5 -181.65
12781.5 217.989 12845.6 -151.709
12794.1 246.628 12855.2 -128.278
12804.3 257.042 12866 -99.639
12815.5 284.379 12878.6 -73.6039
12825.1 271.361 12888.6 -145.2
12838.3 283.077 12899.7 -147.804
12848.5 271.361 12911.4 -177.744
12858.1 319.526 12922.2 -205.081
12870.1 326.035 12933.3 -198.572
12881.8 348.165 12944.4 -177.744
12892.4 368.993 12954.7 -166.029
12903.2 409.347 12965.8 -116.562
12914.6 362.484 12976.9 -102.243
12924.8 378.105 12988.9 -90.5267
12935.9 391.123 12999.1 -61.8881
12947.3 430.176 13010.2 -63.1898
12959 396.33 13021 -73.6039
12969.9 391.123 13032.7 -77.5092
12980.1 404.14 13043.6 -89.225
12991.8 431.477 13054.4 -133.485
13002 423.667 13065.5 -99.639
13013.1 437.986 13076 -93.1302
13023.7 467.926 13088.6 -93.1302
13035.4 514.79 13099.1 -13.7231
13046.8 506.979 13109.7 51.3647
13056.4 495.263 13120.5 63.0805
13067.8 513.488 13132.2 82.6068
13079.8 517.393 13143 115.151
13090.4 519.997 13154.1 121.659
13101.2 566.86 13165.3 83.9085
13112.3 565.558 13176.1 65.684
13124 585.084 13187.8 77.3998
13134.5 603.309 13198.6 73.4945
13145.1 607.214 13209.1 66.9857
13155.6 634.551 13220.5 80.0033
13167.9 654.078 13232 132.074
13177.8 644.965 13242.8 145.091
13189.2 652.776 13254.5 202.368
13200.6 641.06 13265 236.214
13211.5 672.302 13275 296.095
13221.4 712.657 13287.5 289.586
13233.4 690.527 13297.8 292.189
13244.2 734.786 13308.3 302.604
13255.1 700.941 13319.7 310.414
13266.5 745.2 13332 296.095
13277 767.33 13342.6 294.793
13288.1 779.046 13352.2 264.853
13299 838.927 13364.5 323.432
13310.1 833.72 13375.3 385.916
13321.5 842.832 13386.5 355.975
13332 858.453 13398.2 439.288
13343.4 850.643 13408.7 497.867
13354.6 842.832 13420.7 444.495
13365.4 840.229 13431.8 469.228
13376.2 871.471 13442.6 517.393
13386.8 841.53 13453.5 519.997
13398.2 868.867 13464.9 547.334
13409.3 902.713 13476.6 543.428
13419.8 952.18 13488 551.239
13430.9 923.541 13496.5 590.291
13441.8 890.997 13497.7 672.302
13453.2 811.59 13486.3 685.32
13465.5 785.555 13475.1 745.2
