8011.23 -314.429 8024.98 -294.902
8006.26 -306.618 8035.22 -302.713
8001.87 -271.471 8046.62 -270.169
8005.67 -289.695 8057.44 -287.092
8015.33 -267.565 8067.39 -283.187
8025.56 -275.376 8078.5 -302.713
8036.97 -281.885 8089.9 -285.79
8048.38 -272.773 8101.02 -280.583
8059.2 -298.808 8112.71 -318.334
8070.02 -290.997 8123.82 -315.73
8081.71 -309.222 8134.64 -333.955
8092.83 -274.074 8145.17 -323.541
8103.65 -304.015 8156.87 -318.334
8114.47 -294.902 8167.98 -340.464
8125.29 -309.222 8178.21 -304.015
8136.98 -279.281 8189.61 -280.583
8147.51 -290.997 8201.31 -297.506
8159.2 -287.092 8211.83 -300.109
8169.44 -285.79 8222.07 -294.902
8180.26 -258.453 8233.76 -298.808
8191.37 -277.98 8244.57 -340.464
8203.35 -263.66 8256.27 -314.429
8214.46 -293.601 8266.79 -310.523
8224.7 -275.376 8278.49 -339.162
8236.1 -274.074 8289.01 -330.05
8246.91 -289.695 8300.12 -337.86
8257.73 -274.074 8310.93 -301.411
8269.13 -250.643 8322.04 -290.997
8280.24 -257.151 8333.44 -323.541
8290.76 -242.832 8343.96 -301.411
8301.58 -274.074 8354.77 -271.471
8313.27 -254.548 8365.59 -307.92
8324.67 -255.85 8377.57 -281.885
8335.19 -245.436 8388.09 -311.825
8346.01 -284.488 8398.61 -330.05
8357.11 -297.506 8410.01 -306.618
8367.63 -292.299 8420.82 -311.825
8379.62 -263.66 8433.1 -322.239
8389.84 -261.057 8443.32 -272.773
8400.95 -254.548 8454.14 -324.843
8413.52 -287.092 8465.24 -264.962
8422.87 -249.341 8476.34 -332.653
8434.26 -268.867 8487.45 -287.092
8445.66 -267.565 8498.55 -300.109
8457.06 -297.506 8509.36 -294.902
8467.29 -264.962 8520.76 -298.808
8478.1 -250.643 8531.86 -297.506
8489.79 -276.678 8542.09 -319.636
8500.89 -267.565 8553.48 -314.429
8511.41 -290.997 8564.58 -330.05
8522.51 -277.98 8575.98 -328.748
8534.2 -289.695 8586.2 -300.109
8544.42 -292.299 8598.18 -280.583
8555.82 -272.773 8608.11 -259.755
8566.63 -254.548 8619.8 -274.074
8578.02 -257.151 8630.6 -318.334
8588.54 -280.583 8641.12 -296.204
8600.52 -288.394 8653.1 -315.73
8610.74 -288.394 8662.74 -352.18
8622.13 -257.151 8673.84 -333.955
8633.53 -283.187 8686.1 -311.825
8644.04 -287.092 8696.33 -318.334
8654.56 -279.281 8707.72 -314.429
8664.78 -302.713 8719.11 -288.394
8677.34 -283.187 8730.21 -267.565
8688.44 -296.204 8740.72 -328.748
8698.66 -293.601 8752.4 -319.636
8710.35 -244.134 8762.33 -301.411
8721.15 -289.695 8773.43 -292.299
8732.55 -289.695 8784.82 -302.713
8744.52 -262.358 8795.63 -331.352
8754.16 -261.057 8807.31 -323.541
8764.67 -284.488 8817.24 -315.73
8776.06 -301.411 8828.92 -317.032
8787.16 -284.488 8840.31 -287.092
8798.26 -283.187 8851.4 -276.678
8809.06 -268.867 8862.79 -306.618
8820.16 -293.601 8872.43 -307.92
8831.84 -290.997 8884.4 -297.506
8842.64 -314.429 8894.91 -327.446
8852.28 -254.548 8906.59 -317.032
8863.67 -294.902 8917.39 -310.523
8875.06 -279.281 8929.07 -331.352
8885.86 -292.299 8939.29 -271.471
8896.95 -305.316 8949.22 -353.481
8908.34 -310.523 8961.77 -314.429
8918.56 -276.678 8971.99 -271.471
8931.12 -280.583 8983.67 -293.601
8941.34 -290.997 8994.18 -274.074
8952.14 -327.446 9005.86 -280.583
8963.53 -290.997 9015.2 -279.281
8973.45 -250.643 9027.17 -317.032
8985.42 -292.299 9037.68 -326.144
8995.93 -274.074 9049.35 -317.032
9007.61 -294.902 9061.91 -320.937
9018.7 -266.264 9072.12 -327.446
9029.5 -297.506 9082.92 -322.239
9041.47 -296.204 9092.27 -336.559
9050.81 -262.358 9103.94 -297.506
9062.2 -289.695 9115.91 -285.79
9072.71 -279.281 9127 -279.281
9084.68 -294.902 9138.09 -285.79
9095.77 -237.625 9148.31 -304.015
9106.57 -284.488 9159.69 -290.997
9117.95 -246.737 9170.78 -322.239
9129.05 -297.506 9181.87 -339.162
9139.84 -310.523 9193.55 -331.352
9149.77 -310.523 9203.76 -315.73
9161.74 -275.376 9215.15 -307.92
9172.53 -297.506 9225.07 -336.559
9183.04 -272.773 9237.62 -277.98
9195.3 -322.239 9247.54 -305.316
9205.23 -251.944 9259.22 -319.636
9216.02 -238.927 9270.01 -267.565
9227.11 -270.169 9280.52 -263.66
9238.79 -255.85 9291.32 -297.506
9249.3 -263.66 9302.7 -309.222
9260.09 -270.169 9314.37 -310.523
9270.89 -300.109 9324.59 -313.127
9283.14 -296.204 9335.09 -336.559
9293.94 -270.169 9347.35 -345.671
9304.45 -285.79 9357.85 -330.05
9315.83 -283.187 9369.23 -300.109
9326.92 -279.281 9380.32 -296.204
9337.72 -280.583 9391.41 -262.358
9348.81 -257.151 9402.79 -289.695
9360.48 -275.376 9413.59 -304.015
9370.11 -258.453 9423.8 -328.748
9382.36 -280.583 9435.47 -327.446
9392.87 -276.678 9445.97 -332.653
9404.25 -279.281 9457.64 -343.067
9415.04 -279.281 9468.73 -348.274
9426.13 -280.583 9479.53 -340.464
9436.64 -283.187 9490.32 -332.653
9447.43 -276.678 9501.12 -314.429
9459.4 -292.299 9513.37 -275.376
9470.48 -274.074 9523.29 -274.074
9480.99 -268.867 9534.67 -309.222
9492.37 -285.79 9546.05 -298.808
9502.58 -275.376 9557.43 -300.109
9514.54 -276.678 9566.76 -279.281
9525.04 -250.643 9578.43 -315.73
9536.13 -270.169 9590.1 -350.878
9546.34 -238.927 9600.61 -330.05
9557.43 -285.79 9611.98 -315.73
9569.1 -268.867 9621.9 -333.955
9580.18 -281.885 9634.16 -297.506
9591.27 -258.453 9645.24 -272.773
9601.48 -310.523 9656.03 -305.316
9613.15 -288.394 9667.12 -298.808
9623.95 -285.79 9677.62 -306.618
9635.03 -254.548 9688.71 -284.488
9646.7 -246.737 9699.5 -294.902
9657.2 -253.246 9711.46 -306.618
9668.29 -267.565 9721.96 -310.523
9678.79 -262.358 9733.34 -344.369
9690.46 -302.713 9744.42 -340.464
9700.67 -272.773 9755.22 -350.878
9712.05 -254.548 9766.3 -322.239
9722.25 -275.376 9777.39 -281.885
9734.22 -317.032 9788.18 -287.092
9745.3 -302.713 9798.68 -296.204
9755.22 -267.565 9810.35 -305.316
9767.18 -263.66 9820.27 -293.601
9777.97 -272.773 9831.93 -289.695
9789.64 -270.169 9843.89 -332.653
9800.14 -263.66 9854.1 -304.015
9811.23 -268.867 9864.6 -309.222
9822.89 -257.151 9876.27 -302.713
9833.68 -267.565 9888.23 -346.973
9845.06 -255.85 9899.32 -319.636
9855.56 -271.471 9909.52 -309.222
9866.06 -296.204 9921.48 -322.239
9877.44 -240.229 9931.11 -302.713
9889.11 -289.695 9943.07 -319.636
9899.32 -264.962 9953.56 -285.79
9910.69 -272.773 9965.23 -310.523
9920.9 -275.376 9975.73 -311.825
9932.27 -277.98 9987.69 -318.334
9943.36 -266.264 9997.9 -300.109
9953.56 -249.341 10008.4 -324.843
9964.94 -275.376 10020.4 -357.387
9975.44 -270.169 10031.4 -331.352
9986.82 -300.109 10042.5 -323.541
9998.48 -270.169 10052.7 -310.523
10010.4 -255.85 10063.8 -318.334
10019.5 -258.453 10074.9 -315.73
10031.1 -257.151 10086 -304.015
10041.6 -250.643 10097.1 -311.825
10052.7 -264.962 10108.1 -309.222
10064.4 -264.962 10119.2 -318.334
10076.1 -257.151 10130 -322.239
10087.1 -272.773 10141.7 -314.429
10096.8 -238.927 10152.2 -284.488
10107.8 -249.341 10164.7 -333.955
10118.6 -296.204 10174.4 -344.369
10130 -298.808 10185.7 -323.541
10141.7 -262.358 10196.8 -301.411
10151.9 -276.678 10207.6 -315.73
10163.9 -298.808 10218.1 -307.92
10173.8 -257.151 10229.2 -301.411
10185.4 -272.773 10240.8 -323.541
10197.1 -271.471 10250.8 -326.144
10207.3 -279.281 10262.4 -310.523
10219.3 -245.436 10273.5 -344.369
10228.6 -259.755 10284.6 -320.937
10240.8 -294.902 10294.8 -318.334
10251.3 -257.151 10306.5 -319.636
10262.4 -261.057 10318.4 -309.222
10273.8 -275.376 10328.6 -319.636
10284.9 -236.323 10340.3 -320.937
10295.4 -253.246 10349.9 -317.032
10306.2 -229.815 10361.9 -319.636
10317 -262.358 10373.3 -326.144
10328.6 -263.66 10384.3 -328.748
10339.4 -220.702 10395.1 -319.636
10350.5 -202.478 10406.2 -311.825
10361.9 -257.151 10417.3 -302.713
10372.4 -267.565 10427.8 -272.773
10382.9 -261.057 10439.2 -313.127
10394.5 -264.962 10449.9 -306.618
10406.5 -284.488 10461.3 -283.187
10416.1 -238.927 10471.5 -323.541
10427.2 -280.583 10483.5 -314.429
10439.2 -241.53 10494.6 -327.446
10449.7 -254.548 10504.5 -315.73
10461.3 -274.074 10516.5 -328.748
10471.5 -264.962 10526.9 -309.222
10482.9 -281.885 10538 -318.334
10494.3 -236.323 10549.7 -365.197
10504.5 -258.453 10560.5 -335.257
10515.9 -254.548 10571.3 -315.73
10526.4 -238.927 10582.1 -317.032
10537.2 -253.246 10593.4 -310.523
10548.8 -266.264 10604.5 -313.127
10559 -218.099 10615.3 -296.204
10570.4 -275.376 10625.8 -333.955
10582.1 -268.867 10638.4 -350.878
10592 -261.057 10648.6 -362.594
10603.6 -249.341 10659.6 -310.523
10614.7 -287.092 10671 -370.404
10625.5 -236.323 10682.4 -352.18
10636.9 -271.471 10693.2 -289.695
10648 -259.755 10703.7 -276.678
10658.8 -248.039 10714.2 -301.411
10670.4 -258.453 10726.4 -255.85
10680.9 -253.246 10736.9 -292.299
10691.4 -259.755 10747.4 -293.601
10702.8 -236.323 10758.8 -337.86
10713.3 -271.471 10770.5 -337.86
10725.3 -266.264 10780.4 -327.446
10735.5 -285.79 10792.1 -339.162
10747.1 -263.66 10803.7 -340.464
10757.9 -248.039 10814.8 -333.955
10768.7 -245.436 10824.4 -328.748
10779.5 -302.713 10835.8 -319.636
10790.9 -245.436 10847.5 -301.411
10802 -266.264 10858.3 -294.902
10813.1 -258.453 10869.1 -320.937
10823.3 -229.815 10879.9 -319.636
10835.2 -264.962 10891.5 -307.92
10846.9 -231.116 10902.3 -336.559
10856.2 -258.453 10913.1 -315.73
10868.5 -257.151 10924.2 -341.766
10878.1 -267.565 10935.6 -344.369
10889.8 -275.376 10946.7 -318.334
10900.6 -279.281 10957.2 -300.109
10911.9 -248.039 10969.4 -306.618
10922.7 -241.53 10979.9 -288.394
10933.8 -280.583 10991.6 -293.601
10945.2 -289.695 11001.2 -288.394
10955.1 -258.453 11012 -293.601
10966.8 -244.134 11023.4 -319.636
10977.9 -271.471 11034.2 -322.239
10989.3 -245.436 11046.1 -335.257
10999.5 -249.341 11056.9 -306.618
11011.4 -268.867 11068.3 -363.895
11021.9 -271.471 11079.4 -353.481
11033.3 -236.323 11089 -353.481
11044.7 -232.418 11101.3 -318.334
11054.9 -277.98 11111.8 -319.636
11066.3 -263.66 11123.2 -290.997
11076.5 -241.53 11134.2 -293.601
11087.9 -263.66 11145 -310.523
11098.4 -228.513 11155.8 -290.997
11109.7 -242.832 11166.6 -309.222
11122 -248.039 11177.7 -327.446
11131 -238.927 11189.4 -332.653
11143.6 -251.944 11199.9 -330.05
11153.5 -258.453 11211.3 -288.394
11164.9 -232.418 11222.6 -323.541
11176 -264.962 11232.5 -336.559
11186.8 -270.169 11244.2 -307.92
11198.4 -231.116 11256.2 -287.092
11208.9 -246.737 11266.7 -280.583
11220.3 -285.79 11277.2 -290.997
11230.8 -245.436 11287.7 -290.997
11241.9 -233.72 11300 -322.239
11252.4 -248.039 11311 -374.309
11264.1 -241.53 11322.1 -337.86
11274 -254.548 11332.6 -352.18
11285.6 -255.85 11343.7 -353.481
11296.7 -250.643 11355.1 -358.688
11307 -251.944 11364.7 -354.783
11318.9 -236.323 11377 -348.274
11330.6 -248.039 11386.9 -358.688
11340.8 -263.66 11399.8 -345.671
11352.5 -240.229 11410 -343.067
11362.4 -266.264 11419.9 -324.843
11373.5 -272.773 11431 -348.274
11385.5 -251.944 11442.1 -339.162
11395.9 -220.702 11454 -341.766
11406.8 -250.643 11465.1 -341.766
11417.6 -245.436 11475.6 -332.653
11429.2 -249.341 11487.3 -356.085
11440.6 -231.116 11498.1 -367.801
11450.5 -219.401 11509.2 -323.541
11461.6 -225.909 11519.7 -297.506
11472.7 -214.194 11530.8 -315.73
11483.8 -202.478 11541.9 -327.446
11495.5 -211.59 11553.5 -335.257
11506.6 -255.85 11563.8 -343.067
11516.5 -228.513 11575.1 -357.387
11527.9 -219.401 11586.5 -330.05
11539.5 -248.039 11598.2 -345.671
11549.5 -222.004 11608.4 -327.446
11560.8 -214.194 11619.5 -331.352
11572.2 -212.892 11630.6 -307.92
11582.7 -192.064 11640.5 -322.239
11594.1 -215.495 11651.3 -267.565
11604.6 -224.608 11663 -307.92
11616 -211.59 11675 -305.316
11626.5 -237.625 11685.2 -352.18
11638.2 -219.401 11696 -367.801
11648.7 -236.323 11707.7 -359.99
11660.1 -220.702 11718.5 -335.257
11671.2 -179.046 11729.5 -352.18
11681.7 -219.401 11740.6 -322.239
11692.8 -212.892 11752 -315.73
11703.9 -207.685 11762.2 -294.902
11716.1 -190.762 11774.8 -309.222
11725.8 -228.513 11785 -271.471
11737.7 -220.702 11795.5 -279.281
11748.5 -223.306 11806.3 -327.446
11759 -227.211 11818.3 -293.601
11769.8 -192.064 11829.1 -352.18
11780.6 -238.927 11839.9 -369.102
11792.3 -208.986 11851.6 -349.576
11802.5 -227.211 11861.8 -336.559
11814.8 -218.099 11873.5 -341.766
11825.6 -184.253 11883.4 -324.843
11836.1 -206.383 11896 -254.548
11846.6 -215.495 11906.5 -292.299
11858.3 -184.253 11917.3 -305.316
11869.1 -168.632 11927.5 -264.962
11879.6 -172.537 11938 -281.885
11891.9 -173.839 11950 -300.109
11902.4 -146.502 11961.4 -332.653
11912.9 -194.667 11972.5 -349.576
11925.2 -156.916 11983.3 -354.783
11936 -198.572 11994.7 -363.895
11946.8 -171.236 12005.5 -346.973
11957.3 -138.692 12016.6 -294.902
11968.4 -153.011 12027.7 -262.358
11978.9 -150.407 12039 -208.986
11990.9 -158.218 12049.6 -241.53
12000.8 -120.467 12060.4 -232.418
12012.2 -166.029 12072.3 -255.85
12022.7 -149.106 12082.9 -293.601
12034.4 -143.899 12093.9 -309.222
12044.9 -134.786 12105.1 -313.127
12056.3 -168.632 12116.1 -335.257
12067.4 -132.183 12127.3 -366.499
12078.5 -139.993 12137.8 -336.559
12089 -93.1302 12148.9 -281.885
12099.5 -120.467 12159.7 -259.755
12112.1 -126.976 12171.4 -198.572
12122.3 -100.941 12182.4 -214.194
12133.1 -117.864 12193.3 -198.572
12143.9 -100.941 12204.1 -216.797
12155.6 -74.9056 12215.2 -257.151
12165.8 -82.7162 12226.6 -293.601
12177.5 -89.225 12237.1 -349.576
12188.3 -104.846 12248.5 -361.292
12199.1 -138.692 12258.7 -328.748
12209.9 -91.8285 12270.4 -344.369
12221 -119.165 12281.5 -320.937
12231.8 -106.148 12293.2 -258.453
12243.5 -103.544 12303.7 -215.495
12254 -93.1302 12314.5 -198.572
12265.7 -68.3969 12325.9 -156.916
12276.2 -56.6811 12336.1 -199.874
12288.2 -94.432 12347.5 -240.229
12297.8 -100.941 12358.6 -255.85
12309.8 -100.941 12370 -259.755
12321.2 -102.243 12380.2 -326.144
12330.6 -85.3197 12391.9 -314.429
12342.5 -77.5092 12403.3 -327.446
12353.1 -87.9232 12413.3 -290.997
12364.8 -81.4144 12425.5 -301.411
12375.3 -54.0776 12435.8 -233.72
12386.1 -33.2495 12447.4 -168.632
12397.2 -69.6986 12457.7 -154.313
12408.3 -57.9828 12468.5 -205.081
12419.4 -78.8109 12480.8 -220.702
12429.9 -82.7162 12491 -227.211
12441.6 -48.8705 12502.7 -271.471
12453 -38.4565 12513.2 -296.204
12463.8 -31.9477 12524.6 -363.895
12474 8.40672 12535.1 -397.741
12484.9 0.596186 12546.5 -383.422
12496.5 0.596186 12558.2 -339.162
12507.9 43.5541 12568.1 -268.867
12518.8 18.8208 12579.3 -268.867
12529.6 26.6313 12590.1 -257.151
12540.7 -29.3442 12602.6 -229.815
12551.8 -25.4389 12612.9 -242.832
12562 7.10496 12623.7 -272.773
12572.2 -9.81786 12635.4 -333.955
12583.9 -21.5337 12645.3 -374.309
12596.2 22.726 12656.7 -354.783
12606.4 39.6489 12667.2 -369.102
12617.5 74.7963 12678.9 -337.86
12627.8 130.772 12689.7 -339.162
12639.8 146.393 12700.5 -237.625
12649.7 109.944 12712.5 -231.116
12661.7 128.168 12723.1 -194.667
12671.9 126.866 12734.2 -143.899
12683 126.866 12744.7 -182.951
12694.4 95.6243 12755.5 -242.832
12704.7 81.305 12767.5 -277.98
12716.6 95.6243 12779.2 -274.074
12727.4 125.565 12789.1 -240.229
12738 138.582 12800 -346.973
12749.1 154.203 12811.6 -310.523
12759.9 212.782 12822.5 -289.695
12771.3 211.481 12833.6 -210.288
12781.5 216.688 12844.1 -185.555
12794.4 275.267 12855.2 -132.183
12803.8 259.646 12866 -133.485
12816.3 255.74 12877.7 -190.762
12826.6 224.498 12889.7 -211.59
12837.1 223.196 12900.3 -210.288
12848.8 220.593 12911.1 -249.341
12859 262.249 12922.2 -240.229
12870.7 221.895 12933.6 -223.306
12881.3 272.663 12943.8 -202.478
12892.4 366.39 12954.7 -153.011
12902.3 371.597 12966 -123.071
12914.6 357.277 12977.2 -74.9056
12924.8 392.425 12988.3 -48.8705
12936.8 388.519 12999.1 -69.6986
12947.6 374.2 13011.4 -72.3021
12958.4 378.105 13021 -76.2074
12969 385.916 13032.5 -150.407
12979.5 344.26 13042.7 -141.295
12991.8 361.182 13054.7 -116.562
13001.7 397.632 13065.2 -113.958
13014 458.814 13077.2 -57.9828
13024 492.66 13087.7 -20.2319
13035.7 504.376 13099.7 17.519
13046.8 499.169 13110.3 46.1576
13057.6 577.274 13119.9 66.9857
13068.4 539.523 13131.6 85.2103
13078.7 496.565 13142.1 51.3647
13090.1 500.47 13154.4 56.5717
13101.5 473.134 13165.3 17.519
13111.7 456.211 13176.7 13.6137
13122.5 504.376 13186.9 -37.1547
13134.5 539.523 13198 30.5366
13145.6 546.032 13209.7 52.6664
13156.5 598.102 13220.5 98.2279
13166.7 673.604 13231.7 145.091
13177.8 708.751 13242.2 229.705
13189.5 707.45 13253.9 257.042
13200.6 736.088 13265 251.835
13211.8 721.769 13275.6 259.646
13222.6 732.183 13287 237.516
13233.7 691.828 13297.5 194.558
13244 661.888 13308.9 206.274
13255.4 671 13320.3 244.025
13265.6 644.965 13331.7 262.249
13276.4 695.734 13342.3 276.568
13287.5 723.071 13353.1 337.751
13299.3 815.495 13364.8 426.27
13311 885.79 13376.2 431.477
13321.5 915.73 13387.3 505.677
13332 919.636 13397.9 539.523
13343.7 957.387 13408.4 527.807
13354 917.032 13420.7 534.316
13365.4 867.565 13431.2 518.695
13375.6 861.057 13442.9 488.755
13387.9 870.169 13454.4 521.298
13397.3 833.72 13465.2 477.039
13408.7 909.222 13476.6 555.144
13420.7 932.653 13488 573.369
13430.9 971.706 13497.1 634.551
13442.6 971.706 13497.4 723.071
13452.6 928.748 13486.5 799.874
13463.7 892.299 13475.4 848.039
