8011.52 -310.523 8023.81 -304.015
8006.26 -317.032 8035.22 -281.885
8001.58 -285.79 8047.2 -296.204
8005.97 -279.281 8058.61 -296.204
8015.91 -267.565 8067.68 -302.713
8025.85 -304.015 8077.91 -304.015
8037.55 -307.92 8089.61 -335.257
8048.08 -350.878 8101.6 -296.204
8059.2 -309.222 8112.42 -327.446
8069.73 -330.05 8124.12 -350.878
8081.42 -331.352 8134.06 -348.274
8092.53 -274.074 8144.88 -330.05
8103.65 -323.541 8156.87 -354.783
8114.47 -309.222 8167.1 -317.032
8126.16 -261.057 8179.09 -348.274
8136.98 -279.281 8189.32 -283.187
8148.09 -279.281 8200.43 -289.695
8157.74 -294.902 8212.12 -320.937
8168.85 -297.506 8223.23 -274.074
8180.55 -318.334 8233.47 -326.144
8191.66 -310.523 8245.16 -320.937
8202.48 -307.92 8255.68 -343.067
8213.88 -326.144 8266.5 -322.239
8224.99 -335.257 8277.61 -331.352
8235.8 -306.618 8289.01 -331.352
8246.62 -294.902 8299.24 -345.671
8258.32 -280.583 8310.64 -302.713
8268.25 -289.695 8322.04 -326.144
8279.65 -296.204 8333.15 -326.144
8291.05 -324.843 8343.96 -322.239
8302.16 -309.222 8355.07 -339.162
8313.27 -304.015 8365.88 -305.316
8324.38 -340.464 8376.99 -314.429
8334.31 -302.713 8388.38 -311.825
8346.3 -317.032 8398.9 -328.748
8357.11 -324.843 8410.6 -332.653
8368.8 -288.394 8419.94 -340.464
8379.32 -314.429 8432.51 -337.86
8389.55 -296.204 8443.32 -306.618
8400.95 -318.334 8455.6 -313.127
8412.64 -284.488 8464.95 -335.257
8422.87 -293.601 8475.76 -322.239
8434.56 -318.334 8487.45 -294.902
8445.66 -293.601 8498.26 -306.618
8456.47 -327.446 8509.36 -323.541
8467.87 -335.257 8519.3 -320.937
8478.68 -297.506 8530.98 -352.18
8490.08 -335.257 8542.38 -339.162
8500.6 -310.523 8553.77 -319.636
8511.7 -285.79 8564.58 -315.73
8523.09 -276.678 8575.39 -322.239
8534.2 -280.583 8586.79 -317.032
8544.72 -264.962 8597.01 -314.429
8555.52 -296.204 8608.11 -314.429
8567.21 -298.808 8618.63 -323.541
8577.14 -327.446 8630.6 -322.239
8588.25 -306.618 8641.7 -276.678
8600.22 -310.523 8652.22 -281.885
8610.45 -341.766 8663.32 -292.299
8621.26 -318.334 8674.71 -350.878
8633.53 -340.464 8686.4 -315.73
8643.75 -302.713 8696.04 -327.446
8654.85 -297.506 8707.43 -335.257
8666.53 -310.523 8718.24 -336.559
8676.76 -313.127 8729.04 -322.239
8687.86 -279.281 8740.72 -331.352
8698.08 -313.127 8752.4 -307.92
8709.47 -318.334 8763.5 -315.73
8720.28 -320.937 8773.14 -326.144
8732.55 -314.429 8784.82 -330.05
8742.77 -333.955 8796.21 -326.144
8754.16 -314.429 8807.31 -311.825
8764.96 -301.411 8817.53 -330.05
8776.06 -320.937 8829.21 -358.688
8787.74 -276.678 8839.72 -336.559
8797.67 -297.506 8850.82 -305.316
8809.06 -266.264 8862.21 -322.239
8819.87 -285.79 8872.72 -326.144
8831.55 -280.583 8884.4 -320.937
8842.35 -333.955 8894.62 -337.86
8852.86 -310.523 8906.88 -326.144
8864.25 -314.429 8917.69 -319.636
8875.35 -349.576 8928.2 -315.73
8885.86 -324.843 8939.88 -310.523
8896.95 -298.808 8950.1 -317.032
8908.64 -305.316 8960.9 -324.843
8919.73 -268.867 8971.99 -323.541
8930.53 -293.601 8983.38 -292.299
8941.63 -287.092 8994.18 -326.144
8951.85 -289.695 9006.15 -322.239
8963.53 -297.506 9015.78 -341.766
8973.74 -306.618 9027.75 -343.067
8986.01 -313.127 9038.55 -313.127
8995.93 -337.86 9049.35 -319.636
9007.02 -310.523 9061.03 -339.162
9017.83 -298.808 9071.54 -298.808
9029.5 -324.843 9082.63 -339.162
9040.6 -304.015 9093.14 -306.618
9050.23 -294.902 9104.53 -328.748
9062.49 -272.773 9115.03 -304.015
9073.88 -268.867 9126.42 -317.032
9083.8 -287.092 9137.8 -322.239
9095.48 -300.109 9147.43 -318.334
9106.86 -324.843 9159.69 -331.352
9117.95 -296.204 9170.78 -320.937
9128.75 -306.618 9181.58 -346.973
9140.14 -340.464 9192.38 -283.187
9150.65 -326.144 9204.06 -309.222
9162.03 -281.885 9214.85 -346.973
9171.66 -296.204 9225.36 -352.18
9183.04 -324.843 9236.75 -320.937
9194.43 -296.204 9247.83 -353.481
9205.81 -251.944 9258.92 -340.464
9216.02 -242.832 9270.01 -352.18
9227.11 -288.394 9280.52 -331.352
9238.5 -337.86 9292.78 -311.825
9249.59 -294.902 9302.99 -296.204
9260.97 -330.05 9313.79 -314.429
9271.76 -327.446 9325.17 -304.015
9282.56 -339.162 9334.51 -323.541
9293.65 -305.316 9346.76 -330.05
9304.45 -313.127 9357.85 -300.109
9316.12 -326.144 9369.52 -323.541
9326.34 -298.808 9379.74 -300.109
9338.59 -279.281 9391.41 -292.299
9349.39 -287.092 9402.21 -323.541
9360.19 -287.092 9413.88 -310.523
9370.98 -300.109 9424.38 -323.541
9382.07 -294.902 9435.18 -323.541
9392.58 -294.902 9446.56 -301.411
9403.66 -318.334 9458.52 -331.352
9415.92 -354.783 9467.57 -327.446
9425.84 -330.05 9479.82 -331.352
9437.51 -324.843 9491.49 -320.937
9448.31 -322.239 9501.7 -359.99
9458.23 -292.299 9512.79 -327.446
9470.19 -276.678 9523 -319.636
9480.7 -289.695 9535.25 -313.127
9491.49 -262.358 9545.76 -322.239
9502.29 -324.843 9556.84 -317.032
9514.25 -276.678 9567.93 -328.748
9525.04 -314.429 9579.89 -310.523
9535.55 -313.127 9590.4 -293.601
9546.34 -320.937 9600.9 -337.86
9558.01 -297.506 9611.69 -319.636
9569.1 -318.334 9623.07 -330.05
9579.89 -262.358 9633.28 -331.352
9590.69 -301.411 9645.53 -327.446
9602.07 -277.98 9657.2 -318.334
9612.57 -281.885 9667.12 -343.067
9623.65 -275.376 9678.2 -341.766
9635.03 -249.341 9689.29 -304.015
9645.53 -290.997 9699.79 -302.713
9656.91 -309.222 9711.17 -333.955
9668.29 -284.488 9722.55 -310.523
9679.08 -331.352 9733.34 -328.748
9690.17 -310.523 9743.26 -319.636
9700.67 -292.299 9755.51 -335.257
9712.34 -305.316 9766.6 -328.748
9722.25 -284.488 9776.8 -331.352
9734.22 -296.204 9788.76 -297.506
9745.3 -271.471 9798.68 -345.671
9756.97 -271.471 9810.64 -293.601
9767.18 -266.264 9821.72 -357.387
9777.39 -276.678 9833.39 -318.334
9789.35 -270.169 9843.02 -322.239
9799.85 -274.074 9854.39 -335.257
9811.52 -271.471 9865.19 -337.86
9822.31 -287.092 9877.15 -309.222
9833.98 -314.429 9887.35 -311.825
9844.77 -298.808 9898.73 -322.239
9855.56 -296.204 9910.11 -353.481
9866.94 -290.997 9920.31 -327.446
9876.85 -304.015 9931.11 -314.429
9888.23 -271.471 9943.36 -362.594
9899.02 -283.187 9954.15 -288.394
9909.82 -288.394 9964.94 -304.015
9921.48 -289.695 9976.02 -340.464
9932.86 -300.109 9987.11 -293.601
9943.65 -292.299 9997.32 -306.618
9954.44 -290.997 10008.4 -300.109
9965.23 -313.127 10019.8 -304.015
9976.61 -327.446 10030.3 -297.506
9987.69 -272.773 10041.9 -349.576
9998.48 -302.713 10052.7 -289.695
10008.7 -300.109 10063.8 -331.352
10019.8 -287.092 10075.5 -332.653
10031.1 -310.523 10086 -324.843
10042.8 -283.187 10097.4 -317.032
10052.4 -268.867 10108.1 -305.316
10064.4 -262.358 10118.9 -328.748
10076.1 -271.471 10129.4 -317.032
10086 -305.316 10142.3 -320.937
10098.2 -297.506 10152.2 -305.316
10108.4 -285.79 10163.9 -294.902
10118.9 -245.436 10174.4 -333.955
10130.6 -279.281 10185.7 -331.352
10141.7 -262.358 10195.6 -313.127
10152.8 -266.264 10207 -317.032
10162.7 -248.039 10219.3 -332.653
10174 -280.583 10229.8 -315.73
10184.9 -272.773 10239.7 -335.257
10196.5 -280.583 10251 -353.481
10207.6 -292.299 10261.3 -328.748
10218.4 -304.015 10273.5 -318.334
10229.5 -297.506 10284.3 -281.885
10240.6 -267.565 10295.1 -302.713
10251 -262.358 10306.5 -290.997
10262.1 -328.748 10317.6 -336.559
10272.6 -288.394 10328.3 -314.429
10284.9 -294.902 10339.1 -315.73
10295.7 -276.678 10350.5 -296.204
10306.2 -287.092 10362.2 -340.464
10317.8 -280.583 10373.3 -322.239
10328.9 -275.376 10383.5 -324.843
10339.1 -281.885 10395.4 -290.997
10349.3 -288.394 10405.3 -290.997
10361.9 -277.98 10416.4 -313.127
10371.8 -250.643 10427.5 -293.601
10383.8 -289.695 10438.9 -307.92
10395.4 -258.453 10449.9 -328.748
10404.8 -262.358 10461.9 -292.299
10416.1 -281.885 10472.1 -320.937
10427.2 -275.376 10483.5 -306.618
10438.9 -281.885 10494.9 -349.576
10449.1 -287.092 10504.8 -318.334
10461 -280.583 10517 -331.352
10471.5 -292.299 10527.2 -326.144
10481.7 -251.944 10538.3 -317.032
10494 -292.299 10550 -306.618
10504.8 -314.429 10560.2 -297.506
10515.9 -285.79 10572.2 -296.204
10526.6 -275.376 10582.1 -293.601
10537.7 -296.204 10593.1 -296.204
10548.8 -337.86 10603.9 -310.523
10559.3 -272.773 10615.6 -293.601
10570.1 -290.997 10625.8 -319.636
10580.6 -251.944 10636.9 -313.127
10592.3 -289.695 10649.4 -328.748
10603.4 -294.902 10659.6 -344.369
10614.7 -254.548 10670.7 -310.523
10626.1 -275.376 10681.5 -350.878
10636.6 -322.239 10692.6 -293.601
10647.7 -257.151 10703.4 -301.411
10658.2 -293.601 10714.8 -290.997
10670.4 -276.678 10725.6 -287.092
10680.9 -233.72 10736.6 -281.885
10691.7 -290.997 10748.3 -336.559
10702.8 -281.885 10758.8 -319.636
10714.2 -263.66 10769.9 -327.446
10724.4 -266.264 10781.3 -378.215
10736.4 -275.376 10792.1 -357.387
10747.1 -307.92 10802.6 -353.481
10757.6 -279.281 10814.5 -359.99
10768.7 -274.074 10825 -313.127
10780.1 -315.73 10835.5 -294.902
10790.6 -279.281 10846.6 -289.695
10802 -266.264 10858 -301.411
10812.5 -274.074 10869.9 -289.695
10824.1 -294.902 10879.9 -281.885
10834.9 -241.53 10891.2 -310.523
10846.3 -271.471 10902 -330.05
10856.8 -293.601 10913.4 -323.541
10867.6 -318.334 10924.2 -302.713
10879 -285.79 10935.6 -337.86
10890.4 -261.057 10946.4 -326.144
10900.3 -305.316 10956.9 -320.937
10911.7 -331.352 10968.5 -324.843
10923.3 -267.565 10980.5 -297.506
10933.2 -255.85 10990.4 -323.541
10945.5 -248.039 11001.2 -287.092
10956 -262.358 11012.6 -284.488
10966.5 -261.057 11024.5 -297.506
10977 -237.625 11034.8 -330.05
10989 -287.092 11046.4 -317.032
10999.8 -290.997 11056.9 -341.766
11011.1 -276.678 11068 -323.541
11021.9 -305.316 11077.9 -333.955
11033.3 -323.541 11089.9 -349.576
11043.5 -302.713 11100.4 -327.446
11054 -315.73 11112.1 -324.843
11066 -290.997 11124 -284.488
11076.8 -262.358 11133.6 -302.713
11088.1 -294.902 11145.3 -281.885
11099.2 -262.358 11155.8 -309.222
11110.6 -236.323 11167.5 -304.015
11122 -300.109 11178.3 -357.387
11131.6 -285.79 11189.1 -315.73
11143 -288.394 11199.3 -315.73
11153.2 -287.092 11211.3 -314.429
11165.5 -281.885 11221.5 -340.464
11176 -287.092 11232.3 -327.446
11186.8 -251.944 11244.2 -324.843
11198.1 -287.092 11254.7 -307.92
11209.2 -250.643 11265.8 -293.601
11220.3 -253.246 11276.6 -309.222
11230.5 -262.358 11289.2 -323.541
11242.8 -253.246 11300.3 -323.541
11252.7 -254.548 11310.5 -300.109
11264.1 -245.436 11321 -315.73
11275.7 -253.246 11332.1 -305.316
11285.6 -258.453 11343.7 -302.713
11297 -275.376 11354.5 -317.032
11308.1 -274.074 11365.9 -302.713
11319.8 -296.204 11376.1 -340.464
11330.3 -277.98 11388.4 -340.464
11341.4 -254.548 11398 -326.144
11351.3 -241.53 11409.7 -327.446
11362.7 -224.608 11420.2 -349.576
11374.4 -232.418 11431.5 -340.464
11384.9 -242.832 11442.6 -337.86
11396.2 -253.246 11452.9 -323.541
11406.8 -227.211 11465.1 -324.843
11417.6 -236.323 11475.6 -332.653
11429.8 -262.358 11486.1 -330.05
11439.7 -229.815 11498.1 -343.067
11451.1 -229.815 11508.3 -328.748
11462.5 -207.685 11520 -335.257
11473.6 -240.229 11531.1 -297.506
11483.5 -245.436 11542.5 -326.144
11494.9 -257.151 11553.8 -362.594
11506.6 -268.867 11564.9 -323.541
11516.5 -238.927 11574.9 -349.576
11527.3 -214.194 11586.5 -311.825
11538.7 -242.832 11597.6 -350.878
11550.3 -255.85 11608.7 -340.464
11560.8 -242.832 11619.5 -302.713
11571.9 -250.643 11630.3 -310.523
11583.6 -244.134 11640.8 -327.446
11594.4 -263.66 11652.5 -345.671
11604.6 -244.134 11663 -297.506
11616.9 -240.229 11675 -367.801
11625.9 -225.909 11685.8 -331.352
11639.1 -237.625 11697.2 -356.085
11649.9 -222.004 11707.1 -340.464
11659.5 -216.797 11719.6 -310.523
11670.6 -246.737 11729 -323.541
11681.4 -237.625 11740.6 -331.352
11693.1 -206.383 11751.7 -292.299
11704.1 -219.401 11762.5 -313.127
11715.5 -237.625 11773.6 -328.748
11726 -225.909 11784.7 -326.144
11736.9 -222.004 11795.2 -317.032
11748.2 -207.685 11808.1 -326.144
11759 -211.59 11818.6 -315.73
11770.1 -231.116 11829.1 -284.488
11780.6 -197.271 11840.5 -332.653
11792.6 -212.892 11851 -314.429
11803.7 -186.857 11862.4 -281.885
11814.8 -203.779 11873.2 -306.618
11824.7 -190.762 11884 -288.394
11836.4 -205.081 11895.7 -294.902
11846.9 -220.702 11905.6 -304.015
11857.1 -214.194 11917.9 -285.79
11869.4 -193.365 11927.8 -262.358
11880.2 -197.271 11939.2 -322.239
11890.7 -197.271 11950.9 -327.446
11902.4 -186.857 11961.1 -302.713
11912 -208.986 11972.8 -354.783
11923.7 -211.59 11983.3 -304.015
11935.4 -202.478 11993.5 -309.222
11947.4 -202.478 12005.2 -294.902
11957.6 -167.33 12016.6 -285.79
11968.1 -201.176 12028.2 -313.127
11978.9 -145.2 12038.8 -266.264
11990.3 -159.52 12049.8 -288.394
12000.2 -146.502 12060.7 -259.755
12011.9 -155.615 12071.5 -284.488
12022.7 -156.916 12083.1 -277.98
12033.8 -160.822 12094.2 -262.358
12045.2 -142.597 12104.8 -305.316
12056.3 -124.372 12115.9 -263.66
12066.5 -158.218 12126.7 -262.358
12078.2 -169.934 12137.2 -277.98
12089.3 -136.088 12149.2 -275.376
12099.5 -190.762 12159.7 -277.98
12110.9 -111.355 12171.9 -281.885
12122.9 -149.106 12181.3 -305.316
12133.1 -119.165 12193.5 -272.773
12143.9 -94.432 12204.7 -272.773
12155 -116.562 12215.2 -323.541
12165.8 -110.053 12226.9 -305.316
12176 -97.0355 12237.1 -279.281
12188.6 -132.183 12248.8 -277.98
12199.7 -149.106 12259.9 -296.204
12210.2 -146.502 12270.1 -313.127
12221.3 -162.123 12281.5 -292.299
12232.1 -158.218 12291.7 -302.713
12242.9 -124.372 12303.7 -300.109
12254 -107.45 12315.1 -285.79
12265.7 -90.5267 12325.9 -238.927
12276.5 -51.474 12336.4 -272.773
12286.7 -74.9056 12348.4 -248.039
12297.8 -25.4389 12358.6 -275.376
12308.6 -56.6811 12370 -274.074
12320.3 -24.1372 12380.8 -315.73
12330.9 -51.474 12391 -376.913
12343.1 -94.432 12402.2 -343.067
12352.8 -60.5863 12414.4 -343.067
12364.2 -69.6986 12425.2 -332.653
12374.4 -59.2846 12436.3 -327.446
12386.7 -89.225 12447.2 -323.541
12397.5 -85.3197 12458.8 -298.808
12407.7 -41.06 12469.1 -320.937
12420.3 -25.4389 12480.8 -298.808
12430.2 16.2173 12491.6 -296.204
12441.3 8.40672 12501.8 -319.636
12452.4 48.7611 12513.2 -322.239
12463.5 53.9682 12524.9 -309.222
12474.3 43.5541 12533.9 -348.274
12484.9 90.4173 12546.2 -350.878
12496.5 61.7787 12557.3 -333.955
12507.1 43.5541 12568.7 -345.671
12518.2 34.4418 12579.5 -327.446
12529.6 51.3647 12590.6 -294.902
12540.1 51.3647 12601.8 -255.85
12550.3 74.7963 12613.7 -277.98
12562 106.038 12623.4 -280.583
12573.1 126.866 12635.4 -264.962
12584.8 108.642 12645.3 -287.092
12596.5 175.031 12656.7 -301.411
12606.1 175.031 12668.1 -320.937
12617.5 158.109 12679.5 -332.653
12628.1 181.54 12690.6 -387.327
12639.5 159.41 12700.9 -339.162
12649.7 156.807 12712 -362.594
12661.1 155.505 12723.1 -356.085
12672.8 172.428 12734.5 -301.411
12683.6 158.109 12745 -296.204
12694.4 198.463 12756.7 -277.98
12704.7 212.782 12767.2 -255.85
12716.9 247.93 12778.9 -292.299
12727.7 289.586 12789.1 -290.997
12738.8 315.621 12800.3 -294.902
12749.7 341.656 12811.6 -311.825
12760.5 344.26 12822.5 -319.636
12770.7 324.733 12834.2 -340.464
12782.1 341.656 12844.4 -277.98
12792.9 320.828 12856.7 -304.015
12803.8 332.544 12867.2 -280.583
12815.5 311.716 12877.4 -206.383
12826.9 318.225 12889.1 -210.288
12838.3 335.147 12900 -181.65
12848.2 324.733 12910.5 -188.158
12859.3 415.856 12921.3 -168.632
12870.7 405.442 12932.7 -199.874
12881.5 453.607 12943.8 -203.779
12892.9 471.832 12954.9 -194.667
12903.5 484.849 12965.8 -205.081
12913.7 470.53 12977.5 -229.815
12924.8 461.418 12988.3 -227.211
12936.2 492.66 12999.4 -219.401
12947 478.341 13010.2 -156.916
12958.4 456.211 13021.6 -158.218
12969.6 451.004 13032.5 -119.165
12980.4 477.039 13042.7 -112.657
12991.5 533.014 13054.4 -77.5092
13002 543.428 13065.2 -44.9653
13014 586.386 13076 -71.0004
13024 583.783 13088 -63.1898
13035.4 663.19 13099.7 -65.7934
13046.2 659.285 13110.3 -67.0951
13057.3 660.586 13120.2 -26.7407
13068.1 680.113 13131.9 -4.61084
13079.3 703.544 13142.7 7.10496
13089.8 682.716 13155 7.10496
13100.9 690.527 13165.5 52.6664
13112.3 690.527 13175.8 77.3998
13123.1 719.165 13187.8 77.3998
13134.5 730.881 13197.7 94.3226
13145.6 715.26 13208.8 130.772
13157.1 754.313 13220.3 122.961
13167.9 772.537 13231.7 147.695
13177.8 806.383 13242.5 193.256
13189.5 805.081 13254.2 186.747
13199.8 794.667 13264.7 207.575
13211.2 814.194 13275.6 225.8
13222.6 842.832 13287.3 290.888
13233.7 857.151 13298.1 329.94
13244.5 855.85 13308.6 346.863
13255.4 871.471 13320 310.414
13266.8 894.902 13331.1 368.993
13277 914.429 13342.6 424.969
13288.7 962.594 13354.3 470.53
13299.5 956.085 13364.8 421.063
13309.8 975.611 13374.8 439.288
13321.2 986.025 13386.8 477.039
13332.9 1014.66 13397.6 487.453
13343.1 1051.11 13409.3 517.393
13354.3 1015.97 13420.1 547.334
13366 996.439 13431.5 600.706
13375.9 989.93 13442.6 620.232
13387.3 1026.38 13454.1 621.534
13398.5 989.93 13465.8 673.604
13409.6 1034.19 13476.6 693.13
13419.8 1053.72 13487.4 746.502
13432.1 1047.21 13497.4 750.407
13442.9 1012.06 13497.4 801.176
13452.6 974.309 13486 835.022
13464 919.636 13475.1 853.246
