6017.73 80.0033 6036.24 115.151
6009.51 82.6068 6053.28 113.849
6003.63 100.831 6070.91 100.831
6009.51 91.7191 6087.94 80.0033
6023.02 86.5121 6104.98 87.8138
6038.88 80.0033 6122.31 57.8734
6055.92 65.684 6138.76 64.3822
6073.55 72.1928 6156.09 103.435
6091.18 128.168 6173.42 94.3226
6108.51 85.2103 6189.87 98.2279
6125.25 108.642 6207.78 77.3998
6142.58 78.7015 6224.52 89.1156
6159.62 70.891 6240.68 93.0208
6176.36 80.0033 6257.71 99.5296
6193.39 69.5892 6273.86 98.2279
6211.31 89.1156 6291.77 59.1752
6228.34 111.245 6308.8 108.642
6246.26 91.7191 6325.54 74.7963
6262.7 102.133 6343.74 90.4173
6279.14 125.565 6360.19 69.5892
6297.35 113.849 6377.8 74.7963
6312.91 69.5892 6394.54 93.0208
6331.12 115.151 6410.68 108.642
6348.15 109.944 6428.59 73.4945
6365.18 99.5296 6445.62 143.789
6381.33 109.944 6462.64 125.565
6398.65 85.2103 6480.26 102.133
6415.67 107.34 6496.69 102.133
6432.41 87.8138 6513.42 72.1928
6450.31 74.7963 6530.15 85.2103
6467.05 111.245 6548.06 59.1752
6484.37 83.9085 6564.49 65.684
6501.98 104.737 6582.39 77.3998
6517.83 121.659 6599.41 76.098
6535.73 106.038 6615.26 68.2875
6551.87 86.5121 6633.45 99.5296
6568.89 108.642 6650.18 108.642
6586.5 129.47 6666.9 96.9261
6603.52 99.5296 6683.33 98.2279
6621.42 50.0629 6700.64 104.737
6638.15 83.9085 6717.95 96.9261
6654.29 107.34 6735.26 112.547
6671.6 81.305 6752.28 95.6243
6688.32 107.34 6769 77.3998
6705.34 106.038 6786.01 90.4173
6722.94 100.831 6803.61 96.9261
6739.37 80.0033 6820.33 63.0805
6756.97 78.7015 6837.34 102.133
6773.4 82.6068 6854.94 57.8734
6790.7 73.4945 6871.07 108.642
6808.01 73.4945 6888.08 85.2103
6825.02 91.7191 6906.55 100.831
6842.03 73.4945 6922.39 65.684
6859.34 93.0208 6939.69 94.3226
6875.76 108.642 6956.99 81.305
6893.06 91.7191 6973.7 47.4594
6910.37 78.7015 6991.29 72.1928
6926.79 99.5296 7007.42 91.7191
6944.97 72.1928 7024.72 117.754
6961.09 60.4769 7042.01 70.891
6978.1 93.0208 7059.02 100.831
6995.4 103.435 7075.43 64.3822
7012.4 98.2279 7092.14 55.2699
7029.41 89.1156 7110.6 93.0208
7046.12 109.944 7125.85 94.3226
7063.41 108.642 7144.6 51.3647
7080.41 93.0208 7161.31 115.151
7098 53.9682 7178.31 68.2875
7114.71 77.3998 7195.3 87.8138
7130.83 109.944 7212.89 87.8138
7149.29 81.305 7229 82.6068
7165.12 83.9085 7246.29 85.2103
7182.41 91.7191 7262.7 65.684
7199.41 73.4945 7279.4 94.3226
7216.99 117.754 7297.27 98.2279
7233.98 78.7015 7313.97 98.2279
7250.98 86.5121 7331.84 91.7191
7267.68 59.1752 7348.54 77.3998
7285.55 82.6068 7365.82 120.358
7301.67 91.7191 7382.52 86.5121
7318.66 117.754 7398.92 83.9085
7336.53 59.1752 7416.5 107.34
7353.81 82.6068 7434.07 87.8138
7370.8 122.961 7451.35 106.038
7387.79 77.3998 7467.75 89.1156
7403.61 74.7963 7484.44 78.7015
7420.89 134.677 7502.89 72.1928
7438.17 130.772 7519.29 111.245
7455.74 91.7191 7535.69 100.831
7471.56 77.3998 7552.67 112.547
7488.83 115.151 7570.24 120.358
7507.28 59.1752 7587.51 44.8559
7522.8 82.6068 7604.78 96.9261
7540.08 124.263 7621.47 103.435
7557.65 81.305 7637.86 73.4945
7574.63 78.7015 7654.84 77.3998
7591.02 128.168 7672.4 66.9857
7608.59 103.435 7689.38 96.9261
7625.28 78.7015 7706.65 111.245
7643.72 99.5296 7723.63 81.305
7659.23 107.34 7740.89 77.3998
7675.92 87.8138 7757.87 69.5892
7693.48 100.831 7774.26 109.944
7710.45 85.2103 7791.81 100.831
7727.72 86.5121 7809.08 78.7015
7745.28 93.0208 7825.76 74.7963
7761.67 107.34 7843.61 98.2279
7777.77 73.4945 7860.28 85.2103
7795.91 103.435 7877.55 94.3226
7812.59 100.831 7893.64 95.6243
7829.85 106.038 7910.61 104.737
7845.95 94.3226 7928.16 86.5121
7863.5 69.5892 7944.54 99.5296
7880.76 100.831 7961.8 107.34
7898.03 107.34 7979.64 90.4173
7914.12 73.4945 7996.31 76.098
7931.67 95.6243 8012.99 89.1156
7948.64 69.5892 8030.54 125.565
7965.89 80.0033 8046.91 99.5296
7982.86 66.9857 8063 143.789
8000.7 102.133 8080.25 87.8138
8016.5 56.5717 8098.09 69.5892
8033.75 132.074 8115.93 96.9261
8051.3 83.9085 8132.6 95.6243
8067.68 98.2279 8150.14 69.5892
8084.93 102.133 8166.22 82.6068
8103.06 90.4173 8183.47 108.642
8119.14 85.2103 8200.72 85.2103
8136.11 91.7191 8217.97 91.7191
8152.48 111.245 8234.64 125.565
8170.32 91.7191 8251.59 74.7963
8186.98 31.8383 8269.13 96.9261
8203.06 77.3998 8285.5 98.2279
8222.36 82.6068 8303.04 95.6243
8238.14 72.1928 8318.82 60.4769
8254.81 85.2103 8336.65 96.9261
8272.35 93.0208 8353.9 99.5296
8289.3 74.7963 8371.14 69.5892
8305.67 103.435 8388.38 95.6243
8322.92 87.8138 8404.75 94.3226
8340.16 121.659 8421.99 83.9085
8357.4 66.9857 8439.23 113.849
8374.06 138.582 8456.47 98.2279
8391.31 98.2279 8474.01 61.7787
8408.26 117.754 8489.79 95.6243
8425.5 98.2279 8507.61 108.642
8441.28 83.9085 8524.56 85.2103
8458.81 128.168 8541.21 106.038
8476.05 100.831 8557.86 93.0208
8493.58 115.151 8575.68 82.6068
8509.94 87.8138 8593.21 46.1576
8527.18 66.9857 8610.16 89.1156
8544.42 113.849 8626.22 122.961
8561.37 91.7191 8644.04 86.5121
8578.6 99.5296 8660.69 99.5296
8594.97 103.435 8677.63 96.9261
8612.2 76.098 8694.87 108.642
8630.02 93.0208 8711.22 94.3226
8646.09 100.831 8729.04 69.5892
8663.61 85.2103 8745.98 100.831
8681.14 98.2279 8763.5 93.0208
8697.2 96.9261 8780.73 81.305
8715.02 121.659 8797.38 103.435
8731.67 122.961 8813.15 47.4594
8748.02 109.944 8832.13 69.5892
8765.25 116.452 8848.78 86.5121
8782.48 102.133 8865.42 70.891
8800.01 100.831 8882.36 50.0629
8817.24 85.2103 8899.29 112.547
8834.17 115.151 8916.52 112.547
8851.11 102.133 8934.33 61.7787
8868.05 83.9085 8950.39 117.754
8884.98 99.5296 8967.91 81.305
8901.63 95.6243 8984.55 63.0805
8918.85 108.642 9001.48 85.2103
8935.5 76.098 9018.99 104.737
8952.43 65.684 9036.22 95.6243
8969.07 120.358 9052.86 100.831
8987.17 117.754 9069.79 99.5296
9004.1 103.435 9087.3 86.5121
9020.45 111.245 9103.94 44.8559
9037.39 96.9261 9121.16 99.5296
9054.61 78.7015 9138.39 83.9085
9071.83 61.7787 9155.32 80.0033
9089.93 113.849 9172.24 68.2875
9106.57 81.305 9189.75 99.5296
9122.62 96.9261 9205.51 89.1156
9139.84 98.2279 9223.03 108.642
9156.48 120.358 9240.83 76.098
9173.7 102.133 9257.47 66.9857
9190.92 125.565 9274.1 86.5121
9208.14 96.9261 9291.9 83.9085
9224.78 99.5296 9308.53 81.305
9242.29 109.944 9325.46 108.642
9258.63 90.4173 9341.51 93.0208
9276.43 95.6243 9359.89 108.642
9292.19 108.642 9376.53 74.7963
9310 95.6243 9394.33 108.642
9327.51 125.565 9411.54 83.9085
9344.43 61.7787 9427.59 55.2699
9361.94 108.642 9444.22 82.6068
9378.57 82.6068 9461.73 103.435
9394.62 95.6243 9479.24 66.9857
9412.13 63.0805 9496.45 74.7963
9428.18 98.2279 9513.96 66.9857
9445.97 65.684 9531.17 56.5717
9462.31 148.996 9547.22 95.6243
9480.11 61.7787 9564.72 93.0208
9497.03 93.0208 9580.18 85.2103
9514.83 112.547 9597.98 122.961
9531.46 107.34 9615.78 95.6243
9547.8 107.34 9633.28 74.7963
9565.01 100.831 9649.91 87.8138
9582.23 91.7191 9665.95 102.133
9598.27 116.452 9683.75 112.547
9616.07 65.684 9700.38 56.5717
9633.57 95.6243 9717.3 134.677
9650.2 96.9261 9734.8 99.5296
9668 99.5296 9751.13 98.2279
9684.04 112.547 9768.64 78.7015
9701.25 90.4173 9786.43 108.642
9717.88 106.038 9802.47 83.9085
9735.97 107.34 9819.39 86.5121
9752.01 96.9261 9837.77 91.7191
9769.22 108.642 9853.81 61.7787
9785.85 115.151 9871.9 61.7787
9802.77 93.0208 9888.23 96.9261
9819.97 83.9085 9906.02 137.281
9837.19 53.9682 9922.35 80.0033
9854.1 82.6068 9939.27 112.547
9871.6 111.245 9955.9 95.6243
9889.11 102.133 9973.11 95.6243
9905.44 103.435 9990.32 60.4769
9922.06 87.8138 10007.5 87.8138
9938.98 99.5296 10024.4 53.9682
9956.48 109.944 10041.9 78.7015
9972.82 109.944 10058.9 68.2875
9990.32 68.2875 10076.1 106.038
10007.5 103.435 10092.7 111.245
10024.1 104.737 10109.3 109.944
10041.9 61.7787 10127.4 94.3226
10058 112.547 10144 65.684
10075.5 68.2875 10161.2 76.098
10092.1 113.849 10178.1 96.9261
10109.3 93.0208 10195 89.1156
10126.5 116.452 10212 95.6243
10143.4 104.737 10228.6 91.7191
10160.6 64.3822 10245.5 81.305
10178.1 124.263 10263.3 68.2875
10194.5 107.34 10279.9 91.7191
10211.7 95.6243 10296.8 65.684
10228.6 86.5121 10314.3 76.098
10244.6 125.565 10331.5 116.452
10262.7 70.891 10348.5 95.6243
10279 81.305 10366 38.3471
10297.1 98.2279 10381.4 142.488
10313.8 112.547 10399.5 87.8138
10331.3 76.098 10416.1 90.4173
10346.4 111.245 10433.6 122.961
10364.5 103.435 10450.8 60.4769
10381.4 124.263 10467.7 93.0208
10398 121.659 10484.7 103.435
10416.1 116.452 10501.6 103.435
10433 81.305 10518.5 65.684
10449.1 115.151 10535.4 85.2103
10466.3 77.3998 10552.3 83.9085
10484.1 78.7015 10570.7 61.7787
10500.4 98.2279 10586.4 90.4173
10518.2 113.849 10603.9 90.4173
10534.2 107.34 10621.7 124.263
10551.1 115.151 10637.2 104.737
10568.9 82.6068 10654.7 69.5892
10585.9 109.944 10672.2 95.6243
10602.8 104.737 10689.7 76.098
10619.7 104.737 10706.3 73.4945
10636.9 120.358 10722.9 106.038
10654.1 85.2103 10740.7 81.305
10670.4 96.9261 10757.9 86.5121
10687.4 77.3998 10774.3 76.098
10704.9 128.168 10791.2 93.0208
10721.8 76.098 10808.7 51.3647
10738.4 94.3226 10826.2 82.6068
10756.2 106.038 10842.5 69.5892
10772.8 109.944 10860 61.7787
10789.4 100.831 10877 102.133
10806.9 102.133 10893.3 80.0033
10824.7 119.056 10910.8 98.2279
10840.2 90.4173 10928.6 115.151
10858 93.0208 10945.5 60.4769
10874.9 85.2103 10962.1 90.4173
10892.1 117.754 10978.5 66.9857
10908.7 77.3998 10996.8 111.245
10925.7 87.8138 11012.9 95.6243
10942.6 77.3998 11030.7 51.3647
10960.4 91.7191 11047.3 69.5892
10977.9 122.961 11064.8 82.6068
10994.2 98.2279 11081.7 109.944
11010.8 116.452 11098.6 77.3998
11028 93.0208 11116.1 87.8138
11044.4 90.4173 11132.2 117.754
11061.6 120.358 11149.7 94.3226
11078.5 80.0033 11167.2 117.754
11095.4 63.0805 11183.5 89.1156
11113.2 96.9261 11201 96.9261
11130.7 106.038 11218 82.6068
11147.6 61.7787 11234.9 90.4173
11163.4 106.038 11252.1 69.5892
11180.6 91.7191 11269.6 87.8138
11197.3 81.305 11286.2 74.7963
11215 135.979 11302.9 115.151
11231.4 94.3226 11319.5 99.5296
11249.8 108.642 11337 91.7191
11266.1 93.0208 11353.9 91.7191
11283.3 93.0208 11371.4 80.0033
11300.3 65.684 11389.2 85.2103
11316.6 122.961 11405 113.849
11334.1 96.9261 11422.2 56.5717
11350.7 47.4594 11440 93.0208
11367.9 86.5121 11456.9 55.2699
11385.2 111.245 11473 87.8138
11401.5 115.151 11490.2 65.684
11419.9 85.2103 11508 83.9085
11436.5 103.435 11524.9 89.1156
11453.4 80.0033 11541.9 50.0629
11469.2 103.435 11560 83.9085
11487.6 98.2279 11576.3 103.435
11504.2 96.9261 11592.9 76.098
11521.4 83.9085 11609.9 106.038
11537.8 78.7015 11626.5 106.038
11555 119.056 11644.6 119.056
11571.6 86.5121 11660.9 96.9261
11589.4 93.0208 11678.5 94.3226
11605.5 112.547 11695.7 95.6243
11622.4 82.6068 11713.5 74.7963
11639.9 72.1928 11729.5 85.2103
11657.5 120.358 11745.6 85.2103
11674.7 106.038 11762.8 90.4173
11691 70.891 11780.3 74.7963
11707.4 100.831 11797.9 83.9085
11724.9 93.0208 11814.2 78.7015
11741.5 85.2103 11832.6 85.2103
11759.6 93.0208 11849 93.0208
11776.3 65.684 11866.5 90.4173
11792.6 99.5296 11883.4 73.4945
11810.4 113.849 11900.6 60.4769
11827.3 99.5296 11916.7 83.9085
11843.7 66.9857 11933.6 85.2103
11861.2 124.263 11951.7 77.3998
11877.6 116.452 11968.7 69.5892
11896 83.9085 11985.9 100.831
11911.7 90.4173 12002.3 48.7611
11929 103.435 12019.2 85.2103
11946.8 94.3226 12036.7 73.4945
11963.7 74.7963 12053.4 81.305
11980.1 99.5296 12070.9 73.4945
11996.7 117.754 12088.4 104.737
12015.1 64.3822 12105.1 77.3998
12031.2 106.038 12122.3 94.3226
12047.8 102.133 12138.6 96.9261
12065.3 90.4173 12155.9 65.684
12082 109.944 12172.5 83.9085
12098.9 115.151 12190 63.0805
12116.1 60.4769 12207 99.5296
12133.1 104.737 12224.2 77.3998
12149.4 86.5121 12240.9 82.6068
12166.7 87.8138 12258.1 56.5717
12184.2 94.3226 12274.8 56.5717
12201.1 89.1156 12291.7 89.1156
12218.4 98.2279 12309.2 61.7787
12234.7 90.4173 12326.8 29.2348
12251.4 96.9261 12343.1 72.1928
12268.6 100.831 12361 86.5121
12286.5 111.245 12378.2 74.7963
12302.5 115.151 12394.3 98.2279
12320 108.642 12411.8 69.5892
12336.7 94.3226 12428.4 70.891
12353.6 90.4173 12445.4 109.944
12370.9 93.0208 12462.3 69.5892
12388.1 63.0805 12481.3 78.7015
12405.6 65.684 12497.7 80.0033
12421.7 81.305 12514.6 68.2875
12439.8 106.038 12530.7 103.435
12455.6 60.4769 12548 64.3822
12473.4 91.7191 12564.6 70.891
12490.1 109.944 12582.2 73.4945
12507.6 89.1156 12599.7 81.305
12524.6 107.34 12616.4 116.452
12541.8 113.849 12634.2 86.5121
12557.9 107.34 12650.6 51.3647
12574.6 132.074 12668.1 95.6243
12593 121.659 12684.8 61.7787
12609.3 103.435 12701.4 102.133
12626 108.642 12718.4 80.0033
12643.5 113.849 12736.2 102.133
12659.9 96.9261 12753.2 43.5541
12676 89.1156 12769.8 51.3647
12694.1 106.038 12786.5 78.7015
12711.1 104.737 12803.8 64.3822
12728.6 99.5296 12820.7 80.0033
12745.6 104.737 12838.5 87.8138
12762.2 93.0208 12855.5 83.9085
12779.5 91.7191 12872.8 73.4945
12795.9 90.4173 12889.4 81.305
12813.7 120.358 12907.6 117.754
12829.5 93.0208 12923.9 78.7015
12847 94.3226 12941.5 70.891
12864 109.944 12958.4 99.5296
12881 103.435 12974.8 86.5121
12898.5 77.3998 12992.1 51.3647
12915.2 109.944 13009.6 96.9261
12932.7 93.0208 13026 85.2103
12949.4 74.7963 13043 50.0629
12966 145.091 13060.8 86.5121
12983 108.642 13077.5 72.1928
12999.1 122.961 13093.9 38.3471
13017.5 148.996 13112 43.5541
13035.1 137.281 13128.7 70.891
13051.5 167.221 13145.4 48.7611
13068.1 91.7191 13161.7 61.7787
13085.1 132.074 13179.6 76.098
13101.8 125.565 13196.9 52.6664
13119.3 109.944 13213.5 48.7611
13136.6 152.902 13231.7 60.4769
13154.1 125.565 13247.8 85.2103
13169.9 115.151 13265.3 65.684
13186.3 111.245 13282 76.098
13204.8 148.996 13299.5 80.0033
13221.4 115.151 13316.5 95.6243
13237.5 154.203 13333.8 80.0033
13254.5 171.126 13350.2 90.4173
13272 167.221 13366.8 83.9085
13289 197.161 13384.7 20.1225
13306.3 159.41 13400.8 55.2699
13323.5 158.109 13418.6 -17.6284
13340.2 165.919 13436.2 -18.9302
13357.2 162.014 13452.6 -15.0249
13373.3 147.695 13469.9 -39.7582
13391.4 172.428 13487.1 -16.3266
13408.7 177.635 13503.8 -3.30908
13425.4 182.842 13521.7 -11.1196
13442.3 172.428 13538.3 -24.1372
13458.4 224.498 13555.3 17.519
13475.4 227.102 13572.6 18.8208
13492.4 223.196 13590.5 -4.61084
13509.4 172.428 13606.9 56.5717
13527.8 208.877 13623.8 3.1997
13544.5 186.747 13640.5 -26.7407
13560.9 185.445 13658.1 20.1225
13577.6 189.351 13675.1 26.6313
13595.1 221.895 13691.2 -11.1196
13612.1 228.403 13708.7 13.6137
13629.1 237.516 13724.8 25.3295
13645.5 249.232 13744.4 7.10496
13663.3 242.723 13761.4 24.0278
13680.3 271.361 13777.5 50.0629
13697.6 245.326 13794.5 52.6664
13714.6 270.06 13812.1 37.0453
13731.6 249.232 13828.2 47.4594
13748.3 255.74 13844.9 52.6664
13764.9 259.646 13863 50.0629
13781.9 245.326 13880.3 48.7611
13799.2 289.586 13897.3 60.4769
13816.2 290.888 13914.3 44.8559
13832.6 245.326 13931.5 64.3822
13851 294.793 13948.5 102.133
13867.1 284.379 13965.5 93.0208
13884.1 293.491 13982.2 121.659
13901.4 316.923 14000.4 155.505
13918.4 323.432 14016.5 117.754
13935.9 305.207 14034.6 121.659
13950.9 333.846 14050.7 139.884
13969.3 346.863 14068.6 181.54
13985.4 320.828 14085.3 150.298
14002.4 336.449 14103.4 158.109
14020 350.768 14119.8 182.842
14037.8 342.958 14137.4 160.712
14054.2 374.2 14153.5 154.203
14070.6 357.277 14171.4 206.274
14088.5 391.123 14188.1 216.688
14104.3 366.39 14205.1 229.705
14121.6 405.442 14223.2 257.042
14138.9 388.519 14239.9 279.172
14156.2 411.951 14257.5 271.361
14172.9 379.407 14274.2 262.249
14189.8 409.347 14291.2 288.284
14206.2 435.383 14308.5 288.284
14223.8 452.305 14325.2 296.095
14240.8 435.383 14342.4 297.397
14258.4 444.495 14359.4 300
14274.8 454.909 14376.7 327.337
14292.4 491.358 14394.9 311.716
14308.8 513.488 14412.7 331.242
14325.7 496.565 14429.7 346.863
14342.4 501.772 14447.9 361.182
14359.7 522.6 14465.5 342.958
14377.3 492.66 14481.9 418.46
14394.3 568.162 14495.9 421.063
14411.8 483.548 14495.3 432.779
14428 447.098 14478.3 410.649
14444.1 424.969 14462.2 439.288
