6000.4 -63.1898 6031.83 -67.0951
5999.81 -87.9232 6047.7 -69.6986
6000.4 -95.7337 6062.97 -76.2074
6010.98 -100.941 6079.42 -95.7337
6027.72 -61.8881 6095.88 -111.355
6044.17 -80.1127 6111.15 -78.8109
6059.74 -68.3969 6128.48 -138.692
6075.02 -85.3197 6143.17 -151.709
6090.88 -65.7934 6158.44 -68.3969
6107.33 -64.4916 6175.77 -117.864
6124.96 -100.941 6191.04 -82.7162
6139.64 -65.7934 6207.78 -134.786
6155.8 -47.5688 6223.64 -123.071
6172.54 -110.053 6240.09 -121.769
6188.4 -85.3197 6255.65 -141.295
6204.85 -81.4144 6270.92 -120.467
6220.12 -69.6986 6288.54 -94.432
6236.27 -81.4144 6303.81 -86.6215
6251.54 -80.1127 6320.26 -94.432
6268.57 -85.3197 6335.52 -95.7337
6285.02 -103.544 6351.97 -119.165
6300.88 -94.432 6368.41 -111.355
6317.61 -71.0004 6384.26 -119.165
6332 -72.3021 6400.41 -141.295
6348.73 -82.7162 6415.09 -99.639
6364.59 -54.0776 6432.7 -81.4144
6380.44 -80.1127 6447.38 -85.3197
6396.59 -90.5267 6464.4 -95.7337
6412.74 -94.432 6479.96 -113.958
6428.89 -80.1127 6496.69 -98.3372
6444.74 -68.3969 6511.95 -115.26
6461.18 -84.0179 6527.51 -120.467
6477.32 -71.0004 6544.83 -120.467
6492.58 -116.562 6559.5 -112.657
6509.02 -63.1898 6577.11 -99.639
6524.87 -69.6986 6592.37 -93.1302
6541.01 -74.9056 6608.8 -129.579
6557.15 -95.7337 6624.36 -107.45
6573 -68.3969 6640.49 -97.0355
6589.73 -111.355 6657.22 -111.355
6605.28 -69.6986 6672.48 -115.26
6621.13 -77.5092 6688.32 -132.183
6637.27 -57.9828 6705.34 -113.958
6652.52 -90.5267 6720.3 -117.864
6669.84 -87.9232 6736.73 -111.355
6684.51 -80.1127 6752.28 -86.6215
6701.23 -44.9653 6768.41 -121.769
6717.66 -56.6811 6784.54 -93.1302
6733.5 -71.0004 6800.38 -103.544
6749.05 -74.9056 6817.1 -116.562
6765.77 -76.2074 6832.94 -85.3197
6781.02 -68.3969 6848.49 -130.881
6797.45 -86.6215 6865.2 -87.9232
6813.58 -76.2074 6881.04 -100.941
6830.3 -67.0951 6897.17 -139.993
6846.43 -80.1127 6912.71 -115.26
6861.68 -86.6215 6929.72 -117.864
6878.11 -59.2846 6945.55 -87.9232
6893.06 -74.9056 6960.51 -111.355
6909.49 -94.432 6977.51 -124.372
6925.61 -93.1302 6992.47 -125.674
6942.33 -67.0951 7009.47 -125.674
6957.58 -68.3969 7025.6 -115.26
6974 -86.6215 7040.55 -84.0179
6989.53 -41.06 7057.84 -106.148
7005.66 -57.9828 7073.09 -121.769
7022.37 -42.3617 7089.21 -106.148
7037.61 -87.9232 7105.62 -155.615
7054.62 -95.7337 7121.45 -139.993
7069.86 -51.474 7138.16 -163.425
7086.28 -94.432 7153.69 -142.597
7101.23 -80.1127 7169.81 -149.106
7117.64 -68.3969 7185.93 -142.597
7134.05 -61.8881 7201.75 -139.993
7150.76 -56.6811 7218.16 -142.597
7166.29 -100.941 7233.4 -136.088
7182.12 -120.467 7249.81 -116.562
7197.94 -82.7162 7265.63 -132.183
7214.35 -102.243 7282.62 -142.597
7230.76 -65.7934 7298.15 -156.916
7246.58 -85.3197 7313.39 -128.278
7261.82 -63.1898 7330.67 -146.502
7277.94 -82.7162 7346.2 -168.632
7294.05 -71.0004 7361.14 -129.579
7309.58 -61.8881 7378.71 -173.839
7326.28 -103.544 7394.24 -137.39
7342.68 -113.958 7409.47 -145.2
7357.91 -63.1898 7427.04 -121.769
7374.32 -73.6039 7441.68 -150.407
7389.84 -68.3969 7458.38 -150.407
7406.24 -71.0004 7474.78 -169.934
7421.77 -55.3793 7490.3 -146.502
7437.88 -65.7934 7506.7 -130.881
7454.28 -63.1898 7522.51 -138.692
7471.26 -91.8285 7539.2 -121.769
7487.08 -97.0355 7554.72 -145.2
7502.01 -78.8109 7570.53 -150.407
7518.12 -52.7758 7586.63 -107.45
7533.64 -68.3969 7601.85 -136.088
7550.33 -81.4144 7619.13 -156.916
7567.01 -71.0004 7634.93 -133.485
7582.53 -85.3197 7650.45 -102.243
7597.76 -86.6215 7667.14 -128.278
7615.32 -110.053 7682.65 -173.839
7630.54 -71.0004 7698.75 -128.278
7646.35 -54.0776 7715.14 -160.822
7662.74 -60.5863 7730.94 -139.993
7678.55 -82.7162 7746.75 -139.993
7694.36 -80.1127 7763.43 -136.088
7710.45 -64.4916 7779.23 -115.26
7726.26 -60.5863 7794.74 -146.502
7742.36 -52.7758 7811.42 -110.053
7758.74 -63.1898 7827.51 -103.544
7773.96 -67.0951 7843.02 -130.881
7790.94 -104.846 7859.11 -149.106
7806.44 -111.355 7874.62 -134.786
7823.12 -81.4144 7891.3 -154.313
7838.92 -97.0355 7907.97 -134.786
7854.43 -86.6215 7922.89 -132.183
7870.52 -80.1127 7939.86 -119.165
7887.79 -73.6039 7954.78 -119.165
7903.29 -85.3197 7971.45 -155.615
7918.8 -54.0776 7987.25 -158.218
7934.89 -91.8285 8004.5 -145.2
7950.1 -94.432 8019.42 -153.011
7966.48 -108.751 8035.51 -130.881
7982.57 -77.5092 8051.01 -106.148
7998.95 -77.5092 8066.8 -136.088
8015.03 -117.864 8083.47 -123.071
8030.54 -60.5863 8099.85 -111.355
8046.91 -89.225 8115.93 -111.355
8062.41 -113.958 8132.01 -145.2
8079.38 -80.1127 8148.39 -153.011
8096.34 -74.9056 8163.88 -136.088
8111.54 -63.1898 8179.67 -145.2
8126.75 -95.7337 8196.63 -97.0355
8142.83 -94.432 8212.12 -143.899
8159.2 -51.474 8228.5 -113.958
8175.58 -91.8285 8244.87 -139.993
8191.07 -48.8705 8259.78 -133.485
8207.45 -103.544 8277.02 -141.295
8222.65 -115.26 8292.22 -147.804
8238.73 -86.6215 8308.01 -163.425
8255.1 -44.9653 8323.79 -153.011
8271.47 -98.3372 8340.75 -153.011
8286.38 -71.0004 8356.24 -121.769
8303.92 -60.5863 8372.9 -138.692
8318.82 -77.5092 8389.26 -113.958
8335.48 -93.1302 8404.17 -121.769
8350.97 -106.148 8420.53 -126.976
8366.76 -68.3969 8437.19 -106.148
8383.12 -59.2846 8452.09 -129.579
8398.9 -63.1898 8468.45 -159.52
8415.27 -81.4144 8484.53 -141.295
8431.34 -80.1127 8501.18 -110.053
8447.12 -84.0179 8516.67 -124.372
8463.49 -82.7162 8533.03 -103.544
8479.27 -55.3793 8549.1 -119.165
8495.04 -87.9232 8564.88 -125.674
8511.11 -81.4144 8580.94 -126.976
8528.06 -100.941 8596.72 -141.295
8542.38 -60.5863 8614.25 -154.313
8558.45 -76.2074 8629.73 -130.881
8575.39 -65.7934 8645.21 -121.769
8591.17 -103.544 8660.4 -136.088
8607.53 -107.45 8676.76 -82.7162
8623.3 -85.3197 8693.7 -123.071
8639.37 -90.5267 8710.64 -137.39
8655.14 -86.6215 8725.24 -120.467
8671.5 -77.5092 8740.72 -137.39
8687.56 -72.3021 8757.95 -163.425
8702.75 -84.0179 8774.02 -107.45
8719.11 -65.7934 8789.49 -137.39
8734.88 -63.1898 8806.43 -136.088
8751.24 -78.8109 8821.33 -153.011
8767.88 -63.1898 8837.09 -115.26
8782.48 -57.9828 8853.45 -126.976
8798.84 -73.6039 8870.09 -138.692
8815.49 -99.639 8885.57 -147.804
8831.84 -73.6039 8903.09 -145.2
8847.32 -115.26 8917.98 -141.295
8863.67 -87.9232 8934.04 -128.278
8879.14 -72.3021 8950.1 -123.071
8896.08 -61.8881 8965.86 -123.071
8911.26 -85.3197 8982.21 -141.295
8926.74 -98.3372 8998.27 -154.313
8943.09 -87.9232 9014.32 -129.579
8959.44 -115.26 9029.21 -137.39
8975.2 -90.5267 9046.44 -120.467
8991.55 -98.3372 9061.91 -97.0355
9007.32 -94.432 9077.67 -102.243
9023.37 -56.6811 9094.02 -125.674
9038.84 -76.2074 9110.07 -156.916
9055.78 -76.2074 9126.42 -155.615
9071.25 -51.474 9142.76 -129.579
9087.3 -87.9232 9158.53 -130.881
9103.07 -81.4144 9174.87 -134.786
9119.7 -111.355 9190.63 -147.804
9136.05 -72.3021 9206.39 -117.864
9151.52 -94.432 9222.44 -119.165
9166.99 -81.4144 9237.91 -129.579
9183.63 -41.06 9255.42 -125.674
9200.26 -89.225 9270.6 -151.709
9216.61 -86.6215 9286.36 -132.183
9231.2 -69.6986 9303.28 -111.355
9247.54 -104.846 9318.46 -125.674
9264.18 -93.1302 9334.51 -121.769
9279.35 -77.5092 9349.68 -154.313
9295.7 -103.544 9366.61 -125.674
9310.87 -68.3969 9382.95 -182.951
9327.21 -80.1127 9399.87 -136.088
9344.14 -65.7934 9414.46 -137.39
9359.89 -54.0776 9431.09 -99.639
9375.65 -90.5267 9446.27 -115.26
9392.28 -94.432 9463.19 -108.751
9407.46 -132.183 9479.24 -120.467
9422.63 -84.0179 9494.41 -147.804
9439.56 -81.4144 9511.33 -173.839
9455.6 -89.225 9526.79 -156.916
9471.65 -93.1302 9542.55 -103.544
9487.7 -76.2074 9559.47 -149.106
9503.75 -77.5092 9575.52 -121.769
9519.5 -87.9232 9590.98 -91.8285
9534.96 -74.9056 9607.32 -67.0951
9551.59 -97.0355 9623.36 -137.39
9567.35 -68.3969 9639.11 -111.355
9583.1 -93.1302 9655.74 -130.881
9600.02 -46.267 9671.2 -133.485
9615.78 -54.0776 9688.13 -145.2
9631.53 -77.5092 9703 -112.657
9646.7 -117.864 9719.92 -149.106
9663.04 -104.846 9735.67 -120.467
9679.96 -97.0355 9752.01 -104.846
9695.42 -102.243 9768.05 -116.562
9711.75 -55.3793 9783.8 -136.088
9728.09 -71.0004 9800.72 -166.029
9743.26 -57.9828 9815.89 -189.46
9759.59 -76.2074 9832.22 -138.692
9776.22 -117.864 9847.69 -145.2
9791.39 -100.941 9864.02 -97.0355
9808.31 -110.053 9879.48 -112.657
9823.77 -103.544 9895.81 -91.8285
9839.81 -61.8881 9912.73 -126.976
9855.85 -47.5688 9927.9 -129.579
9871.9 -59.2846 9944.81 -133.485
9887.64 -82.7162 9960.27 -162.123
9903.69 -72.3021 9976.61 -119.165
9919.15 -93.1302 9992.94 -138.692
9936.06 -112.657 10008.4 -126.976
9952.11 -120.467 10024.1 -73.6039
9967.27 -71.0004 10040.8 -84.0179
9983.31 -38.4565 10056.2 -90.5267
9999.36 -77.5092 10072 -143.899
10016.3 -50.1723 10088.3 -134.786
10031.4 -89.225 10104.6 -159.52
10047.5 -128.278 10121.6 -116.562
10063.5 -85.3197 10137 -106.148
10080.1 -106.148 10152.5 -110.053
10095.6 -124.372 10168.5 -99.639
10111.9 -69.6986 10184.9 -121.769
10128.3 -57.9828 10200.6 -98.3372
10143.4 -71.0004 10217.2 -136.088
10159.8 -59.2846 10232.4 -159.52
10175.5 -84.0179 10249.3 -119.165
10191.9 -112.657 10265.1 -100.941
10207.6 -99.639 10281.4 -102.243
10224.5 -89.225 10297.4 -138.692
10239.4 -69.6986 10313.8 -107.45
10256.3 -93.1302 10328.9 -124.372
10271.8 -64.4916 10345 -123.071
10287.8 -82.7162 10361 -132.183
10303.5 -57.9828 10377.9 -142.597
10319.9 -98.3372 10393.1 -142.597
10336.8 -102.243 10409.7 -147.804
10351.7 -108.751 10426 -121.769
10366.5 -103.544 10441.5 -107.45
10383.5 -84.0179 10457.2 -107.45
10399.5 -76.2074 10473.9 -91.8285
10416.7 -69.6986 10489.6 -134.786
10431.9 -72.3021 10506 -121.769
10447.6 -60.5863 10521.7 -100.941
10463.4 -94.432 10537.4 -99.639
10479.1 -72.3021 10554.1 -98.3372
10496.3 -106.148 10569.5 -125.674
10511.5 -97.0355 10586.4 -138.692
10527.5 -77.5092 10602.2 -143.899
10543.3 -76.2074 10617.6 -145.2
10560.2 -73.6039 10633.7 -138.692
10575.9 -74.9056 10650 -117.864
10591.4 -63.1898 10665.8 -138.692
10607.4 -76.2074 10682.1 -128.278
10624.4 -117.864 10699 -95.7337
10639.8 -71.0004 10714.2 -155.615
10656.1 -91.8285 10730.2 -134.786
10671.9 -54.0776 10746.6 -97.0355
10688.2 -93.1302 10762.3 -81.4144
10704 -93.1302 10778.4 -142.597
10720 -64.4916 10795.6 -133.485
10735.8 -78.8109 10811 -125.674
10751.2 -63.1898 10826.8 -151.709
10768.1 -81.4144 10843.1 -142.597
10783.9 -84.0179 10858.3 -139.993
10799.1 -103.544 10874.3 -147.804
10816 -117.864 10891.5 -116.562
10832.6 -91.8285 10906.7 -136.088
10848.4 -72.3021 10922.4 -138.692
10863.2 -90.5267 10938.2 -108.751
10879.6 -84.0179 10955.4 -103.544
10896.8 -91.8285 10971.2 -100.941
10911.4 -97.0355 10987.5 -108.751
10928 -72.3021 11003.8 -138.692
10943.2 -98.3372 11018.7 -154.313
10959.8 -104.846 11035.6 -129.579
10976.4 -116.562 11051.7 -100.941
10992.8 -91.8285 11067.4 -125.674
11008.2 -59.2846 11083.2 -85.3197
11024 -65.7934 11099.8 -142.597
11040 -78.8109 11116.1 -123.071
11055.8 -87.9232 11131.6 -98.3372
11071.2 -78.8109 11147.6 -129.579
11089 -82.7162 11164.3 -159.52
11104.8 -78.8109 11180.3 -137.39
11120.2 -56.6811 11196.1 -126.976
11135.1 -67.0951 11212.1 -124.372
11152.9 -81.4144 11228.2 -87.9232
11168.4 -76.2074 11243.4 -130.881
11183.3 -90.5267 11260 -110.053
11200.2 -85.3197 11276 -130.881
11216.2 -87.9232 11292.1 -125.674
11231.4 -80.1127 11307.8 -138.692
11247.4 -67.0951 11323.9 -147.804
11263.2 -84.0179 11340.8 -124.372
11279.8 -89.225 11355.4 -119.165
11296.5 -113.958 11372.3 -95.7337
11311.6 -80.1127 11388.4 -90.5267
11327.7 -77.5092 11403.8 -132.183
11343.7 -117.864 11420.2 -139.993
11360.1 -107.45 11437.4 -146.502
11376.7 -78.8109 11452.3 -138.692
11391.9 -87.9232 11468.6 -160.822
11407.3 -113.958 11485.3 -111.355
11424.3 -73.6039 11501 -117.864
11439.7 -121.769 11516.8 -100.941
11456.1 -113.958 11532.5 -97.0355
11472.4 -56.6811 11548 -89.225
11487.9 -61.8881 11565.5 -116.562
11503.6 -76.2074 11580.7 -166.029
11520 -86.6215 11597.6 -180.348
11536.3 -112.657 11612.2 -158.218
11551.8 -136.088 11628.3 -97.0355
11567.8 -108.751 11644.6 -115.26
11584.2 -87.9232 11660.9 -73.6039
11599.9 -67.0951 11677 -78.8109
11616.6 -57.9828 11693.1 -80.1127
11632.4 -67.0951 11708.8 -134.786
11647.8 -67.0951 11725.2 -107.45
11664.5 -85.3197 11740.6 -150.407
11680.5 -108.751 11757.3 -139.993
11696.9 -94.432 11773.3 -98.3372
11712.9 -85.3197 11789.1 -90.5267
11727.2 -55.3793 11805.2 -81.4144
11744.1 -42.3617 11821.5 -97.0355
11761.1 -44.9653 11837 -95.7337
11776 -50.1723 11852.8 -97.0355
11792 -87.9232 11869.4 -162.123
11808.4 -98.3372 11885.7 -173.839
11824.4 -89.225 11901.8 -147.804
11839.6 -123.071 11917.9 -125.674
11856.3 -102.243 11933.6 -116.562
11873.2 -77.5092 11949.4 -137.39
11888.7 -31.9477 11965.8 -68.3969
11904.1 -30.646 11980.6 -98.3372
11920.5 -55.3793 11997.6 -130.881
11936.3 -71.0004 12014.5 -158.218
11952.6 -94.432 12030.3 -149.106
11968.4 -103.544 12046.6 -147.804
11984.1 -108.751 12061.2 -116.562
11999.6 -130.881 12077.6 -123.071
12015.7 -68.3969 12094.5 -84.0179
12032.9 -57.9828 12110.9 -129.579
12047.8 -43.6635 12126.1 -73.6039
12063.9 -54.0776 12142.7 -94.432
12081.1 -35.853 12158.5 -130.881
12095.7 -110.053 12174 -99.639
12112.1 -74.9056 12190.6 -172.537
12127.5 -85.3197 12206.7 -149.106
12145.4 -104.846 12223.1 -94.432
12160 -84.0179 12238.8 -120.467
12176 -85.3197 12254.3 -120.467
12192.1 -76.2074 12270.7 -119.165
12207 -44.9653 12287 -164.727
12224.5 3.1997 12302.2 -106.148
12239.4 -42.3617 12318.6 -179.046
12256.1 -72.3021 12335.2 -139.993
12271.8 -46.267 12350.1 -126.976
12288.2 -100.941 12366.5 -115.26
12305.1 -104.846 12383.2 -80.1127
12320.3 -80.1127 12400.1 -139.993
12335.8 -94.432 12415.6 -141.295
12351.9 -44.9653 12431.1 -115.26
12368 -54.0776 12447.7 -250.643
12383.7 -2.00733 12463.2 -216.797
12400.4 -47.5688 12478.7 -288.394
12417 -65.7934 12496.5 -193.365
12431.7 -81.4144 12511.4 -158.218
12448 -110.053 12527.2 -272.773
12463.5 -43.6635 12544.2 -173.839
12480.5 -18.9302 12558.8 -199.874
12496.2 24.0278 12576.6 -147.804
12512.3 -12.4214 12591.5 -113.958
12528.4 -68.3969 12607.9 -216.797
12543.9 -21.5337 12624.5 -164.727
12559.7 -24.1372 12639.8 -190.762
12576.3 -61.8881 12656.1 -241.53
12592.4 -12.4214 12672.5 -177.744
12607.9 -22.8354 12687.4 -227.211
12623.7 -17.6284 12704.1 -134.786
12639.2 26.6313 12720.7 -133.485
12655.5 20.1225 12736.8 -195.969
12672.2 47.4594 12752.6 -136.088
12688.9 22.726 12768.4 -211.59
12703.8 -12.4214 12785 -245.436
12720.7 1.89794 12800.5 -257.151
12736.8 0.596186 12816.6 -277.98
12752.9 21.4243 12833 -154.313
12768.7 57.8734 12847.6 -173.839
12783.3 34.4418 12864.6 -134.786
12800 27.9331 12880.7 -98.3372
12816.6 25.3295 12896.4 -253.246
12832.1 11.0102 12913.7 -246.737
12848.8 53.9682 12929.2 -297.506
12864.3 55.2699 12945 -192.064
12879.8 68.2875 12960.5 -136.088
12895.9 78.7015 12976.6 -223.306
12912.8 72.1928 12993.3 -249.341
12928 76.098 13009.6 -97.0355
12943.5 56.5717 13025.7 -250.643
12960.5 111.245 13040.9 -198.572
12976 148.996 13057 -201.176
12992.4 125.565 13073.7 -168.632
13008.5 169.824 13090.1 -44.9653
13024 191.954 13106.2 -205.081
13039.2 194.558 13122.3 -167.33
13055.3 185.445 13137.5 -150.407
13072.2 208.877 13154.1 -173.839
13088.6 193.256 13169.9 -155.615
13103.8 234.912 13185.4 -132.183
13120.5 263.551 13201.5 -149.106
13135.7 286.982 13217.9 -147.804
13151.8 303.905 13234.3 -154.313
13167.6 307.811 13249.5 -139.993
13184.9 313.018 13266.5 -124.372
13199.8 318.225 13282.3 -106.148
13215.6 285.681 13298.1 -102.243
13232.3 309.112 13314.2 -108.751
13248.6 331.242 13330.3 -150.407
13264.1 366.39 13346.9 -151.709
13279.6 404.14 13362.8 -176.443
13295.7 436.684 13378.9 -132.183
13311.3 401.537 13394.9 -139.993
13327.9 387.218 13409.9 -107.45
13344.3 370.295 13427.1 -117.864
13360.1 333.846 13443.5 -107.45
13375 319.526 13458.2 -110.053
13392 392.425 13475.1 -72.3021
13407.5 410.649 13490.9 -123.071
13423.6 421.063 13506.4 -103.544
13440.6 447.098 13523.4 -106.148
13455.8 445.797 13539.8 -65.7934
13472.2 434.081 13555.3 -15.0249
13487.7 391.123 13571.4 -5.91259
13503.8 378.105 13588.4 27.9331
13520.2 408.046 13603.9 1.89794
13536.3 453.607 13619.4 26.6313
13551.2 495.263 13635.2 -4.61084
13568.8 557.748 13652.2 12.312
13584 570.765 13668 21.4243
13599.8 564.256 13683.8 120.358
13616.2 518.695 13699.9 112.547
13631.1 514.79 13715.8 171.126
13648.1 482.246 13732.7 169.824
13664.2 574.67 13748.5 184.144
13680.6 648.871 13764.4 142.488
13695.8 721.769 13781 51.3647
13711.7 726.976 13796.5 99.5296
13728.9 711.355 13813.2 99.5296
13743.6 669.699 13829.1 133.375
13760.8 599.404 13844.6 201.067
13776.1 543.428 13862.1 215.386
13792.5 592.895 13877.1 208.877
13807.7 615.025 13892.9 211.481
13823.5 641.06 13909.6 169.824
13840.8 685.32 13926.6 169.824
13856.3 687.923 13943 122.961
13872.1 680.113 13959.1 137.281
13888.2 603.309 13976.1 238.817
13904.3 479.642 13992.7 292.189
13919.2 418.46 14000.6 391.123
13935.6 336.449 13984 353.372
13952.9 340.354 13967 322.13
