6016.26 -90.5267 6030.95 -103.544
6004.51 -125.674 6047.11 -87.9232
6000.69 -95.7337 6063.86 -84.0179
6011.86 -65.7934 6079.13 -85.3197
6026.55 -56.6811 6094.7 -97.0355
6043.29 -71.0004 6111.44 -99.639
6058.57 -112.657 6127.6 -91.8285
6075.61 -89.225 6142.87 -103.544
6092.06 -91.8285 6159.32 -121.769
6107.92 -89.225 6175.18 -89.225
6123.78 -61.8881 6191.34 -126.976
6140.23 -95.7337 6207.78 -80.1127
6156.38 -110.053 6223.94 -104.846
6171.36 -68.3969 6238.91 -90.5267
6188.69 -78.8109 6255.65 -124.372
6204.26 -86.6215 6271.51 -126.976
6220.71 -84.0179 6287.66 -119.165
6236.27 -108.751 6304.1 -86.6215
6252.72 -90.5267 6320.26 -111.355
6268.28 -99.639 6336.7 -104.846
6284.72 -65.7934 6351.97 -106.148
6301.17 -91.8285 6367.53 -98.3372
6316.14 -64.4916 6385.14 -98.3372
6332.88 -126.976 6399.53 -76.2074
6348.73 -72.3021 6415.97 -124.372
6365.47 -89.225 6432.11 -76.2074
6380.74 -94.432 6447.67 -86.6215
6396.59 -106.148 6463.82 -104.846
6412.44 -74.9056 6480.55 -93.1302
6429.18 -65.7934 6496.4 -106.148
6444.74 -77.5092 6511.37 -126.976
6461.18 -103.544 6528.69 -115.26
6476.73 -67.0951 6543.95 -100.941
6493.17 -113.958 6561.26 -121.769
6509.02 -113.958 6576.52 -125.674
6525.16 -107.45 6592.08 -113.958
6540.72 -80.1127 6608.8 -82.7162
6556.86 -86.6215 6624.65 -84.0179
6573.59 -77.5092 6641.08 -102.243
6588.56 -68.3969 6657.22 -112.657
6604.7 -69.6986 6672.18 -71.0004
6621.72 -113.958 6688.32 -89.225
6638.15 -94.432 6704.46 -95.7337
6653.7 -95.7337 6721.18 -71.0004
6668.66 -61.8881 6737.61 -133.485
6685.97 -111.355 6752.86 -72.3021
6701.23 -116.562 6768.41 -91.8285
6717.37 -116.562 6785.13 -107.45
6732.91 -84.0179 6801.27 -115.26
6749.34 -106.148 6816.52 -102.243
6765.18 -112.657 6832.94 -110.053
6781.61 -89.225 6849.66 -104.846
6797.45 -134.786 6864.91 -98.3372
6813.58 -65.7934 6880.16 -98.3372
6829.72 -81.4144 6897.17 -94.432
6845.55 -95.7337 6913.3 -81.4144
6861.68 -86.6215 6928.55 -93.1302
6877.52 -108.751 6944.67 -126.976
6893.36 -102.243 6960.51 -94.432
6909.78 -110.053 6977.51 -90.5267
6925.32 -93.1302 6993.64 -120.467
6941.74 -110.053 7009.18 -91.8285
6957.87 -80.1127 7024.42 -106.148
6973.7 -89.225 7040.55 -104.846
6989.53 -78.8109 7056.96 -103.544
7005.66 -128.278 7073.97 -129.579
7022.08 -73.6039 7088.62 -100.941
7037.91 -93.1302 7105.92 -99.639
7054.03 -104.846 7122.04 -115.26
7069.86 -112.657 7137.57 -90.5267
7085.98 -89.225 7154.28 -98.3372
7101.81 -133.485 7170.1 -117.864
7117.35 -93.1302 7185.93 -61.8881
7134.35 -87.9232 7202.34 -110.053
7149.29 -100.941 7218.16 -80.1127
7166 -115.26 7233.98 -103.544
7181.82 -107.45 7250.69 -97.0355
7197.65 -78.8109 7265.92 -64.4916
7213.47 -95.7337 7282.33 -107.45
7230.18 -85.3197 7297.56 -110.053
7246.88 -57.9828 7314.26 -115.26
7261.82 -68.3969 7330.08 -100.941
7277.35 -80.1127 7346.49 -100.941
7293.46 -89.225 7361.43 -90.5267
7310.16 -98.3372 7377.54 -117.864
7326.57 -68.3969 7393.94 -97.0355
7342.39 -95.7337 7410.93 -93.1302
7357.91 -65.7934 7425.28 -111.355
7373.44 -95.7337 7442.85 -90.5267
7390.43 -121.769 7457.79 -74.9056
7406.24 -124.372 7473.9 -111.355
7422.35 -107.45 7490.88 -107.45
7438.17 -99.639 7506.99 -111.355
7454.28 -100.941 7522.51 -102.243
7469.51 -98.3372 7538.91 -89.225
7485.9 -74.9056 7553.84 -106.148
7501.43 -90.5267 7570.82 -119.165
7518.41 -94.432 7586.63 -76.2074
7535.1 -97.0355 7603.03 -119.165
7550.03 -95.7337 7618.25 -113.958
7566.43 -90.5267 7635.23 -82.7162
7583.41 -86.6215 7650.74 -141.295
7598.63 -108.751 7666.26 -84.0179
7613.27 -65.7934 7683.23 -99.639
7630.54 -90.5267 7699.04 -63.1898
7645.77 -100.941 7714.85 -99.639
7661.87 -98.3372 7729.77 -100.941
7677.97 -115.26 7747.04 -82.7162
7694.65 -112.657 7763.43 -125.674
7710.75 -93.1302 7778.94 -124.372
7727.43 -87.9232 7794.45 -84.0179
7742.94 -90.5267 7810.54 -86.6215
7758.45 -116.562 7827.22 -90.5267
7773.96 -91.8285 7843.31 -104.846
7790.64 -102.243 7859.99 -90.5267
7806.15 -89.225 7875.21 -132.183
7823.71 -71.0004 7891.88 -86.6215
7838.92 -68.3969 7907.39 -103.544
7853.85 -84.0179 7922.89 -124.372
7870.52 -56.6811 7939.86 -119.165
7886.91 -115.26 7955.07 -84.0179
7902.71 -90.5267 7970.87 -77.5092
7919.09 -89.225 7987.83 -93.1302
7934.89 -90.5267 8003.33 -95.7337
7950.68 -85.3197 8019.71 -98.3372
7966.77 -78.8109 8036.38 -102.243
7982.86 -97.0355 8051.59 -110.053
7999.24 -61.8881 8066.8 -91.8285
8014.45 -93.1302 8083.18 -95.7337
8030.83 -91.8285 8099.55 -78.8109
8046.33 -76.2074 8115.93 -104.846
8061.83 -89.225 8132.01 -42.3617
8078.79 -91.8285 8147.51 -102.243
8094.87 -77.5092 8164.18 -117.864
8110.96 -128.278 8180.26 -108.751
8126.75 -115.26 8196.63 -97.0355
8142.25 -97.0355 8211.54 -141.295
8158.04 -74.9056 8228.5 -80.1127
8175.29 -56.6811 8243.41 -67.0951
8190.49 -86.6215 8260.36 -102.243
8206.86 -72.3021 8276.73 -113.958
8222.65 -93.1302 8291.64 -86.6215
8238.44 -93.1302 8308.3 -108.751
8255.1 -73.6039 8324.08 -102.243
8271.18 -76.2074 8340.45 -87.9232
8286.38 -97.0355 8357.11 -103.544
8303.04 -64.4916 8372.31 -100.941
8319.11 -121.769 8388.38 -63.1898
8334.9 -69.6986 8403.58 -81.4144
8351.27 -91.8285 8420.82 -81.4144
8367.63 -94.432 8436.9 -84.0179
8381.95 -68.3969 8452.09 -120.467
8398.61 -73.6039 8468.45 -120.467
8414.98 -98.3372 8485.11 -103.544
8431.34 -85.3197 8500.6 -89.225
8446.83 -113.958 8516.67 -99.639
8462.9 -102.243 8533.61 -82.7162
8478.68 -107.45 8549.1 -97.0355
8495.34 -99.639 8564.29 -69.6986
8510.24 -85.3197 8580.94 -111.355
8527.18 -102.243 8596.72 -94.432
8543.55 -94.432 8612.78 -111.355
8559.32 -119.165 8629.44 -97.0355
8575.1 -73.6039 8645.21 -64.4916
8591.46 -117.864 8660.4 -67.0951
8607.23 -95.7337 8677.34 -99.639
8623.01 -89.225 8692.82 -67.0951
8639.37 -72.3021 8709.76 -93.1302
8655.43 -102.243 8725.83 -81.4144
8670.62 -93.1302 8741.6 -100.941
8687.86 -63.1898 8757.66 -106.148
8702.75 -84.0179 8772.56 -87.9232
8719.11 -113.958 8789.2 -82.7162
8735.17 -80.1127 8805.56 -84.0179
8751.24 -76.2074 8822.2 -68.3969
8767.3 -76.2074 8837.09 -103.544
8783.07 -87.9232 8854.32 -104.846
8799.13 -77.5092 8870.39 -110.053
8815.19 -100.941 8884.98 -87.9232
8831.55 -97.0355 8901.63 -86.6215
8847.02 -97.0355 8917.39 -93.1302
8863.08 -87.9232 8932.87 -86.6215
8878.27 -82.7162 8950.1 -102.243
8894.91 -123.071 8966.15 -78.8109
8911.85 -86.6215 8981.92 -63.1898
8927.61 -82.7162 8997.98 -99.639
8943.09 -82.7162 9014.32 -116.562
8959.14 -67.0951 9030.09 -82.7162
8975.2 -104.846 9046.44 -120.467
8991.55 -116.562 9062.49 -102.243
9006.73 -84.0179 9078.26 -87.9232
9023.37 -78.8109 9094.02 -110.053
9039.14 -113.958 9110.36 -95.7337
9055.78 -71.0004 9127 -74.9056
9072.12 -77.5092 9143.05 -102.243
9087.01 -64.4916 9158.23 -110.053
9103.07 -82.7162 9174.87 -119.165
9120 -103.544 9189.75 -94.432
9135.17 -91.8285 9206.1 -115.26
9150.35 -113.958 9222.73 -94.432
9167.87 -68.3969 9239.37 -82.7162
9182.75 -120.467 9255.13 -94.432
9198.8 -84.0179 9270.31 -90.5267
9215.15 -86.6215 9286.36 -69.6986
9231.2 -93.1302 9302.7 -130.881
9247.25 -42.3617 9318.46 -56.6811
9262.72 -61.8881 9335.38 -90.5267
9278.77 -97.0355 9349.39 -99.639
9295.7 -90.5267 9366.9 -107.45
9311.75 -78.8109 9382.66 -112.657
9326.92 -77.5092 9399 -116.562
9344.43 -78.8109 9415.34 -110.053
9360.19 -112.657 9430.8 -119.165
9375.36 -99.639 9446.27 -93.1302
9391.12 -77.5092 9463.77 -74.9056
9407.75 -98.3372 9478.94 -100.941
9422.63 -59.2846 9495.28 -87.9232
9439.56 -106.148 9510.75 -98.3372
9455.89 -59.2846 9526.5 -76.2074
9472.23 -112.657 9543.72 -117.864
9487.99 -86.6215 9559.76 -100.941
9503.45 -71.0004 9575.81 -91.8285
9520.08 -84.0179 9591.56 -99.639
9535.25 -65.7934 9606.73 -52.7758
9551.59 -73.6039 9623.65 -78.8109
9567.93 -50.1723 9639.41 -99.639
9582.81 -87.9232 9656.62 -126.976
9600.02 -104.846 9671.79 -121.769
9615.19 -116.562 9687.54 -124.372
9630.95 -108.751 9702.71 -117.864
9647.28 -61.8881 9719.92 -107.45
9663.33 -63.1898 9735.97 -120.467
9679.08 -89.225 9752.3 -82.7162
9695.71 -108.751 9767.76 -67.0951
9711.75 -98.3372 9783.22 -61.8881
9727.8 -98.3372 9799.85 -85.3197
9743.55 -115.26 9816.18 -115.26
9759.01 -93.1302 9832.22 -102.243
9775.05 -89.225 9848.27 -115.26
9791.68 -128.278 9863.73 -113.958
9808.89 -64.4916 9879.77 -64.4916
9823.77 -69.6986 9895.81 -89.225
9839.23 -87.9232 9912.15 -80.1127
9854.98 -69.6986 9928.19 -87.9232
9871.02 -84.0179 9944.52 -86.6215
9887.94 -107.45 9961.15 -81.4144
9903.98 -111.355 9976.61 -115.26
9918.86 -97.0355 9992.36 -97.0355
9935.77 -76.2074 10007.8 -69.6986
9951.23 -78.8109 10025 -82.7162
9966.98 -63.1898 10040.5 -86.6215
9983.61 -63.1898 10056.5 -99.639
9999.94 -100.941 10072.3 -84.0179
10015.4 -87.9232 10088.6 -125.674
10031.1 -112.657 10104.6 -100.941
10047.5 -67.0951 10120.7 -91.8285
10063.5 -86.6215 10136.7 -104.846
10079.9 -81.4144 10153.1 -91.8285
10095.6 -95.7337 10168.8 -91.8285
10111.9 -76.2074 10184.9 -124.372
10126.5 -95.7337 10200.6 -102.243
10144.3 -95.7337 10216.3 -113.958
10159.8 -103.544 10233 -107.45
10175.5 -119.165 10249 -112.657
10191 -129.579 10265.6 -147.804
10207.6 -115.26 10281.7 -111.355
10224.2 -42.3617 10297.1 -137.39
10240.6 -117.864 10313.2 -106.148
10255.4 -82.7162 10329.8 -124.372
10272 -59.2846 10345.3 -162.123
10287.2 -61.8881 10360.7 -123.071
10303.5 -97.0355 10377.3 -171.236
10319 -82.7162 10393.1 -137.39
10336.2 -69.6986 10409.4 -154.313
10351.7 -81.4144 10425.4 -163.425
10368 -71.0004 10441.8 -172.537
10384 -85.3197 10458.1 -110.053
10400.1 -150.407 10474.2 -117.864
10415.5 -71.0004 10489.6 -120.467
10431.9 -82.7162 10505.7 -146.502
10448.2 -102.243 10521.4 -162.123
10464 -89.225 10538 -156.916
10479.4 -108.751 10553.8 -150.407
10495.2 -134.786 10569.5 -132.183
10512.1 -68.3969 10586.4 -138.692
10527.8 -119.165 10601.9 -137.39
10543.9 -91.8285 10617.4 -130.881
10559 -82.7162 10634 -133.485
10576.2 -97.0355 10650 -155.615
10591.7 -90.5267 10666.7 -151.709
10608.6 -82.7162 10682.1 -139.993
10623.5 -91.8285 10698.1 -160.822
10639.8 -117.864 10713.9 -137.39
10655.6 -89.225 10730.5 -128.278
10671.6 -90.5267 10744.8 -110.053
10687.6 -93.1302 10762.6 -102.243
10703.1 -77.5092 10778.1 -129.579
10720 -46.267 10794.4 -126.976
10736.4 -54.0776 10810.7 -145.2
10751.5 -84.0179 10827.6 -128.278
10767.9 -91.8285 10842.2 -106.148
10783.3 -119.165 10858.9 -124.372
10799.9 -98.3372 10876.1 -113.958
10816.3 -80.1127 10891.2 -113.958
10832.6 -54.0776 10907 -87.9232
10848.1 -78.8109 10923 -123.071
10863.5 -67.0951 10939.4 -132.183
10879.9 -80.1127 10954.8 -116.562
10895.3 -102.243 10970.9 -123.071
10912.5 -124.372 10986.3 -120.467
10928.6 -111.355 11002.4 -130.881
10944.3 -78.8109 11019 -95.7337
10959.5 -82.7162 11035 -129.579
10976.1 -67.0951 11050.8 -125.674
10992.5 -77.5092 11067.7 -110.053
11006.8 -57.9828 11084.4 -128.278
11023.7 -108.751 11099.2 -159.52
11039.4 -97.0355 11116.1 -130.881
11054.9 -100.941 11131 -121.769
11071.8 -85.3197 11147.9 -110.053
11087.6 -85.3197 11163.4 -108.751
11103.9 -89.225 11179.2 -81.4144
11120.8 -63.1898 11195.2 -133.485
11136.3 -72.3021 11211.3 -116.562
11152 -76.2074 11228.2 -95.7337
11168.1 -103.544 11243.4 -142.597
11184.1 -132.183 11259.7 -164.727
11199.9 -103.544 11275.7 -169.934
11215.3 -108.751 11292.1 -154.313
11232 -110.053 11308.1 -159.52
11248 -61.8881 11325 -173.839
11263.8 -56.6811 11340.5 -164.727
11279.8 -91.8285 11356 -180.348
11296.2 -97.0355 11371.7 -171.236
11311.6 -60.5863 11388.7 -171.236
11327.1 -104.846 11404.4 -153.011
11343.7 -65.7934 11419.9 -132.183
11360.1 -133.485 11435.9 -151.709
11376.7 -38.4565 11452 -154.313
11391 -95.7337 11468 -162.123
11407.9 -67.0951 11484.4 -151.709
11424 -100.941 11500.4 -129.579
11439.7 -76.2074 11516.8 -130.881
11455.8 -78.8109 11532.2 -108.751
11472.1 -102.243 11548.3 -134.786
11487.9 -82.7162 11564.9 -108.751
11504.2 -64.4916 11581.6 -141.295
11520 -68.3969 11597 -172.537
11536.3 -87.9232 11613.1 -149.106
11552.1 -95.7337 11628.8 -128.278
11568.4 -100.941 11644.9 -162.123
11583.6 -73.6039 11660.9 -153.011
11599.4 -97.0355 11677.3 -130.881
11616 -84.0179 11693.1 -123.071
11631.8 -91.8285 11708.2 -119.165
11647.5 -44.9653 11725.5 -117.864
11663.9 -93.1302 11740.9 -104.846
11679.3 -116.562 11757.3 -128.278
11696.6 -61.8881 11773.9 -146.502
11711.7 -74.9056 11789.7 -138.692
11727.8 -82.7162 11805.5 -112.657
11744.7 -52.7758 11821.2 -108.751
11760.5 -86.6215 11837.9 -103.544
11775.4 -51.474 11853 -108.751
11792 -121.769 11869.4 -180.348
11808.4 -103.544 11886 -167.33
11823.8 -108.751 11902.1 -207.685
11839.9 -117.864 11916.4 -214.194
11856.8 -91.8285 11933 -179.046
11871.1 -76.2074 11950.3 -163.425
11887.2 -57.9828 11965.8 -141.295
11903.8 -91.8285 11982.1 -155.615
11919.9 -72.3021 11998.5 -150.407
11935.7 -91.8285 12014.2 -136.088
11952.3 -98.3372 12030.3 -155.615
11968.7 -80.1127 12045.2 -171.236
11983.9 -78.8109 12062.4 -146.502
12000.5 -71.0004 12078.2 -147.804
12015.4 -81.4144 12094.2 -128.278
12032 -95.7337 12110.3 -126.976
12047.8 -78.8109 12125.5 -117.864
12064.7 -54.0776 12141.9 -156.916
12079.4 -102.243 12158.2 -190.762
12096 -93.1302 12174 -180.348
12111.8 -87.9232 12190.6 -266.264
12129 -85.3197 12206.7 -224.608
12143.3 -87.9232 12223.1 -208.986
12160.3 -56.6811 12238.8 -207.685
12175.7 -56.6811 12254 -163.425
12192.4 -61.8881 12270.7 -194.667
12208.2 -87.9232 12286.2 -222.004
12224.8 -102.243 12303.4 -235.022
12240.3 -94.432 12318.3 -263.66
12254.6 -99.639 12334.4 -246.737
12272.1 -115.26 12350.7 -270.169
12288.2 -77.5092 12367.7 -192.064
12303.7 -64.4916 12382.9 -192.064
12320 -68.3969 12400.4 -194.667
12336.7 -51.474 12414.7 -205.081
12353.1 -71.0004 12431.1 -220.702
12367.4 -89.225 12447.7 -225.909
12384.9 -93.1302 12464.4 -255.85
12400.7 -77.5092 12479.6 -232.418
12415.6 -56.6811 12495.1 -227.211
12431.7 -71.0004 12510.9 -169.934
12447.7 -82.7162 12528.1 -158.218
12463.8 -39.7582 12543.3 -175.141
12479.6 -46.267 12559.4 -192.064
12496 -68.3969 12575.5 -240.229
12511.7 -50.1723 12591.8 -258.453
12528.1 -86.6215 12607.9 -220.702
12544.2 -72.3021 12624.5 -205.081
12560.5 -64.4916 12639.5 -190.762
12576.3 -43.6635 12656.1 -212.892
12592.1 12.312 12671.3 -179.046
12608.2 12.312 12687.7 -220.702
12624.8 -22.8354 12704.1 -197.271
12639.8 -21.5337 12720.7 -225.909
12655.5 -82.7162 12737.1 -220.702
12673.1 -56.6811 12751.7 -189.46
12688 -37.1547 12769.3 -190.762
12704.1 -17.6284 12783.9 -179.046
12719.3 -0.70557 12800.5 -182.951
12736.5 11.0102 12816.6 -151.709
12752 46.1576 12831.8 -198.572
12767.8 39.6489 12847.9 -182.951
12784.2 44.8559 12864.6 -176.443
12799.7 16.2173 12881.3 -158.218
12816.6 66.9857 12897.9 -190.762
12832.4 22.726 12912.8 -185.555
12848.2 27.9331 12929.2 -119.165
12864.3 35.7436 12945 -132.183
12880.4 90.4173 12960.5 -166.029
12895.9 73.4945 12976.9 -201.176
12913.4 51.3647 12993.3 -162.123
12928.6 100.831 13009.1 -179.046
12943.5 82.6068 13025.1 -143.899
12960.5 57.8734 13040.9 -133.485
12975.7 106.038 13057.9 -113.958
12992.7 99.5296 13072.8 -86.6215
13007.9 112.547 13089.2 -117.864
13023.7 126.866 13106.2 -184.253
13040.6 129.47 13121.7 -168.632
13055.9 150.298 13137.8 -172.537
13071.9 178.937 13153.8 -132.183
13087.7 141.186 13170.2 -112.657
13104.4 150.298 13186 -73.6039
13119.9 135.979 13201.8 -67.0951
13135.7 143.789 13217.6 -86.6215
13151.5 175.031 13233.1 -177.744
13167.6 197.161 13249.2 -184.253
13183.1 232.309 13265.6 -201.176
13199.2 202.368 13282 -147.804
13215.3 241.421 13297.8 -145.2
13232 199.765 13314.5 -94.432
13248.3 206.274 13329.7 -74.9056
13264.4 195.86 13346.4 -59.2846
13279.4 220.593 13362.5 -93.1302
13295.5 236.214 13379.1 -113.958
13311.8 250.533 13394.6 -124.372
13328.8 270.06 13410.5 -141.295
13344.3 294.793 13427.1 -138.692
13360.1 324.733 13442.9 -48.8705
13375.6 276.568 13459.3 25.3295
13392 298.698 13475.1 27.9331
13407.2 284.379 13490.6 30.5366
13423.6 305.207 13507.3 -20.2319
13441.2 337.751 13523.7 -64.4916
13456.4 340.354 13538.9 -103.544
13472.2 389.821 13555.6 -85.3197
13487.7 378.105 13570.6 -17.6284
13504.4 340.354 13587.5 44.8559
13520.8 384.614 13603.6 128.168
13535.7 372.898 13620 159.41
13552.1 376.804 13635.8 96.9261
13567.9 384.614 13652.5 38.3471
13584.6 448.4 13668 -7.21435
13600.1 411.951 13684.1 -21.5337
13615.6 401.537 13700.2 3.1997
13632.3 415.856 13716.3 102.133
13648.1 411.951 13732.7 190.653
13663.9 417.158 13748.5 253.137
13680.3 505.677 13765.2 228.403
13695.8 466.625 13780.5 225.8
13712.2 518.695 13796.3 154.203
13727.8 469.228 13812.4 121.659
13744.4 464.021 13828.8 98.2279
13759.7 465.323 13845.4 202.368
13776.1 477.039 13861 262.249
13792.5 510.884 13878.3 361.182
13807.4 557.748 13893.5 380.709
13823.8 600.706 13910.2 388.519
13841.1 569.463 13925.7 337.751
13856.9 621.534 13942.4 328.639
13872.4 556.446 13959.6 286.982
13887.9 581.179 13976.3 286.982
13903.4 575.972 13991.9 383.312
13920.4 557.748 14000.4 449.702
13936.2 631.948 13983.7 526.505
13952.6 590.291 13967.9 586.386
