6016.26 -139.993 6031.54 -71.0004
6005.39 -46.267 6047.4 -56.6811
6000.1 -57.9828 6064.15 -54.0776
6011.27 -68.3969 6078.84 -60.5863
6027.43 -76.2074 6094.41 -102.243
6042.7 -103.544 6111.44 -59.2846
6058.86 -106.148 6127.6 -74.9056
6075.31 -95.7337 6144.05 -47.5688
6092.06 -102.243 6160.2 -57.9828
6107.63 -63.1898 6175.48 -103.544
6123.49 -71.0004 6191.04 -64.4916
6139.94 -74.9056 6207.19 -43.6635
6155.8 -72.3021 6224.52 -25.4389
6171.95 -77.5092 6239.79 -52.7758
6188.11 -84.0179 6255.65 -71.0004
6204.26 -99.639 6272.39 -100.941
6219.82 -68.3969 6287.37 -73.6039
6235.98 -64.4916 6303.81 -73.6039
6251.84 -74.9056 6319.96 -52.7758
6268.28 -104.846 6336.11 -85.3197
6285.9 -39.7582 6351.09 -80.1127
6300.29 -80.1127 6368.11 -89.225
6317.03 -78.8109 6384.85 -108.751
6332.29 -90.5267 6399.53 -82.7162
6348.15 -98.3372 6415.97 -108.751
6364 -121.769 6432.11 -41.06
6381.03 -67.0951 6448.26 -65.7934
6395.71 -65.7934 6464.4 -89.225
6413.03 -74.9056 6480.55 -78.8109
6429.18 -81.4144 6495.81 -59.2846
6445.03 -107.45 6511.37 -130.881
6461.47 -60.5863 6528.98 -85.3197
6477.32 -87.9232 6544.53 -57.9828
6492.29 -91.8285 6560.68 -63.1898
6509.61 -64.4916 6576.52 -77.5092
6525.16 -73.6039 6592.37 -85.3197
6541.01 -86.6215 6609.1 -103.544
6557.45 -55.3793 6624.06 -78.8109
6572.71 -78.8109 6640.2 -80.1127
6589.44 -98.3372 6656.93 -115.26
6604.7 -121.769 6672.48 -85.3197
6621.72 -113.958 6688.61 -77.5092
6637.86 -93.1302 6704.75 -89.225
6653.41 -73.6039 6720.59 -89.225
6669.84 -111.355 6736.14 -90.5267
6685.39 -89.225 6752.86 -56.6811
6701.82 -71.0004 6768.7 -72.3021
6717.66 -78.8109 6784.84 -91.8285
6733.21 -107.45 6801.56 -98.3372
6748.46 -84.0179 6816.81 -76.2074
6766.36 -99.639 6831.77 -78.8109
6781.9 -61.8881 6848.78 -93.1302
6797.74 -73.6039 6865.5 -94.432
6813.58 -112.657 6881.33 -50.1723
6829.42 -78.8109 6896.58 -61.8881
6846.43 -89.225 6913.3 -91.8285
6861.39 -80.1127 6929.72 -68.3969
6878.4 -69.6986 6945.55 -82.7162
6894.24 -82.7162 6961.39 -89.225
6909.49 -76.2074 6977.51 -85.3197
6925.32 -85.3197 6993.93 -95.7337
6941.16 -80.1127 7009.76 -65.7934
6957.87 -100.941 7025.01 -57.9828
6974.58 -74.9056 7040.84 -72.3021
6990.41 -102.243 7057.26 -41.06
7004.78 -95.7337 7073.67 -94.432
7021.49 -76.2074 7089.5 -72.3021
7037.61 -95.7337 7105.33 -97.0355
7053.74 -87.9232 7121.74 -110.053
7070.45 -124.372 7136.69 -99.639
7085.4 -94.432 7152.81 -112.657
7101.81 -91.8285 7169.81 -78.8109
7117.93 -91.8285 7186.22 -50.1723
7134.05 -69.6986 7202.05 -78.8109
7149.88 -134.786 7216.99 -81.4144
7165.41 -86.6215 7233.69 -99.639
7181.53 -91.8285 7249.51 -85.3197
7197.94 -120.467 7265.63 -112.657
7213.77 -73.6039 7282.04 -84.0179
7229.59 -132.183 7297.27 -117.864
7245.7 -108.751 7314.85 -89.225
7261.53 -77.5092 7329.79 -61.8881
7277.64 -71.0004 7347.07 -76.2074
7293.46 -93.1302 7361.72 -95.7337
7310.16 -85.3197 7377.83 -76.2074
7326.57 -89.225 7394.24 -82.7162
7341.22 -107.45 7410.64 -110.053
7357.33 -64.4916 7425.87 -102.243
7374.02 -97.0355 7442.27 -73.6039
7390.43 -73.6039 7457.5 -67.0951
7407.12 -93.1302 7473.9 -60.5863
7422.35 -84.0179 7490.88 -89.225
7437.58 -73.6039 7506.99 -100.941
7453.98 -80.1127 7523.09 -98.3372
7470.38 -119.165 7538.91 -73.6039
7486.2 -86.6215 7554.13 -113.958
7502.6 -74.9056 7570.53 -52.7758
7518.7 -85.3197 7586.63 -86.6215
7534.81 -77.5092 7602.44 -80.1127
7549.45 -73.6039 7618.54 -73.6039
7566.43 -120.467 7634.35 -65.7934
7581.95 -107.45 7650.74 -46.267
7597.76 -94.432 7667.72 -51.474
7614.15 -108.751 7682.65 -103.544
7629.96 -110.053 7699.63 -99.639
7646.94 -108.751 7714.55 -76.2074
7663.04 -119.165 7730.36 -47.5688
7677.97 -85.3197 7747.33 -99.639
7694.06 -132.183 7763.43 -99.639
7710.16 -124.372 7779.52 -61.8881
7726.55 -99.639 7795.03 -86.6215
7742.06 -97.0355 7811.42 -97.0355
7759.04 -68.3969 7827.51 -89.225
7773.67 -104.846 7843.61 -103.544
7790.35 -51.474 7859.11 -82.7162
7806.74 -60.5863 7875.5 -77.5092
7823.42 -69.6986 7891.59 -77.5092
7838.92 -124.372 7907.1 -84.0179
7855.6 -102.243 7923.48 -68.3969
7869.94 -108.751 7940.15 -71.0004
7886.32 -89.225 7955.07 -76.2074
7902.71 -115.26 7972.04 -56.6811
7918.8 -56.6811 7987.83 -82.7162
7934.3 -71.0004 8003.04 -95.7337
7951.27 -95.7337 8020.59 -99.639
7966.48 -100.941 8036.38 -61.8881
7983.15 -113.958 8051.3 -90.5267
7998.65 -100.941 8067.97 -100.941
8014.16 -74.9056 8082.88 -77.5092
8031.12 -74.9056 8099.55 -102.243
8047.2 -78.8109 8116.51 -64.4916
8062.41 -86.6215 8131.43 -110.053
8078.79 -110.053 8148.39 -65.7934
8095.46 -68.3969 8163.3 -102.243
8110.37 -85.3197 8180.55 -90.5267
8127.04 -94.432 8196.34 -81.4144
8143.12 -89.225 8212.71 -98.3372
8158.91 -119.165 8227.91 -71.0004
8175.29 -60.5863 8243.41 -90.5267
8191.07 -80.1127 8259.78 -87.9232
8206.28 -60.5863 8276.73 -56.6811
8222.07 -78.8109 8291.93 -90.5267
8239.31 -97.0355 8308.3 -94.432
8255.1 -97.0355 8324.38 -106.148
8270.59 -63.1898 8340.16 -108.751
8287.25 -86.6215 8357.11 -94.432
8302.75 -64.4916 8373.19 -94.432
8319.7 -97.0355 8388.67 -94.432
8334.61 -60.5863 8404.46 -57.9828
8351.85 -54.0776 8420.53 -78.8109
8367.05 -73.6039 8436.9 -99.639
8383.71 -91.8285 8452.68 -80.1127
8399.2 -90.5267 8469.92 -107.45
8415.27 -125.674 8485.4 -110.053
8430.76 -87.9232 8500.01 -84.0179
8446.83 -59.2846 8517.54 -77.5092
8462.9 -56.6811 8533.61 -78.8109
8478.97 -77.5092 8549.68 -93.1302
8495.92 -80.1127 8564.29 -69.6986
8510.82 -87.9232 8581.23 -90.5267
8527.18 -77.5092 8596.43 -69.6986
8543.25 -85.3197 8613.08 -110.053
8559.03 -84.0179 8629.14 -110.053
8575.68 -108.751 8645.5 -73.6039
8591.46 -93.1302 8660.11 -91.8285
8606.65 -100.941 8677.63 -64.4916
8621.84 -60.5863 8693.7 -76.2074
8638.49 -74.9056 8709.18 -86.6215
8654.56 -87.9232 8725.24 -104.846
8671.79 -97.0355 8741.02 -84.0179
8687.86 -116.562 8757.37 -82.7162
8703.34 -126.976 8773.14 -87.9232
8719.99 -90.5267 8789.2 -97.0355
8735.17 -117.864 8806.43 -116.562
8750.65 -98.3372 8821.33 -38.4565
8768.17 -78.8109 8837.39 -57.9828
8783.07 -59.2846 8853.45 -106.148
8798.26 -93.1302 8869.8 -85.3197
8815.19 -100.941 8885.86 -87.9232
8830.67 -55.3793 8901.63 -71.0004
8847.32 -100.941 8918.27 -82.7162
8863.38 -64.4916 8934.04 -112.657
8878.56 -100.941 8950.1 -99.639
8894.91 -119.165 8965.86 -100.941
8911.55 -103.544 8982.21 -69.6986
8928.49 -98.3372 8997.98 -87.9232
8943.38 -99.639 9013.45 -78.8109
8959.14 -87.9232 9029.8 -123.071
8974.91 -69.6986 9046.14 -98.3372
8991.26 -87.9232 9061.91 -90.5267
9008.19 -78.8109 9078.55 -90.5267
9023.37 -108.751 9094.6 -54.0776
9039.14 -69.6986 9110.36 -104.846
9055.48 -72.3021 9127 -94.432
9070.67 -107.45 9141.6 -86.6215
9087.89 -108.751 9158.53 -89.225
9103.65 -84.0179 9174.29 -85.3197
9120.29 -102.243 9191.21 -111.355
9134.88 -69.6986 9206.39 -78.8109
9150.35 -46.267 9222.15 -76.2074
9166.99 -85.3197 9238.5 -73.6039
9183.63 -80.1127 9254.84 -80.1127
9199.39 -85.3197 9270.31 -81.4144
9215.44 -106.148 9287.23 -60.5863
9230.91 -72.3021 9302.7 -68.3969
9247.25 -86.6215 9318.75 -85.3197
9263.89 -110.053 9334.51 -93.1302
9279.64 -119.165 9350.85 -113.958
9295.4 -97.0355 9366.61 -103.544
9311.75 -112.657 9383.24 -80.1127
9326.92 -56.6811 9399 -72.3021
9342.97 -77.5092 9414.75 -80.1127
9359.89 -102.243 9431.68 -81.4144
9375.65 -94.432 9447.14 -73.6039
9392.28 -69.6986 9463.48 -89.225
9406.88 -106.148 9478.36 -116.562
9423.22 -82.7162 9494.7 -113.958
9438.68 -93.1302 9510.16 -77.5092
9455.31 -72.3021 9526.5 -91.8285
9471.07 -82.7162 9544.01 -59.2846
9487.7 -54.0776 9558.89 -60.5863
9503.45 -90.5267 9575.52 -78.8109
9518.63 -77.5092 9591.27 -90.5267
9535.84 -107.45 9607.32 -106.148
9551.3 -91.8285 9623.36 -80.1127
9567.06 -89.225 9639.7 -76.2074
9583.1 -94.432 9656.33 -76.2074
9599.15 -85.3197 9671.79 -97.0355
9616.65 -99.639 9688.71 -77.5092
9631.82 -95.7337 9703.59 -94.432
9646.99 -121.769 9719.63 -94.432
9663.33 -82.7162 9736.55 -57.9828
9679.37 -104.846 9752.01 -69.6986
9695.42 -84.0179 9768.05 -69.6986
9711.75 -72.3021 9784.1 -43.6635
9727.8 -89.225 9799.85 -87.9232
9743.55 -91.8285 9816.18 -94.432
9759.01 -84.0179 9831.64 -99.639
9775.05 -72.3021 9848.27 -90.5267
9792.56 -97.0355 9864.6 -50.1723
9807.14 -81.4144 9880.06 -97.0355
9823.77 -85.3197 9896.4 -108.751
9839.81 -73.6039 9912.15 -94.432
9855.27 -71.0004 9928.19 -69.6986
9871.9 -74.9056 9943.94 -93.1302
9887.06 -65.7934 9960.86 -68.3969
9903.98 -94.432 9976.31 -78.8109
9918.27 -94.432 9991.77 -78.8109
9935.77 -80.1127 10008.4 -63.1898
9951.23 -54.0776 10025 -90.5267
9968.15 -81.4144 10040.8 -72.3021
9983.61 -76.2074 10055.9 -103.544
9999.65 -80.1127 10072 -74.9056
10016 -54.0776 10089.2 -44.9653
10031.1 -132.183 10104.1 -82.7162
10047.5 -73.6039 10121.3 -107.45
10063.5 -81.4144 10137.6 -108.751
10079.9 -84.0179 10152.5 -54.0776
10095.9 -76.2074 10168.5 -71.0004
10111.6 -112.657 10185.1 -93.1302
10127.1 -89.225 10200.9 -97.0355
10143.7 -71.0004 10216.9 -112.657
10159.5 -87.9232 10233 -81.4144
10174.6 -72.3021 10249 -71.0004
10192.4 -76.2074 10265.1 -100.941
10207.9 -57.9828 10281.1 -106.148
10224.5 -107.45 10297.4 -72.3021
10239.1 -50.1723 10313.8 -65.7934
10255.4 -103.544 10329.2 -84.0179
10271.8 -100.941 10345.3 -71.0004
10287.8 -86.6215 10361.3 -68.3969
10303.8 -76.2074 10377.9 -90.5267
10319.9 -91.8285 10393.7 -98.3372
10335.3 -81.4144 10409.1 -97.0355
10352.3 -84.0179 10425.2 -74.9056
10367.4 -63.1898 10441.8 -57.9828
10384.3 -97.0355 10458.7 -73.6039
10399.2 -65.7934 10474.2 -78.8109
10415.5 -51.474 10489.6 -44.9653
10431.6 -78.8109 10506.2 -103.544
10447.6 -74.9056 10521.1 -74.9056
10464 -78.8109 10538 -95.7337
10479.1 -50.1723 10554.4 -111.355
10495.5 -81.4144 10569.8 -97.0355
10512.7 -38.4565 10585.6 -89.225
10527.2 -73.6039 10602.8 -64.4916
10543.9 -72.3021 10617.9 -41.06
10560.2 -90.5267 10634 -76.2074
10575.6 -46.267 10650.3 -107.45
10592.6 -69.6986 10666.1 -93.1302
10607.4 -102.243 10682.7 -106.148
10623.5 -87.9232 10697.9 -90.5267
10638.9 -90.5267 10714.8 -74.9056
10656.1 -77.5092 10731.4 -69.6986
10671.3 -76.2074 10746.6 -68.3969
10687.9 -61.8881 10762 -56.6811
10704.3 -95.7337 10778.1 -44.9653
10719.4 -100.941 10795.3 -67.0951
10735.8 -82.7162 10810.1 -107.45
10751.8 -28.0424 10825.6 -102.243
10767.6 -77.5092 10842.5 -80.1127
10783.3 -81.4144 10858 -102.243
10799.1 -76.2074 10874.9 -73.6039
10815.7 -111.355 10891.2 -80.1127
10832.3 -82.7162 10907.3 -85.3197
10848.1 -61.8881 10922.7 -100.941
10864.1 -84.0179 10938.5 -89.225
10880.1 -102.243 10954.5 -117.864
10896.2 -91.8285 10970.9 -90.5267
10911.4 -51.474 10986.9 -85.3197
10928 -89.225 11003 -71.0004
10943.5 -91.8285 11019.3 -76.2074
10959.8 -74.9056 11035.6 -80.1127
10976.1 -80.1127 11051.1 -102.243
10991.6 -100.941 11066.8 -72.3021
11007.6 -89.225 11083.2 -103.544
11023.7 -77.5092 11099.5 -112.657
11040 -68.3969 11115.3 -112.657
11056.1 -54.0776 11131.3 -110.053
11071.8 -63.1898 11147.6 -104.846
11087.9 -47.5688 11164 -73.6039
11104.2 -78.8109 11178.9 -95.7337
11120.5 -78.8109 11195.8 -81.4144
11136 -103.544 11211.3 -129.579
11151.1 -85.3197 11227.3 -137.39
11168.7 -59.2846 11243.6 -132.183
11183.5 -56.6811 11259.1 -104.846
11200.5 -29.3442 11276 -64.4916
11215.3 -80.1127 11290.9 -94.432
11231.7 -59.2846 11308.1 -106.148
11247.7 -78.8109 11323.9 -104.846
11262.9 -71.0004 11339.6 -106.148
11279.2 -85.3197 11355.7 -99.639
11296.2 -61.8881 11371.7 -125.674
11311.6 -67.0951 11388.9 -113.958
11327.7 -52.7758 11405 -112.657
11343.7 -80.1127 11420.2 -134.786
11360.9 -86.6215 11436.2 -143.899
11375.8 -76.2074 11451.1 -99.639
11391.6 -94.432 11468.3 -112.657
11408.2 -74.9056 11484.7 -110.053
11424 -99.639 11500.7 -121.769
11440 -103.544 11517.1 -147.804
11456.1 -48.8705 11532.2 -134.786
11471.5 -103.544 11548.3 -128.278
11488.5 -82.7162 11564.3 -145.2
11503.9 -54.0776 11580.1 -112.657
11520.6 -34.5512 11597 -145.2
11536 -61.8881 11612.5 -150.407
11552.1 -67.0951 11628.6 -117.864
11567.8 -94.432 11644.3 -163.425
11583.6 -60.5863 11661.2 -108.751
11601.1 -69.6986 11677 -99.639
11616.6 -86.6215 11693.4 -89.225
11632 -38.4565 11710 -98.3372
11648.4 -68.3969 11724.3 -82.7162
11664.2 -84.0179 11740.9 -112.657
11680.2 -69.6986 11757.3 -120.467
11696.3 -86.6215 11773.9 -119.165
11711.7 -60.5863 11789.1 -115.26
11727.8 -85.3197 11805.2 -103.544
11743.9 -81.4144 11821.5 -119.165
11759 -56.6811 11836.7 -132.183
11776.8 -42.3617 11853.3 -120.467
11792.6 -50.1723 11870 -139.993
11807.8 -107.45 11885.7 -143.899
11824.4 -43.6635 11901.5 -98.3372
11839.3 -50.1723 11918.2 -98.3372
11856.5 -76.2074 11933 -117.864
11872.3 -68.3969 11949.7 -138.692
11887.8 -55.3793 11965.5 -104.846
11904.1 -73.6039 11981.8 -119.165
11920.2 -48.8705 11997.9 -151.709
11936.6 -47.5688 12014.5 -185.555
11952.9 -95.7337 12030 -186.857
11967.8 -85.3197 12046 -207.685
11983.9 -63.1898 12061.5 -138.692
11999.3 -81.4144 12078.5 -156.916
12015.7 -68.3969 12093.9 -208.986
12031.7 -47.5688 12110 -184.253
12047.8 -57.9828 12126.4 -153.011
12064.2 -48.8705 12143.3 -169.934
12078.8 -98.3372 12158.5 -164.727
12096.6 -52.7758 12173.7 -172.537
12112.1 -57.9828 12190.6 -166.029
12127.8 -116.562 12206.1 -169.934
12143.6 -76.2074 12223.3 -158.218
12159.7 -87.9232 12237.9 -138.692
12176 -85.3197 12254.3 -160.822
12191.5 -82.7162 12271 -143.899
12208.2 -72.3021 12287 -162.123
12224.5 -41.06 12302.8 -137.39
12240 -54.0776 12319.8 -168.632
12255.5 -25.4389 12334.1 -175.141
12273.3 -68.3969 12350.7 -126.976
12287.9 -60.5863 12367.7 -163.425
12304 -30.646 12383.2 -201.176
12320 -71.0004 12399.2 -149.106
12336.4 -43.6635 12415 -179.046
12352.2 -21.5337 12431.4 -189.46
12368.6 -61.8881 12446.9 -193.365
12384.3 -12.4214 12463.5 -194.667
12399.8 -24.1372 12479.6 -160.822
12415.6 -20.2319 12496 -147.804
12431.4 -11.1196 12511.4 -199.874
12448.6 -17.6284 12527.8 -153.011
12464.4 -20.2319 12543.3 -166.029
12479.9 -43.6635 12560 -162.123
12496.5 -16.3266 12576 -177.744
12512.3 -28.0424 12591.8 -177.744
12527.5 -18.9302 12607.9 -156.916
12544.2 -12.4214 12624.5 -150.407
12560.5 -8.5161 12639.2 -156.916
12576.6 1.89794 12656.4 -113.958
12592.4 4.50145 12671.6 -117.864
12608.5 3.1997 12687.7 -116.562
12624.5 5.80321 12704.4 -147.804
12639.8 -2.00733 12720.1 -149.106
12655.5 5.80321 12736.2 -207.685
12672.8 24.0278 12752 -124.372
12688.3 30.5366 12767.5 -149.106
12704.4 25.3295 12784.5 -181.65
12720.1 43.5541 12800 -146.502
12735.6 72.1928 12817.2 -145.2
12751.7 8.40672 12832.4 -149.106
12768.1 8.40672 12848.8 -168.632
12784.2 7.10496 12864.6 -136.088
12800 76.098 12880.4 -149.106
12816.3 81.305 12898.2 -198.572
12831.8 87.8138 12912.5 -167.33
12847.6 119.056 12928.9 -112.657
12864 111.245 12945.3 -137.39
12880.1 99.5296 12960.5 -130.881
12896.8 104.737 12976.9 -125.674
12912.5 82.6068 12993.6 -120.467
12927.2 109.944 13010.2 -113.958
12943.5 126.866 13025.1 -100.941
12959.9 173.73 13041.2 -130.881
12976 125.565 13057 -130.881
12992.1 151.6 13074.3 -153.011
13009.1 164.617 13088.9 -98.3372
13023.4 121.659 13105.6 -87.9232
13039.8 133.375 13121.7 -73.6039
13056.1 117.754 13137.8 -110.053
13072.5 141.186 13153.5 -106.148
13088.3 180.238 13169.9 -146.502
13104.1 254.439 13185.1 -130.881
13119.6 242.723 13202.4 -137.39
13136 216.688 13218.5 -104.846
13151.8 207.575 13234.3 -80.1127
13167.9 171.126 13250.7 -72.3021
13184 152.902 13266.2 -51.474
13200.9 168.523 13282.3 -60.5863
13215.9 206.274 13298.1 -84.0179
13232 241.421 13314.5 -112.657
13248.6 279.172 13330 -91.8285
13264.1 284.379 13346.9 -72.3021
13280.2 293.491 13362.2 -38.4565
13295.7 270.06 13378.6 -31.9477
13312.1 266.154 13395.5 -26.7407
13328.2 224.498 13411.3 -11.1196
13344.3 234.912 13427.4 -33.2495
13359.8 263.551 13443.2 -28.0424
13375.6 305.207 13458.2 -56.6811
13391.7 329.94 13473.7 -39.7582
13408.1 349.467 13491.5 -12.4214
13424.5 366.39 13507 9.70847
13439.7 365.088 13523.4 34.4418
13456.1 353.372 13539.5 69.5892
13471 353.372 13555 29.2348
13489.2 331.242 13571.1 26.6313
13503.8 379.407 13587.2 21.4243
13520.5 432.779 13603.6 35.7436
13537.2 458.814 13620 31.8383
13552.1 474.435 13636.1 55.2699
13567.3 465.323 13652.2 59.1752
13584.9 427.572 13667.4 135.979
13600.4 428.874 13684.4 156.807
13616.5 413.253 13699.6 165.919
13632 462.719 13716 171.126
13648.1 490.056 13732.4 135.979
13664.8 484.849 13747.9 147.695
13680.3 523.902 13764.4 151.6
13695.8 553.842 13781.3 201.067
13713.1 599.404 13796.5 212.782
13727.8 573.369 13812.7 236.214
13744.1 544.73 13829.1 272.663
13759.7 540.825 13844.3 279.172
13776.6 544.73 13861.3 292.189
13791 570.765 13877.7 335.147
13807.7 579.878 13893.5 288.284
13823.5 582.481 13910.2 324.733
13840.8 654.078 13926.3 318.225
13856 633.249 13942.1 331.242
13871.5 650.172 13959.4 368.993
13888.2 678.811 13976.6 409.347
13904.9 663.19 13991.6 415.856
13919.5 635.853 14000.1 464.021
13936.2 643.664 13984 478.341
13951.7 538.221 13968.1 555.144
