6016.56 -35.853 6030.95 -112.657
6005.39 -111.355 6047.11 -67.0951
6000.4 -115.26 6064.44 -110.053
6011.27 -133.485 6079.72 -106.148
6026.84 -117.864 6095.29 -106.148
6043.59 -108.751 6111.15 -119.165
6059.16 -107.45 6127.31 -112.657
6075.31 -73.6039 6143.75 -113.958
6092.06 -100.941 6159.91 -115.26
6107.92 -80.1127 6175.18 -113.958
6123.78 -87.9232 6191.04 -80.1127
6140.52 -99.639 6206.9 -113.958
6155.8 -121.769 6224.52 -98.3372
6172.83 -95.7337 6239.21 -111.355
6188.69 -100.941 6255.95 -119.165
6203.97 -97.0355 6271.8 -110.053
6220.12 -95.7337 6287.66 -100.941
6235.98 -104.846 6303.52 -94.432
6252.42 -112.657 6319.37 -145.2
6269.16 -59.2846 6336.11 -121.769
6284.14 -91.8285 6352.26 -120.467
6300.88 -95.7337 6367.82 -126.976
6317.03 -102.243 6384.26 -85.3197
6332.59 -82.7162 6399.82 -117.864
6348.73 -68.3969 6415.97 -104.846
6364.3 -80.1127 6432.11 -112.657
6380.15 -104.846 6448.85 -80.1127
6396.59 -90.5267 6463.82 -60.5863
6412.15 -110.053 6480.26 -94.432
6428.89 -90.5267 6496.4 -94.432
6444.74 -103.544 6511.07 -77.5092
6461.76 -90.5267 6529.27 -133.485
6477.32 -125.674 6544.83 -138.692
6492.58 -94.432 6561.26 -104.846
6509.61 -89.225 6575.64 -111.355
6524.58 -90.5267 6592.66 -139.993
6541.31 -82.7162 6608.51 -90.5267
6556.57 -100.941 6624.94 -116.562
6573.3 -126.976 6640.79 -98.3372
6589.14 -93.1302 6656.63 -142.597
6604.99 -69.6986 6672.18 -145.2
6621.13 -80.1127 6688.91 -103.544
6637.27 -72.3021 6704.75 -100.941
6653.7 -69.6986 6721.18 -98.3372
6669.54 -113.958 6736.44 -143.899
6684.51 -99.639 6753.16 -123.071
6700.94 -84.0179 6769 -106.148
6716.78 -100.941 6784.84 -104.846
6733.21 -76.2074 6800.38 -139.993
6749.05 -86.6215 6816.81 -119.165
6765.18 -117.864 6832.65 -150.407
6781.02 -74.9056 6849.37 -123.071
6797.45 -95.7337 6864.62 -99.639
6813.58 -52.7758 6881.33 -124.372
6830.3 -84.0179 6897.17 -89.225
6845.85 -110.053 6913.59 -108.751
6861.1 -100.941 6929.43 -119.165
6877.52 -103.544 6944.38 -119.165
6893.06 -91.8285 6961.68 -93.1302
6910.07 -56.6811 6976.93 -85.3197
6925.32 -64.4916 6993.35 -93.1302
6941.16 -84.0179 7009.47 -145.2
6957.87 -82.7162 7025.01 -81.4144
6974.29 -94.432 7041.72 -104.846
6990.41 -103.544 7056.67 -73.6039
7004.49 -94.432 7073.97 -120.467
7021.49 -110.053 7090.38 -128.278
7037.91 -93.1302 7105.04 -136.088
7054.03 -69.6986 7121.16 -121.769
7069.57 -84.0179 7137.28 -97.0355
7085.1 -91.8285 7154.28 -117.864
7102.1 -52.7758 7169.22 -104.846
7117.64 -80.1127 7186.81 -104.846
7134.05 -78.8109 7202.05 -116.562
7150.17 -72.3021 7217.28 -117.864
7166 -110.053 7234.28 -120.467
7182.7 -73.6039 7250.1 -141.295
7197.94 -73.6039 7265.92 -111.355
7213.77 -71.0004 7282.04 -119.165
7230.76 -57.9828 7298.44 -125.674
7246.29 -76.2074 7313.97 -119.165
7262.41 -147.804 7330.08 -124.372
7277.35 -93.1302 7346.2 -129.579
7293.46 -89.225 7361.72 -106.148
7310.75 -67.0951 7377.83 -106.148
7326.28 -50.1723 7393.94 -113.958
7342.09 -117.864 7410.35 -87.9232
7358.79 -82.7162 7426.16 -107.45
7373.44 -81.4144 7442.56 -95.7337
7390.14 -108.751 7457.79 -128.278
7406.24 -93.1302 7474.19 -119.165
7422.65 -72.3021 7491.18 -130.881
7437.88 -63.1898 7507.87 -115.26
7453.98 -22.8354 7522.22 -98.3372
7470.68 -121.769 7537.73 -104.846
7485.61 -97.0355 7554.72 -102.243
7502.3 -98.3372 7570.24 -137.39
7518.12 -108.751 7587.22 -113.958
7534.22 -98.3372 7603.03 -126.976
7550.33 -100.941 7618.84 -129.579
7566.14 -46.267 7634.06 -129.579
7582.53 -111.355 7650.45 -112.657
7598.93 -112.657 7667.14 -136.088
7614.15 -116.562 7683.53 -87.9232
7629.96 -50.1723 7699.04 -115.26
7646.65 -115.26 7715.14 -111.355
7662.16 -121.769 7730.36 -136.088
7678.84 -112.657 7746.75 -141.295
7694.06 -99.639 7764.01 -113.958
7710.16 -110.053 7778.65 -130.881
7727.14 -64.4916 7795.03 -130.881
7743.23 -90.5267 7811.42 -87.9232
7759.33 -86.6215 7827.81 -111.355
7773.67 -68.3969 7843.02 -143.899
7790.64 -68.3969 7859.11 -130.881
7805.86 -85.3197 7875.5 -137.39
7822.54 -78.8109 7891.59 -128.278
7838.63 -74.9056 7907.39 -111.355
7853.85 -50.1723 7922.6 -103.544
7870.52 -59.2846 7940.15 -107.45
7886.62 -86.6215 7955.95 -120.467
7903.58 -91.8285 7971.74 -111.355
7918.5 -95.7337 7987.54 -115.26
7935.18 -116.562 8003.63 -111.355
7950.39 -113.958 8019.13 -126.976
7966.77 -93.1302 8036.09 -123.071
7983.74 -110.053 8052.18 -123.071
7998.07 -60.5863 8066.51 -115.26
8014.16 -82.7162 8082.59 -106.148
8029.95 -84.0179 8099.85 -93.1302
8046.62 -89.225 8116.22 -125.674
8063 -108.751 8131.14 -115.26
8079.08 -61.8881 8147.8 -120.467
8094.87 -94.432 8165.05 -128.278
8110.66 -78.8109 8180.26 -112.657
8127.04 -43.6635 8196.63 -95.7337
8142.83 -87.9232 8212.42 -98.3372
8158.62 -86.6215 8227.62 -78.8109
8175.58 -67.0951 8243.7 -103.544
8190.49 -97.0355 8260.65 -136.088
8206.57 -82.7162 8276.44 -94.432
8222.36 -86.6215 8292.22 -107.45
8239.31 -74.9056 8308.59 -141.295
8255.68 -81.4144 8324.38 -112.657
8270.59 -64.4916 8340.16 -133.485
8286.38 -89.225 8356.24 -125.674
8302.45 -81.4144 8372.6 -115.26
8319.11 -95.7337 8388.97 -115.26
8334.61 -91.8285 8403.87 -106.148
8350.39 -95.7337 8420.53 -142.597
8367.34 -91.8285 8436.6 -134.786
8382.54 -117.864 8452.38 -126.976
8398.61 -67.0951 8468.45 -139.993
8414.98 -76.2074 8485.11 -116.562
8431.64 -93.1302 8500.6 -133.485
8446.83 -111.355 8516.37 -128.278
8462.61 -90.5267 8533.32 -91.8285
8478.97 -126.976 8549.1 -103.544
8494.46 -86.6215 8564.29 -112.657
8511.41 -61.8881 8581.23 -95.7337
8527.48 -84.0179 8597.01 -121.769
8542.38 -90.5267 8612.78 -112.657
8558.74 -68.3969 8629.14 -125.674
8575.1 -86.6215 8645.5 -74.9056
8591.17 -103.544 8660.4 -108.751
8607.53 -115.26 8677.93 -95.7337
8623.01 -130.881 8693.11 -141.295
8639.66 -78.8109 8710.93 -129.579
8654.85 -97.0355 8725.53 -146.502
8671.79 -52.7758 8741.02 -113.958
8686.69 -63.1898 8756.2 -130.881
8702.75 -78.8109 8773.43 -93.1302
8718.53 -73.6039 8789.2 -112.657
8734.88 -103.544 8805.85 -73.6039
8751.53 -103.544 8821.62 -110.053
8767.01 -91.8285 8836.51 -121.769
8783.36 -78.8109 8853.16 -97.0355
8799.42 -124.372 8869.51 -146.502
8815.19 -64.4916 8885.28 -124.372
8830.96 -95.7337 8901.92 -128.278
8847.61 -28.0424 8916.52 -128.278
8863.38 -89.225 8934.04 -94.432
8879.44 -132.183 8949.51 -104.846
8896.08 -82.7162 8965.86 -106.148
8911.85 -67.0951 8983.09 -116.562
8926.74 -93.1302 8997.68 -119.165
8943.67 -86.6215 9014.61 -125.674
8959.14 -94.432 9030.38 -126.976
8975.2 -80.1127 9044.98 -110.053
8991.55 -111.355 9062.49 -110.053
9007.02 -103.544 9078.26 -111.355
9022.5 -84.0179 9093.43 -137.39
9040.6 -95.7337 9110.07 -86.6215
9056.07 -84.0179 9126.71 -123.071
9070.96 -86.6215 9142.18 -117.864
9087.01 -44.9653 9158.23 -158.218
9102.77 -111.355 9174 -133.485
9119.41 -106.148 9190.63 -139.993
9135.17 -110.053 9206.98 -123.071
9151.23 -63.1898 9222.44 -123.071
9167.87 -117.864 9237.62 -156.916
9183.92 -121.769 9255.42 -124.372
9199.39 -108.751 9271.47 -121.769
9215.44 -98.3372 9286.94 -136.088
9230.61 -74.9056 9303.28 -136.088
9247.25 -89.225 9318.46 -141.295
9263.3 -89.225 9334.51 -147.804
9279.35 -89.225 9350.56 -130.881
9295.7 -97.0355 9366.31 -132.183
9311.16 -95.7337 9383.53 -146.502
9327.21 -80.1127 9399.29 -110.053
9343.26 -91.8285 9415.34 -98.3372
9359.89 -65.7934 9430.51 -120.467
9375.36 -106.148 9446.27 -98.3372
9390.24 -87.9232 9462.9 -100.941
9406.88 -61.8881 9479.24 -99.639
9423.22 -86.6215 9495.58 -143.899
9438.39 -86.6215 9510.46 -111.355
9455.89 -82.7162 9527.38 -113.958
9471.94 -81.4144 9543.13 -107.45
9487.41 -65.7934 9559.47 -91.8285
9503.75 -80.1127 9575.52 -128.278
9519.79 -84.0179 9591.27 -116.562
9534.67 -64.4916 9607.9 -119.165
9551.3 -97.0355 9623.36 -107.45
9567.35 -89.225 9639.7 -123.071
9583.1 -85.3197 9655.74 -134.786
9599.44 -74.9056 9671.79 -125.674
9616.36 -85.3197 9687.25 -124.372
9632.11 -77.5092 9703.88 -98.3372
9647.58 -56.6811 9719.63 -106.148
9663.04 -74.9056 9735.38 -93.1302
9679.08 -65.7934 9752.3 -103.544
9695.42 -145.2 9768.64 -116.562
9712.05 -123.071 9784.39 -139.993
9727.8 -89.225 9800.14 -104.846
9742.97 -69.6986 9816.48 -77.5092
9759.89 -68.3969 9833.1 -133.485
9775.05 -86.6215 9847.98 -81.4144
9791.39 -60.5863 9864.02 -116.562
9808.02 -67.0951 9879.48 -89.225
9822.89 -80.1127 9896.1 -97.0355
9839.81 -55.3793 9911.56 -128.278
9855.27 -95.7337 9928.48 -126.976
9871.31 -78.8109 9943.65 -132.183
9887.06 -97.0355 9960.57 -124.372
9904.27 -72.3021 9977.19 -110.053
9919.44 -89.225 9991.77 -95.7337
9935.19 -113.958 10009 -145.2
9951.52 -98.3372 10024.4 -108.751
9968.15 -91.8285 10041.4 -138.692
9983.02 -98.3372 10056.2 -146.502
9999.65 -103.544 10072.6 -112.657
10015.7 -76.2074 10089.2 -128.278
10032 -100.941 10104.9 -138.692
10047.5 -69.6986 10120.7 -107.45
10063.8 -97.0355 10137 -106.148
10079.9 -90.5267 10152.8 -110.053
10096.2 -104.846 10169.7 -115.26
10111.6 -116.562 10185.4 -141.295
10127.1 -64.4916 10201.2 -123.071
10143.7 -102.243 10217.2 -128.278
10159.8 -100.941 10232.1 -102.243
10177 -77.5092 10249 -103.544
10191.9 -81.4144 10265.3 -115.26
10207 -87.9232 10281.1 -77.5092
10223.3 -82.7162 10297.7 -116.562
10240.8 -73.6039 10313.2 -100.941
10256.3 -82.7162 10329.2 -130.881
10272 -99.639 10345.5 -169.934
10288.1 -63.1898 10361.3 -173.839
10303 -91.8285 10377.3 -121.769
10319.9 -95.7337 10394 -150.407
10336.2 -61.8881 10408.8 -98.3372
10352.3 -91.8285 10425.2 -111.355
10367.4 -97.0355 10441.5 -89.225
10383.5 -110.053 10458.1 -117.864
10399.8 -99.639 10474.2 -113.958
10415.8 -72.3021 10490.5 -120.467
10432.2 -61.8881 10506.2 -123.071
10447.6 -110.053 10521.7 -137.39
10463.1 -61.8881 10536.9 -107.45
10479.4 -94.432 10554.4 -89.225
10495.7 -102.243 10569.5 -103.544
10512.4 -77.5092 10586.1 -138.692
10528.1 -80.1127 10602.5 -116.562
10543.9 -84.0179 10617.6 -185.555
10560.2 -59.2846 10634.3 -188.158
10575.9 -99.639 10649.2 -153.011
10592 -78.8109 10666.1 -159.52
10608 -63.1898 10682.1 -160.822
10624.1 -106.148 10698.1 -120.467
10639.8 -89.225 10714.5 -126.976
10656.1 -76.2074 10731.1 -134.786
10672.8 -74.9056 10745.7 -182.951
10687.6 -103.544 10762.9 -184.253
10704 -65.7934 10777.5 -182.951
10719.7 -74.9056 10794.7 -182.951
10736.4 -56.6811 10811 -138.692
10751.5 -85.3197 10826.5 -132.183
10768.4 -87.9232 10841.9 -143.899
10783.3 -97.0355 10858.3 -163.425
10800.2 -71.0004 10874.3 -129.579
10816.6 -90.5267 10890.4 -159.52
10832.6 -102.243 10907.6 -158.218
10847.8 -78.8109 10922.4 -198.572
10863.5 -77.5092 10938.5 -137.39
10880.1 -80.1127 10954.8 -158.218
10895.3 -77.5092 10970.3 -132.183
10911.4 -67.0951 10987.2 -132.183
10928 -95.7337 11003.8 -123.071
10943.2 -90.5267 11018.4 -186.857
10961 -68.3969 11034.8 -156.916
10976.7 -46.267 11052 -159.52
10991.3 -89.225 11067.4 -147.804
11007.3 -106.148 11083.2 -153.011
11023.7 -113.958 11098.9 -160.822
11040 -95.7337 11115 -159.52
11055.5 -85.3197 11131.9 -136.088
11071.8 -87.9232 11147.9 -126.976
11088.7 -111.355 11163.7 -166.029
11104.5 -71.0004 11178.6 -154.313
11119.1 -85.3197 11194.9 -154.313
11135.7 -72.3021 11211.8 -159.52
11152.3 -76.2074 11227.6 -132.183
11168.4 -99.639 11243.4 -128.278
11184.1 -81.4144 11260 -153.011
11200.2 -86.6215 11275.7 -185.555
11216.2 -86.6215 11292.4 -189.46
11231.4 -121.769 11308.4 -173.839
11247.7 -108.751 11324.8 -179.046
11264.4 -74.9056 11340.8 -168.632
11279.5 -106.148 11356 -134.786
11296.5 -61.8881 11372 -146.502
11312.2 -90.5267 11387.8 -154.313
11328.3 -81.4144 11404.7 -166.029
11344 -113.958 11420.5 -150.407
11360.1 -74.9056 11436.5 -142.597
11375.5 -80.1127 11453.2 -184.253
11391.6 -76.2074 11468.6 -168.632
11408.2 -81.4144 11484.4 -163.425
11423.7 -73.6039 11500.1 -139.993
11440 -89.225 11516.2 -141.295
11456.4 -76.2074 11532.8 -132.183
11471.5 -98.3372 11548.9 -163.425
11488.2 -112.657 11564.6 -149.106
11504.2 -81.4144 11580.1 -171.236
11520 -80.1127 11597.3 -173.839
11536 -90.5267 11612.2 -189.46
11552.1 -103.544 11628.8 -156.916
11567.3 -91.8285 11644.9 -145.2
11582.7 -59.2846 11661.2 -124.372
11600.2 -61.8881 11676.1 -159.52
11615.7 -100.941 11693.6 -138.692
11632.6 -115.26 11709.7 -149.106
11648.4 -89.225 11725.2 -160.822
11663.6 -95.7337 11741.5 -163.425
11679.6 -73.6039 11757 -139.993
11695.7 -46.267 11773.6 -150.407
11712.3 -60.5863 11789.1 -145.2
11727.5 -93.1302 11805.2 -149.106
11744.1 -73.6039 11821.8 -142.597
11759.3 -93.1302 11837.6 -151.709
11776 -78.8109 11854.2 -154.313
11792.6 -77.5092 11870.3 -141.295
11808.1 -74.9056 11885.2 -158.218
11824.1 -74.9056 11901.8 -156.916
11838.7 -68.3969 11917 -111.355
11856.3 -90.5267 11933.3 -153.011
11873.5 -77.5092 11949.7 -163.425
11888.1 -46.267 11964.9 -159.52
11904.1 -93.1302 11981.2 -177.744
11920.5 -72.3021 11998.2 -126.976
11936 -68.3969 12013.9 -139.993
11952.6 -60.5863 12030.3 -176.443
11968.7 -86.6215 12045.8 -172.537
11983.6 -93.1302 12063 -184.253
12000.2 -78.8109 12078.5 -177.744
12016.3 -82.7162 12094.2 -162.123
12032.3 -84.0179 12110.6 -184.253
12047.5 -78.8109 12126.4 -186.857
12063.9 -102.243 12142.1 -159.52
12080.2 -84.0179 12157.9 -145.2
12096.6 -73.6039 12174.3 -121.769
12112.3 -72.3021 12189.5 -133.485
12127.5 -71.0004 12206.7 -100.941
12143.9 -85.3197 12222.5 -139.993
12160 -78.8109 12238.5 -232.418
12175.7 -84.0179 12254.6 -208.986
12192.4 -55.3793 12271 -215.495
12208.4 -60.5863 12286.2 -180.348
12224.2 -55.3793 12303.4 -202.478
12240.3 -71.0004 12319.2 -179.046
12256.1 -93.1302 12335.5 -207.685
12272.1 -78.8109 12351.6 -228.513
12287.6 -91.8285 12367.1 -179.046
12304.3 -64.4916 12382.9 -215.495
12319.5 -69.6986 12400.1 -185.555
12337 -63.1898 12414.7 -219.401
12351.3 -78.8109 12431.4 -182.951
12367.1 -60.5863 12447.4 -206.383
12383.7 -57.9828 12462.9 -210.288
12400.4 -51.474 12479.9 -205.081
12416.2 -13.7231 12495.1 -173.839
12431.7 -61.8881 12512 -211.59
12448.6 -69.6986 12526.6 -218.099
12464.4 -42.3617 12543.9 -198.572
12480.5 -21.5337 12559.4 -186.857
12496.5 -80.1127 12575.5 -175.141
12511.4 -20.2319 12592.4 -201.176
12527.2 -28.0424 12608.2 -192.064
12544.8 -48.8705 12623.1 -182.951
12560 -46.267 12640 -184.253
12575.7 -47.5688 12656.1 -212.892
12591.5 -25.4389 12671 -254.548
12608.2 -7.21435 12687.7 -236.323
12624 3.1997 12704.7 -208.986
12640 13.6137 12721.3 -199.874
12655.8 -15.0249 12735.6 -212.892
12672.2 -48.8705 12752.6 -207.685
12688 -12.4214 12768.4 -212.892
12704.1 -2.00733 12783.9 -210.288
12720.1 -35.853 12800.5 -211.59
12736.5 14.9155 12816.9 -233.72
12752.6 1.89794 12832.7 -253.246
12769 22.726 12848.2 -205.081
12784.5 22.726 12864.3 -228.513
12799.1 40.9506 12880.4 -186.857
12816.3 34.4418 12897 -182.951
12832.4 27.9331 12913.4 -160.822
12847.3 27.9331 12930.1 -192.064
12864.6 31.8383 12944.7 -237.625
12879.5 34.4418 12961.1 -259.755
12895.9 47.4594 12976.9 -228.513
12912.2 109.944 12993.6 -180.348
12927.7 120.358 13008.8 -181.65
12944.1 89.1156 13025.1 -179.046
12959.9 113.849 13040.9 -194.667
12977.2 69.5892 13057.6 -186.857
12991.8 80.0033 13072.8 -181.65
13008.2 107.34 13090.1 -228.513
13024.3 108.642 13106.2 -228.513
13040.1 152.902 13121.4 -172.537
13056.4 178.937 13137.2 -150.407
13072.2 186.747 13153.5 -132.183
13088.3 207.575 13169.4 -91.8285
13103.8 188.049 13186.3 -111.355
13119.9 176.333 13201.5 -155.615
13136.6 150.298 13218.5 -180.348
13153 141.186 13234 -150.407
13167.9 177.635 13250.4 -125.674
13184 185.445 13266.8 -78.8109
13199.8 254.439 13282.6 -39.7582
13215.6 280.474 13297.5 -18.9302
13231.1 253.137 13314.8 -16.3266
13248.3 267.456 13330.9 -39.7582
13263.6 225.8 13346.9 -103.544
13279.9 194.558 13362.5 -134.786
13295.5 202.368 13378.9 -113.958
13312.4 224.498 13394.1 -54.0776
13328.2 281.775 13410.5 -37.1547
13342.9 311.716 13426.8 -37.1547
13360.4 342.958 13442.3 9.70847
13376.5 339.053 13458.4 1.89794
13391.7 305.207 13474.8 -61.8881
13407.8 273.965 13490.6 -28.0424
13424.8 297.397 13506.7 -59.2846
13440.3 293.491 13524 -34.5512
13455.8 323.432 13539.2 -38.4565
13471.9 370.295 13555.9 51.3647
13487.7 388.519 13571.1 61.7787
13504.4 393.726 13587.8 82.6068
13519.9 410.649 13603 47.4594
13536.3 335.147 13619.1 11.0102
13552.4 348.165 13635.5 31.8383
13567.9 383.312 13651.9 56.5717
13583.4 401.537 13668.3 31.8383
13599.8 414.554 13683.3 122.961
13615.9 456.211 13700.8 165.919
13632 505.677 13716.9 138.582
13647.2 503.074 13731.9 212.782
13665.1 466.625 13747.9 163.316
13680.3 428.874 13764.1 162.014
13696.1 432.779 13780.5 100.831
13710.8 478.341 13796.8 168.523
13728.9 490.056 13813 219.291
13743.6 539.523 13829.4 214.084
13760.3 560.351 13845.2 268.758
13776.1 574.67 13861.6 247.93
13792.2 560.351 13877.4 259.646
13808.3 533.014 13893.5 280.474
13822.6 555.144 13910.2 271.361
13840.5 544.73 13926 313.018
13856.3 577.274 13942.7 337.751
13871.8 665.793 13959.4 370.295
13887.9 659.285 13976.3 402.839
13903.7 697.036 13991.9 436.684
13920.1 668.397 14000.4 467.926
13935.6 673.604 13984 474.435
13952 559.049 13967.6 497.867
