6016.85 -82.7162 6030.95 -84.0179
6004.81 -107.45 6047.7 -89.225
6000.99 -94.432 6062.97 -104.846
6011.86 -123.071 6080.01 -133.485
6027.72 -99.639 6095.29 -128.278
6043.59 -97.0355 6111.74 -141.295
6058.57 -107.45 6127.31 -110.053
6075.31 -98.3372 6143.17 -121.769
6092.35 -80.1127 6160.79 -125.674
6107.92 -86.6215 6175.77 -145.2
6123.78 -94.432 6191.63 -160.822
6139.94 -90.5267 6208.37 -126.976
6155.8 -130.881 6223.35 -162.123
6172.24 -98.3372 6240.09 -82.7162
6187.81 -85.3197 6255.65 -126.976
6204.55 -95.7337 6272.39 -156.916
6220.12 -73.6039 6287.37 -128.278
6236.27 -89.225 6303.81 -123.071
6252.42 -106.148 6320.55 -137.39
6268.87 -125.674 6335.23 -111.355
6284.72 -123.071 6351.67 -81.4144
6301.17 -76.2074 6367.53 -138.692
6316.14 -97.0355 6384.85 -112.657
6332.29 -134.786 6400.99 -125.674
6348.15 -69.6986 6415.97 -108.751
6365.18 -89.225 6432.11 -155.615
6381.03 -81.4144 6447.09 -160.822
6396.89 -81.4144 6464.11 -147.804
6412.74 -91.8285 6479.96 -110.053
6428 -94.432 6496.11 -133.485
6444.74 -116.562 6511.37 -143.899
6461.18 -115.26 6527.22 -154.313
6476.73 -116.562 6544.53 -95.7337
6493.17 -90.5267 6560.68 -141.295
6509.61 -57.9828 6576.23 -163.425
6524.28 -97.0355 6592.66 -151.709
6540.72 -110.053 6609.1 -134.786
6556.86 -106.148 6624.65 -136.088
6573.59 -113.958 6640.49 -156.916
6589.14 -100.941 6656.63 -103.544
6604.7 -107.45 6672.18 -124.372
6621.72 -90.5267 6688.91 -110.053
6638.15 -97.0355 6704.46 -126.976
6653.41 -124.372 6720.59 -112.657
6668.96 -111.355 6736.73 -136.088
6685.39 -85.3197 6753.74 -154.313
6701.52 -99.639 6769.88 -107.45
6717.95 -129.579 6785.13 -102.243
6733.21 -110.053 6801.27 -121.769
6749.64 -87.9232 6816.52 -128.278
6764.6 -89.225 6832.06 -136.088
6781.9 -121.769 6849.07 -143.899
6797.16 -106.148 6864.32 -150.407
6813.29 -81.4144 6881.33 -143.899
6830.01 -90.5267 6898.05 -107.45
6845.55 -82.7162 6912.71 -132.183
6861.39 -100.941 6929.13 -121.769
6877.81 -107.45 6944.97 -120.467
6893.06 -110.053 6961.97 -115.26
6910.07 -119.165 6977.22 -139.993
6925.03 -123.071 6993.35 -130.881
6941.16 -98.3372 7008.59 -145.2
6958.16 -73.6039 7025.89 -155.615
6973.41 -69.6986 7041.72 -121.769
6989.83 -90.5267 7057.84 -104.846
7005.95 -81.4144 7073.97 -95.7337
7022.08 -102.243 7090.09 -139.993
7038.49 -93.1302 7105.33 -132.183
7053.44 -104.846 7122.04 -132.183
7069.57 -91.8285 7138.16 -136.088
7085.69 -103.544 7153.98 -110.053
7101.81 -86.6215 7169.81 -103.544
7117.93 -73.6039 7185.05 -111.355
7133.76 -61.8881 7201.16 -93.1302
7149.59 -97.0355 7217.87 -102.243
7166 -120.467 7233.98 -130.881
7182.12 -124.372 7250.1 -108.751
7198.82 -128.278 7265.04 -146.502
7213.77 -90.5267 7281.16 -124.372
7230.47 -121.769 7298.74 -107.45
7246 -95.7337 7314.56 -84.0179
7261.82 -52.7758 7330.38 -110.053
7277.94 -91.8285 7345.9 -125.674
7294.05 -129.579 7361.72 -98.3372
7310.46 -107.45 7377.54 -150.407
7326.28 -110.053 7393.65 -137.39
7342.39 -76.2074 7409.76 -173.839
7357.62 -85.3197 7426.45 -125.674
7374.61 -76.2074 7442.27 -91.8285
7389.55 -93.1302 7458.38 -112.657
7405.95 -103.544 7474.48 -128.278
7422.06 -125.674 7490.59 -133.485
7437.58 -98.3372 7507.87 -124.372
7454.28 -86.6215 7522.8 -123.071
7470.38 -74.9056 7538.61 -112.657
7485.9 -100.941 7554.72 -137.39
7502.01 -95.7337 7571.11 -124.372
7518.12 -91.8285 7586.34 -111.355
7534.22 -81.4144 7603.03 -115.26
7551.5 -110.053 7617.66 -145.2
7566.14 -123.071 7634.93 -123.071
7582.24 -98.3372 7651.04 -137.39
7597.76 -102.243 7667.14 -126.976
7614.74 -74.9056 7683.53 -126.976
7630.25 -104.846 7698.45 -81.4144
7645.77 -97.0355 7715.43 -137.39
7662.45 -126.976 7731.23 -126.976
7677.97 -81.4144 7747.63 -106.148
7694.65 -102.243 7763.43 -138.692
7711.33 -128.278 7779.82 -128.278
7726.26 -102.243 7794.15 -138.692
7744.11 -84.0179 7811.42 -108.751
7758.45 -90.5267 7827.51 -132.183
7773.67 -86.6215 7843.02 -130.881
7790.64 -95.7337 7860.28 -95.7337
7807.03 -113.958 7875.79 -86.6215
7822.83 -86.6215 7891.3 -95.7337
7838.34 -95.7337 7907.68 -126.976
7853.85 -74.9056 7923.19 -102.243
7870.23 -99.639 7939.27 -116.562
7886.32 -90.5267 7955.36 -81.4144
7903.29 -103.544 7971.16 -87.9232
7918.5 -81.4144 7987.83 -136.088
7934.59 -107.45 8003.92 -145.2
7950.98 -103.544 8019.42 -104.846
7966.19 -121.769 8036.09 -108.751
7982.27 -102.243 8051.89 -133.485
8000.12 -106.148 8067.39 -134.786
8015.62 -81.4144 8083.47 -128.278
8030.83 -74.9056 8100.43 -78.8109
8046.03 -77.5092 8115.64 -98.3372
8063 -86.6215 8131.43 -129.579
8079.38 -81.4144 8148.09 -108.751
8095.46 -97.0355 8164.18 -150.407
8111.25 -86.6215 8179.96 -134.786
8126.75 -89.225 8196.92 -119.165
8142.83 -119.165 8212.12 -125.674
8158.62 -98.3372 8228.2 -136.088
8174.7 -86.6215 8243.41 -86.6215
8191.07 -99.639 8260.65 -113.958
8207.15 -93.1302 8277.02 -111.355
8222.36 -104.846 8292.22 -111.355
8239.02 -115.26 8307.72 -169.934
8255.1 -120.467 8324.08 -143.899
8271.18 -115.26 8340.16 -137.39
8286.96 -129.579 8356.82 -129.579
8303.33 -94.432 8372.6 -138.692
8318.82 -116.562 8388.38 -133.485
8335.48 -76.2074 8404.46 -162.123
8350.97 -76.2074 8420.53 -113.958
8367.34 -91.8285 8437.48 -100.941
8382.83 -124.372 8452.38 -128.278
8398.61 -98.3372 8469.04 -136.088
8415.27 -95.7337 8485.4 -115.26
8431.05 -102.243 8500.6 -126.976
8447.12 -102.243 8516.96 -117.864
8462.9 -125.674 8532.74 -100.941
8478.39 -95.7337 8549.97 -142.597
8495.63 -71.0004 8565.17 -143.899
8510.82 -119.165 8580.65 -93.1302
8527.77 -128.278 8597.89 -81.4144
8543.55 -95.7337 8613.37 -115.26
8558.15 -89.225 8629.14 -126.976
8575.1 -116.562 8644.92 -119.165
8591.46 -87.9232 8661.86 -110.053
8607.23 -117.864 8677.05 -121.769
8622.72 -89.225 8692.82 -112.657
8639.37 -82.7162 8709.47 -107.45
8654.56 -119.165 8725.24 -93.1302
8671.5 -120.467 8741.31 -129.579
8687.56 -82.7162 8757.08 -136.088
8703.63 -99.639 8773.43 -124.372
8718.24 -94.432 8790.08 -150.407
8734.59 -113.958 8805.27 -139.993
8751.53 -91.8285 8821.03 -137.39
8767.59 -100.941 8836.8 -125.674
8782.78 -97.0355 8853.45 -116.562
8799.72 -136.088 8869.51 -146.502
8815.78 -95.7337 8886.44 -121.769
8831.55 -80.1127 8901.92 -128.278
8846.73 -48.8705 8917.98 -111.355
8863.38 -111.355 8933.75 -151.709
8878.85 -72.3021 8950.39 -134.786
8895.2 -76.2074 8965.86 -115.26
8910.97 -68.3969 8981.92 -121.769
8927.32 -94.432 8997.98 -91.8285
8943.09 -97.0355 9014.32 -146.502
8958.56 -111.355 9029.8 -125.674
8974.33 -111.355 9046.73 -110.053
8991.26 -108.751 9061.61 -119.165
9007.32 -77.5092 9079.13 -89.225
9023.66 -107.45 9093.73 -155.615
9038.84 -78.8109 9109.78 -120.467
9054.9 -86.6215 9126.42 -123.071
9070.67 -104.846 9143.05 -142.597
9086.14 -81.4144 9158.82 -143.899
9103.65 -139.993 9174.29 -106.148
9119.7 -107.45 9190.63 -106.148
9134.59 -103.544 9206.98 -111.355
9150.94 -107.45 9223.03 -126.976
9166.99 -119.165 9238.2 -117.864
9183.33 -77.5092 9254.84 -130.881
9199.39 -115.26 9269.72 -116.562
9215.15 -69.6986 9287.52 -94.432
9230.91 -77.5092 9302.7 -138.692
9247.83 -78.8109 9318.75 -116.562
9263.01 -99.639 9334.51 -113.958
9278.77 -95.7337 9349.97 -138.692
9295.4 -81.4144 9366.61 -129.579
9312.04 -85.3197 9382.07 -130.881
9327.51 -68.3969 9398.7 -90.5267
9342.97 -116.562 9415.63 -115.26
9359.89 -107.45 9431.09 -103.544
9375.36 -99.639 9447.14 -130.881
9391.7 -134.786 9463.19 -126.976
9407.75 -43.6635 9478.65 -126.976
9422.92 -102.243 9495.28 -137.39
9439.26 -143.899 9511.04 -119.165
9456.77 -110.053 9527.09 -143.899
9470.78 -126.976 9542.55 -149.106
9487.11 -126.976 9560.05 -150.407
9503.16 -86.6215 9576.1 -146.502
9519.21 -84.0179 9591.27 -136.088
9535.25 -38.4565 9606.73 -149.106
9551.3 -52.7758 9623.07 -134.786
9567.64 -94.432 9640.28 -155.615
9583.39 -90.5267 9654.87 -128.278
9599.44 -86.6215 9671.2 -129.579
9616.07 -81.4144 9688.71 -160.822
9631.53 -97.0355 9704.75 -141.295
9647.58 -63.1898 9719.34 -162.123
9662.74 -68.3969 9735.38 -129.579
9679.08 -89.225 9752.3 -136.088
9695.13 -102.243 9768.64 -124.372
9711.46 -94.432 9783.8 -87.9232
9727.8 -141.295 9799.85 -130.881
9743.55 -102.243 9816.48 -99.639
9759.3 -110.053 9832.22 -120.467
9776.22 -100.941 9849.14 -133.485
9791.97 -117.864 9864.02 -124.372
9807.72 -71.0004 9880.64 -110.053
9823.77 -104.846 9897.27 -117.864
9838.94 -117.864 9911.85 -95.7337
9855.27 -98.3372 9927.9 -126.976
9871.6 -129.579 9944.23 -137.39
9887.64 -126.976 9960.57 -169.934
9903.4 -97.0355 9976.02 -137.39
9919.44 -106.148 9992.94 -123.071
9936.65 -113.958 10007.5 -146.502
9951.52 -98.3372 10024.4 -133.485
9967.86 -102.243 10039.9 -119.165
9983.9 -119.165 10057.1 -95.7337
9999.36 -108.751 10072.9 -159.52
10014.8 -89.225 10089.5 -125.674
10031.4 -100.941 10104.6 -141.295
10047.5 -112.657 10121 -146.502
10064.1 -82.7162 10135.9 -153.011
10079.6 -103.544 10153.1 -141.295
10095.9 -82.7162 10167.6 -155.615
10111.6 -107.45 10185.7 -119.165
10127.4 -80.1127 10201.2 -164.727
10144 -98.3372 10217.8 -153.011
10159.5 -139.993 10233.5 -145.2
10175.5 -76.2074 10248.4 -156.916
10191.3 -108.751 10265.3 -164.727
10207.9 -72.3021 10281.4 -129.579
10224.5 -80.1127 10297.4 -147.804
10240.6 -81.4144 10312.6 -102.243
10256 -110.053 10328.6 -128.278
10271.2 -74.9056 10345.3 -138.692
10287.2 -113.958 10361.9 -117.864
10304.1 -94.432 10377.6 -120.467
10320.2 -90.5267 10393.7 -168.632
10335.6 -124.372 10409.4 -158.218
10351.7 -78.8109 10425.4 -177.744
10367.1 -87.9232 10440.9 -125.674
10383.8 -117.864 10457.8 -124.372
10399.5 -103.544 10474.2 -107.45
10416.1 -82.7162 10490.2 -107.45
10430.4 -136.088 10505.4 -117.864
10447.6 -95.7337 10521.7 -137.39
10464.5 -102.243 10537.4 -104.846
10480 -112.657 10553.8 -138.692
10496 -78.8109 10570.4 -115.26
10511.2 -145.2 10586.4 -138.692
10527.8 -110.053 10602.8 -155.615
10544.7 -115.26 10618.2 -116.562
10559 -100.941 10634 -133.485
10575.6 -115.26 10649.7 -154.313
10592.6 -154.313 10666.4 -130.881
10608 -116.562 10682.1 -188.158
10624.7 -106.148 10698.4 -167.33
10640.1 -89.225 10714.2 -162.123
10655.9 -78.8109 10729.9 -167.33
10671.9 -98.3372 10746.6 -156.916
10688.8 -104.846 10762 -190.762
10704.6 -102.243 10778.4 -162.123
10720 -120.467 10794.7 -162.123
10736.1 -103.544 10810.7 -173.839
10751.8 -84.0179 10826.2 -171.236
10768.4 -95.7337 10842.8 -164.727
10783.9 -99.639 10858.3 -150.407
10799.4 -64.4916 10874.9 -180.348
10815.4 -99.639 10891 -197.271
10832 -121.769 10907.3 -214.194
10848.9 -95.7337 10923.3 -206.383
10863.2 -117.864 10938.5 -180.348
10879.3 -85.3197 10955.7 -189.46
10895.6 -94.432 10970.9 -166.029
10911.9 -107.45 10987.8 -168.632
10928.3 -95.7337 11003.5 -177.744
10944.6 -82.7162 11019.6 -166.029
10959.2 -98.3372 11035 -184.253
10976.1 -104.846 11052 -166.029
10992.2 -85.3197 11066.8 -150.407
11008.2 -110.053 11083.5 -176.443
11023.4 -117.864 11099.2 -177.744
11040 -120.467 11115 -173.839
11055.8 -102.243 11131.6 -190.762
11071.8 -108.751 11147.4 -172.537
11087.3 -104.846 11163.4 -130.881
11103.3 -68.3969 11179.8 -167.33
11120.5 -119.165 11195.2 -172.537
11136.3 -107.45 11211.6 -190.762
11151.1 -103.544 11228.2 -194.667
11167.8 -98.3372 11243.6 -124.372
11184.4 -126.976 11259.7 -160.822
11200.5 -97.0355 11276.6 -145.2
11215.6 -113.958 11291.8 -195.969
11232 -91.8285 11307.5 -173.839
11248 -80.1127 11323 -193.365
11264.4 -121.769 11340.8 -201.176
11280.4 -90.5267 11356 -164.727
11295.9 -102.243 11371.1 -207.685
11311.9 -113.958 11388.1 -176.443
11327.4 -112.657 11403.5 -177.744
11344.3 -54.0776 11420.2 -137.39
11359.8 -108.751 11435.4 -185.555
11376.7 -98.3372 11452 -214.194
11391.3 -71.0004 11468 -212.892
11408.2 -81.4144 11484.1 -190.762
11424.5 -90.5267 11500.1 -210.288
11439.4 -110.053 11517.1 -206.383
11456.1 -119.165 11532.5 -160.822
11471.8 -134.786 11548.6 -146.502
11488.2 -60.5863 11564.6 -145.2
11503.9 -86.6215 11580.7 -162.123
11520.6 -76.2074 11596.7 -155.615
11536 -73.6039 11612.5 -160.822
11551.5 -94.432 11628.8 -198.572
11567.8 -107.45 11644.6 -163.425
11584.5 -84.0179 11660.4 -153.011
11600.2 -91.8285 11676.4 -203.779
11615.1 -104.846 11693.9 -136.088
11632.4 -120.467 11708.2 -158.218
11647.5 -107.45 11724.9 -160.822
11663.6 -91.8285 11740.9 -145.2
11679.3 -54.0776 11757.3 -164.727
11696 -93.1302 11773.3 -146.502
11712.9 -110.053 11790 -177.744
11727.8 -119.165 11804.9 -143.899
11743.6 -73.6039 11821.2 -173.839
11760.8 -97.0355 11837.3 -142.597
11776 -111.355 11853.3 -156.916
11792 -100.941 11869.1 -166.029
11808.4 -115.26 11886 -166.029
11823.5 -112.657 11901.5 -141.295
11840.5 -61.8881 11917.6 -194.667
11856.3 -74.9056 11933.3 -180.348
11872 -86.6215 11950.6 -175.141
11888.7 -90.5267 11964.9 -153.011
11903 -80.1127 11981.8 -177.744
11920.5 -71.0004 11997.9 -163.425
11936.6 -98.3372 12013.9 -156.916
11952.3 -116.562 12030 -186.857
11968.4 -106.148 12046 -154.313
11983.3 -91.8285 12062.4 -171.236
12000.5 -93.1302 12077.3 -182.951
12015.7 -102.243 12094.8 -156.916
12032 -104.846 12110 -130.881
12047.2 -110.053 12126.4 -160.822
12064.2 -115.26 12141.6 -188.158
12079.9 -74.9056 12157.9 -164.727
12095.1 -102.243 12175.4 -169.934
12111.8 -80.1127 12190.9 -193.365
12128.4 -113.958 12206.4 -189.46
12143.9 -85.3197 12222.2 -182.951
12160 -67.0951 12238.2 -193.365
12176 -76.2074 12254.3 -126.976
12192.4 -77.5092 12271 -136.088
12207.6 -108.751 12287.3 -158.218
12223.9 -126.976 12303.1 -153.011
12241.2 -111.355 12319.2 -163.425
12255.5 -95.7337 12335.2 -188.158
12272.1 -65.7934 12350.4 -190.762
12288.2 -55.3793 12366.5 -176.443
12304.6 -63.1898 12383.2 -184.253
12319.5 -30.646 12399.8 -189.46
12335.8 -57.9828 12414.7 -160.822
12351 -86.6215 12430.5 -145.2
12367.7 -78.8109 12447.2 -195.969
12384 -91.8285 12463.2 -156.916
12400.1 -80.1127 12478.4 -179.046
12415.9 -50.1723 12495.7 -188.158
12431.4 -41.06 12511.4 -190.762
12448 -46.267 12527.2 -146.502
12464.1 -46.267 12543.6 -139.993
12480.5 -59.2846 12559.7 -125.674
12496 -110.053 12575.5 -179.046
12511.7 -76.2074 12591.8 -168.632
12528.1 -72.3021 12607.9 -182.951
12543.9 -72.3021 12624.3 -203.779
12559.7 -26.7407 12639.5 -184.253
12576.3 -2.00733 12656.1 -150.407
12592.7 -33.2495 12672.2 -151.709
12607.9 7.10496 12688.3 -108.751
12624.3 -33.2495 12704.4 -139.993
12640.3 -52.7758 12720.1 -201.176
12656.7 -47.5688 12736.5 -186.857
12672.8 -43.6635 12752.6 -181.65
12688 -28.0424 12767.5 -150.407
12703.8 20.1225 12785.3 -214.194
12720.1 13.6137 12800 -142.597
12735.9 51.3647 12816.3 -151.709
12752.3 9.70847 12832.7 -173.839
12768.1 26.6313 12848.5 -141.295
12784.5 26.6313 12864.6 -163.425
12800 -12.4214 12880.7 -176.443
12817.2 44.8559 12896.2 -156.916
12831.8 26.6313 12913.1 -179.046
12847.6 83.9085 12928.6 -179.046
12863.4 104.737 12944.4 -166.029
12880.4 78.7015 12960.5 -194.667
12895.9 86.5121 12976.9 -205.081
12911.9 85.2103 12993.3 -244.134
12927.2 87.8138 13009.9 -222.004
12944.4 81.305 13024.3 -232.418
12959.6 94.3226 13041.5 -179.046
12976.3 133.375 13057.9 -186.857
12992.7 133.375 13073.4 -193.365
13008.8 130.772 13089.2 -182.951
13022.8 152.902 13105.3 -207.685
13040.3 180.238 13122.5 -182.951
13056.1 147.695 13137.5 -163.425
13072.8 132.074 13153.8 -242.832
13088.3 113.849 13169.4 -197.271
13103.5 128.168 13186 -176.443
13119.6 191.954 13202.1 -97.0355
13136 232.309 13217.9 -111.355
13152.1 247.93 13234 -112.657
13167.9 229.705 13250.1 -129.579
13184.6 241.421 13266.8 -159.52
13199.5 195.86 13281.4 -116.562
13216.5 234.912 13299 -128.278
13231.7 188.049 13314.5 -112.657
13248.3 242.723 13329.7 -106.148
13263.9 240.119 13346.4 -54.0776
13279.9 271.361 13363 -47.5688
13296.6 279.172 13378.9 -54.0776
13312.1 276.568 13395.2 -89.225
13328.5 264.853 13410.5 -90.5267
13344.3 258.344 13427.7 -89.225
13360.1 286.982 13443.5 -48.8705
13376.2 286.982 13458.4 -29.3442
13391.7 322.13 13475.1 30.5366
13408.1 355.975 13491.8 69.5892
13423.6 372.898 13507.6 76.098
13440.3 362.484 13523.7 30.5366
13456.1 327.337 13538.6 8.40672
13471.3 337.751 13554.7 -33.2495
13488 337.751 13571.4 22.726
13504.4 375.502 13587.8 47.4594
13520.2 392.425 13603.9 73.4945
13535.4 413.253 13619.4 141.186
13551.8 451.004 13635.8 138.582
13568.8 470.53 13651.6 152.902
13584.3 447.098 13668.6 112.547
13600.4 432.779 13685 115.151
13615.6 424.969 13700.2 113.849
13632.3 428.874 13716.9 120.358
13648.1 452.305 13732.7 126.866
13663.6 492.66 13747.9 216.688
13680.3 549.937 13764.6 225.8
13696.1 551.239 13781 253.137
13712.8 578.576 13796.5 245.326
13727.5 521.298 13813 227.102
13744.1 508.281 13829.9 207.575
13760 510.884 13845.2 208.877
13776.1 523.902 13861.3 249.232
13791.9 581.179 13877.7 331.242
13808 641.06 13893.5 367.691
13823.8 631.948 13909.9 383.312
13839.9 657.983 13926.6 396.33
13854.8 590.291 13943 418.46
13872.1 577.274 13959.6 358.579
13887.6 566.86 13976.6 341.656
13904.3 590.291 13991.9 395.028
13920.4 650.172 13999.8 474.435
13936.5 680.113 13983.4 568.162
13952 664.492 13968.1 638.456
