6015.68 -93.1302 6031.25 -76.2074
6004.51 -91.8285 6047.99 -80.1127
6000.1 -77.5092 6063.56 -97.0355
6012.15 -100.941 6079.72 -94.432
6027.72 -99.639 6094.7 -94.432
6043 -59.2846 6111.74 -55.3793
6058.57 -67.0951 6127.31 -90.5267
6075.31 -76.2074 6143.75 -74.9056
6091.76 -38.4565 6159.91 -110.053
6107.63 -72.3021 6175.48 -98.3372
6123.78 -107.45 6191.04 -81.4144
6140.52 -116.562 6207.19 -72.3021
6156.38 -98.3372 6223.94 -104.846
6171.36 -113.958 6239.79 -99.639
6187.52 -86.6215 6255.07 -87.9232
6203.97 -102.243 6271.22 -129.579
6220.41 -89.225 6286.19 -85.3197
6236.27 -72.3021 6304.1 -69.6986
6252.42 -68.3969 6319.96 -87.9232
6267.69 -77.5092 6335.23 -65.7934
6285.31 -46.267 6353.14 -76.2074
6301.17 -104.846 6367.82 -113.958
6315.85 -95.7337 6384.26 -110.053
6331.71 -84.0179 6399.23 -119.165
6349.03 -87.9232 6416.26 -112.657
6364.88 -63.1898 6432.41 -94.432
6380.74 -86.6215 6448.55 -98.3372
6396.59 -95.7337 6463.82 -97.0355
6412.15 -60.5863 6480.55 -52.7758
6428.59 -56.6811 6496.11 -125.674
6445.03 -63.1898 6511.95 -89.225
6460.88 -93.1302 6528.1 -100.941
6476.14 -82.7162 6544.83 -116.562
6492.88 -65.7934 6559.8 -94.432
6509.31 -86.6215 6576.52 -102.243
6525.46 -81.4144 6592.37 -94.432
6541.01 -93.1302 6607.92 -136.088
6557.74 -80.1127 6624.36 -82.7162
6571.83 -61.8881 6640.79 -104.846
6589.14 -77.5092 6657.22 -81.4144
6605.28 -108.751 6673.06 -86.6215
6621.42 -82.7162 6688.91 -108.751
6637.27 -71.0004 6704.75 -104.846
6652.82 -73.6039 6720.01 -111.355
6668.66 -112.657 6737.61 -108.751
6685.39 -90.5267 6753.16 -103.544
6700.64 -76.2074 6769.29 -87.9232
6717.66 -110.053 6784.54 -99.639
6733.5 -52.7758 6801.27 -95.7337
6749.64 -81.4144 6817.1 -74.9056
6765.77 -77.5092 6832.65 -98.3372
6781.32 -43.6635 6849.37 -94.432
6797.16 -87.9232 6865.79 -81.4144
6813.58 -80.1127 6881.04 -60.5863
6830.01 -50.1723 6896.58 -69.6986
6845.55 -102.243 6913.59 -69.6986
6861.68 -73.6039 6928.84 -87.9232
6877.23 -68.3969 6944.67 -113.958
6893.36 -63.1898 6961.68 -132.183
6909.49 -102.243 6977.51 -112.657
6926.2 -90.5267 6993.35 -94.432
6942.62 -72.3021 7009.47 -87.9232
6956.99 -25.4389 7025.01 -72.3021
6973.7 -111.355 7041.13 -100.941
6990.12 -86.6215 7056.67 -87.9232
7005.66 -47.5688 7073.67 -80.1127
7020.9 -90.5267 7090.38 -74.9056
7037.61 -69.6986 7104.74 -87.9232
7054.03 -81.4144 7121.45 -97.0355
7070.15 -57.9828 7136.98 -78.8109
7085.69 -113.958 7153.4 -91.8285
7101.52 -56.6811 7169.22 -69.6986
7117.64 -84.0179 7185.34 -56.6811
7134.35 -85.3197 7201.16 -72.3021
7149.88 -86.6215 7217.87 -44.9653
7165.41 -90.5267 7233.98 -103.544
7181.53 -95.7337 7250.39 -123.071
7198.24 -42.3617 7266.22 -120.467
7214.35 -61.8881 7282.04 -77.5092
7229.88 -61.8881 7297.56 -111.355
7246.29 -77.5092 7314.56 -80.1127
7262.41 -85.3197 7330.08 -137.39
7277.94 -68.3969 7346.78 -67.0951
7294.64 -108.751 7362.02 -91.8285
7310.46 -76.2074 7378.42 -73.6039
7325.69 -63.1898 7393.94 -111.355
7341.8 -38.4565 7410.93 -89.225
7357.91 -85.3197 7425.57 -86.6215
7374.32 -57.9828 7442.56 -95.7337
7390.14 -72.3021 7458.38 -78.8109
7405.95 -95.7337 7474.48 -68.3969
7422.65 -102.243 7491.18 -69.6986
7437.88 -87.9232 7506.11 -89.225
7454.57 -68.3969 7522.22 -98.3372
7469.8 -89.225 7538.61 -103.544
7486.78 -81.4144 7554.72 -126.976
7502.6 -73.6039 7570.82 -97.0355
7518.12 -72.3021 7586.63 -85.3197
7533.93 -81.4144 7602.44 -91.8285
7550.91 -113.958 7619.42 -80.1127
7567.01 -115.26 7634.64 -98.3372
7583.12 -89.225 7650.74 -74.9056
7598.05 -63.1898 7668.31 -90.5267
7613.86 -100.941 7682.94 -68.3969
7630.84 -72.3021 7698.75 -112.657
7646.65 -68.3969 7714.26 -74.9056
7662.16 -91.8285 7730.65 -68.3969
7678.55 -64.4916 7747.04 -104.846
7695.23 -82.7162 7762.84 -65.7934
7710.16 -94.432 7779.82 -78.8109
7727.14 -120.467 7795.32 -90.5267
7742.94 -90.5267 7810.54 -87.9232
7757.87 -125.674 7827.51 -121.769
7775.13 -41.06 7843.61 -129.579
7790.06 -59.2846 7859.7 -65.7934
7806.15 -84.0179 7875.5 -63.1898
7823.12 -100.941 7891.88 -125.674
7837.75 -63.1898 7907.68 -67.0951
7853.55 -64.4916 7923.77 -99.639
7871.4 -78.8109 7940.45 -99.639
7886.62 -46.267 7954.78 -129.579
7902.12 -46.267 7970.87 -84.0179
7919.09 -120.467 7988.42 -123.071
7934.59 -74.9056 8003.63 -89.225
7950.98 -94.432 8018.54 -61.8881
7966.77 -52.7758 8035.51 -102.243
7983.15 -69.6986 8051.89 -77.5092
7999.24 -81.4144 8067.09 -73.6039
8014.74 -93.1302 8082.3 -80.1127
8030.83 -51.474 8099.55 -91.8285
8046.03 -73.6039 8116.22 -126.976
8062.41 -87.9232 8132.31 -93.1302
8078.21 -95.7337 8147.51 -81.4144
8095.17 -85.3197 8163.3 -93.1302
8110.66 -86.6215 8180.26 -63.1898
8126.46 -44.9653 8197.22 -93.1302
8143.41 -80.1127 8212.12 -74.9056
8157.74 -51.474 8227.91 -76.2074
8174.99 -72.3021 8244.57 -91.8285
8189.61 -81.4144 8260.07 -69.6986
8206.57 -74.9056 8276.73 -99.639
8222.07 -64.4916 8291.64 -67.0951
8238.73 -111.355 8308.01 -93.1302
8254.51 -90.5267 8324.08 -103.544
8270.89 -54.0776 8339.87 -98.3372
8286.38 -68.3969 8357.4 -98.3372
8302.75 -84.0179 8372.9 -81.4144
8319.11 -100.941 8388.09 -113.958
8334.61 -87.9232 8404.17 -116.562
8350.97 -81.4144 8420.53 -99.639
8365.88 -94.432 8436.6 -87.9232
8382.83 -77.5092 8453.26 -107.45
8398.32 -85.3197 8468.75 -117.864
8414.69 -67.0951 8484.23 -87.9232
8431.34 -51.474 8500.6 -77.5092
8446.83 -60.5863 8516.37 -95.7337
8462.61 -98.3372 8533.32 -93.1302
8479.27 -71.0004 8549.39 -81.4144
8494.75 -99.639 8564 -115.26
8511.41 -100.941 8580.36 -102.243
8526.6 -81.4144 8597.59 -113.958
8543.25 -34.5512 8613.37 -100.941
8558.74 -89.225 8629.44 -113.958
8574.51 -51.474 8645.5 -86.6215
8591.46 -71.0004 8661.86 -69.6986
8606.65 -54.0776 8676.76 -91.8285
8623.01 -82.7162 8693.99 -80.1127
8638.78 -112.657 8708.89 -78.8109
8655.43 -56.6811 8725.24 -82.7162
8670.92 -95.7337 8741.02 -77.5092
8687.27 -82.7162 8757.66 -115.26
8703.34 -74.9056 8773.43 -67.0951
8718.53 -63.1898 8789.49 -74.9056
8734.59 -76.2074 8804.68 -93.1302
8750.36 -59.2846 8821.62 -80.1127
8766.72 -97.0355 8837.39 -93.1302
8782.78 -113.958 8853.45 -89.225
8798.84 -91.8285 8870.39 -74.9056
8814.9 -100.941 8886.44 -113.958
8831.26 -81.4144 8901.63 -82.7162
8847.9 -51.474 8917.39 -78.8109
8864.25 -87.9232 8933.75 -55.3793
8879.14 -100.941 8950.1 -113.958
8894.91 -91.8285 8966.44 -84.0179
8910.09 -82.7162 8982.79 -74.9056
8927.32 -108.751 8998.27 -74.9056
8943.38 -93.1302 9013.74 -80.1127
8959.73 -56.6811 9030.09 -134.786
8974.33 -72.3021 9046.14 -116.562
8990.97 -61.8881 9062.2 -80.1127
9007.02 -81.4144 9078.26 -102.243
9023.08 -73.6039 9094.02 -125.674
9038.55 -103.544 9109.78 -116.562
9054.32 -74.9056 9126.42 -106.148
9072.12 -72.3021 9142.18 -129.579
9087.89 -74.9056 9159.4 -138.692
9103.36 -60.5863 9174.58 -164.727
9120 -94.432 9190.34 -102.243
9135.47 -65.7934 9206.39 -126.976
9151.23 -33.2495 9222.44 -132.183
9166.41 -73.6039 9239.08 -119.165
9182.46 -71.0004 9254.84 -112.657
9199.09 -121.769 9270.6 -113.958
9214.85 -72.3021 9286.65 -113.958
9231.2 -69.6986 9302.7 -121.769
9248.13 -54.0776 9319.04 -129.579
9263.3 -55.3793 9334.22 -119.165
9278.77 -52.7758 9350.56 -110.053
9295.7 -68.3969 9366.31 -103.544
9310.87 -67.0951 9383.24 -126.976
9326.92 -76.2074 9399.29 -98.3372
9342.97 -121.769 9415.34 -106.148
9359.89 -67.0951 9431.39 -117.864
9375.65 -52.7758 9447.14 -100.941
9391.41 -47.5688 9463.19 -120.467
9407.17 -59.2846 9480.11 -124.372
9423.51 -47.5688 9495.58 -117.864
9439.26 -115.26 9510.75 -91.8285
9455.6 -86.6215 9527.09 -124.372
9471.36 -117.864 9542.84 -130.881
9487.41 -81.4144 9559.47 -90.5267
9504.33 -91.8285 9575.52 -69.6986
9520.08 -72.3021 9592.15 -94.432
9535.55 -76.2074 9606.73 -103.544
9551.88 -60.5863 9623.36 -128.278
9567.64 -61.8881 9639.7 -141.295
9582.81 -116.562 9656.03 -112.657
9599.73 -110.053 9671.79 -89.225
9615.19 -91.8285 9688.13 -116.562
9631.53 -80.1127 9703.29 -117.864
9647.87 -86.6215 9719.05 -130.881
9662.74 -64.4916 9735.67 -134.786
9679.37 -67.0951 9752.3 -132.183
9696.58 -102.243 9768.05 -120.467
9710.88 -89.225 9783.51 -108.751
9727.51 -68.3969 9799.56 -136.088
9743.26 -64.4916 9816.48 -51.474
9759.3 -89.225 9831.93 -76.2074
9776.22 -74.9056 9848.85 -94.432
9791.39 -76.2074 9863.73 -94.432
9807.72 -78.8109 9880.06 -106.148
9823.48 -73.6039 9896.1 -126.976
9839.52 -104.846 9911.85 -151.709
9856.15 -72.3021 9928.19 -117.864
9871.02 -90.5267 9945.1 -97.0355
9887.64 -80.1127 9961.15 -90.5267
9903.98 -61.8881 9976.61 -85.3197
9919.15 -71.0004 9992.06 -78.8109
9936.65 -89.225 10008.1 -84.0179
9951.81 -77.5092 10024.4 -98.3372
9967.27 -110.053 10040.8 -106.148
9983.02 -98.3372 10056.2 -112.657
9999.65 -111.355 10072.3 -121.769
10015.1 -82.7162 10088.9 -95.7337
10031.4 -77.5092 10104.9 -86.6215
10047.8 -110.053 10120.7 -91.8285
10064.1 -80.1127 10135.9 -67.0951
10079.6 -84.0179 10152.5 -117.864
10095.9 -99.639 10168.5 -99.639
10111.9 -65.7934 10185.1 -115.26
10128 -111.355 10201.5 -106.148
10144 -68.3969 10217.5 -110.053
10159.8 -115.26 10233 -86.6215
10175.8 -52.7758 10248.7 -89.225
10191.3 -57.9828 10265.3 -110.053
10207.9 -74.9056 10281.1 -125.674
10223.3 -73.6039 10297.1 -147.804
10240.6 -64.4916 10312.6 -111.355
10256 -48.8705 10330.1 -132.183
10271.5 -47.5688 10345.3 -121.769
10286.6 -91.8285 10361.6 -110.053
10303.8 -73.6039 10377.9 -95.7337
10319.9 -56.6811 10394 -125.674
10336.2 -78.8109 10409.7 -121.769
10351.4 -67.0951 10425.2 -136.088
10367.1 -50.1723 10441.5 -133.485
10383.5 -90.5267 10456.7 -116.562
10399.5 -71.0004 10473.6 -132.183
10416.1 -77.5092 10490.5 -87.9232
10431.6 -90.5267 10505.4 -117.864
10448.2 -72.3021 10521.7 -110.053
10464.5 -81.4144 10538 -112.657
10479.1 -91.8285 10554.4 -136.088
10495.7 -61.8881 10570.1 -115.26
10512.1 -69.6986 10586.4 -95.7337
10528.4 -56.6811 10601 -107.45
10543.9 -80.1127 10618.5 -119.165
10559.9 -84.0179 10634.6 -116.562
10575.4 -94.432 10650.6 -134.786
10591.7 -82.7162 10665.5 -81.4144
10607.7 -56.6811 10682.1 -128.278
10623.8 -72.3021 10697.9 -117.864
10639.2 -95.7337 10714.8 -142.597
10656.1 -87.9232 10730.8 -104.846
10672.2 -85.3197 10746.9 -90.5267
10688.2 -123.071 10763.8 -123.071
10704 -69.6986 10778.4 -64.4916
10720.3 -64.4916 10794.7 -65.7934
10735.5 -73.6039 10810.7 -98.3372
10751.2 -85.3197 10826.8 -99.639
10767.6 -87.9232 10842.2 -120.467
10783.3 -54.0776 10858.6 -153.011
10799.6 -71.0004 10875.2 -126.976
10816.3 -57.9828 10890.4 -72.3021
10831.7 -100.941 10906.4 -111.355
10847.5 -64.4916 10922.7 -110.053
10863.5 -100.941 10939.1 -98.3372
10878.7 -69.6986 10954.8 -87.9232
10895.3 -82.7162 10971.5 -117.864
10912.2 -54.0776 10987.2 -123.071
10927.7 -64.4916 11003.5 -69.6986
10944.6 -65.7934 11018.7 -93.1302
10959.2 -91.8285 11035.3 -94.432
10975.8 -60.5863 11051.4 -95.7337
10992.2 -69.6986 11067.4 -108.751
11008.2 -78.8109 11083.5 -60.5863
11024.5 -81.4144 11099.2 -128.278
11039.1 -56.6811 11116.1 -139.993
11056.1 -91.8285 11131.9 -137.39
11072.1 -121.769 11147.4 -115.26
11088.7 -82.7162 11163.4 -74.9056
11103.9 -55.3793 11180.3 -60.5863
11119.6 -65.7934 11195.2 -102.243
11136.3 -95.7337 11211.6 -98.3372
11151.7 -64.4916 11228.2 -172.537
11167.8 -46.267 11244.2 -171.236
11183.8 -68.3969 11260.3 -147.804
11200.8 -99.639 11275.4 -147.804
11216.8 -64.4916 11291.8 -111.355
11232 -48.8705 11307.5 -132.183
11248.3 -80.1127 11324.2 -112.657
11264.1 -104.846 11340.2 -102.243
11280.1 -84.0179 11356.6 -98.3372
11295.3 -69.6986 11372.3 -153.011
11312.2 -73.6039 11388.1 -164.727
11327.7 -54.0776 11404.1 -169.934
11344.6 -89.225 11419.3 -124.372
11359.8 -91.8285 11437.1 -124.372
11375.8 -87.9232 11451.7 -125.674
11391 -84.0179 11468 -113.958
11407.9 -98.3372 11484.1 -115.26
11423.7 -104.846 11500.7 -134.786
11439.7 -59.2846 11515.9 -173.839
11456.4 -72.3021 11531.4 -130.881
11472.1 -77.5092 11549.2 -159.52
11487.9 -64.4916 11565.2 -158.218
11503.3 -50.1723 11580.7 -151.709
11520.3 -93.1302 11597 -141.295
11536 -86.6215 11613.1 -133.485
11551.8 -85.3197 11628.6 -130.881
11567.8 -112.657 11645.8 -147.804
11583.9 -67.0951 11660.1 -129.579
11600.2 -69.6986 11676.7 -126.976
11615.7 -74.9056 11693.1 -153.011
11632.9 -42.3617 11709.4 -141.295
11647.8 -76.2074 11724.3 -129.579
11664.7 -91.8285 11741.2 -117.864
11679.9 -98.3372 11756.4 -119.165
11696 -99.639 11772.8 -119.165
11712.3 -80.1127 11790 -146.502
11727.8 -63.1898 11805.5 -130.881
11743.9 -46.267 11821.5 -111.355
11759.3 -71.0004 11837.9 -125.674
11776.3 -76.2074 11852.5 -117.864
11791.7 -115.26 11870 -98.3372
11808.9 -85.3197 11886.3 -119.165
11823 -94.432 11901.2 -154.313
11840.5 -67.0951 11916.7 -116.562
11856.3 -69.6986 11933.3 -134.786
11871.7 -20.2319 11950 -116.562
11887.2 -68.3969 11966 -121.769
11904.4 -93.1302 11981.8 -130.881
11920.2 -93.1302 11997.3 -87.9232
11936.8 -48.8705 12013.4 -108.751
11952 -86.6215 12030 -113.958
11969.3 -74.9056 12045.8 -111.355
11984.4 -60.5863 12061.8 -169.934
12000.2 -25.4389 12078.5 -133.485
12015.7 -46.267 12094.5 -111.355
12031.4 -89.225 12110.6 -98.3372
12048.4 -103.544 12126.1 -156.916
12063.3 -102.243 12142.7 -164.727
12080.2 -111.355 12158.2 -208.986
12095.7 -65.7934 12174.3 -188.158
12112.3 -39.7582 12190 -188.158
12127.5 -98.3372 12206.4 -175.141
12144.8 -55.3793 12223.1 -173.839
12160.5 -51.474 12238.5 -180.348
12175.7 -77.5092 12254 -188.158
12191.5 -74.9056 12270.4 -149.106
12208.4 -100.941 12287.3 -173.839
12223.9 -46.267 12302.8 -249.341
12240.6 -80.1127 12318.9 -258.453
12255.8 -72.3021 12334.6 -235.022
12272.4 -60.5863 12351.3 -211.59
12288.8 -67.0951 12367.4 -198.572
12303.4 -69.6986 12382.9 -188.158
12321.2 -59.2846 12398.4 -162.123
12335.8 -93.1302 12415.3 -184.253
12352.2 -102.243 12431.1 -206.383
12368.3 -33.2495 12447.7 -241.53
12384.3 -33.2495 12463.2 -210.288
12399.8 -25.4389 12479.3 -205.081
12415.6 -29.3442 12496 -171.236
12432.5 -39.7582 12510.6 -167.33
12448.9 -48.8705 12527.2 -160.822
12464.4 -57.9828 12543.3 -168.632
12480.5 -54.0776 12560.3 -185.555
12496.8 -41.06 12575.2 -182.951
12512.3 -55.3793 12591.5 -169.934
12527.5 -26.7407 12607.6 -172.537
12543.9 12.312 12624 -158.218
12560.5 -13.7231 12639.8 -141.295
12577.2 -12.4214 12656.1 -159.52
12592.7 -47.5688 12671.9 -125.674
12607.9 -7.21435 12687.4 -168.632
12623.7 -21.5337 12704.1 -154.313
12640.3 8.40672 12720.1 -168.632
12656.1 43.5541 12735.9 -190.762
12672.8 13.6137 12752.6 -164.727
12688 25.3295 12768.4 -179.046
12703.5 48.7611 12783.9 -202.478
12719.8 18.8208 12800 -153.011
12736.5 34.4418 12816.6 -153.011
12752 4.50145 12832.4 -189.46
12767.2 43.5541 12848.2 -177.744
12783.6 42.2524 12864.9 -211.59
12800.5 65.684 12881 -185.555
12816 76.098 12896.8 -158.218
12833 93.0208 12913.1 -160.822
12848.2 122.961 12928.6 -180.348
12864.3 104.737 12945 -163.425
12879.2 82.6068 12961.4 -159.52
12895.6 64.3822 12977.2 -142.597
12911.9 125.565 12993.3 -130.881
12928.6 102.133 13009.3 -108.751
12943.8 175.031 13025.1 -132.183
12959.9 137.281 13041.2 -123.071
12975.7 159.41 13057.9 -125.674
12991.8 152.902 13073.7 -130.881
13007.6 134.677 13090.4 -106.148
13024.5 154.203 13105.6 -123.071
13040.1 132.074 13121.4 -117.864
13055.9 141.186 13136.9 -61.8881
13071.6 159.41 13154.4 -82.7162
13088.6 195.86 13170.2 -80.1127
13104.1 220.593 13186.3 -125.674
13119.3 247.93 13202.1 -74.9056
13136 234.912 13217.9 -85.3197
13151.2 240.119 13233.4 -55.3793
13168.5 210.179 13249.8 -39.7582
13184.3 197.161 13266.5 -48.8705
13200.4 254.439 13282.9 -67.0951
13215.6 249.232 13298.7 -8.5161
13232 276.568 13314.5 -39.7582
13248.6 303.905 13330 -38.4565
13264.4 257.042 13346.9 -37.1547
13279.9 277.87 13362.5 -48.8705
13296.3 260.947 13379.1 -7.21435
13312.7 242.723 13394.9 -0.70557
13328.5 286.982 13410.5 37.0453
13344.3 307.811 13426.6 27.9331
13360.4 372.898 13442.9 14.9155
13375.9 400.235 13458.7 0.596186
13392 421.063 13476 -33.2495
13407.8 389.821 13490.6 -17.6284
13423.6 357.277 13507.9 50.0629
13440 328.639 13522.8 82.6068
13456.4 352.07 13539.8 61.7787
13471.9 380.709 13555.6 99.5296
13488 398.933 13571.1 72.1928
13504.1 454.909 13588.1 63.0805
13520.8 462.719 13604.2 69.5892
13535.7 470.53 13619.7 68.2875
13552.4 464.021 13636.1 141.186
13567.6 411.951 13651.9 132.074
13584 430.176 13668.3 180.238
13599.8 421.063 13683.8 184.144
13615.3 443.193 13699.9 150.298
13631.1 536.92 13717.2 169.824
13647.5 516.091 13732.4 180.238
13663.9 553.842 13747.9 151.6
13680 500.47 13764.6 142.488
13697 526.505 13781 189.351
13710.5 460.116 13796.3 220.593
13728 478.341 13813 309.112
13743.9 519.997 13829.6 314.319
13759.4 592.895 13844.9 303.905
13776.1 618.93 13861.3 276.568
13791.6 629.344 13877.1 260.947
13808.3 660.586 13894.3 263.551
13824.4 613.723 13909 326.035
13840.5 583.783 13926.3 370.295
13856.3 566.86 13942.4 434.081
13872.1 594.197 13959.9 479.642
13888.2 643.664 13976.3 441.891
13903.4 704.846 13991.6 462.719
13920.1 745.2 14000.6 469.228
13936.2 742.597 13983.4 475.737
13952.6 664.492 13967.6 586.386
