6016.56 -73.6039 6031.54 -91.8285
6005.1 -103.544 6047.11 -74.9056
5999.81 -81.4144 6064.15 -85.3197
6011.56 -91.8285 6080.6 -107.45
6027.43 -99.639 6094.7 -103.544
6043.59 -94.432 6111.74 -103.544
6059.16 -85.3197 6127.01 -111.355
6075.61 -76.2074 6143.75 -97.0355
6091.76 -97.0355 6159.91 -95.7337
6107.63 -93.1302 6175.18 -86.6215
6123.78 -71.0004 6191.63 -87.9232
6139.64 -98.3372 6207.19 -121.769
6155.8 -119.165 6223.94 -100.941
6172.24 -86.6215 6240.38 -113.958
6188.11 -71.0004 6255.65 -93.1302
6204.55 -76.2074 6272.39 -87.9232
6220.41 -85.3197 6287.37 -136.088
6235.98 -52.7758 6303.52 -89.225
6252.72 -126.976 6320.26 -99.639
6268.57 -91.8285 6336.99 -99.639
6284.43 -77.5092 6352.26 -99.639
6301.17 -54.0776 6367.82 -98.3372
6317.03 -87.9232 6385.14 -97.0355
6332.88 -42.3617 6400.12 -93.1302
6349.03 -74.9056 6416.85 -99.639
6364.59 -81.4144 6431.53 -57.9828
6380.74 -72.3021 6448.55 -98.3372
6396.59 -100.941 6463.82 -63.1898
6413.91 -106.148 6480.84 -87.9232
6428.59 -100.941 6496.4 -98.3372
6444.74 -89.225 6511.95 -90.5267
6460.3 -77.5092 6528.39 -133.485
6477.61 -51.474 6543.95 -117.864
6492.58 -74.9056 6560.38 -80.1127
6508.73 -97.0355 6576.82 -90.5267
6525.16 -81.4144 6592.37 -74.9056
6541.01 -87.9232 6608.51 -98.3372
6557.45 -94.432 6623.77 -93.1302
6572.71 -71.0004 6640.2 -90.5267
6589.44 -97.0355 6657.22 -99.639
6605.87 -76.2074 6672.77 -111.355
6621.42 -72.3021 6688.61 -72.3021
6637.86 -81.4144 6704.46 -116.562
6652.82 -80.1127 6720.59 -78.8109
6668.96 -126.976 6737.32 -95.7337
6685.09 -111.355 6752.86 -69.6986
6701.52 -90.5267 6769 -134.786
6717.66 -100.941 6784.25 -107.45
6733.8 -89.225 6801.27 -125.674
6749.05 -94.432 6816.52 -93.1302
6765.18 -86.6215 6832.65 -104.846
6781.32 -82.7162 6848.78 -100.941
6796.57 -86.6215 6864.32 -108.751
6813 -108.751 6881.33 -86.6215
6829.42 -72.3021 6896.88 -108.751
6845.55 -90.5267 6912.71 -87.9232
6861.68 -81.4144 6928.55 -133.485
6877.81 -124.372 6945.26 -93.1302
6893.94 -91.8285 6960.8 -117.864
6909.49 -84.0179 6977.51 -85.3197
6925.91 -82.7162 6993.93 -76.2074
6941.74 -89.225 7010.06 -59.2846
6957.87 -106.148 7025.6 -85.3197
6973.12 -103.544 7040.84 -116.562
6990.12 -121.769 7056.96 -93.1302
7005.95 -80.1127 7073.38 -107.45
7022.08 -82.7162 7089.5 -71.0004
7037.32 -106.148 7105.33 -103.544
7054.03 -110.053 7121.45 -95.7337
7068.98 -120.467 7137.28 -71.0004
7085.69 -97.0355 7153.98 -99.639
7101.23 -86.6215 7169.81 -91.8285
7116.76 -82.7162 7185.93 -116.562
7134.35 -86.6215 7202.34 -91.8285
7150.47 -93.1302 7217.28 -111.355
7165.12 -106.148 7233.69 -89.225
7181.82 -71.0004 7250.1 -125.674
7198.24 -80.1127 7265.92 -46.267
7214.35 -106.148 7282.33 -74.9056
7229.88 -87.9232 7298.74 -93.1302
7245.7 -113.958 7313.97 -130.881
7261.53 -69.6986 7329.79 -73.6039
7278.23 -97.0355 7346.2 -95.7337
7293.76 -80.1127 7361.72 -91.8285
7310.46 -99.639 7378.71 -51.474
7326.28 -117.864 7394.82 -54.0776
7342.09 -86.6215 7409.76 -81.4144
7357.33 -106.148 7425.87 -87.9232
7374.02 -104.846 7442.27 -95.7337
7390.14 -71.0004 7457.5 -100.941
7406.54 -108.751 7474.19 -84.0179
7422.65 -94.432 7490.59 -100.941
7437.58 -90.5267 7506.99 -72.3021
7453.98 -95.7337 7521.92 -86.6215
7469.51 -78.8109 7538.03 -87.9232
7485.9 -95.7337 7554.72 -85.3197
7502.01 -128.278 7570.53 -97.0355
7517.82 -93.1302 7586.92 -99.639
7533.93 -64.4916 7603.61 -84.0179
7550.62 -82.7162 7617.96 -103.544
7567.01 -74.9056 7634.93 -107.45
7582.24 -98.3372 7650.45 -113.958
7598.34 -61.8881 7667.43 -81.4144
7614.74 -119.165 7683.82 -102.243
7630.54 -98.3372 7698.45 -95.7337
7646.35 -81.4144 7715.14 -110.053
7663.33 -123.071 7730.36 -85.3197
7677.97 -99.639 7747.33 -97.0355
7693.77 -60.5863 7763.72 -99.639
7710.45 -99.639 7779.23 -76.2074
7726.55 -61.8881 7796.2 -68.3969
7742.06 -112.657 7812 -61.8881
7758.45 -138.692 7827.51 -78.8109
7774.84 -73.6039 7842.73 -100.941
7790.94 -72.3021 7859.7 -95.7337
7806.44 -111.355 7875.79 -81.4144
7823.12 -123.071 7891.3 -134.786
7839.22 -81.4144 7906.8 -94.432
7854.43 -102.243 7922.89 -81.4144
7870.52 -94.432 7939.86 -84.0179
7886.62 -76.2074 7955.07 -69.6986
7902.41 -80.1127 7970.87 -81.4144
7918.5 -86.6215 7987.25 -112.657
7934.3 -113.958 8004.5 -74.9056
7950.68 -89.225 8018.54 -107.45
7966.48 -76.2074 8036.68 -106.148
7982.86 -39.7582 8051.59 -81.4144
7999.24 -102.243 8067.68 -104.846
8014.74 -93.1302 8082.88 -103.544
8029.95 -103.544 8099.85 -115.26
8046.62 -82.7162 8115.64 -94.432
8062.12 -86.6215 8132.31 -117.864
8078.79 -87.9232 8148.09 -91.8285
8096.34 -76.2074 8163.59 -117.864
8110.66 -91.8285 8179.96 -95.7337
8126.16 -69.6986 8196.04 -97.0355
8142.83 -108.751 8212.42 -77.5092
8158.91 -67.0951 8228.5 -111.355
8174.7 -90.5267 8243.7 -110.053
8190.49 -93.1302 8259.19 -76.2074
8206.57 -86.6215 8277.02 -80.1127
8223.23 -90.5267 8292.22 -56.6811
8238.44 -98.3372 8308.59 -71.0004
8254.81 -111.355 8324.38 -94.432
8270.89 -86.6215 8339.58 -72.3021
8286.67 -84.0179 8355.94 -89.225
8303.04 -82.7162 8373.19 -100.941
8319.11 -128.278 8388.09 -43.6635
8335.48 -103.544 8404.17 -115.26
8350.97 -68.3969 8420.24 -95.7337
8366.17 -82.7162 8436.6 -97.0355
8383.42 -119.165 8452.68 -132.183
8399.2 -98.3372 8468.75 -61.8881
8414.69 -112.657 8484.53 -89.225
8431.64 -85.3197 8500.01 -78.8109
8447.12 -89.225 8515.79 -81.4144
8462.03 -130.881 8532.74 -91.8285
8478.68 -126.976 8549.68 -125.674
8495.92 -108.751 8565.17 -125.674
8510.82 -98.3372 8581.23 -76.2074
8526.6 -73.6039 8598.18 -91.8285
8542.96 -89.225 8612.78 -123.071
8558.45 -93.1302 8628.85 -61.8881
8575.1 -95.7337 8645.5 -87.9232
8591.46 -99.639 8661.86 -100.941
8606.65 -94.432 8677.63 -103.544
8623.01 -97.0355 8692.53 -120.467
8639.37 -57.9828 8710.06 -143.899
8654.56 -85.3197 8724.95 -104.846
8671.5 -81.4144 8740.43 -84.0179
8686.98 -113.958 8757.95 -107.45
8702.75 -67.0951 8773.43 -87.9232
8719.4 -89.225 8789.49 -90.5267
8735.17 -125.674 8805.27 -67.0951
8750.65 -81.4144 8821.33 -99.639
8767.59 -87.9232 8837.39 -145.2
8783.36 -107.45 8853.45 -87.9232
8799.42 -99.639 8869.8 -128.278
8814.9 -123.071 8887.03 -100.941
8831.26 -89.225 8901.63 -84.0179
8847.32 -95.7337 8917.69 -93.1302
8863.67 -100.941 8934.62 -89.225
8879.14 -77.5092 8950.1 -117.864
8895.2 -59.2846 8965.28 -119.165
8910.97 -73.6039 8981.33 -86.6215
8927.32 -64.4916 8997.39 -111.355
8941.92 -93.1302 9013.74 -113.958
8958.85 -103.544 9030.67 -69.6986
8975.2 -94.432 9045.85 -123.071
8991.85 -125.674 9061.91 -74.9056
9007.02 -97.0355 9077.67 -123.071
9023.96 -64.4916 9094.31 -80.1127
9039.43 -106.148 9109.49 -85.3197
9054.61 -51.474 9126.42 -119.165
9071.25 -85.3197 9142.76 -116.562
9087.6 -117.864 9158.23 -124.372
9103.07 -82.7162 9174.58 -80.1127
9119.7 -108.751 9190.34 -104.846
9135.17 -124.372 9206.98 -112.657
9150.94 -90.5267 9223.03 -82.7162
9167.57 -115.26 9238.79 -108.751
9183.63 -50.1723 9254.84 -84.0179
9199.97 -100.941 9270.6 -84.0179
9215.15 -86.6215 9286.07 -117.864
9231.78 -57.9828 9303.28 -107.45
9247.54 -137.39 9318.75 -72.3021
9263.01 -104.846 9333.93 -85.3197
9279.06 -128.278 9349.97 -68.3969
9295.4 -82.7162 9366.9 -78.8109
9312.33 -90.5267 9383.24 -85.3197
9327.51 -68.3969 9398.7 -95.7337
9343.84 -91.8285 9415.92 -134.786
9360.19 -74.9056 9431.09 -126.976
9376.24 -121.769 9447.43 -80.1127
9391.41 -77.5092 9462.9 -99.639
9407.17 -126.976 9479.82 -106.148
9423.22 -87.9232 9495.87 -103.544
9439.56 -113.958 9511.62 -78.8109
9455.6 -68.3969 9527.09 -112.657
9472.53 -82.7162 9542.55 -110.053
9487.11 -69.6986 9559.47 -110.053
9503.16 -86.6215 9575.52 -81.4144
9519.5 -77.5092 9592.15 -91.8285
9535.84 -63.1898 9607.61 -98.3372
9552.18 -95.7337 9623.65 -103.544
9567.64 -97.0355 9639.41 -77.5092
9583.68 -111.355 9656.33 -87.9232
9599.15 -76.2074 9671.79 -123.071
9614.9 -80.1127 9687.83 -98.3372
9632.11 -113.958 9703.88 -91.8285
9647.87 -95.7337 9719.63 -72.3021
9663.91 -110.053 9735.09 -100.941
9679.96 -80.1127 9752.3 -95.7337
9694.83 -99.639 9767.47 -128.278
9712.63 -74.9056 9784.1 -113.958
9727.8 -77.5092 9799.85 -128.278
9743.55 -98.3372 9815.89 -112.657
9759.01 -78.8109 9831.64 -111.355
9775.34 -91.8285 9848.27 -129.579
9791.68 -113.958 9864.31 -110.053
9807.14 -130.881 9879.48 -123.071
9823.48 -130.881 9895.81 -90.5267
9839.81 -91.8285 9912.15 -145.2
9855.27 -89.225 9927.31 -113.958
9871.31 -76.2074 9943.94 -129.579
9888.23 -89.225 9960.86 -142.597
9903.1 -94.432 9975.44 -172.537
9919.73 -76.2074 9992.65 -158.218
9935.77 -107.45 10007.8 -139.993
9951.23 -95.7337 10024.7 -126.976
9966.98 -56.6811 10039.9 -138.692
9984.48 -106.148 10056.8 -119.165
10000.2 -108.751 10072.6 -120.467
10014.8 -110.053 10088.6 -133.485
10031.1 -72.3021 10105.2 -124.372
10046.3 -77.5092 10120.7 -111.355
10063.5 -115.26 10137 -113.958
10079.6 -113.958 10152.2 -141.295
10095.6 -95.7337 10169.7 -119.165
10111.6 -82.7162 10184.9 -151.709
10127.1 -69.6986 10201.5 -154.313
10144.3 -64.4916 10217.8 -173.839
10160.1 -72.3021 10233 -128.278
10176.4 -77.5092 10248.4 -129.579
10192.1 -80.1127 10265.3 -132.183
10207.6 -91.8285 10281.1 -154.313
10223.6 -89.225 10296.8 -156.916
10239.7 -116.562 10314.3 -149.106
10256.3 -74.9056 10330.1 -147.804
10271.5 -68.3969 10345.5 -158.218
10287.2 -95.7337 10361.3 -160.822
10303 -80.1127 10377.3 -124.372
10319.9 -93.1302 10393.4 -125.674
10336.2 -90.5267 10409.7 -128.278
10352.5 -115.26 10425.4 -158.218
10368 -82.7162 10440.9 -149.106
10383.8 -95.7337 10457.2 -163.425
10399.2 -63.1898 10473.9 -156.916
10416.1 -100.941 10489.6 -155.615
10431.9 -93.1302 10505.1 -177.744
10447.6 -107.45 10522 -133.485
10463.4 -91.8285 10537.7 -120.467
10479.7 -110.053 10553.8 -80.1127
10496.9 -120.467 10569.8 -136.088
10511.8 -112.657 10586.1 -147.804
10526.9 -69.6986 10602.2 -121.769
10543.9 -68.3969 10617.9 -142.597
10559.9 -50.1723 10633.7 -159.52
10576.2 -60.5863 10649.7 -134.786
10592.9 -102.243 10666.4 -103.544
10608 -106.148 10681.8 -121.769
10622.3 -93.1302 10698.4 -143.899
10639.2 -125.674 10714.2 -117.864
10656.4 -112.657 10730.2 -129.579
10671.3 -126.976 10746.6 -155.615
10687.9 -80.1127 10762 -108.751
10703.4 -106.148 10778.1 -91.8285
10720.3 -99.639 10794.7 -95.7337
10736.1 -89.225 10810.7 -99.639
10751.8 -103.544 10826.8 -87.9232
10767.6 -87.9232 10842.5 -110.053
10783.9 -128.278 10859.1 -107.45
10799.9 -99.639 10875.2 -80.1127
10816 -59.2846 10891 -151.709
10831.4 -84.0179 10906.4 -160.822
10846.9 -99.639 10923.3 -138.692
10863.5 -80.1127 10938.8 -107.45
10880.1 -115.26 10954 -112.657
10895.9 -86.6215 10970.3 -113.958
10911.9 -121.769 10987.8 -111.355
10927.7 -72.3021 11002.7 -141.295
10943.7 -97.0355 11019 -159.52
10959.8 -48.8705 11035 -123.071
10975.5 -55.3793 11051.4 -142.597
10991.9 -74.9056 11066.5 -106.148
11007.3 -64.4916 11083.2 -141.295
11024.8 -74.9056 11098.9 -128.278
11040.3 -102.243 11116.1 -139.993
11055.8 -89.225 11131.6 -169.934
11071.8 -116.562 11147.4 -162.123
11088.1 -112.657 11163.7 -173.839
11104.2 -51.474 11180 -192.064
11120.5 -89.225 11195.5 -159.52
11135.7 -84.0179 11211.6 -198.572
11152.3 -72.3021 11227.6 -192.064
11168.1 -108.751 11243.4 -142.597
11184.1 -120.467 11260 -108.751
11199.3 -119.165 11275.7 -134.786
11216.8 -112.657 11292.1 -153.011
11232 -108.751 11307.5 -153.011
11247.7 -94.432 11324.2 -182.951
11264.1 -54.0776 11340.8 -156.916
11280.4 -98.3372 11355.4 -142.597
11295.6 -102.243 11372.3 -134.786
11312.2 -107.45 11388.4 -116.562
11327.4 -112.657 11404.4 -125.674
11343.7 -112.657 11420.5 -139.993
11360.1 -104.846 11435.9 -116.562
11375.8 -89.225 11451.4 -134.786
11391.9 -93.1302 11468.3 -198.572
11407.9 -108.751 11484.7 -158.218
11424 -81.4144 11500.7 -176.443
11439.7 -121.769 11517.6 -163.425
11455.8 -108.751 11532.2 -130.881
11471.8 -110.053 11548.9 -188.158
11487.6 -125.674 11564.9 -177.744
11503.3 -87.9232 11581.3 -211.59
11519.7 -98.3372 11597 -218.099
11535.7 -73.6039 11612.8 -207.685
11552.1 -98.3372 11628 -164.727
11568.4 -89.225 11645.5 -175.141
11583.6 -60.5863 11660.9 -184.253
11599.4 -107.45 11676.7 -149.106
11616 -86.6215 11692.8 -163.425
11632 -93.1302 11708.8 -168.632
11647.8 -68.3969 11724.9 -202.478
11664.5 -98.3372 11740.9 -180.348
11680.2 -84.0179 11757.3 -229.815
11696.3 -100.941 11773.3 -195.969
11712.6 -90.5267 11789.7 -224.608
11728.7 -67.0951 11805.2 -166.029
11743.6 -94.432 11820.6 -201.176
11760.2 -94.432 11837.6 -199.874
11775.7 -112.657 11853.6 -168.632
11792.9 -107.45 11869.4 -189.46
11807.8 -69.6986 11886.3 -216.797
11823.5 -85.3197 11901.5 -139.993
11839.6 -68.3969 11917.3 -201.176
11856 -69.6986 11933.6 -201.176
11871.4 -103.544 11950 -220.702
11888.1 -100.941 11965.8 -227.211
11903.3 -103.544 11981.8 -229.815
11920.8 -110.053 11998.2 -235.022
11935.7 -43.6635 12013.4 -253.246
11952.9 -106.148 12030 -292.299
11967.8 -65.7934 12046 -285.79
11984.7 -107.45 12062.4 -274.074
11999.3 -119.165 12077.9 -266.264
12016.3 -68.3969 12093.7 -277.98
12031.7 -81.4144 12110 -268.867
12048.4 -69.6986 12126.4 -300.109
12063.3 -76.2074 12142.7 -245.436
12079.9 -73.6039 12157 -275.376
12096.3 -100.941 12174.9 -296.204
12112.3 -117.864 12190.3 -240.229
12127.8 -87.9232 12207.6 -271.471
12143 -104.846 12222.2 -277.98
12160.3 -93.1302 12238.5 -274.074
12176.3 -54.0776 12254.6 -246.737
12192.7 -72.3021 12270.4 -275.376
12207.6 -90.5267 12287.3 -276.678
12223.9 -90.5267 12302.8 -235.022
12239.7 -99.639 12319.2 -222.004
12255.2 -124.372 12334.9 -237.625
12272.1 -80.1127 12351 -254.548
12288.8 -98.3372 12367.1 -249.341
12303.7 -86.6215 12383.5 -255.85
12319.5 -64.4916 12399.5 -266.264
12337 -59.2846 12415.3 -289.695
12351.9 -59.2846 12430.8 -214.194
12367.7 -18.9302 12447.2 -224.608
12384.6 -57.9828 12463.8 -216.797
12400.7 -121.769 12479 -215.495
12415.9 -69.6986 12495.4 -242.832
12432.3 -37.1547 12511.4 -231.116
12448.6 -43.6635 12526.9 -253.246
12464.1 -47.5688 12542.7 -236.323
12480.2 -13.7231 12560 -266.264
12496 -5.91259 12576 -246.737
12511.4 -12.4214 12590.9 -218.099
12527.5 -64.4916 12607.6 -195.969
12543.3 -84.0179 12624 -210.288
12560 -64.4916 12639.5 -245.436
12577.5 -39.7582 12655.8 -220.702
12591.8 -5.91259 12671.9 -255.85
12608.5 -13.7231 12687.7 -235.022
12623.4 31.8383 12704.4 -211.59
12640.3 25.3295 12720.4 -232.418
12656.1 7.10496 12735.9 -199.874
12672.2 -34.5512 12752.6 -203.779
12688.3 -28.0424 12768.4 -212.892
12704.1 -18.9302 12785 -210.288
12720.4 -3.30908 12800.5 -251.944
12736.2 26.6313 12816.3 -274.074
12752 43.5541 12833 -275.376
12768.4 53.9682 12848.2 -222.004
12784.2 70.891 12865.2 -186.857
12800 68.2875 12881 -185.555
12816.3 29.2348 12897.3 -145.2
12832.1 14.9155 12913.7 -190.762
12848.2 24.0278 12928.3 -163.425
12864.3 39.6489 12945 -220.702
12879.8 72.1928 12959.9 -216.797
12895.6 148.996 12976.6 -225.909
12912.2 164.617 12993.8 -218.099
12928.3 138.582 13009.3 -180.348
12943.2 124.263 13025.7 -137.39
12959.6 96.9261 13040.9 -128.278
12976.6 106.038 13057.3 -129.579
12992.4 107.34 13072.8 -159.52
13007.3 147.695 13090.1 -205.081
13024.3 132.074 13105.9 -193.365
13039.5 184.144 13121.4 -198.572
13055.9 195.86 13137.8 -145.2
13071.1 164.617 13153.8 -93.1302
13088.3 167.221 13169.9 -113.958
13103.5 191.954 13185.7 -107.45
13119.9 198.463 13201.8 -124.372
13136 184.144 13217.6 -160.822
13152.4 167.221 13233.4 -146.502
13168.5 188.049 13250.4 -169.934
13184.3 240.119 13266.2 -145.2
13200.4 251.835 13281.7 -100.941
13215.3 285.681 13298.4 -63.1898
13231.4 267.456 13314.5 -93.1302
13248.3 262.249 13330.3 -71.0004
13263.6 262.249 13346.4 -104.846
13279.6 279.172 13362.2 -97.0355
13295.7 276.568 13378.3 -124.372
13312.1 306.509 13395.2 -91.8285
13327.9 326.035 13410.2 -37.1547
13344 339.053 13426.8 -4.61084
13359.2 303.905 13443.2 46.1576
13375.6 339.053 13458.2 -13.7231
13392 331.242 13475.1 14.9155
13408.1 366.39 13491.8 14.9155
13424.2 357.277 13507 50.0629
13440 367.691 13524 18.8208
13456.4 372.898 13539.8 8.40672
13471 365.088 13555 30.5366
13488.3 392.425 13571.4 51.3647
13505 397.632 13588.1 42.2524
13519.9 461.418 13604.2 85.2103
13535.7 431.477 13620 82.6068
13552.1 448.4 13636.1 68.2875
13568.2 460.116 13652.5 81.305
13584.6 426.27 13668.6 60.4769
13600.4 424.969 13684.1 116.452
13616.8 453.607 13700.2 129.47
13632.3 479.642 13716.3 178.937
13647 447.098 13733.3 173.73
13664.5 493.962 13748.5 193.256
13680.6 542.127 13764.9 203.67
13695.6 546.032 13781.6 210.179
13711.7 525.204 13796.5 173.73
13727.8 543.428 13813.2 181.54
13743.9 535.618 13829.4 233.61
13760.3 561.653 13844.9 260.947
13776.1 578.576 13861.3 292.189
13791.6 547.334 13878 306.509
13807.7 596.8 13894.3 344.26
13824.1 652.776 13910.5 396.33
13840.2 667.095 13926.3 383.312
13856.3 663.19 13942.7 409.347
13871.8 654.078 13959.1 408.046
13888.2 676.207 13976.1 431.477
13903.7 691.828 13991.3 435.383
13920.4 742.597 14000.6 526.505
13937.1 742.597 13984 552.541
13951.7 642.362 13967.9 620.232
