6016.26 -99.639 6030.95 -151.709
6004.51 -87.9232 6047.11 -160.822
6000.69 -107.45 6063.27 -117.864
6011.56 -81.4144 6079.72 -154.313
6027.13 -120.467 6095.29 -179.046
6043.59 -124.372 6111.74 -137.39
6058.86 -87.9232 6127.6 -158.218
6075.31 -136.088 6144.05 -142.597
6091.76 -132.183 6160.79 -167.33
6107.63 -57.9828 6175.18 -195.969
6124.37 -112.657 6191.92 -177.744
6139.64 -91.8285 6207.78 -154.313
6156.38 -100.941 6223.64 -155.615
6171.95 -95.7337 6240.09 -188.158
6187.81 -78.8109 6255.95 -158.218
6205.14 -112.657 6271.8 -128.278
6220.12 -132.183 6287.66 -150.407
6235.68 -106.148 6303.81 -146.502
6252.42 -99.639 6319.37 -150.407
6268.28 -73.6039 6335.23 -176.443
6284.72 -108.751 6351.97 -166.029
6300.88 -103.544 6367.53 -134.786
6316.14 -128.278 6383.97 -202.478
6332.29 -139.993 6399.82 -156.916
6347.86 -146.502 6415.67 -188.158
6363.42 -120.467 6431.23 -177.744
6381.03 -116.562 6447.97 -198.572
6396 -120.467 6464.99 -158.218
6412.44 -106.148 6480.84 -130.881
6428.3 -82.7162 6496.4 -129.579
6445.03 -124.372 6511.95 -110.053
6461.18 -82.7162 6528.39 -145.2
6476.73 -156.916 6543.95 -153.011
6492.88 -150.407 6560.09 -169.934
6509.02 -98.3372 6575.94 -181.65
6524.87 -132.183 6592.08 -172.537
6540.43 -112.657 6608.51 -158.218
6557.45 -65.7934 6625.53 -153.011
6572.41 -115.26 6640.79 -115.26
6588.85 -85.3197 6656.63 -153.011
6605.87 -98.3372 6671.89 -139.993
6621.13 -112.657 6688.32 -171.236
6637.27 -84.0179 6704.16 -115.26
6652.52 -153.011 6721.18 -172.537
6668.96 -107.45 6737.32 -190.762
6685.09 -98.3372 6752.86 -162.123
6701.82 -138.692 6769 -145.2
6717.37 -137.39 6784.84 -156.916
6732.62 -162.123 6801.56 -156.916
6749.64 -108.751 6816.22 -153.011
6765.18 -104.846 6832.65 -154.313
6781.32 -116.562 6848.19 -164.727
6796.57 -97.0355 6865.5 -153.011
6814.17 -81.4144 6881.33 -182.951
6830.01 -142.597 6896.88 -153.011
6845.55 -107.45 6913.88 -160.822
6861.39 -112.657 6929.13 -141.295
6878.4 -119.165 6944.97 -145.2
6893.94 -111.355 6961.68 -138.692
6910.37 -100.941 6978.1 -143.899
6925.91 -94.432 6992.76 -182.951
6941.16 -103.544 7009.18 -169.934
6956.7 -120.467 7025.01 -153.011
6973.12 -138.692 7041.72 -158.218
6990.12 -111.355 7057.55 -197.271
7005.66 -119.165 7073.38 -156.916
7021.2 -119.165 7090.67 -137.39
7037.32 -97.0355 7105.92 -155.615
7053.44 -100.941 7121.74 -207.685
7069.28 -107.45 7137.86 -169.934
7085.4 -120.467 7153.69 -162.123
7102.1 -142.597 7169.81 -182.951
7117.35 -123.071 7185.05 -155.615
7133.47 -107.45 7201.75 -130.881
7150.47 -110.053 7217.57 -156.916
7164.53 -108.751 7233.98 -186.857
7181.53 -95.7337 7250.1 -160.822
7197.65 -112.657 7265.92 -160.822
7214.64 -95.7337 7282.04 -182.951
7230.18 -104.846 7298.44 -160.822
7246 -108.751 7314.56 -155.615
7261.53 -113.958 7329.5 -146.502
7277.35 -125.674 7346.78 -121.769
7294.05 -110.053 7361.72 -169.934
7310.16 -110.053 7377.54 -177.744
7326.28 -111.355 7394.24 -202.478
7341.8 -128.278 7410.35 -180.348
7358.21 -129.579 7425.87 -158.218
7373.15 -110.053 7441.68 -176.443
7389.84 -102.243 7458.08 -159.52
7406.54 -115.26 7474.48 -156.916
7422.65 -113.958 7490.01 -154.313
7437.88 -126.976 7507.28 -149.106
7453.69 -113.958 7522.8 -143.899
7470.68 -91.8285 7538.32 -142.597
7486.2 -93.1302 7554.72 -159.52
7502.6 -142.597 7569.94 -159.52
7518.41 -107.45 7587.22 -138.692
7534.81 -116.562 7603.03 -146.502
7550.03 -90.5267 7617.96 -153.011
7567.01 -159.52 7635.23 -142.597
7582.53 -99.639 7650.74 -173.839
7598.05 -111.355 7666.84 -180.348
7614.15 -133.485 7683.53 -134.786
7630.25 -115.26 7698.75 -162.123
7646.35 -102.243 7714.55 -145.2
7663.04 -97.0355 7731.23 -147.804
7678.55 -78.8109 7747.33 -145.2
7694.65 -107.45 7763.14 -128.278
7710.75 -97.0355 7778.35 -151.709
7726.26 -107.45 7795.03 -155.615
7742.36 -119.165 7810.83 -186.857
7758.16 -145.2 7827.51 -168.632
7774.26 -89.225 7843.02 -156.916
7791.52 -110.053 7859.41 -137.39
7806.15 -82.7162 7874.91 -177.744
7822.83 -111.355 7891.3 -158.218
7837.75 -116.562 7907.68 -130.881
7853.55 -113.958 7923.48 -130.881
7871.11 -120.467 7940.15 -138.692
7886.62 -121.769 7955.07 -128.278
7903 -94.432 7971.45 -151.709
7917.92 -126.976 7987.54 -172.537
7934.59 -121.769 8002.75 -146.502
7950.68 -106.148 8019.71 -145.2
7966.48 -67.0951 8035.51 -138.692
7982.27 -82.7162 8051.89 -126.976
7998.95 -98.3372 8067.68 -172.537
8014.16 -112.657 8083.47 -189.46
8030.83 -100.941 8098.97 -166.029
8046.33 -117.864 8115.93 -132.183
8063.29 -103.544 8132.01 -150.407
8079.38 -85.3197 8148.39 -136.088
8095.75 -99.639 8163.3 -125.674
8111.54 -84.0179 8180.26 -159.52
8125.87 -98.3372 8195.75 -164.727
8142.25 -120.467 8212.12 -151.709
8158.62 -111.355 8227.91 -150.407
8174.99 -117.864 8243.7 -162.123
8191.66 -106.148 8260.65 -160.822
8207.45 -120.467 8276.44 -133.485
8222.94 -141.295 8293.1 -173.839
8238.73 -98.3372 8308.59 -139.993
8254.81 -112.657 8323.79 -138.692
8270.89 -97.0355 8340.16 -168.632
8286.67 -129.579 8357.4 -126.976
8302.75 -104.846 8372.02 -119.165
8318.53 -95.7337 8388.09 -146.502
8334.61 -133.485 8404.46 -123.071
8351.27 -111.355 8419.94 -136.088
8366.76 -94.432 8437.19 -179.046
8382.83 -80.1127 8453.26 -146.502
8398.61 -132.183 8468.75 -162.123
8414.98 -87.9232 8484.53 -121.769
8430.76 -104.846 8501.18 -150.407
8447.12 -146.502 8516.96 -150.407
8462.9 -112.657 8532.15 -132.183
8479.27 -99.639 8549.39 -142.597
8495.34 -116.562 8564.58 -123.071
8511.11 -110.053 8581.23 -126.976
8526.6 -130.881 8596.72 -142.597
8543.55 -125.674 8613.37 -149.106
8559.32 -104.846 8629.73 -143.899
8574.51 -90.5267 8644.92 -125.674
8591.46 -91.8285 8660.11 -138.692
8607.53 -149.106 8677.05 -159.52
8622.72 -119.165 8692.24 -129.579
8639.08 -125.674 8709.76 -143.899
8653.68 -123.071 8725.83 -142.597
8670.92 -113.958 8740.72 -138.692
8687.27 -102.243 8757.95 -142.597
8703.92 -130.881 8773.43 -133.485
8719.11 -97.0355 8789.49 -138.692
8734.3 -104.846 8805.27 -119.165
8750.94 -65.7934 8821.33 -160.822
8767.88 -120.467 8837.09 -139.993
8783.36 -108.751 8852.86 -132.183
8799.42 -117.864 8869.8 -151.709
8814.61 -110.053 8887.03 -108.751
8831.84 -57.9828 8901.92 -143.899
8846.73 -64.4916 8917.98 -139.993
8863.38 -98.3372 8933.75 -119.165
8878.27 -84.0179 8950.39 -154.313
8894.33 -102.243 8966.44 -121.769
8911.55 -98.3372 8981.63 -158.218
8926.74 -141.295 8998.27 -141.295
8943.96 -116.562 9014.03 -151.709
8959.14 -158.218 9030.38 -124.372
8975.5 -116.562 9045.56 -117.864
8991.26 -108.751 9061.61 -169.934
9007.61 -97.0355 9078.55 -137.39
9023.37 -124.372 9094.6 -155.615
9039.14 -128.278 9110.36 -134.786
9055.78 -125.674 9126.42 -156.916
9071.54 -116.562 9143.35 -162.123
9087.01 -102.243 9158.53 -133.485
9104.82 -90.5267 9174.87 -132.183
9119.41 -126.976 9190.34 -141.295
9134.88 -84.0179 9206.68 -151.709
9151.52 -67.0951 9222.15 -141.295
9166.41 -110.053 9238.79 -153.011
9183.63 -115.26 9253.38 -146.502
9200.26 -108.751 9270.89 -141.295
9215.15 -150.407 9286.65 -136.088
9231.2 -128.278 9302.99 -154.313
9247.54 -110.053 9318.75 -146.502
9263.3 -117.864 9334.51 -168.632
9279.06 -77.5092 9350.26 -182.951
9295.7 -94.432 9367.19 -129.579
9311.75 -124.372 9383.82 -139.993
9327.8 -113.958 9399 -125.674
9344.43 -111.355 9415.34 -138.692
9360.19 -86.6215 9431.97 -159.52
9376.24 -106.148 9447.43 -139.993
9391.41 -90.5267 9462.61 -159.52
9406.88 -120.467 9479.24 -146.502
9422.92 -111.355 9495.87 -150.407
9439.85 -106.148 9510.46 -149.106
9455.02 -100.941 9527.38 -126.976
9471.36 -117.864 9542.84 -137.39
9487.11 -103.544 9559.47 -125.674
9503.75 -107.45 9575.23 -142.597
9519.5 -99.639 9591.56 -168.632
9535.25 -102.243 9607.9 -163.425
9551.59 -94.432 9623.95 -163.425
9566.47 -104.846 9639.7 -158.218
9583.68 -139.993 9656.03 -119.165
9599.15 -116.562 9671.5 -202.478
9615.19 -132.183 9687.54 -176.443
9631.82 -120.467 9704.17 -233.72
9647.58 -111.355 9719.92 -205.081
9663.33 -99.639 9735.97 -212.892
9679.66 -86.6215 9751.72 -225.909
9695.13 -112.657 9768.64 -199.874
9710.88 -116.562 9782.64 -179.046
9728.38 -98.3372 9799.85 -184.253
9743.55 -141.295 9816.48 -176.443
9759.01 -120.467 9831.93 -184.253
9775.64 -141.295 9847.39 -186.857
9791.97 -110.053 9864.6 -201.176
9807.14 -124.372 9879.19 -173.839
9823.48 -113.958 9896.69 -199.874
9839.52 -111.355 9911.85 -208.986
9855.27 -98.3372 9927.9 -173.839
9871.9 -103.544 9944.52 -192.064
9887.94 -125.674 9960.86 -181.65
9903.98 -99.639 9976.61 -164.727
9919.73 -111.355 9992.94 -211.59
9936.06 -113.958 10008.4 -188.158
9951.81 -91.8285 10024.4 -195.969
9967.27 -87.9232 10040.5 -173.839
9983.61 -100.941 10055.6 -186.857
9999.94 -116.562 10072.6 -180.348
10015.7 -95.7337 10088.9 -160.822
10031.4 -102.243 10105.2 -179.046
10048.1 -119.165 10120.4 -195.969
10064.1 -84.0179 10136.1 -192.064
10079.6 -143.899 10153.1 -172.537
10095 -104.846 10168.2 -197.271
10112.5 -93.1302 10184.5 -214.194
10127.7 -124.372 10201.2 -177.744
10143.4 -121.769 10217.5 -188.158
10159.8 -154.313 10232.7 -211.59
10175.2 -133.485 10249.6 -194.667
10192.4 -116.562 10264.5 -180.348
10207.6 -115.26 10281.7 -235.022
10223.6 -93.1302 10297.4 -229.815
10239.7 -93.1302 10313.5 -167.33
10255.4 -103.544 10328.9 -193.365
10271.5 -126.976 10345 -199.874
10287.2 -121.769 10361.6 -146.502
10303.5 -85.3197 10377.9 -201.176
10320.2 -103.544 10394.5 -197.271
10336.2 -128.278 10409.1 -175.141
10352 -124.372 10425.4 -194.667
10368.3 -98.3372 10441.8 -207.685
10383.8 -111.355 10457.8 -180.348
10400.1 -104.846 10473.3 -175.141
10415.5 -120.467 10489.9 -186.857
10432.2 -108.751 10505.7 -164.727
10447.9 -139.993 10521.1 -188.158
10463.4 -130.881 10537.7 -177.744
10480.3 -108.751 10554.4 -211.59
10496 -103.544 10570.1 -215.495
10511.5 -125.674 10586.1 -203.779
10526.6 -91.8285 10602.5 -160.822
10543.9 -121.769 10617.9 -194.667
10559.3 -120.467 10633.1 -175.141
10575.4 -81.4144 10650.3 -190.762
10591.4 -115.26 10666.4 -185.555
10608.3 -133.485 10682.7 -188.158
10624.1 -69.6986 10697.9 -192.064
10639.5 -107.45 10713.9 -177.744
10655.3 -81.4144 10731.4 -184.253
10671.3 -149.106 10746 -206.383
10688.5 -119.165 10762.3 -169.934
10703.4 -125.674 10777.5 -193.365
10720 -141.295 10794.7 -202.478
10735.2 -91.8285 10810.4 -222.004
10752.4 -133.485 10826.5 -172.537
10767.6 -78.8109 10843.1 -163.425
10784.5 -126.976 10858.6 -151.709
10799.4 -102.243 10874.9 -180.348
10816 -125.674 10890.7 -185.555
10831.7 -133.485 10907.3 -179.046
10848.1 -107.45 10923.3 -171.236
10863.8 -126.976 10938.2 -211.59
10878.7 -128.278 10954.8 -216.797
10895.3 -91.8285 10972.3 -198.572
10912.5 -104.846 10987.5 -202.478
10927.4 -102.243 11003.8 -173.839
10944 -106.148 11019 -166.029
10959.2 -125.674 11035.3 -167.33
10976.1 -112.657 11050.2 -180.348
10992.2 -103.544 11068.3 -201.176
11007 -115.26 11083.5 -206.383
11024 -111.355 11098.9 -194.667
11040.6 -99.639 11115.3 -206.383
11056.3 -102.243 11131.3 -182.951
11071.5 -98.3372 11147.4 -201.176
11088.1 -116.562 11163.7 -182.951
11104.5 -107.45 11179.4 -190.762
11119.9 -102.243 11195.5 -167.33
11135.7 -124.372 11211.8 -154.313
11151.1 -111.355 11228.2 -151.709
11167.5 -126.976 11243.9 -203.779
11184.1 -102.243 11260.6 -182.951
11201.3 -107.45 11276 -190.762
11216.2 -119.165 11292.1 -184.253
11231.4 -69.6986 11307.8 -218.099
11248.3 -129.579 11323.3 -197.271
11263.8 -119.165 11340.5 -222.004
11279.5 -137.39 11355.7 -203.779
11295.3 -119.165 11371.7 -193.365
11311.9 -93.1302 11388.4 -197.271
11328 -86.6215 11403.8 -177.744
11344.6 -111.355 11420.5 -189.46
11360.1 -112.657 11436.8 -167.33
11376.7 -108.751 11452.6 -205.081
11391.6 -99.639 11468.6 -195.969
11407 -125.674 11484.4 -202.478
11424.3 -120.467 11500.7 -210.288
11440 -97.0355 11516.8 -202.478
11456.1 -65.7934 11533.1 -182.951
11471.5 -78.8109 11548.9 -194.667
11488.5 -117.864 11563.8 -145.2
11504.2 -104.846 11580.4 -180.348
11520.6 -104.846 11597 -151.709
11536.3 -111.355 11613.1 -181.65
11550.9 -100.941 11628.8 -203.779
11568.1 -107.45 11645.2 -229.815
11584.5 -72.3021 11661.5 -242.832
11599.4 -71.0004 11677.3 -218.099
11615.7 -120.467 11692.8 -192.064
11633.2 -133.485 11708.5 -185.555
11647.5 -91.8285 11725.2 -219.401
11663.9 -106.148 11740.9 -202.478
11679.6 -128.278 11757 -236.323
11696.6 -94.432 11773 -182.951
11712.3 -158.218 11789.7 -236.323
11728.4 -56.6811 11804.9 -328.748
11743.6 -93.1302 11822.1 -297.506
11760.2 -115.26 11836.7 -261.057
11776.6 -64.4916 11852.8 -293.601
11792.3 -113.958 11869.1 -284.488
11808.9 -126.976 11885.5 -289.695
11823.8 -124.372 11901.5 -315.73
11839.6 -89.225 11917.3 -296.204
11856 -106.148 11934.5 -317.032
11872 -104.846 11949.7 -314.429
11887.8 -115.26 11965.8 -293.601
11905 -111.355 11982.1 -266.264
11919.9 -104.846 11997.9 -241.53
11937.4 -103.544 12014.2 -268.867
11951.7 -125.674 12029.4 -271.471
11968.7 -117.864 12046.9 -289.695
11983.6 -151.709 12062.4 -293.601
12000.2 -115.26 12078.5 -311.825
12016.3 -98.3372 12093.7 -327.446
12030.9 -94.432 12110.6 -292.299
12047.8 -93.1302 12126.7 -284.488
12064.7 -102.243 12141.6 -267.565
12079.1 -100.941 12157.6 -284.488
12095.1 -84.0179 12173.7 -233.72
12112.3 -80.1127 12190.3 -274.074
12127.8 -116.562 12207 -267.565
12143.3 -94.432 12223.3 -283.187
12159.4 -95.7337 12237.7 -309.222
12175.4 -124.372 12254.3 -277.98
12192.1 -74.9056 12271 -285.79
12208.2 -87.9232 12286.7 -274.074
12223.9 -116.562 12302.2 -249.341
12240.6 -110.053 12319.5 -289.695
12256.4 -128.278 12335.2 -304.015
12271.5 -89.225 12350.7 -294.902
12287.9 -82.7162 12367.7 -315.73
12304.9 -43.6635 12383.5 -310.523
12319.8 -76.2074 12399.5 -294.902
12334.9 -102.243 12414.7 -279.281
12352.2 -84.0179 12430.8 -240.229
12368.3 -63.1898 12446.9 -242.832
12384 -119.165 12463.2 -290.997
12400.4 -84.0179 12478.7 -270.169
12416.8 -116.562 12496.2 -287.092
12431.1 -95.7337 12511.4 -289.695
12448 -61.8881 12526.9 -306.618
12464.7 -86.6215 12543.6 -272.773
12480.2 -68.3969 12560.3 -331.352
12496.5 -65.7934 12574.9 -270.169
12511.4 -76.2074 12590.9 -285.79
12527.8 -52.7758 12607.6 -288.394
12544.2 -76.2074 12624.3 -297.506
12560 -39.7582 12640.3 -294.902
12576.3 -60.5863 12656.4 -288.394
12591.8 -68.3969 12671.6 -262.358
12607.6 -78.8109 12688 -305.316
12623.7 -48.8705 12703.8 -259.755
12640.3 -93.1302 12720.7 -240.229
12656.4 -69.6986 12735.9 -248.039
12671.3 -39.7582 12751.4 -304.015
12687.1 -51.474 12767.8 -259.755
12703.5 -42.3617 12784.5 -280.583
12720.4 -18.9302 12799.7 -281.885
12735.4 27.9331 12816.9 -262.358
12752.6 -51.474 12832.7 -261.057
12768.4 -13.7231 12848.2 -240.229
12783 -15.0249 12864.3 -211.59
12800 -4.61084 12881.3 -237.625
12816.6 57.8734 12897 -261.057
12832.7 56.5717 12911.9 -233.72
12848.8 74.7963 12929.2 -201.176
12864 72.1928 12944.7 -186.857
12880.7 77.3998 12961.1 -197.271
12896.2 68.2875 12976.9 -208.986
12912.5 85.2103 12993.3 -185.555
12928.9 69.5892 13009.6 -182.951
12943.8 93.0208 13025.1 -195.969
12959.3 129.47 13040.9 -210.288
12976 111.245 13057 -190.762
12992.4 122.961 13073.1 -171.236
13007.6 120.358 13090.1 -154.313
13023.7 76.098 13106.2 -147.804
13040.6 86.5121 13121.1 -203.779
13055.6 57.8734 13137.8 -219.401
13071.6 93.0208 13153.3 -211.59
13087.7 125.565 13169.9 -146.502
13104.4 167.221 13185.4 -147.804
13119.9 176.333 13202.4 -147.804
13136 186.747 13218.8 -116.562
13152.7 168.523 13234.6 -120.467
13167.9 190.653 13249.8 -145.2
13184.6 191.954 13265.9 -156.916
13199.8 142.488 13282.3 -154.313
13216.7 212.782 13297.5 -107.45
13232.3 240.119 13314.5 -91.8285
13248.6 245.326 13330.3 -90.5267
13263.9 273.965 13346.7 -8.5161
13279.9 272.663 13362.2 -26.7407
13296 272.663 13378.9 -30.646
13311.5 273.965 13395.5 -103.544
13327.9 288.284 13410.7 -52.7758
13344.6 297.397 13426.6 -43.6635
13360.1 305.207 13443.8 -41.06
13375.9 340.354 13459 12.312
13392.3 331.242 13474.8 14.9155
13408.4 374.2 13491.5 20.1225
13423.9 365.088 13507.3 34.4418
13440 316.923 13523.4 25.3295
13455.5 316.923 13540.1 -34.5512
13472.2 339.053 13555.3 -25.4389
13488.3 346.863 13571.1 -42.3617
13504.1 391.123 13587.8 26.6313
13520.2 391.123 13604.2 39.6489
13536 393.726 13621.2 57.8734
13551.8 359.881 13635.5 90.4173
13568.5 361.182 13650.8 95.6243
13583.7 362.484 13668.6 81.305
13599.2 430.176 13683.5 34.4418
13616.5 432.779 13700.2 70.891
13632 439.288 13716.6 74.7963
13647.8 458.814 13731.9 90.4173
13664.2 477.039 13748.3 145.091
13680.6 496.565 13764.6 194.558
13695.6 434.081 13780.7 228.403
13712.5 480.944 13797.1 224.498
13727.5 477.039 13813.2 229.705
13743.6 533.014 13828.8 231.007
13759.7 548.635 13844.9 210.179
13775.8 587.688 13861.9 223.196
13791.6 624.137 13876.8 272.663
13808 582.481 13894.1 314.319
13824.7 590.291 13909.9 346.863
13840.8 586.386 13926.3 362.484
13856.9 599.404 13941.8 374.2
13871.8 595.499 13959.6 383.312
13888.5 630.646 13975.8 397.632
13903.4 660.586 13993 401.537
13919.2 694.432 14000.4 453.607
13935.9 699.639 13984 496.565
13952.3 639.758 13968.1 561.653
