6015.38 -146.502 6031.25 -166.029
6004.81 -103.544 6047.11 -137.39
6000.4 -132.183 6063.56 -125.674
6010.68 -77.5092 6080.01 -159.52
6027.43 -110.053 6095.58 -138.692
6042.7 -103.544 6110.86 -156.916
6058.86 -115.26 6127.31 -177.744
6075.61 -103.544 6144.05 -177.744
6092.06 -162.123 6160.2 -162.123
6107.92 -130.881 6175.18 -168.632
6123.78 -120.467 6191.63 -176.443
6139.64 -126.976 6208.08 -164.727
6155.8 -107.45 6223.64 -151.709
6172.83 -93.1302 6240.09 -153.011
6188.11 -102.243 6255.95 -184.253
6203.67 -128.278 6272.1 -168.632
6220.12 -125.674 6287.07 -166.029
6235.98 -129.579 6304.4 -175.141
6251.54 -120.467 6320.26 -166.029
6268.28 -130.881 6334.94 -134.786
6284.43 -110.053 6352.26 -153.011
6300.58 -103.544 6367.53 -181.65
6315.85 -112.657 6385.14 -160.822
6332.29 -124.372 6400.99 -173.839
6348.15 -129.579 6415.67 -159.52
6365.18 -128.278 6432.41 -175.141
6381.03 -125.674 6448.55 -155.615
6396 -91.8285 6463.52 -167.33
6412.44 -108.751 6480.55 -129.579
6428.89 -98.3372 6495.81 -136.088
6445.03 -116.562 6511.95 -169.934
6461.18 -81.4144 6527.81 -146.502
6477.32 -111.355 6543.95 -175.141
6492.88 -98.3372 6560.38 -175.141
6509.02 -137.39 6576.82 -202.478
6524.28 -160.822 6592.08 -189.46
6541.6 -110.053 6608.51 -166.029
6556.86 -116.562 6624.65 -188.158
6572.71 -126.976 6640.79 -182.951
6589.14 -86.6215 6656.93 -182.951
6605.28 -116.562 6673.36 -168.632
6621.13 -117.864 6688.61 -193.365
6636.97 -110.053 6704.75 -162.123
6653.41 -147.804 6721.18 -195.969
6669.84 -132.183 6737.32 -193.365
6685.09 -134.786 6752.57 -198.572
6700.64 -111.355 6768.41 -137.39
6717.95 -134.786 6785.43 -176.443
6733.21 -94.432 6800.68 -194.667
6749.05 -136.088 6816.52 -215.495
6765.18 -108.751 6832.94 -180.348
6781.61 -116.562 6849.07 -182.951
6797.45 -141.295 6864.32 -167.33
6814.46 -113.958 6880.16 -199.874
6830.3 -119.165 6897.17 -192.064
6845.26 -133.485 6913.59 -169.934
6861.98 -111.355 6929.43 -182.951
6877.52 -93.1302 6945.26 -180.348
6893.65 -99.639 6960.8 -167.33
6909.49 -120.467 6977.81 -164.727
6925.91 -115.26 6993.35 -124.372
6941.45 -123.071 7009.18 -182.951
6957.58 -112.657 7025.6 -173.839
6974.29 -120.467 7041.13 -181.65
6989.24 -86.6215 7057.55 -177.744
7005.95 -130.881 7073.67 -193.365
7022.37 -76.2074 7089.5 -189.46
7037.91 -106.148 7106.21 -159.52
7053.15 -106.148 7120.86 -172.537
7069.57 -128.278 7137.86 -159.52
7085.98 -107.45 7153.1 -147.804
7102.1 -128.278 7170.4 -164.727
7117.35 -125.674 7185.93 -190.762
7133.17 -116.562 7201.46 -186.857
7151.05 -107.45 7217.87 -189.46
7166 -89.225 7233.98 -167.33
7182.41 -125.674 7249.81 -158.218
7197.65 -98.3372 7265.92 -143.899
7214.35 -119.165 7281.45 -156.916
7230.47 -102.243 7298.74 -155.615
7246.29 -141.295 7313.68 -166.029
7262.41 -110.053 7330.08 -151.709
7277.64 -104.846 7345.32 -173.839
7293.76 -76.2074 7361.72 -163.425
7310.75 -117.864 7378.42 -176.443
7326.57 -99.639 7394.82 -179.046
7342.39 -136.088 7409.47 -166.029
7358.21 -125.674 7426.75 -146.502
7374.32 -130.881 7442.27 -143.899
7389.84 -111.355 7458.38 -162.123
7406.83 -115.26 7474.48 -172.537
7422.65 -90.5267 7490.3 -197.271
7438.17 -98.3372 7506.99 -162.123
7454.57 -91.8285 7522.51 -164.727
7469.8 -98.3372 7538.61 -175.141
7485.9 -98.3372 7554.42 -136.088
7502.01 -136.088 7569.94 -137.39
7517.82 -104.846 7586.63 -153.011
7533.93 -126.976 7603.03 -139.993
7550.03 -100.941 7617.96 -168.632
7567.6 -100.941 7634.93 -156.916
7583.12 -106.148 7650.45 -181.65
7597.76 -106.148 7666.55 -149.106
7613.86 -147.804 7682.94 -160.822
7630.54 -138.692 7698.45 -169.934
7645.77 -107.45 7714.55 -173.839
7662.16 -119.165 7731.82 -168.632
7679.43 -117.864 7746.16 -173.839
7694.06 -104.846 7762.26 -130.881
7709.87 -94.432 7779.23 -146.502
7726.84 -82.7162 7794.45 -154.313
7742.65 -146.502 7811.42 -132.183
7758.45 -84.0179 7826.93 -142.597
7774.26 -113.958 7843.02 -136.088
7790.64 -82.7162 7859.41 -175.141
7806.44 -97.0355 7875.5 -153.011
7822.54 -108.751 7891.3 -155.615
7838.34 -87.9232 7906.8 -129.579
7854.43 -99.639 7923.19 -143.899
7870.23 -128.278 7940.15 -116.562
7886.91 -130.881 7956.24 -129.579
7902.12 -116.562 7971.74 -145.2
7918.8 -123.071 7986.95 -147.804
7935.18 -100.941 8004.5 -164.727
7950.1 -74.9056 8019.42 -172.537
7966.48 -68.3969 8035.8 -188.158
7982.86 -116.562 8051.3 -158.218
7998.36 -119.165 8067.68 -133.485
8014.16 -112.657 8083.18 -134.786
8030.83 -138.692 8099.55 -121.769
8046.33 -110.053 8116.51 -134.786
8062.71 -111.355 8133.18 -133.485
8078.21 -107.45 8148.09 -195.969
8096.04 -97.0355 8163.88 -180.348
8110.37 -95.7337 8179.96 -134.786
8126.75 -142.597 8195.75 -141.295
8142.54 -141.295 8211.83 -154.313
8158.91 -120.467 8228.5 -139.993
8174.99 -128.278 8244.28 -156.916
8189.9 -103.544 8260.36 -137.39
8206.86 -99.639 8275.85 -130.881
8223.23 -117.864 8292.22 -128.278
8238.14 -119.165 8308.3 -149.106
8255.39 -99.639 8323.79 -156.916
8271.18 -130.881 8340.16 -151.709
8286.09 -139.993 8356.24 -132.183
8302.16 -130.881 8372.9 -166.029
8319.11 -121.769 8388.38 -159.52
8334.9 -95.7337 8404.17 -133.485
8351.27 -116.562 8420.24 -173.839
8366.76 -93.1302 8436.9 -145.2
8383.42 -84.0179 8452.68 -193.365
8398.32 -124.372 8469.33 -126.976
8414.69 -123.071 8484.53 -179.046
8431.34 -124.372 8500.89 -142.597
8446.25 -142.597 8517.25 -137.39
8463.49 -95.7337 8533.03 -154.313
8479.27 -113.958 8548.51 -137.39
8494.75 -89.225 8565.46 -128.278
8511.11 -99.639 8580.65 -141.295
8526.89 -85.3197 8596.72 -150.407
8542.96 -97.0355 8613.95 -176.443
8559.03 -69.6986 8630.02 -172.537
8574.81 -120.467 8645.21 -141.295
8591.17 -136.088 8660.4 -162.123
8607.23 -112.657 8677.34 -120.467
8622.42 -89.225 8693.41 -130.881
8638.78 -112.657 8709.18 -147.804
8655.73 -106.148 8725.53 -149.106
8671.21 -129.579 8741.02 -151.709
8686.98 -110.053 8757.08 -150.407
8703.34 -128.278 8772.85 -142.597
8718.82 -111.355 8789.2 -133.485
8735.47 -107.45 8805.56 -149.106
8751.24 -123.071 8821.33 -138.692
8767.3 -100.941 8837.09 -111.355
8783.36 -97.0355 8853.74 -129.579
8799.72 -93.1302 8870.39 -111.355
8815.19 -85.3197 8885.86 -150.407
8831.26 -98.3372 8902.5 -155.615
8847.32 -112.657 8917.69 -142.597
8863.38 -112.657 8934.04 -137.39
8878.56 -134.786 8949.51 -142.597
8895.5 -113.958 8966.15 -89.225
8911.55 -106.148 8982.21 -147.804
8927.32 -115.26 8998.85 -139.993
8943.09 -121.769 9013.45 -119.165
8959.14 -115.26 9030.38 -145.2
8974.62 -121.769 9046.44 -132.183
8991.85 -156.916 9062.2 -150.407
9006.73 -87.9232 9077.09 -130.881
9022.79 -108.751 9094.02 -125.674
9038.26 -102.243 9111.24 -126.976
9054.61 -121.769 9126.13 -103.544
9070.96 -98.3372 9142.18 -126.976
9086.72 -111.355 9158.53 -125.674
9103.07 -97.0355 9174.58 -138.692
9119.12 -126.976 9190.63 -156.916
9135.76 -80.1127 9205.81 -151.709
9150.35 -107.45 9222.73 -145.2
9167.28 -132.183 9238.2 -126.976
9183.63 -100.941 9254.55 -139.993
9199.68 -121.769 9271.18 -119.165
9214.85 -119.165 9285.77 -164.727
9231.2 -116.562 9302.7 -154.313
9248.13 -94.432 9319.04 -104.846
9263.3 -97.0355 9334.8 -184.253
9279.06 -106.148 9349.39 -160.822
9295.7 -111.355 9366.61 -153.011
9311.16 -97.0355 9382.66 -111.355
9327.21 -128.278 9399.29 -133.485
9343.26 -94.432 9415.34 -117.864
9359.89 -117.864 9431.39 -133.485
9375.65 -145.2 9447.43 -123.071
9391.7 -100.941 9463.19 -142.597
9406.58 -102.243 9478.65 -153.011
9422.63 -97.0355 9495.58 -164.727
9440.43 -98.3372 9511.62 -139.993
9455.6 -65.7934 9527.96 -111.355
9471.65 -123.071 9543.13 -124.372
9487.11 -138.692 9558.89 -139.993
9502.87 -113.958 9575.52 -162.123
9519.5 -97.0355 9591.27 -156.916
9535.84 -98.3372 9607.9 -139.993
9551.88 -95.7337 9623.36 -154.313
9567.35 -97.0355 9639.7 -132.183
9582.52 -106.148 9655.74 -145.2
9598.86 -119.165 9671.2 -119.165
9615.48 -106.148 9687.83 -147.804
9631.53 -119.165 9704.17 -155.615
9647.87 -133.485 9719.92 -186.857
9664.5 -134.786 9735.67 -125.674
9678.79 -106.148 9752.3 -159.52
9695.13 -64.4916 9767.18 -155.615
9711.75 -91.8285 9784.1 -107.45
9727.8 -104.846 9800.72 -115.26
9743.26 -94.432 9815.6 -156.916
9759.3 -130.881 9831.35 -142.597
9776.51 -124.372 9847.98 -158.218
9791.97 -82.7162 9863.73 -123.071
9808.02 -132.183 9880.35 -123.071
9823.48 -113.958 9896.1 -143.899
9839.23 -120.467 9912.73 -172.537
9854.68 -81.4144 9928.77 -123.071
9871.02 -77.5092 9943.94 -128.278
9887.64 -84.0179 9960.57 -128.278
9903.1 -137.39 9976.02 -132.183
9919.44 -137.39 9991.77 -149.106
9935.19 -111.355 10009.6 -159.52
9951.81 -137.39 10024.7 -130.881
9967.86 -110.053 10041.6 -172.537
9984.19 -99.639 10056.8 -123.071
9999.36 -120.467 10071.4 -133.485
10015.1 -81.4144 10088 -126.976
10031.4 -87.9232 10104.9 -132.183
10047.8 -123.071 10121.3 -167.33
10062.9 -106.148 10137.3 -143.899
10080.4 -145.2 10152.2 -124.372
10096.5 -89.225 10169.4 -158.218
10111.4 -164.727 10184.5 -125.674
10126.8 -95.7337 10200.9 -138.692
10143.7 -112.657 10215.5 -110.053
10160.6 -106.148 10232.7 -112.657
10175.8 -97.0355 10249.9 -142.597
10191.3 -85.3197 10265.3 -168.632
10207.6 -99.639 10280.8 -151.709
10223.3 -116.562 10298.3 -116.562
10240.6 -98.3372 10312.6 -120.467
10256.6 -120.467 10329.8 -97.0355
10271.5 -103.544 10344.1 -98.3372
10288.4 -111.355 10360.7 -153.011
10303.3 -67.0951 10378.2 -179.046
10319 -76.2074 10393.1 -137.39
10336.5 -100.941 10409.7 -166.029
10350.8 -119.165 10426 -112.657
10367.7 -107.45 10442.1 -129.579
10383.8 -80.1127 10457.8 -98.3372
10400.1 -95.7337 10473.6 -121.769
10415.3 -104.846 10489.6 -126.976
10431.6 -99.639 10505.4 -153.011
10447.9 -124.372 10521.7 -158.218
10463.4 -91.8285 10538 -155.615
10480 -103.544 10553.5 -119.165
10496.6 -136.088 10569.5 -128.278
10511.8 -67.0951 10585.3 -120.467
10527.5 -99.639 10601.3 -119.165
10543.6 -82.7162 10618.5 -132.183
10559.6 -93.1302 10634.3 -163.425
10575.6 -80.1127 10650 -167.33
10592 -94.432 10666.4 -139.993
10607.4 -115.26 10682.4 -143.899
10624.1 -117.864 10698.1 -139.993
10638.9 -129.579 10714.5 -125.674
10657 -106.148 10730.5 -129.579
10672.2 -112.657 10746.6 -142.597
10687.6 -128.278 10762.3 -125.674
10704 -108.751 10777.2 -137.39
10720 -115.26 10794.4 -143.899
10735.8 -108.751 10810.1 -163.425
10751.8 -123.071 10827.1 -146.502
10767.3 -129.579 10843.4 -151.709
10783.3 -94.432 10858.3 -151.709
10799.1 -117.864 10874.3 -129.579
10816.3 -117.864 10890.1 -158.218
10832 -100.941 10907 -169.934
10847.8 -103.544 10922.4 -142.597
10862.9 -85.3197 10938.5 -160.822
10879.3 -111.355 10954.8 -137.39
10896.5 -139.993 10970.3 -145.2
10911.7 -116.562 10986.6 -139.993
10928.3 -115.26 11003.5 -134.786
10945.2 -102.243 11019.3 -100.941
10959.5 -94.432 11035.3 -166.029
10975.8 -91.8285 11051.1 -141.295
10991.3 -103.544 11067.4 -112.657
11007.6 -107.45 11082.9 -115.26
11024 -115.26 11100.4 -119.165
11039.4 -132.183 11114.7 -146.502
11056.3 -91.8285 11131.3 -138.692
11071.5 -93.1302 11147.6 -107.45
11089 -80.1127 11163.4 -137.39
11105.1 -115.26 11179.4 -138.692
11119.9 -90.5267 11195.5 -139.993
11135.7 -98.3372 11211.8 -163.425
11151.7 -84.0179 11227.9 -149.106
11168.7 -98.3372 11244.2 -102.243
11184.1 -116.562 11259.7 -124.372
11200.5 -81.4144 11274.6 -120.467
11214.8 -93.1302 11290.9 -136.088
11231.7 -104.846 11308.1 -132.183
11248.3 -119.165 11323.3 -138.692
11262.9 -117.864 11340.8 -153.011
11280.1 -107.45 11356.3 -154.313
11295.9 -107.45 11371.7 -172.537
11312.8 -84.0179 11387.8 -167.33
11327.4 -103.544 11403 -181.65
11343.7 -99.639 11420.2 -179.046
11360.4 -112.657 11436.8 -184.253
11376.4 -104.846 11452 -203.779
11391.3 -120.467 11468.3 -216.797
11407.6 -93.1302 11484.4 -214.194
11424.3 -61.8881 11500.4 -192.064
11441.2 -78.8109 11517.1 -192.064
11455.2 -76.2074 11531.7 -197.271
11471.5 -104.846 11548.3 -169.934
11487.6 -95.7337 11564.9 -185.555
11503.6 -78.8109 11580.1 -184.253
11519.7 -115.26 11596.4 -205.081
11535.7 -99.639 11612.5 -192.064
11552.4 -107.45 11628.8 -202.478
11567.3 -110.053 11645.2 -182.951
11583.3 -111.355 11660.4 -176.443
11599.9 -143.899 11676.7 -158.218
11616.3 -78.8109 11691.6 -158.218
11632.6 -94.432 11709.7 -188.158
11647.8 -85.3197 11725.2 -206.383
11664.5 -136.088 11740.3 -244.134
11679.9 -103.544 11757.6 -202.478
11696 -104.846 11773.9 -212.892
11712.3 -119.165 11790 -222.004
11726.9 -124.372 11806 -222.004
11744.1 -126.976 11821.8 -203.779
11760.2 -110.053 11838.2 -193.365
11776 -93.1302 11854.2 -225.909
11792.3 -103.544 11870 -288.394
11808.9 -99.639 11885.5 -285.79
11823.8 -147.804 11901.8 -289.695
11840.2 -97.0355 11916.7 -276.678
11855.7 -121.769 11933.3 -275.376
11872.6 -123.071 11950 -249.341
11888.4 -80.1127 11965.8 -276.678
11903.3 -108.751 11981.5 -293.601
11919.6 -81.4144 11997.9 -301.411
11935.7 -126.976 12013.4 -280.583
11953.5 -81.4144 12030.3 -293.601
11968.4 -113.958 12046 -275.376
11984.7 -120.467 12062.1 -229.815
11999.3 -126.976 12077.3 -205.081
12016.3 -104.846 12094.5 -264.962
12031.7 -104.846 12109.7 -274.074
12048.7 -103.544 12125.5 -277.98
12063.9 -89.225 12142.7 -283.187
12079.4 -52.7758 12157.6 -284.488
12095.7 -100.941 12174 -296.204
12112.3 -93.1302 12190 -268.867
12128.4 -120.467 12206.7 -211.59
12143.6 -100.941 12222.8 -253.246
12160.5 -113.958 12238.2 -208.986
12176 -119.165 12254.9 -212.892
12192.1 -89.225 12270.4 -254.548
12207.9 -67.0951 12286.7 -257.151
12223.9 -86.6215 12302.8 -277.98
12240.3 -110.053 12318.9 -261.057
12256.1 -86.6215 12335.5 -255.85
12271.3 -84.0179 12350.7 -195.969
12287.9 -124.372 12366.8 -197.271
12304.9 -103.544 12382.6 -222.004
12319.8 -132.183 12398.9 -215.495
12336.4 -134.786 12415.9 -263.66
12351.6 -93.1302 12430.8 -257.151
12368.6 -69.6986 12447.4 -263.66
12383.7 -76.2074 12463.2 -222.004
12400.4 -116.562 12479.6 -182.951
12415.6 -71.0004 12495.4 -189.46
12432 -77.5092 12511.2 -186.857
12448 -100.941 12527.5 -169.934
12464.1 -112.657 12544.2 -205.081
12480.5 -68.3969 12560 -244.134
12496.2 -68.3969 12575.2 -240.229
12511.4 -57.9828 12591.8 -192.064
12527.8 -56.6811 12607.6 -181.65
12544.2 -61.8881 12624.3 -171.236
12560.5 -93.1302 12639.8 -159.52
12575.7 -82.7162 12656.1 -129.579
12592.4 -99.639 12671.6 -154.313
12607.9 -80.1127 12688.3 -186.857
12623.1 -56.6811 12703.8 -202.478
12640 -0.70557 12719.8 -189.46
12656.4 -16.3266 12736.2 -205.081
12671.9 8.40672 12752.3 -198.572
12687.4 -17.6284 12768.7 -171.236
12704.7 -52.7758 12784.2 -181.65
12719.6 -24.1372 12800.5 -206.383
12736.5 -69.6986 12816.9 -186.857
12752 -61.8881 12832.4 -177.744
12769.3 20.1225 12848.2 -202.478
12785 17.519 12864 -168.632
12799.7 29.2348 12880.1 -147.804
12815.8 47.4594 12897.6 -142.597
12832.7 22.726 12912.8 -155.615
12848.2 20.1225 12930.1 -128.278
12863.4 13.6137 12945.3 -139.993
12879.8 8.40672 12961.1 -180.348
12895.3 31.8383 12976.6 -173.839
12911.9 53.9682 12993 -159.52
12928 87.8138 13009.1 -147.804
12945 145.091 13026 -106.148
12959.3 115.151 13041.5 -132.183
12977.2 68.2875 13057.6 -124.372
12991.8 83.9085 13073.7 -138.692
13008.8 100.831 13088.9 -171.236
13023.4 68.2875 13105.9 -215.495
13039.8 74.7963 13122.3 -201.176
13056.4 148.996 13137.8 -179.046
13071.6 158.109 13153.3 -137.39
13087.7 158.109 13170.2 -110.053
13104.1 182.842 13185.4 -125.674
13119.9 139.884 13201.5 -116.562
13136 154.203 13217.9 -129.579
13151.8 141.186 13234.6 -159.52
13169.1 173.73 13250.4 -112.657
13184 214.084 13266.5 -98.3372
13200.1 206.274 13282.9 -98.3372
13215.6 251.835 13298.4 -71.0004
13231.7 229.705 13314.5 -51.474
13248.6 220.593 13329.4 -65.7934
13263.9 227.102 13346.7 -106.148
13279.1 240.119 13362.8 -67.0951
13296.6 259.646 13378.3 -74.9056
13312.1 289.586 13394.4 -57.9828
13327.6 296.095 13410.7 -9.81786
13344.3 323.432 13426.8 34.4418
13359.8 331.242 13442.9 5.80321
13375.3 314.319 13459 13.6137
13392.3 327.337 13475.1 -15.0249
13408.4 331.242 13491.8 1.89794
13423.6 327.337 13506.7 -5.91259
13440.6 337.751 13523.7 8.40672
13455.2 350.768 13539.2 64.3822
13472.2 405.442 13555.3 63.0805
13488.3 396.33 13571.7 61.7787
13503.8 374.2 13587.8 95.6243
13519.9 368.993 13603.9 73.4945
13536.3 374.2 13620 29.2348
13552.1 389.821 13636.1 42.2524
13567.9 398.933 13651.3 47.4594
13584 410.649 13668.9 82.6068
13599.5 424.969 13683.3 70.891
13615.6 461.418 13700.2 121.659
13632.6 444.495 13716.6 146.393
13648.7 439.288 13733 148.996
13663.9 405.442 13748.8 135.979
13680.3 424.969 13764.1 148.996
13695.8 460.116 13781 125.565
13712.2 508.281 13797.1 169.824
13727.8 561.653 13812.4 165.919
13743.3 561.653 13829.4 231.007
13759.7 531.712 13844.3 240.119
13776.4 527.807 13861.3 270.06
13791.9 513.488 13877.1 297.397
13807.1 488.755 13894.1 276.568
13824.4 512.186 13909.3 268.758
13840.2 546.032 13925.7 260.947
13855.7 603.309 13942.4 293.491
13872.7 625.439 13959.4 358.579
13887.3 655.379 13976.1 372.898
13904 603.309 13992.5 427.572
13919.5 573.369 13999.8 437.986
13937.1 581.179 13984.5 428.874
13951.4 500.47 13968.1 471.832
