6016.85 -20.2319 6030.66 -95.7337
6004.51 -78.8109 6046.82 -102.243
6000.69 -54.0776 6064.15 -67.0951
6011.27 -57.9828 6080.01 -95.7337
6026.84 -94.432 6095.29 -124.372
6043.29 -73.6039 6111.74 -121.769
6058.86 -30.646 6127.6 -82.7162
6075.31 -38.4565 6143.46 -94.432
6091.47 -46.267 6159.62 -116.562
6107.92 -76.2074 6174.6 -123.071
6124.37 -54.0776 6191.63 -99.639
6140.23 -77.5092 6206.9 -169.934
6155.5 -73.6039 6224.23 -87.9232
6171.66 -67.0951 6240.09 -110.053
6188.11 -54.0776 6255.36 -106.148
6204.85 -63.1898 6272.1 -129.579
6220.12 -35.853 6286.78 -87.9232
6235.68 -57.9828 6304.1 -108.751
6252.13 -57.9828 6319.67 -132.183
6268.28 -69.6986 6336.4 -117.864
6285.31 -69.6986 6353.14 -86.6215
6300.58 -72.3021 6367.53 -97.0355
6316.73 -72.3021 6383.67 -59.2846
6332.29 -25.4389 6399.82 -108.751
6348.73 -24.1372 6415.97 -86.6215
6365.47 -72.3021 6432.11 -123.071
6381.33 -43.6635 6448.26 -93.1302
6396.59 -84.0179 6464.11 -102.243
6413.03 -73.6039 6480.84 -115.26
6429.18 -72.3021 6495.81 -128.278
6444.74 -61.8881 6510.78 -123.071
6460.88 -60.5863 6528.69 -102.243
6476.44 -74.9056 6543.95 -98.3372
6492 -35.853 6560.38 -102.243
6509.02 -59.2846 6576.23 -112.657
6524.28 -68.3969 6591.78 -115.26
6541.89 -97.0355 6608.51 -125.674
6556.57 -59.2846 6624.06 -98.3372
6573.3 -72.3021 6640.79 -120.467
6589.14 -65.7934 6656.63 -69.6986
6604.99 -68.3969 6671.89 -111.355
6621.13 -97.0355 6688.32 -98.3372
6637.56 -43.6635 6704.75 -93.1302
6653.7 -31.9477 6720.3 -97.0355
6670.13 -65.7934 6736.73 -86.6215
6684.8 -77.5092 6753.45 -136.088
6700.94 -54.0776 6768.12 -102.243
6717.66 -69.6986 6784.84 -125.674
6733.8 -41.06 6801.27 -106.148
6749.05 -34.5512 6817.4 -102.243
6765.48 -56.6811 6832.94 -93.1302
6781.02 -65.7934 6849.37 -72.3021
6797.16 -50.1723 6865.2 -78.8109
6813.58 -48.8705 6880.45 -87.9232
6829.72 -50.1723 6897.46 -106.148
6845.55 -37.1547 6912.71 -125.674
6861.39 -80.1127 6929.13 -98.3372
6877.52 -52.7758 6944.97 -117.864
6893.36 -59.2846 6961.68 -124.372
6909.49 -61.8881 6976.93 -112.657
6925.61 -35.853 6993.35 -104.846
6942.03 -67.0951 7009.18 -136.088
6957.58 -63.1898 7025.01 -124.372
6973.7 -87.9232 7041.13 -116.562
6989.83 -39.7582 7056.96 -78.8109
7006.83 -51.474 7073.97 -129.579
7021.78 -35.853 7090.09 -85.3197
7037.91 -74.9056 7105.33 -108.751
7052.86 -63.1898 7122.04 -113.958
7070.15 -56.6811 7136.4 -120.467
7085.4 -63.1898 7153.98 -120.467
7101.52 -80.1127 7170.1 -128.278
7118.23 -81.4144 7185.93 -102.243
7133.47 -78.8109 7202.05 -129.579
7151.05 -42.3617 7217.87 -97.0355
7165.12 -85.3197 7233.69 -87.9232
7181.82 -71.0004 7249.51 -90.5267
7198.53 -56.6811 7266.51 -86.6215
7213.47 -55.3793 7281.74 -116.562
7229.59 -54.0776 7297.56 -90.5267
7246.58 -63.1898 7314.56 -87.9232
7262.41 -87.9232 7329.5 -154.313
7277.35 -46.267 7345.9 -121.769
7294.05 -59.2846 7362.02 -108.751
7310.16 -81.4144 7377.83 -95.7337
7325.98 -30.646 7394.24 -76.2074
7342.39 -42.3617 7409.76 -120.467
7357.33 -51.474 7426.45 -116.562
7374.02 -54.0776 7443.44 -128.278
7390.14 -59.2846 7458.67 -124.372
7406.54 -7.21435 7474.19 -119.165
7422.35 -63.1898 7490.59 -126.976
7438.75 -63.1898 7506.4 -84.0179
7454.28 -43.6635 7523.39 -129.579
7470.97 -67.0951 7538.03 -121.769
7486.78 -44.9653 7554.42 -115.26
7502.01 -52.7758 7570.53 -110.053
7518.12 -50.1723 7586.34 -98.3372
7533.93 -44.9653 7603.32 -93.1302
7550.62 -76.2074 7618.25 -117.864
7567.31 -37.1547 7635.23 -100.941
7581.65 -43.6635 7651.04 -116.562
7598.34 -67.0951 7666.26 -156.916
7614.44 -73.6039 7682.36 -115.26
7630.25 -59.2846 7699.04 -171.236
7647.23 -55.3793 7714.26 -128.278
7662.16 -80.1127 7730.65 -90.5267
7678.84 -64.4916 7747.63 -124.372
7694.65 -63.1898 7762.84 -93.1302
7710.75 -29.3442 7779.23 -116.562
7726.26 -44.9653 7794.74 -84.0179
7743.23 -56.6811 7811.71 -111.355
7759.62 -34.5512 7828.1 -100.941
7774.26 -69.6986 7843.31 -132.183
7790.64 -93.1302 7858.82 -89.225
7806.44 -67.0951 7875.5 -137.39
7822.25 -85.3197 7891 -110.053
7838.34 -69.6986 7907.1 -123.071
7854.43 -39.7582 7924.65 -115.26
7870.82 -74.9056 7938.98 -120.467
7886.62 -65.7934 7955.95 -82.7162
7902.71 -82.7162 7970.87 -132.183
7919.09 -85.3197 7987.54 -112.657
7934.3 -82.7162 8003.33 -104.846
7951.27 -77.5092 8019.71 -90.5267
7966.48 -77.5092 8035.8 -94.432
7983.15 -55.3793 8051.59 -93.1302
7998.65 -73.6039 8067.97 -128.278
8014.74 -84.0179 8082.88 -117.864
8030.83 -43.6635 8100.43 -138.692
8046.62 -82.7162 8116.22 -137.39
8062.71 -98.3372 8132.31 -119.165
8079.08 -106.148 8148.39 -136.088
8096.04 -87.9232 8163.88 -113.958
8110.08 -72.3021 8179.96 -72.3021
8127.63 -59.2846 8196.34 -104.846
8142.54 -78.8109 8212.12 -125.674
8159.2 -111.355 8228.2 -95.7337
8174.12 -55.3793 8243.99 -104.846
8191.37 -60.5863 8260.65 -115.26
8206.57 -69.6986 8275.85 -128.278
8222.65 -73.6039 8291.64 -136.088
8238.44 -82.7162 8308.3 -126.976
8255.39 -85.3197 8324.08 -164.727
8271.18 -76.2074 8340.16 -113.958
8286.09 -61.8881 8356.53 -102.243
8302.16 -63.1898 8373.19 -112.657
8319.11 -59.2846 8388.67 -130.881
8334.31 -117.864 8404.75 -112.657
8350.68 -77.5092 8420.82 -132.183
8367.05 -68.3969 8437.48 -141.295
8383.42 -76.2074 8452.68 -133.485
8398.9 -90.5267 8468.75 -126.976
8415.27 -77.5092 8484.82 -112.657
8430.76 -64.4916 8499.72 -129.579
8445.95 -68.3969 8516.37 -115.26
8463.2 -67.0951 8533.32 -106.148
8479.27 -80.1127 8549.39 -119.165
8494.75 -82.7162 8564.29 -155.615
8511.11 -78.8109 8580.65 -123.071
8527.77 -57.9828 8596.72 -133.485
8542.96 -84.0179 8613.37 -115.26
8558.15 -41.06 8629.73 -111.355
8575.1 -28.0424 8645.8 -115.26
8590.87 -68.3969 8660.11 -133.485
8607.82 -61.8881 8677.05 -137.39
8623.59 -52.7758 8693.7 -134.786
8638.78 -71.0004 8708.3 -111.355
8656.02 -82.7162 8725.83 -134.786
8670.92 -56.6811 8741.6 -106.148
8686.98 -85.3197 8757.66 -100.941
8702.46 -54.0776 8773.14 -91.8285
8719.11 -78.8109 8789.79 -112.657
8734.59 -37.1547 8805.27 -107.45
8751.53 -55.3793 8821.62 -94.432
8767.01 -73.6039 8837.09 -106.148
8783.65 -80.1127 8854.03 -97.0355
8799.42 -69.6986 8869.8 -121.769
8815.78 -63.1898 8885.86 -129.579
8831.55 -91.8285 8901.63 -89.225
8847.32 -61.8881 8918.56 -90.5267
8863.96 -77.5092 8934.33 -112.657
8879.14 -47.5688 8948.93 -113.958
8894.91 -82.7162 8965.86 -102.243
8911.55 -68.3969 8982.5 -120.467
8927.03 -48.8705 8997.68 -99.639
8943.67 -68.3969 9013.74 -119.165
8958.56 -44.9653 9030.09 -71.0004
8974.33 -56.6811 9046.73 -129.579
8991.55 -73.6039 9062.49 -119.165
9007.61 -30.646 9077.67 -93.1302
9023.66 -47.5688 9094.31 -103.544
9039.72 -51.474 9109.78 -112.657
9054.61 -55.3793 9126.71 -90.5267
9070.67 -42.3617 9142.18 -106.148
9087.6 -63.1898 9158.23 -130.881
9103.65 -48.8705 9174.29 -119.165
9118.83 -95.7337 9190.34 -113.958
9135.17 -80.1127 9206.39 -86.6215
9151.52 -42.3617 9222.15 -89.225
9167.57 -67.0951 9238.2 -103.544
9183.63 -57.9828 9254.26 -85.3197
9199.97 -61.8881 9270.6 -117.864
9215.73 -54.0776 9286.36 -99.639
9231.2 -38.4565 9302.12 -87.9232
9246.96 -18.9302 9319.33 -72.3021
9263.01 -56.6811 9335.09 -94.432
9279.64 -82.7162 9350.56 -91.8285
9296.28 -78.8109 9367.48 -98.3372
9311.75 -55.3793 9382.36 -116.562
9327.8 -48.8705 9399 -95.7337
9343.84 -61.8881 9415.63 -86.6215
9359.6 -73.6039 9430.8 -94.432
9375.65 -34.5512 9447.43 -102.243
9391.41 -37.1547 9462.31 -113.958
9407.46 -64.4916 9479.53 -93.1302
9423.22 -73.6039 9494.12 -110.053
9440.14 -56.6811 9511.04 -134.786
9455.31 -77.5092 9527.09 -106.148
9471.07 -39.7582 9543.72 -117.864
9487.11 -73.6039 9559.76 -107.45
9502.87 -86.6215 9574.93 -153.011
9518.92 -51.474 9590.98 -87.9232
9534.96 -30.646 9607.32 -104.846
9552.18 -65.7934 9623.65 -129.579
9567.64 -78.8109 9639.7 -68.3969
9583.1 -64.4916 9656.33 -99.639
9598.86 -41.06 9671.5 -89.225
9614.9 -47.5688 9687.83 -90.5267
9632.11 -61.8881 9703.29 -95.7337
9646.7 -30.646 9720.21 -107.45
9663.04 -68.3969 9735.97 -112.657
9679.66 -77.5092 9752.01 -130.881
9696 -39.7582 9768.05 -110.053
9711.17 -55.3793 9783.8 -82.7162
9727.8 -50.1723 9800.14 -119.165
9742.68 -39.7582 9816.18 -116.562
9759.3 -37.1547 9831.93 -73.6039
9775.34 -67.0951 9848.27 -138.692
9791.97 -48.8705 9864.6 -103.544
9807.72 -57.9828 9880.06 -142.597
9823.77 -95.7337 9896.4 -121.769
9839.81 -81.4144 9912.73 -126.976
9855.27 -74.9056 9928.48 -85.3197
9871.02 -33.2495 9945.4 -111.355
9888.23 -80.1127 9960.27 -103.544
9903.4 -56.6811 9976.02 -93.1302
9919.73 -89.225 9992.36 -103.544
9935.19 -76.2074 10008.7 -86.6215
9952.4 -82.7162 10024.1 -112.657
9967.86 -61.8881 10040.5 -115.26
9983.31 -44.9653 10057.1 -102.243
9999.07 -56.6811 10071.7 -102.243
10014.8 -69.6986 10088.6 -123.071
10031.1 -82.7162 10104.4 -110.053
10048.3 -29.3442 10120.4 -100.941
10063.5 -52.7758 10136.1 -115.26
10079.9 -99.639 10152.8 -107.45
10095 -52.7758 10168.2 -90.5267
10111.9 -41.06 10184.5 -132.183
10127.4 -56.6811 10200.6 -95.7337
10143.1 -50.1723 10217.5 -98.3372
10159.8 -48.8705 10232.4 -100.941
10175.5 -52.7758 10249.6 -90.5267
10191.3 -60.5863 10265.6 -111.355
10207.3 -87.9232 10280.8 -113.958
10223.9 -87.9232 10296.8 -95.7337
10240 -61.8881 10313.5 -106.148
10256 -65.7934 10329.2 -132.183
10271.8 -76.2074 10345 -85.3197
10286.9 -69.6986 10361.6 -89.225
10303.5 -50.1723 10377.6 -91.8285
10319.6 -50.1723 10393.7 -104.846
10336.5 -65.7934 10409.1 -71.0004
10351.1 -65.7934 10425.4 -113.958
10367.7 -67.0951 10441.5 -120.467
10383.2 -90.5267 10457.5 -81.4144
10399.2 -52.7758 10473.6 -100.941
10415.5 -25.4389 10489.9 -113.958
10431.6 -67.0951 10505.4 -89.225
10447.9 -50.1723 10521.4 -113.958
10463.4 -80.1127 10537.2 -130.881
10480 -57.9828 10554.6 -116.562
10496 -57.9828 10570.1 -98.3372
10512.4 -51.474 10586.7 -115.26
10527.5 -55.3793 10602.2 -81.4144
10543.9 -54.0776 10618.2 -93.1302
10559 -37.1547 10634 -77.5092
10575.9 -64.4916 10650.6 -78.8109
10592 -56.6811 10666.9 -95.7337
10607.4 -93.1302 10681.8 -103.544
10622.9 -64.4916 10697.3 -97.0355
10639.2 -68.3969 10714.2 -116.562
10656.4 -68.3969 10730.5 -123.071
10672.2 -85.3197 10746.9 -104.846
10687.4 -34.5512 10762.3 -125.674
10703.4 -35.853 10778.9 -73.6039
10720.6 -67.0951 10793.8 -97.0355
10736.4 -56.6811 10809.9 -139.993
10752.1 -78.8109 10826.8 -102.243
10768.4 -56.6811 10842.5 -153.011
10782.4 -54.0776 10859.1 -86.6215
10799.4 -51.474 10875.5 -112.657
10815.4 -57.9828 10890.4 -111.355
10832.3 -94.432 10907 -111.355
10847.8 -35.853 10923.6 -91.8285
10864.4 -50.1723 10939.4 -125.674
10879.3 -57.9828 10954.8 -110.053
10896.2 -57.9828 10971.2 -111.355
10911.9 -73.6039 10987.2 -133.485
10927.7 -82.7162 11002.7 -99.639
10944 -71.0004 11019.9 -85.3197
10959.8 -38.4565 11034.5 -73.6039
10976.1 -47.5688 11052.3 -80.1127
10992.5 -5.91259 11067.7 -99.639
11008.8 -37.1547 11082.9 -113.958
11023.1 -43.6635 11099.2 -93.1302
11040 -65.7934 11115 -84.0179
11055.8 -60.5863 11131.3 -107.45
11072.1 -82.7162 11147.9 -81.4144
11087.9 -55.3793 11164 -93.1302
11104.2 -71.0004 11179.4 -87.9232
11119.4 -25.4389 11195.5 -91.8285
11135.4 -63.1898 11211.3 -104.846
11151.7 -47.5688 11227.3 -97.0355
11168.1 -55.3793 11243.9 -99.639
11183.8 -48.8705 11260.6 -104.846
11200.8 -86.6215 11275.7 -123.071
11215.3 -42.3617 11291.8 -108.751
11231.1 -33.2495 11308.1 -112.657
11247.7 -31.9477 11323.3 -121.769
11264.4 -48.8705 11340.5 -129.579
11280.4 -16.3266 11356 -124.372
11296.2 -72.3021 11372 -100.941
11311.6 -42.3617 11388.1 -124.372
11327.7 -55.3793 11404.7 -133.485
11344.3 -69.6986 11419.6 -106.148
11359.2 -69.6986 11436.5 -120.467
11376.4 -47.5688 11452 -119.165
11391.9 -21.5337 11468 -117.864
11408.2 -37.1547 11483.8 -106.148
11424 -41.06 11500.4 -107.45
11440 -51.474 11516.2 -120.467
11456.6 -47.5688 11533.1 -129.579
11471.5 -71.0004 11549.5 -104.846
11487.3 -54.0776 11565.5 -129.579
11503.9 -56.6811 11581 -87.9232
11520 -76.2074 11596.4 -78.8109
11536.9 -59.2846 11612.5 -97.0355
11552.4 -34.5512 11629.4 -90.5267
11568.4 -60.5863 11645.2 -133.485
11584.5 -48.8705 11660.9 -116.562
11600.2 -91.8285 11676.7 -115.26
11615.7 -64.4916 11692.5 -124.372
11632 -39.7582 11708.8 -119.165
11648.1 -80.1127 11725.2 -90.5267
11663.9 -60.5863 11741.5 -43.6635
11679.9 -51.474 11757.3 -78.8109
11696.3 -61.8881 11773.6 -145.2
11712.3 -41.06 11789.7 -139.993
11728.4 -86.6215 11804.6 -132.183
11744.1 -80.1127 11821.5 -158.218
11760.2 -47.5688 11837.3 -147.804
11775.7 -71.0004 11853 -133.485
11792.6 -61.8881 11869.1 -93.1302
11808.1 -35.853 11886 -137.39
11823.5 -34.5512 11901.5 -120.467
11840.2 -48.8705 11917.9 -123.071
11855.7 -37.1547 11933.3 -138.692
11872 -63.1898 11950.9 -139.993
11887.8 -72.3021 11966.3 -110.053
11903.5 -82.7162 11981.2 -123.071
11920.5 -72.3021 11997.6 -128.278
11936 -95.7337 12013.4 -167.33
11952.6 -99.639 12030.3 -146.502
11968.4 -44.9653 12046 -125.674
11983.6 -77.5092 12062.4 -168.632
11999.3 -73.6039 12078.2 -162.123
12016.6 -82.7162 12094.5 -137.39
12031.4 -85.3197 12110.3 -195.969
12048.4 -95.7337 12127.3 -231.116
12064.5 -51.474 12142.1 -219.401
12079.9 -93.1302 12158.2 -206.383
12095.7 -71.0004 12174.9 -206.383
12112.3 -65.7934 12190 -212.892
12128.1 -37.1547 12206.7 -223.306
12143.9 -72.3021 12223.1 -255.85
12160.3 -64.4916 12238.5 -257.151
12176.3 -132.183 12254.6 -237.625
12191.5 -65.7934 12271 -244.134
12208.4 -98.3372 12286.5 -189.46
12223.3 -22.8354 12302.5 -210.288
12239.7 -52.7758 12318.9 -271.471
12255.5 -74.9056 12335.5 -255.85
12272.1 -42.3617 12351 -244.134
12288.5 -65.7934 12366.8 -296.204
12304 -15.0249 12383.5 -245.436
12320 -37.1547 12398.9 -250.643
12336.4 -31.9477 12415.3 -254.548
12352.2 -63.1898 12431.1 -218.099
12367.7 -63.1898 12447.4 -192.064
12384.3 -43.6635 12463.2 -212.892
12400.7 -64.4916 12479.3 -257.151
12416.2 -7.21435 12495.7 -223.306
12432.5 -31.9477 12510.6 -241.53
12448.9 -12.4214 12527.5 -264.962
12464.4 -44.9653 12543.6 -257.151
12480.5 -46.267 12560.3 -225.909
12496.2 -28.0424 12576 -231.116
12512.3 -8.5161 12591.2 -214.194
12527.2 3.1997 12608.8 -199.874
12544.8 -20.2319 12623.7 -203.779
12560.3 -37.1547 12640.6 -253.246
12576.9 4.50145 12656.7 -223.306
12592.7 -4.61084 12672.2 -206.383
12608.2 16.2173 12687.4 -210.288
12624.3 34.4418 12703.8 -219.401
12639.8 30.5366 12720.4 -189.46
12655.8 -2.00733 12736.2 -182.951
12671.9 16.2173 12752.3 -184.253
12688 34.4418 12768.4 -202.478
12703.5 29.2348 12784.8 -180.348
12721.3 53.9682 12800.5 -194.667
12736.2 44.8559 12816.6 -180.348
12752.6 91.7191 12833.9 -149.106
12768.4 81.305 12847.9 -154.313
12784.5 44.8559 12864.6 -205.081
12800.3 77.3998 12880.7 -168.632
12816 33.1401 12896.4 -180.348
12832.4 63.0805 12912.8 -137.39
12847.9 95.6243 12929.2 -193.365
12863.4 117.754 12944.7 -171.236
12879.8 133.375 12961.1 -146.502
12896.2 146.393 12977.2 -186.857
12911.9 167.221 12993.6 -149.106
12927.7 176.333 13010.2 -145.2
12944.7 194.558 13025.7 -108.751
12959.6 182.842 13041.5 -116.562
12975.4 129.47 13057.6 -139.993
12991.5 142.488 13072.5 -155.615
13007.6 159.41 13090.1 -150.407
13024.5 167.221 13105.6 -173.839
13040.1 219.291 13122 -136.088
13057 227.102 13137.5 -137.39
13071.9 219.291 13153.5 -132.183
13087.7 227.102 13169.9 -120.467
13103.2 212.782 13186 -154.313
13120.2 198.463 13201.5 -121.769
13136 191.954 13217.6 -145.2
13152.1 221.895 13234 -86.6215
13167.6 245.326 13250.1 -102.243
13184.6 294.793 13266.8 -93.1302
13200.4 285.681 13282.6 -117.864
13216.5 268.758 13298.7 -142.597
13232.3 258.344 13314.5 -139.993
13248 241.421 13330 -143.899
13264.1 234.912 13347.5 -107.45
13279.6 266.154 13363 -61.8881
13296.6 277.87 13378.9 -72.3021
13312.7 309.112 13394.6 -108.751
13328.5 349.467 13410.2 -94.432
13344.6 342.958 13426.8 -125.674
13359.8 350.768 13443.5 -90.5267
13375.9 372.898 13459 -59.2846
13391.4 327.337 13475.1 -68.3969
13409 311.716 13491.5 -47.5688
13423.6 339.053 13508.2 -26.7407
13439.7 353.372 13523.1 -2.00733
13456.4 366.39 13539.8 -15.0249
13472.2 397.632 13556.2 3.1997
13488.3 439.288 13571.7 34.4418
13504.1 445.797 13588.4 51.3647
13519.6 423.667 13603.6 52.6664
13536.9 486.151 13619.1 78.7015
13553 421.063 13636.1 111.245
13567.6 462.719 13652.2 111.245
13584.9 448.4 13668.6 151.6
13600.7 439.288 13684.1 135.979
13615.9 469.228 13700.2 130.772
13632.3 543.428 13716.3 143.789
13647.5 577.274 13731.9 156.807
13664.8 565.558 13748.5 216.688
13680.3 568.162 13764.4 195.86
13696.1 543.428 13781 215.386
13712.5 565.558 13796.3 229.705
13728 564.256 13813 215.386
13743.9 565.558 13829.4 215.386
13760.8 618.93 13844.6 271.361
13774.9 579.878 13861.3 305.207
13791.9 615.025 13878 309.112
13808 659.285 13893.5 361.182
13824.7 651.474 13909 348.165
13839.6 652.776 13925.7 376.804
13855.7 630.646 13942.4 392.425
13871.8 620.232 13959.9 440.59
13887.9 655.379 13976.1 418.46
13904.6 693.13 13992.7 404.14
13919.5 725.674 13999.8 497.867
13935.9 733.485 13983.4 483.548
13952 647.569 13967.3 578.576
