6016.56 -146.502 6031.54 -141.295
6004.81 -154.313 6047.4 -91.8285
5999.81 -147.804 6063.56 -107.45
6011.86 -130.881 6079.42 -180.348
6027.72 -123.071 6095.29 -138.692
6043.29 -120.467 6111.44 -134.786
6059.74 -126.976 6128.48 -162.123
6075.9 -132.183 6143.46 -150.407
6092.35 -141.295 6159.32 -162.123
6107.33 -130.881 6176.06 -99.639
6123.78 -123.071 6190.75 -100.941
6139.64 -147.804 6208.08 -129.579
6155.8 -132.183 6223.64 -154.313
6171.95 -138.692 6240.09 -168.632
6188.11 -91.8285 6255.95 -164.727
6204.26 -108.751 6271.8 -136.088
6220.41 -136.088 6287.66 -129.579
6236.56 -91.8285 6303.52 -120.467
6252.42 -160.822 6320.55 -143.899
6267.99 -146.502 6336.11 -133.485
6285.02 -121.769 6351.67 -121.769
6301.17 -173.839 6367.82 -138.692
6316.14 -160.822 6383.97 -182.951
6332.29 -117.864 6400.7 -167.33
6348.44 -139.993 6416.26 -169.934
6364.59 -151.709 6432.41 -128.278
6380.74 -129.579 6447.38 -133.485
6396 -129.579 6464.4 -168.632
6412.44 -123.071 6480.26 -169.934
6429.18 -125.674 6496.11 -147.804
6444.74 -136.088 6512.25 -133.485
6461.47 -134.786 6527.81 -146.502
6477.03 -130.881 6545.12 -159.52
6493.17 -121.769 6560.09 -124.372
6508.73 -136.088 6576.23 -162.123
6524.87 -160.822 6592.37 -149.106
6540.43 -137.39 6608.22 -117.864
6557.45 -125.674 6624.36 -162.123
6573.3 -123.071 6640.49 -146.502
6588.85 -126.976 6656.93 -163.425
6605.28 -146.502 6672.48 -119.165
6620.83 -136.088 6688.61 -132.183
6636.39 -119.165 6705.92 -130.881
6653.99 -137.39 6720.3 -139.993
6668.96 -156.916 6737.61 -150.407
6685.39 -133.485 6752.28 -133.485
6700.94 -151.709 6769 -128.278
6717.66 -150.407 6785.72 -146.502
6733.8 -139.993 6800.68 -164.727
6748.76 -121.769 6816.52 -158.218
6765.48 -121.769 6833.24 -153.011
6781.61 -150.407 6848.49 -155.615
6797.45 -123.071 6865.2 -160.822
6813.58 -134.786 6881.63 -138.692
6829.13 -175.141 6897.46 -156.916
6846.14 -112.657 6913.59 -149.106
6861.1 -103.544 6928.55 -189.46
6877.52 -113.958 6945.26 -164.727
6894.24 -116.562 6960.8 -168.632
6909.78 -116.562 6976.93 -116.562
6925.61 -128.278 6993.64 -147.804
6941.74 -133.485 7009.76 -147.804
6957.58 -129.579 7025.89 -155.615
6973.7 -100.941 7040.25 -150.407
6990.41 -124.372 7058.14 -163.425
7006.54 -113.958 7072.79 -179.046
7021.49 -126.976 7089.8 -176.443
7036.74 -103.544 7105.92 -198.572
7054.33 -137.39 7120.86 -164.727
7069.86 -102.243 7137.57 -186.857
7085.98 -149.106 7153.69 -181.65
7101.23 -115.26 7169.81 -159.52
7117.93 -186.857 7186.81 -205.081
7133.76 -119.165 7201.46 -193.365
7149.88 -128.278 7217.57 -185.555
7165.41 -125.674 7234.28 -167.33
7182.12 -123.071 7249.51 -176.443
7198.24 -154.313 7265.34 -147.804
7214.35 -153.011 7281.74 -168.632
7229.88 -133.485 7297.56 -172.537
7246.29 -130.881 7314.26 -159.52
7262.41 -90.5267 7330.38 -149.106
7277.94 -113.958 7346.49 -158.218
7294.05 -132.183 7361.14 -184.253
7309.87 -143.899 7378.42 -177.744
7325.4 -119.165 7394.82 -159.52
7341.51 -156.916 7409.76 -173.839
7358.21 -112.657 7426.75 -164.727
7374.61 -108.751 7442.27 -141.295
7390.43 -129.579 7458.08 -143.899
7406.54 -136.088 7474.48 -173.839
7421.77 -141.295 7490.3 -175.141
7437.88 -136.088 7506.7 -206.383
7453.98 -138.692 7522.8 -166.029
7470.68 -113.958 7537.73 -145.2
7486.2 -146.502 7554.13 -188.158
7502.01 -141.295 7571.11 -151.709
7518.12 -151.709 7586.05 -181.65
7533.64 -139.993 7602.44 -201.176
7550.03 -121.769 7618.54 -164.727
7566.14 -104.846 7634.35 -192.064
7583.12 -146.502 7650.16 -188.158
7598.05 -125.674 7666.84 -169.934
7614.44 -108.751 7683.82 -149.106
7630.84 -149.106 7699.04 -163.425
7646.35 -134.786 7715.14 -162.123
7662.74 -129.579 7730.94 -141.295
7678.84 -142.597 7746.75 -153.011
7694.94 -106.148 7763.14 -159.52
7711.33 -121.769 7779.52 -180.348
7726.84 -146.502 7794.74 -172.537
7742.36 -137.39 7811.71 -136.088
7758.16 -149.106 7826.64 -190.762
7774.84 -97.0355 7843.9 -160.822
7790.64 -134.786 7859.41 -172.537
7806.74 -124.372 7875.79 -113.958
7822.25 -138.692 7891.3 -182.951
7838.63 -119.165 7907.1 -176.443
7853.55 -113.958 7924.06 -151.709
7870.52 -125.674 7939.57 -142.597
7887.2 -145.2 7955.07 -145.2
7903 -147.804 7970.87 -129.579
7918.5 -126.976 7987.54 -124.372
7934.3 -102.243 8003.33 -143.899
7950.1 -132.183 8020.01 -159.52
7966.77 -167.33 8035.8 -160.822
7982.86 -143.899 8051.89 -136.088
7998.36 -119.165 8067.09 -156.916
8015.03 -138.692 8084.05 -136.088
8030.54 -153.011 8100.14 -162.123
8046.62 -146.502 8116.51 -129.579
8062.41 -126.976 8131.72 -123.071
8078.5 -115.26 8147.51 -132.183
8096.04 -94.432 8163.59 -136.088
8110.96 -119.165 8179.96 -142.597
8126.46 -117.864 8196.04 -156.916
8142.83 -145.2 8212.71 -156.916
8159.2 -112.657 8227.62 -145.2
8174.41 -117.864 8243.99 -150.407
8190.2 -117.864 8260.07 -141.295
8206.28 -119.165 8276.44 -168.632
8222.36 -158.218 8292.52 -172.537
8239.02 -141.295 8308.3 -139.993
8254.81 -108.751 8324.38 -129.579
8270.89 -116.562 8340.16 -142.597
8286.67 -129.579 8356.82 -182.951
8302.45 -117.864 8372.31 -150.407
8319.11 -107.45 8388.38 -146.502
8334.31 -136.088 8404.75 -129.579
8350.97 -120.467 8421.11 -138.692
8366.46 -139.993 8436.6 -150.407
8382.54 -143.899 8453.26 -123.071
8398.61 -113.958 8468.45 -171.236
8414.39 -145.2 8484.53 -167.33
8431.05 -125.674 8500.3 -155.615
8445.95 -134.786 8516.67 -136.088
8462.61 -133.485 8533.61 -173.839
8478.97 -141.295 8548.51 -133.485
8494.46 -155.615 8564.88 -84.0179
8510.82 -108.751 8581.23 -146.502
8527.48 -143.899 8597.59 -184.253
8543.55 -142.597 8613.95 -155.615
8559.62 -121.769 8629.14 -139.993
8575.39 -162.123 8645.5 -117.864
8591.17 -94.432 8660.4 -134.786
8606.94 -151.709 8677.05 -132.183
8623.3 -151.709 8693.99 -123.071
8639.37 -87.9232 8709.76 -143.899
8654.85 -139.993 8724.66 -132.183
8670.92 -91.8285 8741.89 -168.632
8687.86 -137.39 8757.08 -168.632
8703.05 -113.958 8773.14 -142.597
8718.53 -142.597 8789.49 -120.467
8734.88 -113.958 8806.14 -123.071
8751.24 -130.881 8822.2 -123.071
8767.3 -112.657 8836.8 -113.958
8783.65 -108.751 8853.74 -128.278
8799.13 -125.674 8869.8 -134.786
8815.19 -116.562 8886.15 -153.011
8830.96 -147.804 8901.63 -116.562
8847.02 -133.485 8918.56 -129.579
8863.96 -137.39 8934.33 -99.639
8879.44 -146.502 8949.22 -89.225
8895.2 -136.088 8966.44 -117.864
8911.85 -95.7337 8982.5 -116.562
8927.03 -106.148 8997.98 -134.786
8942.8 -149.106 9013.74 -142.597
8959.73 -164.727 9030.09 -121.769
8975.2 -132.183 9045.85 -86.6215
8990.97 -133.485 9062.78 -124.372
9007.02 -132.183 9077.96 -145.2
9023.08 -123.071 9094.31 -97.0355
9038.84 -112.657 9109.2 -121.769
9055.78 -115.26 9126.42 -149.106
9071.54 -146.502 9143.05 -134.786
9087.89 -97.0355 9158.53 -104.846
9103.65 -159.52 9174.87 -91.8285
9118.83 -151.709 9190.05 -116.562
9135.47 -158.218 9206.1 -146.502
9151.52 -146.502 9221.86 -124.372
9166.99 -151.709 9238.79 -139.993
9182.75 -121.769 9254.84 -113.958
9199.39 -120.467 9270.6 -138.692
9215.44 -124.372 9286.65 -141.295
9231.2 -145.2 9301.82 -102.243
9247.25 -141.295 9319.04 -129.579
9263.01 -151.709 9334.51 -123.071
9278.77 -126.976 9350.56 -139.993
9295.4 -110.053 9366.61 -125.674
9311.75 -133.485 9383.53 -123.071
9326.92 -120.467 9399.29 -116.562
9344.14 -93.1302 9415.63 -147.804
9359.6 -113.958 9431.09 -151.709
9375.65 -120.467 9446.27 -98.3372
9390.53 -128.278 9462.9 -134.786
9407.75 -154.313 9478.94 -158.218
9422.92 -102.243 9495.58 -129.579
9440.14 -146.502 9511.33 -87.9232
9454.73 -121.769 9527.38 -90.5267
9471.07 -146.502 9543.72 -99.639
9487.11 -120.467 9558.89 -137.39
9503.45 -146.502 9575.23 -173.839
9520.08 -125.674 9592.44 -102.243
9535.55 -142.597 9607.02 -129.579
9551.59 -139.993 9623.65 -113.958
9567.64 -147.804 9639.41 -149.106
9583.68 -126.976 9656.03 -136.088
9599.15 -136.088 9671.5 -142.597
9615.78 -138.692 9686.96 -110.053
9631.53 -113.958 9704.46 -147.804
9646.99 -128.278 9720.21 -155.615
9663.91 -120.467 9735.97 -142.597
9679.66 -159.52 9751.72 -132.183
9695.42 -129.579 9767.76 -120.467
9711.17 -160.822 9784.1 -119.165
9728.09 -108.751 9798.97 -124.372
9743.55 -133.485 9815.89 -163.425
9759.59 -100.941 9832.22 -130.881
9776.51 -149.106 9847.98 -136.088
9790.51 -147.804 9863.73 -153.011
9808.31 -137.39 9878.9 -137.39
9823.18 -123.071 9896.1 -133.485
9838.94 -138.692 9912.15 -146.502
9856.15 -116.562 9928.48 -110.053
9871.6 -120.467 9944.81 -134.786
9887.64 -115.26 9959.98 -134.786
9902.81 -136.088 9976.31 -160.822
9918.86 -138.692 9992.36 -142.597
9935.77 -146.502 10009 -117.864
9951.23 -136.088 10024.7 -124.372
9968.15 -124.372 10040.8 -153.011
9984.19 -128.278 10056.2 -108.751
9998.77 -129.579 10072 -164.727
10015.4 -153.011 10088.9 -128.278
10030.6 -111.355 10105.2 -146.502
10047.8 -151.709 10121 -160.822
10063.5 -119.165 10137 -120.467
10079.9 -121.769 10152.2 -142.597
10096.5 -106.148 10169.4 -120.467
10111.4 -132.183 10185.1 -120.467
10127.1 -107.45 10201.8 -116.562
10143.7 -108.751 10217.8 -138.692
10160.1 -150.407 10231.8 -117.864
10176.1 -132.183 10249 -138.692
10191 -123.071 10265.3 -112.657
10207.3 -151.709 10281.1 -164.727
10223.6 -143.899 10297.4 -169.934
10239.7 -162.123 10312.9 -110.053
10256 -130.881 10330.1 -120.467
10271.2 -119.165 10345.3 -133.485
10286.6 -106.148 10360.4 -138.692
10303.5 -121.769 10377.6 -115.26
10320.2 -124.372 10393.1 -150.407
10335.9 -120.467 10409.7 -156.916
10351.1 -145.2 10425.8 -125.674
10368 -95.7337 10441.2 -139.993
10383.8 -124.372 10457.5 -138.692
10399.8 -143.899 10474.2 -132.183
10416.1 -126.976 10490.5 -125.674
10431.6 -138.692 10506 -139.993
10447.3 -119.165 10521.7 -123.071
10463.7 -137.39 10537.7 -167.33
10479.7 -102.243 10554.1 -181.65
10495.7 -129.579 10569.8 -150.407
10511.5 -167.33 10585.6 -120.467
10527.2 -115.26 10601.6 -167.33
10543.6 -123.071 10618.2 -117.864
10559.6 -134.786 10634.6 -155.615
10575.4 -120.467 10650.6 -176.443
10591.7 -108.751 10666.1 -156.916
10607.7 -115.26 10682.1 -134.786
10623.5 -149.106 10698.4 -117.864
10639.8 -132.183 10714.8 -106.148
10655.9 -86.6215 10731.1 -113.958
10671.6 -116.562 10746.3 -133.485
10687.6 -134.786 10762.9 -158.218
10703.1 -100.941 10778.7 -115.26
10719.4 -119.165 10794.4 -130.881
10735.5 -115.26 10810.7 -143.899
10751.2 -120.467 10826.8 -117.864
10768.1 -112.657 10842.5 -132.183
10783.6 -139.993 10858.6 -95.7337
10800.5 -136.088 10874.9 -113.958
10816 -137.39 10891.8 -171.236
10831.7 -125.674 10907.3 -136.088
10847.8 -98.3372 10923 -124.372
10863.5 -143.899 10939.1 -112.657
10880.1 -98.3372 10954.5 -137.39
10895.9 -125.674 10970.9 -108.751
10911.7 -117.864 10986.9 -132.183
10928.3 -112.657 11003.5 -120.467
10944.6 -156.916 11018.1 -129.579
10959.8 -121.769 11034.8 -167.33
10975.5 -121.769 11050.8 -149.106
10991.9 -106.148 11066.5 -138.692
11007.9 -103.544 11082.9 -164.727
11023.7 -142.597 11099.2 -125.674
11040.3 -151.709 11115 -123.071
11055.5 -130.881 11131 -167.33
11071.8 -136.088 11147.6 -124.372
11087 -104.846 11163.4 -154.313
11104.2 -113.958 11178.6 -160.822
11119.9 -110.053 11195.2 -117.864
11135.7 -128.278 11211.6 -155.615
11151.7 -133.485 11228.2 -149.106
11168.1 -116.562 11243.4 -166.029
11183.8 -155.615 11259.7 -116.562
11199.3 -116.562 11276.3 -110.053
11216.5 -120.467 11292.1 -129.579
11231.4 -113.958 11307.3 -160.822
11246.9 -90.5267 11324.2 -117.864
11264.1 -108.751 11340.8 -139.993
11280.1 -117.864 11356.3 -156.916
11296.7 -110.053 11372.3 -145.2
11311.6 -141.295 11387.8 -139.993
11327.1 -130.881 11403.8 -100.941
11343.7 -106.148 11420.5 -123.071
11360.6 -137.39 11436.2 -146.502
11377 -106.148 11452.3 -141.295
11392.5 -100.941 11468.9 -95.7337
11408.5 -110.053 11483.8 -120.467
11423.4 -132.183 11500.7 -112.657
11440.6 -147.804 11516.2 -133.485
11455.8 -133.485 11533.1 -162.123
11471.8 -150.407 11548.6 -129.579
11488.2 -128.278 11563.8 -150.407
11503.6 -129.579 11580.7 -141.295
11520.8 -97.0355 11597.3 -141.295
11535.7 -95.7337 11613.7 -139.993
11553 -107.45 11629.4 -151.709
11567.6 -110.053 11644.9 -139.993
11583.9 -107.45 11660.9 -123.071
11599.1 -128.278 11675.8 -119.165
11616.3 -121.769 11693.6 -132.183
11631.2 -129.579 11708.8 -146.502
11648.4 -110.053 11725.8 -155.615
11663.9 -87.9232 11740.6 -149.106
11679.9 -116.562 11757 -154.313
11695.7 -121.769 11773.3 -97.0355
11711.4 -95.7337 11790 -154.313
11727.2 -110.053 11804.6 -120.467
11744.1 -132.183 11821.5 -121.769
11760.5 -128.278 11837.6 -125.674
11775.1 -125.674 11853 -141.295
11792 -123.071 11869.7 -180.348
11808.7 -121.769 11886 -156.916
11824.4 -106.148 11902.1 -186.857
11839.9 -115.26 11917.3 -130.881
11856 -136.088 11933.3 -132.183
11871.7 -120.467 11949.7 -155.615
11888.7 -133.485 11965.5 -199.874
11903.8 -143.899 11981.5 -198.572
11919.3 -98.3372 11997.6 -193.365
11936 -106.148 12013.6 -171.236
11952.9 -72.3021 12029.4 -153.011
11967.8 -104.846 12046.4 -120.467
11984.1 -108.751 12062.1 -130.881
12000.2 -120.467 12078.5 -136.088
12016.3 -124.372 12093.7 -180.348
12032 -137.39 12110.3 -153.011
12047.5 -145.2 12126.4 -173.839
12063.9 -124.372 12142.4 -203.779
12080.5 -132.183 12158.5 -172.537
12095.1 -119.165 12174.3 -223.306
12111.8 -121.769 12190.3 -168.632
12128.4 -102.243 12206.1 -189.46
12143.6 -123.071 12223.1 -189.46
12160.3 -149.106 12238.8 -215.495
12176.9 -128.278 12253.7 -202.478
12191.8 -116.562 12269.8 -225.909
12207 -108.751 12286.5 -198.572
12223.6 -85.3197 12304 -201.176
12241.2 -113.958 12319.5 -199.874
12255.2 -110.053 12334.9 -181.65
12271.8 -94.432 12351 -185.555
12288.5 -125.674 12366.8 -193.365
12304.6 -119.165 12383.2 -197.271
12320.3 -141.295 12398.9 -189.46
12335.5 -133.485 12415 -211.59
12352.5 -74.9056 12431.1 -229.815
12368.6 -73.6039 12447.4 -203.779
12383.5 -104.846 12463.8 -177.744
12400.1 -119.165 12479.3 -185.555
12416.5 -85.3197 12495.4 -224.608
12432 -98.3372 12511.7 -214.194
12447.7 -87.9232 12527.8 -235.022
12464.1 -102.243 12542.1 -206.383
12481 -77.5092 12560 -206.383
12496.2 -77.5092 12575.2 -207.685
12512.3 -56.6811 12590.9 -195.969
12527.8 -85.3197 12608.2 -176.443
12543.3 -73.6039 12623.7 -167.33
12559.4 -87.9232 12639.8 -175.141
12576.3 -76.2074 12655.8 -222.004
12593 -67.0951 12672.2 -188.158
12607.9 -65.7934 12687.4 -216.797
12623.4 -29.3442 12703.8 -194.667
12639.8 -48.8705 12720.4 -181.65
12656.1 -50.1723 12735.6 -162.123
12671.6 -80.1127 12751.7 -188.158
12688 -67.0951 12768.1 -141.295
12704.1 -103.544 12783.6 -202.478
12720.4 -76.2074 12800.3 -218.099
12735.6 -68.3969 12816.6 -194.667
12751.7 -47.5688 12832.7 -169.934
12768.1 -22.8354 12848.2 -156.916
12784.2 9.70847 12864.3 -160.822
12799.7 3.1997 12880.4 -134.786
12816.3 11.0102 12897 -133.485
12831.5 -15.0249 12912.8 -155.615
12847.9 -7.21435 12928.9 -156.916
12864.6 -22.8354 12945 -197.271
12880.4 12.312 12961.1 -133.485
12896.2 50.0629 12977.2 -168.632
12912.2 96.9261 12993.3 -120.467
12927.7 64.3822 13008.8 -103.544
12944.7 72.1928 13025.1 -130.881
12959.9 70.891 13041.2 -134.786
12975.1 59.1752 13057.3 -149.106
12992.7 51.3647 13072.8 -181.65
13008.2 80.0033 13090.1 -193.365
13023.7 76.098 13105.3 -141.295
13039.8 99.5296 13122.3 -147.804
13057 137.281 13137.2 -126.976
13071.9 128.168 13153.8 -95.7337
13088 130.772 13169.4 -82.7162
13103.8 113.849 13185.7 -125.674
13119.9 81.305 13202.4 -158.218
13136.6 72.1928 13217.9 -173.839
13151.8 106.038 13234 -145.2
13167.6 148.996 13249.5 -93.1302
13185.4 207.575 13265.9 -64.4916
13200.4 206.274 13282.6 -31.9477
13215.6 203.67 13298.4 -100.941
13232.3 180.238 13315 -76.2074
13248.3 191.954 13331.1 -115.26
13264.1 191.954 13346.4 -132.183
13279.6 194.558 13362.2 -111.355
13295.5 223.196 13379.4 -73.6039
13311.5 244.025 13394.6 -38.4565
13327.6 279.172 13410.2 5.80321
13343.7 283.077 13427.1 7.10496
13359.5 275.267 13443.2 -20.2319
13376.5 255.74 13459 -30.646
13392.3 290.888 13474.8 -47.5688
13407.8 263.551 13490.9 -30.646
13424.2 258.344 13507 -16.3266
13440 300 13523.4 -0.70557
13455.5 324.733 13539.8 59.1752
13471.9 342.958 13555.9 42.2524
13487.4 379.407 13571.4 89.1156
13504.4 365.088 13588.1 44.8559
13520.5 341.656 13603.6 21.4243
13536.3 346.863 13619.7 37.0453
13551.5 333.846 13636.4 3.1997
13567.3 350.768 13651.6 56.5717
13583.1 393.726 13668.3 109.944
13600.4 426.27 13684.1 124.263
13615.3 410.649 13699.4 156.807
13631.7 454.909 13716.3 112.547
13647.5 431.477 13732.7 125.565
13664.5 436.684 13748.8 129.47
13680 382.011 13764.4 142.488
13695.8 397.632 13781.3 146.393
13712.2 417.158 13796.5 173.73
13727.8 457.512 13812.4 220.593
13743.3 466.625 13828.5 249.232
13760 501.772 13844.6 221.895
13775.5 540.825 13861.3 208.877
13792.5 501.772 13878.3 199.765
13808 474.435 13893.8 229.705
13823.5 464.021 13909.6 237.516
13839.6 461.418 13926 293.491
13856 509.583 13942.7 314.319
13871.5 538.221 13958.8 352.07
13887.9 604.611 13975.5 400.235
13903.7 585.084 13991.9 397.632
13920.7 586.386 13999.8 388.519
13935.6 561.653 13984.3 382.011
13952.3 477.039 13967.9 423.667
