6016.56 -133.485 6030.66 -110.053
6004.81 -108.751 6047.7 -117.864
6000.69 -90.5267 6063.86 -104.846
6011.27 -110.053 6079.42 -104.846
6027.72 -106.148 6095.58 -136.088
6042.41 -111.355 6110.86 -125.674
6059.45 -110.053 6127.31 -158.218
6075.02 -93.1302 6143.17 -129.579
6092.06 -107.45 6160.2 -166.029
6107.33 -107.45 6175.48 -117.864
6123.19 -107.45 6192.51 -117.864
6139.94 -124.372 6207.19 -132.183
6156.09 -104.846 6223.64 -113.958
6171.66 -100.941 6240.68 -107.45
6188.69 -125.674 6255.07 -103.544
6204.55 -86.6215 6272.1 -121.769
6219.82 -134.786 6287.95 -167.33
6235.98 -100.941 6303.81 -116.562
6252.42 -133.485 6320.26 -113.958
6268.87 -94.432 6335.82 -130.881
6284.72 -130.881 6351.67 -104.846
6300.88 -78.8109 6368.7 -164.727
6315.85 -116.562 6384.55 -121.769
6332.88 -84.0179 6400.12 -151.709
6349.03 -95.7337 6415.67 -124.372
6364.59 -107.45 6432.41 -145.2
6381.03 -87.9232 6447.38 -103.544
6396.3 -110.053 6464.11 -150.407
6412.44 -104.846 6480.26 -119.165
6429.18 -133.485 6496.4 -132.183
6445.03 -110.053 6512.25 -120.467
6460.59 -80.1127 6528.1 -137.39
6476.73 -113.958 6544.83 -111.355
6492.58 -132.183 6559.8 -137.39
6509.02 -128.278 6575.94 -136.088
6525.16 -121.769 6593.25 -146.502
6541.31 -104.846 6608.51 -182.951
6557.45 -112.657 6624.65 -121.769
6572.12 -112.657 6640.2 -138.692
6589.14 -106.148 6656.34 -128.278
6605.28 -81.4144 6672.48 -111.355
6621.42 -81.4144 6688.61 -143.899
6637.27 -128.278 6704.75 -143.899
6653.41 -103.544 6720.59 -112.657
6669.25 -111.355 6737.02 -125.674
6685.09 -115.26 6752.86 -130.881
6701.52 -94.432 6767.53 -136.088
6717.07 -90.5267 6784.54 -94.432
6732.62 -67.0951 6800.68 -132.183
6749.05 -69.6986 6817.4 -112.657
6764.89 -108.751 6833.53 -117.864
6780.73 -128.278 6848.19 -112.657
6797.74 -89.225 6865.2 -123.071
6813 -120.467 6881.33 -145.2
6829.72 -99.639 6896.88 -119.165
6844.97 -81.4144 6913.88 -124.372
6861.39 -85.3197 6929.13 -146.502
6878.4 -125.674 6944.67 -141.295
6893.94 -128.278 6960.51 -124.372
6909.49 -133.485 6977.51 -142.597
6925.61 -115.26 6993.64 -156.916
6941.16 -126.976 7009.47 -156.916
6958.16 -120.467 7025.01 -123.071
6974.88 -80.1127 7041.13 -97.0355
6989.53 -84.0179 7057.84 -136.088
7005.95 -87.9232 7073.67 -125.674
7021.78 -95.7337 7089.5 -119.165
7038.49 -104.846 7105.33 -145.2
7053.44 -141.295 7121.74 -133.485
7068.98 -113.958 7137.57 -155.615
7085.69 -85.3197 7153.4 -153.011
7101.81 -97.0355 7169.51 -136.088
7117.35 -126.976 7185.93 -128.278
7134.05 -72.3021 7201.16 -147.804
7149.59 -94.432 7218.45 -136.088
7166.29 -117.864 7233.4 -134.786
7182.41 -128.278 7250.39 -116.562
7197.65 -117.864 7265.63 -130.881
7213.77 -106.148 7282.33 -134.786
7229.59 -102.243 7298.74 -126.976
7246 -82.7162 7314.26 -151.709
7261.53 -91.8285 7330.38 -104.846
7278.23 -72.3021 7346.2 -107.45
7293.46 -95.7337 7361.43 -134.786
7309.87 -73.6039 7378.71 -179.046
7326.86 -120.467 7393.94 -106.148
7342.09 -89.225 7408.88 -137.39
7358.21 -116.562 7426.45 -147.804
7373.15 -119.165 7443.15 -115.26
7390.14 -85.3197 7458.08 -125.674
7406.54 -93.1302 7474.48 -106.148
7422.65 -121.769 7490.01 -141.295
7438.75 -82.7162 7506.7 -181.65
7453.98 -63.1898 7523.09 -158.218
7470.97 -128.278 7538.32 -128.278
7486.2 -103.544 7553.84 -130.881
7501.43 -130.881 7569.94 -107.45
7518.7 -94.432 7586.92 -94.432
7533.64 -77.5092 7602.73 -141.295
7550.62 -95.7337 7619.13 -112.657
7566.72 -116.562 7634.35 -137.39
7582.82 -80.1127 7650.74 -126.976
7598.93 -117.864 7666.84 -147.804
7614.44 -116.562 7683.23 -119.165
7630.25 -112.657 7699.63 -106.148
7646.06 -97.0355 7714.85 -126.976
7662.16 -123.071 7731.82 -102.243
7678.55 -100.941 7747.04 -132.183
7694.94 -116.562 7763.43 -145.2
7709.58 -95.7337 7779.52 -133.485
7727.43 -119.165 7795.32 -147.804
7742.65 -93.1302 7809.96 -177.744
7758.16 -113.958 7826.93 -133.485
7773.96 -93.1302 7843.02 -113.958
7790.64 -107.45 7859.99 -93.1302
7806.15 -80.1127 7875.5 -111.355
7822.83 -108.751 7891 -149.106
7838.05 -85.3197 7906.8 -108.751
7854.73 -124.372 7924.06 -158.218
7870.52 -103.544 7939.57 -143.899
7886.91 -94.432 7955.07 -137.39
7902.41 -129.579 7970.57 -150.407
7918.8 -100.941 7988.13 -136.088
7935.18 -102.243 8003.04 -124.372
7950.68 -102.243 8019.13 -115.26
7967.06 -107.45 8034.92 -137.39
7982.57 -120.467 8051.59 -103.544
7998.36 -129.579 8067.68 -143.899
8014.16 -93.1302 8082.88 -153.011
8030.83 -124.372 8099.55 -141.295
8046.03 -119.165 8116.51 -133.485
8062.41 -106.148 8131.72 -128.278
8079.38 -115.26 8148.68 -113.958
8095.17 -141.295 8164.18 -125.674
8110.96 -116.562 8179.38 -155.615
8127.04 -120.467 8196.63 -143.899
8142.54 -112.657 8212.42 -130.881
8159.2 -89.225 8227.91 -129.579
8174.41 -102.243 8244.28 -159.52
8190.49 -126.976 8259.78 -142.597
8206.57 -91.8285 8276.73 -100.941
8223.53 -107.45 8291.93 -147.804
8238.44 -134.786 8308.59 -112.657
8255.39 -60.5863 8324.38 -125.674
8270.3 -84.0179 8340.16 -100.941
8286.38 -117.864 8356.53 -156.916
8302.75 -121.769 8372.6 -139.993
8319.11 -108.751 8388.67 -142.597
8335.19 -85.3197 8404.46 -129.579
8350.97 -90.5267 8420.53 -89.225
8366.76 -98.3372 8436.31 -136.088
8382.25 -78.8109 8452.09 -147.804
8398.03 -100.941 8468.16 -132.183
8414.98 -119.165 8483.94 -121.769
8430.47 -113.958 8500.6 -130.881
8447.42 -130.881 8516.96 -125.674
8463.49 -99.639 8532.44 -100.941
8478.97 -64.4916 8549.39 -142.597
8494.46 -91.8285 8565.46 -162.123
8510.82 -119.165 8580.36 -139.993
8527.77 -119.165 8597.59 -130.881
8542.96 -113.958 8613.37 -108.751
8559.32 -117.864 8629.14 -150.407
8575.1 -102.243 8645.5 -99.639
8591.46 -97.0355 8660.69 -132.183
8606.94 -72.3021 8676.76 -150.407
8623.01 -106.148 8693.11 -146.502
8638.78 -69.6986 8710.06 -120.467
8655.43 -119.165 8725.24 -136.088
8671.21 -95.7337 8741.89 -142.597
8687.86 -128.278 8757.37 -142.597
8703.63 -100.941 8772.56 -126.976
8718.53 -84.0179 8789.49 -136.088
8735.17 -102.243 8805.85 -124.372
8750.36 -80.1127 8821.33 -136.088
8767.01 -100.941 8837.68 -134.786
8783.65 -94.432 8854.32 -119.165
8798.84 -71.0004 8870.09 -158.218
8814.61 -143.899 8885.86 -126.976
8830.96 -112.657 8901.92 -150.407
8847.61 -98.3372 8918.27 -134.786
8863.67 -68.3969 8933.45 -164.727
8879.44 -87.9232 8950.1 -115.26
8895.2 -104.846 8965.28 -129.579
8911.26 -80.1127 8981.92 -125.674
8927.32 -98.3372 8998.27 -129.579
8943.67 -72.3021 9014.03 -133.485
8959.44 -110.053 9029.8 -125.674
8975.5 -137.39 9045.56 -142.597
8990.39 -111.355 9062.2 -128.278
9007.32 -82.7162 9077.67 -119.165
9023.37 -76.2074 9094.02 -110.053
9039.72 -108.751 9109.49 -156.916
9055.19 -124.372 9126.71 -151.709
9071.25 -104.846 9142.18 -141.295
9087.6 -116.562 9158.82 -132.183
9102.19 -121.769 9174.58 -156.916
9119.41 -94.432 9190.92 -129.579
9135.76 -95.7337 9206.68 -125.674
9150.35 -85.3197 9222.15 -119.165
9166.7 -128.278 9238.2 -132.183
9183.04 -112.657 9254.84 -153.011
9199.09 -107.45 9270.31 -158.218
9216.31 -120.467 9286.36 -119.165
9230.61 -107.45 9302.41 -137.39
9247.54 -110.053 9318.46 -151.709
9263.3 -102.243 9334.22 -93.1302
9279.35 -119.165 9349.97 -138.692
9295.7 -107.45 9366.61 -112.657
9311.45 -117.864 9383.53 -145.2
9326.63 -73.6039 9399 -154.313
9343.84 -102.243 9414.75 -119.165
9359.89 -107.45 9430.8 -103.544
9375.65 -87.9232 9446.56 -115.26
9390.83 -129.579 9463.48 -159.52
9406.88 -90.5267 9479.53 -126.976
9423.22 -93.1302 9495.58 -151.709
9439.56 -99.639 9511.33 -113.958
9454.73 -100.941 9526.79 -171.236
9471.65 -93.1302 9544.01 -136.088
9486.82 -97.0355 9559.47 -149.106
9503.16 -128.278 9574.93 -110.053
9518.92 -137.39 9591.85 -104.846
9534.96 -95.7337 9606.15 -154.313
9551.3 -80.1127 9623.65 -120.467
9567.93 -64.4916 9639.41 -115.26
9582.23 -102.243 9656.03 -106.148
9599.15 -93.1302 9671.5 -147.804
9615.78 -103.544 9687.25 -137.39
9631.53 -104.846 9703.29 -112.657
9647.87 -91.8285 9719.92 -132.183
9663.33 -120.467 9735.67 -132.183
9679.66 -76.2074 9752.01 -166.029
9695.42 -82.7162 9767.76 -119.165
9711.17 -87.9232 9784.1 -86.6215
9728.09 -78.8109 9800.14 -102.243
9744.13 -95.7337 9814.72 -132.183
9759.59 -102.243 9833.1 -138.692
9775.34 -94.432 9848.27 -133.485
9791.68 -98.3372 9864.31 -171.236
9807.14 -94.432 9880.64 -159.52
9823.77 -43.6635 9895.81 -113.958
9839.23 -110.053 9912.44 -130.881
9855.56 -102.243 9928.77 -119.165
9871.9 -87.9232 9944.23 -123.071
9887.06 -78.8109 9960.27 -119.165
9903.98 -107.45 9976.31 -164.727
9919.15 -93.1302 9992.36 -126.976
9935.77 -106.148 10008.7 -112.657
9951.81 -104.846 10024.7 -102.243
9968.44 -91.8285 10041.1 -116.562
9983.61 -77.5092 10056.8 -136.088
9999.36 -82.7162 10071.7 -150.407
10015.4 -89.225 10088.6 -156.916
10031.7 -123.071 10105.5 -163.425
10048.6 -85.3197 10120.4 -181.65
10064.7 -93.1302 10136.7 -175.141
10079.6 -98.3372 10153.4 -163.425
10095 -74.9056 10168.2 -158.218
10111.4 -93.1302 10185.1 -147.804
10128.3 -102.243 10201.2 -141.295
10143.1 -68.3969 10216 -168.632
10159.2 -100.941 10233.3 -138.692
10175.5 -91.8285 10249 -149.106
10192.1 -130.881 10264.8 -132.183
10207.9 -102.243 10281.4 -153.011
10223.9 -115.26 10297.7 -132.183
10239.4 -44.9653 10313.2 -137.39
10255.7 -99.639 10328.3 -136.088
10272.6 -112.657 10344.7 -164.727
10288.1 -100.941 10361 -85.3197
10303.3 -121.769 10378.2 -156.916
10319.9 -115.26 10393.1 -132.183
10335.3 -81.4144 10408.8 -145.2
10352.3 -76.2074 10426.6 -142.597
10367.4 -111.355 10442.4 -156.916
10384 -82.7162 10458.1 -124.372
10399.5 -126.976 10474.4 -143.899
10415.8 -113.958 10490.8 -163.425
10431.6 -94.432 10506 -149.106
10447 -142.597 10522.3 -123.071
10464 -98.3372 10538 -145.2
10479.7 -71.0004 10553.2 -138.692
10495.7 -100.941 10568.9 -124.372
10510.3 -129.579 10585.9 -130.881
10527.8 -110.053 10601.3 -115.26
10543.9 -65.7934 10617.9 -155.615
10559.3 -86.6215 10633.4 -142.597
10575.4 -94.432 10650.3 -151.709
10591.7 -78.8109 10667.2 -137.39
10607.7 -95.7337 10682.4 -145.2
10623.2 -98.3372 10697.9 -163.425
10639.8 -89.225 10715.1 -156.916
10656.7 -72.3021 10730.2 -139.993
10671.6 -107.45 10746.9 -163.425
10687.9 -93.1302 10762.3 -172.537
10702.8 -90.5267 10778.7 -119.165
10720.3 -98.3372 10793.8 -163.425
10734.6 -54.0776 10810.1 -143.899
10751.8 -133.485 10826.5 -143.899
10768.1 -81.4144 10842.5 -141.295
10784.2 -71.0004 10858.6 -125.674
10799.6 -111.355 10874 -124.372
10815.7 -93.1302 10891 -115.26
10831.7 -95.7337 10906.7 -116.562
10847.8 -90.5267 10922.7 -155.615
10865 -87.9232 10938.8 -124.372
10879.6 -78.8109 10955.1 -115.26
10895 -85.3197 10970 -147.804
10911.9 -104.846 10987.5 -160.822
10928.9 -106.148 11002.4 -123.071
10944 -136.088 11019 -136.088
10959.8 -98.3372 11034.8 -130.881
10976.1 -98.3372 11051.4 -129.579
10992.2 -74.9056 11066.8 -167.33
11008.2 -117.864 11083.2 -171.236
11024 -84.0179 11099.5 -150.407
11040 -91.8285 11115 -145.2
11056.3 -78.8109 11131 -137.39
11071.8 -94.432 11147.4 -123.071
11087.6 -94.432 11164 -119.165
11103.6 -110.053 11179.2 -124.372
11120.8 -80.1127 11195.8 -162.123
11135.4 -106.148 11211.8 -149.106
11151.7 -119.165 11227.3 -175.141
11168.4 -110.053 11243.6 -142.597
11183.5 -138.692 11259.4 -126.976
11200.8 -104.846 11274.9 -126.976
11215.9 -97.0355 11291.5 -124.372
11231.4 -89.225 11307.5 -112.657
11248.9 -110.053 11324.2 -137.39
11263.5 -67.0951 11339.6 -158.218
11279.8 -112.657 11356.3 -146.502
11295.3 -85.3197 11372.6 -136.088
11312.2 -72.3021 11388.1 -136.088
11328.8 -113.958 11403.8 -125.674
11344.3 -94.432 11420.8 -117.864
11360.9 -89.225 11435.6 -117.864
11376.1 -67.0951 11452.3 -166.029
11391.6 -100.941 11467.7 -167.33
11407.3 -89.225 11485 -137.39
11424.5 -119.165 11500.4 -159.52
11440 -116.562 11515.9 -190.762
11456.6 -94.432 11532.8 -171.236
11472.4 -120.467 11548.6 -181.65
11487.9 -113.958 11564.6 -153.011
11503.6 -81.4144 11580.4 -151.709
11520.3 -132.183 11596.7 -176.443
11536.3 -121.769 11612.8 -177.744
11551.2 -107.45 11629.7 -211.59
11567.3 -115.26 11645.5 -155.615
11584.2 -94.432 11660.9 -151.709
11599.6 -74.9056 11677.3 -143.899
11615.7 -102.243 11693.6 -132.183
11631.8 -108.751 11709.1 -137.39
11648.7 -55.3793 11725.5 -153.011
11663.9 -108.751 11740.6 -175.141
11679.9 -84.0179 11757.6 -158.218
11695.4 -90.5267 11772.5 -168.632
11712.3 -84.0179 11787.9 -182.951
11727.8 -80.1127 11805.2 -146.502
11743.9 -100.941 11821.5 -169.934
11759.9 -77.5092 11836.7 -124.372
11775.7 -90.5267 11853.3 -129.579
11792 -74.9056 11869.1 -149.106
11808.1 -132.183 11886.3 -128.278
11824.1 -85.3197 11900.9 -106.148
11839.9 -78.8109 11917.6 -153.011
11856.3 -98.3372 11933.6 -119.165
11871.7 -52.7758 11949.7 -147.804
11888.1 -119.165 11965.8 -142.597
11904.1 -81.4144 11981.5 -90.5267
11919.9 -98.3372 11998.5 -124.372
11936 -120.467 12014.5 -162.123
11952.6 -82.7162 12029.7 -151.709
11968.4 -84.0179 12046.6 -158.218
11982.4 -86.6215 12062.7 -150.407
11999.6 -102.243 12078.8 -141.295
12016.6 -90.5267 12093.9 -113.958
12032.3 -87.9232 12110.3 -100.941
12047.8 -82.7162 12127 -126.976
12064.5 -104.846 12141.9 -156.916
12080.5 -78.8109 12159.1 -163.425
12095.7 -110.053 12174.6 -186.857
12112.3 -84.0179 12190.6 -163.425
12128.4 -84.0179 12206.4 -155.615
12143.9 -106.148 12223.1 -138.692
12160.3 -76.2074 12238.2 -124.372
12175.7 -93.1302 12254.6 -80.1127
12191.2 -72.3021 12270.7 -119.165
12208.7 -93.1302 12286.7 -199.874
12223.9 -85.3197 12304.3 -158.218
12240.6 -104.846 12318.9 -155.615
12256.4 -107.45 12334.4 -156.916
12271.5 -106.148 12350.4 -121.769
12287.9 -90.5267 12367.4 -133.485
12304.3 -72.3021 12383.5 -151.709
12320 -76.2074 12399.5 -167.33
12335.8 -77.5092 12415.9 -171.236
12350.7 -107.45 12430.5 -147.804
12368.3 -76.2074 12447.2 -142.597
12383.5 -81.4144 12463.5 -176.443
12401 -102.243 12478.7 -162.123
12415.3 -72.3021 12495.4 -130.881
12432.3 -117.864 12511.2 -117.864
12448.9 -67.0951 12527.5 -110.053
12464.1 -60.5863 12543.9 -163.425
12479.9 -72.3021 12559.7 -143.899
12496.8 -54.0776 12575.2 -202.478
12511.2 -28.0424 12592.1 -186.857
12528.1 -54.0776 12607.3 -173.839
12544.5 -85.3197 12624 -130.881
12560.5 -61.8881 12640 -143.899
12576 -64.4916 12656.4 -169.934
12591.2 -41.06 12671.9 -142.597
12608.5 -30.646 12688 -163.425
12624 -5.91259 12704.7 -205.081
12639.8 -37.1547 12720.1 -167.33
12657 -5.91259 12737.1 -169.934
12672.2 -30.646 12752.3 -159.52
12687.7 -46.267 12768.4 -164.727
12702.3 -16.3266 12784.5 -155.615
12719.8 -13.7231 12800.3 -159.52
12736.2 -25.4389 12815.5 -107.45
12752 18.8208 12833 -134.786
12768.4 42.2524 12848.5 -202.478
12783.9 37.0453 12864.3 -156.916
12800.5 16.2173 12880.7 -151.709
12814.9 42.2524 12897.3 -139.993
12832.7 16.2173 12913.1 -120.467
12847.9 -8.5161 12928.9 -110.053
12864.6 37.0453 12945 -138.692
12880.7 69.5892 12961.1 -167.33
12896.4 135.979 12977.5 -210.288
12911.4 108.642 12993.6 -168.632
12928 85.2103 13008.5 -138.692
12943.2 83.9085 13026.6 -153.011
12960.2 112.547 13041.2 -110.053
12975.4 77.3998 13057.6 -130.881
12992.7 77.3998 13074 -136.088
13008.8 120.358 13089.8 -133.485
13023.7 137.281 13105.6 -121.769
13039.8 169.824 13122.3 -172.537
13056.4 155.505 13137.8 -141.295
13071.9 204.972 13153.8 -106.148
13088.3 159.41 13170.2 -102.243
13103.5 130.772 13186.3 -107.45
13120.2 126.866 13201.5 -43.6635
13137.2 159.41 13217.9 -77.5092
13151.2 181.54 13234 -132.183
13167.6 210.179 13250.1 -112.657
13184.9 228.403 13266.8 -156.916
13200.1 215.386 13282.3 -117.864
13215.9 203.67 13297.8 -90.5267
13231.7 184.144 13314.5 -48.8705
13249.2 162.014 13331.1 -64.4916
13264.4 173.73 13346.9 -47.5688
13279.9 211.481 13362.5 -103.544
13296.6 310.414 13379.1 -80.1127
13312.1 283.077 13394.4 -74.9056
13327.9 306.509 13410.5 -82.7162
13343.4 288.284 13426.6 -63.1898
13360.1 245.326 13442.9 -28.0424
13376.2 223.196 13459 5.80321
13391.1 219.291 13474.8 21.4243
13408.1 276.568 13491.2 4.50145
13423.9 339.053 13507.3 7.10496
13440.9 323.432 13523.7 -16.3266
13456.1 383.312 13539.2 -5.91259
13472.5 400.235 13555.3 -22.8354
13488 344.26 13571.1 31.8383
13503.8 348.165 13587.2 53.9682
13519.9 326.035 13603 95.6243
13536.3 339.053 13620.6 133.375
13552.4 367.691 13635.8 99.5296
13567.6 413.253 13652.2 48.7611
13584 456.211 13668.3 57.8734
13600.1 449.702 13683.8 68.2875
13615.9 385.916 13700.2 93.0208
13631.7 392.425 13716.6 125.565
13647.8 383.312 13732.4 198.463
13664.8 372.898 13749.1 206.274
13680 441.891 13764.6 172.428
13696.4 466.625 13781.3 141.186
13712.5 542.127 13797.7 147.695
13728.3 527.807 13812.4 134.677
13743.9 478.341 13829.1 132.074
13760 445.797 13845.4 181.54
13776.1 439.288 13860.1 258.344
13791.9 451.004 13877.7 297.397
13808 526.505 13893.8 305.207
13823.5 516.091 13909.6 332.544
13840.2 587.688 13925.4 272.663
13856.3 573.369 13943 244.025
13871.5 585.084 13959.4 251.835
13888.2 569.463 13976.1 303.905
13903.7 518.695 13991.3 344.26
13919.5 514.79 14000.1 453.607
13936.2 561.653 13984 461.418
13951.7 483.548 13967.9 460.116
