6016.56 -147.804 6031.54 -138.692
6004.51 -150.407 6047.4 -149.106
6000.4 -172.537 6063.86 -138.692
6010.98 -121.769 6080.01 -175.141
6027.43 -153.011 6095.58 -169.934
6044.17 -176.443 6111.15 -171.236
6058.57 -132.183 6128.19 -162.123
6075.61 -137.39 6142.87 -129.579
6090.29 -143.899 6159.62 -117.864
6107.33 -147.804 6175.18 -150.407
6124.08 -166.029 6191.34 -123.071
6140.52 -173.839 6207.78 -149.106
6156.09 -175.141 6223.94 -162.123
6171.95 -138.692 6240.68 -172.537
6187.81 -147.804 6256.53 -138.692
6204.55 -126.976 6271.51 -138.692
6221.29 -142.597 6287.07 -146.502
6236.86 -113.958 6303.52 -132.183
6252.42 -147.804 6321.14 -162.123
6267.99 -146.502 6335.52 -137.39
6284.43 -151.709 6352.85 -153.011
6301.46 -132.183 6368.7 -125.674
6316.73 -139.993 6383.97 -177.744
6332 -128.278 6399.23 -166.029
6349.32 -171.236 6415.09 -112.657
6363.71 -112.657 6432.11 -110.053
6381.03 -159.52 6447.38 -128.278
6396 -139.993 6463.52 -132.183
6412.74 -168.632 6480.26 -146.502
6428.59 -117.864 6495.52 -126.976
6444.44 -169.934 6512.25 -150.407
6460.88 -162.123 6527.81 -149.106
6477.61 -166.029 6543.95 -154.313
6492.58 -177.744 6559.8 -153.011
6508.14 -146.502 6576.23 -177.744
6525.46 -136.088 6592.37 -134.786
6541.01 -143.899 6608.8 -133.485
6557.74 -176.443 6625.24 -163.425
6573 -143.899 6640.79 -150.407
6588.85 -164.727 6656.63 -132.183
6605.28 -154.313 6673.06 -155.615
6620.54 -166.029 6688.32 -121.769
6637.27 -139.993 6704.75 -125.674
6653.11 -155.615 6721.18 -141.295
6669.54 -150.407 6737.02 -137.39
6684.51 -130.881 6752.86 -121.769
6700.64 -162.123 6767.53 -141.295
6717.37 -190.762 6785.13 -133.485
6733.8 -117.864 6800.68 -149.106
6748.17 -139.993 6816.52 -164.727
6764.6 -154.313 6833.24 -150.407
6781.9 -167.33 6849.07 -130.881
6797.45 -167.33 6865.2 -160.822
6813.58 -119.165 6880.75 -123.071
6829.13 -158.218 6897.46 -182.951
6845.55 -124.372 6913.3 -142.597
6861.39 -130.881 6928.25 -160.822
6877.81 -149.106 6944.97 -130.881
6893.65 -146.502 6961.68 -146.502
6909.19 -153.011 6978.39 -146.502
6925.91 -151.709 6993.64 -104.846
6942.03 -147.804 7009.47 -113.958
6958.16 -164.727 7025.01 -194.667
6974.29 -151.709 7040.84 -192.064
6989.24 -147.804 7057.84 -160.822
7006.25 -125.674 7073.38 -167.33
7021.49 -164.727 7089.5 -125.674
7038.2 -151.709 7105.33 -163.425
7054.33 -117.864 7121.45 -138.692
7069.28 -162.123 7137.86 -133.485
7085.69 -159.52 7153.98 -145.2
7101.23 -147.804 7169.81 -172.537
7117.05 -167.33 7186.22 -154.313
7134.05 -138.692 7201.16 -154.313
7150.76 -133.485 7218.16 -149.106
7166.29 -177.744 7233.69 -150.407
7182.12 -147.804 7249.51 -121.769
7198.24 -149.106 7265.92 -129.579
7214.06 -169.934 7281.74 -111.355
7228.71 -142.597 7298.44 -128.278
7246.29 -155.615 7314.85 -192.064
7261.53 -126.976 7329.79 -153.011
7277.64 -119.165 7346.49 -134.786
7294.34 -160.822 7362.02 -142.597
7310.75 -167.33 7377.25 -153.011
7325.69 -158.218 7394.82 -126.976
7342.09 -146.502 7409.76 -162.123
7358.21 -125.674 7427.04 -125.674
7373.73 -172.537 7442.56 -133.485
7390.43 -168.632 7457.79 -162.123
7406.54 -150.407 7473.61 -153.011
7422.94 -154.313 7490.3 -128.278
7437.88 -115.26 7506.4 -120.467
7453.69 -117.864 7522.8 -145.2
7470.97 -136.088 7537.73 -137.39
7486.2 -150.407 7554.72 -120.467
7501.72 -163.425 7570.53 -139.993
7518.12 -142.597 7586.92 -119.165
7533.64 -173.839 7603.32 -150.407
7550.03 -124.372 7619.42 -146.502
7566.72 -146.502 7633.76 -176.443
7582.53 -129.579 7651.04 -141.295
7598.05 -132.183 7667.14 -110.053
7615.03 -141.295 7682.36 -147.804
7631.13 -145.2 7698.75 -119.165
7646.06 -156.916 7714.55 -100.941
7662.74 -153.011 7731.23 -130.881
7678.26 -151.709 7747.33 -171.236
7694.36 -146.502 7762.84 -177.744
7710.16 -158.218 7778.94 -132.183
7726.84 -146.502 7794.74 -123.071
7742.65 -141.295 7811.13 -136.088
7758.16 -151.709 7828.1 -133.485
7774.26 -137.39 7844.19 -125.674
7791.23 -155.615 7859.41 -147.804
7807.03 -147.804 7875.79 -168.632
7823.12 -192.064 7891 -158.218
7838.92 -137.39 7906.8 -166.029
7854.73 -145.2 7924.06 -181.65
7870.52 -139.993 7939.57 -139.993
7886.03 -124.372 7954.49 -126.976
7901.83 -158.218 7971.74 -86.6215
7919.38 -129.579 7987.54 -123.071
7934.59 -160.822 8003.92 -136.088
7950.68 -146.502 8019.71 -125.674
7966.48 -146.502 8036.38 -159.52
7982.86 -125.674 8051.59 -123.071
7998.65 -113.958 8068.55 -139.993
8015.33 -133.485 8082.3 -136.088
8030.83 -154.313 8100.43 -139.993
8046.62 -129.579 8115.34 -124.372
8062.71 -190.762 8131.72 -133.485
8079.08 -129.579 8147.8 -182.951
8095.75 -175.141 8165.05 -145.2
8111.25 -169.934 8180.55 -169.934
8127.63 -151.709 8196.63 -158.218
8142.54 -143.899 8212.71 -104.846
8159.2 -154.313 8226.74 -113.958
8174.12 -153.011 8244.28 -138.692
8191.37 -159.52 8260.07 -112.657
8206.86 -163.425 8276.73 -99.639
8222.94 -155.615 8292.22 -139.993
8239.02 -172.537 8308.3 -155.615
8255.39 -143.899 8325.25 -146.502
8270.59 -117.864 8340.16 -129.579
8286.96 -141.295 8356.53 -119.165
8303.04 -121.769 8372.31 -133.485
8318.53 -177.744 8388.38 -163.425
8335.19 -133.485 8404.17 -159.52
8351.85 -141.295 8420.82 -146.502
8367.05 -163.425 8437.19 -134.786
8383.12 -167.33 8452.68 -175.141
8398.32 -142.597 8469.62 -115.26
8415.27 -93.1302 8485.69 -171.236
8431.05 -123.071 8500.3 -128.278
8447.71 -155.615 8517.54 -158.218
8462.32 -143.899 8533.91 -139.993
8479.27 -149.106 8549.68 -146.502
8494.75 -149.106 8565.17 -89.225
8511.41 -147.804 8580.65 -167.33
8526.6 -147.804 8597.3 -124.372
8543.55 -164.727 8612.49 -136.088
8559.32 -156.916 8629.14 -133.485
8574.81 -173.839 8644.92 -151.709
8591.46 -124.372 8660.4 -110.053
8607.53 -139.993 8677.05 -86.6215
8622.42 -168.632 8693.41 -133.485
8639.66 -158.218 8709.47 -128.278
8654.85 -149.106 8724.95 -130.881
8671.21 -123.071 8741.6 -143.899
8686.69 -132.183 8756.78 -106.148
8702.46 -146.502 8773.43 -110.053
8718.53 -149.106 8788.91 -154.313
8734.88 -137.39 8805.56 -154.313
8750.65 -128.278 8821.62 -142.597
8766.72 -149.106 8838.26 -146.502
8782.78 -155.615 8853.45 -133.485
8800.01 -167.33 8870.09 -138.692
8814.9 -104.846 8886.44 -166.029
8831.26 -141.295 8901.92 -128.278
8847.32 -160.822 8919.15 -138.692
8863.38 -116.562 8934.04 -110.053
8879.14 -158.218 8950.1 -128.278
8896.08 -163.425 8965.86 -128.278
8911.55 -137.39 8982.5 -137.39
8927.03 -156.916 8998.27 -151.709
8943.38 -137.39 9014.03 -143.899
8959.14 -129.579 9029.5 -166.029
8974.33 -130.881 9046.14 -163.425
8991.26 -139.993 9061.91 -117.864
9007.32 -151.709 9078.26 -116.562
9023.66 -134.786 9093.43 -121.769
9039.43 -149.106 9110.36 -153.011
9055.48 -142.597 9126.42 -145.2
9071.54 -133.485 9141.89 -134.786
9087.6 -113.958 9158.23 -134.786
9103.07 -173.839 9174 -139.993
9119.7 -154.313 9190.05 -120.467
9135.47 -132.183 9206.39 -136.088
9150.35 -147.804 9222.44 -153.011
9166.99 -169.934 9238.5 -146.502
9183.04 -171.236 9254.26 -160.822
9199.09 -171.236 9270.01 -168.632
9215.73 -108.751 9287.23 -147.804
9231.49 -125.674 9302.7 -158.218
9248.42 -125.674 9317.87 -138.692
9263.3 -117.864 9333.93 -156.916
9278.77 -150.407 9350.26 -113.958
9295.11 -146.502 9366.31 -145.2
9310.87 -159.52 9382.66 -129.579
9326.63 -154.313 9399 -126.976
9344.14 -120.467 9414.75 -132.183
9360.48 -167.33 9430.51 -149.106
9375.65 -159.52 9446.56 -136.088
9391.41 -136.088 9462.9 -138.692
9406.58 -201.176 9480.11 -106.148
9423.22 -197.271 9495.28 -119.165
9438.97 -163.425 9511.62 -176.443
9455.6 -156.916 9527.09 -133.485
9471.94 -112.657 9543.72 -179.046
9487.11 -124.372 9559.47 -155.615
9504.04 -138.692 9574.93 -164.727
9519.5 -136.088 9591.56 -138.692
9535.25 -130.881 9607.61 -133.485
9551.59 -147.804 9623.65 -155.615
9567.35 -139.993 9639.11 -133.485
9583.39 -167.33 9656.03 -124.372
9600.02 -139.993 9671.2 -134.786
9615.78 -149.106 9687.83 -167.33
9632.11 -151.709 9703.59 -136.088
9646.7 -175.141 9720.21 -136.088
9663.91 -128.278 9735.38 -159.52
9679.37 -147.804 9751.42 -128.278
9695.42 -156.916 9768.05 -154.313
9711.46 -184.253 9782.93 -146.502
9727.8 -154.313 9800.14 -128.278
9742.97 -126.976 9816.48 -156.916
9758.72 -145.2 9831.64 -172.537
9775.05 -121.769 9848.27 -154.313
9791.97 -120.467 9863.73 -95.7337
9807.14 -147.804 9881.23 -126.976
9823.48 -125.674 9895.52 -142.597
9840.1 -129.579 9912.73 -121.769
9855.27 -143.899 9928.19 -132.183
9870.73 -151.709 9945.1 -128.278
9887.06 -99.639 9959.69 -124.372
9903.4 -125.674 9976.9 -121.769
9919.15 -142.597 9991.48 -121.769
9936.06 -103.544 10008.4 -103.544
9951.52 -142.597 10025 -168.632
9967.57 -117.864 10040.8 -128.278
9983.61 -176.443 10056.8 -141.295
9999.36 -163.425 10072 -147.804
10016.9 -133.485 10088.9 -155.615
10031.7 -153.011 10104.9 -171.236
10047.5 -115.26 10120.1 -134.786
10064.1 -117.864 10137 -128.278
10079.6 -133.485 10153.1 -136.088
10095.6 -142.597 10169.1 -128.278
10111.6 -173.839 10185.1 -119.165
10127.7 -153.011 10201.2 -163.425
10143.7 -138.692 10216.9 -129.579
10160.1 -126.976 10233.5 -156.916
10175.2 -119.165 10249 -153.011
10191.9 -120.467 10265.1 -147.804
10207.6 -139.993 10281.4 -137.39
10223.3 -154.313 10296.5 -111.355
10239.7 -163.425 10313.2 -156.916
10255.7 -153.011 10328.3 -153.011
10272 -138.692 10345 -167.33
10287.5 -146.502 10361.6 -119.165
10303.5 -97.0355 10377.6 -141.295
10320.2 -141.295 10392.8 -138.692
10335.6 -128.278 10408 -123.071
10351.7 -123.071 10426.3 -149.106
10367.7 -153.011 10441.8 -163.425
10383.5 -169.934 10458.1 -159.52
10400.4 -179.046 10473.6 -103.544
10416.1 -130.881 10489.6 -137.39
10431.3 -138.692 10506 -172.537
10447.3 -139.993 10522.6 -130.881
10464 -113.958 10537.4 -125.674
10479.4 -162.123 10554.6 -102.243
10495.7 -156.916 10570.1 -128.278
10512.1 -143.899 10586.1 -115.26
10528.1 -141.295 10601.6 -146.502
10543.9 -121.769 10617.9 -136.088
10559.6 -116.562 10634 -136.088
10575.9 -120.467 10650.6 -147.804
10592 -84.0179 10665.8 -139.993
10608 -111.355 10681.8 -153.011
10624.4 -163.425 10698.4 -112.657
10639.8 -158.218 10714.2 -130.881
10656.1 -137.39 10730.5 -134.786
10672.2 -158.218 10746.3 -126.976
10687.9 -141.295 10762.6 -126.976
10704.3 -153.011 10779.5 -168.632
10719.4 -134.786 10794.7 -129.579
10735.5 -120.467 10810.4 -76.2074
10751.8 -126.976 10826.8 -128.278
10768.7 -139.993 10841.9 -162.123
10783.6 -141.295 10859.4 -143.899
10799.1 -166.029 10874.9 -134.786
10816 -115.26 10890.4 -179.046
10832 -134.786 10907.6 -158.218
10848.4 -134.786 10922.4 -138.692
10863.8 -141.295 10938.8 -147.804
10880.1 -150.407 10955.1 -136.088
10895.6 -130.881 10970.9 -130.881
10911.7 -141.295 10987.2 -124.372
10928 -126.976 11002.7 -147.804
10943.5 -137.39 11019.3 -134.786
10959.5 -112.657 11034.8 -147.804
10976.4 -97.0355 11051.4 -141.295
10992.5 -119.165 11066.8 -163.425
11007.9 -139.993 11083.2 -119.165
11023.7 -146.502 11099.8 -142.597
11040.3 -168.632 11114.4 -108.751
11055.5 -139.993 11131.3 -159.52
11072.1 -150.407 11147.9 -138.692
11087.6 -130.881 11162.8 -138.692
11103.3 -146.502 11180 -132.183
11120.2 -110.053 11195.2 -155.615
11135.4 -141.295 11211.8 -130.881
11152 -124.372 11227.3 -138.692
11168.1 -145.2 11243.6 -151.709
11184.7 -138.692 11260 -138.692
11199.9 -100.941 11276.3 -163.425
11215.6 -158.218 11290.9 -171.236
11232.3 -117.864 11307.5 -121.769
11248.3 -113.958 11323.6 -182.951
11264.1 -162.123 11340.5 -111.355
11279.5 -143.899 11356.9 -162.123
11295.3 -125.674 11372.3 -151.709
11312.2 -138.692 11388.4 -134.786
11328.5 -119.165 11404.1 -145.2
11343.1 -126.976 11420.5 -146.502
11359.5 -129.579 11436.5 -156.916
11376.4 -137.39 11452.9 -164.727
11391.3 -119.165 11467.7 -141.295
11407.9 -115.26 11483.8 -163.425
11424 -130.881 11500.4 -150.407
11440.3 -129.579 11516.8 -115.26
11456.6 -121.769 11531.7 -155.615
11471.8 -147.804 11548.6 -151.709
11487.3 -132.183 11564.6 -159.52
11504.5 -128.278 11581 -168.632
11520.3 -110.053 11596.4 -175.141
11536.6 -110.053 11613.1 -129.579
11551.8 -124.372 11629.1 -130.881
11568.4 -132.183 11645.2 -130.881
11583.9 -134.786 11660.9 -130.881
11600.5 -162.123 11676.7 -158.218
11616.3 -121.769 11692.8 -176.443
11631.8 -130.881 11709.4 -150.407
11648.4 -128.278 11724.9 -137.39
11663 -108.751 11741.2 -162.123
11680.2 -141.295 11757.6 -198.572
11695.4 -146.502 11773.3 -171.236
11712 -133.485 11789.1 -130.881
11728.4 -160.822 11804.3 -150.407
11744.4 -137.39 11821.2 -120.467
11760.8 -156.916 11836.7 -154.313
11776 -129.579 11853.6 -156.916
11791.4 -142.597 11869.7 -126.976
11808.7 -133.485 11885.7 -154.313
11824.7 -160.822 11900.3 -129.579
11840.2 -134.786 11917.6 -125.674
11856.5 -104.846 11933.3 -162.123
11870.9 -125.674 11949.4 -142.597
11888.1 -123.071 11965.8 -123.071
11904.1 -115.26 11981.8 -175.141
11919.3 -141.295 11997.6 -180.348
11936.3 -89.225 12012.8 -158.218
11952.3 -112.657 12029.7 -143.899
11967.8 -147.804 12045.5 -149.106
11983.6 -123.071 12061.5 -179.046
12000.8 -143.899 12077.9 -156.916
12016.3 -129.579 12093.9 -153.011
12031.7 -154.313 12109.4 -175.141
12048.4 -137.39 12126.1 -166.029
12064.2 -107.45 12142.7 -160.822
12080.8 -139.993 12158.8 -150.407
12096.3 -123.071 12174.3 -162.123
12111.5 -95.7337 12190.3 -141.295
12128.1 -143.899 12206.7 -134.786
12145.1 -136.088 12223.1 -134.786
12159.7 -143.899 12238.2 -145.2
12176.3 -141.295 12254.3 -159.52
12191.2 -145.2 12271.3 -189.46
12207.9 -126.976 12287.3 -189.46
12224.5 -117.864 12303.1 -146.502
12240.3 -138.692 12318.3 -143.899
12255.5 -126.976 12334.9 -107.45
12271.8 -116.562 12350.1 -136.088
12287.6 -130.881 12367.1 -172.537
12304.6 -141.295 12383.5 -145.2
12319.8 -115.26 12399.5 -153.011
12336.1 -156.916 12415.9 -155.615
12351.9 -115.26 12430.8 -138.692
12368.3 -100.941 12447.2 -142.597
12384.6 -102.243 12462.6 -111.355
12399.8 -90.5267 12479.9 -142.597
12416.5 -136.088 12495.4 -116.562
12432.3 -94.432 12511.2 -173.839
12448.6 -126.976 12527.8 -162.123
12463.8 -139.993 12543.9 -139.993
12480.2 -136.088 12560 -149.106
12496.2 -86.6215 12576.9 -163.425
12512 -107.45 12590.9 -136.088
12527.2 -90.5267 12607.3 -91.8285
12544.5 -97.0355 12624.3 -112.657
12560.5 -78.8109 12639.8 -138.692
12576 -85.3197 12656.1 -195.969
12592.4 -121.769 12672.5 -181.65
12608.2 -78.8109 12687.4 -166.029
12624.3 -78.8109 12704.1 -123.071
12640 -100.941 12720.7 -176.443
12656.1 -103.544 12735.9 -134.786
12672.2 -71.0004 12752.6 -145.2
12688 -60.5863 12768.1 -125.674
12703.2 -84.0179 12783.9 -156.916
12719.6 -51.474 12800.3 -185.555
12736.5 -47.5688 12816.3 -201.176
12752 -34.5512 12832.4 -198.572
12768.7 7.10496 12849.4 -169.934
12784.5 -7.21435 12864.6 -154.313
12799.4 44.8559 12881 -156.916
12815.8 13.6137 12896.8 -194.667
12832.4 18.8208 12912.2 -201.176
12848.8 21.4243 12928.3 -188.158
12864 -8.5161 12944.4 -227.211
12879.8 4.50145 12960.8 -216.797
12896.2 42.2524 12977.2 -179.046
12911.9 73.4945 12993.3 -172.537
12928 57.8734 13008.8 -172.537
12943.8 51.3647 13026.3 -198.572
12959.9 96.9261 13041.5 -207.685
12976.3 52.6664 13057.3 -208.986
12992.1 52.6664 13073.4 -195.969
13007.6 72.1928 13089.8 -176.443
13024.3 91.7191 13105.6 -141.295
13040.1 104.737 13122 -155.615
13055.9 111.245 13137.5 -113.958
13071.6 102.133 13154.1 -104.846
13088.6 128.168 13168.8 -125.674
13102.9 143.789 13186.3 -143.899
13119.9 104.737 13200.9 -126.976
13136 134.677 13218.8 -132.183
13152.7 128.168 13233.4 -129.579
13168.5 156.807 13250.1 -95.7337
13184.9 210.179 13266.8 -112.657
13200.1 169.824 13281.7 -73.6039
13215.3 217.989 13297.8 -95.7337
13232.3 225.8 13314.8 -121.769
13248 207.575 13330.6 -95.7337
13264.4 201.067 13346.4 -95.7337
13279.6 208.877 13362.2 -85.3197
13296.3 214.084 13378.6 -68.3969
13312.1 198.463 13394.9 -47.5688
13327.6 221.895 13411 -46.267
13344 241.421 13426.3 -12.4214
13360.1 293.491 13442.9 -51.474
13375.9 293.491 13458.7 -52.7758
13391.4 306.509 13475.7 -31.9477
13407.2 276.568 13491.2 -39.7582
13424.5 268.758 13506.7 17.519
13440.9 290.888 13523.7 34.4418
13454.9 303.905 13539.8 55.2699
13471.6 326.035 13555 3.1997
13487.7 368.993 13571.1 29.2348
13504.1 316.923 13587.5 -9.81786
13519.3 315.621 13603.3 29.2348
13534.8 380.709 13620.3 52.6664
13552.7 353.372 13635.8 34.4418
13567.6 371.597 13652.2 102.133
13583.7 372.898 13667.4 90.4173
13600.7 397.632 13684.1 93.0208
13615.6 414.554 13699.9 82.6068
13631.4 410.649 13716 111.245
13647.8 451.004 13732.4 125.565
13664.5 441.891 13748.3 106.038
13680.3 426.27 13764.9 145.091
13695.8 430.176 13781.3 180.238
13711.7 428.874 13796.5 198.463
13728.6 443.193 13813 195.86
13743.9 461.418 13828.5 227.102
13760 535.618 13845.4 185.445
13775.5 525.204 13861 217.989
13792.8 553.842 13877.7 219.291
13807.4 535.618 13893.2 270.06
13824.4 543.428 13909.6 272.663
13840.2 491.358 13926.3 346.863
13856 538.221 13942.7 371.597
13871.5 570.765 13959.1 389.821
13888.2 573.369 13975.8 398.933
13902.8 616.327 13991.6 392.425
13920.4 629.344 13999.2 380.709
13936.8 655.379 13983.7 445.797
13951.7 553.842 13967.6 464.021
