6016.56 -119.165 6031.25 -133.485
6005.1 -100.941 6047.4 -130.881
6000.1 -129.579 6064.15 -133.485
6010.98 -108.751 6079.72 -180.348
6026.84 -107.45 6095.29 -147.804
6043.88 -112.657 6111.15 -179.046
6060.04 -89.225 6127.89 -146.502
6075.61 -104.846 6142.87 -141.295
6090.59 -84.0179 6159.32 -119.165
6108.21 -117.864 6176.06 -155.615
6124.37 -134.786 6191.63 -158.218
6138.76 -125.674 6208.08 -169.934
6155.8 -107.45 6223.94 -171.236
6172.24 -116.562 6240.38 -158.218
6188.11 -128.278 6255.65 -145.2
6204.85 -102.243 6271.8 -154.313
6220.41 -81.4144 6287.95 -164.727
6235.98 -115.26 6303.81 -142.597
6252.42 -108.751 6319.96 -149.106
6268.87 -97.0355 6335.82 -150.407
6284.14 -107.45 6351.97 -150.407
6300.88 -103.544 6368.41 -147.804
6317.03 -104.846 6382.79 -166.029
6332.29 -106.148 6400.41 -126.976
6348.73 -97.0355 6416.55 -158.218
6364.59 -115.26 6431.23 -132.183
6381.03 -130.881 6447.38 -159.52
6396.89 -142.597 6463.82 -139.993
6412.15 -123.071 6479.67 -137.39
6428.59 -103.544 6496.4 -176.443
6445.62 -116.562 6512.25 -184.253
6461.76 -117.864 6527.51 -158.218
6477.32 -126.976 6545.41 -147.804
6492.29 -102.243 6560.68 -143.899
6509.02 -115.26 6576.23 -142.597
6525.16 -117.864 6592.37 -163.425
6541.31 -71.0004 6608.51 -147.804
6557.74 -91.8285 6625.24 -136.088
6573 -113.958 6640.2 -159.52
6588.56 -123.071 6657.22 -150.407
6604.4 -120.467 6672.48 -160.822
6621.42 -134.786 6688.32 -169.934
6636.68 -84.0179 6705.04 -133.485
6652.52 -107.45 6721.18 -130.881
6669.84 -146.502 6737.02 -134.786
6683.92 -76.2074 6753.16 -128.278
6701.23 -102.243 6768.41 -175.141
6717.95 -102.243 6785.13 -146.502
6733.5 -107.45 6801.85 -155.615
6749.34 -95.7337 6817.4 -143.899
6765.77 -117.864 6832.06 -108.751
6781.61 -98.3372 6849.07 -133.485
6797.45 -80.1127 6865.5 -145.2
6814.17 -85.3197 6881.63 -145.2
6830.3 -107.45 6897.76 -150.407
6845.55 -112.657 6913.01 -143.899
6861.39 -132.183 6929.13 -151.709
6877.52 -134.786 6946.14 -147.804
6894.24 -115.26 6960.8 -159.52
6908.61 -97.0355 6978.1 -145.2
6925.91 -113.958 6993.05 -132.183
6941.74 -110.053 7008.89 -151.709
6957.87 -85.3197 7025.6 -147.804
6974.58 -112.657 7041.13 -179.046
6990.41 -87.9232 7058.14 -134.786
7005.66 -124.372 7073.38 -153.011
7021.49 -145.2 7089.5 -121.769
7037.03 -130.881 7105.62 -177.744
7054.62 -77.5092 7121.74 -160.822
7070.15 -124.372 7137.86 -177.744
7085.98 -106.148 7153.69 -126.976
7101.81 -103.544 7169.22 -125.674
7117.93 -93.1302 7185.93 -139.993
7134.05 -94.432 7201.46 -167.33
7150.76 -108.751 7217.87 -143.899
7166.29 -94.432 7234.57 -169.934
7182.12 -78.8109 7249.22 -104.846
7197.94 -89.225 7266.51 -121.769
7213.77 -99.639 7282.04 -139.993
7230.18 -91.8285 7298.15 -155.615
7246 -124.372 7314.26 -132.183
7261.82 -121.769 7329.5 -123.071
7277.64 -126.976 7346.2 -106.148
7294.93 -91.8285 7361.43 -168.632
7308.99 -104.846 7377.25 -150.407
7325.98 -89.225 7394.53 -141.295
7342.09 -85.3197 7409.76 -171.236
7357.91 -113.958 7426.45 -129.579
7374.61 -130.881 7442.27 -150.407
7390.14 -123.071 7458.08 -145.2
7406.24 -98.3372 7474.78 -112.657
7422.65 -113.958 7490.3 -146.502
7437.88 -126.976 7506.4 -136.088
7453.11 -106.148 7522.22 -166.029
7470.68 -115.26 7538.61 -142.597
7487.37 -98.3372 7554.42 -147.804
7502.6 -129.579 7570.82 -156.916
7517.82 -106.148 7586.92 -113.958
7533.64 -124.372 7603.32 -143.899
7550.33 -108.751 7618.54 -115.26
7566.14 -111.355 7634.64 -151.709
7582.53 -125.674 7651.04 -138.692
7598.63 -82.7162 7667.43 -120.467
7614.74 -128.278 7682.65 -116.562
7630.84 -116.562 7698.75 -173.839
7646.06 -125.674 7713.97 -141.295
7662.45 -110.053 7730.94 -113.958
7679.14 -99.639 7747.63 -158.218
7693.77 -89.225 7762.26 -177.744
7710.45 -113.958 7778.94 -136.088
7727.43 -110.053 7794.74 -171.236
7743.23 -125.674 7811.42 -149.106
7758.45 -107.45 7827.81 -112.657
7773.67 -134.786 7843.31 -117.864
7790.64 -108.751 7859.7 -160.822
7806.15 -120.467 7875.21 -145.2
7822.54 -76.2074 7891.3 -154.313
7838.63 -65.7934 7907.1 -156.916
7854.14 -107.45 7924.36 -138.692
7870.82 -108.751 7939.57 -141.295
7886.62 -108.751 7954.78 -128.278
7902.41 -106.148 7971.16 -177.744
7918.5 -123.071 7987.54 -154.313
7934.89 -104.846 8004.21 -158.218
7951.27 -138.692 8020.01 -166.029
7967.06 -117.864 8036.09 -124.372
7982.57 -90.5267 8051.59 -136.088
7999.24 -156.916 8068.85 -142.597
8014.16 -56.6811 8082.3 -145.2
8030.83 -76.2074 8100.14 -155.615
8046.91 -86.6215 8115.64 -126.976
8063 -112.657 8131.43 -153.011
8079.38 -104.846 8148.09 -159.52
8096.04 -106.148 8163.3 -158.218
8111.25 -100.941 8180.55 -142.597
8127.33 -57.9828 8196.04 -171.236
8142.54 -91.8285 8212.42 -128.278
8159.2 -111.355 8227.91 -139.993
8175.29 -106.148 8243.99 -125.674
8190.78 -149.106 8260.07 -123.071
8207.74 -121.769 8276.44 -153.011
8222.36 -95.7337 8292.81 -121.769
8239.31 -116.562 8308.89 -124.372
8255.39 -94.432 8324.08 -158.218
8270.89 -110.053 8340.16 -134.786
8286.67 -112.657 8356.24 -130.881
8302.16 -106.148 8372.9 -154.313
8317.95 -106.148 8388.09 -133.485
8335.48 -67.0951 8404.46 -143.899
8350.68 -129.579 8420.24 -128.278
8366.46 -112.657 8437.48 -125.674
8383.12 -81.4144 8452.97 -159.52
8398.61 -115.26 8469.04 -156.916
8415.56 -72.3021 8485.11 -106.148
8431.05 -128.278 8500.6 -139.993
8447.42 -163.425 8516.96 -159.52
8462.61 -121.769 8533.32 -156.916
8479.56 -95.7337 8549.1 -149.106
8495.34 -117.864 8565.17 -173.839
8511.11 -103.544 8581.82 -121.769
8527.77 -116.562 8596.43 -151.709
8542.38 -100.941 8612.2 -132.183
8559.03 -73.6039 8628.85 -151.709
8575.1 -102.243 8644.92 -113.958
8591.17 -147.804 8660.4 -149.106
8606.94 -121.769 8677.05 -129.579
8623.3 -125.674 8693.11 -173.839
8639.37 -117.864 8709.76 -162.123
8654.85 -90.5267 8725.24 -164.727
8671.5 -104.846 8741.89 -173.839
8686.98 -110.053 8757.37 -116.562
8703.05 -85.3197 8773.43 -100.941
8718.53 -158.218 8789.49 -182.951
8734.59 -100.941 8805.85 -151.709
8750.65 -76.2074 8821.91 -120.467
8767.01 -102.243 8837.97 -120.467
8783.07 -133.485 8853.16 -194.667
8799.13 -103.544 8870.68 -137.39
8815.78 -90.5267 8885.28 -146.502
8830.67 -123.071 8901.63 -158.218
8846.73 -132.183 8917.69 -134.786
8863.96 -95.7337 8934.91 -129.579
8879.14 -117.864 8949.8 -138.692
8894.91 -111.355 8965.57 -128.278
8911.55 -104.846 8982.21 -150.407
8926.45 -113.958 8997.68 -141.295
8943.38 -106.148 9013.74 -112.657
8959.73 -93.1302 9029.5 -125.674
8974.91 -74.9056 9046.44 -116.562
8990.09 -103.544 9061.61 -136.088
9006.73 -107.45 9078.26 -151.709
9023.08 -126.976 9094.02 -149.106
9040.01 -139.993 9110.36 -176.443
9054.9 -136.088 9126.42 -154.313
9071.54 -121.769 9142.47 -158.218
9087.3 -103.544 9158.23 -137.39
9103.94 -93.1302 9174 -173.839
9118.83 -78.8109 9190.05 -142.597
9134.59 -106.148 9206.98 -150.407
9151.81 -106.148 9222.44 -155.615
9166.7 -78.8109 9238.2 -137.39
9182.46 -90.5267 9255.42 -115.26
9199.09 -125.674 9270.01 -147.804
9214.85 -130.881 9286.65 -130.881
9231.78 -111.355 9303.57 -146.502
9246.96 -93.1302 9319.04 -150.407
9262.43 -102.243 9334.51 -133.485
9279.35 -81.4144 9350.26 -158.218
9295.99 -100.941 9367.19 -163.425
9310.87 -104.846 9383.24 -134.786
9326.05 -104.846 9400.16 -159.52
9343.84 -111.355 9415.04 -133.485
9360.19 -78.8109 9431.39 -147.804
9375.36 -102.243 9445.97 -121.769
9391.41 -95.7337 9463.77 -112.657
9406.58 -102.243 9478.94 -138.692
9422.92 -111.355 9495.58 -151.709
9439.26 -111.355 9511.62 -182.951
9455.31 -113.958 9527.09 -176.443
9471.65 -119.165 9543.72 -136.088
9487.7 -94.432 9559.18 -126.976
9503.45 -120.467 9575.52 -136.088
9518.92 -72.3021 9591.85 -156.916
9535.84 -60.5863 9607.9 -139.993
9551.01 -120.467 9622.78 -142.597
9567.06 -134.786 9639.99 -141.295
9583.1 -100.941 9655.74 -123.071
9599.15 -138.692 9671.79 -137.39
9615.48 -132.183 9686.96 -139.993
9631.82 -100.941 9703.59 -117.864
9647.28 -132.183 9720.21 -163.425
9663.04 -94.432 9735.97 -147.804
9679.66 -104.846 9752.01 -150.407
9695.71 -106.148 9767.47 -162.123
9710.88 -139.993 9783.8 -156.916
9727.8 -126.976 9799.85 -167.33
9743.84 -95.7337 9816.18 -141.295
9759.3 -100.941 9832.22 -150.407
9775.34 -100.941 9848.85 -154.313
9791.68 -84.0179 9864.31 -117.864
9808.31 -85.3197 9880.35 -147.804
9824.06 -136.088 9895.52 -151.709
9840.39 -123.071 9912.44 -184.253
9854.98 -107.45 9927.9 -154.313
9871.6 -93.1302 9943.94 -168.632
9887.94 -85.3197 9961.15 -142.597
9903.69 -132.183 9976.9 -104.846
9918.56 -115.26 9991.48 -141.295
9935.77 -69.6986 10008.4 -130.881
9951.81 -112.657 10025 -168.632
9966.69 -119.165 10041.1 -126.976
9984.48 -132.183 10056.2 -128.278
9999.94 -128.278 10071.7 -149.106
10015.1 -121.769 10088.3 -167.33
10032 -120.467 10104.4 -167.33
10048.1 -103.544 10121 -125.674
10064.1 -98.3372 10137.3 -112.657
10079.9 -72.3021 10153.4 -113.958
10095.6 -95.7337 10168.2 -128.278
10111.9 -111.355 10185.4 -111.355
10127.4 -113.958 10201.2 -156.916
10143.7 -93.1302 10216.9 -164.727
10159.8 -89.225 10232.7 -149.106
10175.5 -99.639 10248.7 -113.958
10191.3 -121.769 10264.8 -124.372
10207.9 -136.088 10281.4 -121.769
10223.6 -111.355 10297.4 -116.562
10239.4 -100.941 10313.2 -133.485
10255.7 -126.976 10330.1 -123.071
10272 -119.165 10345 -159.52
10287.5 -128.278 10362.2 -132.183
10303.8 -115.26 10377.9 -142.597
10319.3 -103.544 10394 -125.674
10336.2 -90.5267 10409.1 -125.674
10352 -110.053 10425.4 -119.165
10367.7 -103.544 10441.5 -128.278
10384.3 -119.165 10457.5 -128.278
10399.8 -133.485 10473.9 -164.727
10416.1 -91.8285 10489.6 -160.822
10431.3 -113.958 10505.7 -167.33
10447.9 -73.6039 10522 -136.088
10463.4 -69.6986 10538 -125.674
10480 -61.8881 10552.9 -134.786
10495.2 -107.45 10569.8 -113.958
10511.8 -132.183 10585.3 -136.088
10527.2 -128.278 10601.6 -188.158
10543.9 -151.709 10617.4 -160.822
10559.9 -91.8285 10633.7 -130.881
10575.1 -112.657 10650.9 -153.011
10591.4 -149.106 10666.7 -123.071
10608 -65.7934 10681.5 -133.485
10623.5 -99.639 10699 -150.407
10639.5 -134.786 10715.1 -141.295
10655.3 -150.407 10730.5 -139.993
10671.9 -117.864 10747.4 -166.029
10687.4 -134.786 10762.6 -123.071
10702.8 -142.597 10778.9 -123.071
10719.7 -99.639 10793.8 -136.088
10735.8 -98.3372 10810.7 -98.3372
10752.1 -117.864 10827.1 -145.2
10768.1 -76.2074 10842.2 -124.372
10784.2 -106.148 10858.6 -160.822
10799.4 -110.053 10874.9 -142.597
10815.4 -112.657 10890.4 -132.183
10832.3 -139.993 10907 -147.804
10847.8 -89.225 10923.3 -185.555
10864.1 -86.6215 10938.5 -199.874
10879 -120.467 10955.4 -133.485
10895.9 -117.864 10970.9 -126.976
10911.9 -125.674 10987.5 -120.467
10928.6 -145.2 11003 -121.769
10943.2 -104.846 11019.3 -167.33
10959.8 -158.218 11034.2 -153.011
10976.4 -111.355 11051.7 -139.993
10992.8 -102.243 11066.8 -168.632
11007.6 -93.1302 11083.8 -132.183
11023.7 -112.657 11099.5 -134.786
11040.3 -116.562 11115.3 -137.39
11056.1 -128.278 11131.9 -156.916
11071.2 -123.071 11147.1 -130.881
11087.9 -130.881 11164 -156.916
11104.5 -124.372 11179.8 -146.502
11121.1 -132.183 11195.2 -143.899
11135.7 -112.657 11211.8 -141.295
11151.5 -99.639 11227.9 -149.106
11168.1 -126.976 11243.6 -150.407
11183.8 -104.846 11259.4 -138.692
11200.5 -125.674 11276.3 -150.407
11216.2 -91.8285 11291.8 -146.502
11231.7 -111.355 11307.5 -138.692
11248.6 -95.7337 11324.2 -133.485
11263.8 -141.295 11341.1 -147.804
11279.5 -104.846 11355.7 -126.976
11295.3 -104.846 11372.6 -120.467
11311.9 -95.7337 11388.4 -159.52
11327.7 -134.786 11405.6 -106.148
11344 -147.804 11420.2 -99.639
11359.8 -132.183 11436.2 -150.407
11376.4 -146.502 11452.3 -168.632
11391.6 -136.088 11468.9 -147.804
11407.9 -73.6039 11483.5 -155.615
11424 -121.769 11500.7 -153.011
11439.7 -85.3197 11515.9 -163.425
11456.1 -56.6811 11532.8 -171.236
11472.1 -104.846 11548.3 -160.822
11488.2 -143.899 11564 -167.33
11504.2 -120.467 11581 -147.804
11520.6 -134.786 11597.3 -156.916
11536.3 -106.148 11613.7 -137.39
11551.8 -100.941 11628.3 -133.485
11568.1 -98.3372 11644 -158.218
11584.2 -81.4144 11660.7 -166.029
11599.9 -97.0355 11676.4 -167.33
11615.7 -111.355 11692.5 -182.951
11631.8 -126.976 11708.8 -139.993
11648.1 -146.502 11725.2 -172.537
11663.9 -115.26 11741.8 -149.106
11679.6 -113.958 11757.6 -128.278
11696 -111.355 11772.8 -145.2
11712 -80.1127 11790 -128.278
11727.8 -99.639 11804.6 -159.52
11743.6 -106.148 11820.9 -137.39
11760.2 -132.183 11837.3 -133.485
11776 -110.053 11853.3 -179.046
11792 -123.071 11869.7 -179.046
11807.8 -100.941 11886.3 -162.123
11824.1 -110.053 11901.2 -106.148
11839.9 -80.1127 11917.6 -124.372
11856 -98.3372 11932.8 -143.899
11872.3 -111.355 11950 -192.064
11888.1 -98.3372 11965.5 -139.993
11904.1 -90.5267 11981.2 -177.744
11919.3 -132.183 11997.6 -163.425
11936 -121.769 12014.2 -151.709
11952.9 -128.278 12030.3 -115.26
11968.4 -117.864 12046.4 -192.064
11983.3 -98.3372 12061.5 -134.786
12000.5 -103.544 12078.2 -145.2
12015.7 -94.432 12093.7 -153.011
12031.4 -98.3372 12110.6 -151.709
12048.1 -163.425 12127.3 -156.916
12065 -129.579 12143.3 -155.615
12080.2 -90.5267 12158.2 -123.071
12095.4 -93.1302 12174 -142.597
12111.8 -125.674 12190 -139.993
12128.4 -82.7162 12206.4 -160.822
12143.3 -91.8285 12223.6 -184.253
12159.7 -104.846 12238.8 -153.011
12175.7 -93.1302 12253.7 -180.348
12192.1 -108.751 12271 -155.615
12207.9 -110.053 12287 -129.579
12223.3 -93.1302 12302.8 -117.864
12239.7 -80.1127 12319.2 -126.976
12256.6 -87.9232 12334.9 -134.786
12272.1 -67.0951 12350.7 -136.088
12287.9 -86.6215 12367.1 -137.39
12305.1 -111.355 12382.9 -132.183
12319.8 -108.751 12398.9 -164.727
12335.8 -74.9056 12414.7 -182.951
12351.9 -81.4144 12431.4 -145.2
12368.3 -72.3021 12447.2 -154.313
12384.3 -64.4916 12464.1 -113.958
12400.1 -84.0179 12478.4 -121.769
12416.2 -47.5688 12495.7 -121.769
12432.5 -68.3969 12510.9 -166.029
12448 -95.7337 12528.1 -189.46
12464.4 -116.562 12543 -149.106
12480.2 -61.8881 12559.7 -159.52
12496.2 -74.9056 12575.7 -143.899
12512 -74.9056 12591.2 -149.106
12527.2 -17.6284 12607.9 -162.123
12543.6 -60.5863 12624 -166.029
12560 -61.8881 12639.8 -193.365
12575.5 -43.6635 12656.4 -194.667
12592.1 -61.8881 12671.9 -163.425
12608.2 -43.6635 12687.1 -173.839
12623.1 -60.5863 12704.4 -166.029
12639.8 -29.3442 12720.4 -142.597
12656.7 -9.81786 12735.9 -171.236
12672.2 -29.3442 12752.6 -177.744
12687.4 -18.9302 12768.7 -163.425
12703.8 24.0278 12783 -186.857
12720.7 -31.9477 12800.8 -194.667
12735 -37.1547 12816.6 -225.909
12752.6 -18.9302 12832.7 -257.151
12768.1 -4.61084 12848.5 -227.211
12784.2 46.1576 12864.3 -206.383
12800.3 43.5541 12880.7 -210.288
12815.5 51.3647 12897 -198.572
12832.4 69.5892 12912.5 -238.927
12847.9 48.7611 12928.3 -219.401
12863.4 35.7436 12945.3 -235.022
12880.1 63.0805 12960.8 -212.892
12896.2 89.1156 12977.2 -205.081
12912.8 83.9085 12993.6 -202.478
12928 106.038 13009.1 -154.313
12943.5 143.789 13025.7 -195.969
12960.8 135.979 13040.6 -179.046
12975.7 108.642 13057.6 -159.52
12992.7 124.263 13072.5 -182.951
13007.6 96.9261 13089.8 -184.253
13024 142.488 13106.2 -210.288
13039.8 142.488 13122.8 -179.046
13055.6 173.73 13137.5 -171.236
13072.2 197.161 13154.1 -171.236
13088.9 225.8 13169.9 -154.313
13102.7 206.274 13186.6 -215.495
13119.6 185.445 13202.1 -167.33
13136.3 177.635 13218.2 -150.407
13152.4 175.031 13234.6 -156.916
13168.8 220.593 13250.1 -145.2
13184.3 224.498 13265.3 -108.751
13200.9 285.681 13281.7 -130.881
13215.9 286.982 13297.8 -90.5267
13232.3 271.361 13314.5 -150.407
13248.6 285.681 13330 -143.899
13263.6 246.628 13346.4 -100.941
13279.4 236.214 13362.5 -90.5267
13296 254.439 13378.6 -84.0179
13312.1 294.793 13394.4 -104.846
13327.3 302.604 13410.2 -76.2074
13343.4 316.923 13426.6 -80.1127
13360.7 331.242 13443.2 -78.8109
13376.2 376.804 13458.7 -81.4144
13392 359.881 13475.1 -39.7582
13407.8 368.993 13490.6 -74.9056
13423.6 339.053 13507 -61.8881
13440.3 358.579 13522.5 -46.267
13456.4 393.726 13539.2 -26.7407
13471.6 418.46 13554.7 -5.91259
13488.3 444.495 13571.1 25.3295
13504.7 456.211 13588.1 9.70847
13520.2 423.667 13602.8 -3.30908
13536.3 423.667 13620.3 30.5366
13552.4 384.614 13635 44.8559
13567.9 410.649 13652.2 51.3647
13584.6 434.081 13668.6 60.4769
13600.7 422.365 13683.8 116.452
13615 508.281 13699.4 109.944
13631.4 504.376 13716.6 86.5121
13647.2 523.902 13732.7 132.074
13664.8 517.393 13748.8 158.109
13680 499.169 13764.9 168.523
13695.3 466.625 13781.6 160.712
13711.9 514.79 13796.5 203.67
13728.3 499.169 13813.5 208.877
13743.6 556.446 13829.1 272.663
13759.7 565.558 13845.2 249.232
13776.4 583.783 13861 263.551
13791.6 572.067 13877.1 272.663
13808.3 582.481 13893.5 288.284
13823.2 587.688 13909.6 283.077
13839.9 595.499 13926.6 370.295
13856.6 618.93 13943.3 363.786
13872.4 631.948 13959.1 432.779
13887.3 678.811 13976.1 469.228
13903.1 686.621 13992.2 440.59
13919.2 650.172 14000.6 495.263
13936.5 707.45 13983.4 439.288
13951.7 572.067 13968.1 466.625
