6016.85 -86.6215 6031.83 -69.6986
6004.81 -82.7162 6047.11 -74.9056
6000.69 -97.0355 6064.44 -69.6986
6011.56 -84.0179 6078.25 -81.4144
6027.43 -74.9056 6094.99 -86.6215
6043.59 -81.4144 6111.74 -116.562
6058.86 -67.0951 6127.01 -61.8881
6075.61 -78.8109 6143.75 -87.9232
6091.47 -87.9232 6159.32 -77.5092
6107.63 -77.5092 6175.18 -69.6986
6124.08 -94.432 6191.63 -34.5512
6140.23 -59.2846 6207.19 -116.562
6157.27 -108.751 6224.52 -117.864
6171.66 -84.0179 6239.21 -71.0004
6188.11 -99.639 6255.36 -115.26
6204.55 -73.6039 6271.51 -77.5092
6219.53 -85.3197 6287.95 -91.8285
6236.27 -55.3793 6304.4 -93.1302
6252.72 -100.941 6319.08 -63.1898
6267.99 -115.26 6335.82 -113.958
6284.14 -73.6039 6351.97 -46.267
6300.58 -86.6215 6368.41 -89.225
6316.44 -67.0951 6384.26 -82.7162
6331.41 -73.6039 6399.53 -95.7337
6348.73 -72.3021 6415.97 -117.864
6364.3 -69.6986 6432.11 -110.053
6381.33 -72.3021 6447.97 -90.5267
6396.3 -107.45 6464.11 -76.2074
6413.03 -87.9232 6480.55 -76.2074
6428.59 -67.0951 6496.99 -121.769
6445.03 -111.355 6512.25 -86.6215
6460.88 -91.8285 6528.69 -89.225
6476.73 -90.5267 6544.24 -56.6811
6492.88 -74.9056 6560.68 -84.0179
6509.31 -90.5267 6576.52 -108.751
6525.46 -87.9232 6592.37 -60.5863
6541.31 -81.4144 6608.51 -102.243
6557.15 -87.9232 6624.36 -107.45
6572.71 -90.5267 6640.79 -102.243
6588.85 -55.3793 6656.93 -100.941
6605.28 -67.0951 6672.48 -108.751
6622.01 -63.1898 6688.32 -93.1302
6637.27 -99.639 6704.75 -90.5267
6653.11 -97.0355 6720.01 -74.9056
6669.25 -95.7337 6736.44 -57.9828
6685.68 -100.941 6753.16 -112.657
6701.23 -65.7934 6769.29 -116.562
6717.37 -113.958 6783.96 -64.4916
6734.09 -87.9232 6801.56 -107.45
6748.46 -89.225 6817.1 -104.846
6765.18 -84.0179 6832.36 -112.657
6781.61 -64.4916 6849.37 -115.26
6797.16 -95.7337 6865.79 -86.6215
6813.88 -67.0951 6881.04 -145.2
6829.72 -91.8285 6897.17 -89.225
6845.55 -94.432 6913.59 -100.941
6861.98 -93.1302 6928.84 -68.3969
6877.52 -76.2074 6946.14 -100.941
6894.53 -87.9232 6961.39 -63.1898
6908.9 -100.941 6976.63 -68.3969
6925.61 -89.225 6993.05 -50.1723
6942.33 -97.0355 7008.89 -103.544
6958.46 -69.6986 7025.6 -98.3372
6973.41 -64.4916 7041.13 -103.544
6989.53 -87.9232 7057.26 -72.3021
7005.95 -104.846 7073.38 -104.846
7021.49 -106.148 7088.62 -84.0179
7037.03 -87.9232 7105.62 -37.1547
7054.91 -104.846 7121.74 -86.6215
7070.74 -116.562 7137.86 -86.6215
7085.69 -113.958 7153.4 -90.5267
7102.1 -85.3197 7169.81 -84.0179
7117.64 -100.941 7185.63 -61.8881
7134.05 -67.0951 7202.34 -108.751
7150.47 -117.864 7217.28 -48.8705
7165.7 -91.8285 7234.57 -47.5688
7180.95 -86.6215 7249.51 -80.1127
7198.24 -74.9056 7266.22 -93.1302
7214.06 -94.432 7281.74 -110.053
7229.88 -80.1127 7298.15 -110.053
7246 -80.1127 7313.97 -84.0179
7261.82 -74.9056 7330.08 -85.3197
7278.52 -86.6215 7346.2 -69.6986
7294.93 -112.657 7361.72 -106.148
7309.87 -87.9232 7377.83 -81.4144
7326.57 -90.5267 7394.82 -106.148
7342.09 -103.544 7409.17 -46.267
7357.62 -119.165 7426.45 -103.544
7374.9 -59.2846 7443.15 -128.278
7390.14 -90.5267 7457.79 -86.6215
7406.24 -69.6986 7474.19 -95.7337
7421.48 -99.639 7490.3 -76.2074
7438.17 -82.7162 7506.11 -93.1302
7454.28 -84.0179 7522.22 -68.3969
7470.09 -61.8881 7538.61 -95.7337
7486.49 -74.9056 7554.42 -116.562
7501.72 -74.9056 7570.24 -128.278
7518.41 -113.958 7586.63 -95.7337
7534.51 -69.6986 7603.03 -104.846
7550.33 -90.5267 7619.42 -82.7162
7566.43 -84.0179 7634.06 -110.053
7582.24 -100.941 7650.74 -106.148
7598.34 -93.1302 7667.14 -80.1127
7615.03 -100.941 7682.36 -102.243
7630.25 -84.0179 7698.75 -119.165
7646.65 -69.6986 7714.55 -108.751
7662.16 -56.6811 7731.23 -117.864
7678.26 -97.0355 7747.04 -78.8109
7694.36 -85.3197 7763.14 -104.846
7709.58 -71.0004 7779.23 -78.8109
7727.14 -112.657 7795.62 -99.639
7742.94 -85.3197 7810.83 -68.3969
7758.16 -100.941 7827.51 -91.8285
7774.84 -81.4144 7843.9 -98.3372
7790.64 -85.3197 7858.53 -129.579
7807.03 -125.674 7875.5 -73.6039
7822.54 -76.2074 7891 -87.9232
7838.92 -54.0776 7906.8 -80.1127
7853.85 -63.1898 7923.48 -106.148
7869.94 -69.6986 7940.45 -90.5267
7886.32 -77.5092 7955.66 -107.45
7902.12 -82.7162 7971.45 -111.355
7917.92 -90.5267 7988.42 -106.148
7934.01 -91.8285 8003.92 -130.881
7950.39 -110.053 8019.13 -95.7337
7966.48 -71.0004 8035.8 -94.432
7983.15 -81.4144 8051.59 -93.1302
7998.07 -67.0951 8067.39 -90.5267
8013.86 -110.053 8083.18 -94.432
8030.24 -85.3197 8100.14 -86.6215
8046.33 -76.2074 8116.22 -87.9232
8063 -78.8109 8131.43 -108.751
8079.67 -51.474 8147.8 -94.432
8094.87 -73.6039 8164.47 -102.243
8110.37 -25.4389 8179.67 -84.0179
8126.46 -52.7758 8196.34 -59.2846
8142.54 -110.053 8212.71 -85.3197
8159.5 -81.4144 8227.62 -37.1547
8174.99 -87.9232 8244.28 -99.639
8191.07 -43.6635 8260.36 -60.5863
8207.15 -107.45 8276.15 -74.9056
8222.94 -97.0355 8291.35 -95.7337
8239.02 -82.7162 8308.89 -80.1127
8254.51 -77.5092 8324.38 -110.053
8270.59 -64.4916 8340.75 -82.7162
8286.96 -84.0179 8357.4 -69.6986
8303.04 -95.7337 8372.6 -97.0355
8319.11 -106.148 8388.97 -80.1127
8335.78 -120.467 8404.75 -113.958
8351.56 -72.3021 8421.99 -80.1127
8367.34 -99.639 8436.9 -98.3372
8383.71 -74.9056 8452.38 -76.2074
8398.32 -64.4916 8468.75 -78.8109
8414.98 -80.1127 8484.23 -57.9828
8431.64 -87.9232 8500.6 -73.6039
8447.71 -110.053 8516.37 -130.881
8462.9 -94.432 8533.03 -99.639
8478.97 -82.7162 8549.39 -77.5092
8494.75 -73.6039 8565.17 -108.751
8510.82 -68.3969 8581.23 -85.3197
8527.77 -80.1127 8597.01 -86.6215
8542.96 -98.3372 8613.66 -85.3197
8559.32 -84.0179 8629.73 -125.674
8574.51 -59.2846 8646.09 -77.5092
8591.46 -86.6215 8661.57 -80.1127
8606.36 -76.2074 8677.63 -102.243
8623.3 -102.243 8693.11 -99.639
8638.49 -97.0355 8708.6 -90.5267
8655.73 -97.0355 8725.83 -85.3197
8671.21 -87.9232 8742.18 -78.8109
8686.98 -93.1302 8757.37 -100.941
8702.46 -71.0004 8772.85 -76.2074
8718.82 -81.4144 8788.91 -113.958
8734.3 -78.8109 8806.43 -136.088
8751.24 -91.8285 8822.2 -141.295
8767.88 -63.1898 8836.8 -134.786
8783.36 -52.7758 8853.74 -137.39
8798.84 -63.1898 8869.8 -98.3372
8816.07 -84.0179 8885.57 -81.4144
8831.26 -80.1127 8902.5 -90.5267
8847.02 -74.9056 8918.27 -106.148
8862.5 -39.7582 8933.75 -108.751
8878.56 -55.3793 8949.8 -94.432
8895.79 -94.432 8965.86 -132.183
8911.26 -80.1127 8982.79 -85.3197
8926.45 -123.071 8997.1 -113.958
8943.09 -48.8705 9014.61 -108.751
8959.14 -61.8881 9030.38 -93.1302
8975.2 -55.3793 9046.73 -104.846
8990.97 -74.9056 9061.91 -99.639
9007.02 -82.7162 9077.67 -159.52
9023.37 -74.9056 9094.6 -117.864
9039.72 -77.5092 9109.78 -107.45
9054.32 -84.0179 9126.71 -115.26
9070.96 -100.941 9142.76 -110.053
9086.72 -85.3197 9158.23 -85.3197
9102.77 -86.6215 9174 -133.485
9119.12 -61.8881 9190.63 -145.2
9134.59 -61.8881 9206.39 -141.295
9151.52 -86.6215 9222.44 -138.692
9166.99 -85.3197 9239.08 -116.562
9184.79 -89.225 9255.13 -125.674
9199.39 -76.2074 9271.18 -129.579
9214.85 -60.5863 9286.65 -93.1302
9230.61 -65.7934 9302.7 -98.3372
9246.67 -71.0004 9318.75 -113.958
9262.72 -99.639 9333.93 -124.372
9278.77 -87.9232 9350.85 -133.485
9295.4 -47.5688 9367.19 -141.295
9311.75 -60.5863 9383.24 -134.786
9327.21 -69.6986 9399 -167.33
9343.55 -97.0355 9414.75 -137.39
9360.19 -78.8109 9431.09 -116.562
9375.07 -80.1127 9446.85 -107.45
9391.41 -84.0179 9462.9 -141.295
9407.46 -77.5092 9479.53 -133.485
9422.92 -91.8285 9495.58 -151.709
9438.97 -91.8285 9511.04 -134.786
9455.89 -84.0179 9527.38 -104.846
9471.65 -84.0179 9544.3 -112.657
9487.11 -60.5863 9559.76 -126.976
9503.45 -84.0179 9574.93 -107.45
9519.21 -72.3021 9590.98 -146.502
9535.55 -84.0179 9607.61 -103.544
9551.88 -72.3021 9623.07 -126.976
9567.93 -84.0179 9639.99 -134.786
9583.1 -42.3617 9655.74 -180.348
9599.15 -87.9232 9671.2 -153.011
9614.9 -65.7934 9687.83 -128.278
9631.24 -86.6215 9704.17 -129.579
9646.41 -100.941 9719.92 -137.39
9663.33 -59.2846 9734.8 -143.899
9679.66 -67.0951 9751.72 -132.183
9694.83 -107.45 9767.76 -113.958
9711.75 -98.3372 9785.26 -132.183
9727.51 -78.8109 9799.56 -136.088
9742.68 -93.1302 9816.48 -107.45
9759.3 -73.6039 9831.93 -128.278
9775.64 -50.1723 9848.85 -98.3372
9791.68 -77.5092 9863.73 -149.106
9807.43 -71.0004 9879.77 -158.218
9824.06 -86.6215 9895.81 -112.657
9840.1 -103.544 9912.15 -168.632
9854.98 -91.8285 9928.48 -136.088
9871.9 -90.5267 9944.52 -86.6215
9887.94 -71.0004 9959.98 -124.372
9904.27 -84.0179 9976.31 -99.639
9919.73 -82.7162 9992.65 -124.372
9936.06 -102.243 10008.4 -143.899
9952.11 -74.9056 10024.4 -147.804
9967.57 -72.3021 10040.8 -156.916
9983.31 -97.0355 10055.6 -163.425
9999.65 -73.6039 10072.9 -116.562
10015.4 -90.5267 10088.9 -151.709
10031.7 -80.1127 10104.9 -139.993
10047.5 -34.5512 10121 -126.976
10064.1 -47.5688 10136.7 -138.692
10080.1 -93.1302 10152.8 -160.822
10095.9 -87.9232 10170 -138.692
10110.8 -47.5688 10184.9 -130.881
10128.3 -103.544 10201.2 -125.674
10144.9 -98.3372 10216.3 -145.2
10160.1 -102.243 10233.3 -133.485
10176.1 -48.8705 10249 -100.941
10191.3 -60.5863 10265.1 -124.372
10207.6 -68.3969 10282.3 -145.2
10223.6 -77.5092 10297.1 -132.183
10240.3 -94.432 10313.8 -133.485
10255.7 -93.1302 10329.5 -128.278
10272.3 -120.467 10345 -160.822
10287.5 -81.4144 10361.3 -156.916
10303.3 -91.8285 10377.9 -117.864
10319.9 -82.7162 10394 -124.372
10336.2 -54.0776 10410 -133.485
10352.8 -63.1898 10425.8 -129.579
10367.4 -89.225 10442.4 -121.769
10384 -87.9232 10457.8 -150.407
10400.7 -90.5267 10473.3 -138.692
10415 -100.941 10490.2 -137.39
10431.3 -71.0004 10505.7 -151.709
10447 -55.3793 10521.7 -124.372
10462.8 -68.3969 10537.7 -143.899
10480.3 -65.7934 10554.1 -121.769
10496.6 -71.0004 10569.5 -128.278
10511.8 -81.4144 10585.9 -133.485
10527.2 -59.2846 10602.2 -163.425
10543.6 -94.432 10618.2 -120.467
10560.2 -64.4916 10634.3 -154.313
10576.2 -98.3372 10650 -156.916
10592.6 -68.3969 10666.4 -126.976
10607.7 -100.941 10681.2 -133.485
10624.1 -69.6986 10698.1 -136.088
10639.8 -93.1302 10714.8 -145.2
10656.4 -95.7337 10730.8 -128.278
10671.9 -42.3617 10746.3 -121.769
10687.6 -84.0179 10762.3 -130.881
10704 -103.544 10778.4 -120.467
10719.7 -67.0951 10794.4 -145.2
10736.6 -56.6811 10810.7 -95.7337
10752.1 -94.432 10826.5 -138.692
10767.9 -71.0004 10842.2 -87.9232
10783.3 -99.639 10858.6 -116.562
10799.6 -87.9232 10875.8 -169.934
10815.4 -74.9056 10891.5 -160.822
10831.7 -76.2074 10907.3 -163.425
10847.8 -81.4144 10923.3 -163.425
10863.5 -74.9056 10938.5 -133.485
10879.6 -65.7934 10954.8 -125.674
10896.5 -86.6215 10971.5 -115.26
10911.9 -100.941 10986.9 -128.278
10928 -73.6039 11003.3 -153.011
10943.7 -90.5267 11018.4 -129.579
10959.5 -67.0951 11034.8 -143.899
10975.5 -59.2846 11052 -93.1302
10992.2 -59.2846 11067.7 -102.243
11009.1 -59.2846 11083.5 -95.7337
11024.3 -93.1302 11099.2 -113.958
11040 -86.6215 11115.9 -90.5267
11055.5 -59.2846 11132.2 -110.053
11072.1 -59.2846 11147.1 -91.8285
11088.7 -47.5688 11163.1 -121.769
11104.2 -12.4214 11179.2 -133.485
11119.4 -31.9477 11195.8 -129.579
11136 -78.8109 11211.8 -84.0179
11152 -81.4144 11228.5 -102.243
11167.8 -102.243 11244.8 -133.485
11183.8 -95.7337 11260 -108.751
11200.5 -78.8109 11276 -86.6215
11215.6 -82.7162 11290.6 -133.485
11231.7 -44.9653 11307.5 -132.183
11248.6 -51.474 11323 -141.295
11264.4 -33.2495 11339.9 -160.822
11279.8 -56.6811 11355.1 -150.407
11295.3 -57.9828 11372 -137.39
11312.8 -74.9056 11387.5 -116.562
11327.1 -95.7337 11403.8 -119.165
11344.6 -68.3969 11420.2 -102.243
11360.1 -98.3372 11435.9 -138.692
11375.2 -57.9828 11452.3 -130.881
11391.9 -59.2846 11467.7 -126.976
11408.5 -48.8705 11484.1 -90.5267
11423.7 -52.7758 11501 -87.9232
11439.4 -56.6811 11517.4 -94.432
11455.2 -76.2074 11532.5 -123.071
11472.1 -100.941 11549.5 -120.467
11488.8 -68.3969 11564.9 -108.751
11504.2 -82.7162 11581 -146.502
11519.7 -61.8881 11597 -125.674
11536.6 -60.5863 11612.2 -126.976
11552.1 -72.3021 11628.3 -117.864
11567.8 -63.1898 11644.9 -137.39
11583.6 -73.6039 11660.9 -115.26
11600.5 -72.3021 11676.7 -111.355
11616.3 -82.7162 11693.1 -113.958
11631.2 -93.1302 11709.4 -121.769
11647.5 -74.9056 11725.5 -132.183
11664.2 -67.0951 11740.9 -112.657
11679.6 -54.0776 11757 -130.881
11695.7 -63.1898 11773 -153.011
11712.3 -48.8705 11789.7 -134.786
11728.1 -77.5092 11805.5 -120.467
11743.3 -97.0355 11821.5 -156.916
11759.9 -90.5267 11838.2 -133.485
11776.3 -94.432 11853.3 -134.786
11792.6 -50.1723 11869.4 -102.243
11807.8 -99.639 11885.7 -129.579
11823.5 -51.474 11902.1 -121.769
11840.2 -65.7934 11918.2 -134.786
11856.5 -50.1723 11933.3 -164.727
11872 -77.5092 11949.7 -194.667
11888.4 -102.243 11965.2 -173.839
11903.5 -100.941 11981.2 -172.537
11919.3 -56.6811 11997.9 -181.65
11935.7 -44.9653 12015.1 -93.1302
11952 -61.8881 12029.7 -145.2
11968.7 -72.3021 12046.6 -142.597
11984.7 -51.474 12062.1 -136.088
11999.6 -77.5092 12078.2 -134.786
12016 -80.1127 12094.2 -129.579
12032.3 -78.8109 12109.7 -159.52
12047.8 -94.432 12127 -181.65
12064.2 -69.6986 12142.1 -197.271
12080.2 -82.7162 12157.9 -159.52
12096 -77.5092 12174.3 -156.916
12112.1 -55.3793 12190.3 -186.857
12128.1 -44.9653 12206.7 -216.797
12145.4 -69.6986 12222.8 -211.59
12160 -67.0951 12238.8 -172.537
12175.7 -95.7337 12255.8 -182.951
12192.1 -87.9232 12271.3 -179.046
12208.2 -82.7162 12286.5 -151.709
12223.6 -67.0951 12303.4 -189.46
12239.4 -60.5863 12319.5 -173.839
12256.1 -63.1898 12335.2 -172.537
12271.8 -55.3793 12350.4 -149.106
12288.2 -33.2495 12367.1 -192.064
12304.3 -57.9828 12383.2 -167.33
12319.8 -43.6635 12399.2 -185.555
12335.2 -22.8354 12415 -151.709
12352.5 -54.0776 12431.4 -177.744
12367.7 -71.0004 12446.9 -205.081
12384 -30.646 12463.2 -199.874
12400.4 -51.474 12479.3 -214.194
12415.3 -46.267 12495.1 -207.685
12432.3 -60.5863 12511.7 -257.151
12448.6 -59.2846 12527.8 -219.401
12463.2 -33.2495 12543.3 -219.401
12480.2 -52.7758 12559.7 -219.401
12497.1 -30.646 12575.5 -186.857
12512 -29.3442 12592.1 -177.744
12528.1 -63.1898 12607.6 -199.874
12544.8 -46.267 12623.7 -227.211
12560.8 -31.9477 12640 -224.608
12575.7 -54.0776 12656.1 -215.495
12592.1 -50.1723 12672.8 -202.478
12608.5 -16.3266 12687.7 -188.158
12623.7 -20.2319 12704.1 -171.236
12639.2 -35.853 12720.1 -180.348
12656.1 -25.4389 12737.1 -158.218
12672.5 -25.4389 12752.3 -207.685
12687.7 -4.61084 12767.8 -214.194
12704.4 -8.5161 12784.8 -207.685
12720.4 -38.4565 12800 -205.081
12735.4 8.40672 12817.2 -198.572
12752 31.8383 12833.3 -233.72
12767.8 68.2875 12848.5 -203.779
12784.8 35.7436 12864 -176.443
12800 48.7611 12880.7 -203.779
12815.8 34.4418 12897 -205.081
12832.7 16.2173 12912.5 -193.365
12847.6 48.7611 12928.9 -190.762
12863.7 64.3822 12944.4 -206.383
12879.8 93.0208 12960.8 -246.737
12896.8 90.4173 12976.9 -199.874
12912.2 141.186 12993 -218.099
12927.5 115.151 13009.3 -223.306
12944.1 87.8138 13026.3 -190.762
12959.9 132.074 13041.5 -250.643
12976.3 102.133 13057.6 -223.306
12991.8 93.0208 13072.8 -254.548
13008.5 113.849 13089.5 -231.116
13024 147.695 13105.3 -192.064
13040.6 172.428 13121.1 -216.797
13055.9 151.6 13137.2 -190.762
13072.2 162.014 13154.1 -185.555
13088 175.031 13170.5 -172.537
13105 137.281 13186.3 -167.33
13119.9 133.375 13201.8 -150.407
13136 182.842 13217.9 -171.236
13152.1 172.428 13233.7 -168.632
13167.6 223.196 13250.1 -179.046
13184.9 246.628 13266.5 -137.39
13198.6 240.119 13282.3 -150.407
13215.6 231.007 13297.8 -112.657
13232.5 234.912 13313.9 -65.7934
13248.3 215.386 13329.7 -77.5092
13264.1 194.558 13346.4 -78.8109
13279.9 178.937 13362.5 -102.243
13296.3 241.421 13378.9 -52.7758
13312.1 254.439 13395.2 -76.2074
13328.2 266.154 13410.5 -34.5512
13344.6 329.94 13426.6 -46.267
13359.5 298.698 13442.9 -4.61084
13375.6 307.811 13458.2 -43.6635
13391.7 305.207 13474.3 -71.0004
13408.4 275.267 13490.6 -95.7337
13424.2 263.551 13507.9 -28.0424
13440.3 307.811 13523.7 -41.06
13456.1 288.284 13539.8 -33.2495
13471.9 375.502 13555.6 43.5541
13488 387.218 13570.3 26.6313
13504.1 389.821 13587.8 24.0278
13520.5 384.614 13604.2 4.50145
13535.4 400.235 13619.7 66.9857
13551.8 387.218 13635.8 83.9085
13568.5 405.442 13651.9 61.7787
13584.6 417.158 13668 85.2103
13600.1 437.986 13684.1 122.961
13616.2 469.228 13699.6 83.9085
13632.9 497.867 13716 150.298
13648.7 491.358 13732.4 108.642
13663.6 499.169 13748.5 126.866
13679.1 464.021 13764.9 178.937
13696.4 465.323 13781 203.67
13712.8 516.091 13796.3 237.516
13727.8 530.411 13812.7 229.705
13743.6 533.014 13829.1 255.74
13760.3 591.593 13844.6 246.628
13776.6 586.386 13860.7 232.309
13791.6 628.042 13877.4 255.74
13807.4 633.249 13894.6 268.758
13823.5 594.197 13909.6 349.467
13840.5 600.706 13926.6 376.804
13856 603.309 13943.3 331.242
13871.5 603.309 13959.4 366.39
13888.5 625.439 13977.2 435.383
13903.1 651.474 13991.6 426.27
13920.1 720.467 14000.1 410.649
13936.5 700.941 13983.1 499.169
13952 598.102 13967.9 555.144
