9009.65 -44.1161 9031.55 -124.512
9009.07 -73.8381 9041.18 -128.409
9006.73 -73.3508 9051.11 -124.512
9004.4 -61.6569 9061.91 -127.922
9007.61 -67.0166 9071.54 -126.46
9013.45 -40.7054 9082.34 -144.489
9022.2 -47.0396 9092.27 -131.333
9030.38 -72.3763 9101.9 -116.716
9040.01 -61.6569 9111.82 -131.333
9049.65 -50.9376 9121.16 -141.565
9059.28 -64.0932 9131.38 -160.08
9069.79 -55.81 9140.72 -176.159
9078.84 -60.6824 9151.52 -180.057
9088.76 -50.4503 9162.32 -179.57
9100.15 -55.81 9171.95 -177.621
9109.49 -57.759 9181.58 -175.672
9119.7 -44.1161 9190.92 -187.366
9129.63 -50.9376 9201.43 -204.907
9140.14 -41.6799 9211.35 -189.315
9150.06 -41.6799 9221.86 -185.417
9160.57 -32.4223 9232.07 -165.44
9169.91 -33.884 9242 -187.366
9181 -37.7819 9252.21 -194.675
9190.92 -29.4988 9262.14 -199.547
9200.85 -18.7794 9272.06 -191.751
9210.19 -12.9325 9281.1 -198.085
9221.28 -7.08552 9291.9 -193.7
9230.91 -13.4197 9302.7 -196.624
9240.83 -6.11103 9311.75 -192.239
9251.05 -15.3687 9321.38 -191.751
9261.26 0.223151 9330.72 -193.213
9270.6 -15.3687 9341.22 -193.7
9281.4 -3.67481 9351.14 -182.006
9291.32 -4.16205 9361.64 -183.468
9301.24 -2.70032 9373.03 -182.981
9311.16 5.58284 9382.07 -179.57
9321.67 -4.6493 9392.58 -194.188
9331.01 3.63386 9401.91 -165.927
9342.68 7.04458 9412.71 -175.672
9352.01 -4.16205 9422.63 -174.21
9362.23 14.8405 9432.55 -172.262
9371.86 11.4298 9442.18 -171.287
9382.95 15.815 9451.81 -168.364
9392.28 8.01907 9462.02 -162.029
9401.91 2.65938 9472.23 -169.338
9412.71 21.6619 9482.15 -175.672
9422.05 32.3813 9492.66 -178.596
9432.55 32.3813 9502.29 -163.004
9441.01 20.6874 9513.08 -161.055
9451.81 21.1747 9522.42 -173.723
9462.31 22.6364 9532.34 -163.491
9472.82 24.0981 9541.97 -150.335
9482.44 24.5854 9552.47 -161.055
9492.66 29.4578 9563.26 -144.001
9502.58 36.7665 9573.47 -143.027
9511.91 24.5854 9582.23 -152.284
9521.54 34.8175 9593.31 -137.18
9532.92 41.1517 9602.36 -133.282
9542.84 31.4068 9612.86 -134.744
9553.64 40.1772 9623.36 -124.999
9562.97 38.7155 9632.99 -130.358
9572.31 45.0497 9642.62 -112.33
9581.93 49.4349 9653.41 -113.305
9592.15 40.1772 9662.45 -122.563
9602.65 48.9476 9672.66 -116.716
9612.86 57.718 9683.17 -103.56
9622.49 64.5395 9693.38 -110.381
9632.99 63.565 9703.59 -105.509
9642.32 57.2308 9712.63 -117.203
9653.41 57.718 9722.55 -113.792
9663.04 65.514 9733.34 -115.741
9673.25 48.9476 9743.55 -110.381
9682.58 67.9502 9753.76 -109.894
9692.5 72.3354 9762.51 -102.098
9702.71 67.4629 9773.31 -124.512
9712.92 72.8226 9783.51 -112.33
9723.13 79.1568 9793.43 -118.665
9733.05 75.2588 9803.06 -112.33
9742.97 68.9247 9813.85 -100.149
9752.3 84.0293 9823.18 -102.585
9763.68 99.6211 9834.27 -102.098
9774.18 74.2844 9843.02 -95.2768
9782.93 102.057 9854.1 -109.894
9793.14 71.3609 9863.14 -104.047
9803.64 82.5675 9873.06 -97.713
9813.26 83.542 9883.56 -95.2768
9822.89 85.0037 9892.9 -95.2768
9834.27 100.108 9903.69 -87.9682
9843.31 91.8252 9913.6 -94.3023
9853.23 93.2869 9923.23 -81.634
9862.85 101.083 9933.15 -94.7896
9872.19 78.6696 9944.23 -91.8661
9883.56 98.1593 9953.56 -85.5319
9893.77 90.8507 9964.65 -88.9426
9903.4 86.4655 9973.11 -91.8661
9913.9 84.0293 9983.31 -93.3279
9924.11 94.2614 9994.98 -77.736
9934.02 88.4145 10003.7 -81.634
9943.94 88.4145 10013.4 -80.1722
9953.86 85.9782 10025 -95.2768
9964.65 90.3634 10033.2 -85.0447
9973.4 75.2588 10043.4 -68.9656
9983.61 80.6185 10054.2 -89.4299
9994.4 90.8507 10063.8 -97.2258
10003.7 93.2869 10073.7 -85.0447
10013.6 88.9017 10083.6 -69.9401
10024.1 102.057 10094.4 -87.4809
10034.6 89.389 10103.8 -90.8916
10043.4 94.2614 10114 -98.6875
10054.2 102.545 10123.9 -90.4044
10064.7 103.032 10134.4 -86.0192
10074.3 93.2869 10144.6 -77.736
10084.5 113.264 10154.8 -83.583
10093.9 104.494 10164.7 -84.0702
10103.8 109.853 10174 -86.9937
10114 109.853 10184.9 -84.5574
10125.1 100.596 10194.5 -90.4044
10133.8 87.9272 10204.7 -86.5064
10144.6 103.032 10214.3 -94.7896
10153.9 107.417 10224.5 -93.8151
10165 106.93 10233.8 -98.2003
10174.4 102.057 10245.2 -93.3279
10184.9 104.981 10255.4 -104.534
10194.8 110.828 10265.3 -91.3789
10204.7 102.057 10274.1 -97.2258
10214 103.519 10284.6 -89.9171
10224.8 104.494 10293.9 -93.8151
10234.1 117.649 10305 -95.7641
10244.3 113.264 10315.2 -80.6595
10254.3 128.369 10324.3 -85.5319
10264.5 119.598 10334.2 -92.8406
10274.4 113.264 10344.4 -83.0957
10284.6 107.417 10355.8 -101.124
10295.4 108.391 10366 -76.2743
10304.1 109.853 10374.7 -76.7615
10313.8 100.108 10386.1 -83.0957
10324.8 124.471 10394 -77.2488
10335 124.471 10404.8 -73.8381
10345 110.34 10415.3 -76.2743
10354.9 123.009 10425.2 -69.9401
10364.8 127.394 10434.5 -74.3253
10375 119.598 10444.7 -69.9401
10384 115.213 10455.8 -69.4529
10394.8 123.009 10465.4 -79.685
10404.8 121.06 10475.3 -74.3253
10415.3 124.958 10484.9 -59.2207
10424.9 112.289 10495.5 -63.1187
10435.1 128.369 10505.4 -62.6314
10444.7 114.238 10515.9 -69.9401
10454.9 104.006 10525.8 -69.9401
10465.4 115.213 10534.8 -48.0141
10474.7 122.522 10545.6 -49.9631
10484.9 127.394 10556.4 -52.8865
10495.7 125.932 10565.7 -39.7309
10504.8 111.315 10575.1 -56.7845
10515.6 103.519 10586.1 -54.8355
10524.3 121.547 10595.8 -61.1697
10535.7 119.598 10605.1 -55.81
10545 130.318 10616.2 -54.8355
10555.8 119.111 10626.4 -56.2972
10565.5 129.343 10635.4 -35.833
10575.4 137.626 10645.6 -56.2972
10584.7 132.266 10656.1 -48.9886
10595.5 127.881 10666.4 -52.3993
10605.1 122.522 10676.3 -47.5268
10615.9 122.034 10685.6 -65.5549
10625.2 128.856 10696.7 -55.3228
10636 129.343 10705.4 -47.0396
10644.8 131.779 10716.8 -56.7845
10655.9 104.494 10725.9 -54.3483
10664.6 126.907 10736.4 -56.2972
10674.8 126.907 10746.3 -41.1927
10686.5 104.006 10755.9 -36.3202
10695.2 112.289 10765.8 -37.7819
10705.7 120.573 10776 -23.6518
10714.8 116.187 10785.9 -27.5498
10724.4 119.598 10795.9 -42.1671
10736.1 116.187 10807.8 -35.833
10745.4 112.289 10816 -36.3202
10755.6 124.471 10826.8 -18.2922
10765.8 111.315 10837.6 -16.8304
10775.7 102.545 10846.9 -25.1136
10786.8 120.573 10855.7 -18.7794
10795.6 114.238 10865.6 -23.6518
10806.1 111.315 10877 -10.4962
10815.7 108.391 10886.6 -12.4452
10825 112.289 10896.8 -24.6263
10836.1 123.009 10906.7 -30.4733
10845.1 127.394 10916.6 -20.7284
10855.4 119.111 10926 -9.0345
10864.7 100.596 10937.3 -20.2411
10875.8 121.06 10946.9 -3.67481
10885.7 119.598 10956.9 -10.009
10896.5 116.675 10967.7 -13.9069
10905.2 104.494 10976.4 -21.2156
10915.7 112.289 10987.8 -12.9325
10925.7 113.751 10997.1 13.3788
10935.6 105.955 11007 7.53182
10946.4 123.009 11016.7 9.4808
10955.1 102.545 11026.9 13.866
10965.6 121.547 11037.4 21.1747
10975.5 122.034 11047.3 34.8175
10985.5 99.1338 11057.5 29.9451
10995.4 98.6466 11066.5 27.5089
11005.9 113.264 11076.5 43.1007
11016.7 117.649 11087.6 33.3558
11026.9 105.468 11096.9 42.1262
11035.9 114.726 11107.1 39.2027
11046.4 120.085 11117 38.7155
11055.5 113.264 11127.2 43.1007
11066.3 104.494 11137.4 30.4323
11075.6 105.468 11147.6 33.3558
11086.7 105.955 11158.5 33.3558
11095.4 115.213 11166.9 49.4349
11105.9 105.468 11177.1 43.5879
11116.1 103.519 11187.3 38.7155
11125.8 105.955 11198.4 51.8711
11136 87.44 11207.8 52.8456
11146.5 92.7997 11218 54.3073
11155.5 104.494 11228.2 66.9757
11167.2 98.6466 11237.5 58.2053
11176 94.2614 11247.4 51.3839
11186.8 101.083 11256.5 50.8966
11196.1 105.955 11267.3 50.8966
11206.6 97.6721 11278.4 56.2563
11216.5 98.1593 11288.3 72.8226
11225.8 90.8507 11298.8 53.3328
11236.4 96.6976 11307.8 64.0522
11245.7 103.032 11318 58.6925
11256.8 94.2614 11327.4 74.2844
11267 89.389 11337.9 64.0522
11276.6 93.7742 11348.1 63.565
11286.2 88.4145 11358.6 62.1032
11296.5 91.3379 11368.2 67.4629
11306.4 93.7742 11378.7 58.2053
11316 85.491 11388.7 79.644
11326.8 111.315 11398.6 62.1032
11336.7 88.4145 11408.2 60.6415
11347.2 81.1058 11418.7 64.5395
11356.9 85.491 11427.8 57.718
11366.2 87.9272 11439.4 62.1032
11376.4 83.542 11447.9 53.8201
11385.7 77.6951 11458.1 74.2844
11396.8 77.6951 11468.6 52.3583
11406.5 94.2614 11478.8 64.5395
11416.4 90.3634 11488.2 71.8481
11426.3 69.8992 11498.4 60.6415
11435.9 85.0037 11508.6 60.6415
11446.7 84.0293 11519.7 60.6415
11456.6 83.0548 11528.7 63.0777
11465.1 76.2333 11538.4 71.3609
11476.5 74.7716 11548.3 57.2308
11486.1 70.8736 11559.4 82.5675
11496.3 69.8992 11569.3 81.1058
11506.9 77.2078 11578.9 62.5905
11517.4 67.9502 11589.4 65.0267
11525.8 66.9757 11598.8 69.4119
11536.9 71.3609 11609.9 81.593
11546.8 71.8481 11619.8 66.4884
11556.8 70.3864 11629.4 87.9272
11567.3 77.6951 11639.1 76.2333
11575.7 77.2078 11649.9 70.3864
11586.8 86.9527 11659.8 71.3609
11596.7 97.1849 11669.1 59.667
11605.8 79.644 11679.6 77.2078
11616.9 61.616 11689.3 76.7206
11626.8 81.1058 11698.6 78.6696
11637.9 71.8481 11710 58.6925
11646.6 76.2333 11719.3 68.4374
11656.6 83.542 11729.3 76.2333
11666.8 66.4884 11739.5 88.4145
11677.3 73.7971 11749.4 65.0267
11686.9 63.565 11760.5 73.3099
11696.9 64.0522 11769.8 78.1823
11706.5 63.0777 11780.3 71.8481
11717.6 75.7461 11789.7 76.7206
11725.8 73.7971 11799.6 68.9247
11737.1 63.565 11810.1 74.7716
11746.5 61.1288 11819.5 81.1058
11757 62.1032 11830 67.9502
11766.9 62.1032 11839 72.3354
11776 74.7716 11849.8 66.9757
11787.4 62.5905 11860.3 66.9757
11797.3 58.2053 11870.6 87.9272
11807.2 49.4349 11879.6 75.7461
11817.1 63.565 11890.4 65.0267
11827.1 68.9247 11899.8 80.6185
11838.2 59.667 11910.3 78.1823
11846 54.3073 11918.7 75.2588
11857.1 66.4884 11930.4 71.3609
11866.8 71.8481 11939.5 84.0293
11876.7 58.2053 11950.3 68.9247
11887.5 59.667 11959.3 71.8481
11896.8 74.7716 11970.7 67.4629
11907.3 65.0267 11980.9 85.0037
11917 74.2844 11990.3 71.8481
11927.2 66.9757 12001.4 80.6185
11936.6 62.5905 12011 67.4629
11947.4 55.2818 12020.9 68.9247
11957.9 70.8736 12030.6 67.9502
11966.9 73.7971 12040.2 74.7716
11978.3 57.2308 12051.6 79.1568
11987.6 52.8456 12060.7 84.0293
11997.3 51.8711 12070.6 68.9247
12006.9 61.1288 12081.7 84.0293
12017.4 53.3328 12091 64.0522
12027.1 53.3328 12100.1 73.7971
12036.7 56.7435 12111.5 66.9757
12046 52.8456 12120.8 77.2078
12056.6 56.7435 12131.3 71.3609
12067.1 40.6645 12141 72.8226
12076.7 65.0267 12150.9 53.8201
12086.7 50.4094 12162 80.1313
12097.2 42.6134 12171.9 76.2333
12107.4 56.2563 12181.6 90.3634
12117 57.2308 12190.9 64.0522
12126.4 46.9987 12201.1 81.593
12136.9 47.4859 12210.8 65.0267
12148 40.6645 12222.8 75.2588
12157 59.667 12231.8 78.6696
12167.3 45.0497 12241.5 65.514
12177.8 42.1262 12251.1 61.1288
12187.1 34.8175 12261.9 83.0548
12197.6 24.0981 12271.5 66.9757
12207 32.3813 12281.8 61.616
12217.2 18.2512 12292 51.3839
12227.7 36.7665 12302.5 66.4884
12237.4 26.0471 12312.2 70.8736
12246.4 37.741 12320.6 55.2818
12256.1 36.2793 12332.3 63.0777
12268 27.0216 12342 64.0522
12277.1 30.9196 12352.2 70.3864
12287.6 29.4578 12363 56.7435
12297 34.8175 12372 65.514
12306.6 23.6109 12382.3 63.565
12317.4 31.8941 12391.9 66.4884
12327.1 18.2512 12402.4 51.8711
12337.3 22.6364 12411.8 60.1543
12347.2 40.6645 12422 75.2588
12358 5.0956 12432.5 71.3609
12368.3 4.60835 12442.5 57.718
12377.3 22.1492 12452.1 62.5905
12387.3 25.5599 12462.9 63.0777
12396.6 24.5854 12472.3 56.7435
12406.8 17.2767 12483.4 60.1543
12417.3 16.3022 12492.5 56.7435
12427.9 26.0471 12502.7 61.1288
12437.5 8.01907 12512 62.5905
12448.3 11.917 12522.3 61.1288
12457.7 -3.67481 12532.8 61.1288
12467.3 11.4298 12542.4 50.4094
12476.7 6.07009 12553.2 46.0242
12486.6 -1.72583 12562.9 51.8711
12496.8 9.96805 12572.8 48.4604
12508.2 9.4808 12583.3 62.1032
12517.6 0.710396 12592.7 69.8992
12526.4 0.710396 12603.8 78.1823
12537.2 -3.18756 12613.1 65.514
12547.7 9.96805 12623.4 65.0267
12557.9 5.0956 12633.6 59.1798
12568.1 -6.11103 12643.8 63.565
12577.5 4.60835 12652.9 38.7155
12587.4 -0.264094 12663.4 59.1798
12597.7 -13.4197 12673.4 60.6415
12607.9 -4.6493 12684.2 55.7691
12616.7 -20.2411 12694.1 61.1288
12627.5 -16.3432 12703.2 32.3813
12638 -25.6008 12713.7 51.8711
12647.9 -3.18756 12723.9 52.8456
12658.5 -14.8814 12733.3 36.2793
12667.2 -10.9835 12743.8 48.4604
12677.8 -23.1646 12754.1 54.3073
12687.4 -25.6008 12764.3 55.2818
12697.6 -11.958 12773.9 44.5624
12707.3 -19.7539 12784.2 52.8456
12717.5 -9.0345 12794.1 39.69
12727.7 -0.264094 12804 64.0522
12737.4 45.5369 12815.8 51.3839
12748.2 93.2869 12824.5 52.3583
12757.3 144.935 12834.5 50.8966
12767.8 201.455 12844.4 58.6925
12777.7 252.616 12853.8 72.3354
12786.8 309.136 12864.9 67.4629
12797.9 366.144 12875.1 76.7206
12807.3 396.353 12884.5 53.8201
12817.8 435.82 12895.3 66.4884
12827.4 471.389 12904.9 57.2308
12837.4 496.726 12915.5 49.9221
12847.6 545.45 12923.6 76.2333
12857.6 576.147 12935.4 54.7946
12867.5 608.305 12944.1 52.8456
12877.4 636.565 12955.8 59.1798
12887.1 660.44 12965.2 53.3328
12897.3 706.728 12975.1 69.4119
12907.9 774.455 12985.1 56.2563
12917.5 860.697 12994.7 60.6415
12927.2 899.19 13004.7 65.0267
12938 944.504 13014.6 64.5395
12946.8 1001.02 13025.7 78.1823
12958.2 1070.7 13036 74.2844
12968.1 1114.55 13045 57.718
12977.2 1167.17 13055.6 68.9247
12987.1 1221.75 13066.1 68.9247
12997.6 1270.96 13075.4 71.3609
13007.6 1315.3 13086.3 62.1032
13018.1 1382.05 13095.9 65.514
13026.9 1411.28 13106.2 49.9221
13037.4 1462.44 13116.1 81.1058
13047.4 1481.45 13125.5 63.0777
13057.6 1545.28 13136 66.9757
13068.4 1577.43 13145.9 66.4884
13077.2 1622.75 13156.2 70.3864
13088 1647.11 13166.1 48.9476
13098 1693.89 13176.1 52.8456
13107.6 1735.79 13186.6 69.4119
13117.3 1782.08 13196.6 76.7206
13127.2 1831.29 13207.4 85.9782
13137.2 1875.63 13216.7 124.471
13148 1921.43 13227 170.759
13158.2 1976 13236.9 225.817
13166.7 2025.21 13246.3 294.519
13177.8 2065.65 13256.8 346.654
13187.8 2098.3 13267.1 400.738
13197.7 2132.89 13276.4 455.797
13207.7 2176.75 13287 533.756
13217.9 2216.7 13296.9 601.97
13228.1 2268.35 13306.6 679.93
13236.9 2278.09 13317.4 749.118
13248 2313.66 13327.6 827.078
13257.7 2381.39 13336.1 903.575
13267.4 2426.21 13347.2 972.277
13277.6 2472.02 13357.2 1049.26
13287.3 2535.84 13367.7 1128.19
13297.2 2603.08 13377.4 1181.79
13307.7 2674.71 13387.3 1263.65
13317.7 2721.97 13397.9 1340.15
13328.5 2797.5 13408.1 1390.82
13338.5 2862.3 13417.5 1472.68
13348.1 2933.92 13427.4 1579.87
13357.5 2988.01 13438 1684.14
13368 3040.14 13447.9 1753.33
13377.4 3083.02 13457.9 1832.75
13388.2 3127.36 13468.4 1862.96
13397.9 3134.67 13478.1 1907.3
13407.8 3161.95 13488 1971.62
13418.1 3170.73 13498.3 2047.14
13428 3166.83 13509.1 2117.3
13437.1 3190.7 13518.4 2169.92
13448.2 3193.14 13527.8 2255.68
13457.6 3217.99 13538.9 2361.9
13468.4 3234.55 13548 2440.35
13478.6 3264.28 13558 2524.64
13487.4 3321.77 13569.1 2567.03
13497.4 3347.59 13578.5 2623.06
13508.2 3419.71 13589.3 2679.09
13518.2 3487.43 13599.2 2750.23
13527.2 3553.21 13609.2 2856.94
13537.5 3640.92 13618.9 2935.87
13548.9 3703.28 13629.1 3031.86
13557.1 3795.37 13640.5 3086.92
13568.2 3860.66 13649.6 3212.14
13577.3 3912.31 13659.5 3300.33
13587.8 3974.68 13669.5 3377.32
13597.8 4022.92 13680 3419.71
13607.4 4058 13690 3464.05
13617.1 4069.69 13699.4 3489.87
13628.2 4086.26 13710.5 3524.95
13638.5 4099.41 13719.6 3539.57
13647.8 4120.85 13730.4 3571.73
13658.1 4114.03 13740.3 3607.3
13666.9 4125.24 13749.4 3632.15
13677.4 4129.14 13760.8 3693.05
13687.6 4148.14 13770.2 3731.06
13697.9 4157.88 13780.5 3790.99
13707.8 4152.04 13790.7 3845.56
13718.1 4177.37 13801.5 3908.9
13727.8 4229.99 13810.9 3965.42
13737.7 4238.28 13820.9 4019.02
13747.1 4299.18 13831.4 4072.13
13757.9 4334.27 13841.1 4105.75
13767 4390.79 13851 4119.39
13777.2 4440.97 13861.6 4140.83
13788.4 4477.03 13871.5 4154.47
13798 4524.29 13882.6 4156.42
13807.7 4538.91 13891.4 4169.09
13817.9 4581.79 13903.1 4142.29
13828.2 4634.41 13912.8 4133.52
13837.8 4664.62 13923.3 4119.88
13847.5 4693.85 13933.9 4121.83
13858 4755.25 13943.5 4134.98
13867.1 4848.31 13954.7 4135.47
13878.5 4808.84 13964 4175.91
13888.2 4759.63 13974 4193.45
13898.5 4731.37 13982.8 4257.28
13906.9 4679.72 13990.7 4291.88
13917.5 4677.29 13996.3 4347.42
13928 4661.21 13995.1 4382.99
13937.7 4653.41 13987.8 4405.4
13947.9 4614.92 13977.5 4460.95
13958.2 4569.12 13967.3 4502.85
