9009.94 -197.111 9031.25 -155.695
9009.36 -89.4299 9041.47 -157.644
9006.15 -84.5574 9051.4 -151.797
9004.98 -74.3253 9062.2 -154.233
9007.9 -70.9146 9071.25 -146.925
9012.57 -82.1212 9082.34 -135.718
9021.33 -90.4044 9091.1 -144.489
9030.38 -85.5319 9101.61 -152.772
9039.43 -67.9911 9111.53 -146.438
9049.06 -92.3534 9121.75 -144.489
9058.4 -73.8381 9132.26 -144.001
9069.21 -67.9911 9141.89 -149.848
9078.84 -68.4784 9151.52 -157.644
9090.22 -65.5549 9161.74 -152.772
9099.27 -66.5294 9170.78 -146.925
9110.07 -50.9376 9182.46 -140.591
9120 -56.2972 9192.09 -143.514
9129.92 -48.9886 9202.01 -137.667
9140.14 -71.8891 9211.65 -124.024
9149.77 -53.861 9221.86 -131.82
9160.86 -61.6569 9232.07 -108.92
9169.91 -46.0651 9242 -120.126
9180.71 -53.3738 9251.92 -120.614
9190.63 -58.2462 9261.84 -117.69
9201.14 -37.2947 9271.18 -98.6875
9210.77 -37.2947 9282.56 -94.7896
9220.4 -43.1416 9291.9 -86.0192
9230.91 -29.4988 9301.53 -93.3279
9240.54 -47.5268 9311.75 -98.6875
9251.05 -37.7819 9322.25 -87.4809
9261.55 -32.4223 9331.3 -73.3508
9270.89 -35.3457 9340.34 -77.736
9281.69 -17.3177 9352.31 -75.787
9290.44 -30.9605 9361.64 -78.7105
9300.95 -18.7794 9373.03 -65.5549
9312.04 -19.7539 9382.66 -68.4784
9321.67 -2.70032 9392.28 -74.8125
9331.3 -13.9069 9402.21 -60.6824
9340.64 -22.1901 9411.83 -56.7845
9352.6 -14.8814 9421.47 -58.7335
9363.1 -13.4197 9432.55 -48.5013
9372.74 -20.2411 9442.18 -51.912
9383.24 -15.3687 9452.69 -44.1161
9391.41 -12.9325 9462.61 -41.6799
9401.62 3.63386 9473.4 -43.1416
9411.54 -17.8049 9481.86 -44.6034
9420.88 -10.009 9492.95 -54.8355
9431.97 -4.6493 9502.58 -43.6289
9442.47 -2.21307 9513.08 -25.1136
9452.39 12.8915 9523 -37.2947
9462.02 18.7385 9532.34 -32.9095
9472.23 7.53182 9543.13 -36.8075
9481.86 8.99356 9552.76 -27.5498
9492.66 15.815 9562.1 -43.1416
9503.45 10.4553 9572.31 -35.833
9512.21 22.6364 9582.52 -36.8075
9522.42 23.1237 9593.31 -47.5268
9532.92 30.4323 9602.94 -38.2692
9543.13 16.7895 9613.44 -29.0115
9551.88 17.764 9622.78 -52.8865
9562.39 29.9451 9632.7 -43.1416
9573.18 27.9961 9642.62 -23.6518
9582.52 17.764 9652.83 -46.0651
9592.44 29.9451 9663.04 -28.037
9602.36 27.0216 9673.25 -29.986
9612.86 29.4578 9682.29 -39.7309
9623.07 35.792 9693.38 -33.884
9632.7 29.4578 9702.42 -25.1136
9642.32 15.815 9713.5 -15.3687
9652.83 33.3558 9723.42 -21.2156
9661.87 30.4323 9733.05 -26.0881
9673.25 26.5344 9742.97 -28.5243
9682.29 35.3048 9753.18 -23.6518
9693.38 40.1772 9763.09 -13.4197
9703.29 60.1543 9773.01 -19.2666
9713.21 43.5879 9783.22 -24.6263
9722.84 54.3073 9793.14 -26.5753
9733.34 52.3583 9804.22 -10.4962
9743.55 47.4859 9813.56 -12.9325
9752.88 61.1288 9822.6 -11.4707
9763.39 57.2308 9833.68 1.68489
9773.6 57.718 9842.73 -7.57277
9783.51 54.3073 9853.81 -7.08552
9794.31 66.4884 9864.02 0.223151
9803.06 58.6925 9873.94 0.223151
9812.97 55.2818 9883.86 -3.18756
9823.18 56.7435 9892.6 0.710396
9833.39 62.5905 9903.69 0.223151
9843.31 71.3609 9913.02 13.3788
9853.52 47.4859 9923.23 0.710396
9864.02 65.0267 9934.31 0.710396
9872.48 55.2818 9943.36 19.7129
9883.86 67.9502 9953.86 18.2512
9893.77 75.2588 9963.77 20.6874
9903.69 73.3099 9973.69 12.8915
9913.6 61.1288 9983.9 26.5344
9924.69 68.9247 9993.82 43.5879
9934.02 68.9247 10004.6 24.0981
9943.94 79.1568 10013.9 41.639
9954.15 69.8992 10025 48.4604
9964.07 77.2078 10033.8 48.9476
9973.98 71.8481 10044.3 38.7155
9983.9 69.8992 10053.9 47.9731
9993.52 64.0522 10063.2 59.667
10004 71.8481 10074 49.4349
10013.6 76.7206 10084.5 43.5879
10024.1 82.0803 10094.1 41.1517
10033.5 86.4655 10103.5 61.1288
10043.7 80.1313 10114.3 49.9221
10053.6 97.1849 10125.1 64.0522
10064.4 88.4145 10135.3 76.2333
10074.3 71.3609 10144.6 62.5905
10084.8 80.6185 10152.8 53.8201
10093.9 81.1058 10164.4 74.7716
10104.4 90.3634 10174.4 67.4629
10114 89.389 10185.1 81.593
10124.2 79.644 10194.8 67.4629
10133.5 79.644 10204.4 74.7716
10144 77.2078 10214.6 78.6696
10154.8 87.9272 10224.8 74.7716
10164.4 90.8507 10234.1 81.593
10174.6 94.2614 10244.9 93.7742
10184.3 81.593 10254.3 73.3099
10194.8 69.4119 10264.8 78.1823
10205 78.1823 10274.7 89.389
10214.9 88.9017 10284.6 84.5165
10224.8 88.4145 10294.8 101.57
10234.7 85.9782 10304.1 75.2588
10244.9 84.5165 10314 85.491
10254.5 82.5675 10325.1 80.6185
10264.8 86.4655 10335 80.6185
10274.7 87.9272 10345 88.9017
10284.3 87.44 10354.9 92.7997
10294.5 90.8507 10364.8 87.44
10304.4 104.981 10374.7 104.981
10314.9 91.8252 10385.5 102.057
10324.3 96.6976 10395.4 86.9527
10334.8 91.8252 10405.3 95.7231
10345.5 103.032 10415 101.083
10354.6 103.519 10425.4 105.468
10363.9 90.3634 10436.5 84.0293
10375.3 97.1849 10444.4 105.955
10384.3 104.006 10455.8 110.34
10394.8 102.545 10465.1 91.3379
10404.8 90.3634 10476.2 86.9527
10414.7 106.443 10485.5 81.1058
10424.9 96.2104 10495.2 92.3124
10435.1 109.366 10505.1 95.2359
10445 98.6466 10515.6 90.8507
10456.1 104.981 10524.9 81.593
10465.4 116.187 10534.8 106.93
10475 87.9272 10545.3 120.573
10484.9 88.9017 10555.8 87.9272
10495.7 99.1338 10565.5 93.2869
10504.5 98.1593 10575.6 87.9272
10516.5 85.491 10585.6 92.3124
10524.3 100.108 10595.2 94.7486
10535.4 87.44 10606.6 95.2359
10545.9 89.8762 10615.9 104.494
10555.8 106.443 10624.9 94.2614
10565.7 96.2104 10635.4 105.468
10575.9 107.904 10645.4 98.6466
10584.7 95.7231 10655.9 102.057
10594.9 101.083 10665.8 95.7231
10604.5 92.7997 10676.6 94.7486
10615.6 107.417 10685.6 98.6466
10625.5 129.83 10695.8 90.3634
10635.7 112.777 10706.3 104.494
10645.6 111.315 10715.9 93.2869
10655.9 104.006 10725.9 95.2359
10664.9 97.6721 10736.1 92.3124
10675.7 103.032 10746.3 98.6466
10685.3 102.545 10755.9 91.3379
10695.2 104.006 10766.7 94.7486
10705.4 103.032 10776.3 81.1058
10715.6 120.573 10785.6 80.1313
10725.3 102.057 10796.7 88.4145
10735.8 113.264 10806.1 89.389
10745.7 97.1849 10816 85.491
10755.3 112.777 10826.2 80.6185
10764.9 102.545 10836.1 81.593
10776 97.1849 10846.9 88.9017
10785.4 97.1849 10856.5 91.8252
10796.2 102.545 10867 75.7461
10805.2 92.3124 10876.6 90.3634
10815.7 97.1849 10886.3 71.3609
10825.6 103.032 10896.8 92.7997
10835.5 98.6466 10906.4 62.1032
10846.6 104.494 10916.6 85.0037
10856.2 118.136 10926 87.9272
10865.3 104.494 10937 83.542
10875.8 117.162 10946.7 78.6696
10885.4 113.264 10956.9 63.565
10895 114.238 10967.7 94.2614
10905.2 114.238 10976.4 68.4374
10916.3 123.496 10987.5 70.3864
10926.2 111.315 10997.4 70.8736
10935.6 114.726 11007 81.593
10946.7 122.522 11016.7 73.7971
10956 110.828 11026.9 68.4374
10965.9 132.266 11037.7 71.8481
10975.5 121.06 11046.4 63.0777
10986 116.187 11056.6 84.0293
10996.3 119.111 11067.4 77.6951
11005.3 115.213 11076.8 60.6415
11015.8 108.879 11087 81.593
11025.7 123.009 11096.9 72.3354
11036.2 117.649 11108 68.9247
11046.4 108.391 11117.6 79.644
11055.8 111.802 11127.8 77.6951
11066.3 110.34 11137.4 84.5165
11075 115.213 11147.6 73.3099
11086.4 108.879 11157.3 74.7716
11095.7 104.006 11168.1 91.3379
11106.5 94.7486 11177.1 100.108
11115.6 110.34 11187.9 89.8762
11126.6 103.519 11197.8 89.389
11136 139.575 11207.8 94.2614
11145.9 115.213 11217.7 102.057
11155.8 120.573 11227.9 89.8762
11166 119.111 11237.5 88.4145
11176.5 123.496 11248 76.7206
11186.5 121.06 11257.6 79.1568
11197 123.983 11267.6 106.93
11206.9 133.241 11278.7 93.7742
11216.8 113.264 11288.3 92.3124
11226.7 119.111 11297.9 82.5675
11236.1 113.264 11307.8 89.8762
11246.3 135.677 11317.8 92.3124
11255.9 131.779 11327.7 81.1058
11265.8 132.754 11337.6 82.0803
11276.3 129.83 11347.8 92.7997
11285.6 136.652 11357.7 102.057
11295.9 110.34 11367.9 104.981
11307.3 129.83 11379 93.2869
11315.7 116.675 11388.4 97.6721
11327.4 132.266 11398.6 104.981
11336.7 127.881 11408.5 96.6976
11346.6 112.289 11418.4 101.083
11356.3 112.289 11427.8 91.8252
11367.6 122.522 11438.3 107.417
11377.3 112.289 11448.8 95.7231
11386 111.315 11458.4 90.3634
11396.2 112.289 11468.9 87.44
11406.2 112.777 11478 81.1058
11417.8 119.598 11489 82.5675
11426.9 124.471 11498.7 86.9527
11436.2 122.522 11508.9 87.9272
11446.7 123.009 11519.4 88.4145
11456.1 127.394 11528.7 93.7742
11466.6 119.598 11539.8 89.389
11477.1 118.136 11549.2 88.9017
11486.4 115.213 11558.5 64.0522
11496.9 124.471 11569 71.3609
11506.9 122.034 11578.9 79.644
11516.5 122.034 11588.3 63.0777
11526.4 119.111 11599.4 74.7716
11536.9 119.111 11609 60.6415
11546.5 116.187 11619.8 56.2563
11556.5 124.471 11629.1 64.5395
11567 128.856 11639.6 65.0267
11576.3 103.519 11649.3 57.718
11587.4 128.369 11660.1 68.9247
11597 107.417 11669.1 74.7716
11606.4 116.675 11679.3 80.6185
11617.2 109.853 11688.7 71.8481
11626.5 107.417 11699.5 80.1313
11636.7 97.6721 11708.8 77.6951
11646.4 127.394 11719.9 78.6696
11657.2 117.649 11729.8 80.6185
11666.2 119.111 11739.5 77.2078
11677 95.7231 11749.4 81.1058
11686.6 109.366 11759.9 85.491
11696.6 109.853 11769.5 69.8992
11707.1 110.828 11779.5 61.1288
11717.3 113.264 11790.6 65.514
11726 113.751 11799.6 65.0267
11736.9 119.111 11810.7 75.7461
11746.8 100.108 11818.9 58.6925
11756.4 104.494 11830.6 61.616
11766 117.649 11839.9 56.2563
11777.4 104.006 11850.4 69.8992
11787.6 114.238 11859.8 48.4604
11796.7 114.238 11869.7 66.4884
11806.9 121.06 11880.5 53.8201
11817.7 109.853 11889.8 57.718
11827.3 112.777 11900.3 59.1798
11837 87.44 11910.3 72.3354
11846.6 106.443 11919.6 68.4374
11857.1 85.9782 11930.4 64.5395
11866.2 92.7997 11939.8 61.616
11877.3 96.6976 11950.3 66.9757
11887.2 90.3634 11959.3 66.9757
11896.8 97.6721 11970.7 65.514
11906.5 102.057 11981.2 64.5395
11916.7 101.57 11991.4 58.2053
11927.2 91.3379 12000.5 55.7691
11937.4 110.828 12010.4 64.0522
11947.9 91.3379 12020.6 70.3864
11957.3 103.519 12031.4 65.0267
11967.5 99.6211 12039.9 46.9987
11977.1 106.93 12050.7 50.8966
11987.6 104.981 12061.2 47.9731
11997 95.7231 12070.3 35.792
12006.9 95.2359 12081.4 59.667
12017.1 100.108 12090.1 50.4094
12027.4 103.519 12101 54.7946
12037.3 87.9272 12111.2 52.8456
12046.6 103.032 12120.8 38.7155
12057.1 91.8252 12131.3 51.8711
12067.4 94.7486 12141.6 34.3303
12077 88.4145 12150.6 44.0752
12086.7 100.108 12161.1 49.4349
12096.9 104.494 12172.2 42.6134
12106.8 83.0548 12180.7 43.5879
12117.6 96.2104 12192.1 45.5369
12127.8 82.5675 12201.7 51.3839
12136.9 78.6696 12211.1 49.9221
12147.7 88.4145 12221.6 41.1517
12156.4 64.5395 12231.2 51.8711
12166.4 75.7461 12242.3 42.1262
12177.8 73.7971 12251.4 46.5114
12186.8 80.1313 12260.7 46.0242
12197.1 95.2359 12271.8 51.3839
12207.3 81.593 12282.4 43.1007
12217.5 73.3099 12292.3 36.7665
12227.7 82.0803 12301.3 37.2538
12237.4 92.7997 12312.2 46.0242
12247.6 61.616 12322.1 43.1007
12256.1 74.2844 12332 44.5624
12267.2 88.4145 12342 43.5879
12277.1 73.7971 12351.6 45.0497
12287.3 84.0293 12362.1 35.3048
12296.7 69.8992 12372 43.1007
12307.8 72.8226 12382.6 46.9987
12316.8 76.2333 12391.6 29.4578
12327.9 67.4629 12402.2 29.4578
12337.9 61.1288 12412.1 38.2282
12347.5 61.1288 12422.9 47.9731
12357.7 66.9757 12432.5 19.2257
12367.4 66.9757 12442.8 45.5369
12376.7 50.4094 12452.1 35.3048
12387.5 63.565 12462.9 41.639
12396.6 44.0752 12472.3 31.8941
12408 46.9987 12483.1 41.1517
12417.6 62.5905 12492.1 30.4323
12426.7 50.4094 12503 38.7155
12437.8 45.0497 12512 34.8175
12448.3 54.3073 12523.1 53.3328
12457.7 39.69 12533.1 23.6109
12467.3 39.69 12543.3 41.1517
12477 58.2053 12553.2 31.8941
12487.2 44.0752 12562.9 46.9987
12497.7 40.6645 12573.4 43.1007
12507.4 38.7155 12582.8 29.4578
12516.7 50.8966 12592.7 27.5089
12527.5 55.7691 12603.2 18.7385
12536.9 48.4604 12613.4 25.5599
12547.1 51.8711 12623.1 31.8941
12557.9 60.6415 12634.2 35.792
12568.1 46.5114 12643.8 6.07009
12578.7 41.1517 12653.5 11.4298
12587.4 36.2793 12662.8 7.04458
12598.5 27.5089 12674.5 16.7895
12607.9 25.0726 12683.3 16.7895
12617.8 27.9961 12693.8 11.917
12627.5 20.6874 12704.1 19.7129
12637.1 32.8686 12713.1 14.8405
12647.3 20.2002 12723.6 -0.264094
12657.6 26.5344 12733.3 0.710396
12667.8 34.8175 12743.8 10.9425
12677.5 24.5854 12754.1 9.96805
12687.4 17.2767 12764.3 15.815
12697.6 30.4323 12774.8 -3.67481
12707 13.3788 12783 -8.06001
12717.5 27.9961 12794.4 -7.57277
12728 24.0981 12804.3 -2.70032
12736.8 21.6619 12814 1.19764
12748.2 34.8175 12824.8 -2.70032
12757.9 18.2512 12834.8 17.764
12767.2 33.3558 12844.1 -0.264094
12777.7 49.4349 12853.5 8.50631
12787.1 77.2078 12864.3 5.58284
12797.9 132.754 12875.1 -3.18756
12807.9 166.861 12884.5 18.7385
12817.5 225.33 12895.3 -2.21307
12827.4 287.698 12904.4 -5.62379
12837.7 340.807 12915.8 -6.11103
12846.7 388.07 12924.5 8.01907
12858.1 445.078 12934.8 -9.0345
12868.1 486.981 12945.3 -3.18756
12877.1 545.45 12954.7 -16.3432
12887.7 561.042 12964.6 -5.13654
12898.2 613.664 12975.4 -0.264094
12908.4 640.95 12984.8 -14.8814
12917.5 667.261 12995.6 -8.06001
12927.2 709.652 13005.5 -0.264094
12937.4 725.243 13015.2 -3.67481
12947.6 772.019 13025.1 -17.8049
12957.9 792.97 13035.7 -0.264094
12967.2 826.59 13045 5.58284
12977.8 869.955 13055 -6.11103
12988.3 911.371 13066.4 4.12111
12997.4 944.016 13075.2 -0.264094
13007.9 970.815 13086.3 -1.23858
13016.6 1029.28 13095.9 5.0956
13028.1 1078.01 13105 11.917
13037.4 1120.89 13115.2 15.815
13047.1 1171.07 13125.5 -1.72583
13057.9 1215.41 13136.6 9.4808
13067.6 1255.37 13146.2 2.17213
13077.2 1283.14 13155.9 16.7895
13087.4 1325.04 13166.7 18.7385
13098.3 1372.79 13176.1 6.07009
13108.2 1400.08 13186.3 8.01907
13117.3 1453.67 13196 8.99356
13127.8 1496.55 13206.5 9.96805
13138 1540.89 13216.5 24.0981
13148 1604.23 13226.4 13.866
13157.9 1652.96 13236.9 17.2767
13167.6 1692.91 13246.6 24.0981
13178.1 1758.2 13256.5 49.9221
13187.8 1787.44 13266.5 88.4145
13198 1849.8 13277 131.779
13207.7 1896.58 13287.3 197.557
13217.6 1953.1 13296.6 232.152
13228.1 1977.46 13307.1 287.21
13237.5 2017.9 13316.2 360.297
13248 2037.39 13326.8 417.792
13258 2049.09 13337.3 476.749
13267.4 2071.99 13347.5 538.141
13277.9 2093.91 13357.8 626.333
13287.8 2105.61 13367.1 694.06
13297.8 2120.23 13377.7 762.274
13307.1 2122.17 13387.9 845.106
13317.4 2132.89 13398.8 896.266
13328.2 2158.72 13408.1 1003.95
13337 2171.87 13417.8 1111.63
13348.4 2210.85 13428 1196.9
13358.4 2252.27 13438 1266.57
13368.9 2281.99 13448.5 1333.32
13377.4 2331.2 13457.6 1387.9
13387 2392.11 13467.8 1477.55
13397.9 2449.6 13477.8 1528.71
13407.2 2509.05 13488 1574.02
13417.5 2576.29 13498 1645.65
13427.7 2629.88 13508.2 1730.43
13437.4 2687.38 13518.4 1800.11
13448.2 2757.05 13528.1 1854.68
13457.3 2817.96 13539.2 1883.91
13467.8 2845.73 13548.9 1943.36
13477.2 2886.17 13558 1991.59
13488.6 2915.41 13568.8 2045.68
13497.4 2947.57 13578.8 2143.61
13507.9 2965.59 13588.7 2255.68
13517.6 2983.62 13598.6 2336.07
13527.8 3006.04 13609.8 2396.01
13537.8 3009.93 13619.1 2451.55
13548.6 3016.76 13629.4 2537.79
13557.7 3042.58 13640.2 2631.35
13567.6 3039.66 13650.2 2709.79
13577.6 3059.63 13659.5 2748.77
13589 3057.68 13669.5 2800.42
13597.5 3086.43 13679.4 2859.38
13608 3116.64 13690.3 2901.77
13617.7 3159.52 13699.9 2934.41
13628.2 3188.75 13709.6 2967.06
13638.2 3218.47 13720.1 2988.98
13647 3262.33 13730.4 3029.42
13657.5 3292.54 13740.6 3066.94
13667.1 3331.52 13749.7 3074.74
13678.3 3386.09 13760.3 3112.26
13687.6 3421.17 13769.9 3135.64
13697.6 3471.84 13780.7 3141.49
13707.8 3521.54 13791 3162.93
13717.8 3567.34 13801.5 3181.93
13728 3634.58 13811.2 3196.55
13737.7 3692.56 13821.4 3206.29
13747.7 3738.37 13830.8 3231.63
13757.6 3807.55 13841.4 3256.48
13767.9 3829.97 13851.3 3288.15
13776.9 3873.33 13862.1 3340.77
13787.8 3917.67 13871.8 3398.76
13796.8 3956.65 13882.9 3446.99
13807.7 3981.01 13891.4 3485.97
13817 4012.68 13903.1 3540.54
13827.9 4006.35 13913.4 3592.19
13837.8 4030.22 13922.5 3650.66
13846.9 4028.76 13933.6 3712.05
13858 4055.56 13944.1 3754.44
13867.7 4104.77 13954.7 3796.35
13878 4022.92 13964.3 3819.73
13887.9 3949.83 13974 3848.97
13897.9 3879.67 13983.7 3854.82
13907.2 3820.22 13990.1 3865.05
13917.8 3819.25 13995.7 3865.54
13927.4 3797.32 13994.8 3846.05
13937.4 3805.6 13987.2 3818.76
13947.6 3807.55 13977.8 3803.66
13957 3790.5 13967.6 3803.66
