9009.65 -108.92 9031.25 -181.519
9009.36 -63.6059 9041.47 -162.517
9006.73 -53.861 9052.27 -176.647
9004.98 -53.861 9061.61 -185.417
9008.19 -49.4758 9071.54 -176.647
9012.86 -66.5294 9081.17 -170.313
9021.62 -61.6569 9091.39 -150.823
9030.09 -50.9376 9101.02 -164.466
9039.72 -54.3483 9112.7 -167.389
9049.94 -44.6034 9122.62 -172.262
9059.28 -36.3202 9131.96 -177.134
9069.21 -38.2692 9141.6 -181.519
9079.42 -46.5524 9151.23 -201.496
9089.35 -37.7819 9161.44 -181.032
9099.56 -22.6774 9171.08 -183.955
9109.78 -36.8075 9181.58 -186.392
9120 -31.4478 9191.8 -176.647
9130.8 -27.5498 9201.72 -168.364
9139.55 -34.8585 9210.77 -183.468
9150.06 -27.5498 9221.57 -154.721
9160.86 -27.5498 9231.78 -161.542
9170.2 -13.9069 9242 -163.491
9181 -16.8304 9251.92 -164.466
9190.34 -31.935 9261.84 -159.106
9200.26 -28.037 9272.06 -165.44
9210.48 -20.2411 9281.1 -156.182
9220.69 -14.3942 9292.19 -162.029
9230.91 -16.3432 9301.53 -161.542
9241.12 -17.3177 9312.62 -170.8
9251.34 -6.59828 9321.38 -166.415
9260.97 -19.2666 9331.59 -157.644
9271.76 -15.3687 9341.22 -164.466
9280.81 -11.4707 9350.56 -155.695
9291.32 -4.16205 9362.52 -160.08
9302.12 -5.13654 9371.57 -157.157
9310.87 19.2257 9382.07 -166.415
9321.38 -9.0345 9392.58 -144.489
9330.72 8.50631 9401.62 -144.976
9342.39 9.96805 9413 -144.976
9352.31 7.04458 9421.47 -149.848
9362.23 13.866 9432.55 -140.103
9372.74 7.53182 9441.89 -147.412
9381.78 12.4043 9452.1 -150.823
9392.28 10.4553 9462.61 -125.486
9401.04 4.12111 9472.82 -114.767
9411.54 9.4808 9483.61 -126.46
9422.05 11.4298 9491.78 -113.305
9432.26 18.2512 9502.58 -130.358
9441.6 10.4553 9512.5 -137.18
9452.69 16.7895 9523 -118.665
9462.31 21.1747 9532.92 -130.358
9472.23 18.7385 9542.55 -107.458
9481.86 27.0216 9551.88 -104.047
9491.78 39.2027 9562.39 -101.611
9502.29 33.843 9573.18 -101.611
9512.5 19.7129 9582.81 -108.432
9522.13 38.7155 9592.44 -106.483
9533.21 41.639 9602.94 -97.2258
9542.26 43.5879 9612.57 -95.7641
9552.76 30.4323 9622.78 -92.8406
9562.68 47.4859 9632.7 -93.8151
9571.43 32.3813 9642.62 -97.2258
9582.81 48.9476 9653.12 -88.9426
9592.44 49.4349 9662.45 -84.5574
9602.36 63.0777 9673.54 -94.3023
9613.15 64.5395 9683.46 -83.583
9621.32 73.3099 9692.5 -66.0421
9632.99 56.7435 9703.29 -79.685
9643.2 56.2563 9712.92 -71.4018
9653.12 65.514 9723.71 -66.5294
9662.74 71.8481 9733.34 -69.4529
9672.95 62.5905 9743.55 -53.861
9682.58 64.5395 9752.88 -58.7335
9693.67 75.7461 9763.09 -59.708
9703.29 68.9247 9773.01 -56.7845
9712.92 63.565 9782.93 -58.7335
9722.84 62.5905 9794.31 -45.5779
9733.34 61.616 9803.35 -29.0115
9742.68 81.593 9812.68 -35.833
9753.47 77.2078 9822.6 -40.7054
9763.09 69.8992 9832.81 -28.037
9773.31 61.616 9843.89 -25.6008
9783.51 89.8762 9853.81 -17.3177
9793.72 82.5675 9864.31 -25.1136
9803.35 86.4655 9872.77 -12.4452
9813.26 93.2869 9883.86 -13.9069
9823.48 108.391 9894.35 0.223151
9833.68 97.1849 9902.81 -4.6493
9843.6 103.032 9914.19 10.4553
9854.1 87.44 9923.52 16.3022
9863.44 92.3124 9934.02 13.866
9873.94 113.751 9943.65 14.3532
9883.27 123.496 9953.86 21.6619
9893.48 114.726 9964.65 4.12111
9904.85 125.445 9973.4 21.1747
9913.9 106.93 9984.48 20.2002
9923.52 115.7 9993.82 30.4323
9933.73 118.136 10004.3 36.7665
9945.1 114.726 10013.4 38.7155
9953.86 123.496 10024.1 51.8711
9963.19 109.366 10034.1 54.7946
9974.27 134.703 10043.7 47.4859
9983.61 126.42 10053.9 65.514
9994.11 122.522 10064.7 52.8456
10003.7 127.881 10073.1 68.4374
10013.6 129.343 10084.2 72.3354
10024.1 143.473 10093.9 69.4119
10034.1 135.677 10104.6 92.3124
10044.9 134.703 10114.3 98.1593
10054.8 141.037 10124.8 90.8507
10064.4 141.037 10135 91.3379
10074.6 143.96 10144 96.2104
10084.2 148.346 10154.2 92.7997
10094.1 161.988 10164.4 103.519
10104.6 163.937 10174 105.955
10114.6 146.397 10184.5 107.904
10125.1 150.782 10194.2 103.032
10134.1 161.501 10204.7 116.187
10144.3 168.323 10214.3 115.213
10154.2 175.144 10224.2 119.598
10164.4 160.527 10234.4 114.726
10174 180.991 10244.6 121.547
10184.3 183.914 10255.1 129.343
10194.2 178.555 10264.8 140.55
10204.7 190.736 10274.7 135.19
10214.3 188.787 10284.9 134.215
10223.9 185.376 10294.8 127.394
10234.4 188.787 10305.3 148.346
10244.9 193.172 10314.9 154.193
10254.3 187.812 10324.8 131.779
10264.8 191.71 10335 153.705
10274.4 190.249 10345.3 152.731
10284.6 182.453 10354.9 154.68
10295.1 199.019 10365.1 155.654
10304.4 192.198 10375.3 153.218
10314.6 174.657 10384.9 158.09
10324.3 198.532 10396 154.68
10335.3 182.453 10404.8 164.912
10344.7 193.659 10415 152.731
10354.3 190.249 10424.9 166.374
10364.5 190.249 10434.2 158.09
10374.7 181.965 10445 155.167
10385.5 180.991 10455.8 156.629
10394.8 185.376 10466.3 164.425
10404.5 161.988 10475.6 178.067
10414.1 172.708 10484.9 179.529
10425.8 172.708 10496 171.246
10435.7 172.708 10504.8 176.606
10445.3 155.167 10515.3 171.246
10455.2 168.81 10525.2 185.376
10465.1 157.603 10536 178.555
10475.6 174.17 10545 189.274
10484.7 166.861 10555.5 187.325
10495.7 168.323 10566 184.889
10504.5 163.937 10575.4 184.889
10515.3 147.371 10585.9 190.249
10524.9 149.807 10595.2 196.096
10534.8 147.371 10605.4 190.249
10545 156.141 10615.6 187.812
10555.5 147.371 10623.8 193.659
10564.6 142.499 10635.7 206.815
10575.4 147.371 10645.6 206.328
10585.3 130.318 10654.7 196.096
10595.2 159.065 10666.7 188.3
10605.4 135.677 10675.7 210.226
10615.3 136.164 10686.8 198.045
10625.8 145.909 10695.8 200.481
10635.1 149.32 10705.7 195.608
10645.9 133.241 10715.9 203.891
10656.1 133.728 10725.3 209.738
10665.8 149.32 10736.6 212.175
10676.3 132.754 10746.9 208.764
10685 144.448 10757.1 205.84
10695.2 137.139 10765.5 207.302
10704.9 143.473 10775.7 218.509
10715.6 123.009 10785.6 227.766
10725 123.009 10796.2 207.789
10735.5 131.292 10806.4 216.073
10745.7 125.445 10816 227.279
10755.9 116.187 10826.2 229.228
10766.4 125.445 10836.1 228.741
10775.1 142.499 10846.3 233.613
10785.4 130.318 10856.8 231.177
10795.9 143.96 10866.1 214.124
10805.5 133.728 10877 226.305
10816 130.805 10886 235.075
10825 137.626 10896.8 225.817
10836.1 141.524 10907 210.713
10846 137.626 10916.9 230.203
10855.1 138.113 10926.8 223.868
10865.6 138.601 10936.7 221.432
10875.8 128.369 10947.5 221.92
10886 157.603 10956 220.945
10895.3 142.011 10968 223.381
10906.1 148.833 10977.3 216.073
10916 151.269 10987.2 234.588
10925.7 154.193 10996.8 213.636
10935.6 144.448 11006.5 216.56
10944.9 149.807 11017.3 213.149
10956 138.113 11027.2 219.971
10965.6 142.011 11036.8 223.868
10976.4 140.062 11047.9 228.254
10986 136.164 11057.2 231.177
10996 145.909 11068 225.817
11005.6 142.986 11077.3 242.384
11015.5 146.884 11087.3 237.511
11026.3 145.422 11097.8 232.152
11035.6 139.575 11107.4 243.358
11046.4 148.346 11117.6 251.641
11056.3 143.96 11128.7 249.205
11066 129.83 11137.4 257.976
11075.9 142.986 11147.4 249.205
11087 136.652 11156.7 261.874
11095.7 145.909 11166.9 260.899
11106.5 164.912 11176.2 256.514
11115.6 147.371 11188.2 253.59
11125.5 140.55 11198.1 254.078
11136.6 152.731 11207.8 241.409
11146.2 151.269 11217.7 263.823
11156.1 144.935 11226.1 256.027
11165.7 160.039 11237.5 244.333
11176.5 163.45 11248 260.412
11186.8 150.782 11258.2 274.542
11197.5 143.96 11268.1 251.641
11206.3 153.218 11277.5 260.899
11216.5 143.96 11288.6 266.746
11227 156.141 11298.2 264.797
11235.8 137.626 11308.1 268.208
11247.1 169.784 11317.8 267.233
11256.5 153.218 11327.4 257.976
11267.3 163.45 11338.5 275.029
11276.6 155.167 11348.4 265.284
11286.8 148.346 11359.2 272.106
11295.9 151.756 11367.9 275.029
11305.5 153.705 11378.4 270.644
11316.6 154.68 11388.7 286.723
11326.5 153.705 11398 278.44
11337 161.988 11408.2 276.491
11346 162.476 11418.4 272.593
11356.6 164.912 11428.1 271.618
11367.4 169.297 11438.9 294.519
11376.1 154.68 11448.5 281.851
11386.3 153.705 11458.7 280.876
11396.8 171.246 11468.9 283.8
11406.5 162.963 11478.8 282.825
11416.7 172.221 11488.2 279.902
11426 155.167 11498.4 274.055
11436.2 159.552 11508.3 280.876
11446.4 160.039 11518.5 277.465
11455.8 158.09 11529 303.777
11467.1 161.988 11539.2 297.93
11477.1 172.221 11549.2 287.21
11486.7 171.246 11559.4 309.624
11496.6 160.039 11568.4 305.238
11506.6 169.784 11578.6 299.879
11516.8 158.578 11589.1 307.187
11526.1 164.912 11598.5 313.522
11536.6 154.68 11608.7 303.289
11546.3 161.988 11619.5 313.034
11557 159.065 11630 308.649
11566.1 163.937 11639.4 301.34
11576.6 154.193 11649.9 315.958
11586.2 163.937 11658.9 301.828
11597 172.708 11670 315.471
11607.2 176.119 11679.3 311.085
11616.9 170.759 11689.6 306.213
11626.5 167.835 11700.4 325.215
11637 160.527 11709.1 323.754
11646.1 175.144 11719.6 324.241
11656.6 157.116 11729.3 314.983
11666.8 177.093 11740.1 326.19
11677.3 174.657 11750.3 326.677
11686.3 173.195 11759.3 335.448
11696 174.657 11769.5 312.06
11706.8 165.399 11780 324.241
11717 166.374 11789.7 314.009
11726.9 175.631 11799.6 322.292
11736.9 159.552 11810.4 338.371
11746.2 173.682 11820 325.215
11757 178.067 11829.7 334.473
11766.3 157.603 11839 331.062
11776.8 142.011 11850.1 323.754
11787.1 152.731 11860.6 333.011
11797.6 142.011 11870.6 352.988
11806.3 134.703 11880.5 327.164
11816.8 148.346 11890.4 337.397
11827.1 136.164 11899.8 346.654
11837 140.55 11909.7 356.399
11846.9 142.011 11919.9 349.09
11856.8 125.445 11930.4 340.807
11866.8 130.318 11940.9 348.603
11877 127.881 11949.4 362.733
11886.9 120.573 11960.5 346.654
11896.8 120.573 11970.1 365.17
11907 109.366 11980.4 361.759
11917 120.573 11990.9 353.963
11926.9 122.034 12001.1 351.039
11937.4 107.417 12011.3 366.631
11947.4 105.468 12020.4 364.195
11957.6 91.8252 12030.6 371.016
11967.2 94.2614 12039.9 360.784
11976.8 91.3379 12050.7 365.657
11986.8 86.9527 12060.1 379.787
11996.4 75.7461 12071.5 351.527
12007.2 56.7435 12081.7 368.58
12018.3 66.9757 12091.3 364.682
12027.4 51.3839 12101.3 360.784
12036.7 40.6645 12111.2 370.529
12047.5 36.7665 12121.1 385.634
12057.1 46.9987 12132.2 385.634
12067.1 39.2027 12140.4 382.223
12077 28.9706 12150.6 374.427
12087.5 33.3558 12161.1 369.555
12096.6 34.3303 12171.6 374.914
12106.8 19.2257 12181.9 364.195
12116.4 20.2002 12191.2 359.323
12128.1 19.7129 12201.4 368.58
12137.5 15.3277 12211.4 343.243
12147.1 24.5854 12220.4 336.909
12157 19.7129 12231.8 320.83
12167 21.6619 12241.8 335.448
12177.5 36.7665 12251.7 344.705
12187.1 25.0726 12261.3 349.09
12196.8 34.8175 12271.5 349.09
12207.6 32.3813 12282.1 350.552
12216.6 46.5114 12292.9 334.96
12226.9 42.1262 12302.5 351.039
12237.7 42.1262 12311.6 337.884
12247.6 46.5114 12321.5 313.034
12257.5 62.1032 12332.3 308.162
12267.8 56.7435 12342.3 311.573
12277.4 65.0267 12351.6 300.853
12287 60.6415 12361.5 306.213
12297.5 71.8481 12372.6 292.57
12307.2 76.2333 12381.4 292.083
12317.1 86.9527 12391.6 296.955
12328.2 107.904 12403 293.057
12337.6 100.596 12412.4 279.414
12346.9 104.494 12422.3 270.644
12356.9 94.7486 12432.3 288.185
12367.4 118.624 12441.9 277.465
12377.9 106.443 12453.6 290.134
12387.3 114.238 12462.9 254.078
12397.2 126.42 12472.9 261.386
12407.4 122.034 12482.5 262.848
12417.3 135.677 12492.5 244.82
12426.7 131.292 12502.1 248.718
12436.9 124.471 12513.2 259.925
12448 131.292 12522.8 236.537
12458 149.32 12533.1 252.616
12467.3 128.856 12543 248.231
12477.8 141.037 12552.1 261.874
12487.2 142.986 12562.9 250.18
12497.7 142.499 12572.8 251.641
12507.4 140.55 12583.3 248.231
12517.3 144.448 12594.2 250.667
12527.2 141.524 12602.9 258.95
12537.4 145.422 12613.4 256.514
12547.7 154.193 12622.2 268.208
12557.6 145.909 12633.9 247.256
12567.3 151.756 12642.4 260.412
12576.9 145.422 12653.8 260.899
12588.3 155.167 12663.4 252.129
12598 149.32 12673.7 252.616
12607.3 153.218 12683.9 251.641
12617.8 160.527 12694.1 235.075
12627.5 160.527 12703.5 243.358
12638.3 162.963 12714.3 232.639
12648.2 156.141 12723.4 226.305
12656.7 155.167 12734.5 221.92
12668.1 149.32 12743.5 225.817
12678.1 160.039 12753.2 203.891
12686.8 164.425 12764 201.455
12697.9 146.884 12773.9 204.866
12707.9 165.886 12783.6 199.994
12718.4 165.399 12793.8 206.815
12727.4 203.891 12804 203.891
12738.3 243.846 12813.7 207.789
12747.6 276.004 12823.9 201.455
12757.9 342.756 12835.1 194.147
12768.1 402.2 12844.4 200.481
12778 440.692 12854.6 195.121
12787.4 473.825 12863.7 184.889
12797.3 527.422 12874.8 180.504
12807.6 581.019 12883.9 184.402
12816.9 621.46 12895.3 169.297
12828 681.391 12905.2 178.555
12838 716.473 12914.6 180.991
12847.9 756.914 12925.1 178.555
12858.4 815.384 12935.4 179.042
12867.2 827.565 12944.7 179.042
12878 874.34 12954.7 177.093
12888 908.935 12964.9 163.45
12897.6 967.891 12976 184.889
12907.6 1010.77 12985.1 159.065
12916.9 1060.47 12996.5 166.861
12927.2 1099.45 13004.4 174.657
12937.7 1157.92 13014.9 158.578
12947.6 1204.69 13025.1 160.527
12957.9 1219.31 13035.1 161.988
12967.5 1268.52 13045 158.09
12978 1293.86 13055.6 164.912
12987.7 1337.22 13066.4 162.963
12997.6 1362.07 13075.4 159.065
13007.9 1400.56 13086 165.399
13018.4 1445.88 13095.3 161.501
13027.8 1482.42 13105.3 165.886
13036.5 1493.14 13116.1 163.937
13048.2 1531.63 13126.3 167.348
13057.9 1544.79 13136.3 170.759
13067.8 1608.13 13146.8 178.067
13078.1 1647.11 13155.9 237.024
13087.7 1683.17 13165.8 263.335
13098.3 1729.94 13176.4 255.539
13107.9 1788.9 13186 272.593
13117.6 1840.55 13196.3 263.823
13127.8 1885.37 13206.2 283.312
13138 1918.51 13216.5 304.264
13147.1 1956.51 13225.5 345.192
13156.8 2011.57 13236.4 390.506
13167.9 2072.48 13247.8 467.491
13177.3 2101.22 13256.5 515.728
13187.5 2167.98 13266.8 583.942
13198 2202.57 13276.1 655.567
13208 2238.63 13286.4 723.782
13218.2 2270.3 13296.6 831.463
13227.9 2319.02 13307.4 866.544
13237.8 2353.62 13316.8 921.116
13248.6 2391.13 13327.3 967.891
13258 2421.34 13338.5 1013.21
13267.9 2448.63 13347.8 1101.4
13277.3 2468.61 13357.2 1153.53
13289 2530.49 13368 1184.23
13297.8 2566.54 13377.1 1265.11
13308 2602.11 13387.3 1337.22
13317.7 2632.32 13397.6 1410.8
13327.3 2657.66 13408.4 1471.7
13337.6 2713.69 13417.2 1534.56
13347.5 2756.57 13428.3 1615.44
13358.1 2803.34 13438.3 1666.6
13368 2831.12 13447.9 1732.38
13377.4 2874.97 13457.6 1766
13387.6 2911.02 13467.5 1833.73
13397.3 2955.85 13477.2 1906.32
13407.5 2976.8 13488.6 1968.69
13417.5 3026.01 13498.5 2056.4
13428 3047.45 13508.8 2155.79
13438.8 3087.41 13518.4 2231.32
13448.5 3132.23 13528.7 2285.4
13458.2 3159.52 13538.9 2349.72
13467.8 3211.17 13548.3 2433.52
13477.8 3240.89 13558.3 2503.69
13486.8 3275 13569.4 2587.98
13497.7 3308.62 13578.8 2675.68
13508.8 3332 13588.1 2786.78
13517.9 3383.16 13599.2 2899.33
13527.2 3414.83 13609.5 3009.93
13538.3 3447.97 13618.3 3110.79
13548 3486.95 13630 3156.11
13558.8 3521.54 13638.8 3211.65
13567.3 3575.63 13649.3 3265.25
13578.5 3602.91 13660.1 3322.75
13587.2 3655.53 13669.5 3367.57
13597.8 3682.33 13679.4 3429.45
13607.7 3719.85 13689.4 3445.53
13617.4 3764.19 13699.6 3511.31
13627.6 3787.58 13708.7 3551.26
13637 3844.1 13720.7 3605.35
13647.5 3887.46 13730.7 3689.15
13657.8 3927.42 13740.9 3755.91
13668.6 3992.71 13750.9 3819.73
13677.1 4001.48 13759.7 3896.23
13687.6 4043.87 13770.2 3937.65
13697.9 4066.77 13780.2 3969.81
13707.8 4106.23 13791 3993.19
13717.8 4146.19 13801.2 4046.79
13728.3 4179.32 13810.6 4078.46
13738 4227.56 13821.4 4103.8
13747.9 4239.74 13830.8 4143.27
13757.3 4277.26 13840.8 4173.96
13767 4306.98 13851 4208.07
13777.5 4340.11 13861.6 4219.28
13787.5 4381.04 13871.8 4249
13797.7 4416.12 13882.4 4281.64
13807.4 4450.72 13892.3 4303.08
13817 4483.85 13902.3 4307.47
13827.9 4556.94 13913.1 4330.85
13837.6 4580.32 13923.6 4346.93
13847.8 4628.56 13933.6 4369.35
13858.6 4681.18 13944.4 4388.84
13868.3 4750.86 13954.7 4400.53
13877.7 4764.02 13964.9 4398.09
13888.2 4730.4 13974.3 4426.84
13897.6 4693.85 13983.4 4439.02
13907.2 4653.41 13991 4469.72
13917.5 4683.62 13995.1 4481.41
13927.4 4678.75 13995.1 4498.47
13937.4 4659.75 13987.5 4511.13
13946.8 4620.28 13978.1 4509.67
13958.2 4582.27 13967.6 4534.04
