9010.53 -233.654 9031.25 -94.7896
9009.36 48.9476 9041.47 -88.9426
9005.57 33.3558 9051.69 -85.5319
9004.98 27.9961 9061.32 -72.3763
9007.9 31.4068 9071.25 -80.6595
9013.74 40.6645 9081.76 -82.1212
9021.91 33.3558 9091.39 -75.787
9030.09 33.3558 9100.73 -68.4784
9039.72 49.4349 9110.95 -70.4273
9049.94 38.2282 9121.75 -67.9911
9059.57 51.3839 9131.38 -84.0702
9069.21 53.8201 9141.3 -87.4809
9079.71 46.9987 9151.23 -94.3023
9088.47 54.3073 9161.44 -78.7105
9099.85 64.0522 9171.66 -82.6085
9110.07 59.667 9181.58 -68.4784
9120.29 59.1798 9191.8 -71.8891
9129.92 70.8736 9202.01 -55.81
9140.72 60.1543 9211.35 -35.833
9149.77 61.1288 9221.86 -54.3483
9160.28 70.8736 9232.07 -52.3993
9170.49 78.6696 9241.71 -54.8355
9180.42 74.7716 9251.34 -54.3483
9190.92 79.1568 9262.72 -43.6289
9200.85 86.9527 9271.76 -46.0651
9210.48 73.7971 9281.4 -47.0396
9221.28 82.0803 9291.9 -29.4988
9230.03 92.3124 9301.82 -43.1416
9240.54 90.3634 9311.75 -41.1927
9250.75 97.6721 9321.38 -36.3202
9260.97 99.1338 9331.3 -19.2666
9270.89 85.9782 9341.22 -48.9886
9281.69 90.3634 9350.56 -19.2666
9291.32 81.593 9362.23 -17.8049
9302.12 102.057 9371.86 -10.4962
9311.45 107.904 9381.2 -10.9835
9321.08 119.598 9391.99 -18.2922
9331.01 100.596 9401.91 -26.0881
9341.8 109.366 9412.42 -2.21307
9352.6 118.624 9421.76 4.12111
9362.52 90.8507 9432.55 3.63386
9372.15 115.7 9441.31 17.764
9382.07 120.085 9452.69 26.5344
9392.28 120.573 9462.31 11.917
9402.5 111.315 9472.23 15.815
9412.13 123.983 9482.44 21.1747
9422.05 117.649 9491.78 13.866
9432.26 128.369 9502.29 13.3788
9442.18 129.343 9512.5 25.0726
9452.1 139.088 9522.71 27.0216
9462.9 129.83 9533.21 28.4833
9471.65 123.496 9542.26 11.917
9481.86 140.062 9552.47 30.4323
9492.37 144.448 9562.68 34.3303
9502 140.062 9573.18 21.6619
9511.91 153.705 9582.81 35.3048
9522.71 163.45 9592.15 33.3558
9532.05 147.858 9602.94 22.1492
9542.55 156.629 9612.86 38.7155
9552.18 138.601 9623.65 38.2282
9562.1 147.371 9632.11 40.6645
9573.18 154.68 9642.62 44.0752
9582.52 149.807 9653.12 33.3558
9592.73 150.782 9662.74 55.2818
9603.23 155.167 9673.25 52.3583
9613.15 139.088 9682.87 50.4094
9623.07 169.297 9692.5 38.7155
9633.28 162.476 9703 50.8966
9642.32 159.065 9712.63 52.3583
9653.7 150.295 9723.71 55.7691
9663.33 168.323 9732.76 55.7691
9672.08 178.555 9743.26 62.1032
9683.17 168.81 9753.76 77.6951
9692.79 186.351 9761.93 65.514
9702.42 192.685 9773.89 61.616
9713.21 196.096 9782.93 72.3354
9723.13 190.736 9793.14 63.565
9733.34 176.606 9802.77 66.9757
9742.38 185.863 9813.85 77.6951
9753.47 182.453 9823.18 73.7971
9762.51 202.43 9832.52 81.593
9773.6 193.659 9843.89 84.0293
9783.8 198.532 9853.23 79.1568
9792.85 190.736 9863.73 65.0267
9803.64 192.198 9873.94 85.9782
9813.26 187.812 9882.69 74.7716
9823.77 190.249 9893.77 82.5675
9833.98 193.172 9902.52 88.4145
9843.6 206.328 9913.02 102.545
9853.23 215.585 9922.94 92.7997
9863.14 209.251 9933.73 81.1058
9873.94 197.557 9943.94 93.2869
9883.27 203.891 9953.27 93.2869
9893.77 208.277 9963.77 104.494
9903.69 210.226 9974.27 111.315
9913.32 213.636 9983.9 97.6721
9924.69 215.585 9994.11 91.3379
9933.73 210.226 10004.3 100.108
9945.1 202.917 10013.9 107.417
9954.15 212.175 10024.1 104.981
9963.19 223.868 10033.5 111.315
9973.69 214.124 10044.3 119.598
9983.9 211.687 10053.3 98.1593
9994.69 222.407 10063.5 109.366
10003.7 217.534 10073.7 113.264
10013.9 221.92 10084.2 104.494
10025 224.843 10094.4 121.547
10033.8 215.098 10103.8 110.828
10044 217.047 10114 105.468
10053.9 221.432 10123.9 115.7
10064.1 236.05 10134.1 132.266
10074.3 216.073 10144.3 123.009
10084.5 219.483 10154.2 113.751
10094.4 227.279 10164.7 142.011
10103.2 207.302 10175.2 115.213
10113.7 231.177 10184.5 122.034
10125.3 221.92 10193.9 125.932
10134.1 224.356 10204.7 137.626
10144.6 229.715 10214.9 130.318
10154.2 241.409 10224.5 131.292
10165.9 227.279 10234.1 131.292
10174 226.792 10244.3 138.601
10184.5 233.126 10254.3 122.034
10194.5 236.537 10265.1 138.601
10204.7 243.846 10274.7 121.06
10213.7 239.46 10284.6 130.318
10224.2 234.101 10294.2 126.42
10234.7 242.384 10304.1 116.187
10244.6 238.973 10314.6 142.986
10255.1 257.488 10325.4 129.343
10265.1 249.205 10334.2 150.295
10274.7 234.101 10345 123.009
10285.5 251.154 10354.9 142.011
10293.9 253.103 10365.1 127.394
10304.4 260.899 10374.7 133.728
10314.6 248.231 10385.5 138.113
10325.1 243.846 10394.8 111.315
10335 255.539 10405.3 122.034
10344.4 241.897 10414.7 124.958
10354.9 244.82 10425.2 123.983
10364.2 261.386 10434.5 130.805
10375.6 248.231 10445.9 126.907
10385.2 252.616 10454.9 120.573
10394.5 251.641 10465.4 124.958
10405.3 260.899 10475.6 139.575
10414.7 257.001 10485.5 124.471
10425.4 241.409 10495.7 106.93
10435.4 255.052 10504.8 119.598
10445.3 259.437 10515.9 102.545
10455.2 250.18 10525.8 124.471
10464.5 271.618 10535.7 111.802
10475.6 246.282 10545.6 143.473
10484.7 246.282 10555.8 118.624
10495.2 261.874 10565.7 135.19
10504.8 261.874 10575.4 133.241
10515 272.593 10585.3 127.394
10524.9 257.488 10595.8 124.471
10535.1 255.052 10605.4 126.907
10545.3 251.154 10616.5 118.624
10555.2 270.157 10626.1 126.42
10565.1 253.59 10635.7 125.445
10576.2 255.052 10645.4 133.241
10585 257.488 10655.9 128.856
10595.5 249.205 10665.8 121.06
10604.5 237.024 10676 126.907
10616.5 250.18 10685.3 121.547
10625.5 245.795 10695.2 113.264
10636 242.384 10705.4 100.596
10645.6 257.976 10716.5 105.955
10655.3 259.437 10726.4 119.598
10665.8 257.488 10736.4 111.315
10675.4 240.435 10745.7 109.366
10686.2 245.795 10756.8 101.083
10695.2 242.384 10766.4 122.034
10704.3 260.899 10775.7 105.955
10715.9 254.565 10785.6 103.519
10725.9 263.823 10795.9 100.108
10734.9 258.95 10806.6 121.06
10745.4 256.514 10816.3 125.932
10755 255.052 10826.5 130.805
10766.7 255.052 10836.4 122.034
10774.9 257.976 10847.2 116.187
10785.6 266.746 10857.1 116.675
10796.7 262.361 10865.9 109.853
10806.1 248.718 10876.4 116.187
10815.4 258.95 10887.1 111.315
10825.6 259.925 10896.2 117.162
10835.5 251.154 10907.3 121.06
10846 254.078 10916.3 118.624
10855.7 263.335 10926.8 105.955
10865.9 249.692 10936.5 117.649
10875.5 270.644 10946.9 112.777
10886.6 267.721 10956.9 106.443
10895 256.514 10966.5 117.162
10905.8 263.823 10977 115.7
10915.7 262.848 10987.5 118.136
10925.7 253.103 10996.8 114.726
10936.2 253.59 11007.6 122.522
10945.2 259.437 11017.3 108.879
10956.3 275.516 11027.8 121.06
10966.8 254.078 11035.6 122.034
10976.4 261.386 11047 102.057
10986 264.797 11057.2 106.93
10996 265.772 11066.8 118.136
11005.9 274.055 11077 121.06
11015.8 257.001 11086.4 115.7
11025.4 263.335 11098.1 131.292
11035.9 276.491 11107.1 124.958
11045.6 262.848 11117.9 141.037
11057.2 275.029 11127.5 120.085
11066 262.848 11137.1 128.856
11075.6 251.641 11148.2 127.394
11086.4 261.874 11157.3 141.524
11095.7 259.437 11167.5 142.499
11106.2 269.67 11177.4 149.32
11116.4 269.182 11187.3 127.881
11125.8 255.539 11197.3 123.009
11135.4 252.616 11208 144.448
11146.5 240.435 11217.7 148.833
11155.8 264.31 11227.6 133.728
11165.7 238.973 11238.7 140.55
11176.2 250.667 11247.7 146.397
11186.5 251.154 11257.6 132.754
11196.4 263.823 11267.9 138.601
11206.9 257.488 11277.5 135.677
11216.5 251.154 11289.2 140.062
11226.7 273.567 11297 134.703
11236.1 269.182 11308.1 137.139
11246.3 261.386 11317.8 140.062
11256.2 264.797 11328 139.575
11267 266.259 11337.6 147.858
11275.4 258.95 11348.1 147.858
11285.9 250.18 11358.9 155.167
11296.5 253.103 11367.4 161.988
11305.8 261.874 11378.4 161.501
11317.5 254.078 11388.9 167.835
11326.2 264.797 11398.9 159.065
11336.4 243.358 11408.5 170.272
11346.9 244.82 11417.6 166.861
11356.3 253.103 11428.9 171.246
11366.5 256.514 11438.3 175.144
11376.1 247.256 11447.6 165.399
11386.3 240.922 11459.6 172.221
11396.5 230.203 11468.3 158.09
11406.2 236.537 11479.1 168.81
11416.4 245.307 11488.8 164.912
11426.6 240.435 11498.4 165.399
11437.4 258.463 11508.6 161.501
11447 255.539 11519.1 173.195
11456.6 248.718 11529 170.759
11466.9 261.874 11539.5 158.09
11476.8 249.692 11548.3 161.988
11486.7 247.256 11559.1 170.759
11495.8 261.874 11567.6 163.937
11506.6 256.027 11579.5 165.886
11516.2 271.131 11588.3 175.144
11526.1 256.514 11599.6 172.221
11537.2 247.256 11609.6 176.606
11546.5 247.256 11618.9 173.195
11556.8 258.95 11629.4 162.476
11565.8 256.514 11639.6 171.246
11576.6 238.973 11649.6 167.835
11586.8 257.001 11658.6 165.886
11596.4 252.616 11669.7 166.861
11606.7 253.59 11679.6 171.733
11616.6 269.182 11688.4 158.09
11626.8 266.746 11699.2 174.17
11636.7 251.154 11709.7 173.195
11646.4 250.18 11719.6 179.529
11657.2 257.001 11730.4 177.58
11666.5 238.973 11740.3 173.195
11678.2 247.256 11748.8 169.297
11686.3 248.231 11759.9 187.325
11696 237.999 11770.1 182.453
11706.8 252.616 11779.8 181.965
11717 253.103 11789.7 168.323
11726.6 235.075 11799.3 184.889
11736.9 257.001 11809.5 171.733
11747.4 245.795 11820 169.784
11756.1 242.384 11830 173.682
11766.9 236.537 11840.2 161.501
11778.3 238.486 11849.8 168.81
11786.2 244.82 11859.5 155.654
11797.3 237.024 11870.6 178.067
11805.7 248.718 11880.2 175.144
11817.7 240.435 11889.8 168.81
11827.3 244.82 11899.8 169.784
11836.4 226.305 11909.7 169.297
11846.9 234.101 11919.6 160.527
11857.1 249.205 11929.8 175.631
11867.4 233.613 11940 174.17
11877 243.358 11950.3 167.348
11886.6 233.613 11959.9 173.682
11896.5 233.613 11970.7 164.425
11907.3 230.203 11980.6 170.759
11917 219.483 11990.9 161.988
11926.6 225.33 12000.8 158.578
11937.1 218.022 12011.6 163.45
11947.9 229.228 12020.6 168.81
11957.3 241.409 12030.9 160.527
11967.2 241.897 12040.2 164.912
11977.1 212.175 12050.7 161.988
11987.6 218.022 12060.4 167.348
11997 224.843 12070.9 193.172
12006.6 208.277 12081.7 193.172
12017.4 204.379 12091 182.453
12026.8 220.945 12101 187.812
12037.9 222.894 12111.2 185.863
12047.2 226.792 12120.5 190.249
12057.7 230.203 12131.6 190.736
12066.8 212.175 12141.9 187.325
12077.3 222.894 12151.8 184.402
12087.2 218.509 12161.1 186.351
12096.9 213.149 12170.8 201.455
12106.8 216.56 12181.6 207.302
12116.7 233.613 12191.2 212.662
12127.8 224.843 12201.7 197.557
12137.2 221.92 12212 183.427
12145.6 221.92 12221 194.634
12157 193.172 12231.5 192.685
12167.6 206.815 12241.2 188.3
12176.6 203.891 12252.3 193.172
12188 199.994 12261.9 201.455
12197.1 198.045 12271.8 200.481
12207.3 206.328 12281.2 226.305
12216.9 205.353 12291.4 207.789
12228 212.175 12302.8 210.226
12237.4 206.328 12311.9 219.483
12247.9 201.943 12322.4 204.379
12257.5 210.713 12331.4 214.124
12266.9 210.226 12342 213.149
12277.1 210.713 12351.9 212.662
12287.3 210.713 12362.1 219.483
12297.8 208.277 12372.3 220.458
12307.5 216.073 12382.3 215.098
12316.8 217.534 12391.6 237.511
12328.2 205.84 12403 223.868
12337.3 207.789 12413 219.971
12347.8 210.226 12422.9 215.098
12356.9 212.662 12431.7 220.458
12366.8 211.2 12442.5 235.562
12377.6 225.33 12452.1 237.999
12387.5 221.92 12463.2 216.56
12396.9 199.506 12472.6 229.228
12407.4 210.713 12481.9 231.664
12417.3 204.866 12492.5 228.254
12428.1 216.073 12502.1 233.126
12436.6 204.866 12512 244.333
12448.3 205.353 12522.8 242.871
12457.1 224.843 12533.1 238.973
12467.9 215.585 12543.9 243.358
12478.1 197.557 12552.6 245.307
12487.5 221.92 12562 239.948
12496.8 203.404 12572.8 236.05
12507.1 213.149 12583 249.205
12518.2 209.738 12593.6 237.999
12526.9 214.124 12603.5 253.59
12537.4 201.943 12613.4 257.001
12546.8 191.71 12623.4 258.95
12557.3 211.687 12633.3 253.103
12567.9 208.277 12643.8 246.282
12577.2 220.458 12652.9 259.437
12587.1 200.481 12663.7 266.746
12598.5 194.147 12672.8 273.567
12607.6 199.994 12683 254.565
12617.8 202.43 12693.3 263.823
12628.3 198.045 12703.8 256.514
12637.1 205.353 12713.7 285.749
12647.3 187.325 12723.9 263.823
12658.2 211.2 12734.5 258.95
12668.1 220.458 12744.1 277.953
12676.9 190.249 12754.1 260.899
12687.7 217.047 12763.7 263.335
12697.3 233.126 12774.2 263.823
12707.9 282.338 12784.5 272.593
12718.7 321.805 12793.5 266.259
12726.9 367.119 12804.9 271.618
12737.7 427.537 12814.3 275.516
12746.8 458.233 12825.1 283.8
12757.6 518.164 12834.5 272.106
12767.5 550.323 12844.7 282.825
12777.4 609.279 12854.3 287.698
12788.6 655.08 12863.7 281.851
12797.3 699.907 12875.4 267.233
12807.9 739.861 12884.5 287.698
12817.5 769.095 12894.4 272.106
12827.7 812.947 12905.2 280.876
12838.5 849.004 12914 277.465
12847.3 902.113 12924.5 286.723
12857.6 946.453 12935.4 284.287
12866.3 952.299 12944.4 282.825
12878.6 998.588 12954.9 291.108
12887.4 1031.72 12965.5 288.185
12897.9 1054.62 12976 274.542
12907.3 1078.5 12985.4 269.182
12917.2 1101.88 12994.7 275.516
12927.7 1148.17 13005.2 278.927
12936.8 1182.77 13015.2 277.465
12947 1217.85 13025.4 258.463
12957.9 1259.26 13035.7 280.389
12966.9 1309.45 13044.7 274.542
12978 1363.53 13055.3 258.463
12987.7 1411.28 13065.5 269.182
12998.2 1475.6 13074.9 257.976
13007.9 1519.94 13085.4 258.95
13018.4 1555.02 13095 250.667
13027.8 1615.44 13105.9 253.59
13037.7 1655.88 13115.8 260.412
13047.7 1706.07 13126.3 245.307
13057.3 1741.15 13135.7 255.052
13068.4 1770.87 13147.1 265.284
13077.8 1795.23 13155.6 248.231
13087.7 1794.75 13166.7 269.182
13097.7 1841.03 13176.1 283.8
13107.9 1827.39 13185.7 303.777
13117.9 1868.32 13197.1 338.371
13127.2 1875.14 13207.1 407.56
13137.5 1890.25 13216.7 481.621
13147.7 1911.68 13226.4 533.756
13157.3 1951.64 13235.5 592.226
13168.5 1984.28 13246.6 650.695
13178.1 2033.01 13256.2 703.317
13188.4 2083.68 13266.8 755.94
13198 2133.38 13276.7 831.463
13207.7 2196.24 13287.3 886.521
13217.9 2224.98 13297.2 947.427
13228.1 2293.2 13306.6 1012.72
13237.8 2341.92 13316.5 1058.52
13247.8 2372.13 13326.8 1118.94
13257.7 2404.78 13337.3 1163.76
13267.9 2446.19 13347.5 1244.65
13277.3 2491.02 13357.2 1303.12
13287.5 2517.82 13368 1385.46
13297.5 2549.98 13378 1444.42
13308 2568 13388.2 1520.91
13317.7 2573.85 13397.6 1587.18
13328.2 2605.52 13407.5 1672.45
13338.2 2619.16 13418.4 1723.12
13347.8 2647.42 13428 1820.08
13357.8 2687.87 13437.7 1878.06
13368 2720.02 13448.5 1930.2
13378 2763.88 13458.4 2010.6
13387.6 2787.26 13468.1 2068.09
13397.9 2839.89 13477.8 2128.51
13407.5 2872.53 13488 2169.44
13417.8 2894.94 13498.3 2211.34
13428 2965.59 13508.2 2278.09
13438 3000.68 13518.2 2328.77
13447.9 3037.71 13529.3 2401.37
13457.9 3080.58 13538.9 2478.84
13467.8 3131.75 13549.2 2539.26
13478.6 3181.93 13558.6 2600.65
13487.1 3225.3 13569.1 2665.94
13497.7 3236.02 13578.2 2780.93
13508.2 3281.82 13588.7 2864.74
13517.3 3299.84 13598.6 2926.62
13528.1 3359.78 13609.8 2978.75
13538.1 3373.42 13620.3 3028.94
13547.4 3420.19 13629.7 3104.95
13557.7 3463.07 13638.5 3152.21
13567.9 3498.15 13649.6 3195.57
13578.2 3523 13659.8 3255.51
13588.1 3580.99 13669.5 3302.28
13597.5 3620.94 13679.7 3370.98
13608 3625.81 13689.1 3385.11
13617.4 3674.54 13699.6 3422.63
13628.5 3693.54 13709.3 3471.84
13637 3727.16 13720.4 3486.46
13649 3767.6 13730.1 3528.85
13657.5 3778.32 13740.6 3542.01
13667.7 3799.76 13750.6 3569.29
13677.4 3806.58 13760.3 3606.32
13687.4 3850.92 13770.5 3639.45
13698.2 3881.62 13781 3680.38
13707.8 3902.57 13791.3 3709.13
13718.4 3938.62 13801.2 3777.35
13727.8 3981.99 13811.2 3796.83
13738 4033.64 13821.4 3814.86
13747.7 4078.95 13831.4 3832.4
13757 4150.57 13840.8 3871.87
13768.1 4219.28 13851.3 3919.13
13777.5 4277.74 13861.9 3952.27
13787.8 4354.73 13872.7 4027.3
13797.7 4417.58 13882.6 4075.05
13807.7 4457.05 13891.7 4132.06
13818.8 4513.57 13902.3 4148.63
13827.6 4535.99 13912.8 4187.12
13838.4 4575.45 13923.6 4232.43
13847.8 4588.61 13933.6 4278.72
13857.5 4611.02 13944.1 4318.19
13869.2 4654.39 13954.1 4334.75
13878.5 4616.87 13964.6 4337.68
13887.3 4540.37 13974.3 4346.45
13897.9 4440.48 13983.4 4332.32
13907.2 4361.06 13991.6 4325.5
13918.4 4319.65 13996.3 4317.21
13927.4 4274.33 13995.1 4274.82
13937.1 4296.75 13987.2 4243.15
13947.6 4265.56 13978.1 4247.54
13958.5 4246.56 13967 4246.56
