9009.07 -155.208 9031.55 -121.101
9009.07 -83.0957 9041.76 -121.101
9005.86 -60.1952 9051.69 -123.05
9005.27 -59.2207 9061.91 -120.614
9007.32 -59.2207 9071.54 -109.407
9013.45 -63.6059 9081.17 -113.305
9021.33 -63.6059 9091.98 -119.639
9029.8 -54.3483 9101.61 -116.228
9039.72 -54.3483 9110.95 -115.741
9049.06 -30.4733 9121.75 -111.843
9059.86 -56.2972 9131.67 -130.846
9069.5 -24.1391 9141.89 -120.614
9079.71 -49.9631 9151.23 -154.721
9089.06 -47.0396 9161.74 -134.744
9100.15 -37.7819 9171.37 -125.486
9109.78 -29.0115 9181.87 -125.486
9119.7 -28.5243 9192.38 -127.922
9130.21 -59.708 9201.43 -123.05
9139.26 -26.0881 9212.23 -126.948
9150.35 -38.7564 9222.15 -133.769
9159.98 -18.2922 9231.78 -102.585
9170.49 -19.2666 9242.29 -105.022
9180.42 -17.8049 9251.63 -108.432
9189.75 -31.4478 9262.43 -111.356
9200.55 -13.4197 9271.47 -123.537
9209.89 -7.57277 9282.27 -107.945
9220.69 -2.70032 9292.19 -91.3789
9230.91 5.0956 9302.12 -113.305
9241.12 10.4553 9311.45 -99.662
9250.75 5.58284 9321.08 -90.4044
9261.26 -10.9835 9331.59 -106.971
9271.47 -9.52174 9341.22 -110.381
9281.69 -16.3432 9350.85 -96.2513
9291.32 5.0956 9361.94 -97.2258
9302.12 16.3022 9372.74 -87.4809
9310.87 5.0956 9382.36 -83.0957
9321.08 10.9425 9391.41 -92.3534
9331.3 6.07009 9401.91 -88.9426
9342.09 13.3788 9411.83 -92.8406
9352.6 28.4833 9422.34 -80.1722
9363.1 12.8915 9432.55 -86.5064
9372.74 17.764 9442.76 -67.5039
9382.36 11.4298 9452.69 -75.2998
9391.7 11.4298 9462.02 -78.2233
9401.91 34.3303 9471.94 -71.4018
9411.25 13.3788 9482.44 -86.0192
9422.05 30.4323 9493.24 -75.2998
9431.97 20.2002 9502.87 -69.4529
9441.89 33.843 9512.21 -75.2998
9451.81 37.741 9522.13 -78.2233
9462.02 41.1517 9531.75 -58.7335
9472.53 42.1262 9542.55 -54.3483
9481.86 37.2538 9552.47 -62.1442
9492.37 44.0752 9562.39 -59.708
9502.29 50.8966 9573.47 -45.5779
9511.91 52.3583 9581.35 -53.3738
9522.42 35.3048 9592.15 -45.0906
9533.21 43.5879 9602.65 -50.9376
9542.55 49.9221 9613.44 -54.8355
9552.47 55.2818 9623.36 -49.4758
9562.1 56.2563 9633.28 -53.3738
9572.6 69.4119 9643.49 -45.5779
9582.81 57.718 9653.12 -42.1671
9592.73 58.6925 9662.74 -48.0141
9602.07 61.616 9672.66 -28.037
9613.15 66.4884 9682.87 -50.9376
9622.78 63.565 9693.38 -41.6799
9632.41 59.1798 9703.29 -34.8585
9643.2 55.7691 9712.92 -18.7794
9651.95 68.4374 9722.55 -24.1391
9663.62 71.8481 9733.05 -37.2947
9673.54 78.6696 9742.68 -33.884
9683.17 63.0777 9752.88 -34.8585
9692.21 99.1338 9762.51 -19.7539
9702.71 72.3354 9773.01 -14.8814
9713.8 73.3099 9782.64 -14.8814
9722.84 87.9272 9794.01 -16.3432
9733.05 81.593 9802.77 -14.3942
9743.26 83.0548 9813.56 -17.3177
9753.76 82.0803 9823.18 -18.7794
9763.39 92.7997 9833.39 4.12111
9773.01 85.9782 9844.19 -10.9835
9783.8 95.7231 9853.81 3.14662
9793.43 99.6211 9862.85 0.223151
9803.35 90.3634 9872.19 -9.0345
9813.85 104.494 9884.15 -8.06001
9823.48 106.443 9893.77 8.99356
9833.1 100.596 9902.81 -1.23858
9842.73 109.853 9913.32 -0.264094
9853.52 110.828 9922.94 8.99356
9863.44 103.519 9934.31 8.50631
9873.65 108.391 9943.36 5.0956
9883.86 109.853 9953.86 7.04458
9893.77 113.264 9963.48 12.8915
9903.98 120.085 9973.69 8.50631
9913.6 111.315 9983.61 31.8941
9923.52 121.06 9994.11 7.53182
9934.02 123.009 10004.6 19.2257
9944.23 120.085 10014.5 15.815
9954.15 128.369 10023.9 23.6109
9963.19 127.394 10034.6 15.3277
9973.4 138.113 10043.7 24.0981
9984.48 139.088 10053 26.5344
9994.4 125.932 10063.2 28.4833
10004.6 131.779 10074.3 25.0726
10013.4 134.703 10083.6 19.2257
10023.6 135.677 10093.9 33.843
10034.1 135.19 10105.2 28.9706
10043.4 163.937 10113.4 25.5599
10054.2 145.422 10124.8 28.4833
10063.8 148.346 10133.5 25.0726
10074.9 144.935 10144 39.69
10085.1 139.088 10154.2 32.3813
10094.7 135.677 10165 44.0752
10104.6 143.473 10173.8 35.3048
10114 147.858 10184.3 19.2257
10125.1 139.088 10194.5 33.3558
10134.4 138.601 10203.8 41.1517
10144.3 142.499 10214.6 44.5624
10154.8 132.754 10224.5 46.0242
10164.7 142.986 10233.3 56.7435
10174.6 134.215 10243.8 51.3839
10184.3 129.83 10254.3 43.1007
10195.6 130.318 10265.1 48.9476
10204.1 147.371 10275 67.9502
10214 143.473 10283.7 45.0497
10224.5 166.374 10295.4 65.514
10235 154.68 10304.7 56.7435
10244.3 160.527 10315.2 47.9731
10254.5 178.555 10324.5 39.2027
10265.1 169.784 10334.5 61.616
10274.4 159.552 10345.5 58.2053
10284.9 164.912 10354.6 57.2308
10295.1 163.937 10364.8 60.1543
10305.3 163.45 10374.7 56.7435
10314.3 155.167 10385.5 64.0522
10324.3 165.399 10394.8 62.5905
10334.5 157.603 10405.3 63.565
10345.3 154.193 10415.5 61.616
10354.9 149.32 10425.8 65.514
10365.7 144.448 10435.4 69.8992
10374.1 154.193 10445 70.3864
10384.6 167.835 10455.5 63.565
10394 163.937 10465.4 66.4884
10404.8 161.014 10475 69.8992
10414.1 152.731 10484.9 72.8226
10425.4 161.501 10494.6 71.8481
10435.4 167.348 10506.2 83.0548
10444.7 156.629 10515.6 86.9527
10456.1 166.861 10525.2 73.7971
10465.1 158.09 10536 86.4655
10474.7 180.016 10545 95.7231
10486.1 187.812 10555.8 89.389
10495.2 185.863 10565.7 63.565
10505.7 176.119 10575.9 82.0803
10515.3 168.81 10585.6 77.6951
10525.2 185.863 10595.8 85.0037
10535.4 191.223 10605.4 73.7971
10545.3 180.504 10615.9 82.5675
10555.2 180.991 10625.2 72.8226
10565.1 186.838 10636 90.8507
10575.4 188.3 10645.6 83.0548
10584.7 192.198 10657 96.2104
10595.5 176.606 10665.8 82.5675
10605.4 165.886 10675.7 76.2333
10615 173.195 10686.2 95.2359
10626.4 167.348 10696.1 89.389
10635.4 172.708 10705.7 101.57
10645.1 179.529 10716.2 107.417
10655.9 161.501 10726.4 84.0293
10665.8 182.453 10736.4 99.6211
10675.7 175.144 10746 103.519
10686.2 170.759 10756.2 113.264
10695.5 182.453 10765.8 107.904
10705.4 193.172 10776.9 105.468
10715.4 150.295 10785.9 101.083
10725.6 171.246 10795.9 104.494
10736.1 175.631 10806.4 100.108
10745.7 172.708 10816 112.777
10755 174.17 10826.5 115.7
10765.8 177.58 10836.4 130.318
10775.4 188.787 10847.2 102.057
10785.1 179.042 10856.8 94.2614
10795.9 173.195 10866.4 104.494
10805.5 178.555 10877 99.6211
10816.3 180.991 10886.6 108.879
10825.6 191.71 10896.8 109.853
10835.8 195.121 10906.7 103.519
10846 180.504 10916.6 102.057
10855.4 188.3 10927.4 100.596
10865.9 184.402 10935.6 106.443
10875.5 197.07 10946.9 99.1338
10885.7 175.631 10956.9 102.545
10895.9 174.657 10967.7 110.828
10905.5 169.297 10976.7 106.93
10916 157.116 10987.2 103.519
10925.7 170.759 10997.4 103.519
10936.5 165.399 11006.2 117.649
10945.2 166.861 11018.1 103.519
10956 164.912 11026.6 93.2869
10966.2 163.45 11036.2 94.7486
10975.5 177.093 11047.3 106.93
10985.8 176.606 11056.9 101.083
10995.7 180.991 11067.7 106.93
11006.2 171.246 11077.3 101.57
11015.8 172.708 11087.3 107.417
11025.7 187.812 11097.2 107.417
11036.2 185.863 11107.4 100.596
11045.8 188.3 11117.6 99.1338
11056.9 191.71 11127.5 104.494
11066.3 190.736 11138 91.8252
11076.2 191.71 11147.4 95.2359
11086.7 186.351 11157.6 105.955
11095.1 189.274 11168.7 109.366
11106.5 185.863 11176.5 107.904
11116.4 201.455 11186.8 97.1849
11126.4 184.402 11197.3 103.519
11135.7 196.583 11207.5 100.108
11146.2 177.093 11217.4 124.958
11157 188.787 11227.6 110.34
11166 188.3 11237.8 105.468
11176.5 191.223 11247.4 112.289
11185.6 184.889 11259.1 99.6211
11196.1 186.838 11267 110.34
11205.4 187.325 11278.9 109.853
11216.2 166.861 11288.3 121.06
11226.7 182.453 11297.6 106.443
11236.4 196.583 11307.5 111.802
11246.9 184.402 11317.8 116.187
11255.9 189.274 11327.4 116.675
11266.1 194.147 11338.5 89.389
11276.6 186.838 11348.1 104.494
11285.9 179.529 11358.6 107.417
11296.5 177.58 11367.9 123.496
11306.1 181.965 11377.9 106.93
11316.9 179.529 11388.1 106.443
11327.1 179.042 11398 118.136
11336.1 171.733 11408.2 108.879
11346.9 182.453 11419 121.547
11356 179.529 11428.3 111.315
11366.8 178.555 11438.6 119.598
11376.4 173.682 11448.5 119.598
11386.3 175.631 11458.7 115.213
11395.9 165.886 11468 116.675
11406.2 179.529 11479.4 113.751
11416.4 162.476 11488.8 124.958
11426.6 162.476 11498.4 114.238
11436.2 161.501 11508.3 118.624
11446.7 163.937 11519.1 134.215
11455.8 172.221 11528.7 133.241
11466.3 171.733 11539 128.369
11477.4 155.167 11549.2 142.011
11486.7 178.067 11560 122.034
11497.5 166.861 11569 124.471
11506 169.297 11579.2 130.318
11515.9 166.861 11588 123.496
11526.1 168.323 11599.4 124.958
11537.5 161.014 11608.4 140.062
11546.5 176.606 11619.5 132.266
11557.6 186.838 11628.8 135.19
11566.7 167.835 11639.9 128.856
11576 177.58 11649.3 129.343
11587.1 184.402 11658.9 141.524
11596.7 175.631 11669.1 130.805
11606.9 157.603 11679 123.983
11616.6 175.144 11689.6 129.83
11626.2 167.835 11700.1 132.754
11637 173.195 11710.3 120.085
11646.9 162.963 11719.9 115.213
11657.2 177.58 11729.5 139.575
11667.4 170.272 11739.8 124.471
11676.4 153.218 11749.7 147.371
11686.3 154.193 11759 129.343
11696.3 164.425 11769.8 115.213
11706.8 174.17 11780.3 126.907
11716.4 164.912 11790.3 108.391
11727.2 168.81 11799.3 128.369
11736.5 151.756 11809.5 132.754
11747.6 165.399 11820 121.547
11757.6 152.731 11830.3 131.779
11766.3 155.167 11840.8 133.728
11777.1 150.782 11848.4 111.802
11786.5 165.399 11859.8 127.881
11796.7 158.09 11870.6 151.269
11806.9 154.193 11880.5 131.292
11816.5 155.654 11891 133.241
11827.3 149.32 11900.1 121.547
11836.7 159.065 11910 119.598
11847.2 160.039 11919.3 127.881
11857.1 143.473 11930.1 136.164
11866.8 142.011 11939.5 119.111
11877.9 139.575 11950 122.522
11887.5 147.858 11959.9 138.601
11897.1 159.065 11970.4 118.624
11907.3 143.473 11980.6 128.856
11917 134.703 11990.3 140.55
11927.8 150.782 12000.2 119.598
11937.1 138.601 12011.6 113.264
11947.6 147.371 12020.6 122.034
11957.3 144.935 12031.2 130.318
11967.5 143.96 12039.9 133.728
11976.5 151.269 12051 126.42
11987.6 139.088 12060.7 114.238
11997 145.909 12071.2 115.213
12007.2 148.833 12081.7 127.394
12016.3 142.499 12091.6 129.83
12026.5 146.397 12101.5 141.037
12037.3 161.501 12111.8 136.652
12047.5 150.295 12121.4 129.343
12056.9 146.397 12130.8 117.649
12067.7 140.062 12140.7 137.139
12077.6 147.858 12151.2 138.601
12087.5 143.473 12160.3 128.856
12096.6 142.499 12171.6 130.805
12106.8 142.986 12181.3 123.009
12117 139.088 12190.9 132.754
12127.3 146.397 12201.1 118.624
12137.2 145.909 12211.4 132.266
12147.7 149.32 12221.6 127.881
12157 138.601 12231.8 133.728
12167.3 154.193 12241.8 105.955
12177.2 142.011 12251.7 127.394
12187.4 147.858 12261.6 122.034
12197.4 141.037 12272.1 122.522
12207.6 160.527 12281.5 112.289
12217.5 160.527 12292 109.366
12227.1 154.193 12302.2 127.394
12237.1 144.935 12312.2 129.343
12246.7 156.141 12322.4 116.675
12258.1 160.039 12331.7 113.264
12267.2 149.807 12342.3 124.958
12276.2 154.193 12351 122.522
12287.3 143.473 12362.4 143.96
12297.3 155.167 12372.6 125.932
12307.8 141.037 12382 114.726
12317.4 160.527 12392.5 128.856
12327.3 140.062 12401.9 130.318
12337 152.731 12412.4 139.088
12347.5 159.552 12422.6 138.113
12358.3 141.524 12432 130.318
12367.1 142.986 12442.5 133.728
12376.7 136.164 12452.7 126.42
12387.5 131.779 12462.9 126.907
12397.5 127.394 12472.9 119.111
12407.7 140.55 12482.8 121.547
12417 136.164 12492.5 125.445
12427.9 126.42 12503 116.675
12437.8 126.42 12512.9 124.471
12448 127.394 12521.7 113.751
12458 145.422 12532.8 105.468
12467.6 141.037 12543 109.366
12477.3 143.473 12552.4 108.391
12488.6 139.575 12563.5 117.649
12498 142.499 12572.5 109.366
12507.9 143.96 12582.5 93.7742
12515.8 142.499 12592.7 103.519
12527.5 124.958 12603.2 113.264
12537.4 141.037 12613.4 101.57
12548 149.32 12623.4 111.802
12557.3 138.113 12633.6 109.366
12568.1 139.575 12643 113.751
12576.6 131.779 12653.2 117.649
12587.4 133.728 12664 117.649
12598.2 123.009 12673.9 115.7
12607.6 134.215 12683.9 112.777
12618.1 107.904 12693.3 115.7
12627.5 119.111 12703.8 133.728
12637.4 114.726 12713.7 120.573
12647.3 130.318 12723.9 124.471
12657.9 113.751 12733.6 110.34
12668.1 120.085 12743.8 108.391
12677.2 112.289 12754.1 115.7
12687.4 117.649 12764 104.981
12697.3 141.524 12773.9 112.777
12707.3 142.499 12784.2 100.108
12717.8 196.096 12794.1 103.519
12727.7 247.256 12803.8 118.624
12738.6 306.7 12813.4 113.264
12747.6 372.478 12824.2 105.468
12757.9 418.279 12834.8 85.491
12767.5 458.72 12844.4 96.6976
12777.2 508.42 12854.3 109.366
12787.4 555.195 12864 108.391
12797.9 620.486 12875.4 103.519
12807.3 674.083 12884.8 105.955
12818.1 710.626 12895 101.57
12827.1 759.838 12904.6 119.111
12838.3 784.687 12914.6 108.879
12847.9 825.616 12925.1 118.136
12858.1 851.927 12935.6 106.443
12866.9 881.162 12944.7 114.726
12877.7 904.062 12955.5 102.057
12888 942.555 12964 108.391
12898.2 957.659 12975.1 107.904
12907.3 999.562 12984.8 117.649
12917.2 1022.95 12995.3 104.494
12928 1056.08 13005.5 124.958
12938.6 1113.58 13015.8 107.417
12947.6 1161.81 13024.5 115.213
12957.9 1211.03 13035.7 108.879
12966.9 1273.39 13046.8 98.1593
12977.8 1330.4 13055 104.494
12988 1386.43 13065.5 107.417
12997.1 1448.31 13076 94.7486
13007 1489.24 13085.7 95.7231
13017.2 1561.84 13095.6 99.6211
13027.8 1621.77 13105.6 97.6721
13037.1 1648.57 13116.7 112.289
13048.5 1702.66 13125.5 120.085
13057.3 1736.76 13135.7 102.545
13067.8 1774.28 13145.6 103.032
13078.7 1796.69 13155.3 94.7486
13088 1835.19 13167 104.494
13097.7 1852.24 13175.8 111.802
13107.6 1844.44 13186 127.394
13117.9 1882.94 13196 151.756
13128.1 1867.35 13205.9 198.045
13137.2 1910.22 13216.2 234.101
13149.2 1914.12 13227 296.468
13157.6 1923.87 13236.6 357.861
13167 1944.33 13246 423.152
13177.5 1994.52 13256.8 491.853
13187.8 1997.44 13267.1 564.453
13197.7 2024.24 13276.7 619.024
13207.4 2083.68 13287.8 678.468
13217.9 2125.1 13297.8 742.297
13228.4 2165.54 13307.7 815.384
13237.5 2212.31 13317.1 867.032
13248.6 2283.94 13326.5 951.325
13258 2358.49 13337 1011.74
13268.5 2430.11 13346.9 1107.24
13278.2 2481.76 13356.6 1181.79
13288.4 2547.05 13367.1 1250.49
13297.8 2592.37 13377.7 1300.19
13307.1 2661.07 13388.2 1377.18
13317.7 2731.72 13397.9 1456.11
13327 2782.88 13408.1 1515.07
13339.1 2839.4 13416.3 1572.56
13348.4 2879.35 13428 1677.32
13357.8 2931.97 13438.3 1739.2
13367.7 2944.16 13447.9 1845.42
13377.7 2968.52 13458.4 1967.72
13388.2 2999.7 13468.1 2032.03
13397.6 3007.5 13478.1 2077.84
13408.4 3000.19 13487.7 2132.41
13417.5 3003.11 13499.1 2192.82
13427.7 3021.63 13508.5 2275.17
13438 3017.73 13517.9 2339
13447 3023.09 13529 2417.93
13457.9 3056.22 13538.3 2462.27
13468.4 3076.2 13548.3 2531.95
13477.5 3107.87 13558.3 2581.65
13487.7 3141.98 13569.1 2681.53
13498 3202.88 13578.5 2779.47
13508.2 3249.66 13589 2838.42
13518.2 3315.92 13598.9 2910.05
13528.1 3373.91 13609.2 2989.47
13537.5 3426.53 13619.4 3072.3
13547.7 3512.28 13628.5 3164.39
13558.6 3576.6 13639.3 3235.53
13568.2 3658.94 13649.9 3292.54
13577.6 3714 13659 3352.95
13587.8 3780.27 13669.2 3418.73
13598.1 3813.4 13679.4 3474.28
13607.7 3863.59 13689.7 3510.33
13617.1 3890.87 13699.4 3542.98
13628.5 3892.33 13709.9 3577.57
13637.3 3909.39 13719.8 3629.71
13648.4 3921.57 13730.4 3676.97
13657.2 3938.62 13740.6 3705.72
13667.4 3956.16 13750 3728.62
13678 3956.65 13760.5 3753.47
13687.6 3969.32 13770.2 3790.99
13698.8 3992.22 13781 3810.48
13707.5 4007.32 13789.8 3839.22
13717.8 4034.12 13801.2 3874.31
13728.3 4048.25 13811.2 3901.1
13738 4103.31 13821.1 3942.52
13748.3 4133.52 13831.4 3965.91
13757.9 4187.61 13841.6 3994.17
13767.3 4217.33 13850.4 4016.58
13777.8 4255.33 13861.9 4026.33
13787.2 4323.06 13871.2 4059.95
13798.3 4350.34 13882 4068.72
13808 4388.84 13892.6 4096.98
13817.9 4440.97 13902.5 4098.93
13827.3 4471.67 13913.7 4126.7
13838.1 4507.72 13923 4153.5
13847.8 4538.42 13933.6 4181.27
13858 4603.71 13944.1 4199.79
13867.7 4687.52 13953.8 4230.97
13878.3 4644.64 13964.6 4254.84
13887.9 4611.51 13973.4 4272.87
13898.5 4606.15 13983.7 4298.7
13907.5 4559.37 13990.4 4335.24
13917.8 4542.81 13996 4374.71
13927.1 4535.01 13995.4 4400.04
13937.7 4536.96 13987.5 4406.87
13947.9 4524.29 13978.1 4408.33
13957.6 4489.21 13967.9 4461.44
