9009.65 -145.463 9030.67 -18.7794
9009.07 -87.4809 9041.18 -22.6774
9005.57 -80.1722 9050.52 -26.0881
9004.4 -77.2488 9061.32 -40.2182
9007.32 -79.1977 9071.83 -28.037
9013.45 -73.3508 9081.76 -31.4478
9021.91 -74.8125 9091.39 -15.8559
9030.67 -65.0677 9101.31 -36.8075
9039.14 -83.0957 9111.24 -24.1391
9049.65 -59.708 9122.33 -23.1646
9059.86 -65.0677 9131.67 -10.4962
9068.91 -74.3253 9141.01 -40.7054
9079.71 -67.0166 9150.65 -29.4988
9088.47 -67.5039 9161.74 -28.5243
9100.15 -70.4273 9171.08 -31.4478
9109.49 -64.0932 9181 -23.1646
9120.29 -81.634 9191.8 -26.0881
9129.92 -56.2972 9201.72 -28.5243
9140.14 -66.5294 9211.06 -10.9835
9149.77 -75.2998 9221.57 -9.52174
9160.57 -54.8355 9231.49 -6.11103
9169.33 -65.5549 9242.29 -0.264094
9181.29 -67.5039 9251.92 -17.8049
9189.75 -61.1697 9261.84 -0.751338
9200.55 -59.2207 9271.76 -8.54726
9210.77 -60.1952 9282.27 11.4298
9220.69 -55.81 9292.19 1.19764
9230.61 -46.5524 9302.12 4.12111
9241.41 -38.7564 9312.33 11.4298
9251.34 -41.1927 9320.79 5.0956
9261.55 -46.0651 9331.01 12.4043
9270.6 -55.3228 9340.93 4.12111
9281.4 -59.2207 9350.85 31.8941
9291.03 -44.6034 9361.94 28.9706
9301.53 -52.3993 9372.44 39.69
9311.16 -47.0396 9381.49 46.5114
9321.08 -55.3228 9391.41 40.1772
9332.17 -48.9886 9401.91 43.1007
9341.51 -62.1442 9412.71 51.8711
9352.31 -42.1671 9422.34 56.2563
9362.23 -44.6034 9432.26 42.1262
9372.74 -42.1671 9441.6 68.4374
9382.07 -46.0651 9451.81 65.514
9392.58 -45.0906 9462.02 59.667
9402.21 -30.9605 9472.53 76.2333
9411.83 -28.5243 9482.44 89.8762
9421.47 -34.8585 9492.37 86.9527
9431.68 -24.1391 9502.58 93.2869
9441.6 -25.1136 9512.5 89.389
9451.81 -29.0115 9522.42 97.1849
9462.31 -16.8304 9532.92 106.443
9472.23 -21.7029 9542.26 99.1338
9482.15 -13.9069 9553.05 123.983
9492.95 -19.2666 9562.39 126.907
9502.29 -10.4962 9573.18 124.958
9512.21 -11.958 9581.93 145.909
9522.71 -10.4962 9593.31 121.547
9532.63 -4.6493 9602.07 134.703
9542.55 -23.1646 9612.86 145.422
9551.88 -16.8304 9623.65 149.807
9562.39 -11.4707 9631.82 161.014
9573.47 -21.7029 9643.2 165.886
9582.52 3.63386 9652.83 173.195
9592.73 4.12111 9662.74 180.504
9602.07 -4.16205 9673.25 168.81
9612.27 16.3022 9682.87 177.58
9622.49 0.223151 9693.38 185.376
9633.57 6.55733 9703.29 201.943
9643.2 -5.62379 9712.92 217.047
9652.83 4.12111 9722.84 210.713
9662.74 5.58284 9733.05 218.996
9672.95 5.0956 9742.97 218.509
9682.87 10.4553 9752.3 231.177
9693.38 18.2512 9763.09 233.613
9702.13 26.5344 9773.31 237.999
9713.8 17.2767 9783.51 252.129
9722.84 35.792 9793.14 258.95
9733.63 32.3813 9802.47 266.746
9743.26 34.8175 9812.97 260.412
9753.47 42.1262 9823.77 284.287
9762.8 47.9731 9833.1 292.083
9773.89 53.8201 9842.73 281.851
9783.8 46.0242 9853.52 289.159
9793.14 50.8966 9864.6 290.134
9803.06 34.8175 9873.65 303.777
9813.26 46.9987 9883.27 299.879
9823.48 64.0522 9893.19 320.343
9833.68 62.5905 9902.81 322.779
9843.31 64.5395 9913.6 326.19
9853.52 61.1288 9923.52 325.703
9863.44 73.7971 9934.31 334.473
9873.65 77.2078 9943.65 336.909
9884.15 90.3634 9953.27 357.861
9893.19 95.2359 9964.65 359.323
9904.27 99.1338 9973.11 364.195
9913.6 101.083 9983.61 373.94
9923.81 95.2359 9993.82 375.402
9934.61 106.443 10004.3 374.914
9944.52 114.726 10013.9 392.455
9953.86 108.391 10023.6 403.662
9963.48 113.751 10035.2 398.302
9973.98 121.547 10044 403.662
9984.48 127.394 10054.2 416.33
9992.94 120.085 10063.8 420.228
10002.9 123.496 10074.3 427.05
10013.6 143.96 10084.2 432.897
10024.4 148.833 10093.9 432.897
10033.8 151.269 10104.6 439.231
10044.3 138.601 10113.1 453.848
10053.9 134.703 10124.2 448.488
10064.1 149.807 10133.5 458.72
10073.7 142.986 10144.6 448.001
10085.1 162.963 10154.2 456.284
10094.7 140.55 10164.4 467.491
10104.4 158.09 10174.4 458.233
10114.3 164.425 10184 473.338
10124.8 160.527 10194.8 479.672
10133.2 178.555 10204.4 474.312
10145.2 167.835 10215.2 480.159
10154.8 176.119 10224.8 487.468
10163.9 170.759 10233.5 476.749
10174.4 172.221 10244.9 490.879
10184.5 175.144 10254 509.394
10194.8 171.733 10265.1 507.932
10204.1 182.453 10274.7 505.496
10214.3 179.529 10284.6 513.779
10224.8 178.067 10295.1 518.652
10233.8 186.351 10303.8 518.652
10244.9 188.787 10314.6 517.19
10254.3 185.376 10324.5 497.213
10264.8 184.402 10335.3 522.062
10274.1 185.863 10345.3 527.422
10284.6 191.223 10354.3 534.243
10294.2 195.608 10365.4 533.269
10305 178.555 10374.4 540.09
10314.6 183.914 10384.9 542.527
10324.5 199.019 10395.7 542.527
10334.2 198.532 10404.5 542.527
10345 189.274 10415 539.603
10354.6 202.917 10424.6 536.68
10364.5 199.994 10435.4 556.657
10374.4 192.685 10445.3 537.654
10385.8 186.838 10454.6 544.476
10394.8 195.121 10466 559.093
10404.8 190.736 10475.3 554.708
10414.7 196.096 10486.1 551.297
10424.6 194.147 10495.5 558.606
10434.2 199.019 10505.4 562.016
10445 196.096 10515.6 551.784
10455.8 210.713 10525.2 544.963
10464.8 202.43 10535.7 566.402
10475 205.353 10545.9 561.529
10484.9 204.866 10556.1 582.481
10494.6 204.379 10565.1 571.274
10505.7 204.866 10575.4 569.812
10515 191.71 10585.3 578.583
10524.6 203.404 10595.5 585.891
10535.4 206.815 10605.1 580.532
10544.4 190.736 10615.6 584.43
10555 198.532 10625.5 565.914
10564.9 208.277 10636 570.787
10575.9 197.557 10645.4 585.891
10585.3 199.994 10655.9 592.713
10594.9 201.943 10665.8 589.789
10605.4 186.838 10676 591.738
10615 192.198 10686.2 594.175
10625.5 190.249 10695.5 594.175
10635.4 196.583 10705.7 597.585
10645.6 183.427 10715.9 594.662
10656.1 205.353 10725.9 562.016
10665.2 201.455 10736.1 581.506
10675.1 199.506 10746.9 590.764
10685.6 205.84 10757.4 576.634
10695.5 190.736 10766.1 583.455
10705.7 188.787 10776 571.761
10715.6 194.147 10785.6 577.121
10725.9 194.147 10796.7 582.481
10735.5 189.274 10805.8 591.738
10746 202.917 10816.6 591.251
10755 200.968 10827.1 597.585
10765.2 188.787 10835.8 589.302
10776 184.889 10847.2 595.636
10785.9 180.504 10856.5 600.996
10795.6 175.144 10865.9 597.098
10804.9 175.144 10877.2 605.868
10815.7 172.221 10886.6 584.917
10826.5 179.529 10895.9 600.509
10835.5 184.889 10906.4 596.611
10846 170.759 10917.8 595.149
10855.4 169.297 10927.4 584.43
10866.1 178.555 10936.5 576.634
10875.5 164.425 10947.5 576.634
10885.4 173.682 10956.3 588.815
10896.2 166.374 10966.8 590.277
10905.5 164.425 10977 589.789
10916.3 180.016 10986.6 569.812
10926 167.835 10997.1 598.56
10936.5 168.323 11007.6 590.764
10946.7 172.708 11017.5 579.07
10955.4 184.402 11026.3 589.789
10965.9 184.889 11037.7 585.404
10975.5 186.351 11047.6 584.917
10985.8 175.631 11056.1 581.993
10996.3 179.529 11067.4 576.147
11006.2 179.529 11077.6 582.481
11016.1 193.172 11087.3 599.047
11025.7 190.736 11096.9 589.789
11036.5 190.249 11107.1 595.149
11046.1 200.968 11117.3 590.764
11056.3 185.376 11127.5 603.432
11065.7 190.736 11137.1 597.585
11076.2 177.093 11147.9 620.973
11086.4 198.532 11157.9 601.483
11095.1 189.274 11166.9 604.894
11106.8 189.274 11176.8 606.356
11116.7 201.455 11187 603.432
11125.5 194.634 11197.5 600.022
11136.3 189.761 11208.6 598.56
11146.2 188.787 11218.3 600.022
11156.7 182.94 11227.9 588.815
11165.7 195.121 11237.8 586.866
11176 190.249 11247.4 585.891
11186.2 191.71 11258.2 592.226
11195.8 212.175 11267.6 586.866
11206.9 192.198 11278.4 581.019
11215.9 194.147 11288 587.84
11226.1 207.302 11297.3 573.223
11236.4 211.2 11307.8 571.274
11246.6 203.404 11317.5 581.506
11256.5 224.356 11327.4 574.198
11266.1 218.022 11337.9 583.455
11276.3 216.56 11348.1 573.71
11286.2 230.69 11358.3 569.812
11296.5 212.662 11368.2 583.942
11306.7 213.636 11378.1 591.251
11316 202.43 11388.9 591.251
11326.5 212.175 11398.3 580.532
11336.7 211.687 11409.1 577.608
11346.6 201.943 11419 584.917
11357.1 204.866 11427.8 566.402
11366.2 214.124 11437.4 580.044
11376.1 188.787 11447.9 562.504
11386.3 199.506 11459.3 570.787
11396.5 209.738 11468.9 560.067
11406.8 214.124 11479.1 573.71
11416.4 209.251 11488.2 559.58
11427.5 208.764 11499 554.708
11436.5 231.177 11508.3 553.246
11447 221.432 11518.5 536.192
11456.9 223.381 11528.7 535.218
11466.9 233.613 11539.2 545.45
11476.5 225.817 11549.8 548.374
11486.1 245.795 11559.4 548.374
11496.3 231.664 11568.4 522.55
11507.1 213.636 11578.6 537.654
11517.1 229.228 11588.9 530.346
11526.7 228.254 11599.4 537.654
11536.9 237.024 11608.7 542.039
11546.5 241.897 11620.1 528.396
11556.8 229.715 11628.6 523.037
11566.4 237.024 11638.8 524.011
11576.6 220.458 11649 530.346
11587.4 220.458 11659.2 515.241
11596.1 226.305 11670 518.164
11606.9 222.407 11679 511.343
11616.6 230.203 11689.6 530.346
11627.1 230.69 11699.8 516.703
11637 219.483 11709.7 532.782
11647.2 229.228 11719.6 507.445
11656.3 230.203 11729.3 516.215
11666.5 234.101 11739.5 499.649
11676.1 218.996 11749.4 508.42
11687.5 221.92 11759.3 498.675
11697.7 214.124 11769.8 503.547
11707.4 219.483 11779.5 504.522
11717 229.228 11790.3 486.493
11726.3 210.226 11799.3 488.93
11736.9 212.175 11810.4 510.368
11746.8 227.766 11819.5 491.366
11756.7 231.664 11830 487.955
11766.9 212.662 11839.9 500.624
11777.1 217.534 11850.4 483.57
11786.2 221.92 11860 505.009
11797.3 225.33 11869.7 483.083
11808.7 225.817 11879.9 488.442
11816.3 226.792 11889.5 470.414
11826.8 214.124 11900.1 487.955
11837 218.509 11910.6 484.544
11847.2 210.713 11920.5 472.363
11857.1 233.126 11929.5 488.442
11866.8 216.073 11939.5 492.828
11877 219.483 11950.6 475.287
11887.5 225.33 11960.8 477.723
11897.1 213.636 11970.4 474.8
11906.5 204.379 11980.9 484.057
11917 194.634 11990.3 481.621
11927.5 214.124 12000.2 491.366
11936.3 212.175 12010.7 483.57
11947.9 205.353 12021.2 474.312
11957.9 223.868 12030.9 483.57
11967.5 220.945 12041.1 476.749
11977.7 196.583 12051 475.774
11987.4 220.945 12060.7 474.8
11997.3 217.047 12071.8 463.106
12006.9 212.662 12081.4 469.927
12016.9 222.894 12091 464.08
12027.1 210.713 12101.3 469.44
12036.4 211.687 12110.9 474.8
12046.9 214.611 12120.8 462.618
12056.3 221.92 12130.5 457.746
12067.4 200.481 12141.3 457.746
12077 197.07 12151.8 453.848
12088.1 221.432 12161.7 457.259
12097.2 232.639 12171.1 456.772
12107.1 219.971 12180.4 442.641
12117.3 205.84 12191.2 443.616
12127.5 225.33 12201.4 454.335
12137.5 220.458 12210.8 452.874
12147.1 210.713 12221.6 455.797
12157 205.84 12231.2 439.231
12167.6 202.43 12242 462.131
12176.3 209.738 12252.3 451.899
12187.1 217.047 12261.6 465.055
12197.9 218.509 12271.8 459.695
12206.7 204.379 12281.2 451.899
12217.5 206.815 12292.3 454.823
12227.4 204.866 12302.2 456.284
12236.8 225.817 12311 441.667
12247.9 217.047 12322.1 446.052
12257.2 205.84 12332 458.233
12267.8 208.764 12342.3 439.231
12277.7 215.098 12351.6 436.794
12287.6 213.636 12362.1 455.797
12297.3 205.84 12372.3 449.463
12307.5 205.84 12382 429.973
12317.4 223.868 12392.2 434.846
12327.6 212.662 12401.9 438.743
12337.3 211.687 12412.1 437.769
12346.9 207.789 12422 431.435
12357.2 200.481 12431.7 434.846
12366.8 226.305 12443.1 429.486
12377.6 223.868 12451.8 441.667
12387.8 208.764 12463.2 430.948
12396.6 210.713 12472.9 442.641
12407.7 222.407 12482.5 437.282
12417 205.353 12492.1 419.741
12428.1 210.226 12502.7 428.024
12436.9 204.379 12513.2 433.871
12448.3 193.172 12522.6 433.384
12457.4 204.866 12532.5 427.05
12467 205.353 12543.6 438.743
12478.1 196.096 12553.5 433.871
12487.2 207.302 12563.2 434.846
12497.4 200.968 12572.5 421.69
12507.9 204.379 12582.5 436.794
12517.9 194.147 12592.4 441.18
12526.9 189.761 12602.6 432.409
12536.9 191.223 12613.7 428.511
12548.3 180.991 12623.1 435.333
12557.9 198.532 12633 440.205
12567 188.3 12643.3 433.384
12577.8 199.019 12653.5 444.59
12587.4 199.506 12663.7 428.511
12597.7 199.506 12673.1 426.562
12607.6 189.761 12683.9 434.358
12618.1 192.685 12693.8 419.741
12627.5 196.096 12703.2 421.203
12637.1 194.147 12713.4 421.69
12647.1 180.504 12723.9 412.432
12657.3 209.738 12734.2 400.738
12667.5 196.583 12744.7 403.662
12678.1 237.999 12754.4 388.557
12687.7 263.823 12762.8 392.942
12698.2 297.442 12773.6 394.891
12707.6 361.759 12783.9 398.789
12718.7 404.149 12794.1 396.353
12727.2 450.925 12803.8 408.534
12738 491.853 12814.3 406.098
12748.2 521.575 12824.2 387.583
12757 560.067 12834.8 404.636
12767.2 590.764 12844.4 391.968
12777.2 617.562 12854.3 403.175
12787.7 637.052 12864.6 390.506
12796.7 659.465 12874.8 390.993
12807.3 690.649 12884.2 378.325
12817.5 742.297 12895.6 388.557
12827.7 756.914 12905.2 387.096
12838.5 787.124 12914.6 387.583
12848.2 845.106 12924.8 368.58
12858.4 900.164 12934.8 356.886
12867.2 958.634 12944.7 365.17
12877.4 1016.62 12955.5 365.17
12888.3 1071.19 12965.2 361.272
12897.6 1147.2 12975.1 346.167
12907 1227.11 12984.8 336.909
12916.9 1314.81 12995.6 334.96
12927.7 1365.97 13004.9 346.167
12937.7 1415.67 13015.2 312.06
12947.6 1510.68 13026 319.369
12959 1584.26 13036.3 325.703
12967.5 1636.88 13044.7 314.983
12977.5 1679.76 13055 311.085
12987.7 1712.89 13066.4 306.7
12997.6 1735.79 13075.4 305.238
13007.9 1774.28 13086 326.677
13017.5 1794.26 13096.5 314.983
13027.8 1815.7 13105 314.009
13036.8 1832.75 13115.8 309.136
13047.7 1818.13 13126 305.726
13058.5 1829.34 13136.6 309.624
13067 1854.68 13145.6 312.06
13078.1 1861.01 13156.2 313.522
13087.7 1894.63 13166.4 309.624
13098.5 1920.94 13176.1 337.884
13107.9 1968.2 13186.3 370.042
13118.1 2011.08 13196 407.073
13127.5 2054.93 13206.5 463.106
13137.5 2105.12 13215.6 507.445
13148.3 2166.51 13226.7 583.942
13157.9 2223.52 13236.6 638.514
13167.9 2282.97 13246.9 712.575
13176.9 2338.51 13256 738.886
13187.2 2418.42 13266.8 811.973
13198.3 2468.61 13277 870.93
13207.7 2546.08 13287.3 934.271
13217.9 2605.03 13296.9 991.766
13227.6 2658.63 13307.4 1046.82
13238.7 2711.74 13316.8 1100.42
13248.6 2742.92 13327 1166.69
13257.4 2797.98 13337.3 1219.31
13268.2 2835.01 13347.8 1281.68
13277.9 2872.53 13357.8 1335.76
13287.8 2890.07 13367.1 1409.82
13298.4 2907.61 13377.7 1507.76
13308 2931.97 13387.3 1584.74
13318.6 2947.08 13397.3 1663.19
13327.6 2950 13407.5 1749.43
13337.9 2971.93 13418.1 1817.16
13348.1 2973.88 13428.3 1913.15
13357.2 2995.8 13437.4 2005.24
13368.3 3008.96 13447.9 2032.03
13376.8 3022.6 13458.4 2104.63
13388.5 3059.15 13468.1 2187.95
13397 3072.79 13478.4 2218.65
13407.8 3102.51 13488.6 2300.02
13417.5 3132.72 13498.8 2347.77
13427.7 3186.32 13509.1 2437.91
13438.3 3256.97 13518.4 2498.33
13447.9 3310.08 13528.7 2559.72
13457.6 3378.29 13538.3 2597.24
13468.4 3450.89 13548.3 2660.09
13477.8 3504 13558.8 2720.02
13488.6 3573.19 13569.1 2764.85
13497.7 3635.07 13578.8 2836.48
13507.9 3690.62 13589.3 2931.97
13517.9 3747.14 13598.9 3010.42
13527.8 3794.89 13608.6 3112.26
13537.2 3827.04 13619.4 3224.81
13548.3 3862.61 13629.1 3323.72
13558.3 3890.39 13639.6 3392.91
13567.9 3900.62 13650.2 3424.09
13578.8 3908.41 13658.4 3491.82
13587.2 3902.08 13670.1 3537.62
13597.5 3883.56 13680 3592.68
13608.6 3891.36 13689.1 3652.12
13618 3904.52 13698.5 3718.88
13628.8 3905.98 13710.2 3766.62
13638.5 3929.37 13719.8 3840.2
13646.7 3920.59 13729.8 3848.48
13658.1 3959.09 13741.2 3868.95
13668 3975.65 13750 3917.67
13678 4011.71 13760.8 3930.83
13686.8 4080.9 13770.8 3972.73
13697.6 4135.47 13781.6 3987.35
13709 4173.96 13791 4015.61
13717.5 4261.18 13800.6 4043.87
13728 4327.93 13810.9 4083.33
13737.4 4411.74 13821.4 4118.9
13747.9 4478.49 13831.1 4137.91
13758.2 4546.7 13841.6 4179.32
13767.3 4606.15 13850.7 4214.4
13778.4 4678.26 13862.1 4264.59
13787.5 4719.68 13872.4 4317.7
13798.3 4763.53 13882.9 4366.91
13806.8 4800.56 13892 4413.69
13818.2 4827.36 13902.8 4442.92
13828.2 4844.41 13912.8 4487.26
13837.8 4861.95 13923.3 4518.44
13847.5 4851.72 13934.2 4551.58
13857.8 4895.08 13944.1 4601.28
13868.3 4960.38 13953.8 4604.2
13878.3 4879.98 13965.2 4600.3
13887.6 4822.48 13974.3 4613.46
13898.2 4749.89 13983.7 4612.97
13907.5 4704.08 13991 4624.66
13918.1 4668.52 13995.4 4621.74
13927.4 4656.33 13995.1 4605.66
13938.3 4655.85 13987.8 4614.43
13947.4 4649.51 13977.2 4569.12
13958.5 4615.41 13967.9 4590.56
