4017.69 -2381.92 4052.03 -2390.69
4016.22 -122.075 4070.53 -2393.12
4010.06 -88.9426 4087.85 -2411.15
4007.42 -33.3967 4106.93 -2424.79
4013.87 2.65938 4123.67 -2455.49
4025.03 66.0012 4142.46 -2475.47
4039.7 104.981 4160.08 -2512.5
4054.68 136.652 4178.29 -2572.92
4072.58 184.889 4196.79 -2628.46
4090.79 223.868 4213.53 -2672.8
4108.11 270.157 4232.91 -2718.6
4127.49 308.162 4249.95 -2724.45
4144.81 347.629 4269.04 -2750.27
4163.9 380.761 4286.96 -2721.53
4181.52 413.894 4304.88 -2703.5
4200.02 448.488 4323.68 -2682.55
4217.94 470.902 4340.43 -2655.26
4236.44 510.856 4358.35 -2633.82
4255.53 534.731 4376.57 -2609.95
4272.86 545.937 4393.61 -2580.71
4291.66 576.634 4413 -2531.99
4310.46 600.996 4430.34 -2502.27
4326.91 619.024 4448.56 -2462.31
4346.6 638.027 4466.78 -2484.73
4364.52 658.978 4484.7 -2447.21
4382.44 697.958 4502.93 -2423.33
4400.37 731.578 4521.15 -2412.61
4418.59 734.501 4539.96 -2400.43
4437.1 771.532 4557 -2373.15
4454.73 800.766 4575.52 -2352.19
4473.54 839.259 4592.86 -2337.58
4490.88 854.363 4610.2 -2311.75
4509.98 887.009 4629.31 -2305.91
4528.79 917.705 4646.65 -2330.27
4546.13 950.838 4665.17 -2387.28
4564.65 994.202 4683.69 -2344.4
4581.99 1020.03 4701.33 -2323.93
4600.51 1045.85 4719.56 -2326.86
4617.85 1084.83 4737.2 -2296.65
4637.54 1101.88 4755.13 -2286.42
4654.59 1118.94 4773.95 -2253.77
4672.52 1150.12 4791.59 -2246.46
4690.16 1166.69 4808.64 -2203.59
4708.39 1188.61 4828.04 -2197.74
4727.79 1216.87 4845.09 -2165.09
4744.55 1238.8 4862.44 -2134.4
4763.36 1263.65 4881.55 -2177.76
4781.3 1278.75 4900.08 -2218.2
4799.23 1307.99 4918.89 -2215.28
4817.75 1322.12 4935.95 -2192.38
4836.27 1347.94 4953.88 -2168.5
4854.5 1361.1 4971.82 -2136.35
4872.73 1383.51 4989.46 -2132.93
4890.08 1417.62 5007.1 -2109.06
4907.72 1446.85 5025.92 -2089.57
4925.95 1483.4 5043.86 -2049.62
4944.18 1514.09 5062.38 -2039.38
4961.82 1534.07 5079.73 -2001.87
4981.52 1563.79 5098.84 -1973.12
4999.16 1586.2 5116.48 -1958.5
5016.22 1645.16 5134.13 -1949.73
5035.33 1660.75 5152.36 -1924.88
5052.68 1690.48 5169.12 -1912.21
5070.91 1728.97 5187.93 -1891.75
5088.26 1758.69 5205.87 -1877.62
5107.37 1788.41 5224.98 -1837.66
5125.6 1826.42 5242.62 -1820.61
5142.06 1861.99 5260.27 -1793.32
5161.77 1890.25 5279.97 -1761.65
5179.7 1910.71 5296.43 -1750.45
5197.93 1941.89 5314.66 -1729.01
5216.45 1963.82 5333.19 -1706.11
5233.8 2016.44 5351.41 -1669.08
5251.45 2021.8 5369.94 -1640.33
5269.09 2058.34 5386.99 -1649.1
5287.61 2083.19 5404.63 -1655.92
5305.84 2118.28 5422.27 -1604.76
5324.36 2143.13 5440.79 -1582.84
5341.71 2166.03 5459.02 -1569.68
5359.65 2211.83 5477.25 -1549.22
5378.17 2246.91 5494.3 -1526.8
5395.81 2279.55 5512.53 -1507.8
5413.74 2333.64 5531.63 -1500.49
5432.85 2372.62 5549.57 -1489.77
5450.49 2414.03 5566.91 -1465.41
5469.6 2455.45 5585.43 -1455.18
5486.07 2495.89 5603.36 -1477.1
5504 2528.05 5621.88 -1458.59
5523.99 2571.9 5639.52 -1456.15
5540.75 2620.63 5658.04 -1439.59
5559.56 2653.76 5675.09 -1426.43
5576.61 2688.35 5693.9 -1416.2
5595.43 2734.15 5711.83 -1372.35
5613.36 2775.57 5729.46 -1362.6
5630.7 2807.73 5747.98 -1344.09
5649.51 2843.3 5766.49 -1324.6
5667.44 2851.58 5783.24 -1319.24
5685.08 2890.56 5802.64 -1295.85
5703.01 2924.18 5819.98 -1286.59
5721.52 2939.28 5838.5 -1249.56
5739.16 2971.93 5856.13 -1244.2
5756.5 3012.37 5874.64 -1218.86
5775.9 3041.12 5892.57 -1197.42
5793.82 3079.12 5911.08 -1180.86
5811.75 3124.44 5928.71 -1147.73
5829.39 3149.77 5946.34 -1129.7
5847.31 3210.19 5964.85 -1119.47
5866.12 3267.69 5982.77 -1097.05
5883.46 3305.2 6000.99 -1081.95
5902.56 3359.29 6018.61 -1049.3
5919.6 3396.81 6036.24 -1024.45
5937.52 3467.94 6055.04 -1009.35
5956.03 3526.41 6072.67 -986.935
5973.66 3570.75 6091.18 -967.445
5992.47 3618.99 6109.09 -965.496
6009.8 3666.74 6127.01 -926.029
6029.19 3709.13 6145.81 -902.641
6045.94 3743.24 6162.55 -886.562
6065.03 3792.94 6180.76 -863.662
6082.36 3842.64 6199.27 -831.991
6099.69 3892.82 6217.77 -817.861
6118.79 3917.18 6235.68 -800.32
6136.7 3967.86 6253.3 -786.677
6155.8 4002.45 6270.92 -767.187
6172.54 4062.38 6289.42 -744.774
6190.45 4106.72 6307.92 -712.616
6209.25 4149.11 6326.13 -688.741
6227.17 4176.4 6344.04 -666.328
6245.08 4217.33 6362.53 -662.917
6262.99 4273.85 6378.98 -638.555
6280.91 4315.26 6398.65 -642.453
6299.7 4367.4 6415.97 -615.654
6316.44 4426.35 6434.46 -596.652
6335.23 4473.62 6452.07 -567.417
6352.55 4527.7 6469.98 -538.67
6371.05 4559.86 6488.47 -505.05
6389.25 4607.12 6505.79 -487.996
6408.04 4649.51 6524.28 -464.608
6426.54 4694.34 6542.77 -444.631
6443.56 4749.89 6560.97 -412.473
6461.18 4803.97 6578.58 -387.624
6479.08 4836.13 6595.89 -345.721
6497.28 4874.62 6614.38 -340.848
6515.48 4925.29 6632.57 -312.588
6532.8 4975.48 6650.76 -275.557
6551.58 5019.33 6668.96 -266.3
6568.89 5067.08 6686.56 -231.218
6587.68 5089.98 6705.04 -193.7
6605.87 5137.73 6722.65 -187.853
6624.06 5191.33 6741.42 -157.644
6642.25 5237.13 6759.61 -148.874
6659.57 5279.03 6777.21 -124.512
6677.47 5332.14 6795.1 -108.432
6696.54 5378.43 6813 -84.5574
6714.14 5428.62 6831.18 -78.2233
6731.74 5468.57 6849.07 -54.8355
6748.76 5522.66 6867.26 -29.4988
6768.41 5577.71 6885.44 0.223151
6785.72 5629.36 6902.74 15.815
6804.2 5671.75 6921.8 29.9451
6821.8 5703.42 6939.1 67.9502
6840.27 5758.97 6957.87 96.2104
6859.34 5811.1 6975.17 112.777
6876.35 5858.85 6993.93 145.422
6894.24 5902.22 7012.11 180.016
6911.83 5960.69 7029.7 202.917
6930.89 6000.64 7048.76 247.744
6948.49 6057.16 7066.05 277.465
6965.49 6094.68 7084.52 327.164
6984.84 6161.43 7102.1 347.629
7002.73 6189.21 7119.69 366.144
7020.03 6250.11 7138.45 412.432
7038.79 6273.01 7156.03 427.537
7055.2 6324.17 7174.79 459.208
7075.14 6357.31 7192.37 495.751
7092.73 6414.31 7210.54 527.422
7110.9 6435.27 7229 542.039
7128.78 6497.15 7245.7 572.249
7146.66 6528.82 7264.75 611.228
7164.24 6589.23 7282.92 628.282
7182.12 6624.32 7300.79 638.514
7201.16 6673.53 7319.54 652.157
7217.87 6703.74 7335.94 687.726
7237.21 6783.64 7355.86 701.856
7254.5 6827.5 7372.56 729.141
7272.66 6894.25 7390.43 739.373
7291.71 6927.87 7409.47 786.149
7308.7 6995.11 7427.04 805.152
7326.86 7050.17 7446.95 835.361
7345.61 7106.69 7462.18 841.695
7362.6 7152 7482.1 862.647
7380.47 7200.73 7499.08 884.085
7398.92 7246.53 7517.53 920.141
7417.08 7306.46 7535.1 955.71
7434.95 7370.78 7553.25 994.69
7452.81 7397.09 7571.99 1039.52
7471.56 7443.37 7589.56 1062.42
7489.42 7496.97 7607.71 1110.65
7507.87 7534.49 7627.32 1135.02
7525.44 7588.57 7645.18 1174.48
7542.71 7630.96 7662.16 1199.33
7560.28 7680.66 7679.43 1233.93
7579.9 7719.15 7698.16 1265.11
7598.05 7773.73 7716.02 1290.45
7615.03 7815.14 7734.75 1302.14
7634.06 7850.71 7752.6 1339.17
7651.04 7900.41 7770.45 1369.87
7669.48 7941.83 7789.77 1399.59
7687.33 8012.96 7807.03 1424.44
7705.77 8074.36 7824.59 1448.31
7723.63 8103.1 7841.85 1463.91
7741.18 8157.19 7860.87 1495.58
7759.04 8202.5 7879.3 1513.61
7777.18 8264.87 7895.69 1540.4
7795.32 8309.7 7915.58 1570.13
7813.76 8369.14 7933.13 1586.69
7831.9 8418.84 7951.27 1619.82
7850.34 8476.33 7969.4 1651.98
7866.43 8529.93 7987.25 1681.7
7885.45 8567.45 8006.26 1712.4
7904.17 8626.89 8023.51 1753.82
7921.43 8655.64 8041.06 1779.64
7939.57 8718.01 8058.61 1816.18
7957.7 8759.91 8075.87 1850.78
7975.55 8816.43 8094.87 1889.76
7993.68 8863.69 8113 1931.66
8010.94 8893.41 8132.31 1962.85
8029.66 8958.71 8150.72 2006.21
8048.38 8997.2 8167.39 2048.11
8067.09 9067.36 8185.52 2104.15
8084.05 9138.01 8203.94 2132.89
8104.23 9156.04 8222.65 2171.87
8121.48 9218.41 8239.9 2208.42
8138.45 9262.75 8258.32 2254.22
8156.28 9314.39 8276.73 2289.79
8173.24 9375.3 8294.27 2328.77
8191.95 9444 8312.68 2356.05
8209.79 9484.93 8330.22 2372.13
8228.2 9537.07 8348.34 2417.93
8246.04 9585.3 8366.46 2445.22
8263.87 9648.64 8384.88 2493.45
8282.58 9705.16 8403.58 2521.71
8299.53 9734.89 8420.24 2565.08
8318.24 9817.23 8438.94 2596.26
8335.19 9853.29 8456.77 2646.94
8353.6 9902.01 8475.17 2686.89
8373.19 9950.74 8493 2731.23
8389.55 9994.1 8511.41 2791.65
8407.96 10056 8528.94 2827.22
8426.08 10078.4 8546.76 2883.74
8443.62 10147.1 8565.46 2937.82
8463.49 10182.7 8583.57 2989.47
8480.73 10234.3 8601.39 3031.86
8498.84 10281.6 8619.21 3076.2
8516.08 10319.6 8637.32 3124.92
8534.49 10356.6 8656.02 3180.47
8552.89 10425.8 8672.67 3213.6
8569.55 10474.5 8691.66 3271.1
8589.41 10519.8 8710.06 3288.15
8606.36 10575.4 8727 3323.72
8623.89 10611.9 8746.56 3361.24
8642.87 10667 8764.09 3399.24
8660.11 10729.4 8782.48 3429.94
8678.22 10774.2 8799.72 3478.18
8695.74 10842.4 8818.11 3529.34
8715.6 10885.3 8837.39 3566.85
8733.13 10956.9 8854.03 3617.53
8749.78 10996.9 8873.01 3665.28
8769.05 11053.9 8890.24 3721.31
8786.28 11118.7 8908.93 3781.73
8804.97 11167.9 8926.74 3834.84
8823.08 11210.3 8945.13 3906.95
8841.77 11272.1 8963.23 3964.45
8858.7 11308.7 8980.17 4026.81
8875.93 11376.9 8999.73 4089.67
8894.04 11429.5 9016.37 4132.55
8912.72 11476.3 9035.93 4202.71
8931.12 11537.7 9053.73 4268
8948.05 11560.6 9070.96 4330.37
8967.03 11613.7 9089.06 4387.86
8984.25 11669.7 9107.44 4432.69
9002.94 11709.7 9126.13 4496.03
9021.62 11753.5 9143.93 4534.52
9038.55 11805.2 9161.74 4592.02
9056.36 11839.3 9180.42 4634.41
9074.46 11889 9197.34 4688.49
9092.56 11924.1 9216.61 4735.27
9110.65 11985.5 9233.83 4802.51
9128.75 12039.6 9252.5 4842.95
9147.14 12081.9 9270.31 4893.14
9165.24 12114.6 9287.82 4950.63
9182.75 12180.9 9306.49 5000.33
9201.14 12230.1 9323.13 5036.87
9218.36 12277.3 9341.8 5088.03
9236.45 12329 9360.19 5146.02
9255.13 12386 9379.45 5197.66
9272.93 12471.7 9396.66 5248.82
9291.03 12503.4 9413.88 5316.55
9309.12 12559 9433.72 5374.05
9326.92 12629.1 9450.06 5440.31
9344.72 12661.8 9469.32 5502.68
9364.86 12708.1 9488.57 5561.15
9382.07 12761.7 9504.91 5618.16
9399.87 12786.5 9523.58 5677.6
9417.38 12847.4 9541.09 5745.33
9435.18 12890.3 9559.47 5798.92
9453.85 12938.5 9577.56 5873.96
9470.19 12966.3 9596.23 5952.41
9488.57 13015 9614.9 5996.74
9506.66 13034 9631.53 6052.78
9524.46 13081.8 9650.2 6118.07
9542.84 13126.1 9667.7 6168.26
9560.93 13154.9 9686.08 6225.75
9579.6 13205 9705.04 6273.01
9596.81 13228.9 9721.38 6332.94
9615.48 13305.4 9739.76 6377.28
9634.16 13340 9757.84 6432.34
9650.78 13429.7 9775.93 6477.17
9669.75 13450.6 9794.89 6527.84
9687.25 13515.4 9812.1 6568.28
9705.63 13556.3 9831.35 6626.75
9723.42 13608 9849.14 6682.79
9740.93 13679.1 9866.65 6730.54
9759.59 13704 9884.73 6804.6
9777.09 13781.9 9902.81 6882.07
9795.76 13821.9 9920.9 6950.77
9812.39 13895 9938.98 7030.68
9831.06 13934 9957.06 7104.74
9849.43 13994.4 9975.15 7169.06
9867.81 14046.5 9993.82 7265.04
9885.89 14111.8 10010.7 7328.87
9902.81 14131.8 10029.4 7415.6
9921.77 14187.8 10048.6 7500.38
9940.15 14208.8 10065.6 7566.65
9957.65 14285.8 10084.2 7631.45
9975.73 14307.7 10101.7 7694.31
9992.94 14353 10120.4 7746.93
10011 14391.5 10137.9 7828.3
10028.8 14425.6 10155.7 7871.18
10047.5 14489.9 10174.9 7917.95
10065.8 14515.2 10191.9 7972.52
10083.6 14588.3 10209.9 8034.89
10102.3 14598.6 10228.6 8064.61
10118.9 14662.9 10245.8 8154.26
10138.5 14705.3 10265.3 8197.14
10155.4 14779.8 10282 8270.72
10172.3 14810 10301.8 8342.83
10192.4 14861.7 10319.6 8402.76
10209.3 14904.6 10336.8 8476.82
10227.7 14987.9 10354.9 8548.45
10245.8 15043.9 10372.7 8623.97
10263 15094.6 10391 8696.08
10281.7 15123.3 10408.8 8777.94
10299.2 15195.4 10428.1 8854.44
10318.7 15258.3 10445 8933.37
10335.3 15290 10464 9012.3
10354 15356.2 10481.5 9083.93
10372.1 15386.4 10498.4 9160.91
10389.3 15453.2 10518.5 9254.95
10407.7 15503.9 10536 9328.52
10425.2 15527.3 10553.8 9404.54
10443.8 15556 10572.7 9475.67
10461.6 15599.9 10590.2 9562.4
10479.7 15670 10608.3 9644.26
10498.1 15691 10624.9 9710.52
10515.6 15730.4 10644.8 9789.95
10533.4 15760.6 10662 9862.54
10551.7 15796.2 10680.9 9939.04
10569.5 15823.5 10699 10006.8
10586.7 15886.8 10716.5 10066.7
10605.7 15937 10735.5 10141.7
10623.8 15965.8 10753 10221.6
10641.6 15965.8 10771.6 10282.1
10660.8 15965.8 10788.3 10350.3
10677.7 15965.8 10807.8 10429.7
10696.7 15965.8 10825.6 10497.9
10714.5 15965.8 10842.8 10548.6
10731.7 15965.8 10861.8 10622.2
10750.1 15965.8 10879 10681.1
10767 15965.8 10897.9 10761.5
10786.5 15965.8 10916.6 10842.9
10803.7 15965.8 10933 10899.9
10822.1 15965.8 10952.8 10989.5
10839.9 15965.8 10970.3 11081.6
10857.7 15965.8 10989 11146.4
10875.8 15965.8 11006.2 11234.6
10893.3 15965.8 11024 11314.5
10911.9 15965.8 11043.2 11400.3
10929.4 15965.8 11061.3 11484.6
10948.1 15965.8 11078.2 11546.5
10966.8 15965.8 11096.9 11626.9
10983.4 15965.8 11115 11696.5
11001.8 15965.8 11132.8 11785.7
11019.9 15965.8 11150.9 11844.2
11037.1 15965.8 11169.8 11917.3
11056.1 15965.8 11186.5 11995.7
11073.5 15965.8 11206.3 12069.8
11091.6 15965.8 11223.2 12128.7
11110.9 15965.8 11241.3 12193.5
11127.5 15965.8 11260.3 12253.5
11146.2 15965.8 11277.8 12343.6
11163.4 15965.8 11295.9 12379.2
11183 15965.8 11313.4 12465.4
11198.7 15965.8 11330.6 12532.2
11218 15965.8 11350.7 12634.5
11235.8 15965.8 11368.2 12676.4
11252.7 15965.8 11386.9 12759.2
11272.5 15965.8 11405 12821.1
11289.5 15965.8 11422.5 12891.7
11308.4 15965.8 11441.5 12967.3
11325.3 15965.8 11458.1 13026.2
11344.3 15965.8 11476.8 13102.2
11363.3 15965.8 11495.8 13173.4
11379.3 15965.8 11514.1 13229.9
11398.6 15965.8 11531.7 13319.1
11415.8 15965.8 11548.6 13363.4
11433.9 15965.8 11568.4 13423.3
11451.7 15965.8 11584.8 13486.2
11469.5 15965.8 11604.6 13544.2
11489 15965.8 11622.7 13606
11505.7 15965.8 11641.1 13650.9
11524.4 15965.8 11659.2 13719.1
11541.3 15965.8 11676.1 13773.2
11560.3 15965.8 11695.1 13809.2
11578.1 15965.8 11712.3 13891.6
11595.3 15965.8 11731.3 13942.2
11614 15965.8 11749.1 14010.9
11632 15965.8 11767.5 14056.7
11649.9 15965.8 11785 14118.6
11667.4 15965.8 11802.5 14167.4
11685.8 15965.8 11821.8 14222.9
11704.4 15965.8 11839.3 14270.6
11722.3 15965.8 11857.1 14322.3
11739.8 15965.8 11876.4 14402.2
11758.2 15965.8 11893.6 14455.3
11776.3 15965.8 11911.7 14497.7
11794.7 15965.8 11928.7 14583
11811.9 15965.8 11947.9 14612.2
11830 15965.8 11966.3 14703.3
11847.2 15965.8 11984.4 14739.4
11866.5 15965.8 12003.4 14772.5
11884.9 15965.8 12020.1 14859.2
11901.8 15965.8 12039.3 14897.7
11920.2 15965.8 12057.4 14985.9
11937.7 15965.8 12075.5 15015.2
11956.4 15965.8 12093.7 15081.9
11974.5 15965.8 12111.8 15171.1
11992.6 15965.8 12131 15235.4
12009.6 15965.8 12148.6 15315.3
12027.4 15965.8 12166.1 15350.4
12046.4 15965.8 12184.8 15427.4
12063.6 15965.8 12202 15526.8
12081.7 15965.8 12221.3 15585.7
12098.9 15965.8 12238.2 15662.7
12117.6 15965.8 12257.5 15753.8
12136 15965.8 12274.8 15818.6
12153.8 15965.8 12293.8 15913.6
12172.8 15965.8 12311.6 15965.8
12190.6 15965.8 12329.4 15965.8
12208.4 15965.8 12348.4 15965.8
12226 15965.8 12365.9 15965.8
12243.5 15965.8 12384.6 15965.8
12262.2 15965.8 12402.4 15965.8
12278.9 15965.8 12419.7 15965.8
12298.4 15965.8 12438.7 15965.8
12316.5 15965.8 12457.4 15965.8
12333.5 15965.8 12475.5 15965.8
12351.9 15965.8 12493.9 15965.8
12369.4 15965.8 12511.7 15965.8
12388.4 15965.8 12529.9 15965.8
12405.4 15965.8 12547.7 15965.8
12423.5 15965.8 12566.1 15965.8
12441.9 15965.8 12584.5 15965.8
12460 15965.8 12603.5 15965.8
12479 15965.8 12621 15965.8
12496 15965.8 12638.9 15965.8
12513.5 15965.8 12658.5 15965.8
12531.6 15965.8 12676 15965.8
12549.7 15965.8 12694.1 15965.8
12567.9 15965.8 12712 15965.8
12585.4 15965.8 12731 15965.8
12604.7 15965.8 12749.1 15965.8
12621.9 15965.8 12767.5 15965.8
12639.5 15965.8 12786.5 15965.8
12657.6 15965.8 12804 15965.8
12676 15965.8 12823.1 15965.8
12693.5 15965.8 12841.5 15965.8
12711.7 15965.8 12860.8 15965.8
12729.5 15965.8 12879.5 15965.8
12747 15965.8 12897.9 15965.8
12765.8 15965.8 12916.6 15965.8
12783.9 15965.8 12935.4 15965.8
12802 15965.8 12953.8 15965.8
12820.4 15965.8 12970.7 15965.8
12838 15965.8 12984.8 15965.8
12855.8 15965.8 12995.3 15965.8
12874.2 15965.8 12995.3 15965.8
12891.5 15965.8 12981.6 15965.8
12909.3 15965.8 12964.3 15965.8
12926.9 15965.8 12945.3 15965.8
