4017.98 -2373.63 4052.62 -1954.6
4016.52 -437.323 4069.65 -1960.45
4010.06 -393.471 4088.14 -1967.76
4007.71 -364.236 4105.47 -1966.3
4013.87 -317.948 4124.26 -1980.91
4025.62 -287.739 4142.17 -1988.71
4038.82 -255.58 4159.79 -2014.05
4055.85 -235.116 4178.58 -2054.49
4072.29 -194.675 4195.32 -2111.01
4089.9 -162.517 4213.82 -2148.53
4108.69 -156.182 4232.91 -2199.69
4126.31 -111.356 4250.54 -2220.15
4145.69 -62.6314 4269.04 -2216.25
4163.31 -34.8585 4286.08 -2218.69
4182.1 1.19764 4304.59 -2198.71
4200.61 45.5369 4322.21 -2183.61
4218.23 69.4119 4340.43 -2172.4
4237.32 108.879 4358.94 -2135.37
4254.06 137.139 4376.57 -2126.6
4274.04 176.606 4394.78 -2104.67
4291.66 203.891 4412.12 -2069.11
4309.58 236.537 4431.22 -2063.26
4328.09 262.361 4448.85 -2052.54
4346.3 280.876 4466.78 -2026.23
4364.52 301.34 4485.59 -2023.79
4382.44 338.371 4502.93 -1987.25
4401.54 359.81 4520.56 -1973.12
4418 361.272 4538.78 -1946.32
4436.8 395.379 4557.3 -1935.6
4454.44 423.152 4575.23 -1907.34
4473.54 443.616 4592.27 -1918.06
4491.76 456.284 4611.09 -1865.92
4508.51 487.955 4629.02 -1896.62
4527.61 494.289 4647.83 -1890.29
4545.84 527.909 4665.17 -1898.57
4564.06 530.833 4683.69 -1899.06
4582.28 571.761 4702.21 -1942.42
4599.92 600.509 4718.97 -2000.4
4619.02 621.948 4738.08 -1963.86
4636.37 645.822 4754.84 -1969.22
4654.89 671.159 4773.36 -1948.27
4672.52 698.932 4791.59 -1931.22
4691.34 724.756 4808.93 -1914.65
4708.97 743.759 4828.04 -1895.65
4726.91 772.019 4845.39 -1869.34
4744.55 800.279 4863.03 -1855.2
4763.66 828.052 4881.26 -1835.72
4781.3 853.876 4900.37 -1813.79
4799.52 876.289 4918.01 -1779.68
4817.46 904.062 4935.95 -1761.65
4835.98 895.292 4954.47 -1736.8
4853.91 921.116 4971.23 -1717.8
4871.56 948.402 4990.05 -1686.62
4890.67 962.532 5007.1 -1678.82
4908.01 1003.46 5025.33 -1669.56
4926.83 1028.31 5044.44 -1647.64
4943.59 1050.24 5062.38 -1634.48
4962.7 1065.83 5081.49 -1608.17
4980.93 1091.16 5097.96 -1599.4
4998.28 1103.35 5116.19 -1579.91
5017.1 1117.48 5134.72 -1562.86
5034.45 1170.1 5152.06 -1560.42
5053.85 1178.87 5171.76 -1539.96
5070.32 1215.9 5187.93 -1521.44
5088.55 1222.72 5206.46 -1493.67
5106.78 1271.93 5225.57 -1484.9
5125.31 1302.63 5242.62 -1470.28
5142.95 1324.55 5260.56 -1464.92
5161.47 1338.2 5278.2 -1452.74
5179.41 1366.46 5297.02 -1436.17
5197.34 1403.49 5314.95 -1417.17
5216.16 1421.52 5332.3 -1404.5
5233.22 1458.06 5351.41 -1380.14
5251.45 1493.14 5368.76 -1362.6
5269.97 1510.19 5388.16 -1347.98
5287.91 1547.71 5405.22 -1341.16
5305.84 1575.97 5422.86 -1315.34
5324.36 1598.39 5440.79 -1289.03
5341.71 1606.67 5459.02 -1283.67
5360.53 1651.5 5476.95 -1255.89
5378.17 1665.14 5494 -1248.59
5396.69 1707.04 5513.7 -1228.61
5414.92 1727.99 5531.05 -1218.38
5432.27 1755.77 5548.68 -1185.24
5451.08 1783.54 5567.21 -1168.19
5468.13 1809.85 5585.14 -1169.65
5486.95 1841.03 5603.95 -1152.6
5504.59 1877.09 5621.29 -1153.57
5523.4 1888.78 5639.22 -1137.98
5541.63 1911.68 5657.74 -1117.52
5558.97 1938 5675.38 -1139.93
5576.61 1958.95 5693.9 -1131.65
5594.54 1985.75 5711.53 -1159.42
5613.95 2006.21 5730.34 -1135.54
5630.41 2048.11 5748.27 -1123.85
5648.92 2077.84 5766.2 -1100.95
5667.74 2102.2 5784.13 -1083.9
5684.2 2132.89 5801.47 -1068.3
5703.89 2163.59 5820.86 -1061.97
5721.23 2192.82 5838.2 -1027.86
5739.16 2226.93 5856.72 -999.603
5757.68 2250.32 5875.23 -989.371
5775.31 2294.66 5892.27 -976.703
5794.12 2314.64 5910.78 -952.828
5811.46 2341.92 5927.53 -929.44
5829.09 2378.47 5946.63 -923.593
5847.9 2411.6 5964.26 -901.18
5864.94 2433.04 5982.48 -890.46
5884.04 2470.07 6001.28 -859.277
5901.38 2515.87 6018.91 -848.557
5919.6 2526.1 6038 -821.272
5938.11 2563.62 6054.45 -822.246
5956.03 2587.49 6072.67 -803.731
5973.96 2620.63 6091.18 -777.419
5991.59 2644.01 6109.68 -760.853
6010.98 2670.81 6126.72 -753.057
6027.72 2702 6143.75 -734.542
6046.82 2732.69 6162.85 -721.386
6064.15 2757.54 6181.64 -707.256
6082.95 2790.67 6199.85 -685.33
6101.46 2817.96 6217.18 -659.994
6118.49 2860.84 6234.8 -647.325
6137.29 2875.94 6253.6 -630.759
6155.5 2909.07 6271.22 -618.09
6173.13 2934.9 6289.13 -590.805
6191.34 2969.01 6307.63 -578.136
6208.37 3011.4 6326.13 -548.414
6226.87 3040.14 6344.04 -544.029
6244.79 3093.25 6361.36 -517.718
6263.29 3126.39 6379.86 -487.509
6280.32 3144.41 6397.47 -481.175
6299.7 3195.57 6415.97 -462.172
6317.32 3224.81 6434.17 -443.657
6334.64 3268.17 6452.07 -430.014
6353.43 3290.1 6470.57 -417.833
6370.76 3332.49 6487.59 -388.111
6389.25 3381.7 6507.26 -370.57
6407.16 3415.32 6525.75 -352.542
6424.78 3461.12 6543.07 -337.437
6445.03 3503.51 6561.26 -314.537
6460.88 3535.18 6578.28 -281.404
6480.26 3565.88 6595.89 -257.529
6498.16 3582.93 6614.38 -241.938
6514.89 3628.74 6633.45 -227.807
6533.67 3652.12 6651.35 -204.907
6551.28 3684.28 6668.66 -202.471
6569.19 3717.9 6687.15 -183.955
6587.68 3745.67 6704.46 -154.233
6605.58 3769.06 6722.65 -153.259
6623.77 3810.48 6740.54 -129.871
6641.08 3839.71 6759.32 -124.024
6659.57 3882.59 6778.09 -112.33
6677.47 3921.57 6795.1 -113.792
6696.24 3943.98 6812.7 -96.2513
6714.73 3982.47 6830.01 -85.5319
6731.16 4015.12 6849.37 -75.787
6749.93 4072.13 6868.14 -51.912
6766.94 4101.85 6885.44 -32.4223
6786.6 4149.6 6903.33 -32.4223
6804.2 4190.53 6921.22 -5.62379
6821.8 4228.05 6939.1 5.58284
6840.57 4271.9 6958.16 21.1747
6858.75 4320.14 6976.05 49.9221
6876.93 4350.34 6994.81 55.7691
6893.65 4387.86 7012.11 88.9017
6911.83 4432.2 7030.58 114.238
6930.31 4482.88 7047.88 118.136
6948.78 4517.96 7065.76 137.626
6966.66 4562.78 7083.93 166.374
6983.97 4592.02 7101.81 194.147
7001.85 4614.43 7120.86 198.045
7020.03 4654.87 7137.86 214.124
7038.2 4697.26 7156.33 244.82
7056.67 4731.37 7174.79 251.641
7073.67 4767.91 7192.67 265.772
7092.14 4812.25 7210.84 294.032
7110.6 4860.98 7227.24 314.983
7128.48 4897.03 7246.29 315.958
7146.36 4916.04 7265.63 336.909
7164.83 4973.53 7282.92 350.552
7183 5024.2 7301.37 362.733
7200.58 5042.72 7318.37 363.708
7219.04 5089.98 7336.53 385.634
7236.33 5133.83 7354.69 405.124
7254.79 5179.64 7373.15 410.971
7272.95 5211.31 7391.01 420.715
7290.24 5256.62 7409.47 444.59
7309.28 5298.04 7428.21 461.157
7326.86 5362.35 7443.73 467.004
7345.32 5394.51 7463.65 486.981
7363.19 5439.34 7480.63 505.496
7380.47 5480.27 7498.79 519.626
7398.92 5531.43 7517.82 537.654
7416.2 5565.05 7535.1 572.249
7435.53 5610.36 7553.55 601.483
7453.11 5662.49 7571.41 619.511
7471.26 5696.11 7589.85 656.055
7488.25 5753.12 7608 681.391
7506.99 5777.49 7625.28 702.83
7525.73 5840.34 7644.6 730.116
7543.01 5875.42 7661.57 757.889
7562.33 5916.35 7680.31 799.305
7580.19 5949.97 7698.16 827.565
7596.59 5979.69 7716.31 845.106
7615.61 6040.6 7735.04 852.902
7633.47 6090.78 7752.31 882.623
7651.62 6109.79 7770.45 903.088
7668.31 6164.36 7787.72 928.424
7687.63 6208.7 7806.44 940.118
7704.89 6238.91 7824.59 955.71
7723.33 6296.89 7843.31 965.942
7742.36 6339.77 7862.04 994.202
7759.33 6388 7878.13 1015.15
7777.18 6441.11 7897.15 1030.75
7795.91 6474.73 7915.58 1057.06
7813.18 6528.82 7933.42 1065.83
7831.9 6576.08 7950.68 1097.01
7848.58 6623.83 7968.53 1138.43
7868.18 6669.14 7987.25 1160.35
7885.15 6722.25 8005.97 1204.21
7903.88 6766.1 8022.64 1233.44
7921.43 6791.44 8041.65 1271.93
7939.86 6841.63 8058.61 1292.4
7958.58 6878.17 8077.33 1329.43
7975.25 6931.28 8095.46 1384
7993.68 6982.93 8113.88 1399.1
8011.82 7016.06 8131.72 1438.08
8029.95 7057.48 8149.26 1473.65
8048.08 7099.87 8167.39 1512.63
8065.34 7157.85 8185.81 1551.61
8084.64 7202.68 8204.82 1583.77
8102.77 7233.86 8221.77 1618.36
8121.48 7284.05 8239.6 1629.08
8139.32 7347.87 8258.02 1679.76
8156.28 7371.75 8275.56 1707.53
8174.41 7425.83 8294.85 1729.45
8191.66 7473.1 8312.1 1762.1
8209.79 7510.13 8330.81 1789.87
8227.91 7558.85 8348.93 1812.29
8245.45 7612.94 8366.17 1849.8
8264.16 7648.99 8384.88 1887.81
8282.58 7713.8 8403 1919.97
8300.99 7747.42 8421.7 1938.48
8318.24 7801.99 8439.52 1975.51
8335.78 7839.5 8457.64 2008.16
8355.07 7892.13 8475.17 2036.42
8372.31 7928.67 8493 2089.53
8391.01 7991.53 8511.41 2130.94
8407.67 8028.07 8528.65 2167
8425.5 8070.95 8547.93 2203.54
8443.32 8105.54 8565.75 2235.7
8462.61 8150.85 8583.57 2280.53
8480.14 8195.68 8601.39 2325.36
8497.38 8245.87 8619.5 2373.59
8516.67 8293.13 8638.2 2402.83
8535.07 8338.93 8654.85 2448.63
8552.89 8382.3 8673.84 2473.48
8570.72 8428.58 8692.24 2519.28
8588.25 8496.8 8710.06 2558.75
8607.53 8539.19 8727.58 2600.16
8624.76 8589.37 8745.69 2630.86
8642.29 8635.17 8763.5 2667.89
8660.11 8682.92 8781.9 2705.41
8678.8 8737.5 8800.3 2752.67
8697.2 8788.17 8817.82 2793.11
8714.44 8833 8835.93 2806.27
8733.42 8871 8855.2 2864.74
8750.94 8928.01 8872.72 2905.66
8769.05 8956.27 8890.53 2949.03
8786.28 9013.28 8908.93 2977.29
8803.81 9036.66 8927.03 3025.04
8823.08 9089.29 8945.42 3058.17
8840.6 9133.14 8962.07 3095.2
8858.7 9176.99 8981.04 3142.46
8876.51 9242.28 8998.85 3180.47
8894.04 9268.59 9016.95 3215.55
8912.72 9316.83 9035.34 3273.05
8930.83 9357.76 9053.15 3308.13
8948.64 9405.51 9071.83 3364.16
8967.03 9451.8 9088.76 3427.99
8985.42 9500.04 9107.74 3464.53
9003.52 9536.09 9126.13 3516.18
9020.45 9605.77 9143.35 3549.8
9038.55 9642.8 9162.9 3594.14
9056.07 9704.68 9179.54 3656.51
9074.75 9749.99 9197.64 3683.31
9093.14 9799.2 9216.02 3731.54
9111.53 9852.8 9233.83 3783.68
9129.92 9905.91 9252.21 3821.2
9146.56 9950.74 9269.14 3875.77
9164.95 9991.18 9288.4 3909.88
9182.17 10046.7 9305.33 3960.06
9200.85 10084.7 9323.42 4014.15
9218.65 10147.6 9342.09 4056.05
9236.75 10204.6 9360.19 4105.26
9255.71 10234.8 9380.03 4165.68
9272.35 10275.7 9396.95 4215.38
9291.61 10321.5 9415.04 4259.23
9309.12 10367.3 9431.97 4301.62
9327.21 10438 9450.93 4349.86
9345.31 10473.5 9469.32 4407.35
9364.27 10515.9 9486.82 4452.18
9382.07 10555.9 9505.79 4511.13
9399.87 10589.5 9522.71 4547.19
9417.96 10649.9 9541.38 4607.61
9435.76 10692.3 9559.47 4658.77
9451.81 10741.5 9577.27 4710.91
9471.36 10780 9595.65 4746.47
9488.57 10821.9 9612.86 4793.74
9507.83 10859.9 9632.11 4844.9
9524.46 10922.3 9650.49 4896.06
9542.84 10957.4 9667.41 4949.66
9561.22 11004.6 9685.5 4994
9579.6 11049.5 9704.17 5062.21
9597.4 11098.2 9721.96 5094.85
9615.19 11146.9 9739.76 5156.73
9633.28 11194.7 9759.01 5198.15
9651.95 11258 9776.22 5250.77
9668.87 11307.2 9793.72 5312.17
9686.96 11365.2 9813.26 5352.12
9705.04 11412 9830.48 5419.85
9722.84 11450 9849.14 5466.14
9741.51 11503.6 9867.23 5509.99
9759.3 11562.5 9885.02 5582.59
9777.97 11616.1 9903.4 5643
9795.76 11662.9 9920.31 5712.19
9812.97 11718.5 9939.27 5760.43
9830.77 11777.9 9957.06 5830.11
9849.14 11804.2 9975.15 5886.63
9868.4 11863.7 9993.23 5938.28
9885.02 11901.2 10011.3 5989.44
9903.4 11948.4 10029.1 6041.57
9921.48 11992.3 10047.5 6103.94
9940.15 12027.9 10065.6 6164.36
9957.94 12080.5 10084.5 6216.49
9975.44 12114.1 10102.6 6280.32
9994.11 12158.9 10120.1 6336.35
10011 12219.3 10137.3 6380.69
10029.4 12264.7 10156.6 6447.45
10047.5 12314.4 10173.8 6498.12
10066.1 12361.1 10192.7 6563.9
10083.9 12425.9 10210.2 6611.16
10101.4 12485.4 10227.4 6656.47
10119.8 12531.7 10247.6 6732
10136.7 12585.3 10264.5 6765.62
10156 12649.6 10283.1 6838.7
10173.2 12692 10300.3 6901.07
10191.9 12729.5 10318.1 6950.28
10209.9 12792.8 10337.7 7017.52
10227.1 12846.4 10354.9 7071.12
10246.1 12883 10373.8 7131.05
10263.3 12945.8 10391 7208.52
10281.4 13006.7 10408.8 7271.38
10299.2 13038.4 10427.8 7322.54
10317.6 13097.9 10445 7398.55
10336.5 13149 10464.8 7474.56
10352.8 13186.5 10481.5 7536.93
10371.2 13226 10499.8 7594.91
10388.7 13284.5 10517.9 7667.99
10407.4 13331.7 10536.6 7741.57
10425.8 13360.5 10554.1 7796.14
10443.5 13436 10571.9 7879.46
10461.3 13469.6 10590.8 7928.67
10479.7 13532.5 10607.7 8006.14
10497.5 13565.1 10626.1 8077.77
10516.2 13594.8 10644.5 8131.85
10533.4 13641.6 10663.1 8217.12
10552 13706.9 10680.6 8252.2
10569.5 13751.2 10697.6 8315.06
10587.6 13800 10717.4 8362.8
10605.7 13850.6 10734 8440.28
10622.9 13895.5 10752.4 8498.75
10641.6 13935.4 10771.4 8564.52
10660.5 13995.8 10788.9 8625.43
10678.6 14041.2 10807.8 8672.69
10696.1 14096.2 10825 8737.01
10713.6 14150.8 10844.3 8813.02
10732.3 14201.9 10861.5 8885.62
10750.1 14250.2 10879.6 8934.34
10768.1 14306.7 10897.9 9006.94
10785.1 14338.9 10915.5 9085.88
10804 14395.4 10934.7 9172.61
10822.1 14453.9 10952.5 9233.51
10839.3 14494.8 10970.6 9316.34
10858 14534.7 10988.1 9392.84
10875.5 14608.3 11005.3 9467.88
10894.7 14625.9 11024.8 9534.63
10912.2 14664.8 11042.6 9614.05
10929.7 14679.4 11060.4 9696.39
10947.8 14735 11078.2 9772.4
10965.3 14764.7 11096.9 9845
10984.9 14802.7 11115 9917.12
11002.1 14821.2 11132.5 9977.05
11019.6 14893.8 11151.1 10054
11037.7 14923.1 11168.1 10110.6
11056.6 14947.4 11187.9 10183.2
11074.1 14994.2 11206.6 10255.8
11091.6 15035.1 11223.5 10318.6
11110 15098 11241.6 10387.3
11127.8 15135 11259.4 10456.5
11146.5 15176.9 11278.7 10526.2
11163.7 15216.4 11296.2 10597.3
11182.1 15262.2 11313.1 10641.2
11201 15316.8 11332.1 10714.7
11217.7 15346 11350.4 10775.6
11236.1 15401.5 11368.5 10861.9
11254.1 15460.5 11386 10904.3
11271.9 15490.7 11405 10981.3
11289.7 15543.3 11423.1 11069
11308.1 15591.1 11440.3 11169.8
11326.5 15617.4 11459.6 11231.7
11344.3 15662.2 11476.5 11310.6
11362.1 15680.7 11494.9 11397.4
11380.5 15716.3 11513.3 11455.3
11398 15782.6 11531.1 11553.3
11416.4 15825.4 11549.8 11620.5
11433.6 15854.2 11567.8 11695.6
11451.1 15877.1 11585.6 11782.3
11469.2 15938.5 11604 11833
11487.9 15964.8 11622.1 11888.5
11506.6 15965.8 11640.2 11973.8
11524.1 15965.8 11658.3 12052.2
11542.2 15965.8 11676.7 12101.9
11560.5 15965.8 11695.1 12174.5
11577.8 15965.8 11712.6 12231.5
11595.9 15965.8 11731 12298.3
11614 15965.8 11748.2 12355.8
11632.9 15965.8 11767.2 12407.4
11649.9 15965.8 11784.1 12461
11668 15965.8 11803.7 12555.1
11684.9 15965.8 11820.9 12605.2
11703.6 15965.8 11839.9 12677.8
11722.3 15965.8 11857.7 12735.3
11739.8 15965.8 11875.8 12795.3
11758.5 15965.8 11893.6 12873.2
11776.6 15965.8 11911.4 12913.7
11794.4 15965.8 11930.7 12992.6
11812.5 15965.8 11949.1 13080.3
11829.7 15965.8 11966 13134.9
11848.7 15965.8 11985.3 13224
11866.2 15965.8 12002.8 13289.3
11884.9 15965.8 12021.2 13364.9
11902.4 15965.8 12039 13450.6
11919.6 15965.8 12057.4 13524.7
11938.3 15965.8 12076.1 13601.7
11956.4 15965.8 12093.4 13657.7
11975.1 15965.8 12112.1 13750.8
11992.6 15965.8 12129.6 13800.5
12010.1 15965.8 12148.3 13881.3
12028 15965.8 12166.4 13957.8
12045.5 15965.8 12184.2 14027
12063.6 15965.8 12203.5 14070.9
12082.3 15965.8 12220.1 14138.1
12099.2 15965.8 12238.8 14188.8
12117.9 15965.8 12256.9 14260.9
12135.1 15965.8 12275.4 14307.2
12154.1 15965.8 12294.6 14375.9
12171.6 15965.8 12311.6 14444.6
12190 15965.8 12329.1 14497.7
12208.2 15965.8 12347.8 14575.2
12226.6 15965.8 12365.9 14603.4
12244.4 15965.8 12384.6 14690.7
12261.9 15965.8 12402.7 14741.3
12280.3 15965.8 12421.1 14802.2
12298.1 15965.8 12438.4 14896.3
12316.8 15965.8 12456.8 14978.6
12333.5 15965.8 12474.9 15044.4
12351.3 15965.8 12492.7 15119.4
12370 15965.8 12511.7 15210.1
12387.5 15965.8 12529.9 15279.2
12406 15965.8 12548.6 15369.4
12423.5 15965.8 12566.1 15474.1
12442.2 15965.8 12583.9 15552.6
12460.9 15965.8 12602.3 15670.5
12478.4 15965.8 12621.3 15714.8
12496.8 15965.8 12640 15804
12512.9 15965.8 12658.8 15887.3
12531.9 15965.8 12676.6 15953.6
12550 15965.8 12693.5 15965.8
12567.9 15965.8 12711.7 15965.8
12585.7 15965.8 12731.3 15965.8
12604.4 15965.8 12749.1 15965.8
12622.5 15965.8 12767.8 15965.8
12639.8 15965.8 12785.9 15965.8
12658.2 15965.8 12804.3 15965.8
12676 15965.8 12822.2 15965.8
12693.5 15965.8 12841.8 15965.8
12711.7 15965.8 12860.2 15965.8
12728 15965.8 12879.2 15965.8
12747.9 15965.8 12897.6 15965.8
12765.8 15965.8 12917.5 15965.8
12783 15965.8 12935.9 15965.8
12803.2 15965.8 12954.4 15965.8
12819.5 15965.8 12970.4 15965.8
12837.1 15965.8 12984.5 15965.8
12856.1 15965.8 12995.3 15965.8
12873.4 15965.8 12995.3 15965.8
12891.8 15965.8 12981.9 15965.8
12909.6 15965.8 12963.4 15965.8
12927.5 15965.8 12945.6 15965.8
