7012.7 -865.124 7040.25 -912.874
7012.11 -812.988 7052.57 -903.616
7007.42 -787.164 7065.17 -922.131
7005.66 -804.218 7078.07 -908.488
7010.06 -790.575 7091.85 -898.743
7018.85 -790.088 7104.45 -887.537
7028.23 -797.884 7117.64 -906.539
7039.67 -793.011 7130.24 -891.922
7052.27 -803.731 7144.02 -896.307
7064.59 -799.345 7156.33 -906.052
7077.78 -804.705 7168.34 -914.823
7091.26 -798.858 7182.12 -946.006
7104.16 -791.062 7195.6 -945.032
7117.05 -804.218 7208.2 -955.751
7129.95 -800.32 7221.09 -958.675
7143.72 -808.603 7234.86 -961.598
7156.03 -811.039 7248.64 -947.468
7170.1 -793.011 7260.65 -943.083
7183.29 -794.96 7273.83 -950.879
7197.06 -806.167 7286.72 -965.009
7209.08 -794.473 7299.91 -940.159
7222.56 -797.397 7312.8 -946.494
7235.74 -804.218 7325.69 -959.649
7248.64 -798.858 7338.58 -945.519
7262.11 -798.858 7351.76 -945.519
7275.01 -800.32 7365.24 -961.111
7287.6 -804.705 7377.54 -959.162
7301.37 -807.629 7391.01 -952.828
7314.26 -815.425 7403.61 -939.672
7328.33 -792.524 7416.79 -952.34
7340.05 -790.575 7429.68 -953.802
7353.52 -807.141 7442.85 -940.647
7367.29 -807.629 7456.03 -937.236
7379.59 -797.397 7469.21 -955.264
7393.65 -801.782 7482.98 -940.647
7405.66 -801.294 7495.86 -956.726
7419.72 -809.09 7508.45 -945.519
7432.6 -797.397 7521.34 -935.774
7445.49 -811.039 7533.93 -942.596
7458.38 -809.09 7546.81 -945.519
7470.68 -798.371 7559.99 -929.927
7485.03 -797.884 7572.87 -940.159
7497.33 -801.294 7586.34 -941.621
7510.5 -787.652 7599.81 -950.879
7523.68 -798.371 7612.69 -940.647
7536.56 -799.833 7625.57 -934.312
7549.45 -787.164 7638.16 -944.544
7562.91 -801.294 7652.21 -946.006
7576.38 -811.527 7664.79 -927.978
7589.56 -816.399 7677.09 -935.774
7602.15 -796.909 7691.14 -934.8
7615.91 -811.527 7703.72 -921.157
7627.62 -792.037 7716.6 -928.953
7641.67 -789.601 7729.48 -937.723
7653.96 -793.986 7743.53 -937.723
7667.43 -815.912 7755.53 -944.057
7680.89 -806.654 7769.28 -939.185
7693.48 -825.17 7782.16 -926.029
7706.94 -808.603 7794.74 -933.338
7719.53 -793.986 7808.2 -946.981
7733.28 -798.858 7820.2 -930.902
7745.58 -812.988 7834.83 -919.695
7758.45 -802.756 7847.7 -932.851
7772.21 -789.113 7859.41 -924.08
7785.08 -817.374 7873.16 -921.644
7798.25 -801.782 7886.32 -932.363
7810.83 -802.756 7899.49 -929.44
7824.29 -807.629 7912.36 -922.131
7836.58 -801.294 7925.23 -930.902
7849.46 -808.116 7939.27 -919.208
7864.09 -802.756 7951.27 -922.131
7874.91 -799.833 7964.43 -918.233
7889.54 -794.96 7977.6 -926.516
7901.83 -803.243 7990.76 -914.823
7915.29 -799.833 8003.92 -925.542
7928.16 -804.705 8016.5 -925.542
7941.32 -805.193 8029.37 -924.08
7954.19 -801.294 8042.82 -924.08
7967.65 -800.807 8054.81 -928.953
7980.81 -800.32 8067.39 -921.644
7993.1 -815.425 8080.25 -920.67
8005.97 -806.654 8094.58 -916.284
8020.01 -801.294 8106.86 -920.182
8031.71 -796.909 8120.9 -936.749
8045.74 -809.578 8134.06 -929.44
8058.9 -802.269 8146.63 -921.644
8071.77 -809.09 8160.08 -941.134
8085.52 -795.448 8173.83 -920.182
8098.97 -814.45 8186.1 -927.004
8111.54 -798.371 8199.26 -920.182
8123.82 -794.96 8211.54 -918.721
8137.86 -812.988 8224.7 -936.261
8150.14 -786.677 8238.14 -930.414
8163.01 -793.499 8251.3 -924.568
8176.75 -811.527 8264.16 -923.593
8189.32 -792.037 8277.61 -936.261
8202.77 -808.603 8289.89 -931.876
8215.05 -798.371 8303.92 -922.131
8228.2 -802.269 8316.78 -936.749
8241.65 -823.221 8329.05 -926.029
8254.51 -802.269 8343.08 -931.389
8267.67 -807.141 8355.94 -926.029
8279.95 -800.807 8369.09 -912.386
8292.81 -815.912 8381.66 -932.851
8306.55 -812.014 8394.81 -921.644
8319.7 -804.705 8408.26 -922.618
8332.85 -801.782 8420.24 -929.927
8345.42 -814.45 8434.26 -926.516
8359.45 -798.858 8446.83 -921.157
8371.43 -803.243 8460.27 -937.723
8384.88 -816.399 8473.42 -940.647
8398.32 -810.552 8485.99 -941.134
8410.6 -800.807 8498.84 -937.236
8424.33 -800.807 8512.28 -945.519
8437.77 -821.272 8525.73 -937.723
8450.63 -804.218 8538 -940.159
8462.9 -804.218 8551.73 -928.953
8475.47 -804.705 8564.29 -941.134
8488.91 -802.756 8576.56 -928.465
8502.35 -806.167 8591.17 -927.978
8515.5 -797.884 8603.73 -929.927
8527.77 -793.986 8616 -936.749
8541.21 -800.807 8630.31 -928.953
8554.36 -800.32 8642 -933.338
8567.5 -800.32 8655.73 -928.953
8580.06 -795.448 8668.29 -918.233
8593.5 -813.476 8681.14 -916.284
8606.36 -798.858 8694.28 -921.157
8619.5 -819.323 8707.43 -940.159
8632.06 -791.55 8720.57 -933.825
8646.09 -797.397 8732.84 -952.34
8659.23 -804.218 8746.56 -940.159
8671.79 -813.963 8760 -918.721
8685.52 -808.116 8772.85 -922.618
8696.91 -819.323 8786.57 -921.157
8710.93 -806.167 8798.55 -939.185
8723.49 -801.294 8811.4 -932.363
8736.93 -819.323 8825.12 -951.366
8750.07 -796.422 8837.97 -951.853
8762.63 -815.425 8850.82 -935.287
8775.48 -803.731 8863.96 -943.083
8788.91 -796.909 8877.1 -952.828
8802.34 -798.371 8890.53 -955.264
8814.32 -815.912 8903.96 -936.749
8828.33 -804.218 8917.1 -949.904
8841.18 -793.011 8929.37 -949.417
8853.16 -801.782 8942.21 -959.162
8866.59 -799.345 8955.64 -941.134
8879.14 -801.782 8968.78 -940.647
8893.74 -794.473 8981.33 -947.468
8906.01 -812.988 8995.06 -936.749
8920.31 -794.96 9007.9 -944.544
8932.58 -789.601 9020.16 -925.542
8945.13 -799.345 9033.88 -934.312
8957.98 -792.037 9046.14 -928.465
8970.82 -797.397 9060.16 -937.723
8984.84 -809.09 9072.71 -948.442
8997.39 -801.294 9086.14 -939.185
9009.94 -812.501 9099.27 -940.647
9023.66 -796.422 9111.82 -938.698
9035.63 -800.32 9124.96 -944.544
9049.65 -788.139 9138.09 -922.618
9061.91 -793.986 9150.94 -936.261
9075.34 -797.397 9164.65 -932.363
9088.18 -790.088 9177.5 -925.055
9101.61 -799.345 9190.63 -930.902
9114.45 -792.524 9203.18 -948.442
9127 -785.703 9216.9 -963.06
9141.3 -794.473 9229.16 -962.573
9152.69 -805.193 9242 -957.213
9166.11 -796.909 9255.13 -958.675
9179.83 -802.756 9267.97 -967.445
9191.8 -800.807 9281.98 -952.34
9205.81 -802.756 9294.24 -968.907
9217.77 -783.266 9307.95 -953.802
9231.78 -797.884 9320.21 -961.111
9244.92 -802.756 9332.17 -960.624
9257.17 -798.858 9345.6 -958.675
9270.89 -807.629 9358.44 -946.494
9283.73 -792.524 9373.03 -936.749
9296.86 -788.139 9386.16 -953.315
9309.7 -787.652 9399.87 -940.159
9322.54 -788.139 9412.13 -953.315
9336.26 -792.037 9424.68 -952.828
9349.1 -797.397 9438.97 -953.802
9363.69 -798.371 9450.93 -944.057
9375.07 -795.935 9464.06 -957.213
9387.91 -791.062 9477.19 -943.57
9401.04 -779.369 9489.74 -937.723
9413.88 -793.011 9503.45 -934.8
9427.01 -795.935 9516 -953.315
9439.85 -783.754 9529.42 -945.519
9452.69 -786.677 9542.26 -950.879
9465.81 -789.601 9555.39 -944.544
9478.65 -796.909 9568.22 -941.621
9492.07 -792.037 9581.35 -942.108
9504.91 -797.884 9595.06 -950.879
9517.46 -798.371 9606.73 -937.236
9531.46 -784.728 9620.74 -946.981
9543.42 -783.266 9633.28 -948.93
9557.14 -780.83 9646.99 -959.162
9570.56 -788.626 9660.12 -949.904
9583.39 -797.884 9673.83 -945.519
9595.36 -801.294 9685.5 -947.468
9609.07 -781.805 9698.63 -948.93
9622.19 -785.215 9712.34 -963.547
9634.74 -794.473 9725.17 -952.828
9647.87 -793.986 9738.59 -937.723
9660.99 -799.833 9752.3 -942.108
9674.12 -795.448 9763.97 -959.162
9687.25 -784.728 9777.09 -955.751
9700.38 -782.292 9789.93 -965.496
9714.09 -788.139 9803.06 -970.856
9725.46 -786.677 9816.18 -961.598
9739.46 -778.394 9829.6 -959.649
9752.01 -787.164 9842.14 -951.853
9765.43 -772.06 9855.27 -956.238
9778.85 -785.703 9868.4 -959.649
9792.56 -769.136 9881.81 -980.113
9803.64 -775.471 9894.65 -965.983
9816.77 -792.037 9907.48 -958.675
9830.48 -783.266 9920.9 -961.598
9843.31 -792.037 9933.73 -972.805
9856.73 -774.983 9946.56 -961.111
9869.27 -782.292 9960.27 -964.522
9882.1 -779.369 9973.69 -969.881
9895.23 -801.782 9986.52 -966.958
9907.77 -783.266 9998.77 -962.573
9921.48 -774.009 10011.6 -969.881
9934.9 -790.088 10025 -979.626
9947.73 -796.422 10038.1 -978.652
9960.27 -777.419 10051 -964.034
9973.98 -784.241 10064.1 -978.652
9987.11 -780.343 10076.6 -973.292
9999.65 -783.754 10090.4 -969.881
10012.5 -762.315 10103.8 -979.626
10025.9 -784.241 10116.3 -990.345
10037.6 -771.573 10130 -981.088
10051.9 -760.366 10142.3 -977.19
10065 -766.7 10156 -970.368
10077.8 -778.394 10169.1 -965.496
10090.1 -755.006 10181.1 -987.422
10104.4 -756.468 10194.8 -968.907
10116.9 -744.774 10207.3 -968.907
10129.4 -766.7 10220.7 -969.881
10143.4 -749.159 10233.8 -958.675
10155.7 -749.647 10247.3 -975.728
10168.5 -748.672 10260.7 -979.139
10182.5 -736.491 10272.9 -972.317
10195.3 -729.67 10285.8 -964.034
10208.2 -739.902 10298.6 -992.782
10219.8 -750.134 10312.6 -959.162
10234.1 -732.593 10324.5 -971.343
10247 -712.616 10338 -972.805
10261 -707.744 10350.8 -984.498
10272.9 -718.95 10365.4 -979.139
10286.9 -716.514 10377.3 -991.807
10298.9 -725.772 10390.5 -986.935
10311.4 -698.973 10403.3 -991.807
10324.8 -696.537 10416.4 -996.192
10337.7 -678.509 10430.1 -999.603
10349.9 -671.2 10442.7 -1002.04
10363.9 -654.147 10455.2 -982.55
10377 -660.481 10468.6 -995.705
10390.8 -656.583 10482 -993.756
10402.4 -641.478 10494.9 -987.909
10416.1 -618.09 10508.3 -991.807
10429.5 -611.756 10521.4 -999.116
10442.1 -602.986 10534.2 -1000.58
10454.9 -594.703 10546.8 -1013.25
10468 -566.443 10561.1 -995.705
10481.5 -562.057 10572.2 -999.116
10494.6 -563.032 10586.7 -1016.66
10507.4 -538.67 10599.9 -994.731
10520.8 -525.514 10612.7 -998.141
10533.4 -528.925 10624.7 -1000.09
10546.2 -528.437 10637.5 -999.603
10559 -509.435 10651.5 -993.756
10573.3 -501.152 10664 -998.629
10585.9 -487.996 10676.9 -999.603
10598.7 -484.098 10691.4 -996.68
10611.8 -458.274 10704 -993.756
10623.8 -444.144 10716.5 -1007.89
10637.5 -434.886 10729.6 -1013.25
10650 -411.986 10741.9 -1001.06
10662.9 -402.728 10756.5 -1000.09
10677.7 -387.624 10768.4 -996.192
10688.5 -371.545 10782.4 -1002.53
10702.5 -353.029 10795.3 -1007.89
10715.6 -341.335 10808.7 -1006.42
10728.5 -324.282 10821.2 -1001.06
10741.9 -300.407 10834.1 -1012.27
10754.4 -294.073 10847.2 -1001.55
10767 -272.634 10860 -989.858
10779.8 -248.759 10873.7 -1004.48
10793.8 -228.782 10885.7 -997.167
10806.6 -214.165 10899.7 -1000.58
10819.5 -194.188 10913.1 -1025.43
10832.9 -171.774 10924.5 -999.603
10845.4 -164.953 10938.5 -1000.09
10857.7 -153.259 10951.3 -1005.45
10872 -129.384 10964.8 -1011.78
10884.5 -120.126 10977.3 -1005.94
10897.6 -96.2513 10990.7 -1012.27
10910.5 -90.8916 11004.4 -1009.84
10924.2 -82.1212 11016.7 -1022.99
10936.7 -67.0166 11030.4 -1014.71
10949.9 -54.8355 11042.9 -1006.91
10963 -38.2692 11055.8 -1004.48
10975.5 -34.3712 11070 -1020.55
10989 -25.1136 11081.7 -1010.32
11001.5 -2.21307 11095.1 -1021.53
11015.2 14.8405 11108.3 -1029.33
11027.8 29.4578 11122 -1031.76
11040.9 45.5369 11134.8 -1024.94
11053.1 70.8736 11146.8 -1042.97
11066 105.468 11160.5 -1015.2
11080.3 107.417 11173 -1009.35
11092.8 123.983 11185.9 -1032.74
11105.6 161.501 11199 -1022.02
11118.8 176.606 11213.3 -1003.99
11130.7 189.274 11225.8 -995.705
11145.6 224.843 11238.1 -991.32
11157.6 237.024 11252.1 -991.807
11171 258.95 11264.9 -981.088
11183.5 276.978 11277.5 -981.575
11196.7 291.596 11290.9 -975.728
11210.1 306.213 11303.8 -960.136
11223.2 317.42 11316.9 -973.292
11236.4 343.243 11328.8 -962.573
11248.3 367.119 11344.3 -961.598
11262 387.583 11356.3 -963.547
11274.3 398.789 11369.1 -949.904
11287.4 405.611 11382.8 -946.494
11301.4 427.537 11395.9 -937.236
11313.4 444.59 11408.5 -936.261
11328 455.31 11422.2 -921.157
11340.8 469.927 11434.8 -917.746
11353.1 497.7 11447.6 -904.103
11365.9 520.113 11460.7 -888.024
11378.7 544.476 11473.9 -864.636
11391 569.325 11486.4 -861.226
11404.4 581.019 11500.4 -857.815
11418.1 590.764 11513.3 -848.557
11430.7 643.873 11526.4 -830.042
11444.4 648.259 11539.8 -800.32
11457.5 670.672 11552.7 -786.677
11469.8 691.136 11564.9 -768.162
11483.5 737.424 11578.9 -750.621
11495.5 741.322 11591.8 -748.672
11508.9 760.325 11604.9 -730.157
11521.7 779.328 11617.8 -713.59
11534.3 799.305 11630.6 -697.511
11548.3 818.307 11644 -690.203
11560.5 841.695 11656.9 -681.92
11574 859.723 11670 -663.891
11587.7 891.394 11681.7 -649.761
11600.2 900.652 11696.3 -644.889
11614 919.654 11708.5 -634.17
11625.6 941.093 11722.8 -606.884
11639.4 951.812 11735.7 -595.677
11651.9 965.942 11748.2 -583.983
11664.5 994.69 11761.4 -552.8
11677.9 1016.13 11774.2 -540.131
11690.7 1020.03 11787.9 -511.871
11704.1 1051.21 11799.6 -487.022
11717 1081.91 11813.6 -477.764
11730.7 1103.83 11825.9 -463.147
11742.7 1122.84 11840.2 -430.014
11756.4 1146.22 11853.6 -416.371
11769.8 1165.71 11865.3 -397.856
11782.4 1202.74 11879 -377.392
11796.1 1203.23 11891.9 -369.108
11807.5 1249.03 11905.3 -329.642
11820.6 1273.39 11917.6 -302.843
11834.6 1294.83 11929.5 -307.716
11847.2 1316.27 11944.1 -288.226
11860.9 1338.68 11957 -252.657
11873.2 1353.3 11970.4 -247.297
11886.3 1382.54 11983.3 -223.422
11900.1 1420.54 11996.4 -205.881
11911.7 1446.37 12009.3 -189.315
11925.2 1445.88 12022.7 -178.108
11937.7 1468.78 12035.8 -166.415
11951.4 1494.12 12048.7 -161.055
11964.6 1522.38 12062.1 -128.409
11976.5 1541.87 12075.3 -129.384
11990 1564.28 12087.8 -106.971
12004 1569.64 12101.8 -94.3023
12016.9 1595.95 12113.8 -86.9937
12029.1 1620.8 12127 -76.2743
12041.4 1642.24 12140.7 -41.6799
12055.1 1667.57 12154.1 -28.5243
12068.3 1700.22 12167.3 -22.1901
12081.4 1705.09 12179.5 10.4553
12093.9 1737.25 12193.3 38.2282
12107.7 1769.41 12204.4 40.6645
12120.2 1784.51 12219 73.7971
12133.4 1823.49 12231.5 86.9527
12145.4 1853.21 12244.4 114.238
12158.8 1867.83 12257.8 127.394
12171.9 1904.86 12271 159.065
12186 1923.87 12284.4 182.94
12197.9 1946.28 12297.3 206.815
12211.4 1964.79 12310.1 213.636
12224.2 1987.69 12323 235.075
12237.1 1997.93 12336.1 257.488
12249.9 2022.78 12349.9 268.695
12263.4 2044.22 12362.4 294.519
12276.8 2056.88 12375.6 313.034
12289.7 2076.86 12388.7 330.088
12302.8 2100.25 12401.9 327.652
12315.4 2122.66 12414.7 362.246
12327.6 2128.02 12427.9 377.838
12342 2170.41 12440.7 406.098
12354.5 2179.18 12453.9 414.381
12367.7 2220.11 12466.7 442.641
12380.2 2247.88 12479.9 460.669
12394.3 2266.4 12493.3 482.595
12406 2298.07 12506.8 503.06
12418.5 2306.84 12520.2 536.68
12432 2341.43 12532.8 564.94
12445.4 2363.85 12545.9 574.198
12459.4 2392.6 12558.5 600.509
12471.7 2419.88 12571.1 618.05
12485.1 2453.01 12584.5 650.695
12496.8 2473.96 12598.2 663.363
12510.6 2501.25 12610.8 694.06
12524.3 2525.13 12624.3 718.422
12536 2559.72 12637.1 742.297
12549.1 2559.72 12650 762.274
12562.9 2594.8 12663.7 773.968
12575.7 2613.32 12676.6 798.33
12588.6 2635.24 12690 824.641
12602 2672.76 12702 829.514
12614.9 2680.56 12715.5 862.647
12627.5 2694.69 12729.2 895.779
12640.6 2731.72 12741.2 918.192
12652.6 2758.52 12755.5 934.271
12667.2 2793.6 12768.1 954.736
12679.8 2818.45 12781.8 985.919
12691.5 2826.24 12795 1010.77
12705.5 2863.76 12807.9 1043.9
12718.7 2899.33 12820.4 1072.16
12731.5 2910.05 12834.5 1096.04
12744.7 2944.64 12846.2 1133.07
12757.9 2973.39 12859.9 1158.4
12769.8 3000.19 12873.9 1175.94
12783.3 3034.3 12886.2 1202.26
12797 3053.3 12899.7 1236.85
12809.6 3090.33 12913.1 1266.09
12823.1 3099.59 12925.4 1285.09
12834.5 3134.18 12937.4 1318.71
12848.5 3170.24 12952 1350.38
12861.6 3177.55 12964 1377.66
12874.5 3202.4 12977.8 1396.18
12888 3220.91 12990.6 1441.98
12899.1 3254.04 13003.5 1471.7
12913.4 3270.12 13018.7 1489.73
12926.9 3288.64 13030.4 1526.76
12938.9 3322.75 13043.3 1583.77
12952.3 3323.23 13057 1587.18
12965.5 3367.57 13069.9 1619.34
12977.8 3378.29 13082.5 1657.83
12991.8 3405.58 13096.2 1677.81
13003.8 3427.99 13109.7 1715.81
13017.2 3452.84 13122 1766.49
13030.1 3483.54 13136 1780.13
13043.3 3504.98 13148.6 1821.54
13056.4 3546.39 13161.2 1857.6
13069.6 3561.98 13175.2 1895.12
13082.2 3582.45 13188.1 1935.56
13095.3 3627.27 13201.8 1966.26
13108.2 3653.1 13213.8 2007.67
13120.8 3689.64 13228.1 2037.88
13134.8 3718.39 13240.7 2086.61
13147.4 3748.11 13253 2133.87
13160 3775.88 13267.1 2171.87
13173.1 3810.48 13279.9 2217.19
13186.3 3825.09 13294 2268.83
13199.2 3844.58 13306.6 2315.12
13212.1 3879.67 13319.1 2338.51
13224.3 3904.52 13332.9 2379.44
13239 3944.96 13346.1 2428.16
13251.3 3956.65 13359.8 2476.4
13264.1 3990.76 13372.1 2513.92
13276.7 3994.17 13386.2 2555.33
13290.8 4011.22 13400.8 2613.32
13303.9 4053.61 13413.1 2644.99
13316.5 4072.62 13427.4 2708.82
13330 4059.95 13439.4 2759.98
13342.3 3995.63 13453.8 2797.01
13354.3 3905 13465.8 2864.25
13368.6 3769.06 13478.4 2898.84
13380.6 3670.15 13488.9 2946.59
13394.1 3568.8 13494.5 3026.5
13407.2 3490.85 13495.3 3089.36
13420.1 3421.17 13485.4 3134.18
13433 3358.8 13471.9 3180.47
13446.2 3281.82 13459.3 3213.12
