7012.4 -814.937 7038.79 -630.759
7011.52 -780.343 7051.98 -621.501
7007.13 -768.649 7065.17 -634.17
7005.07 -769.624 7078.07 -637.58
7010.35 -766.213 7091.55 -630.272
7018.56 -775.958 7104.16 -618.578
7028.53 -777.419 7117.05 -609.32
7039.96 -777.907 7130.54 -614.193
7052.27 -774.009 7144.02 -626.374
7064.88 -776.445 7155.74 -636.606
7077.78 -780.343 7168.93 -636.606
7092.14 -775.471 7181.82 -673.149
7103.57 -767.187 7195.3 -674.124
7117.35 -762.802 7207.91 -662.917
7130.54 -755.006 7221.68 -674.124
7144.02 -752.57 7235.16 -669.251
7156.91 -765.726 7247.17 -673.149
7168.93 -778.394 7260.36 -671.2
7183.58 -770.598 7272.66 -678.509
7196.77 -771.573 7286.72 -674.124
7209.66 -772.06 7299.91 -673.636
7222.56 -776.932 7311.92 -663.891
7236.04 -772.06 7325.4 -679.971
7249.22 -775.471 7338.58 -678.022
7261.23 -778.394 7351.76 -672.175
7275.3 -783.754 7365.53 -659.506
7287.6 -776.932 7378.13 -649.274
7301.08 -790.575 7391.01 -665.353
7315.14 -781.805 7403.32 -651.71
7327.74 -798.371 7417.38 -665.84
7340.34 -773.034 7429.68 -686.792
7352.93 -768.162 7442.85 -665.353
7366.7 -792.037 7456.33 -665.353
7379.59 -777.419 7469.21 -670.713
7393.36 -784.241 7482.1 -671.2
7405.95 -785.215 7494.11 -672.662
7418.25 -783.754 7508.16 -670.713
7433.48 -783.754 7521.92 -661.943
7445.49 -785.703 7533.93 -670.226
7458.38 -788.139 7546.52 -667.302
7471.26 -786.677 7560.28 -674.124
7484.15 -789.601 7573.16 -680.945
7497.91 -782.779 7586.92 -674.124
7509.92 -790.088 7598.93 -670.713
7524.27 -784.728 7612.98 -676.56
7536.27 -792.524 7625.28 -674.611
7549.74 -789.601 7638.74 -662.917
7563.5 -788.626 7651.04 -655.608
7575.51 -790.088 7664.79 -673.636
7589.56 -788.626 7677.38 -665.84
7601.27 -803.243 7690.85 -676.56
7615.61 -804.705 7704.31 -666.328
7629.08 -796.422 7716.02 -668.764
7642.25 -805.193 7730.36 -665.84
7655.13 -795.935 7742.94 -662.917
7667.14 -793.499 7755.23 -650.736
7680.01 -808.116 7769.28 -650.736
7693.19 -810.065 7782.45 -665.84
7706.06 -803.731 7794.74 -646.838
7720.41 -811.527 7808.2 -654.634
7732.7 -812.501 7820.78 -659.019
7745.87 -801.294 7833.95 -661.943
7758.74 -805.68 7846.82 -663.891
7772.21 -811.039 7860.58 -657.557
7785.38 -822.246 7872.86 -660.481
7797.37 -809.09 7886.62 -681.432
7811.13 -811.527 7899.49 -663.404
7823.71 -802.756 7912.65 -662.43
7837.46 -811.039 7924.94 -658.045
7849.75 -809.09 7938.98 -672.662
7863.21 -830.529 7951.85 -674.611
7876.96 -816.399 7964.43 -671.2
7888.96 -802.269 7977.89 -666.815
7902.12 -819.323 7990.47 -661.455
7914.99 -814.937 8003.33 -668.764
7928.16 -820.297 8017.08 -657.07
7941.91 -823.221 8029.66 -656.583
7954.49 -808.116 8042.82 -645.376
7967.65 -818.348 8055.1 -657.557
7981.69 -808.603 8067.09 -660.968
7993.39 -810.065 8081.71 -644.889
8006.26 -818.348 8094.29 -660.968
8019.71 -830.042 8107.74 -657.07
8032.88 -803.731 8120.61 -658.532
8046.33 -826.144 8133.77 -666.815
8059.2 -815.425 8146.63 -670.226
8071.77 -831.991 8160.67 -654.147
8086.1 -840.274 8173.24 -666.815
8099.26 -835.402 8185.52 -673.149
8111.25 -840.274 8199.55 -663.891
8123.53 -839.3 8212.42 -663.891
8136.98 -848.07 8224.99 -666.328
8149.85 -840.274 8238.14 -672.175
8163.59 -833.453 8250.42 -661.943
8176.46 -834.914 8264.45 -667.302
8189.61 -831.991 8277.32 -667.789
8201.89 -825.657 8291.05 -671.687
8216.22 -834.914 8303.04 -652.685
8227.33 -833.453 8317.07 -664.379
8241.36 -823.708 8329.05 -656.583
8255.1 -821.272 8342.5 -659.506
8267.08 -837.351 8355.07 -662.43
8280.82 -824.195 8368.8 -648.787
8293.68 -817.374 8381.95 -662.43
8306.84 -820.297 8394.52 -669.738
8319.7 -827.119 8407.96 -657.557
8331.39 -819.323 8421.11 -658.532
8346.88 -812.988 8433.39 -668.277
8358.86 -810.552 8446.83 -655.121
8370.85 -807.629 8459.98 -659.506
8385.17 -814.937 8474.3 -659.019
8398.32 -806.167 8486.28 -663.404
8412.06 -811.039 8498.84 -643.427
8423.16 -818.835 8512.28 -653.659
8437.48 -801.294 8525.43 -665.353
8450.63 -810.065 8538.29 -663.404
8462.61 -806.654 8550.56 -659.019
8476.05 -812.501 8563.41 -662.917
8488.62 -804.705 8577.14 -659.994
8502.64 -809.09 8590.58 -657.07
8514.62 -808.603 8603.15 -666.328
8529.23 -794.473 8616 -659.019
8540.63 -804.705 8630.02 -658.532
8553.77 -801.782 8642.58 -668.764
8567.8 -783.266 8655.14 -649.274
8580.06 -777.419 8668.58 -643.427
8593.5 -777.907 8681.14 -644.402
8607.23 -771.085 8694.58 -655.608
8619.5 -774.009 8707.43 -655.121
8632.65 -748.672 8719.69 -650.249
8645.21 -764.751 8734.3 -643.427
8658.65 -756.955 8746.86 -652.198
8670.92 -761.828 8760.58 -652.198
8685.23 -755.006 8772.85 -639.529
8697.2 -737.953 8785.11 -644.402
8710.93 -745.261 8798.84 -640.991
8724.07 -746.723 8810.52 -627.348
8736.34 -744.287 8825.41 -653.172
8749.48 -732.106 8837.97 -662.43
8762.04 -741.363 8851.4 -648.787
8775.48 -734.542 8863.96 -644.402
8789.49 -735.516 8877.39 -639.529
8802.05 -735.516 8891.12 -660.968
8815.78 -718.95 8902.8 -643.427
8828.33 -733.08 8916.23 -651.223
8840.89 -740.389 8930.24 -644.889
8854.62 -716.027 8942.5 -650.736
8867.17 -738.927 8956.52 -647.812
8880.02 -734.542 8967.61 -662.917
8892.87 -731.619 8981.63 -653.172
8906.59 -714.565 8993.89 -645.376
8918.56 -715.539 9007.9 -640.504
8931.7 -720.899 9020.75 -641.478
8945.72 -707.256 9032.42 -649.761
8957.98 -707.256 9046.73 -645.376
8971.7 -697.511 9059.57 -650.249
8983.96 -697.024 9073.29 -644.402
8997.1 -692.152 9085.85 -650.249
9010.53 -692.152 9098.69 -645.863
9023.37 -691.664 9111.82 -646.351
9036.22 -688.254 9125.83 -651.71
9049.65 -683.869 9138.09 -671.687
9062.49 -696.05 9150.35 -656.096
9074.46 -680.945 9164.65 -680.458
9088.76 -695.075 9176.62 -684.843
9100.73 -690.69 9190.34 -671.2
9114.45 -678.509 9204.06 -678.022
9128.46 -683.869 9216.02 -688.254
9139.84 -695.075 9229.16 -667.789
9152.69 -698.973 9242.58 -696.537
9166.99 -705.795 9255.13 -667.789
9179.54 -704.82 9268.55 -670.713
9192.38 -693.126 9281.69 -670.713
9205.81 -700.922 9294.82 -678.996
9219.53 -698.486 9306.78 -689.715
9231.49 -693.613 9319.92 -678.022
9245.21 -703.846 9332.47 -689.228
9258.05 -696.05 9345.6 -667.302
9270.01 -703.358 9359.6 -683.869
9283.44 -693.126 9372.15 -677.047
9296.57 -695.075 9385.87 -680.945
9310 -696.537 9399.58 -667.789
9322.83 -700.922 9412.13 -676.073
9335.68 -696.537 9425.55 -675.098
9349.97 -678.996 9437.22 -683.869
9363.1 -692.639 9450.93 -681.92
9376.53 -679.971 9464.65 -675.098
9387.91 -669.251 9477.19 -672.175
9401.04 -666.328 9490.32 -672.662
9414.17 -674.124 9503.16 -671.2
9427.01 -681.432 9516.58 -672.662
9440.43 -677.047 9529.71 -671.2
9452.69 -681.92 9542.26 -680.458
9465.81 -682.407 9555.97 -676.56
9479.24 -687.767 9568.22 -680.458
9491.78 -686.305 9581.35 -689.715
9505.49 -701.897 9594.19 -682.894
9517.17 -703.358 9607.02 -692.639
9531.17 -694.101 9620.44 -704.333
9544.01 -706.282 9632.99 -688.741
9557.43 -697.024 9646.7 -687.767
9570.27 -705.307 9659.54 -693.613
9583.39 -708.718 9672.37 -695.562
9596.23 -710.18 9686.96 -691.177
9608.48 -700.922 9699.79 -692.152
9622.19 -702.871 9711.75 -690.203
9634.74 -700.435 9725.46 -695.562
9648.45 -697.511 9738.01 -685.817
9661.58 -684.843 9751.13 -685.817
9673.25 -698.486 9763.97 -680.458
9688.42 -692.152 9777.39 -685.33
9700.08 -699.46 9790.81 -694.588
9713.21 -679.483 9804.51 -690.203
9726.63 -684.356 9815.89 -689.715
9739.76 -690.203 9829.89 -698.486
9753.47 -682.407 9842.14 -688.254
9764.26 -691.177 9855.27 -701.409
9778.55 -690.69 9868.1 -700.922
9791.97 -702.384 9881.81 -694.588
9804.51 -702.384 9894.65 -700.435
9817.64 -701.409 9907.77 -689.715
9830.48 -708.718 9919.73 -692.639
9843.89 -708.718 9933.44 -694.588
9855.27 -712.616 9947.44 -697.511
9869.56 -726.746 9960.57 -695.562
9882.39 -723.335 9973.11 -698.973
9895.23 -720.899 9986.82 -702.871
9908.65 -716.514 9998.48 -691.664
9921.77 -727.721 10012.5 -693.126
9935.77 -722.848 10024.4 -706.282
9948.61 -716.514 10038.4 -695.075
9959.98 -723.823 10051.6 -695.075
9973.69 -718.463 10063.8 -705.795
9987.11 -723.823 10076.9 -704.82
10000.5 -714.078 10089.8 -704.82
10012.5 -713.59 10103.2 -701.897
10025.9 -715.539 10116.6 -711.154
10038.1 -724.31 10128.9 -704.82
10051.3 -712.129 10143.1 -726.259
10065.6 -712.616 10155.4 -720.412
10078.4 -721.386 10168.8 -717.976
10090.9 -726.259 10181.4 -719.925
10104.4 -708.718 10194.5 -713.103
10116.3 -725.772 10208.2 -724.797
10129.7 -726.746 10221 -726.259
10142.6 -724.31 10233.5 -720.899
10156.3 -726.259 10247 -736.978
10168.5 -732.106 10259.8 -750.134
10182.8 -729.67 10273.2 -748.185
10194.8 -730.644 10286 -748.185
10207.9 -744.287 10299.8 -746.723
10221 -732.106 10312 -735.516
10234.4 -737.953 10326.3 -722.361
10247.6 -736.978 10337.7 -735.516
10260.7 -726.259 10351.1 -748.185
10272.9 -729.67 10364.5 -736.978
10286 -724.797 10377.3 -752.57
10298.3 -722.848 10390.8 -756.955
10312.6 -713.103 10404.2 -754.519
10324.3 -702.384 10416.7 -746.723
10338.3 -697.999 10429.5 -780.343
10351.4 -691.664 10442.1 -778.881
10364.2 -678.509 10455.8 -766.213
10377.6 -665.353 10468.3 -773.522
10389.6 -650.249 10482.6 -761.828
10403.3 -648.787 10495.2 -768.162
10416.4 -648.3 10507.4 -776.932
10429 -637.58 10520.8 -777.419
10443.2 -620.039 10534 -779.856
10455.2 -618.578 10547.1 -762.315
10468 -583.496 10560.2 -774.983
10481.7 -582.522 10573 -776.445
10494.9 -571.315 10586.1 -749.647
10506.8 -548.414 10599 -762.802
10520.2 -561.083 10612.1 -774.983
10533.7 -547.927 10624.1 -768.649
10545.9 -532.335 10638.6 -766.7
10559.6 -517.718 10651.8 -759.391
10572.2 -512.358 10663.7 -762.315
10585 -494.33 10677.7 -769.136
10598.7 -488.483 10690.6 -742.338
10611.5 -462.172 10703.4 -750.134
10624.9 -451.453 10717.4 -745.261
10637.2 -436.835 10729.6 -754.519
10650 -427.091 10743.1 -752.083
10663.1 -409.55 10755.9 -758.417
10675.7 -396.394 10769.3 -751.596
10690.9 -383.238 10781.6 -776.932
10702.5 -373.006 10794.7 -770.111
10715.9 -353.517 10807.8 -782.292
10728.8 -319.897 10820.7 -787.164
10740.7 -308.69 10834.1 -792.524
10755.3 -299.432 10847.8 -796.909
10766.7 -264.351 10860.6 -790.575
10781 -244.374 10873.4 -780.83
10793.8 -252.17 10886.3 -789.113
10806.4 -227.807 10898.8 -792.037
10819.8 -216.601 10912.8 -787.652
10832 -195.649 10926 -791.55
10845.4 -185.417 10938.2 -783.266
10858.6 -172.262 10951.3 -774.983
10872.3 -147.412 10965 -774.009
10884 -135.231 10978.2 -764.264
10897.1 -119.152 10991.3 -772.547
10910.5 -111.356 11003.3 -780.83
10923 -88.4554 11017.5 -767.675
10936.5 -72.3763 11028.9 -765.238
10949.9 -48.5013 11042.9 -776.445
10963.3 -23.6518 11056.9 -775.958
10975.8 -2.70032 11068.6 -781.317
10988.7 1.68489 11082 -773.522
11001.8 34.8175 11095.7 -789.601
11014.6 58.6925 11108 -804.218
11029.2 62.5905 11121.1 -798.371
11040.6 86.4655 11133.9 -799.833
11053.4 120.085 11147.9 -803.731
11066.5 139.088 11160.2 -794.96
11079.1 155.654 11173.3 -800.32
11093.1 185.376 11186.8 -795.448
11105.9 195.608 11200.5 -798.371
11118.8 222.407 11213.3 -805.193
11132.2 227.766 11225.3 -804.705
11144.7 223.381 11238.7 -790.575
11158.2 245.307 11250.9 -793.011
11171 258.95 11264.9 -761.34
11184.7 288.672 11278.7 -757.442
11196.1 281.851 11290.9 -738.44
11210.7 310.598 11304.3 -733.08
11223.8 350.065 11316.9 -710.667
11235.8 356.886 11330 -712.616
11248.9 366.631 11343.7 -691.177
11261.4 398.789 11356.6 -677.047
11275.7 405.611 11368.5 -687.767
11288.3 435.333 11383.1 -671.2
11301.1 473.825 11396.2 -656.096
11313.7 486.006 11408.5 -637.58
11326.5 513.779 11422.2 -623.937
11340.8 535.218 11434.8 -638.555
11353.4 567.376 11447.6 -646.838
11366.5 574.198 11461.6 -616.629
11379.3 595.636 11473.6 -623.45
11391.3 611.715 11487 -607.858
11404.7 632.18 11499.5 -592.267
11418.7 641.437 11513.6 -588.369
11430.7 667.261 11526.4 -576.675
11443.5 664.825 11539.5 -579.111
11456.6 673.108 11553.3 -580.085
11471 685.777 11564.9 -571.802
11483.2 695.034 11577.5 -534.284
11496.6 697.47 11592.1 -526.488
11509.2 709.164 11604 -508.46
11521.7 734.501 11618 -485.56
11536 746.195 11631.2 -476.302
11548 772.506 11644 -454.864
11560.5 793.945 11656.3 -445.119
11574.6 803.203 11669.4 -423.193
11587.1 826.103 11683.1 -412.473
11599.9 853.876 11695.4 -384.213
11613.4 881.649 11709.4 -378.366
11625.9 912.833 11721.4 -371.057
11638.8 939.144 11735.7 -356.927
11651.9 980.56 11748.5 -337.925
11665 1000.05 11760.8 -342.31
11677.6 1030.75 11774.8 -329.642
11692.2 1035.62 11786.8 -317.46
11703.3 1059.49 11800.8 -328.18
11718.2 1082.88 11814.2 -301.869
11729.5 1101.4 11826.2 -312.101
11744.1 1113.09 11839.9 -297.971
11756.1 1137.94 11852.5 -287.251
11769 1167.66 11866.5 -272.147
11782.7 1163.76 11878.4 -246.81
11794.7 1177.41 11891.6 -240.963
11808.7 1176.92 11905 -232.68
11821.2 1192.51 11918.4 -196.136
11834.4 1188.61 11930.4 -187.853
11848.1 1202.74 11943.3 -160.568
11860.6 1200.31 11957.6 -140.103
11873.5 1223.21 11970.4 -116.716
11885.5 1224.18 11983 -88.4554
11899.5 1254.39 11996.7 -73.3508
11912.3 1268.03 12009.3 -60.6824
11924.6 1304.09 12023 -38.2692
11939.5 1329.91 12035.5 -19.7539
11952 1348.43 12049.8 -8.54726
11965.2 1387.9 12061.8 -2.70032
11978 1422.98 12075 12.8915
11990.3 1455.62 12089 20.2002
12003.7 1491.68 12100.4 38.7155
12016.6 1525.79 12113.5 45.5369
12030 1558.92 12127.3 54.7946
12042.3 1607.64 12141 66.9757
12056 1632.49 12153.5 75.2588
12068.5 1663.68 12166.4 102.057
12081.4 1690.96 12179.8 118.624
12093.4 1710.94 12192.4 123.496
12107.4 1732.87 12205.2 138.113
12120.2 1749.43 12219 151.756
12133.4 1770.38 12231.5 171.246
12146.2 1763.56 12244.7 176.606
12158.8 1778.67 12257.5 184.889
12172.2 1804.98 12270.7 189.761
12184.8 1814.72 12284.1 215.098
12198.8 1797.18 12296.4 223.381
12211.1 1831.78 12311 240.435
12224.2 1837.14 12323 260.899
12237.1 1859.06 12336.1 268.208
12251.1 1866.86 12349.6 279.902
12263.1 1891.22 12362.7 280.876
12276.8 1945.3 12375.6 314.009
12289.7 1973.56 12389 320.83
12303.1 2000.36 12402.4 343.243
12316 2053.96 12414.4 354.45
12328.2 2087.09 12427.9 382.71
12341.7 2115.35 12440.1 397.328
12354.8 2161.64 12453.6 416.33
12368.3 2190.88 12467.9 433.871
12379.6 2244.96 12480.2 441.18
12393.7 2262.99 12493.6 472.851
12406.2 2302.45 12506.8 490.879
12419.7 2348.74 12518.8 492.828
12432.3 2377 12532.8 532.782
12445.4 2394.06 12545.6 548.374
12458.6 2400.39 12559.4 580.532
12471.1 2418.42 12571.1 587.84
12484.3 2458.86 12584.5 606.356
12498.3 2459.35 12597.7 606.843
12510.9 2491.51 12611.1 634.129
12523.4 2504.17 12624 658.004
12537.2 2525.61 12636.8 679.442
12549.7 2522.2 12650.9 689.675
12562.9 2550.46 12663.7 730.603
12575.5 2567.03 12676.6 737.424
12588.9 2597.24 12689.1 756.427
12601.8 2614.78 12702.6 780.789
12615.2 2638.65 12716.3 791.996
12627.5 2687.38 12728.3 812.46
12640 2715.64 12741.2 840.72
12654.1 2747.8 12754.4 860.21
12666.1 2782.39 12768.1 894.317
12679.2 2804.32 12781.5 924.039
12692.7 2853.04 12794.1 944.504
12704.9 2863.27 12807.6 975.2
12718.4 2914.43 12820.4 1000.54
12730.7 2951.46 12833.9 1052.67
12744.7 2979.24 12847 1084.83
12758.2 3009.93 12859.9 1112.12
12770.7 3035.76 12873.6 1170.1
12784.2 3077.66 12886.2 1200.79
12796.2 3075.71 12899.7 1243.67
12809.9 3108.85 12912.5 1279.24
12822.2 3119.08 12925.4 1318.71
12835.1 3132.23 12939.1 1342.1
12849.1 3146.36 12951.7 1357.2
12861.6 3175.6 12965.2 1395.69
12875.1 3186.32 12978 1427.85
12886.5 3212.63 12991.5 1457.09
12900.3 3225.78 13004.1 1480.47
12913.1 3229.68 13017.2 1509.22
12926.6 3246.73 13031 1536.51
12940.6 3271.58 13043.3 1551.12
12952 3282.79 13056.4 1582.79
12965.2 3317.39 13069.9 1598.87
12978.3 3354.42 13082.8 1637.85
12991.8 3400.7 13095.9 1662.22
13004.4 3428.96 13109.1 1703.14
13017.8 3483.05 13122.5 1748.46
13030.7 3502.54 13135.1 1785
13043.3 3527.39 13148.3 1819.6
13056.1 3540.54 13161.5 1881.96
13070.2 3588.78 13174.6 1918.51
13083 3613.14 13188.4 1952.61
13095.9 3645.79 13200.4 1999.88
13107.6 3661.38 13214.1 2038.86
13122 3693.54 13227 2083.68
13134.5 3696.95 13240.4 2119.74
13146.8 3705.23 13254.2 2171.39
13160.3 3725.21 13266.5 2207.44
13173.1 3740.31 13280.5 2237.16
13186.9 3751.03 13293.1 2268.35
13199.2 3788.06 13306 2299.53
13212.6 3791.96 13319.7 2340.46
13225.5 3815.35 13332.9 2393.08
13238.7 3845.56 13346.4 2405.26
13251.3 3861.64 13359 2460.32
13264.4 3884.54 13373.9 2479.32
13277.6 3918.65 13385.9 2503.2
13290.2 3951.29 13399.9 2541.69
13303.4 3981.99 13413.7 2585.54
13315.9 4029.74 13427.4 2627.93
13329.7 4022.92 13440.3 2679.58
13343.1 3962.01 13453.5 2712.71
13355.1 3864.07 13466.1 2758.03
13368.9 3732.52 13478.6 2820.4
13381.5 3622.89 13488 2883.25
13393.8 3536.16 13495.9 2942.21
13407.2 3437.74 13495 3012.37
13419.5 3379.75 13484.5 3059.63
13433.3 3306.18 13472.8 3106.41
13445.9 3227.73 13460.2 3164.39
