7013.28 -915.31 7039.37 -809.578
7012.11 -857.815 7052.27 -797.397
7005.66 -862.687 7065.46 -818.835
7006.25 -850.506 7078.36 -814.45
7009.76 -858.789 7091.26 -802.756
7019.14 -851.481 7104.45 -803.243
7028.23 -860.251 7117.35 -797.884
7040.25 -850.019 7130.83 -800.32
7051.1 -848.557 7142.85 -803.731
7064.59 -850.994 7156.91 -811.527
7078.36 -837.838 7169.51 -832.478
7090.97 -848.557 7182.41 -845.634
7104.16 -849.045 7195.6 -850.994
7117.35 -846.121 7208.2 -860.251
7130.54 -848.07 7221.09 -843.198
7143.72 -848.557 7234.57 -853.43
7156.62 -840.274 7247.17 -844.172
7170.1 -848.07 7261.23 -856.84
7183 -845.634 7274.42 -849.045
7196.18 -843.198 7286.72 -860.738
7208.78 -835.889 7299.32 -846.608
7222.56 -835.889 7312.8 -858.789
7235.74 -838.325 7325.4 -846.121
7248.93 -841.249 7338.58 -862.2
7262.41 -850.994 7351.76 -845.634
7275.01 -840.761 7364.94 -848.557
7288.48 -827.606 7378.42 -862.2
7301.37 -822.733 7390.72 -849.045
7313.97 -831.504 7403.32 -855.379
7327.45 -836.376 7417.38 -843.198
7340.92 -829.067 7429.97 -846.121
7353.81 -848.07 7443.73 -854.891
7367.29 -838.325 7456.03 -857.328
7379.59 -831.504 7469.51 -850.506
7393.06 -850.506 7481.8 -865.611
7405.95 -834.914 7495.57 -848.07
7420.01 -833.94 7508.75 -855.379
7432.31 -832.478 7520.75 -842.223
7445.78 -841.736 7533.93 -851.968
7457.79 -847.096 7546.81 -859.764
7471.56 -842.71 7560.28 -862.2
7484.44 -834.427 7574.04 -853.43
7497.03 -833.453 7586.05 -843.198
7511.67 -833.453 7599.51 -859.764
7523.09 -833.453 7612.69 -856.353
7536.56 -844.172 7626.15 -859.277
7548.57 -829.555 7638.74 -852.942
7563.5 -836.376 7652.21 -850.994
7576.68 -829.067 7665.38 -844.659
7588.97 -840.274 7677.67 -860.738
7602.44 -834.914 7691.14 -867.073
7615.03 -847.096 7704.31 -866.585
7628.2 -815.912 7716.6 -850.019
7641.38 -818.348 7729.19 -851.968
7653.96 -819.323 7742.94 -851.481
7667.43 -827.606 7755.53 -862.2
7680.6 -820.297 7768.7 -871.458
7693.19 -837.838 7782.45 -866.585
7705.77 -842.71 7795.03 -857.815
7720.41 -829.067 7808.2 -850.506
7732.99 -819.323 7821.66 -855.379
7744.7 -827.119 7833.36 -856.353
7759.04 -831.504 7846.82 -856.84
7771.91 -831.504 7861.16 -862.2
7785.08 -834.914 7873.74 -857.328
7797.67 -822.246 7886.32 -854.404
7811.13 -833.453 7899.49 -856.84
7824.59 -835.402 7912.65 -841.736
7836.58 -839.3 7925.23 -851.481
7849.46 -831.991 7939.57 -847.583
7863.21 -836.863 7951.85 -848.07
7876.08 -839.3 7964.14 -867.56
7888.96 -833.453 7977.3 -854.891
7902.71 -836.376 7990.47 -848.557
7915.58 -847.583 8003.92 -858.789
7928.16 -831.504 8016.79 -851.481
7941.32 -833.453 8030.24 -854.891
7954.49 -842.71 8042.53 -850.994
7967.36 -836.376 8054.81 -854.891
7981.11 -832.966 8067.97 -860.251
7992.8 -829.067 8080.55 -855.379
8007.72 -829.067 8094.87 -868.047
8020.01 -828.58 8107.45 -850.994
8032.88 -831.016 8121.19 -850.994
8045.74 -846.608 8134.64 -857.328
8058.9 -821.272 8147.22 -862.2
8072.36 -844.659 8159.79 -853.43
8085.81 -839.3 8173.24 -862.2
8099.26 -844.172 8185.52 -847.583
8112.42 -831.016 8198.97 -848.557
8124.41 -827.606 8211.54 -855.379
8136.69 -830.042 8225.28 -870.971
8150.72 -839.787 8238.44 -852.455
8163.59 -844.172 8251.01 -864.636
8175.87 -839.3 8264.16 -845.147
8188.74 -840.761 8277.9 -860.738
8202.77 -834.914 8291.05 -866.098
8214.46 -837.838 8303.62 -856.353
8229.67 -857.328 8316.78 -859.277
8241.07 -846.608 8329.34 -853.917
8254.51 -847.583 8343.38 -853.917
8267.08 -844.172 8355.07 -848.07
8279.65 -845.634 8368.51 -845.634
8293.98 -851.481 8381.95 -845.147
8306.55 -848.557 8393.64 -855.866
8319.41 -855.379 8407.67 -861.226
8332.56 -833.453 8420.24 -867.56
8345.42 -853.917 8434.26 -857.328
8359.16 -855.379 8448.29 -866.585
8370.85 -838.812 8459.69 -871.458
8384.88 -831.504 8473.72 -859.764
8396.86 -840.274 8485.11 -867.56
8411.47 -839.787 8499.72 -858.302
8423.16 -830.529 8512.28 -859.764
8436.9 -828.58 8524.56 -872.919
8450.34 -828.093 8537.41 -876.817
8462.61 -842.223 8550.27 -870.971
8476.05 -849.045 8564.58 -874.381
8488.91 -834.427 8576.56 -876.817
8502.35 -848.557 8590.87 -873.407
8516.37 -842.223 8603.73 -878.279
8527.77 -830.529 8616.29 -857.815
8541.21 -834.427 8630.31 -881.69
8553.77 -831.991 8641.7 -897.282
8567.21 -832.966 8655.43 -884.126
8580.36 -850.019 8667.41 -882.664
8593.5 -842.223 8681.72 -890.948
8605.77 -844.659 8694.87 -905.078
8618.92 -853.43 8707.72 -891.435
8632.65 -849.045 8720.86 -901.667
8645.5 -843.685 8734.3 -874.381
8658.06 -844.172 8746.86 -892.897
8672.38 -852.942 8759.12 -906.539
8684.06 -835.889 8772.26 -874.381
8698.37 -843.198 8785.99 -909.95
8710.64 -850.506 8798.55 -905.565
8723.78 -837.838 8811.98 -917.259
8736.63 -841.736 8825.12 -919.208
8749.48 -844.659 8837.39 -925.055
8762.63 -833.453 8851.11 -942.596
8776.06 -839.3 8864.55 -949.417
8789.2 -835.402 8877.39 -960.136
8800.3 -827.606 8890.24 -970.856
8814.32 -823.708 8903.09 -970.856
8828.33 -840.761 8916.81 -984.498
8841.48 -847.583 8929.37 -969.394
8854.32 -829.067 8942.5 -974.754
8866.88 -824.682 8955.35 -982.062
8880.6 -825.17 8967.91 -987.909
8892.28 -832.966 8982.21 -981.575
8906.01 -837.351 8994.18 -976.215
8918.85 -833.453 9008.48 -987.422
8931.99 -838.325 9019.87 -991.807
8945.42 -830.042 9033.3 -986.935
8957.39 -842.71 9047.31 -981.088
8971.41 -841.249 9059.86 -984.011
8984.84 -839.787 9072.42 -993.269
8997.39 -839.787 9086.14 -976.703
9009.94 -837.351 9098.98 -993.756
9023.66 -840.274 9111.53 -982.55
9035.93 -848.557 9125.54 -984.986
9049.65 -846.608 9138.39 -984.011
9061.91 -816.399 9150.65 -989.371
9075.34 -834.914 9164.36 -990.833
9088.47 -831.016 9176.62 -986.935
9101.9 -830.529 9190.34 -987.422
9113.58 -829.067 9203.76 -992.294
9128.17 -835.889 9216.61 -971.83
9141.01 -820.297 9230.03 -983.037
9153.27 -821.759 9242.58 -974.754
9166.11 -826.631 9255.13 -974.754
9179.25 -824.195 9268.55 -984.986
9192.67 -826.631 9281.98 -979.139
9205.81 -822.246 9295.11 -961.598
9218.94 -830.529 9307.95 -969.881
9231.49 -820.297 9320.5 -981.575
9244.04 -824.682 9332.17 -961.111
9257.47 -841.736 9345.31 -974.754
9270.6 -830.042 9359.31 -971.343
9284.31 -818.348 9372.74 -972.317
9297.15 -828.58 9386.74 -965.983
9308.53 -832.966 9399.29 -970.856
9323.71 -822.733 9411.54 -958.675
9334.8 -838.812 9424.38 -963.547
9348.81 -843.198 9437.22 -966.958
9363.4 -841.736 9451.52 -965.496
9375.65 -830.042 9463.77 -947.468
9389.08 -844.659 9478.36 -952.828
9400.45 -827.119 9489.16 -948.93
9414.17 -834.914 9503.16 -958.675
9426.42 -822.733 9516.58 -951.853
9440.14 -828.58 9529.42 -954.777
9453.56 -829.067 9542.55 -959.649
9466.4 -819.81 9555.97 -951.366
9479.53 -822.733 9568.22 -959.162
9490.91 -820.297 9581.64 -965.009
9504.62 -831.016 9594.77 -950.879
9518.33 -812.014 9607.9 -961.598
9530.88 -813.963 9620.15 -957.213
9544.3 -818.835 9634.45 -956.238
9556.55 -817.861 9647.58 -952.828
9569.97 -831.504 9659.83 -960.136
9583.39 -830.529 9672.66 -968.42
9595.65 -831.504 9685.5 -947.955
9609.36 -828.093 9698.92 -946.494
9621.9 -817.374 9712.05 -941.134
9635.61 -831.504 9725.46 -946.981
9648.45 -831.016 9737.72 -943.57
9660.7 -845.634 9751.42 -946.006
9673.54 -839.787 9763.97 -948.442
9686.96 -838.812 9776.8 -947.468
9700.67 -846.121 9791.1 -916.284
9712.63 -830.042 9802.18 -940.647
9726.63 -830.042 9816.18 -937.723
9738.59 -840.761 9829.89 -941.621
9752.59 -840.761 9842.44 -921.644
9765.14 -823.708 9855.56 -927.978
9777.97 -823.708 9868.4 -928.953
9791.39 -831.016 9881.81 -945.032
9804.22 -810.065 9893.77 -934.8
9817.64 -821.272 9908.06 -949.904
9829.89 -819.323 9919.73 -934.312
9843.6 -818.835 9933.73 -935.774
9856.73 -810.552 9947.15 -947.468
9869.56 -807.629 9959.4 -938.21
9882.69 -812.988 9972.82 -929.927
9896.69 -825.657 9986.52 -941.621
9908.94 -807.141 9998.48 -925.055
9922.06 -829.555 10012.8 -931.876
9934.61 -819.81 10024.7 -938.21
9947.73 -818.348 10038.1 -923.593
9960.57 -800.32 10051 -930.414
9973.69 -820.297 10063.8 -924.08
9986.52 -810.552 10077.5 -923.593
9999.07 -802.269 10090.6 -926.029
10013.1 -808.603 10103.8 -910.925
10025.9 -797.884 10116.3 -911.899
10038.4 -792.524 10129.1 -913.848
10051.6 -793.011 10142.3 -923.593
10064.4 -784.728 10155.7 -905.565
10078.1 -779.856 10169.1 -925.055
10090.9 -800.32 10181.9 -920.182
10104.1 -772.547 10194.8 -917.746
10116.6 -764.751 10207.3 -916.772
10130 -766.213 10221.3 -901.667
10142.6 -745.749 10233.5 -904.59
10154.8 -742.338 10246.7 -919.208
10168.8 -732.593 10260.4 -906.052
10182.2 -728.695 10272.3 -913.361
10194.8 -718.463 10287.2 -905.565
10207.6 -712.616 10298.6 -917.746
10221.6 -698.973 10311.4 -912.386
10234.1 -693.126 10325.7 -916.284
10247.6 -669.738 10337.7 -912.874
10260.4 -665.84 10351.7 -910.925
10272.3 -664.379 10364.5 -917.259
10286 -652.198 10377.9 -927.978
10299.8 -642.453 10391 -929.44
10312 -634.17 10403 -927.978
10324.8 -621.501 10416.7 -940.159
10338 -630.759 10429.3 -956.238
10350.8 -622.476 10442.1 -1003.5
10364.2 -609.807 10455.2 -994.731
10377 -600.062 10468.9 -987.422
10390.8 -599.088 10482 -999.603
10403.3 -593.241 10494.3 -976.703
10416.7 -574.238 10508 -978.164
10429.5 -554.261 10520.8 -979.139
10442.9 -541.593 10533.7 -977.19
10456.1 -534.772 10547.1 -978.652
10467.4 -520.642 10560.5 -983.037
10480.9 -500.664 10573.9 -971.83
10494 -480.2 10585.9 -968.42
10507.7 -479.226 10599.6 -969.881
10520.5 -430.989 10612.4 -978.652
10533.1 -444.631 10624.9 -967.445
10545.6 -423.193 10638.6 -972.317
10559.3 -403.216 10650.9 -964.034
10572.7 -386.162 10664.6 -981.575
10584.4 -354.978 10677.7 -961.111
10597.8 -352.055 10690.3 -971.83
10610.9 -329.642 10702.8 -996.68
10624.4 -312.588 10716.2 -985.96
10637.5 -291.636 10730.2 -984.986
10650.6 -275.557 10742.2 -984.498
10664 -266.787 10756.5 -985.96
10676.9 -242.912 10769 -988.397
10689.4 -243.886 10782.1 -970.856
10702.2 -223.422 10795.6 -985.96
10715.1 -195.649 10807.2 -991.32
10728.8 -207.83 10821.8 -985.96
10741.6 -190.29 10834.1 -993.756
10754.7 -160.568 10846.9 -986.935
10767.3 -138.154 10860.6 -978.164
10780.1 -130.846 10873.7 -979.139
10794.4 -127.435 10886 -972.317
10806.1 -95.2768 10899.7 -983.524
10819.8 -87.9682 10912.5 -977.677
10832.6 -65.5549 10925.4 -982.062
10845.4 -48.5013 10939.1 -963.547
10859.1 -23.6518 10951.9 -972.805
10871.1 -9.0345 10964.2 -982.55
10885.7 5.0956 10977.6 -1002.53
10897.6 34.8175 10991 -992.294
10910.5 53.8201 11003.8 -981.088
10923.6 74.7716 11016.4 -1002.53
10936.7 87.9272 11029.8 -978.652
10949.9 103.032 11042.6 -989.371
10962.1 139.575 11055.5 -983.524
10975.3 140.55 11069.5 -980.601
10989 153.705 11082.3 -967.932
11002.1 177.58 11095.4 -970.368
11015.5 192.685 11108 -960.136
11028.3 208.764 11121.1 -945.032
11040.9 235.075 11134.5 -933.338
11053.1 249.205 11147.6 -936.749
11068 259.925 11160.2 -918.721
11080.3 289.159 11172.7 -898.743
11092.2 306.213 11186.5 -905.078
11106.2 319.369 11200.8 -891.922
11118.8 350.065 11212.7 -870.971
11132.2 354.45 11225.8 -872.432
11144.4 370.042 11237.8 -869.996
11157.6 400.251 11251.2 -860.251
11171.3 423.152 11266.1 -849.045
11183 433.871 11278.4 -832.966
11197.5 448.001 11291.2 -841.249
11210.4 461.644 11304.6 -826.144
11223.8 474.8 11316.9 -816.399
11236.1 499.162 11329.4 -822.733
11248.9 534.731 11343.4 -806.654
11261.4 543.014 11356.9 -806.654
11274.3 552.759 11369.1 -804.705
11287.7 572.736 11383.1 -791.062
11300.5 592.713 11395.4 -783.754
11314 609.766 11408.5 -790.575
11327.4 644.848 11421.9 -769.136
11340.5 668.236 11435.1 -754.032
11353.4 698.445 11448.2 -749.159
11366.5 706.728 11460.7 -735.516
11379.3 731.09 11473.6 -708.718
11390.7 762.761 11486.7 -690.69
11404.7 790.047 11499.5 -676.073
11419.3 802.715 11513.6 -664.866
11431 820.743 11524.9 -618.09
11444.4 849.978 11540.1 -611.269
11456.4 872.879 11552.4 -594.215
11469.8 883.598 11566.1 -561.57
11482.9 894.805 11578.4 -558.159
11495.8 927.45 11591.5 -542.08
11509.2 948.402 11604.3 -514.307
11522.3 948.402 11617.8 -506.999
11535.1 970.815 11631.8 -514.307
11548 984.945 11644 -505.537
11560.5 1015.64 11657.2 -505.05
11575.1 1031.23 11669.7 -487.509
11586.8 1059.01 11682.6 -505.05
11600.5 1083.86 11695.7 -486.047
11612.5 1109.19 11709.1 -480.687
11625.9 1113.09 11722.5 -481.175
11639.1 1139.4 11735.4 -480.2
11651.6 1153.53 11747.4 -451.94
11665.6 1180.82 11761.4 -453.889
11678.5 1205.18 11773.9 -445.119
11691.6 1214.92 11787.4 -414.909
11704.1 1245.62 11800.8 -382.751
11716.7 1263.16 11813.6 -362.287
11730.4 1273.88 11826.8 -352.542
11742.1 1299.7 11839.9 -322.333
11756.4 1317.73 11853 -298.945
11769.3 1338.68 11865.6 -293.098
11782.1 1360.12 11878.7 -252.657
11795.8 1389.85 11892.5 -223.422
11808.4 1428.82 11903.8 -204.42
11822.1 1440.52 11917.6 -176.647
11834.6 1468.29 11931 -152.284
11846.6 1487.29 11943.8 -156.67
11860.6 1508.25 11957.3 -132.795
11873.5 1518.97 11970.1 -113.305
11886 1542.84 11983.3 -105.996
11899.2 1575 11995.5 -100.637
11912.9 1591.56 12010.1 -75.787
11924.9 1596.92 12021.2 -71.4018
11938.6 1621.29 12035.3 -57.759
11951.4 1653.93 12049 -41.6799
11965.2 1675.86 12061.2 -34.8585
11978 1675.86 12075.5 -33.3967
11989.7 1719.22 12089 -24.1391
12004 1741.64 12100.7 -4.6493
12016 1756.74 12114.4 16.7895
12029.4 1778.18 12127.5 33.843
12042.3 1793.77 12140.7 41.639
12055.4 1833.24 12153.5 66.0012
12068.8 1853.21 12166.7 80.1313
12081.1 1862.47 12178.6 106.93
12093.9 1891.22 12191.8 122.522
12107.7 1910.71 12206.1 134.215
12119.9 1924.35 12218.4 146.884
12133.4 1953.59 12232.4 182.94
12145.9 1965.28 12244.7 218.022
12159.1 1987.21 12257.2 230.203
12172.5 2006.21 12271.5 272.593
12184.8 2023.75 12283.5 289.159
12198.8 2029.6 12297.3 300.853
12211.1 2064.19 12310.4 320.343
12224.8 2080.76 12323.5 352.988
12237.1 2092.94 12336.1 353.476
12250.2 2111.45 12349.9 388.07
12264.2 2149.95 12362.7 391.968
12275.9 2165.54 12375.6 416.817
12290.5 2179.67 12388.4 442.154
12303.1 2203.06 12401 469.44
12315.4 2235.21 12415.3 480.159
12327.9 2245.93 12427.9 481.621
12341.4 2271.27 12440.1 501.598
12353.9 2299.53 12454.4 520.113
12367.4 2329.25 12467.3 533.756
12379.6 2341.43 12480.5 575.172
12392.8 2360.92 12493.3 585.891
12406.8 2397.47 12507.1 605.381
12419.4 2440.35 12519 612.203
12431.7 2458.37 12532.2 645.822
12445.7 2483.71 12545.9 659.465
12457.7 2497.84 12558.8 688.7
12472.3 2514.41 12571.4 715.011
12484.6 2554.36 12584.5 757.402
12497.1 2564.59 12598 772.993
12511.2 2583.59 12612 808.562
12523.7 2609.91 12624.5 824.641
12536.6 2634.27 12637.4 859.723
12549.7 2634.27 12649.7 881.649
12562.3 2667.89 12663.1 900.164
12575.2 2690.3 12677.5 931.835
12588 2711.25 12689.7 963.506
12602 2731.23 12702.3 1000.05
12614 2764.36 12716 1000.05
12627.2 2778.98 12728.3 1038.05
12640 2799.93 12741.8 1066.31
12653.2 2821.37 12754.9 1092.63
12666.9 2844.76 12768.1 1121.86
12679.5 2869.12 12781.5 1135.02
12692.7 2893 12794.7 1162.3
12705.5 2909.56 12807 1174
12717.8 2950.49 12821 1211.03
12731.5 2982.16 12834.8 1225.64
12743.2 3008.47 12846.5 1249.03
12757.9 3041.6 12860.5 1267.06
12770.1 3063.53 12872.8 1288.01
12784.2 3097.64 12886.2 1307.5
12797.6 3112.26 12898.8 1331.86
12809 3154.16 12912.5 1350.38
12822.8 3171.7 12925.7 1371.82
12835.1 3204.83 12938.9 1405.44
12848.8 3243.81 12952 1437.6
12861.4 3268.66 12963.7 1465.86
12873.9 3291.56 12977.5 1505.32
12887.4 3314.95 12991.2 1534.56
12900.3 3339.31 13003.2 1569.15
12913.1 3352.47 13018.1 1624.21
12925.7 3393.4 13030.7 1655.39
12939.1 3395.34 13043.3 1692.91
12952.9 3431.4 13056.1 1727.99
12965.2 3440.66 13069.3 1775.26
12978.6 3469.41 13082.8 1807.9
12991.2 3495.23 13096.2 1861.99
13004.7 3532.75 13110.5 1896.58
13017.5 3556.14 13121.7 1930.2
13029.8 3552.24 13134.5 1946.28
13043.6 3579.52 13148.9 1962.36
13056.7 3607.78 13161.2 2014.49
13070.5 3649.2 13174.9 2033.5
13081.6 3658.46 13188.1 2058.34
13095.3 3699.39 13201.2 2077.35
13109.7 3732.03 13214.4 2109.51
13121.1 3770.04 13227 2130.94
13134.8 3785.63 13241.6 2163.59
13146.8 3830.45 13252.7 2184.05
13160 3848.48 13267.6 2223.52
13172.6 3876.74 13279.9 2251.78
13186.9 3896.72 13292.5 2289.3
13199.2 3931.31 13307.4 2338.51
13211.8 3947.39 13319.1 2377.49
13226.1 3962.01 13333.2 2420.86
13237.8 3989.78 13346.4 2468.12
13251.6 4001.48 13359.5 2510.02
13264.7 4033.64 13373 2568.49
13277 4053.13 13387 2635.73
13290.5 4063.84 13400.2 2669.84
13302.2 4082.36 13413.1 2727.82
13316.2 4105.75 13426.6 2791.16
13329.7 4093.57 13440.6 2832.09
13341.7 4045.82 13453.5 2895.43
13355.1 3936.67 13467.5 2950.98
13368 3819.73 13478.4 3004.09
13381.8 3719.36 13488.6 3064.51
13394.1 3621.91 13494.1 3109.33
13406.9 3543.95 13494.5 3163.9
13419.8 3498.64 13485.1 3221.4
13432.4 3402.65 13471.9 3250.15
13446.7 3359.78 13458.7 3299.36
