7013.58 -851.968 7039.08 -883.639
7012.11 -816.399 7051.98 -885.588
7006.25 -785.215 7064.59 -895.82
7005.37 -800.32 7078.07 -897.769
7010.06 -779.856 7091.55 -865.611
7017.97 -792.524 7104.74 -881.203
7027.94 -798.858 7116.76 -874.868
7039.08 -803.243 7131.71 -855.379
7053.15 -809.578 7143.72 -868.534
7065.46 -800.32 7155.74 -873.407
7077.48 -781.805 7169.51 -902.641
7091.26 -778.881 7182.41 -920.67
7104.16 -788.139 7195.6 -915.31
7117.35 -792.524 7208.49 -932.363
7129.95 -784.241 7221.97 -914.823
7143.14 -793.499 7235.16 -908.976
7157.21 -796.909 7246.88 -918.233
7170.1 -788.139 7260.65 -916.772
7183 -803.243 7272.95 -929.44
7196.77 -788.139 7286.72 -926.029
7209.37 -781.317 7299.62 -928.953
7222.26 -783.266 7311.92 -923.593
7235.74 -790.575 7326.86 -932.363
7249.51 -797.397 7338.29 -938.698
7261.53 -788.139 7352.35 -938.21
7275.88 -786.19 7364.36 -944.057
7288.48 -780.83 7377.54 -929.927
7300.79 -775.958 7391.31 -939.185
7314.85 -777.907 7403.02 -930.414
7327.74 -775.471 7417.38 -935.774
7340.34 -794.473 7430.26 -933.825
7353.81 -781.317 7442.27 -936.749
7366.99 -776.932 7456.03 -930.902
7379.3 -774.496 7468.92 -934.8
7392.77 -772.547 7482.39 -934.312
7405.95 -760.853 7494.98 -931.389
7419.43 -761.34 7508.16 -933.825
7432.9 -768.162 7520.46 -932.851
7445.78 -752.57 7533.93 -925.055
7458.96 -773.034 7547.4 -931.876
7471.85 -758.417 7560.87 -933.825
7485.03 -760.853 7573.75 -927.491
7497.03 -745.749 7585.75 -925.055
7510.21 -752.57 7599.51 -924.568
7523.97 -758.417 7612.69 -913.361
7536.56 -756.468 7625.28 -917.746
7549.45 -756.955 7638.45 -920.67
7563.21 -758.417 7652.5 -919.208
7575.51 -773.522 7665.09 -928.953
7589.85 -749.159 7677.38 -920.182
7601.85 -752.57 7690.55 -926.029
7615.32 -760.853 7704.31 -933.338
7628.79 -750.621 7716.02 -935.287
7639.91 -748.672 7730.06 -928.465
7654.26 -741.851 7742.65 -943.083
7667.72 -752.083 7755.82 -937.236
7680.01 -745.261 7768.99 -931.876
7693.48 -747.698 7782.16 -931.876
7706.36 -748.185 7794.45 -926.029
7719.24 -744.287 7807.32 -917.259
7732.11 -743.312 7820.78 -917.259
7744.99 -734.055 7834.53 -929.927
7758.16 -748.185 7847.41 -924.08
7772.21 -739.414 7860.58 -927.491
7784.5 -726.746 7873.45 -920.182
7798.55 -721.874 7886.32 -904.103
7811.71 -740.389 7898.32 -908.488
7823.42 -732.593 7912.07 -904.59
7836.88 -744.774 7926.11 -910.925
7850.34 -737.953 7938.4 -906.539
7862.04 -734.542 7951.27 -908.488
7876.08 -734.055 7964.14 -915.797
7888.37 -749.159 7977.3 -908.976
7902.71 -740.876 7990.76 -899.718
7915.29 -741.851 8003.33 -919.208
7928.16 -744.287 8017.08 -905.565
7941.61 -756.955 8029.37 -891.922
7954.19 -751.596 8042.53 -916.772
7968.23 -749.647 8055.1 -908.976
7980.52 -751.108 8067.39 -894.846
7993.1 -740.876 8081.42 -893.871
8006.84 -754.519 8093.7 -915.797
8020.01 -734.542 8108.03 -915.31
8032.29 -735.516 8120.61 -922.131
8046.62 -729.182 8134.06 -920.182
8059.2 -736.491 8147.8 -898.743
8072.06 -736.004 8159.79 -916.284
8084.93 -727.233 8172.95 -900.692
8099.26 -735.516 8186.1 -915.31
8111.54 -739.902 8199.55 -894.358
8124.99 -720.412 8211.54 -913.361
8137.28 -734.542 8224.7 -908.488
8151.31 -728.695 8239.02 -908.488
8163.88 -725.772 8251.01 -900.692
8176.16 -732.593 8264.75 -897.282
8189.32 -732.106 8277.61 -892.897
8201.89 -749.159 8291.05 -898.743
8215.63 -730.644 8303.04 -909.95
8227.91 -723.823 8316.19 -911.412
8241.36 -730.644 8328.76 -901.18
8254.51 -742.338 8342.5 -901.18
8267.38 -731.131 8356.24 -920.182
8281.12 -732.593 8369.09 -902.641
8293.68 -751.596 8382.25 -901.18
8306.55 -750.621 8394.23 -902.641
8320.28 -749.159 8407.38 -910.437
8332.27 -732.593 8421.11 -893.871
8345.42 -722.848 8434.56 -917.259
8358.86 -739.902 8447.71 -898.743
8371.73 -746.236 8459.98 -904.103
8384.29 -732.593 8473.13 -896.794
8397.44 -738.927 8486.28 -915.31
8411.47 -738.927 8498.55 -911.412
8423.16 -731.619 8512.28 -907.514
8436.6 -732.593 8524.56 -894.358
8449.75 -723.823 8538.29 -909.463
8462.32 -734.055 8551.73 -897.769
8475.76 -738.44 8564.29 -902.641
8488.62 -736.978 8577.73 -911.412
8501.77 -738.927 8590 -897.282
8514.91 -739.902 8603.44 -907.514
8528.65 -731.619 8616 -892.409
8541.79 -740.389 8630.31 -899.231
8553.48 -753.545 8643.16 -913.848
8567.5 -752.083 8655.43 -914.335
8580.65 -724.31 8668.29 -907.514
8593.21 -745.261 8681.43 -907.027
8605.77 -736.004 8694.87 -915.797
8618.92 -759.879 8707.72 -902.641
8632.36 -753.545 8720.28 -904.59
8645.5 -750.621 8733.42 -898.743
8658.65 -746.236 8745.98 -917.746
8672.38 -753.057 8759.71 -906.052
8685.23 -763.777 8772.56 -915.797
8698.08 -764.751 8785.99 -917.259
8710.93 -762.802 8798.55 -929.927
8724.66 -770.111 8811.4 -924.08
8736.34 -756.955 8825.71 -900.205
8749.78 -754.519 8837.97 -917.746
8762.92 -759.391 8851.4 -903.616
8775.48 -748.185 8864.55 -906.052
8788.62 -761.828 8877.1 -909.95
8801.76 -752.57 8890.82 -922.618
8814.9 -756.468 8903.38 -909.95
8827.17 -742.338 8916.81 -909.95
8840.89 -756.955 8928.78 -916.284
8854.03 -757.442 8940.75 -906.052
8866.88 -742.338 8955.93 -918.721
8879.44 -756.468 8968.2 -905.078
8892.87 -757.93 8980.75 -905.078
8906.59 -755.981 8994.76 -902.641
8919.15 -758.904 9007.32 -894.846
8932.28 -754.032 9020.75 -905.565
8946.01 -764.751 9033.88 -915.797
8957.69 -746.723 9047.02 -922.131
8971.41 -754.032 9060.16 -890.948
8983.67 -759.879 9072.71 -908.488
8997.39 -750.134 9085.85 -910.925
9009.94 -759.879 9098.69 -916.284
9022.2 -764.264 9111.82 -920.67
9035.93 -754.519 9124.67 -914.335
9049.06 -770.111 9138.09 -912.386
9062.78 -765.238 9151.23 -919.695
9075.34 -759.391 9163.49 -925.542
9087.89 -761.34 9177.2 -905.078
9102.48 -758.417 9190.05 -917.259
9113.28 -769.624 9203.47 -908.488
9127.29 -747.21 9216.61 -912.874
9139.84 -770.598 9229.74 -927.004
9153.27 -738.927 9242.58 -928.953
9166.11 -756.468 9255.71 -911.412
9179.83 -754.032 9269.14 -922.618
9191.8 -767.187 9281.1 -915.797
9204.93 -756.955 9294.53 -909.463
9219.82 -765.726 9307.95 -911.412
9230.61 -766.213 9320.79 -903.129
9244.62 -760.853 9332.47 -923.593
9258.34 -747.698 9345.6 -896.794
9270.31 -746.236 9359.89 -915.797
9283.14 -746.236 9372.15 -906.539
9297.45 -757.93 9385.87 -908.001
9310.29 -755.006 9399.29 -911.412
9323.42 -757.93 9411.25 -918.233
9335.68 -758.904 9424.97 -917.746
9349.39 -757.93 9438.1 -908.488
9362.81 -749.647 9451.52 -931.876
9375.94 -761.34 9463.48 -933.825
9388.49 -751.596 9478.07 -933.825
9401.62 -763.777 9490.91 -936.749
9413.88 -742.338 9503.45 -933.338
9425.84 -749.647 9516.87 -924.568
9439.26 -750.134 9529.13 -945.519
9452.39 -743.8 9542.84 -936.261
9465.81 -752.57 9555.39 -938.698
9478.94 -737.465 9568.22 -930.414
9492.07 -736.491 9581.64 -926.029
9505.49 -736.978 9594.19 -930.902
9517.75 -739.414 9607.61 -936.261
9530.88 -736.004 9620.74 -932.363
9544.01 -740.876 9633.86 -940.159
9556.55 -739.414 9646.7 -922.618
9570.56 -742.825 9658.95 -927.004
9583.39 -742.338 9673.54 -942.108
9596.52 -739.414 9685.5 -921.157
9609.07 -738.927 9698.63 -925.055
9622.19 -758.417 9712.05 -925.542
9635.61 -743.312 9724.88 -935.287
9647.87 -729.67 9738.01 -926.029
9661.87 -733.08 9750.55 -930.414
9673.83 -749.647 9764.26 -931.876
9687.25 -750.134 9777.39 -943.083
9699.79 -733.568 9790.81 -947.955
9714.09 -756.955 9803.64 -947.468
9726.04 -752.57 9815.89 -941.134
9738.88 -754.032 9829.31 -947.955
9753.76 -752.083 9842.14 -952.828
9764.84 -747.21 9856.15 -960.624
9778.55 -744.774 9869.27 -962.573
9791.68 -745.749 9882.1 -945.032
9804.51 -735.516 9894.94 -948.442
9817.35 -754.519 9907.19 -958.675
9829.89 -753.545 9919.73 -960.624
9843.6 -738.927 9933.44 -948.93
9856.44 -746.236 9947.15 -966.47
9869.27 -739.414 9959.69 -954.289
9882.69 -749.647 9972.23 -951.853
9895.52 -731.131 9985.65 -952.34
9908.65 -728.695 9998.77 -958.187
9921.48 -744.287 10012.8 -949.417
9934.61 -733.08 10025.6 -927.978
9947.44 -740.876 10038.4 -943.57
9960.86 -739.414 10052.4 -936.261
9973.69 -746.236 10063.5 -938.698
9986.52 -742.338 10077.5 -939.672
10000.2 -754.519 10089.5 -933.338
10012.8 -744.774 10103.2 -936.261
10025.9 -726.746 10116.9 -934.8
10039.3 -726.746 10128.6 -927.491
10051.6 -727.233 10143.4 -936.749
10065.6 -726.746 10154.8 -938.698
10077.2 -731.619 10168.5 -958.675
10090.4 -741.851 10181.9 -946.981
10104.6 -740.389 10194.5 -947.468
10116 -737.953 10208.8 -953.802
10129.7 -739.414 10220.4 -945.519
10142.8 -724.31 10233.5 -947.955
10156 -722.848 10246.1 -940.647
10168.5 -727.233 10259.8 -933.825
10181.9 -725.284 10273.5 -947.955
10195.3 -723.335 10285.8 -948.442
10208.2 -715.052 10299.5 -956.238
10221.9 -709.692 10312 -938.698
10233.3 -711.154 10325.1 -943.57
10247.3 -700.922 10338.3 -947.955
10260.1 -689.715 10351.1 -946.006
10272.6 -683.869 10365.4 -941.134
10286.3 -682.407 10377.3 -936.261
10299.2 -677.047 10390.8 -930.902
10311.7 -663.404 10403 -933.338
10325.1 -670.226 10416.7 -923.106
10338.3 -653.659 10429 -934.312
10351.4 -637.58 10442.9 -913.848
10363.3 -648.787 10456.1 -919.695
10377.6 -633.195 10468.6 -920.67
10389.9 -621.988 10482 -927.978
10402.7 -616.629 10495.2 -945.032
10416.4 -611.756 10507.7 -934.8
10429.3 -592.267 10520.8 -937.723
10442.9 -581.06 10534 -954.777
10454.9 -568.879 10546.8 -934.8
10468.9 -559.621 10560.2 -935.287
10481.2 -565.955 10572.7 -942.596
10493.7 -541.593 10586.7 -950.391
10507.4 -538.182 10599 -975.728
10520.2 -511.871 10612.7 -971.343
10533.4 -504.562 10624.4 -965.009
10545.6 -492.381 10638.4 -965.009
10559.6 -486.047 10650.9 -965.983
10572.7 -471.43 10664 -979.626
10583.8 -449.017 10678 -974.266
10599 -422.218 10690 -974.754
10610.9 -413.935 10704 -971.83
10625.2 -406.139 10716.5 -967.932
10637.8 -367.159 10729.9 -962.573
10650 -357.902 10742.5 -954.289
10663.7 -339.386 10755 -946.494
10675.4 -316.486 10769 -950.391
10690.6 -296.022 10781.9 -944.544
10703.1 -279.943 10795.3 -958.675
10716.2 -274.583 10808.4 -947.955
10728.5 -252.17 10820.7 -956.726
10741.9 -234.629 10834.9 -964.034
10754.4 -219.037 10846.6 -951.853
10767.6 -184.93 10859.7 -949.417
10780.1 -191.751 10873.7 -957.7
10793.8 -166.415 10886.9 -969.881
10806.6 -164.466 10900 -973.779
10819.2 -147.412 10912.8 -963.06
10832.6 -143.027 10925.4 -970.856
10845.4 -135.231 10937.9 -979.139
10857.7 -116.716 10951.6 -970.856
10872.3 -107.945 10965 -970.368
10884.2 -92.8406 10977 -987.909
10897.4 -78.7105 10991 -1008.37
10910.5 -63.6059 11003.8 -1009.35
10923.3 -46.5524 11017.3 -999.116
10937 -29.0115 11029.2 -1012.27
10949.9 -29.0115 11043.2 -1013.73
10963 -2.70032 11056.6 -1009.84
10975.8 16.7895 11068.6 -1002.53
10988.4 25.5599 11082.6 -1002.53
11002.1 64.0522 11094.8 -970.856
11014.6 88.4145 11108.3 -979.626
11028.3 98.6466 11120.5 -967.445
11041.5 123.496 11134.5 -981.088
11053.4 148.346 11147.1 -969.394
11067.1 180.991 11160.2 -952.828
11080 194.147 11173 -940.647
11092.2 225.33 11186.8 -943.083
11106.2 246.282 11199.6 -950.391
11119.1 262.361 11212.7 -928.953
11131.9 287.21 11225.8 -950.391
11144.4 311.085 11239.3 -951.366
11157.9 332.037 11250.9 -946.006
11171 353.476 11265.2 -941.134
11183.8 351.039 11278.4 -944.057
11197.8 376.863 11291.2 -958.187
11209.8 374.427 11304.9 -950.879
11222.9 393.43 11316.9 -952.34
11235.5 409.509 11330.3 -962.085
11248.6 411.458 11343.1 -958.675
11262.3 418.766 11356.3 -951.853
11275.1 446.052 11369.7 -941.134
11288 441.667 11382.5 -947.955
11300.5 464.08 11396.5 -919.695
11314 489.904 11407.6 -913.361
11325.9 496.238 11421 -908.001
11340.8 528.884 11435.4 -888.511
11353.1 524.986 11447.9 -872.432
11366.5 554.22 11461 -848.557
11378.7 581.993 11473 -856.353
11390.7 598.072 11487.3 -836.863
11404.7 627.794 11500.4 -800.807
11418.1 654.106 11513.3 -794.473
11430.4 688.7 11525.8 -787.652
11444.7 708.677 11539 -757.442
11457.2 726.705 11552.7 -753.057
11469.5 746.682 11565.5 -734.542
11482.9 772.993 11579.2 -739.902
11496.9 786.149 11591.5 -726.746
11509.5 819.769 11604 -726.259
11522.9 822.205 11618 -710.667
11534.9 847.055 11630.3 -714.078
11547.7 860.21 11644.3 -701.897
11561.7 873.366 11656.9 -695.075
11573.7 887.496 11669.7 -683.869
11586.5 894.317 11683.1 -689.228
11599.9 919.654 11695.4 -681.92
11612.2 914.782 11708.5 -679.483
11626.2 932.81 11721.1 -659.994
11639.1 965.942 11736 -653.659
11651.9 983.97 11747.9 -620.039
11665 1008.33 11760.8 -604.448
11678.2 1042.44 11774.5 -591.779
11692.2 1059.98 11786.8 -569.853
11704.1 1092.14 11800.8 -542.568
11717.3 1103.35 11813.3 -531.848
11730.1 1134.04 11826.8 -501.152
11743.6 1172.53 11839.9 -481.662
11756.7 1182.28 11852.5 -460.223
11768.7 1219.31 11866.5 -447.068
11782.4 1235.39 11878.4 -425.142
11795.5 1250.98 11891.6 -398.83
11808.4 1277.78 11905.3 -372.519
11821.5 1300.19 11917.6 -371.057
11834.4 1327.48 11929.5 -373.006
11847.5 1339.66 11943.3 -346.208
11860.6 1360.61 11957 -333.052
11873.8 1375.72 11970.1 -320.384
11885.7 1398.13 11983.9 -311.126
11899.2 1422 11996.7 -293.098
11912.6 1438.08 12009.8 -268.249
11924.9 1441.49 12022.4 -262.402
11938.3 1468.78 12035.5 -249.733
11951.4 1487.78 12049 -234.142
11964.9 1535.04 12061.8 -196.624
11977.7 1535.04 12075 -180.545
11990.9 1557.94 12088.4 -157.644
12003.1 1589.13 12101.3 -133.282
12015.4 1614.95 12114.1 -104.047
12029.4 1648.57 12126.7 -88.4554
12043.4 1687.06 12140.1 -69.4529
12055.7 1716.79 12153.8 -29.986
12069.4 1748.94 12165.5 2.17213
12081.1 1776.72 12180.1 27.0216
12093.9 1810.82 12191.5 45.5369
12107.1 1826.9 12206.4 61.616
12119.4 1850.29 12217.8 77.6951
12133.7 1896.09 12231.8 106.443
12146.5 1918.51 12245.8 122.522
12159.7 1944.33 12257.5 138.113
12172.2 1949.69 12271.3 158.578
12185.1 1960.9 12283.8 171.246
12198.5 1979.9 12296.7 188.787
12212 1990.62 12310.1 215.098
12224.5 2006.7 12323.8 229.228
12237.7 2019.85 12336.1 248.718
12250.5 2038.37 12349.3 258.463
12263.1 2045.68 12362.4 279.414
12276.2 2066.63 12375.9 275.516
12289.4 2103.17 12388.7 312.06
12303.1 2122.17 12402.2 307.187
12314.8 2142.15 12413.8 349.09
12328.2 2151.9 12427.6 376.863
12341.4 2194.77 12441 386.121
12353.9 2222.06 12453.3 422.177
12368.8 2258.6 12467 453.361
12380.2 2301.48 12480.5 471.389
12393.1 2339.49 12493.3 499.649
12406.5 2386.26 12505.9 522.55
12418.5 2409.65 12520.5 551.297
12432.3 2452.53 12533.1 593.2
12446.6 2485.66 12545 628.282
12458.8 2518.79 12558.5 637.052
12471.1 2545.59 12571.1 651.669
12484.3 2587.98 12584.5 696.496
12497.7 2612.83 12598.8 727.192
12510.9 2630.86 12612.3 755.94
12523.4 2655.71 12624.5 772.506
12536.6 2669.84 12636.8 779.815
12549.7 2674.22 12650 801.254
12562.6 2694.2 12662.5 822.692
12575.5 2706.87 12676.6 850.953
12588.6 2721 12689.7 876.777
12601.5 2720.51 12702.9 896.753
12614.3 2747.8 12715.8 916.731
12627.8 2756.08 12728.3 928.424
12640 2777.03 12742.1 968.378
12653.8 2803.34 12755.2 980.56
12666.4 2820.4 12767.8 1008.82
12679.8 2849.63 12781.2 1032.21
12693.3 2873.02 12795 1064.85
12705.5 2903.71 12807.6 1091.65
12718.4 2933.44 12820.1 1124.78
12731 2962.18 12833 1152.07
12745 3013.83 12846.7 1181.79
12757.3 3042.58 12860.5 1226.62
12770.1 3081.56 12873.6 1245.13
12783.6 3116.15 12885.6 1286.55
12796.7 3166.83 12899.7 1326.5
12809.9 3193.14 12911.4 1354.28
12822.8 3225.78 12926 1380.59
12835.6 3253.07 12939.1 1404.95
12847.6 3275 12952 1437.11
12861.4 3299.84 12965.2 1461.96
12874.8 3326.16 12977.5 1509.71
12888 3342.72 12990.6 1513.61
12900 3364.16 13003.5 1556.97
12912.8 3358.31 13016.6 1584.74
12926.3 3409.96 13030.7 1619.34
12939.4 3407.04 13043.6 1647.11
12952.3 3421.66 13057 1675.37
12965.5 3432.86 13069.3 1706.07
12977.8 3450.89 13082.8 1734.33
12991.5 3473.79 13095.9 1777.2
13003.8 3471.84 13109.1 1805.95
13016.9 3501.56 13122.5 1845.42
13031.3 3532.26 13135.1 1881.48
13044.1 3556.62 13148.6 1910.71
13056.7 3604.37 13161.7 1937.51
13069.6 3636.53 13175.5 1978.92
13081.6 3662.35 13189 1994.03
13096.2 3696.95 13200.6 2033.5
13108.2 3710.1 13215.3 2076.86
13122 3750.55 13226.4 2125.58
13134 3777.83 13239.6 2154.33
13147.4 3818.76 13254.2 2197.21
13160 3863.1 13266.5 2246.91
13174 3901.1 13280.8 2281.99
13186.3 3922.54 13293.1 2335.1
13198.6 3962.01 13306.3 2368.23
13211.8 3986.86 13319.1 2391.13
13225.2 4004.4 13332.9 2438.88
13238.4 4020.97 13346.9 2497.84
13251.6 4041.92 13359.8 2553.87
13265 4070.18 13373.3 2612.83
13277.6 4095.52 13386.8 2674.22
13290.2 4116.95 13401.1 2699.56
13303.1 4148.14 13413.7 2743.41
13315.9 4165.19 13427.1 2810.16
13330 4137.42 13440.3 2845.25
13342.6 4051.66 13452.9 2894.94
13355.7 3946.42 13466.9 2939.28
13368 3835.33 13478.6 2996.29
13381.2 3725.7 13489.2 3059.15
13394.1 3624.35 13495 3107.38
13407.2 3556.62 13495 3145.39
13419.5 3465.02 13484.5 3190.21
13433 3398.76 13472.5 3231.63
13446.2 3327.13 13458.7 3273.05
