5017.69 -430.501 5052.09 -291.149
5016.51 -179.083 5070.91 -286.277
5009.45 -184.443 5089.14 -456.812
5007.98 -173.723 5106.78 -452.427
5014.16 -159.593 5124.13 -436.835
5025.33 -164.466 5142.36 -439.759
5039.45 -170.313 5159.71 -442.682
5055.32 -156.67 5178.52 -452.914
5072.97 -149.361 5197.64 -478.739
5091.2 -153.259 5214.1 -490.92
5108.84 -154.233 5232.63 -522.103
5127.07 -142.54 5249.98 -555.236
5145.01 -144.489 5269.09 -558.159
5162.94 -150.335 5285.85 -556.21
5181.76 -159.593 5303.78 -545.978
5200.87 -139.616 5323.48 -546.953
5219.4 -145.95 5340.53 -547.927
5236.74 -118.665 5359.06 -562.057
5256.15 -127.922 5376.99 -557.185
5273.2 -127.922 5395.22 -530.386
5290.85 -131.82 5413.45 -552.312
5310.25 -120.126 5430.8 -547.44
5327.3 -129.384 5448.73 -545.004
5345.83 -134.744 5466.96 -536.233
5364.35 -113.792 5484.6 -538.67
5382.58 -115.741 5501.94 -536.721
5400.22 -134.744 5520.76 -515.769
5418.45 -113.305 5539.28 -520.154
5437.26 -125.486 5557.21 -510.409
5454.9 -122.563 5575.14 -506.024
5474.01 -113.792 5593.07 -504.075
5491.36 -114.767 5611.3 -504.562
5509 -111.843 5628.94 -505.05
5528.11 -112.818 5646.57 -479.226
5546.04 -106.483 5665.68 -487.022
5564.85 -105.996 5683.9 -470.455
5582.49 -104.047 5701.54 -480.2
5600.72 -91.8661 5719.47 -469.968
5618.35 -108.92 5737.4 -464.121
5636.58 -104.534 5755.32 -462.172
5655.39 -94.7896 5773.25 -451.94
5672.73 -105.022 5792.36 -462.659
5691.55 -87.9682 5809.4 -454.864
5708.59 -81.1467 5828.21 -448.042
5727.99 -81.1467 5845.55 -446.58
5745.92 -83.0957 5863.47 -450.478
5762.38 -69.4529 5882.57 -439.759
5780.6 -74.8125 5899.91 -446.58
5799.7 -73.3508 5918.13 -425.142
5817.63 -67.0166 5935.76 -433.425
5835.26 -64.0932 5953.68 -423.193
5853.19 -54.3483 5972.49 -413.935
5871.41 -71.8891 5990.12 -415.884
5889.63 -46.5524 6008.92 -412.473
5909.31 -59.2207 6026.25 -411.986
5926.06 -58.7335 6044.76 -411.011
5944.58 -53.861 6062.39 -415.397
5963.09 -48.5013 6080.01 -401.267
5980.13 -49.4758 6098.52 -391.034
5998.34 -49.4758 6116.14 -394.932
6015.97 -57.2717 6134.06 -381.777
6034.77 -43.6289 6152.27 -377.392
6053.28 -37.7819 6170.78 -363.261
6070.32 -29.0115 6189.57 -368.621
6090.29 -34.8585 6206.9 -362.774
6107.04 -39.7309 6224.82 -362.774
6124.66 -31.4478 6242.44 -350.593
6141.99 -34.8585 6260.65 -365.21
6161.08 -29.986 6279.44 -346.695
6179.59 -23.6518 6297.35 -366.185
6197.21 -16.8304 6315.26 -360.338
6216.59 -14.3942 6332.59 -338.412
6232.75 -24.6263 6351.38 -357.415
6251.54 -17.3177 6368.7 -343.772
6269.45 -33.3967 6386.9 -354.978
6286.78 -30.9605 6405.69 -349.619
6306.45 -18.7794 6422.43 -341.335
6324.37 -13.4197 6442.39 -341.823
6342.86 -20.7284 6458.53 -343.284
6359.31 -16.3432 6478.2 -332.565
6378.68 -7.08552 6495.81 -337.925
6396 -2.70032 6514.01 -327.693
6413.62 -1.23858 6531.91 -324.282
6432.7 -6.59828 6550.11 -331.591
6449.43 -8.54726 6568.01 -334.027
6467.93 -14.8814 6585.91 -335.001
6486.13 -7.57277 6604.11 -324.282
6504.03 -3.67481 6621.72 -311.126
6522.82 -7.08552 6639.03 -300.894
6540.13 -9.0345 6659.27 -313.563
6558.62 -0.264094 6676.59 -309.177
6576.82 -7.08552 6693.6 -305.767
6594.13 4.12111 6712.09 -296.996
6612.62 1.19764 6730.27 -294.073
6630.23 6.55733 6748.76 -303.33
6649.3 15.3277 6766.36 -289.688
6666.9 5.0956 6785.13 -296.509
6685.39 14.8405 6802.14 -291.149
6703.28 0.223151 6820.04 -289.2
6720.59 10.9425 6839.39 -282.379
6739.37 13.866 6856.4 -280.917
6757.26 4.60835 6875.47 -279.943
6775.74 -3.18756 6892.18 -288.713
6793.64 17.764 6910.95 -291.149
6811.24 10.4553 6929.13 -301.381
6829.42 15.3277 6946.43 -277.506
6847.31 21.1747 6965.2 -282.379
6866.67 17.2767 6982.79 -291.149
6883.39 17.2767 7001.85 -291.149
6901.86 14.3532 7019.14 -276.532
6919.16 22.1492 7037.91 -288.226
6937.64 10.9425 7055.5 -291.636
6956.4 24.0981 7073.09 -295.047
6973.12 30.9196 7092.43 -274.583
6992.76 25.0726 7109.43 -301.869
7010.35 34.8175 7127.31 -309.665
7028.53 29.9451 7145.78 -293.098
7046.12 34.8175 7163.07 -287.251
7063.7 22.6364 7181.82 -288.713
7081.88 29.4578 7199.99 -283.353
7098.88 26.5344 7217.87 -278.481
7118.23 36.2793 7236.33 -284.815
7135.81 26.5344 7253.91 -268.249
7154.28 20.6874 7272.66 -272.634
7173.03 37.741 7289.95 -283.353
7190.03 38.7155 7308.11 -277.506
7208.2 27.5089 7326.28 -288.226
7226.07 41.639 7343.56 -286.764
7244.53 38.7155 7362.6 -277.019
7263.58 28.4833 7379.59 -290.662
7280.57 39.2027 7397.46 -303.33
7299.03 32.8686 7415.91 -290.662
7316.32 54.7946 7434.65 -293.098
7335.07 35.3048 7452.52 -296.996
7352.64 41.639 7470.68 -292.124
7369.92 44.5624 7488.83 -293.585
7389.55 43.5879 7506.99 -291.636
7407.42 45.0497 7525.14 -285.79
7425.87 37.741 7541.83 -294.073
7442.85 49.4349 7560.57 -301.869
7460.72 45.0497 7578.73 -280.917
7479.17 47.4859 7597.46 -276.045
7497.03 46.9987 7615.61 -292.124
7514.9 56.2563 7632.59 -273.121
7533.34 51.8711 7651.91 -279.455
7551.2 58.2053 7669.48 -292.611
7569.65 43.5879 7687.04 -278.481
7587.22 40.6645 7706.36 -272.147
7605.37 46.0242 7722.45 -277.506
7623.23 56.2563 7740.01 -258.504
7641.38 51.8711 7759.04 -262.889
7659.23 63.0777 7778.06 -271.659
7677.09 61.1288 7795.32 -272.634
7694.65 66.0012 7812.88 -264.838
7713.97 66.9757 7831.9 -272.147
7731.82 66.0012 7849.17 -266.787
7749.38 64.5395 7868.48 -276.532
7767.52 71.3609 7886.62 -248.272
7785.08 74.2844 7904.75 -262.889
7802.64 79.644 7922.31 -266.787
7822.54 82.5675 7939.86 -257.529
7839.22 79.1568 7958.87 -264.838
7858.53 101.083 7976.72 -258.017
7876.08 92.3124 7993.97 -266.3
7893.35 80.1313 8012.4 -266.3
7912.36 69.4119 8029.95 -276.532
7929.62 82.0803 8048.08 -263.376
7947.76 78.1823 8065.34 -269.71
7965.31 90.8507 8082.88 -255.58
7984.32 104.981 8102.48 -274.096
8002.16 78.1823 8120.02 -258.991
8020.3 94.2614 8139.03 -267.274
8038.43 93.2869 8156.57 -258.991
8055.98 79.1568 8174.7 -258.991
8074.11 87.44 8192.54 -260.94
8093.12 95.2359 8210.37 -254.119
8110.66 98.6466 8229.08 -250.708
8129.09 90.3634 8246.62 -239.989
8146.34 123.983 8265.62 -258.017
8164.76 101.57 8282.58 -258.017
8181.72 105.468 8301.28 -250.221
8200.72 122.522 8319.99 -256.068
8219.14 113.264 8338.11 -247.297
8236.68 124.958 8355.36 -259.966
8253.93 132.266 8373.77 -252.657
8272.05 138.113 8391.6 -247.297
8290.47 132.266 8409.72 -265.813
8308.01 128.856 8427.25 -258.017
8326.13 142.499 8446.54 -248.272
8344.54 147.858 8463.2 -264.838
8362.08 144.448 8482.48 -265.813
8380.49 153.218 8498.55 -272.147
8398.61 147.858 8517.54 -260.94
8416.15 146.397 8536.24 -267.274
8434.56 166.861 8554.65 -265.325
8452.09 165.886 8572.18 -260.453
8471.09 174.17 8591.17 -258.504
8489.2 163.45 8609.57 -244.861
8507.32 167.348 8625.93 -256.068
8525.14 165.886 8643.75 -255.58
8542.67 188.787 8661.86 -250.708
8560.78 178.555 8681.14 -239.989
8578.6 197.07 8698.66 -257.529
8597.3 194.634 8716.48 -248.759
8614.83 181.965 8734.01 -228.295
8633.23 210.226 8752.7 -268.249
8650.76 197.07 8770.51 -258.504
8668.58 223.868 8788.62 -265.325
8688.15 212.175 8806.43 -262.402
8704.21 237.024 8825.71 -259.966
8723.78 232.639 8842.64 -262.402
8741.6 255.052 8860.75 -260.94
8759.12 264.31 8879.14 -260.94
8776.64 257.976 8897.25 -257.042
8794.46 269.67 8915.35 -262.889
8813.44 277.953 8933.75 -270.198
8831.26 293.057 8951.55 -273.121
8849.94 293.057 8969.36 -271.172
8867.46 314.496 8986.88 -278.968
8884.69 332.524 9006.44 -263.376
8903.96 335.935 9023.08 -287.251
8920.02 343.243 9042.35 -276.532
8939.58 353.476 9060.16 -268.736
8957.69 365.17 9078.26 -282.866
8975.5 360.784 9096.65 -283.841
8993.6 382.223 9113.87 -293.098
9010.53 398.789 9132.55 -284.328
9029.21 407.073 9150.35 -285.302
9047.02 408.534 9168.45 -284.328
9066.29 415.356 9186.84 -285.302
9083.51 439.231 9204.64 -282.379
9101.02 443.616 9223.03 -277.019
9118.83 460.669 9240.54 -280.917
9137.51 462.131 9258.34 -279.455
9155.32 473.825 9276.73 -281.404
9173.7 507.932 9295.11 -294.56
9191.21 526.448 9312.04 -298.945
9210.19 522.55 9329.55 -290.662
9227.7 531.32 9347.35 -282.866
9245.79 557.631 9366.31 -292.611
9263.01 573.223 9385.57 -281.892
9281.1 576.147 9403.08 -293.585
9300.07 597.585 9421.47 -300.407
9317.87 619.998 9439.56 -316.973
9335.97 630.718 9457.35 -301.381
9354.06 641.925 9476.03 -302.356
9373.32 658.978 9492.95 -314.537
9390.24 689.675 9511.62 -296.509
9408.33 677.981 9530 -293.585
9426.13 695.034 9548.38 -304.305
9443.64 731.09 9565.6 -299.432
9462.02 734.014 9582.81 -306.254
9479.24 745.22 9602.36 -300.407
9498.2 758.863 9620.44 -291.636
9516 790.047 9637.37 -308.203
9533.5 801.254 9656.91 -294.073
9553.05 814.409 9673.83 -307.228
9569.68 839.746 9692.79 -297.483
9588.35 847.542 9710.58 -301.869
9605.57 864.108 9728.96 -316.973
9624.24 892.856 9746.17 -309.665
9641.74 905.037 9764.26 -315.024
9658.66 926.963 9782.64 -312.588
9678.79 938.169 9800.43 -328.667
9695.42 960.583 9817.35 -335.976
9714.09 957.172 9836.89 -330.616
9732.17 997.126 9854.39 -332.078
9750.26 1012.72 9873.35 -331.103
9769.22 1019.05 9891.15 -342.31
9785.26 1062.42 9909.82 -326.718
9805.1 1081.91 9926.15 -347.182
9822.02 1089.7 9943.65 -327.693
9839.81 1110.17 9964.65 -330.129
9857.89 1144.76 9981.27 -340.361
9876.27 1156.46 9999.65 -343.284
9894.94 1168.64 10017.1 -325.256
9911.56 1201.77 10035.5 -329.642
9930.81 1219.8 10052.1 -333.052
9949.19 1230.03 10072.6 -348.644
9965.81 1264.62 10090.4 -335.001
9984.19 1288.99 10108.4 -319.897
10002.3 1316.27 10125.6 -321.358
10020.1 1329.43 10144.9 -328.18
10038.1 1356.23 10162.4 -332.078
10056.5 1375.23 10180.2 -332.565
10074.3 1384.49 10197.7 -318.922
10091.5 1420.54 10216 -317.46
10111.1 1439.54 10234.1 -321.846
10128 1458.55 10252.8 -334.027
10146.4 1489.73 10270 -322.333
10164.1 1506.3 10288.1 -354.491
10181.9 1536.02 10307.3 -338.412
10201.5 1543.81 10324.5 -337.925
10218.7 1573.54 10342.9 -342.797
10236.8 1584.26 10360.4 -353.029
10254.8 1623.24 10379.1 -344.746
10272.3 1664.65 10397.5 -352.055
10291 1678.29 10414.4 -347.67
10307.3 1689.99 10433.3 -358.389
10326.3 1726.04 10450.5 -361.8
10345 1747.97 10470.1 -362.774
10363 1776.23 10487.6 -363.749
10381.1 1798.64 10504.8 -366.185
10398.6 1807.41 10523.7 -376.904
10416.7 1828.37 10540.6 -371.545
10434.5 1856.14 10559.6 -358.876
10451.7 1882.94 10577.7 -363.261
10470.4 1905.84 10596.4 -364.723
10488.7 1922.4 10613.3 -371.057
10507.4 1947.74 10631.6 -367.647
10524.6 1988.18 10650.9 -368.134
10543 2026.19 10668.1 -381.29
10560.2 2050.55 10686.8 -370.083
10578.9 2078.32 10704.6 -366.185
10596.9 2096.84 10722.1 -354.978
10614.7 2142.64 10741 -370.57
10633.4 2179.18 10758.5 -373.494
10651.2 2215.73 10776 -367.647
10669.6 2238.14 10794.1 -368.134
10687.1 2270.78 10813.1 -366.672
10705.1 2305.87 10831.7 -380.315
10722.6 2327.79 10849.8 -370.57
10740.4 2363.36 10867.9 -373.494
10759.1 2393.57 10885.7 -368.621
10776.6 2431.09 10903.2 -376.417
10794.4 2451.55 10921.9 -366.185
10811.9 2474.94 10939.1 -364.236
10830.9 2496.87 10957.4 -359.851
10849.5 2510.51 10975.5 -360.338
10867.6 2547.54 10993.6 -361.8
10884.8 2571.9 11011.7 -361.312
10903.2 2616.24 11029.8 -370.57
10920.7 2612.83 11047.6 -363.749
10938.8 2659.12 11065.4 -357.902
10956 2695.66 11084.4 -353.029
10975.3 2714.66 11102.4 -346.695
10992.8 2755.11 11121.4 -383.238
11011.4 2785.8 11138.3 -397.856
11028.9 2810.16 11155.8 -404.677
11047.3 2856.94 11174.8 -400.779
11065.7 2879.84 11192.3 -404.677
11082.9 2920.77 11211.8 -397.856
11101 2961.7 11229.1 -403.216
11119.1 3010.91 11246.6 -403.216
11136.9 3051.84 11264.9 -396.394
11154.7 3107.87 11282.7 -392.983
11172.4 3127.36 11301.1 -404.19
11191.4 3181.44 11318.6 -406.139
11209.2 3216.04 11338.2 -394.932
11227.3 3269.64 11355.1 -388.111
11245.7 3303.74 11372.6 -391.034
11262.9 3335.41 11391.9 -376.904
11281.3 3365.14 11409.7 -355.953
11298.2 3401.68 11428.1 -356.927
11317.8 3442.61 11445.3 -341.335
11335 3487.43 11464 -337.925
11353.6 3510.82 11481.8 -344.746
11372 3548.34 11499.3 -334.027
11389.2 3580.5 11519.1 -313.563
11407.9 3612.66 11536.6 -293.098
11425.1 3628.25 11554.7 -279.455
11442.6 3647.25 11572.2 -257.529
11461.3 3691.1 11590.9 -241.45
11479.7 3722.29 11608.1 -220.986
11498.4 3745.67 11626.5 -203.445
11515.3 3778.32 11645.2 -190.29
11533.7 3803.66 11662.4 -163.491
11550.6 3845.07 11681.1 -153.746
11568.7 3896.72 11699.2 -152.284
11586.8 3939.11 11716.7 -135.718
11604.6 3985.89 11735.4 -119.152
11623.6 4030.71 11752.6 -96.2513
11640.8 4083.82 11771 -84.0702
11658.9 4130.6 11789.4 -61.6569
11678.5 4199.3 11808.1 -38.7564
11695.1 4249.97 11826.8 -30.4733
11714.4 4299.18 11843.4 -25.6008
11732.2 4356.68 11861.5 5.58284
11749.4 4379.09 11880.2 17.2767
11766.9 4420.02 11898.3 49.4349
11785 4472.64 11914.6 76.7206
11803.4 4511.13 11933.3 138.601
11821.2 4555.96 11952.9 173.682
11839.3 4591.04 11969.5 227.766
11857.4 4623.69 11989.1 280.389
11875.2 4647.08 12006.3 317.907
11893.3 4670.95 12025.3 369.067
11911.1 4706.03 12042.8 409.022
11930.4 4748.91 12060.7 451.899
11948.2 4757.19 12079.1 495.751
11966.6 4793.74 12096.9 531.32
11983.9 4830.77 12115.9 570.787
12001.4 4857.57 12133.1 617.562
12019.2 4887.29 12152.4 643.873
12037 4924.32 12169.6 677.006
12055.4 4968.66 12187.7 716.473
12074.1 5015.43 12205.8 744.246
12091.3 5067.08 12223.3 772.993
12109.1 5110.93 12241.8 800.279
12126.7 5165.02 12260.7 819.282
12145.6 5204 12278 883.111
12162.6 5244.93 12295.8 906.011
12181.6 5299.01 12314.5 936.22
12199.7 5352.61 12332.6 972.277
12217.5 5402.79 12351.3 1024.41
12235.3 5436.9 12368.8 1055.11
12252.6 5488.55 12386.7 1084.34
12271.8 5537.27 12405.1 1127.71
12289.1 5584.05 12423.5 1177.89
12307.8 5637.16 12440.7 1221.75
12325 5660.06 12458.8 1278.75
12342.8 5681.01 12478.1 1326.02
12363 5714.14 12494.5 1384.97
12379.4 5746.79 12514.4 1430.29
12398.1 5777 12531.9 1481.93
12415.3 5808.67 12549.4 1529.68
12434 5836.93 12568.1 1593.03
12452.1 5876.4 12584.8 1625.18
12469.9 5907.58 12604.1 1689.01
12487.5 5943.63 12622.5 1737.25
12505.3 5974.82 12640.3 1798.64
12524.3 5996.26 12657.9 1849.8
12541.8 6046.93 12676.3 1892.68
12559.4 6098.58 12695.3 1948.23
12577.8 6105.89 12713.1 1983.31
12596.2 6160.95 12731.3 2029.6
12613.4 6207.23 12749.7 2070.53
12631.3 6249.62 12767.2 2115.84
12649.4 6303.22 12784.8 2161.15
12668.1 6349.02 12803.8 2212.31
12685.4 6398.72 12822.2 2252.27
12703.5 6449.88 12839.7 2295.15
12721 6513.22 12858.7 2352.64
12739.1 6539.54 12876.3 2387.72
12757.9 6576.08 12895.3 2429.63
12776.6 6630.65 12912.5 2486.63
12793.8 6670.12 12930.4 2552.9
12811.4 6710.56 12948.2 2606.5
12829.8 6745.64 12966.9 2669.35
12847 6782.67 12985.6 2729.77
12866.3 6812.88 13002.9 2799.44
12883.3 6862.09 13021.9 2869.12
12900.8 6895.22 13040.1 2945.62
12919.9 6923.97 13057.3 3000.68
12937.1 6961 13076.3 3070.35
12956.7 6996.57 13093.6 3130.77
12973.7 7033.11 13112.6 3221.4
12991.2 7059.43 13130.4 3279.87
13009.9 7108.64 13148 3350.03
13027.2 7130.56 13167 3402.17
13045.9 7171.49 13184.3 3470.87
13062.9 7204.14 13202.7 3527.88
13080.7 7251.4 13220.8 3615.58
13099.4 7316.2 13239.6 3661.87
13117 7367.36 13257.4 3720.34
13135.7 7414.63 13275.6 3788.06
13153.5 7458.97 13294.6 3841.17
13172 7515.97 13312.4 3916.21
13190.1 7546.67 13330.3 3976.63
13208 7617.81 13349.3 4057.51
13225.5 7662.15 13366.6 4117.44
13243.4 7709.41 13384.7 4189.55
13261.8 7771.78 13403.7 4248.02
13279.4 7799.06 13421.3 4326.47
13296.9 7858.51 13439.4 4385.43
13315.6 7905.77 13457.6 4459.97
13333.2 7955.96 13476 4555.47
13351.9 7977.88 13492.7 4629.54
13369.2 8039.28 13513.2 4710.42
13386.8 8069 13530.2 4792.76
13404.9 8106.51 13547.7 4880.95
13423 8164.98 13567 4946.73
13441.8 8204.94 13584.9 5033.46
13458.7 8247.81 13603 5099.73
13477.8 8291.67 13621.8 5215.2
13495.3 8336.98 13640.2 5282.44
13512.9 8369.63 13658.4 5370.15
13531.6 8431.51 13675.4 5443.23
13549.2 8468.54 13694.7 5540.68
13567.6 8525.06 13711.9 5615.23
13585.2 8591.81 13732.1 5685.4
13603.3 8616.66 13750 5771.15
13622.1 8686.34 13767.9 5845.21
13639 8753.09 13786.9 5933.4
13657.8 8780.86 13803.6 6015.26
13674.8 8846.64 13823.2 6095.66
13692.3 8893.41 13841.4 6183.85
13710.8 8963.58 13861.3 6269.11
13729.2 9009.87 13880.3 6360.72
13747.1 9075.16 13897.9 6469.86
13765.2 9059.57 13917.2 6530.76
13783.1 8960.17 13935.6 6621.39
13801 8780.37 13953.5 6720.79
13818.5 8595.71 13971.1 6827.98
13837 8387.17 13984.3 6933.72
13855.7 8192.76 13994.5 7051.63
13874.1 8025.63 13994.8 7163.7
13890.5 7880.43 13981 7257.73
13909.6 7749.85 13962.9 7383.44
13926.6 7611.96 13945 7491.12
