5017.98 -341.335 5052.38 -203.445
5016.51 -82.6085 5071.2 -185.904
5010.04 -83.0957 5087.67 -161.055
5008.28 -94.7896 5105.9 -157.644
5013.86 -64.5804 5125.01 -141.565
5025.92 -76.2743 5141.18 -171.774
5040.62 -60.1952 5160.88 -179.083
5056.21 -66.5294 5177.64 -178.596
5073.55 -71.8891 5196.17 -183.955
5090.9 -81.634 5214.4 -194.188
5107.96 -68.9656 5233.51 -203.932
5126.19 -69.9401 5251.45 -230.244
5144.71 -67.9911 5267.91 -220.986
5163.53 -67.5039 5286.43 -235.603
5181.76 -68.4784 5304.66 -226.346
5200.28 -62.6314 5323.19 -229.756
5219.4 -63.6059 5341.12 -249.246
5237.33 -73.3508 5358.76 -235.116
5255.27 -57.759 5377.58 -239.989
5273.2 -83.583 5394.63 -231.218
5291.73 -73.3508 5412.86 -218.55
5309.96 -66.5294 5430.8 -188.828
5327.3 -67.5039 5448.73 -171.774
5345.53 -68.9656 5466.96 -191.751
5364.06 -66.5294 5484.3 -191.264
5382.87 -60.1952 5501.94 -194.675
5400.22 -53.861 5520.17 -194.675
5419.62 -55.3228 5538.69 -178.108
5437.26 -62.6314 5557.21 -140.103
5455.79 -56.2972 5575.14 -166.415
5474.01 -38.2692 5593.37 -165.44
5490.48 -48.5013 5612.48 -154.721
5510.47 -44.6034 5629.82 -124.024
5528.4 -42.6544 5647.16 -86.5064
5546.04 -26.5753 5665.38 -96.2513
5564.56 -37.7819 5683.9 -109.894
5582.2 -15.3687 5700.95 -134.256
5600.42 -29.0115 5719.47 -125.486
5617.18 -8.54726 5737.1 -82.6085
5636.58 -6.59828 5755.62 -76.7615
5655.1 -8.06001 5774.43 -86.0192
5672.73 10.4553 5791.77 -101.124
5691.55 10.4553 5810.28 -102.585
5708.89 9.96805 5828.21 -81.1467
5728.58 12.4043 5847.02 -81.1467
5744.16 27.5089 5863.77 -63.1187
5762.97 17.764 5881.11 -74.3253
5781.78 35.792 5899.32 -67.5039
5799.11 27.9961 5918.13 -72.8636
5818.22 23.1237 5936.05 -61.1697
5835.26 27.0216 5953.39 -63.6059
5853.48 18.2512 5972.78 -51.4248
5871.7 27.0216 5990.41 -58.2462
5889.63 26.0471 6008.92 -63.1187
5907.55 31.4068 6027.13 -64.0932
5926.06 30.9196 6043.59 -65.5549
5945.16 26.0471 6063.27 -48.0141
5961.91 37.741 6080.89 -66.5294
5980.13 31.8941 6097.93 -57.759
5998.34 35.3048 6116.44 -51.912
6016.85 46.5114 6134.65 -37.2947
6035.07 31.4068 6152.27 -37.7819
6052.11 32.8686 6170.48 -34.8585
6070.32 44.0752 6189.57 -31.935
6088.24 47.4859 6207.78 -36.8075
6107.33 22.6364 6225.11 -12.9325
6126.43 49.4349 6243.03 -33.3967
6143.46 20.2002 6259.76 -34.3712
6161.08 36.2793 6278.85 -24.6263
6178.71 32.8686 6296.18 -26.5753
6196.62 25.0726 6314.68 -11.4707
6214.83 28.4833 6333.47 -14.8814
6233.33 24.5854 6351.38 -22.6774
6252.42 30.9196 6370.17 -6.59828
6269.75 26.0471 6387.2 7.04458
6287.95 18.2512 6405.99 -15.3687
6305.57 11.4298 6423.6 -7.57277
6324.07 14.3532 6441.51 -14.3942
6342.28 12.4043 6460.3 -12.9325
6359.6 -5.13654 6477.32 -12.9325
6378.1 6.07009 6495.52 -19.7539
6395.71 3.63386 6514.3 -8.54726
6413.62 -5.13654 6531.03 -12.4452
6431.82 -3.18756 6550.4 -8.54726
6450.02 -10.4962 6568.01 -0.264094
6468.22 -10.9835 6586.21 -7.57277
6486.13 -6.59828 6603.81 6.07009
6504.62 -3.18756 6622.3 9.96805
6522.82 -2.70032 6639.61 4.60835
6540.72 -18.7794 6658.1 -2.70032
6558.62 -18.2922 6677.76 -13.9069
6576.23 -5.13654 6694.19 4.12111
6595.01 -7.57277 6712.67 7.53182
6612.33 -25.6008 6730.27 7.53182
6630.81 -7.57277 6748.17 18.2512
6648.71 -14.3942 6766.65 16.7895
6666.9 -10.9835 6784.84 30.9196
6684.8 -23.1646 6802.44 37.741
6702.99 12.4043 6820.62 18.7385
6721.77 -23.1646 6838.22 27.9961
6739.08 -3.18756 6856.7 18.7385
6757.85 -11.4707 6874.88 26.0471
6775.45 -21.7029 6893.36 48.4604
6793.35 -10.4962 6909.78 46.0242
6810.94 -27.5498 6928.84 40.6645
6829.72 -27.5498 6947.31 41.639
6848.19 -30.9605 6964.91 42.6134
6864.91 -29.986 6983.38 39.2027
6883.39 -9.0345 7001.55 42.6134
6902.16 -20.2411 7019.73 39.69
6919.16 -34.3712 7037.32 43.1007
6938.22 -44.1161 7055.79 25.0726
6956.11 -41.1927 7073.67 27.5089
6973.41 -47.5268 7091.55 34.8175
6991.59 -38.2692 7110.02 26.5344
7010.06 -57.759 7127.02 33.3558
7027.94 -52.3993 7146.07 28.9706
7045.24 -56.7845 7163.36 14.3532
7063.41 -57.759 7182.41 14.3532
7081.88 -57.2717 7199.99 -1.23858
7100.05 -58.7335 7217.87 29.9451
7118.81 -60.1952 7236.04 24.0981
7135.52 -80.6595 7253.91 16.7895
7155.45 -62.1442 7272.37 39.69
7172.15 -91.3789 7290.53 19.7129
7190.32 -80.1722 7306.65 33.3558
7209.08 -93.3279 7326.57 32.3813
7226.66 -94.7896 7342.97 46.0242
7244.24 -92.8406 7362.31 33.3558
7262.41 -94.3023 7380.47 39.69
7280.57 -116.228 7398.34 36.7665
7298.74 -124.512 7416.2 50.4094
7316.32 -125.486 7434.36 29.4578
7335.07 -145.95 7452.81 44.5624
7352.64 -139.616 7470.09 50.4094
7371.39 -154.233 7488.25 55.2818
7388.08 -146.925 7507.28 36.2793
7406.83 -167.389 7524.56 46.5114
7425.28 -177.134 7542.71 50.8966
7442.56 -182.006 7560.28 50.8966
7461.31 -176.647 7579.02 49.9221
7478.58 -176.159 7597.46 38.7155
7497.03 -180.545 7615.61 48.4604
7514.6 -187.853 7632.89 23.6109
7533.05 -194.188 7650.74 29.9451
7551.5 -195.162 7668.6 32.3813
7568.77 -187.366 7686.45 38.2282
7588.09 -180.545 7705.48 56.2563
7605.66 -178.596 7722.75 28.4833
7623.23 -189.802 7742.06 34.3303
7641.38 -192.239 7759.92 46.0242
7658.94 -172.749 7777.48 27.0216
7677.38 -190.777 7796.5 41.1517
7694.94 -182.494 7813.76 21.1747
7713.38 -182.494 7831.61 18.7385
7732.41 -194.188 7850.04 35.3048
7749.38 -177.621 7867.6 42.1262
7768.11 -176.647 7886.32 47.9731
7785.08 -181.032 7904.46 40.1772
7802.93 -189.315 7922.6 40.6645
7821.37 -178.596 7940.45 41.639
7839.51 -187.366 7957.41 40.1772
7858.82 -177.621 7976.72 50.4094
7875.21 -185.417 7993.97 38.2282
7893.93 -170.8 8012.69 56.2563
7911.78 -180.057 8028.78 22.6364
7929.91 -161.055 8047.79 29.9451
7948.05 -162.517 8065.63 36.2793
7966.19 -176.159 8083.18 47.9731
7984.32 -172.262 8102.48 29.4578
8001.58 -150.823 8120.61 31.8941
8020.59 -157.644 8139.61 8.50631
8037.55 -167.389 8156.87 11.4298
8056.27 -157.644 8174.7 14.8405
8074.4 -164.466 8193.12 21.6619
8092.83 -138.642 8210.37 8.99356
8112.13 -141.078 8229.37 7.04458
8127.33 -136.693 8246.91 12.4043
8146.92 -129.871 8265.33 8.50631
8164.47 -125.973 8283.75 -3.18756
8182.01 -125.973 8300.7 7.04458
8199.84 -127.435 8319.7 4.12111
8218.26 -116.228 8336.65 0.223151
8236.97 -121.101 8356.53 1.19764
8253.64 -114.767 8374.65 10.4553
8272.05 -118.177 8391.31 -2.21307
8290.47 -90.4044 8410.01 8.50631
8308.59 -79.1977 8426.67 6.07009
8326.72 -76.7615 8445.66 15.3277
8344.54 -51.4248 8464.36 -0.264094
8362.67 -51.4248 8482.19 8.50631
8380.2 -45.0906 8500.3 0.710396
8398.61 -28.5243 8517.83 6.07009
8416.73 -1.72583 8535.95 4.12111
8434.26 8.01907 8554.65 7.53182
8452.97 25.5599 8572.18 2.17213
8471.09 51.8711 8591.17 -5.62379
8488.32 75.7461 8608.99 12.8915
8506.73 97.1849 8626.51 -6.11103
8524.26 104.494 8643.75 3.63386
8542.96 116.675 8662.44 8.01907
8560.49 145.909 8679.68 -9.52174
8579.77 163.45 8697.79 -4.16205
8597.01 183.427 8717.07 -0.751338
8614.25 207.789 8734.59 -5.62379
8632.94 219.971 8753.57 -8.54726
8650.76 233.613 8771.1 -5.13654
8669.16 247.256 8788.91 -11.4707
8686.98 269.67 8807.02 -4.16205
8705.67 287.698 8824.83 -8.54726
8722.91 287.21 8842.93 -7.08552
8740.14 297.442 8861.04 -9.0345
8759.41 296.955 8879.73 1.19764
8776.06 304.751 8897.83 -0.264094
8795.92 315.958 8915.06 5.0956
8812.56 297.442 8933.45 3.14662
8830.67 298.417 8951.26 -0.751338
8850.23 284.774 8970.53 8.99356
8867.17 305.238 8986.88 22.1492
8886.44 309.136 9005.86 9.96805
8903.09 321.317 9023.66 15.815
8921.19 325.215 9042.35 5.0956
8939 311.573 9060.16 6.55733
8957.39 315.958 9078.26 16.3022
8974.91 312.547 9095.77 2.65938
8993.3 319.856 9113.58 12.8915
9011.69 311.085 9132.26 11.4298
9029.5 318.881 9150.65 12.8915
9047.02 310.111 9168.16 4.12111
9066.29 311.573 9186.54 8.50631
9083.22 325.703 9204.35 6.55733
9101.61 316.445 9223.03 15.3277
9118.83 334.473 9239.95 -1.72583
9138.09 329.601 9258.34 -11.4707
9156.48 330.575 9277.31 3.63386
9171.95 333.986 9293.65 -1.72583
9191.51 346.654 9312.62 -0.264094
9209.02 354.45 9329.84 4.60835
9227.4 350.065 9347.06 10.4553
9244.33 364.195 9366.61 -0.264094
9263.89 378.325 9384.99 1.68489
9282.56 379.787 9403.37 -9.0345
9299.49 368.58 9421.47 -5.13654
9318.46 383.198 9439.56 17.2767
9335.68 403.175 9457.94 5.0956
9355.23 418.279 9474.86 -9.0345
9373.03 425.101 9493.53 8.50631
9390.53 426.562 9510.46 -2.21307
9408.04 461.157 9530.59 -11.4707
9425.26 476.749 9546.63 -14.3942
9443.93 489.417 9565.6 -12.9325
9461.73 511.83 9583.98 -10.4962
9480.7 519.139 9602.07 -4.6493
9497.62 533.756 9619.86 -17.8049
9515.42 545.937 9637.66 -17.8049
9534.09 552.271 9656.62 -2.70032
9551.3 550.81 9675 8.99356
9569.68 570.787 9692.5 -2.21307
9587.19 604.894 9710.88 -6.11103
9606.73 616.588 9727.8 -4.16205
9624.53 633.154 9746.76 -10.9835
9641.74 644.848 9763.97 -17.3177
9659.83 660.927 9782.93 -5.13654
9677.62 672.621 9800.14 -21.7029
9695.13 689.675 9818.23 -19.7539
9714.67 702.83 9837.19 -30.9605
9731.3 727.192 9853.81 -12.4452
9750.26 730.116 9872.77 -27.0626
9768.34 765.198 9891.15 -29.4988
9787.01 805.152 9908.35 -15.8559
9804.22 811.486 9927.02 -16.8304
9822.02 839.259 9944.81 -26.5753
9840.39 862.159 9964.07 -11.958
9857.89 891.881 9980.98 -26.5753
9875.98 911.371 10000.2 -23.6518
9894.06 939.144 10017.7 -4.6493
9912.73 974.226 10035.2 -29.986
9930.23 998.1 10053.6 -5.13654
9948.02 1021.49 10071.4 -2.21307
9967.27 1060.96 10090.1 -10.4962
9984.48 1080.44 10108.4 -17.8049
10002 1105.78 10125.3 -15.8559
10020.6 1122.84 10144.6 -17.3177
10038.7 1152.07 10161.2 -26.5753
10056.2 1156.46 10180.8 -23.1646
10074 1197.38 10197.7 -21.2156
10092.7 1193 10215.8 3.63386
10110.5 1209.56 10234.4 -9.52174
10128.3 1225.64 10252.2 -25.1136
10147.2 1246.6 10270.6 -14.3942
10164.1 1258.78 10288.7 -21.2156
10182.8 1271.93 10306.8 -32.4223
10200 1270.96 10325.1 -22.6774
10218.7 1292.88 10342.9 -16.8304
10236.8 1309.45 10362.2 -19.2666
10254.5 1307.5 10378.8 -15.3687
10272.9 1341.61 10397.2 -35.3457
10290.1 1330.4 10416.1 -16.8304
10308.5 1379.13 10433.9 -12.4452
10326.3 1375.23 10451.4 -29.4988
10344.4 1400.08 10468.6 -29.4988
10363.3 1423.47 10487.9 -31.935
10380.5 1455.62 10504.5 -37.7819
10398.9 1486.32 10523.5 -46.5524
10416.1 1491.68 10541.8 -48.5013
10435.4 1534.07 10560.5 -49.4758
10452.9 1559.89 10578 -57.759
10471 1607.64 10595.5 -33.884
10489.9 1644.19 10613.6 -38.7564
10507.1 1672.93 10630.8 -38.2692
10524.6 1700.22 10649.7 -45.0906
10542.4 1729.94 10668.4 -30.9605
10561.1 1766.97 10686.2 -34.8585
10578.9 1797.67 10705.1 -41.6799
10596.4 1836.65 10722.4 -31.935
10614.7 1866.37 10740.1 -33.884
10633.1 1882.94 10757.9 -35.3457
10650.3 1921.92 10777.2 -47.0396
10669.6 1958.46 10794.7 -41.6799
10686.5 1993.54 10812.5 -29.4988
10706.3 2022.29 10830.9 -29.4988
10722.9 2042.27 10849.5 -42.1671
10741.3 2075.4 10867.3 -32.4223
10758.5 2116.33 10885.7 -44.1161
10776.6 2129.97 10902.9 -49.4758
10795.6 2187.95 10921 -43.6289
10812.8 2236.68 10938.8 -42.1671
10831.4 2247.88 10957.2 -39.2437
10849.5 2304.89 10975.3 -52.3993
10867.6 2323.89 10993.6 -57.2717
10884.5 2374.08 11012 -77.2488
10902 2406.24 11029.2 -89.4299
10921 2436.45 11049 -90.4044
10938.8 2473.96 11065.4 -91.8661
10957.2 2521.23 11084.6 -84.5574
10974.1 2554.85 11102.1 -95.7641
10993.3 2585.54 11119.9 -95.7641
11011.4 2630.86 11138.6 -110.869
11028.3 2674.22 11155.8 -105.509
11047.9 2694.2 11174.8 -105.996
11065.1 2715.15 11192.6 -108.432
11084.1 2762.41 11211 -125.973
11100.7 2808.7 11229.3 -129.871
11119.1 2818.45 11246 -136.693
11137.1 2854.02 11265.5 -161.055
11155.2 2876.92 11282.4 -147.899
11173.3 2920.28 11301.1 -150.335
11190.8 2948.54 11318.9 -163.491
11210.1 2983.14 11336.7 -168.364
11228.2 3015.78 11356 -178.108
11244.5 3045.5 11372.9 -182.006
11263.2 3088.38 11391.3 -185.417
11281.3 3136.13 11410 -163.491
11298.8 3169.26 11427.2 -179.083
11317.2 3196.55 11446.4 -163.491
11335.5 3248.2 11463.4 -144.489
11353.9 3278.41 11482 -166.902
11371.7 3309.1 11500.1 -141.078
11388.9 3356.85 11517.9 -123.537
11407.9 3397.78 11536.3 -114.279
11425.1 3448.94 11553.8 -87.9682
11443.5 3485.97 11572.8 -81.1467
11460.7 3527.88 11590 -55.3228
11479.4 3548.34 11609.6 -25.6008
11497.2 3599.99 11626.5 -15.3687
11515.3 3647.74 11644.9 -1.23858
11533.7 3666.25 11663.3 8.99356
11551.5 3713.52 11680.5 27.9961
11569.3 3731.54 11698.9 56.7435
11587.1 3791.47 11717 70.3864
11604.6 3826.56 11735.1 85.491
11622.4 3861.64 11753.2 94.2614
11641.1 3904.03 11771.6 106.93
11660.1 3929.37 11789.7 129.83
11677 3953.24 11806.9 144.935
11696 3979.55 11826.2 158.09
11713.2 4020.48 11843.4 168.323
11731.6 4045.82 11861.5 181.965
11749.7 4079.92 11880.2 227.766
11766.9 4113.06 11897.1 222.407
11786.2 4139.85 11915.8 268.208
11801.9 4182.73 11933 280.389
11821.8 4214.4 11953.2 314.009
11839 4253.38 11970.7 352.988
11857.7 4298.21 11987.1 369.555
11875.2 4337.19 12006.9 412.92
11893.9 4377.63 12024.4 433.871
11911.4 4414.66 12042.6 477.236
11930.1 4464.85 12061.2 533.756
11948.5 4517.47 12079.9 569.325
11965.5 4567.17 12097.8 605.381
11983.6 4623.69 12115 651.669
12002 4656.82 12133.7 672.134
12019.8 4723.57 12151.8 730.116
12037 4779.12 12169.6 769.583
12055.1 4827.84 12188 782.251
12073.2 4888.75 12205.8 825.129
12091 4922.37 12224.5 843.157
12108.5 4988.15 12241.5 881.162
12127.8 5050.03 12260.7 913.807
12145.4 5089.01 12278.3 948.402
12163.8 5146.99 12296.7 966.917
12181.6 5196.2 12314.8 1009.79
12199.7 5232.26 12331.7 1036.11
12217.8 5307.78 12350.1 1062.42
12235 5354.56 12369.1 1118.94
12253.4 5405.72 12386.4 1153.04
12270.7 5450.54 12404.5 1202.74
12289.4 5507.06 12422.3 1250.01
12307.5 5545.56 12441.6 1302.63
12325.3 5607.92 12459.7 1347.46
12343.7 5647.39 12477 1403.49
12361.2 5711.22 12496 1460.01
12380.2 5746.3 12513.2 1513.12
12397.5 5806.23 12531.9 1581.33
12415.3 5842.29 12549.1 1630.06
12434 5891.01 12568.4 1691.94
12450.7 5940.71 12585.1 1744.07
12470.2 5986.51 12605 1792.31
12488.1 6051.32 12622.5 1837.62
12505.6 6063.01 12640.6 1895.12
12524 6144.38 12659.3 1937.51
12541 6168.26 12676.9 1995.49
12559.4 6210.64 12694.7 2048.11
12577.2 6249.14 12713.1 2073.45
12596.2 6286.65 12730.4 2116.33
12613.7 6302.25 12749.7 2169.92
12631.6 6340.74 12767.2 2213.78
12650.6 6383.62 12785.9 2264.94
12667.2 6392.87 12803.5 2299.04
12685.4 6443.55 12821.9 2349.23
12702.6 6472.3 12840.3 2371.64
12721.3 6502.99 12858.4 2432.55
12739.1 6520.53 12876.6 2474.94
12757.3 6550.74 12893.5 2510.02
12776 6586.8 12912.2 2564.11
12792.9 6623.34 12931 2626.47
12811.4 6659.4 12948.2 2665.45
12830.4 6688.15 12966.9 2739.51
12847.3 6736.87 12984.5 2792.14
12865.5 6776.82 13003.2 2840.86
12883 6818.73 13021.3 2931.49
12901.7 6871.35 13039.5 2993.37
12920.1 6903.51 13058.5 3047.94
12937.7 6950.28 13075.4 3111.77
12955.5 7002.42 13093.9 3189.73
12973.7 7035.55 13112.9 3247.22
12991.2 7086.71 13130.1 3313.49
13009.3 7111.07 13148.3 3383.65
13027.2 7152 13166.4 3450.89
13045.3 7185.62 13185.4 3521.05
13062.6 7219.73 13202.4 3571.24
13081.6 7251.4 13221.4 3638.48
13098.8 7296.71 13239 3701.82
13117.9 7315.23 13257.1 3763.7
13135.4 7347.39 13276.1 3820.71
13153 7375.16 13294 3867.49
13171.4 7381.01 13312.7 3943.01
13189 7411.7 13329.7 4002.94
13207.7 7419.5 13348.4 4056.54
13224.9 7422.91 13366.8 4122.31
13244.5 7468.71 13385 4166.65
13263 7499.89 13403.7 4229.02
13279.1 7478.46 13420.7 4279.69
13297.8 7520.85 13439.1 4354.24
13315 7529.62 13457 4424.41
13333.5 7552.03 13475.7 4487.75
13351.3 7598.32 13493.9 4571.07
13369.8 7609.52 13511.4 4640.26
13387.3 7644.12 13531 4717.24
13404.3 7683.1 13549.2 4778.63
13423.3 7708.44 13566.7 4854.64
13441.2 7762.52 13584.6 4934.55
13459.3 7822.45 13603.3 5014.46
13477.8 7880.43 13621.8 5090.96
13494.7 7921.36 13639.3 5167.94
13513.8 7981.29 13659 5249.31
13530.5 8037.81 13675.9 5335.07
13549.8 8104.08 13693.8 5392.07
13567.3 8156.21 13713.1 5467.6
13585.5 8218.58 13731.3 5550.92
13603.6 8297.03 13750 5617.67
13621.5 8361.34 13768.1 5720.96
13639.3 8424.69 13786 5783.82
13656.6 8504.11 13805 5865.68
13675.4 8546.98 13822.9 5938.28
13693.5 8626.89 13842.5 6015.26
13711.1 8685.36 13859.8 6099.55
13730.1 8725.8 13880.3 6179.95
13746.8 8783.3 13898.2 6254.98
13765.8 8748.22 13917.5 6322.71
13783.4 8619.58 13936.2 6407.98
13800.6 8448.07 13952.9 6497.63
13820 8243.43 13971.1 6591.18
13837.6 8027.09 13985.1 6706.17
13856 7854.12 13994.2 6800.7
13873 7695.28 13994.2 6921.05
13890.8 7558.36 13980.7 7004.85
13909.3 7433.14 13962.6 7112.54
13926.9 7306.95 13945 7190.98
