5017.69 -251.682 5052.97 -301.381
5016.22 -8.54726 5070.03 -304.305
5009.75 -12.9325 5088.55 -300.894
5007.69 8.50631 5106.19 -296.022
5013.28 2.17213 5125.01 -294.56
5025.04 7.04458 5142.06 -282.379
5040.03 -2.21307 5159.71 -281.404
5055.62 12.4043 5178.23 -298.945
5072.97 18.2512 5196.17 -338.412
5091.49 10.9425 5215.57 -328.18
5107.96 9.4808 5232.63 -367.159
5127.07 27.9961 5250.27 -386.649
5145.01 18.2512 5269.38 -395.42
5162.94 22.1492 5286.73 -405.652
5182.35 21.6619 5305.25 -384.7
5199.99 26.0471 5321.72 -379.341
5218.51 28.9706 5339.95 -368.134
5236.74 21.1747 5359.35 -361.312
5253.8 12.8915 5376.7 -365.698
5274.09 29.4578 5394.63 -362.774
5291.14 21.1747 5412.57 -364.236
5310.25 20.6874 5431.68 -340.848
5327.89 18.2512 5449.02 -338.899
5346.71 6.55733 5466.66 -330.616
5364.65 17.2767 5484.6 -329.154
5381.11 15.815 5501.94 -327.693
5399.63 23.1237 5520.76 -327.205
5418.74 22.6364 5538.98 -306.741
5436.68 17.764 5556.92 -305.279
5455.79 5.58284 5575.44 -311.126
5474.01 13.866 5592.19 -309.665
5491.95 14.3532 5612.48 -294.56
5509.29 20.6874 5628.94 -280.43
5528.99 23.6109 5647.45 -277.994
5546.04 20.2002 5665.09 -283.353
5564.26 28.4833 5683.9 -267.761
5582.2 21.1747 5702.13 -262.402
5600.42 22.6364 5719.17 -255.093
5618.35 10.4553 5737.1 -269.223
5636.28 24.0981 5755.32 -258.017
5654.8 13.866 5773.84 -257.529
5672.73 21.6619 5792.06 -249.733
5690.96 18.2512 5809.99 -227.807
5709.48 14.8405 5828.5 -223.909
5727.7 36.2793 5846.14 -235.603
5745.63 20.6874 5864.06 -228.782
5763.26 33.3558 5881.69 -225.371
5781.48 21.6619 5899.03 -230.244
5799.7 17.2767 5918.13 -224.884
5816.75 26.0471 5935.76 -208.318
5835.85 35.792 5954.27 -205.881
5853.48 31.8941 5971.9 -211.728
5872 38.2282 5990.41 -224.397
5889.92 31.4068 6008.92 -204.907
5907.26 36.2793 6026.25 -203.445
5927.24 37.741 6044.76 -189.315
5944.28 47.4859 6062.09 -205.394
5962.5 48.4604 6080.6 -189.315
5979.24 44.0752 6098.52 -193.213
5997.75 49.4349 6117.61 -191.264
6016.26 42.1262 6134.94 -183.955
6033.89 62.5905 6151.68 -182.494
6053.57 52.8456 6171.07 -185.904
6070.32 34.8175 6187.52 -183.955
6088.83 62.1032 6206.31 -173.723
6106.45 46.5114 6225.11 -181.032
6124.96 55.7691 6242.44 -151.31
6143.46 53.8201 6260.65 -165.927
6161.08 44.0752 6279.14 -159.106
6180.47 62.1032 6298.23 -165.927
6196.62 48.9476 6314.68 -167.389
6215.13 62.5905 6332.59 -152.772
6234.22 69.4119 6350.79 -169.825
6250.95 74.2844 6368.99 -156.67
6270.63 63.0777 6388.37 -152.284
6286.78 73.3099 6405.11 -161.055
6305.57 64.0522 6423.6 -161.055
6324.37 62.5905 6441.8 -157.157
6341.98 63.565 6459.41 -163.004
6359.89 58.2053 6477.32 -162.517
6377.51 68.4374 6495.81 -161.542
6396.59 70.8736 6513.72 -150.335
6414.21 76.7206 6531.62 -157.644
6432.11 59.667 6549.82 -163.978
6449.73 77.2078 6568.01 -157.644
6467.34 73.3099 6585.33 -156.182
6487.3 68.9247 6604.7 -163.004
6503.74 70.8736 6622.01 -144.976
6523.4 67.9502 6640.79 -147.899
6540.72 67.9502 6658.39 -144.489
6558.33 77.6951 6675.41 -143.514
6577.4 81.1058 6694.48 -150.823
6594.72 74.2844 6712.38 -144.489
6612.62 78.6696 6731.16 -165.44
6630.23 70.3864 6748.46 -150.335
6649 75.7461 6765.77 -154.233
6667.78 85.491 6785.13 -147.412
6685.39 61.1288 6801.56 -145.463
6703.58 73.7971 6820.04 -140.103
6720.59 73.7971 6838.22 -146.438
6739.08 70.3864 6856.11 -144.489
6757.56 73.7971 6875.17 -147.412
6774.86 60.6415 6892.77 -144.001
6793.64 74.2844 6911.83 -146.925
6810.94 66.4884 6928.25 -164.466
6829.72 57.718 6947.61 -161.055
6847.9 73.3099 6964.61 -169.825
6865.2 72.3354 6983.09 -163.978
6883.39 67.9502 7001.55 -174.698
6901.57 71.8481 7018.56 -168.364
6920.34 65.514 7037.91 -144.976
6937.34 90.8507 7055.79 -164.953
6955.52 89.389 7073.38 -163.004
6974.29 77.2078 7092.14 -156.67
6992.47 78.6696 7109.14 -157.157
7010.94 76.7206 7128.19 -167.876
7028.23 87.44 7145.19 -170.313
7046.7 86.9527 7163.07 -190.777
7064 68.9247 7181.82 -308.203
7082.17 83.0548 7199.7 -2312.24
7100.35 77.6951 7217.87 -2291.78
7117.64 93.2869 7235.45 -2275.21
7136.4 100.596 7254.5 -2255.72
7154.28 104.006 7272.66 -2250.36
7172.45 92.3124 7290.53 -2240.13
7191.2 88.9017 7308.11 -2219.18
7208.2 86.9527 7326.28 -2218.2
7227.54 85.491 7344.44 -2189.46
7243.95 86.9527 7361.14 -2184.58
7262.99 91.3379 7381.05 -2158.76
7280.87 84.0293 7398.34 -2142.19
7298.15 95.7231 7415.91 -2132.93
7316.9 107.417 7434.95 -2121.24
7333.89 91.3379 7452.81 -2109.06
7353.81 81.593 7470.68 -2088.11
7370.51 98.6466 7487.95 -2073
7389.26 95.2359 7506.99 -2055.95
7406.54 86.9527 7524.56 -2038.9
7425.57 91.3379 7541.83 -2032.56
7443.15 95.2359 7561.16 -2033.05
7460.72 104.981 7578.14 -2016.97
7478.29 101.57 7596.88 -2009.66
7497.03 112.289 7615.91 -1997.48
7514.9 105.955 7632.59 -1986.27
7533.93 121.06 7651.04 -1973.12
7550.91 108.879 7668.6 -1960.94
7570.53 114.726 7687.63 -1944.37
7587.22 120.573 7705.19 -1925.86
7605.37 125.445 7723.63 -1925.37
7623.81 138.113 7741.77 -1978.48
7641.38 134.703 7759.62 -1989.68
7659.53 130.318 7778.35 -1979.94
7677.09 126.907 7795.32 -1968.25
7694.36 137.626 7813.47 -1962.89
7712.8 136.164 7831.61 -1934.63
7731.23 132.754 7849.46 -1928.29
7749.97 135.677 7869.06 -1896.62
7767.82 137.626 7885.45 -1892.24
7785.67 132.754 7903.88 -1871.77
7803.23 136.164 7922.31 -1854.72
7821.95 144.448 7939.86 -1841.56
7839.22 137.139 7958 -1820.12
7858.53 134.703 7976.13 -1805.99
7874.91 140.55 7995.44 -1782.61
7893.64 134.703 8011.82 -1778.22
7912.07 142.011 8029.95 -1746.55
7929.91 127.394 8046.91 -1725.6
7947.76 125.932 8065.92 -1720.73
7965.89 131.779 8084.05 -1701.24
7984.32 131.779 8102.48 -1695.88
8003.04 143.96 8121.48 -1670.05
8019.42 133.241 8138.45 -1650.56
8037.55 160.527 8156.28 -1634
8055.69 149.807 8174.99 -1614.99
8074.11 160.039 8192.54 -1595.5
8092.53 154.68 8211.54 -1583.81
8110.96 168.323 8227.91 -1568.22
8129.09 191.71 8247.2 -1550.68
8145.46 161.014 8265.04 -1534.6
8164.18 160.527 8282.58 -1533.14
8182.3 167.348 8300.99 -1521.93
8200.14 171.733 8319.11 -1495.62
8219.14 164.425 8337.82 -1495.13
8236.97 175.144 8355.94 -1490.26
8254.22 169.297 8373.77 -1470.77
8271.76 176.606 8391.31 -1462.97
8290.18 167.348 8409.43 -1452.74
8308.59 173.682 8427.84 -1426.43
8325.84 191.223 8445.95 -1413.76
8344.54 185.376 8464.36 -1407.43
8362.96 201.455 8481.6 -1396.71
8380.49 201.943 8499.14 -1379.65
8398.9 193.172 8518.13 -1368.93
8416.73 199.994 8535.66 -1362.11
8435.14 207.302 8553.48 -1339.7
8452.38 222.894 8571.89 -1325.08
8471.09 205.353 8590.29 -1323.62
8488.91 224.843 8608.11 -1307.54
8506.15 222.407 8625.64 -1290
8524.85 223.868 8644.92 -1284.15
8542.38 245.307 8661.28 -1276.85
8561.08 242.384 8680.26 -1290.98
8578.31 252.616 8698.66 -1273.43
8597.3 254.078 8716.48 -1259.79
8615.12 260.412 8735.17 -1254.92
8633.23 264.31 8752.7 -1236.4
8651.05 270.157 8770.8 -1237.38
8668.87 267.721 8789.2 -1224.22
8687.86 272.593 8807.02 -1219.35
8704.8 286.723 8825.41 -1214.48
8723.49 274.055 8843.52 -1208.14
8741.31 286.723 8861.33 -1191.58
8759.12 271.618 8879.14 -1178.42
8776.64 285.261 8897.54 -1175.99
8795.34 286.723 8915.35 -1164.29
8813.15 293.057 8933.16 -1156.5
8832.13 291.108 8951.85 -1160.88
8848.78 305.726 8969.66 -1148.7
8866.3 293.545 8987.76 -1126.77
8884.98 293.057 9004.98 -1125.8
8903.67 327.164 9023.37 -1112.64
8921.48 320.343 9041.47 -1076.1
8938.71 337.397 9059.28 -1081.46
8956.81 350.552 9078.55 -1066.84
8974.91 355.912 9095.48 -1046.38
8993.89 370.042 9114.45 -1041.02
9011.4 375.889 9131.96 -1030.3
9029.21 403.662 9150.06 -1010.32
9047.6 400.251 9168.45 -1004.96
9064.83 437.769 9186.54 -1197.91
9084.09 435.82 9205.81 -1171.11
9102.19 447.027 9223.03 -1160.88
9118.54 465.542 9240.25 -1150.65
9136.63 479.185 9258.34 -1156.98
9155.61 487.955 9276.14 -1148.21
9174.29 487.955 9294.53 -1128.72
9190.92 516.215 9312.33 -1126.77
9210.48 537.654 9329.84 -1132.62
9227.99 544.476 9347.93 -1115.08
9245.79 565.427 9366.31 -1111.67
9263.89 566.402 9385.57 -1089.26
9281.1 577.121 9402.79 -1080.49
9300.07 601.97 9421.47 -1068.3
9318.17 602.458 9438.97 -1065.87
9336.26 627.794 9457.35 -1062.94
9354.35 637.052 9474.28 -1052.71
9373.32 651.669 9493.24 -1032.74
9390.24 673.595 9512.21 -1019.09
9407.17 677.006 9529.13 -1016.17
9425.55 693.085 9547.8 -986.935
9443.64 721.833 9565.6 -973.292
9461.15 734.014 9583.68 -980.601
9479.82 764.223 9601.77 -959.649
9497.91 761.787 9619.57 -930.902
9516.58 785.174 9638.53 -945.032
9533.8 799.792 9656.03 -935.287
9552.47 822.205 9674.41 -929.44
9569.39 834.386 9691.33 -905.565
9587.19 852.414 9710.58 -905.565
9605.57 870.93 9728.09 -894.358
9623.95 889.445 9745.59 -882.177
9642.03 927.45 9764.84 -874.381
9660.41 943.529 9782.93 -868.534
9678.2 958.146 9800.72 -872.919
9695.42 975.687 9818.23 -854.891
9714.67 991.766 9836.6 -833.94
9732.46 1012.23 9855.27 -826.631
9749.97 1034.16 9872.77 -812.014
9768.05 1040.98 9890.85 -814.937
9787.89 1046.82 9909.23 -794.96
9804.81 1077.52 9927.02 -796.422
9822.02 1091.65 9945.4 -760.853
9839.23 1103.35 9962.61 -759.391
9858.48 1133.55 9981.27 -751.108
9875.98 1148.66 10000.5 -719.925
9894.06 1160.84 10018.3 -704.333
9912.44 1163.76 10035.5 -689.715
9930.23 1196.41 10053.3 -660.481
9949.48 1214.92 10072 -659.019
9965.52 1242.7 10089.2 -630.272
9985.36 1269.01 10108.1 -614.68
10002.6 1289.47 10126.8 -608.833
10019.8 1328.94 10143.1 -595.19
10038.7 1330.4 10162.4 -580.085
10055.4 1366.94 10179.6 -562.545
10074.6 1368.41 10197.7 -548.902
10092.4 1423.95 10216 -554.261
10110.8 1454.65 10233.8 -536.233
10129.1 1483.88 10253.1 -530.386
10146.4 1516.53 10270.9 -535.259
10165 1529.68 10289 -540.131
10182.2 1552.1 10306.2 -530.386
10201.2 1582.31 10324.8 -543.542
10218.7 1595.46 10343.5 -525.514
10236.5 1631.52 10360.1 -538.67
10254.8 1644.67 10380.3 -557.185
10271.8 1657.34 10397.2 -549.389
10290.7 1678.78 10415.3 -572.777
10308.5 1688.04 10433 -580.085
10326.3 1694.86 10451.1 -575.7
10344.7 1724.1 10469.2 -566.443
10361.9 1740.66 10487.3 -553.287
10381.1 1761.61 10505.4 -546.466
10397.8 1769.9 10524.3 -526.488
10416.7 1790.85 10541.8 -532.335
10435.4 1820.08 10560.5 -512.358
10452 1840.55 10577.7 -473.379
10471 1866.86 10595.8 -472.404
10487.9 1885.37 10613.9 -476.302
10507.7 1909.25 10631.9 -470.943
10524.3 1939.46 10650.3 -464.608
10543 1977.95 10667.2 -463.634
10560.8 2016.93 10686.2 -455.351
10578.6 2043.73 10704 -436.835
10597.5 2078.81 10721.8 -441.221
10614.7 2107.56 10740.4 -430.014
10632.5 2144.1 10759.4 -425.142
10651.5 2183.08 10776.6 -435.374
10669.9 2211.34 10793.5 -419.782
10687.1 2249.83 10813.1 -419.295
10704 2271.27 10830.9 -409.062
10722.9 2310.74 10848.6 -396.394
10740.1 2350.2 10867.6 -392.983
10758.2 2387.24 10884.5 -387.624
10777.5 2407.7 10903.5 -389.573
10795 2438.4 10921 -381.29
10813.1 2475.43 10939.9 -369.108
10830.6 2500.28 10957.7 -362.287
10850.1 2532.92 10975.8 -359.851
10867.9 2531.95 10994.2 -341.823
10884.8 2573.85 11011.7 -334.514
10902.6 2619.16 11030.1 -341.335
10921 2645.96 11047.6 -335.001
10939.1 2685.92 11066.3 -314.05
10956.3 2710.77 11083.8 -307.228
10974.7 2747.8 11102.1 -299.432
10993.6 2777.03 11120.5 -301.869
11010.5 2821.37 11137.7 -279.455
11029.2 2850.12 11155.5 -281.404
11047 2907.13 11173.9 -278.968
11064.5 2937.33 11192.6 -265.325
11083.5 2970.95 11210.7 -268.736
11101 3016.27 11229.1 -262.889
11119.4 3043.55 11246.9 -258.504
11136.3 3098.13 11265.2 -240.963
11155.5 3138.08 11282.7 -252.17
11172.7 3174.14 11300.8 -241.45
11191.4 3204.35 11318.3 -246.323
11209.5 3239.43 11337.9 -265.325
11227.3 3283.28 11355.7 -249.246
11245.7 3305.69 11373.5 -244.374
11262.9 3352.95 11391.3 -247.297
11281.6 3371.47 11409.7 -243.886
11299.4 3402.65 11427.5 -237.552
11317.2 3437.25 11445.6 -237.065
11335.5 3479.64 11464 -229.269
11352.8 3539.08 11481.5 -224.884
11371.7 3566.85 11499.8 -219.524
11388.7 3605.83 11518.2 -194.188
11407 3622.89 11535.7 -181.032
11426.6 3665.77 11555 -167.389
11442.9 3683.79 11571.6 -163.491
11461.3 3740.8 11591.2 -131.82
11478.5 3775.88 11608.4 -127.435
11497.5 3810.96 11626.5 -113.305
11515.6 3859.2 11644.6 -89.4299
11532.5 3897.69 11662.4 -84.0702
11551.8 3946.42 11680.5 -67.9911
11569.3 3949.83 11699.5 -50.4503
11587.7 4002.94 11718.5 -15.3687
11604.6 4039.97 11735.4 -4.6493
11623.3 4086.26 11753.5 17.764
11642 4121.34 11771.9 42.1262
11659.8 4163.24 11788.8 76.2333
11677.9 4228.53 11808.1 106.93
11694.5 4243.15 11825.6 93.7742
11712.9 4278.72 11844 136.164
11731.6 4311.85 11861.2 152.244
11748.8 4366.42 11879 165.399
11767.8 4390.3 11897.1 207.789
11784.7 4429.28 11915.5 222.894
11804 4468.26 11933.3 244.82
11821.5 4510.65 11952.3 281.363
11839 4556.94 11970.4 324.728
11857.4 4580.32 11988.8 356.399
11875.8 4623.2 12006 378.325
11892.8 4647.56 12025 424.126
11911.4 4721.14 12043.1 465.542
11929.8 4731.37 12061 493.802
11947.9 4775.71 12079.9 535.218
11966 4809.33 12097.8 580.044
11984.1 4831.74 12115 620.973
12001.4 4859.52 12132.8 660.927
12019.8 4902.88 12152.1 716.473
12037.3 4940.4 12169.9 773.968
12055.4 4974.51 12187.7 809.049
12074.1 5013.97 12205.8 854.851
12090.1 5050.52 12223.1 907.96
12108.8 5077.8 12242.3 968.378
12126.7 5134.81 12259.6 1010.77
12145.6 5158.68 12277.4 1052.18
12163.2 5218.62 12296.1 1108.22
12181.9 5283.91 12313.6 1151.1
12199.7 5312.65 12333.5 1181.79
12216.3 5344.32 12350.7 1234.9
12235 5392.56 12369.4 1265.11
12252.9 5443.23 12386.1 1331.38
12272.4 5483.68 12405.6 1366.46
12290.5 5528.02 12423.5 1413.72
12307.5 5558.71 12440.1 1437.11
12325.3 5610.85 12460 1494.12
12343.4 5643.49 12477.3 1538.45
12361 5686.37 12495.7 1561.36
12379.9 5727.79 12513.8 1614.95
12397.2 5768.23 12531.9 1644.19
12415.9 5803.31 12550.6 1694.37
12432.5 5816.46 12567.3 1738.23
12451.8 5870.55 12586 1789.87
12469.6 5910.02 12604.1 1841.52
12487.2 5944.61 12622.5 1889.27
12506.2 5975.79 12640.6 1946.77
12524.3 6006.98 12658.2 1988.67
12541.5 6064.96 12677.5 2047.63
12558.5 6092.73 12694.4 2087.58
12577.2 6133.17 12712.8 2146.05
12595.9 6185.8 12731 2187.95
12613.7 6232.57 12749.1 2228.88
12631.6 6259.86 12768.4 2288.81
12649.4 6320.28 12785 2325.84
12667.8 6360.72 12803.5 2368.23
12685.4 6413.83 12822.2 2419.88
12703.8 6471.81 12840.3 2466.17
12721.6 6510.79 12857.6 2506.61
12739.4 6557.56 12876 2551.44
12757.9 6599.95 12895 2592.37
12775.4 6659.89 12912.5 2649.37
12793.5 6729.07 12931.3 2678.61
12811.9 6754.41 12948.2 2713.2
12829.2 6801.19 12966.6 2756.57
12847.3 6851.37 12984.8 2805.29
12866 6898.15 13002.9 2867.17
12883.3 6934.2 13021.3 2897.87
12901.1 6974.16 13039.8 2954.39
12919 7008.75 13057.3 3002.63
12937.7 7057.96 13075.4 3050.38
12955.5 7103.77 13094.8 3115.67
12973.7 7145.18 13113.2 3161.95
12991.2 7182.7 13129.8 3243.81
13010.2 7213.4 13149.5 3302.28
13027.8 7277.71 13167 3364.16
13045.9 7312.3 13184.3 3424.58
13064.3 7348.85 13203.3 3497.67
13081.6 7402.45 13221.1 3552.24
13099.7 7444.35 13239 3626.3
13117.3 7495.02 13257.7 3688.67
13135.7 7531.57 13275.6 3737.39
13154.1 7592.96 13294.9 3822.66
13170.2 7643.63 13311.8 3871.87
13189.5 7680.18 13330 3935.21
13207.1 7727.44 13347.2 3981.99
13225.5 7782.5 13367.1 4053.13
13242.8 7831.22 13385.3 4111.11
13261.8 7881.41 13403.1 4149.6
13279.9 7919.41 13421.6 4219.28
13296.3 7950.11 13438.8 4263.61
13315.4 8011.01 13457 4317.7
13333.8 8053.4 13475.4 4391.27
13352.2 8093.36 13493.3 4468.75
13369.5 8124.06 13512.3 4544.76
13387.6 8173.75 13530.7 4596.89
13405.8 8218.58 13548.9 4652.92
13423.3 8236.61 13567 4739.65
13441.2 8273.15 13585.8 4835.64
13458.7 8302.39 13603.3 4905.8
13476.9 8373.53 13621.5 4991.56
13495.9 8409.58 13640.5 5081.7
13513.8 8450.02 13658.1 5176.71
13530.7 8481.69 13676.2 5264.9
13549.2 8522.13 13693.8 5354.07
13567.3 8578.17 13712.5 5454.93
13584.9 8619.1 13731.6 5537.27
13603.9 8678.05 13749.7 5630.34
13621.8 8719.96 13768.4 5719.99
13638.8 8765.76 13786.6 5802.82
13657.2 8821.79 13804.8 5891.5
13675.1 8869.05 13823.8 5969.46
13692.6 8914.85 13841.6 6076.65
13711.9 8946.52 13861.3 6157.05
13729.2 8973.32 13879.7 6263.27
13747.9 9034.72 13899 6357.31
13765.5 9012.3 13916.6 6433.32
13782.5 8892.93 13935.6 6524.43
13801.8 8750.65 13953.2 6616.03
13819.1 8517.26 13969.9 6728.1
13838.4 8298.49 13985.1 6846.5
13854.2 8118.21 13994.8 6949.8
13873.6 7928.67 13994.2 7052.12
13891.1 7783.96 13981 7152.98
13909.3 7622.19 13962.9 7248.96
13927.4 7500.87 13944.4 7373.7
