5018.28 -161.055 5051.21 -171.287
5016.51 81.593 5070.91 -183.955
5009.75 90.8507 5087.96 -199.547
5007.4 104.494 5106.78 -204.42
5014.45 102.057 5123.84 -205.881
5026.21 102.545 5141.77 -225.371
5040.33 99.6211 5160.59 -210.754
5055.62 103.032 5178.82 -241.938
5073.26 97.6721 5196.75 -258.504
5090.02 89.8762 5213.81 -288.713
5108.54 91.3379 5232.33 -325.744
5127.07 92.3124 5250.27 -336.95
5145.59 94.2614 5267.62 -364.723
5162.94 89.8762 5287.02 -348.157
5181.17 83.542 5304.66 -344.259
5200.87 86.9527 5323.19 -345.721
5219.1 91.8252 5341.12 -337.437
5237.04 100.596 5359.06 -330.616
5255.27 96.6976 5376.11 -341.823
5273.5 79.1568 5394.05 -326.718
5292.02 87.44 5412.86 -349.131
5309.66 86.4655 5431.68 -315.511
5327.89 74.7716 5448.73 -302.356
5346.12 88.9017 5466.96 -320.384
5364.06 75.7461 5483.72 -309.665
5382.87 77.6951 5501.94 -304.792
5400.51 69.4119 5520.46 -298.945
5419.04 54.7946 5539.57 -303.33
5436.38 74.2844 5556.92 -290.175
5455.49 44.5624 5575.14 -293.098
5473.43 66.9757 5593.95 -297.483
5491.65 51.3839 5610.71 -295.047
5511.06 46.9987 5628.94 -289.2
5528.4 42.6134 5647.45 -282.866
5547.21 53.8201 5665.68 -291.149
5563.97 77.6951 5683.9 -277.506
5581.61 62.5905 5701.24 -265.813
5600.42 71.8481 5719.76 -277.019
5618.06 86.4655 5736.22 -260.453
5637.17 76.2333 5755.32 -276.532
5654.22 98.6466 5774.14 -267.761
5671.85 88.9017 5792.36 -249.246
5691.84 96.6976 5811.16 -253.631
5708.59 104.981 5827.62 -247.784
5727.4 107.417 5846.43 -245.835
5745.33 113.264 5863.77 -250.708
5763.85 118.136 5881.11 -243.399
5781.19 110.828 5899.62 -240.476
5799.11 117.649 5917.54 -233.654
5817.92 115.7 5936.05 -235.603
5835.85 130.805 5953.39 -225.371
5854.07 148.833 5972.19 -223.909
5871.41 146.884 5990.7 -213.19
5889.63 162.476 6008.63 -223.422
5908.73 169.297 6026.84 -213.19
5926.06 172.708 6043.29 -224.884
5943.99 186.838 6062.68 -216.114
5962.2 186.351 6080.6 -201.009
5980.42 207.302 6098.81 -218.55
5998.64 202.43 6116.44 -217.088
6016.26 229.228 6134.06 -208.318
6035.07 217.047 6153.45 -218.062
6052.11 204.866 6170.19 -206.856
6071.49 193.659 6188.69 -205.394
6088.83 210.226 6206.61 -211.241
6107.04 193.172 6224.82 -212.703
6125.54 193.172 6243.61 -192.239
6142.87 168.323 6260.94 -186.392
6162.85 172.708 6278.56 -218.55
6179.59 188.787 6296.76 -198.085
6197.5 162.476 6315.85 -188.828
6214.54 173.195 6333.17 -196.136
6233.33 152.731 6350.79 -185.417
6251.25 163.45 6369.58 -172.262
6268.57 164.912 6387.49 -180.545
6288.25 151.756 6405.4 -173.723
6305.57 154.68 6423.6 -183.468
6323.19 164.912 6442.1 -174.698
6342.28 161.988 6460.3 -174.698
6360.19 163.937 6476.73 -145.95
6378.68 166.861 6495.81 -155.695
6395.71 170.759 6514.3 -146.925
6413.91 173.195 6532.21 -149.848
6431.53 192.198 6550.7 -132.795
6450.9 169.297 6567.72 -121.588
6468.81 165.886 6585.91 -136.693
6485.54 175.631 6603.81 -113.792
6504.62 165.399 6622.01 -118.177
6522.52 176.119 6639.91 -96.2513
6539.84 159.065 6658.69 -91.8661
6558.91 173.195 6677.17 -75.2998
6576.52 174.17 6693.31 -78.7105
6594.42 166.861 6712.09 -74.8125
6612.03 180.991 6729.98 -49.9631
6631.69 176.119 6748.76 -52.3993
6648.71 179.042 6766.65 -52.3993
6666.9 183.914 6783.66 -20.2411
6685.39 174.17 6803.02 -31.935
6702.99 180.016 6820.04 2.65938
6721.77 185.863 6839.1 -9.52174
6739.08 188.3 6857.58 15.3277
6757.85 191.223 6875.47 15.3277
6775.45 200.968 6893.06 17.764
6793.35 191.223 6910.37 28.9706
6812.41 201.943 6929.43 55.2818
6829.42 207.789 6947.02 54.7946
6847.9 195.608 6964.61 40.6645
6866.38 199.506 6983.67 65.514
6883.39 196.583 7001.26 71.8481
6902.16 204.379 7019.44 65.514
6919.46 194.147 7036.74 70.8736
6937.64 183.914 7055.79 75.2588
6955.52 203.404 7072.79 87.9272
6973.12 193.172 7091.55 86.4655
6992.17 199.019 7110.31 68.9247
7009.76 199.506 7127.02 96.6976
7028.82 200.968 7145.78 90.8507
7046.7 195.608 7162.77 95.2359
7064 188.787 7181.82 99.6211
7081.29 202.917 7200.29 84.5165
7099.76 215.585 7217.57 81.593
7118.23 216.073 7236.04 84.0293
7135.81 214.124 7253.62 86.4655
7154.28 195.608 7271.49 77.6951
7172.15 219.483 7290.24 88.4145
7190.32 218.022 7307.82 70.3864
7208.49 218.022 7326.86 73.7971
7226.66 243.846 7343.85 69.4119
7245.41 228.741 7361.72 66.0012
7261.53 239.948 7379.3 61.1288
7281.74 230.203 7398.63 57.2308
7299.03 230.69 7417.08 52.3583
7316.32 238.486 7434.65 40.1772
7334.48 235.562 7453.11 18.7385
7352.64 243.358 7470.97 34.8175
7371.1 243.846 7488.54 37.2538
7388.38 247.256 7506.7 35.3048
7407.12 246.282 7524.27 17.2767
7425.57 248.718 7543.3 18.2512
7442.56 243.846 7560.28 17.764
7461.31 260.412 7579.31 24.5854
7479.17 269.67 7596.29 29.4578
7497.91 257.001 7614.44 13.866
7515.19 246.282 7633.76 -5.13654
7533.64 244.333 7651.04 10.9425
7551.5 244.333 7669.48 0.710396
7569.06 238.973 7686.45 1.19764
7587.51 242.384 7706.36 4.60835
7604.78 243.846 7723.04 -3.18756
7623.23 234.101 7741.18 -7.57277
7641.67 225.817 7759.62 -10.4962
7659.53 230.69 7777.18 4.12111
7677.67 236.05 7795.32 -2.70032
7695.23 230.203 7813.18 -12.4452
7713.38 225.33 7833.07 -18.7794
7731.23 244.82 7850.34 -23.6518
7749.67 238.973 7867.6 -14.3942
7768.4 263.335 7885.45 -21.2156
7784.79 244.82 7903.88 -16.8304
7804.1 257.976 7922.6 -2.70032
7820.49 271.131 7940.15 -8.54726
7840.39 268.208 7958.29 -9.0345
7858.53 273.567 7977.3 -10.9835
7875.5 281.851 7993.68 -6.11103
7893.93 274.055 8012.4 -10.009
7911.48 271.618 8029.37 0.223151
7929.91 287.21 8047.79 1.68489
7947.76 283.8 8065.63 -1.72583
7965.89 283.312 8082.88 12.4043
7984.32 276.978 8102.77 8.50631
8001.87 268.695 8120.31 9.4808
8020.3 268.695 8138.45 22.6364
8038.43 252.129 8157.45 2.65938
8055.98 238.973 8174.99 19.2257
8073.53 237.999 8192.83 21.6619
8094 229.228 8210.95 25.0726
8110.96 228.741 8229.08 7.04458
8128.8 224.356 8247.5 18.7385
8146.63 233.613 8264.75 25.5599
8163.88 224.356 8283.45 36.7665
8182.01 218.996 8300.99 43.5879
8200.72 213.636 8319.99 25.0726
8218.85 230.69 8336.94 48.4604
8237.27 207.302 8355.94 33.3558
8253.93 223.381 8373.48 36.2793
8272.93 226.792 8391.6 32.3813
8290.76 233.126 8410.3 51.8711
8308.01 244.333 8427.54 57.2308
8325.55 257.488 8445.66 68.9247
8343.96 256.027 8464.07 67.4629
8362.67 265.284 8481.6 71.3609
8380.2 266.259 8500.01 66.4884
8398.61 282.338 8516.67 66.4884
8416.44 281.851 8535.95 67.9502
8434.85 286.723 8554.94 54.7946
8452.97 291.108 8572.18 50.8966
8470.5 296.468 8590.29 76.2333
8489.79 290.134 8608.99 71.8481
8507.32 306.7 8626.22 62.5905
8524.56 281.851 8643.16 75.7461
8543.25 303.777 8663.03 70.8736
8560.49 296.955 8680.55 65.0267
8578.31 296.468 8697.5 73.7971
8597.3 304.264 8716.19 62.5905
8614.83 289.159 8733.71 61.616
8633.53 296.468 8753.57 50.8966
8651.05 306.7 8770.22 40.1772
8669.45 305.238 8788.62 37.2538
8687.27 336.422 8807.31 22.1492
8704.8 312.547 8825.12 24.5854
8723.49 335.448 8843.23 15.3277
8741.02 344.218 8860.75 4.60835
8759.12 332.037 8879.14 10.9425
8776.06 345.68 8897.54 19.2257
8794.75 369.067 8915.06 2.65938
8813.15 379.787 8934.04 -10.9835
8831.84 394.891 8950.68 -22.1901
8849.36 404.149 8969.95 -13.4197
8867.17 408.534 8987.17 -10.9835
8885.57 422.664 9006.15 -25.1136
8903.38 425.101 9023.37 -34.3712
8921.77 438.743 9041.76 -19.2666
8939.88 440.205 9060.16 -26.0881
8957.39 453.361 9077.96 -22.1901
8975.5 461.644 9096.06 -25.6008
8993.3 468.953 9113.58 -28.037
9011.69 486.006 9131.67 -25.6008
9029.5 497.213 9150.06 -44.1161
9047.02 492.34 9168.16 -34.8585
9065.7 499.649 9186.25 -28.037
9082.63 516.703 9204.06 -49.9631
9101.31 509.394 9222.44 -45.5779
9119.12 527.909 9240.83 -49.9631
9136.93 538.629 9258.05 -45.0906
9155.61 566.889 9277.31 -61.1697
9173.41 558.606 9294.53 -49.9631
9191.51 568.838 9312.62 -53.861
9209.6 586.379 9329.84 -52.8865
9227.99 600.996 9347.35 -32.9095
9245.21 620.973 9367.77 -35.3457
9263.3 639.976 9384.99 -43.6289
9282.85 655.567 9403.96 -27.0626
9300.07 672.621 9420.59 -28.5243
9317.87 675.544 9439.26 -17.8049
9335.97 685.777 9457.64 -0.751338
9355.23 708.19 9474.86 -2.21307
9373.32 711.113 9493.82 6.55733
9389.95 731.578 9511.62 22.6364
9408.92 741.322 9529.42 37.741
9425.84 744.246 9547.51 43.1007
9443.35 761.3 9565.6 50.8966
9462.02 771.044 9583.68 54.7946
9479.82 794.432 9601.19 75.2588
9498.78 812.947 9620.74 86.4655
9516 815.384 9637.66 102.057
9534.38 825.129 9656.03 120.573
9551.3 839.259 9675 122.522
9569.97 854.851 9691.92 137.626
9588.06 856.312 9711.46 149.32
9605.27 861.672 9727.21 149.32
9623.95 890.419 9746.47 157.603
9641.74 895.292 9764.84 172.221
9660.12 910.396 9782.34 174.657
9677.33 943.042 9800.72 174.17
9696.58 944.016 9817.93 189.761
9714.67 948.402 9836.89 192.685
9732.76 965.455 9854.39 189.274
9750.55 993.228 9872.77 180.504
9768.05 1004.92 9891.73 180.991
9786.14 1027.82 9908.94 179.042
9805.1 1062.42 9927.31 168.81
9822.31 1077.52 9945.4 178.555
9839.81 1097.01 9964.36 167.348
9857.6 1136.97 9981.27 155.654
9875.98 1153.53 9998.77 154.68
9894.06 1175.94 10017.4 121.547
9912.73 1197.87 10035.5 114.238
9931.11 1217.36 10053.3 91.8252
9948.02 1250.01 10070.8 79.1568
9966.4 1251.47 10090.1 58.2053
9984.19 1276.8 10108.1 46.5114
10002.6 1301.65 10125.6 19.7129
10020.9 1329.91 10143.7 -1.23858
10038.7 1332.35 10162.1 -30.4733
10056.5 1358.66 10180.2 -38.7564
10074.9 1394.23 10197.7 -142.052
10093 1403 10216.3 -399.318
10110.5 1438.08 10234.1 -529.899
10128.6 1472.19 10251.9 -742.338
10146.9 1499.48 10270.3 -742.338
10164.1 1541.87 10288.7 -744.774
10182.5 1570.61 10306.8 -735.029
10200.9 1604.72 10324.3 -724.31
10219 1645.16 10342.9 -730.157
10235.9 1685.6 10361.3 -708.718
10255.1 1726.04 10379.4 -695.075
10272.6 1752.84 10397.8 -697.024
10290.1 1784.03 10414.7 -702.871
10309.1 1804.98 10433 -696.05
10326.6 1833.24 10451.4 -701.897
10344.1 1869.29 10469.5 -689.228
10362.8 1884.4 10487.6 -671.687
10381.4 1896.09 10505.4 -669.251
10398.3 1908.27 10524 -640.504
10417 1936.05 10541.2 -634.17
10434.8 1968.69 10559.3 -617.116
10452.6 1985.75 10578 -605.909
10471.5 1985.75 10596.1 -592.267
10488.7 2028.62 10614.7 -566.93
10507.1 2056.4 10631.4 -561.083
10525.5 2086.12 10650.3 -539.157
10543.6 2104.63 10668.1 -519.667
10560.8 2120.23 10686.2 -500.664
10580 2149.46 10704 -474.353
10596.1 2177.72 10722.4 -485.073
10614.4 2214.75 10741 -483.611
10632.2 2244.96 10758.2 -480.687
10651.5 2295.15 10776.3 -440.733
10668.4 2317.56 10795 -428.552
10686.8 2365.31 10812.2 -427.091
10704.6 2393.57 10831.7 -412.96
10722.6 2435.96 10849.2 -429.04
10741.3 2464.22 10867.6 -408.088
10759.4 2521.23 10885.1 -392.009
10776.9 2537.79 10902.6 -382.751
10796.2 2588.47 10921.9 -363.261
10812.8 2626.96 10938.8 -386.649
10830.6 2662.53 10957.7 -383.238
10848.6 2677.63 10975.8 -358.876
10866.1 2726.85 10993.6 -366.672
10885.7 2753.16 11012.3 -367.647
10902.3 2788.73 11029.2 -347.67
10921.3 2819.91 11048.2 -347.182
10938.5 2861.81 11065.7 -342.31
10957.2 2884.23 11084.1 -339.386
10974.7 2928.56 11101.9 -328.667
10992.8 2953.41 11119.6 -316.486
11010.8 3002.63 11138.3 -327.205
11029.2 3007.99 11157 -311.614
11047.3 3045.5 11174.8 -310.639
11065.4 3082.53 11192 -292.611
11083.2 3108.85 11210.4 -269.223
11101.9 3159.52 11229.1 -264.838
11119.1 3197.52 11246.9 -267.274
11137.1 3231.14 11264.9 -257.042
11154.4 3275.97 11282.4 -229.269
11172.4 3321.77 11301.1 -201.496
11192 3355.88 11319.5 -209.292
11209.2 3399.24 11337.3 -195.649
11227 3437.25 11355.1 -174.21
11244.5 3483.05 11373.2 -183.955
11263.5 3524.46 11391.6 -157.157
11281 3573.19 11409.7 -139.129
11299.4 3605.83 11428.1 -122.075
11317.2 3662.35 11446.7 -105.996
11335 3672.59 11463.6 -92.8406
11353.9 3732.52 11482 -81.1467
11371.1 3768.09 11499.3 -64.5804
11388.9 3799.27 11517.6 -61.6569
11407 3850.92 11536.6 -60.1952
11425.1 3870.9 11554.1 -69.9401
11443.5 3916.21 11572.2 -85.0447
11461 3932.78 11590.3 -86.9937
11479.7 3968.83 11608.1 -57.759
11496.9 4014.63 11626.5 -48.0141
11516.2 4048.74 11644.3 -26.5753
11533.4 4081.87 11663.3 3.63386
11551.8 4128.16 11680.2 32.3813
11569.3 4164.22 11699.2 79.1568
11586.2 4214.89 11717 92.3124
11605.5 4261.18 11735.4 102.545
11622.7 4289.93 11753.8 161.988
11641.4 4339.63 11771 195.121
11660.1 4374.71 11790.6 256.027
11677.6 4438.54 11806.9 279.902
11695.7 4473.13 11826.2 314.983
11713.2 4511.13 11843.4 356.399
11731 4561.32 11861.2 379.3
11749.1 4609.07 11880.2 408.047
11766.6 4637.33 11897.7 429.973
11785.6 4677.29 11915.2 442.154
11803.1 4722.6 11933.6 480.647
11822.1 4753.78 11952 507.932
11840.2 4796.17 11971 520.113
11856.8 4828.82 11988.2 534.243
11875.8 4885.83 12007.2 551.784
11892.8 4905.32 12025 559.093
11912 4958.43 12043.1 584.917
11929.5 5003.74 12060.7 610.254
11947.6 5037.36 12079.1 616.101
11965.8 5082.67 12097.5 658.004
11983.6 5115.81 12115.6 671.646
12002.5 5139.68 12133.4 696.009
12018.6 5196.2 12151.2 736.937
12037.3 5211.31 12170.5 766.172
12055.1 5264.9 12187.4 794.432
12073.8 5271.72 12205.2 855.825
12092.2 5315.09 12223.9 883.598
12109.1 5334.58 12241.8 932.81
12127.8 5368.2 12259.9 978.611
12144.5 5408.64 12278 1043.41
12163.8 5436.41 12296.4 1090.19
12181.6 5453.95 12315.1 1141.35
12199.4 5490.5 12332.6 1198.36
12217.8 5514.86 12350.1 1257.8
12235 5548.48 12368.3 1319.68
12253.1 5571.87 12387.3 1375.72
12271 5593.79 12404.2 1449.29
12289.4 5617.18 12422.6 1484.86
12308.4 5655.67 12441.3 1551.12
12325.6 5683.93 12458.8 1614.46
12343.7 5707.81 12477.8 1675.37
12361.5 5724.37 12496 1722.15
12379.6 5753.61 12513.8 1764.05
12396.9 5795.51 12532.2 1811.31
12415 5835.47 12549.7 1867.83
12433.7 5845.7 12567.3 1914.12
12451.5 5885.17 12585.1 1952.61
12469.4 5919.27 12604.1 1992.57
12487.8 5940.22 12623.1 2039.83
12505.6 5975.79 12640.9 2081.73
12524 6021.11 12659.3 2121.2
12541.3 6060.09 12676.3 2154.33
12560.3 6082.99 12694.4 2195.75
12578.1 6123.43 12713.1 2227.91
12595.9 6163.87 12731.5 2275.17
12613.4 6197 12749.4 2312.2
12631.6 6216.49 12766.6 2366.77
12650.3 6278.37 12785.3 2408.67
12667.5 6307.61 12803.5 2442.78
12685.9 6347.07 12822.2 2476.4
12704.4 6367.05 12840 2533.9
12720.7 6395.8 12857.8 2585.06
12739.7 6435.27 12876 2637.19
12757.6 6456.22 12894.7 2679.09
12775.4 6496.17 12912.8 2727.82
12793.5 6522.97 12930.1 2785.31
12811.1 6556.1 12948.5 2847.68
12829.2 6612.62 12967.2 2891.05
12846.7 6636.5 12985.6 2949.52
12866 6666.71 13003.2 3006.52
12883 6727.12 13021.9 3066.94
12902 6778.29 13039.5 3103
12920.7 6811.9 13057.9 3158.54
12938.3 6846.5 13075.7 3212.63
12955.8 6883.04 13094.2 3253.07
12972.5 6940.54 13110.8 3304.72
12991.2 6986.83 13131 3362.7
13009.3 7048.71 13149.5 3414.83
13028.1 7080.38 13166.7 3447.97
13045.9 7131.54 13184.6 3492.79
13063.7 7177.83 13202.1 3532.75
13081.9 7203.16 13222 3580.01
13099.1 7262.12 13238.7 3626.79
13117.6 7308.41 13257.7 3674.54
13135.1 7346.9 13275.3 3729.11
13153.3 7382.96 13293.4 3784.17
13171.7 7443.37 13312.4 3833.87
13189.2 7468.71 13330.3 3917.18
13207.7 7520.36 13349.3 3977.12
13225.5 7565.67 13366 4047.28
13243.4 7610.5 13384.7 4125.73
13261.8 7680.18 13403.4 4201.25
13279.4 7721.1 13420.7 4270.92
13298.4 7773.73 13439.1 4359.6
13314.8 7842.43 13457 4449.74
13332.6 7886.28 13476.3 4542.81
13351.9 7925.26 13493.6 4642.2
13369.5 7986.16 13511.4 4716.27
13387.3 8042.2 13530.5 4805.43
13405.2 8075.82 13548 4876.08
13423.9 8137.7 13567 4960.38
13440.6 8200.07 13585.5 5038.33
13459.3 8231.74 13603.6 5094.37
13477.8 8285.33 13622.4 5174.76
13494.1 8317.49 13639.3 5234.21
13513.8 8371.09 13658.4 5305.34
13531 8405.2 13675.4 5388.66
13549.8 8459.28 13693.2 5449.08
13567.6 8490.46 13713.4 5519.24
13585.5 8537.73 13731 5573.33
13603 8580.12 13750 5659.08
13621.5 8626.89 13767.9 5721.45
13640.2 8653.69 13786.3 5794.54
13657.8 8704.36 13805 5895.88
13674.8 8725.8 13823.2 5969.46
13693.5 8780.37 13842.2 6072.27
13711.7 8803.27 13860.1 6177.03
13729.5 8860.28 13879.7 6272.04
13747.1 8913.88 13898.2 6380.69
13765.5 8899.75 13916.9 6479.12
13783.1 8756.99 13936.2 6570.23
13801.2 8608.38 13953.5 6666.71
13819.4 8396.43 13971.1 6784.13
13837.3 8217.61 13985.1 6910.82
13855.4 8036.84 13994.8 7013.63
13873 7874.1 13995.7 7122.28
13890.3 7733.29 13982.2 7222.17
13909.6 7620.73 13963.2 7322.54
13927.1 7527.18 13944.7 7423.88
