7014.16 -406.626 7041.72 -376.904
7012.99 -327.205 7056.67 -377.879
7008.3 -326.718 7069.28 -398.343
7005.37 -297.971 7084.52 -374.468
7010.35 -324.282 7098 -390.06
7019.14 -314.05 7112.07 -376.904
7030.58 -322.333 7126.43 -366.672
7042.89 -326.718 7139.91 -387.624
7056.67 -318.922 7154.57 -387.624
7069.57 -315.024 7168.34 -401.267
7084.23 -298.458 7181.82 -409.55
7097.71 -302.843 7195.89 -409.062
7112.36 -320.384 7210.25 -434.886
7126.43 -305.279 7224.61 -431.476
7140.21 -299.92 7238.38 -437.323
7153.98 -320.871 7252.74 -424.654
7168.64 -289.2 7265.92 -418.32
7183.88 -306.254 7279.69 -419.295
7197.94 -289.2 7294.93 -421.731
7211.42 -298.945 7308.99 -407.113
7226.07 -308.69 7322.76 -414.909
7239.55 -305.767 7336.24 -424.167
7255.08 -312.101 7350.88 -420.269
7267.97 -304.305 7364.65 -406.626
7282.33 -301.381 7378.71 -415.884
7296.1 -298.458 7393.36 -427.578
7310.46 -287.739 7406.24 -413.935
7324.81 -313.563 7421.18 -419.295
7338.58 -290.662 7435.24 -423.68
7352.93 -307.228 7449.59 -412.473
7367.29 -307.228 7462.77 -415.397
7380.76 -310.152 7476.24 -428.065
7395.41 -323.307 7491.18 -419.295
7408.88 -311.126 7505.23 -437.323
7423.82 -308.203 7518.7 -429.527
7437.29 -303.818 7532.17 -422.705
7451.06 -305.767 7546.52 -448.529
7466.58 -300.894 7561.45 -437.323
7478.88 -317.948 7574.33 -444.631
7494.69 -292.124 7589.56 -450.478
7507.87 -313.563 7603.61 -431.476
7522.51 -308.203 7617.08 -444.631
7535.69 -307.716 7631.13 -441.708
7549.45 -301.381 7644.89 -434.399
7564.67 -296.509 7660.11 -436.348
7578.73 -305.279 7671.82 -434.886
7592.78 -296.996 7687.33 -433.912
7606.25 -312.588 7701.67 -438.297
7619.71 -307.716 7715.14 -430.014
7634.35 -304.305 7730.36 -417.346
7648.4 -310.152 7744.11 -418.807
7663.04 -304.792 7758.16 -423.193
7677.38 -312.588 7770.74 -415.884
7691.14 -310.639 7785.96 -426.603
7704.89 -308.203 7799.71 -411.011
7717.77 -296.509 7814.05 -441.708
7733.58 -303.33 7828.68 -422.705
7746.75 -308.69 7841.56 -424.654
7761.09 -313.075 7855.6 -420.269
7774.84 -287.739 7869.94 -433.912
7789.18 -299.432 7884.28 -423.68
7803.52 -301.869 7898.32 -448.529
7817.27 -301.381 7911.48 -445.606
7832.19 -286.764 7925.53 -445.606
7845.07 -292.124 7940.45 -437.81
7859.41 -282.866 7953.61 -426.603
7873.74 -285.302 7969.11 -442.195
7887.79 -269.71 7982.86 -449.991
7901.83 -290.662 7997.48 -425.629
7914.99 -297.483 8009.77 -429.527
7929.91 -293.098 8024.39 -427.091
7943.96 -300.894 8037.55 -441.221
7958.29 -293.098 8051.89 -416.858
7972.91 -286.764 8065.34 -440.733
7985.78 -283.353 8078.5 -415.884
8000.7 -302.843 8094.58 -430.501
8013.86 -290.662 8108.03 -417.833
8027.9 -299.432 8122.65 -410.524
8042.53 -279.943 8137.28 -426.116
8056.27 -296.022 8150.43 -440.733
8070.89 -304.792 8165.35 -437.323
8084.64 -306.254 8178.79 -434.399
8099.26 -296.996 8192.54 -442.195
8113.3 -302.356 8205.99 -440.733
8126.16 -296.509 8220.31 -445.119
8141.37 -288.713 8234.93 -427.091
8154.53 -304.792 8248.67 -434.399
8168.85 -293.098 8262.41 -436.835
8182.89 -298.458 8277.9 -447.068
8196.34 -305.767 8291.05 -450.478
8211.25 -284.328 8305.09 -453.889
8224.99 -287.739 8319.7 -444.144
8238.73 -277.506 8333.73 -439.272
8253.05 -286.277 8347.47 -438.297
8266.21 -275.07 8361.5 -446.58
8280.53 -280.43 8375.23 -432.937
8295.15 -277.994 8388.97 -436.348
8309.18 -272.147 8403.87 -443.657
8322.92 -274.583 8417.02 -437.81
8337.24 -279.943 8431.93 -446.58
8351.27 -280.917 8445.66 -442.682
8365 -294.073 8459.1 -448.042
8379.03 -293.585 8473.72 -432.45
8393.35 -284.815 8487.74 -449.017
8407.96 -284.328 8501.77 -434.886
8421.7 -289.2 8515.79 -439.759
8436.31 -297.971 8529.81 -440.733
8449.17 -290.175 8544.42 -447.068
8463.2 -286.277 8558.74 -453.402
8477.51 -294.073 8572.18 -445.606
8491.54 -294.56 8585.62 -458.761
8506.15 -296.509 8600.81 -447.555
8519.59 -286.277 8614.54 -460.71
8533.03 -284.815 8628.85 -465.096
8547.64 -289.2 8642 -458.761
8561.37 -278.968 8654.27 -457.787
8575.68 -293.098 8670.62 -452.427
8589.71 -278.968 8684.35 -459.736
8604.02 -282.379 8698.66 -458.761
8617.75 -293.585 8711.52 -463.147
8631.48 -269.71 8726.41 -468.994
8646.38 -267.274 8740.43 -460.71
8660.11 -276.532 8754.16 -467.532
8674.71 -273.608 8768.76 -458.274
8688.44 -286.764 8781.61 -468.506
8702.17 -280.43 8796.21 -450.478
8717.36 -277.019 8810.52 -454.376
8729.92 -277.994 8824.83 -465.583
8744.23 -273.121 8838.85 -455.838
8758.54 -276.532 8852.86 -447.068
8771.97 -287.739 8866.3 -456.325
8785.99 -283.841 8881.19 -470.455
8800.3 -272.634 8895.5 -451.453
8814.9 -267.274 8908.93 -461.198
8828.04 -271.659 8922.36 -455.351
8842.35 -274.583 8936.96 -460.71
8856.95 -274.583 8951.85 -460.223
8870.68 -270.198 8964.99 -477.277
8884.98 -263.376 8979 -476.79
8899 -263.376 8992.72 -478.251
8912.14 -264.351 9007.32 -467.045
8926.15 -266.3 9021.62 -468.506
8940.46 -251.682 9034.47 -481.662
8954.47 -268.249 9049.35 -478.739
8968.2 -269.223 9063.07 -465.096
8984.25 -272.147 9078.55 -459.736
8996.52 -259.478 9091.1 -477.764
9010.24 -261.427 9105.69 -463.147
9025.13 -254.119 9118.83 -471.43
9038.84 -251.682 9134.3 -455.838
9053.15 -254.606 9147.43 -476.302
9066.87 -265.325 9161.74 -458.761
9081.17 -255.093 9176.33 -468.506
9094.02 -256.555 9189.75 -464.608
9108.9 -272.634 9204.06 -459.736
9122.33 -264.838 9218.07 -456.325
9137.22 -268.736 9232.07 -465.096
9151.23 -280.917 9246.08 -461.198
9164.36 -267.761 9259.8 -456.812
9179.25 -258.504 9274.39 -451.453
9192.38 -258.991 9287.82 -451.94
9206.68 -289.688 9302.41 -452.427
9221.28 -266.3 9315.83 -461.685
9234.99 -275.07 9328.96 -457.3
9249.88 -265.813 9343.84 -466.07
9263.3 -248.759 9357.56 -455.351
9277.6 -258.017 9372.74 -474.353
9291.9 -262.889 9386.74 -471.43
9304.74 -251.195 9399.58 -469.481
9319.92 -248.272 9415.04 -463.634
9333.34 -256.555 9429.05 -475.328
9348.22 -241.938 9441.89 -468.994
9362.23 -235.603 9457.06 -480.2
9376.53 -259.478 9471.07 -483.611
9390.53 -246.81 9485.36 -474.353
9403.37 -232.68 9499.37 -480.687
9417.67 -248.759 9513.37 -467.045
9431.09 -236.578 9527.09 -448.529
9445.39 -234.142 9540.8 -444.144
9460.27 -233.654 9555.09 -439.272
9473.69 -227.32 9569.1 -428.552
9487.99 -233.654 9583.39 -429.527
9501.12 -244.374 9597.4 -437.81
9515.71 -238.527 9611.98 -429.04
9529.42 -230.731 9625.4 -432.45
9544.59 -221.96 9639.11 -423.193
9557.72 -242.912 9653.7 -417.346
9571.72 -222.448 9666.83 -428.065
9586.6 -228.782 9681.41 -408.088
9599.73 -228.782 9695.13 -422.705
9614.32 -219.524 9710 -416.371
9627.44 -221.473 9724.01 -400.292
9641.74 -218.55 9738.01 -394.932
9656.03 -219.524 9751.72 -393.471
9669.75 -221.96 9766.01 -397.369
9684.33 -218.55 9779.43 -391.522
9697.75 -204.907 9793.72 -386.649
9711.75 -219.524 9807.43 -397.856
9725.75 -226.346 9822.31 -396.881
9739.76 -209.779 9835.73 -384.7
9754.34 -212.216 9851.18 -379.828
9768.34 -213.677 9863.73 -385.675
9782.64 -228.782 9878.02 -381.777
9796.93 -222.448 9892.02 -394.932
9810.06 -205.881 9906.61 -388.598
9824.35 -195.162 9920.31 -386.162
9837.77 -189.802 9933.73 -393.958
9852.35 -210.267 9948.61 -381.29
9865.77 -209.779 9962.02 -403.703
9880.94 -197.111 9976.9 -409.55
9894.65 -193.7 9990.9 -410.037
9907.77 -193.7 10004.3 -402.241
9922.06 -205.881 10018.9 -398.83
9936.65 -193.7 10032.3 -406.139
9950.36 -190.29 10047.2 -394.932
9964.65 -175.672 10061.2 -407.113
9978.07 -181.032 10074.3 -426.603
9993.82 -157.644 10088.6 -434.886
10006.1 -161.542 10102.9 -421.731
10020.6 -173.723 10117.5 -418.32
10034.1 -169.825 10130.9 -427.091
10048.9 -161.542 10144.3 -421.244
10062.4 -172.749 10158.3 -435.374
10075.5 -156.182 10172.9 -447.068
10091.5 -141.565 10187.8 -445.606
10104.9 -158.619 10201.5 -445.119
10119.2 -147.412 10215.8 -434.886
10132.4 -136.693 10229.2 -455.838
10145.8 -142.052 10242.9 -446.093
10160.9 -143.514 10258.3 -442.195
10174 -133.282 10271.2 -450.478
10188.6 -124.512 10286 -456.325
10203.8 -115.741 10300.3 -453.889
10216.6 -107.458 10314.3 -439.272
10231.2 -109.407 10327.2 -442.682
10243.8 -103.073 10341.8 -444.144
10259.5 -95.2768 10355.8 -446.58
10272.3 -93.3279 10370.6 -446.093
10286.6 -86.9937 10384.3 -437.323
10301.2 -98.6875 10398.6 -437.81
10314 -80.1722 10411.8 -412.473
10329.2 -74.3253 10426 -423.193
10342.3 -53.861 10440.3 -427.091
10356.9 -37.7819 10454.6 -402.241
10371.2 -34.3712 10467.4 -408.088
10384.6 -18.2922 10482 -405.164
10399.5 -11.958 10497.8 -408.575
10412.3 -10.009 10510 -404.19
10426.3 -11.958 10523.7 -402.241
10440.9 17.764 10538.9 -413.935
10456.1 33.843 10552.9 -394.445
10469.2 36.2793 10566.6 -390.547
10483.2 71.8481 10580.9 -381.777
10497.8 47.9731 10594.9 -383.238
10510 86.9527 10608.9 -377.392
10524 85.491 10622.3 -378.366
10539.5 94.2614 10636.3 -367.159
10553.2 117.162 10651.5 -357.415
10566.9 121.06 10665.2 -348.644
10580.9 139.088 10679.2 -341.823
10595.5 119.111 10693.8 -370.083
10608.9 147.858 10706.9 -357.415
10623.2 152.244 10720.3 -357.415
10637.5 150.782 10735.8 -360.338
10651.5 175.144 10748.6 -360.338
10665.2 186.838 10763.5 -342.797
10679.2 190.736 10776.9 -344.746
10693.8 199.506 10791.5 -337.925
10707.8 201.943 10806.4 -351.08
10720.3 223.381 10818.6 -342.797
10734.9 224.843 10833.8 -332.078
10749.8 231.177 10847.2 -328.667
10763.2 231.664 10861.8 -327.693
10777.5 246.769 10877 -309.665
10791.2 262.848 10889.8 -311.614
10805.5 268.208 10903.2 -306.741
10818.9 269.182 10918.1 -309.177
10833.8 269.67 10932.4 -311.126
10845.7 290.134 10945.8 -315.511
10862.1 302.315 10959.8 -296.022
10874.3 308.162 10974.1 -317.948
10889.5 315.471 10987.8 -325.744
10903.5 328.626 11002.7 -338.899
10916.6 357.861 11016.7 -339.874
10931.5 346.654 11029.8 -356.44
10945.5 361.759 11044.7 -356.44
10959.2 364.682 11058.4 -365.21
10973.2 361.759 11073.3 -360.825
10988.1 380.761 11086.7 -362.287
11001.8 385.147 11101.3 -364.236
11015.2 396.353 11114.7 -350.106
11030.1 390.506 11129 -339.874
11043.8 414.381 11142.4 -338.899
11058.1 421.69 11157.3 -331.103
11071.8 423.639 11171.6 -323.795
11085.8 435.333 11184.1 -319.409
11099.5 444.103 11199.6 -315.999
11112.6 441.18 11213 -320.871
11127.5 452.874 11227 -306.741
11142.1 472.851 11241 -300.894
11154.9 441.667 11254.7 -300.894
11169 458.72 11270.2 -315.024
11183.3 460.182 11283 -313.563
11198.4 482.595 11297.3 -318.435
11211.8 482.108 11311.3 -314.537
11225.5 473.338 11325.9 -331.591
11239.9 497.213 11339.9 -349.131
11253.3 502.085 11353.4 -343.772
11267.6 504.034 11367.9 -367.647
11282.1 507.445 11382.2 -352.542
11295.9 522.55 11395.9 -361.312
11310.2 529.858 11409.7 -373.494
11323.6 538.141 11424.3 -383.726
11338.5 548.374 11438.6 -398.343
11351.9 568.351 11452.3 -418.807
11365.9 579.557 11466.6 -408.088
11379.6 600.509 11480.3 -428.065
11393.9 605.381 11494.3 -425.629
11408.2 622.922 11508.6 -406.139
11421.9 638.514 11521.7 -416.858
11435.6 654.106 11536.3 -411.011
11449.1 664.338 11550.3 -399.318
11464 666.287 11564.6 -400.779
11478 692.111 11579.5 -397.369
11492 707.215 11592.1 -382.751
11506.6 706.728 11606.7 -397.369
11520 727.68 11621 -373.494
11534.3 740.348 11635.3 -383.726
11547.4 738.399 11649.3 -389.573
11562.3 754.965 11662.4 -390.06
11576.3 765.685 11678.2 -373.006
11589.7 762.761 11690.7 -384.7
11604 759.838 11705.6 -387.624
11617.8 796.381 11719.3 -384.213
11631.5 782.738 11733.3 -385.675
11645.5 812.46 11747.4 -388.111
11659.8 823.18 11761.7 -380.802
11674.1 808.075 11776.3 -397.369
11687.5 838.771 11789.4 -390.06
11701.8 857.774 11803.1 -377.879
11715.8 856.799 11817.4 -370.57
11730.1 865.57 11831.1 -360.338
11744.7 899.677 11846.3 -371.545
11758.7 929.886 11859.8 -374.955
11772.5 932.322 11874.4 -354.978
11785.9 954.736 11888.4 -333.052
11800.2 982.021 11901.5 -337.925
11813.6 984.458 11916.1 -324.282
11828.2 1003.46 11929.8 -314.537
11842.8 1010.28 11943.8 -285.79
11856 1048.77 11958.2 -275.557
11870.3 1041.47 11972.8 -273.121
11884 1071.19 11986.8 -243.886
11898 1085.32 12000.8 -224.884
11912.9 1081.42 12013.9 -223.422
11926.3 1104.81 12028.5 -212.216
11940.3 1130.63 12043.1 -201.983
11953.8 1142.81 12057.1 -189.315
11968.4 1153.04 12070.6 -190.777
11983.3 1152.07 12086.7 -181.032
11995.2 1179.84 12098.9 -175.672
12009.8 1193.97 12113.2 -174.21
12023.6 1199.82 12127.3 -164.953
12037.9 1222.72 12141.6 -158.619
12052.5 1227.11 12155.3 -159.593
12066.2 1253.42 12169.3 -134.256
12080.5 1271.44 12184.5 -136.205
12093.7 1296.78 12197.4 -115.741
12108.8 1312.37 12212 -112.818
12122.6 1332.35 12225.4 -98.2003
12136.9 1353.3 12239.1 -77.2488
12150.3 1365 12253.1 -83.0957
12163.5 1366.46 12268.3 -58.2462
12177.5 1388.87 12283.2 -42.1671
12192.1 1390.82 12295.8 -24.6263
12205.8 1416.64 12310.7 -13.9069
12220.4 1425.41 12324.1 -0.751338
12234.5 1439.06 12338.2 20.2002
12248.2 1440.03 12352.5 41.1517
12261.9 1457.57 12365.6 55.2818
12276.8 1473.65 12381.1 69.4119
12290.3 1481.45 12394 89.8762
12304 1492.65 12408 83.542
12318.3 1496.06 12422.9 88.9017
12332 1516.53 12436 109.853
12346 1533.58 12451 118.136
12360.4 1537.48 12465.3 119.111
12373.8 1544.3 12479.6 132.754
12389 1579.87 12493 141.037
12403.3 1595.95 12507.6 154.68
12415.9 1612.03 12521.7 191.71
12430.2 1628.6 12535.4 194.634
12445.1 1643.21 12550 188.3
12458.8 1675.37 12563.5 221.432
12472 1686.09 12577.5 234.101
12486 1715.81 12591.8 245.307
12500.6 1728.48 12605.8 263.823
12515 1747 12620.2 272.593
12528.7 1763.07 12633.9 304.264
12542.1 1786.46 12647.6 315.471
12556.2 1801.57 12662.3 334.473
12569.9 1811.31 12676.3 351.039
12585.4 1821.54 12689.5 361.759
12598.8 1829.83 12704.1 379.787
12612.9 1850.29 12718.7 410.483
12626.3 1871.24 12732.4 414.381
12640 1881.48 12746.4 418.766
12654.9 1896.58 12760.8 437.769
12668.4 1907.79 12774.8 455.797
12682.1 1911.68 12789.1 462.618
12696.5 1915.58 12802.6 493.802
12710.8 1935.07 12816.9 492.34
12724.2 1958.46 12830.7 527.422
12738.6 1991.59 12845.3 542.527
12752.3 2002.8 12860.2 546.425
12767.2 2016.44 12873.1 575.172
12780.7 2024.24 12888 579.557
12793.2 2052.01 12901.4 602.458
12808.1 2063.22 12915.5 603.919
12821.9 2090.99 12930.1 641.437
12836.2 2110.48 12943.2 655.567
12850.8 2113.4 12958.2 665.8
12864.3 2143.13 12971.6 684.315
12878.3 2182.59 12986.2 709.164
12892.6 2208.42 13000.3 724.269
12905.5 2203.54 13014 750.58
12920.7 2222.55 13028.1 762.761
12934.5 2242.04 13042.1 771.044
12948.5 2287.84 13056.7 799.792
12962 2275.17 13071.1 835.848
12976.3 2296.61 13083.9 845.106
12991.8 2325.84 13099.7 864.595
13004.7 2325.84 13113.5 884.085
13018.7 2343.87 13127.8 895.292
13032.1 2358 13141.6 930.373
13046.5 2380.41 13155 939.631
13060.5 2384.8 13169.4 955.223
13075.2 2406.73 13184 986.894
13088 2436.93 13198.3 1022.46
13102.1 2448.14 13210.6 1041.47
13116.7 2472.99 13227.3 1071.19
13129.8 2498.81 13239.6 1094.09
13143.9 2513.43 13253.6 1129.66
13158.8 2543.15 13267.9 1148.17
13172.9 2550.46 13282.3 1165.71
13187.2 2591.88 13296 1199.82
13200.1 2602.6 13311.3 1222.23
13214.7 2629.88 13325 1240.75
13229 2661.55 13339.1 1261.7
13242.5 2682.99 13352.8 1283.63
13256.8 2705.41 13367.1 1316.27
13270.6 2721.49 13380.6 1340.15
13284.6 2734.64 13396.7 1362.56
13298.1 2743.9 13409.6 1369.38
13313 2772.16 13423.3 1397.64
13327 2781.9 13437.7 1419.57
13340.2 2805.78 13451.1 1438.08
13354 2825.27 13466.4 1461.96
13367.4 2825.76 13479.2 1492.65
13382.9 2864.74 13493.9 1517.02
13396.4 2858.89 13507.3 1534.07
13410.7 2874.97 13521.7 1569.64
13425.1 2900.79 13536.3 1578.9
13438 2896.89 13550.4 1621.29
13453.5 2933.44 13565.3 1649.06
13466.4 2940.75 13579.6 1668.06
13479.8 2967.06 13592.2 1702.66
13495 2999.7 13607.7 1738.23
13508.5 3010.42 13621.8 1778.67
13522.5 3033.81 13635.2 1796.69
13535.4 3057.2 13649.6 1845.42
13550.9 3099.59 13663.9 1870.27
13565.3 3114.2 13678 1889.76
13578.2 3145.88 13692 1932.64
13592.8 3165.85 13706.4 1943.36
13606.3 3180.47 13720.1 1981.85
13619.7 3222.37 13734.8 2014.98
13634.4 3230.66 13749.1 2032.03
13648.1 3260.87 13762.9 2075.4
13662.8 3281.82 13778.4 2090.99
13675.6 3299.84 13791.3 2113.89
13691.2 3304.72 13805.9 2147.02
13704.3 3336.39 13819.4 2164.08
13718.1 3341.75 13833.7 2203.06
13732.4 3374.39 13848.4 2233.27
13746.5 3391.45 13863.3 2266.89
13760 3411.91 13878.8 2295.63
13774.6 3428.96 13892 2332.18
13788.9 3444.07 13906.4 2360.92
13801.8 3478.18 13921 2400.39
13816.5 3446.99 13936.8 2428.16
13829.9 3377.8 13950 2462.76
13844 3296.92 13964.9 2513.92
13858.9 3203.86 13976.9 2556.8
13872.7 3114.69 13987.2 2604.06
13886.2 3051.84 13995.4 2652.78
13900.2 3001.65 13993.6 2695.17
13914.6 2957.31 13984.3 2736.1
13928 2911.02 13970.2 2770.7
13941.5 2859.86 13956.4 2806.75
