7013.87 -377.392 7042.01 -380.315
7011.52 -303.818 7056.67 -385.675
7007.71 -296.996 7069.86 -398.343
7005.37 -286.764 7084.52 -380.315
7010.94 -307.228 7097.71 -379.828
7020.03 -298.945 7112.36 -380.315
7030.87 -312.588 7126.14 -372.032
7042.6 -318.435 7140.21 -367.647
7056.96 -304.305 7154.28 -376.904
7069.57 -325.256 7168.05 -391.522
7083.93 -300.407 7182.7 -394.932
7098 -292.611 7196.18 -433.912
7111.78 -310.152 7210.54 -436.835
7126.14 -300.894 7224.02 -431.963
7140.21 -315.999 7238.38 -427.091
7154.86 -296.022 7253.03 -429.04
7168.93 -296.509 7265.92 -439.759
7182.7 -311.614 7280.28 -417.346
7197.06 -305.279 7294.93 -426.603
7212.01 -296.509 7307.82 -417.346
7226.07 -304.792 7321.88 -428.065
7239.85 -301.381 7336.82 -422.705
7253.91 -294.073 7351.47 -423.68
7267.97 -311.614 7364.36 -426.116
7282.92 -295.534 7377.25 -431.476
7297.27 -292.124 7392.77 -432.45
7310.16 -297.483 7406.24 -430.014
7323.64 -280.43 7420.6 -428.065
7338.58 -280.43 7434.36 -445.606
7353.23 -290.175 7448.71 -420.269
7368.46 -297.483 7463.36 -433.425
7380.76 -291.636 7476.53 -435.374
7394.82 -297.483 7490.88 -424.654
7409.17 -292.124 7505.23 -435.861
7423.23 -284.328 7519.29 -423.193
7437.58 -291.149 7533.34 -426.603
7451.93 -305.767 7547.11 -438.297
7465.99 -292.124 7561.16 -433.912
7479.76 -290.175 7574.63 -437.323
7494.4 -297.483 7590.14 -437.323
7507.28 -297.483 7602.15 -433.912
7521.63 -302.356 7617.08 -422.705
7536.86 -298.945 7631.42 -433.425
7550.03 -292.124 7645.47 -428.065
7564.97 -291.636 7659.53 -420.756
7579.31 -299.432 7672.99 -440.246
7592.49 -301.381 7688.21 -430.989
7606.54 -287.739 7701.38 -430.501
7620.59 -287.739 7715.43 -439.272
7634.64 -280.917 7729.19 -420.269
7647.81 -285.79 7743.53 -448.529
7662.45 -280.917 7757.87 -429.527
7676.8 -293.585 7770.74 -439.759
7691.14 -282.379 7785.67 -442.195
7705.48 -297.483 7799.42 -440.733
7719.24 -287.739 7813.47 -431.476
7733.58 -285.302 7828.68 -431.963
7747.33 -279.943 7841.27 -424.654
7761.67 -288.226 7856.48 -451.453
7775.43 -301.381 7869.35 -425.142
7788.6 -282.379 7883.69 -434.399
7803.81 -271.659 7898.03 -448.042
7816.39 -277.019 7912.07 -430.989
7831.61 -293.098 7926.4 -438.297
7845.07 -279.943 7940.15 -443.17
7859.11 -279.455 7954.19 -441.221
7874.91 -290.175 7967.65 -446.093
7886.91 -278.968 7982.57 -431.476
7900.95 -295.047 7996.61 -449.504
7916.46 -301.381 8010.06 -437.323
7929.33 -277.994 8024.68 -440.246
7943.66 -274.583 8039.02 -436.835
7957.7 -296.509 8052.47 -428.065
7972.33 -278.481 8065.92 -436.348
7985.78 -275.07 8079.96 -439.759
8000.12 -262.402 8094.58 -441.221
8014.74 -272.147 8107.74 -432.937
8028.2 -257.529 8123.24 -424.167
8042.53 -265.325 8136.4 -436.835
8055.98 -274.096 8149.56 -430.989
8070.31 -267.274 8165.05 -435.861
8083.47 -272.147 8179.09 -429.04
8099.85 -260.453 8192.83 -426.603
8114.17 -258.504 8206.57 -443.17
8126.46 -282.379 8220.02 -423.193
8141.08 -272.147 8235.51 -436.348
8155.11 -264.838 8248.67 -441.221
8167.98 -269.223 8263.28 -447.068
8182.89 -278.968 8276.15 -423.68
8196.92 -276.045 8291.93 -426.603
8210.66 -291.149 8305.96 -425.629
8223.82 -271.172 8319.11 -426.116
8239.31 -272.634 8333.73 -426.116
8251.88 -287.251 8346.3 -429.527
8266.5 -266.787 8361.79 -423.193
8281.7 -268.249 8375.23 -439.759
8294.56 -280.917 8388.09 -431.476
8309.76 -269.223 8403.87 -428.065
8322.33 -266.3 8417.32 -440.246
8337.53 -277.994 8432.22 -427.578
8350.68 -269.71 8445.95 -430.501
8364.71 -251.195 8459.4 -428.065
8379.03 -257.529 8474.3 -434.399
8392.77 -252.17 8487.45 -450.478
8407.09 -265.813 8501.18 -438.784
8421.41 -265.325 8516.08 -438.297
8436.02 -259.478 8529.81 -429.527
8449.75 -252.657 8544.13 -426.603
8463.2 -257.529 8557.57 -428.552
8477.51 -274.583 8572.47 -427.091
8491.25 -241.938 8585.91 -422.705
8505.85 -260.94 8599.93 -418.32
8520.17 -266.3 8614.54 -407.601
8533.32 -250.708 8628.27 -423.193
8547.64 -263.864 8641.7 -420.269
8561.37 -264.838 8656.02 -423.193
8576.56 -253.631 8670.92 -423.193
8589.71 -262.402 8683.48 -419.295
8604.02 -267.761 8697.79 -425.629
8618.63 -249.733 8712.1 -417.346
8631.19 -247.297 8726.12 -421.244
8645.8 -257.042 8740.72 -428.552
8659.82 -258.504 8753.86 -420.756
8674.13 -242.912 8769.05 -423.193
8689.03 -266.3 8781.9 -436.348
8702.75 -266.787 8796.8 -437.81
8717.07 -265.813 8811.4 -439.272
8729.92 -261.915 8824.83 -426.116
8743.64 -247.784 8839.43 -444.631
8758.54 -261.915 8852.86 -438.784
8772.26 -262.402 8866.88 -432.937
8786.57 -258.991 8880.6 -432.937
8800.3 -245.348 8895.2 -430.014
8814.9 -248.759 8908.93 -443.657
8828.92 -247.297 8923.53 -436.348
8842.06 -250.221 8937.54 -441.708
8856.95 -244.374 8950.68 -429.04
8871.26 -241.938 8963.82 -437.81
8884.4 -231.705 8979 -425.629
8898.42 -237.065 8993.01 -437.323
8912.14 -241.938 9008.48 -439.272
8927.03 -243.886 9021.62 -428.552
8939.58 -243.886 9035.05 -445.606
8955.06 -245.835 9048.77 -434.886
8968.2 -240.476 9063.37 -443.657
8982.79 -240.476 9077.67 -447.555
8997.68 -270.685 9091.39 -439.272
9011.4 -241.45 9105.4 -450.966
9024.83 -249.733 9119.7 -446.093
9038.26 -254.119 9134.01 -445.606
9052.86 -235.603 9147.73 -446.093
9066.87 -248.759 9162.03 -447.555
9081.17 -255.093 9176.33 -467.532
9094.02 -262.889 9189.75 -465.583
9108.9 -249.246 9204.35 -454.864
9123.5 -236.091 9218.36 -443.17
9136.93 -241.45 9232.07 -456.325
9150.94 -242.425 9246.08 -470.455
9164.65 -239.501 9259.8 -470.455
9179.54 -240.963 9274.39 -462.172
9192.96 -239.014 9287.23 -464.121
9206.1 -239.989 9302.7 -462.172
9222.15 -239.014 9316.12 -468.506
9234.7 -215.626 9328.96 -444.631
9249.59 -241.45 9342.68 -452.427
9263.01 -232.193 9357.85 -442.682
9277.6 -228.295 9372.44 -463.147
9292.19 -225.371 9386.45 -444.631
9305.91 -226.346 9400.75 -440.246
9319.33 -223.422 9415.63 -471.917
9332.76 -233.654 9428.76 -466.07
9347.35 -229.756 9443.35 -458.274
9362.52 -223.909 9456.77 -469.481
9376.24 -211.241 9470.78 -472.892
9390.24 -225.858 9485.07 -467.532
9403.66 -221.473 9498.78 -468.994
9418.26 -214.165 9513.37 -457.787
9431.68 -221.473 9526.21 -445.606
9444.81 -218.062 9541.38 -463.147
9459.98 -216.114 9555.09 -453.402
9473.4 -218.55 9568.22 -448.529
9487.41 -226.346 9583.68 -439.272
9501.41 -220.986 9597.69 -446.093
9515.42 -222.935 9610.82 -445.119
9530 -223.422 9624.53 -451.453
9543.42 -220.986 9639.41 -449.017
9558.01 -217.088 9654.28 -446.093
9571.43 -210.267 9668 -444.631
9585.73 -221.96 9681.71 -446.093
9600.61 -213.677 9695.42 -431.963
9614.03 -211.728 9710.29 -435.861
9627.44 -211.241 9723.71 -422.705
9641.16 -206.856 9737.13 -428.065
9656.33 -229.756 9751.72 -411.499
9669.16 -211.241 9765.43 -420.756
9684.04 -210.754 9779.72 -417.346
9697.46 -196.624 9794.01 -422.705
9712.05 -208.318 9808.02 -407.113
9726.92 -201.983 9822.31 -405.164
9739.17 -207.343 9835.73 -406.139
9753.76 -205.394 9850.6 -414.422
9768.34 -203.445 9864.02 -416.371
9782.34 -208.805 9878.02 -423.193
9796.35 -201.009 9891.73 -420.756
9809.47 -202.471 9905.73 -429.04
9824.35 -207.83 9920.02 -417.833
9837.19 -194.188 9934.61 -423.68
9852.64 -202.958 9948.61 -435.861
9866.65 -204.42 9962.9 -435.374
9879.48 -195.162 9976.61 -419.782
9894.06 -191.751 9991.19 -415.884
9908.65 -192.726 10004.9 -407.113
9922.35 -186.879 10019.2 -405.164
9936.36 -193.7 10032.9 -413.448
9950.94 -189.315 10047.2 -389.085
9964.36 -193.213 10060.3 -415.397
9977.77 -187.853 10074.6 -420.269
9992.94 -176.159 10088.9 -404.677
10006.3 -192.239 10103.2 -410.037
10020.6 -184.93 10117.5 -411.011
10033.2 -182.494 10130.3 -399.318
10048.3 -187.853 10144.3 -401.267
10062.9 -183.955 10158.9 -417.346
10076.1 -162.517 10174 -405.164
10090.6 -174.698 10186.9 -402.728
10104.9 -164.953 10200.9 -405.652
10118.9 -163.978 10214.3 -418.32
10132.4 -162.029 10229.5 -426.603
10146.4 -169.825 10243.8 -417.346
10160.6 -154.721 10258.1 -420.756
10174.6 -159.593 10271.8 -428.065
10188.6 -133.769 10286.6 -416.371
10202 -136.205 10299.2 -407.113
10216.6 -129.384 10314.3 -408.575
10230.9 -126.948 10327.5 -402.241
10244.6 -119.639 10341.5 -411.986
10258.9 -115.254 10356.6 -410.037
10272.6 -109.894 10369.5 -409.55
10286 -105.022 10383.8 -387.136
10301.8 -95.2768 10397.5 -409.062
10314.3 -107.945 10412 -401.267
10328.6 -97.2258 10426.9 -389.573
10342.6 -85.0447 10439.5 -388.598
10356.3 -80.6595 10453.5 -373.006
10370.3 -63.6059 10467.4 -380.802
10384.3 -61.1697 10482.9 -378.366
10399.8 -62.6314 10496.3 -376.417
10412.9 -35.833 10510.3 -356.927
10426.6 -51.4248 10525.2 -375.443
10440.6 -52.3993 10538.6 -371.057
10455.2 -26.0881 10553.8 -368.134
10468 -13.9069 10566.9 -383.726
10482.6 -8.06001 10580.9 -380.802
10496.9 7.53182 10594.9 -354.491
10510.3 13.3788 10608.9 -358.389
10525.5 27.9961 10622.9 -370.57
10539.8 30.4323 10636 -348.157
10554.1 45.5369 10650.9 -363.749
10566.6 31.4068 10664.6 -370.57
10580 61.616 10679.2 -359.364
10595.8 74.7716 10693.8 -372.032
10608.6 82.5675 10707.5 -347.67
10623.2 100.108 10720.9 -345.233
10637.5 96.6976 10735.2 -340.848
10651.5 120.573 10748.9 -341.823
10666.4 129.83 10764.1 -333.54
10678.9 137.139 10776.9 -324.282
10693.5 142.011 10791.5 -336.463
10707.8 163.45 10804.9 -334.514
10720.6 172.708 10819.5 -361.8
10734.9 173.682 10834.1 -356.927
10749.2 201.455 10848.1 -358.876
10763.2 201.943 10861.8 -373.006
10776.9 217.534 10875.8 -366.185
10791.5 226.305 10889.8 -382.264
10805.8 254.078 10903.5 -379.828
10818.9 255.539 10918.1 -376.417
10833.5 272.593 10932.7 -362.774
10847.8 277.953 10946.7 -361.8
10861.2 298.417 10959.5 -354.491
10875.2 307.675 10974.1 -351.568
10889.5 327.164 10988.4 -341.335
10903.8 332.037 11002.1 -339.874
10916.3 345.68 11015.8 -338.412
10932.4 360.784 11030.4 -329.642
10945.2 367.119 11044.7 -324.282
10958.9 393.43 11059.8 -330.616
10973.5 392.455 11072.4 -326.718
10987.2 409.996 11086.4 -352.055
11001.8 407.56 11101.6 -340.848
11015.2 430.46 11114.7 -347.182
11030.4 428.511 11129 -347.67
11043.8 427.05 11142.4 -345.233
11057.2 433.871 11157.6 -363.749
11071.5 448.488 11171.3 -359.851
11084.9 447.027 11184.4 -361.312
11099.2 460.669 11199 -362.774
11114.1 468.465 11213 -389.573
11127.8 470.902 11227.3 -378.853
11141.5 480.647 11241.9 -407.113
11154.7 499.162 11254.4 -391.522
11169.8 517.19 11269.3 -414.422
11183 531.32 11283.6 -404.19
11198.4 523.037 11297 -408.088
11211 530.833 11311.3 -400.779
11225.3 525.96 11325.6 -414.909
11240.7 551.784 11339.1 -430.014
11255 567.863 11353.9 -419.782
11267.6 582.968 11367.6 -435.861
11282.1 601.483 11381.9 -430.014
11295.6 606.356 11395.7 -436.348
11310.2 623.896 11409.7 -428.065
11324.2 628.282 11424.3 -419.295
11337.3 627.794 11438.6 -442.682
11352.8 634.129 11452.6 -455.838
11365.6 651.669 11466.6 -444.144
11380.5 667.261 11480.6 -460.71
11393.3 694.547 11493.7 -436.835
11407.6 683.828 11507.7 -439.759
11421.6 704.292 11522.9 -437.323
11435.6 713.062 11536.6 -429.527
11449.9 714.524 11550 -431.963
11464.5 730.603 11564.3 -433.912
11478.2 731.578 11578.6 -427.578
11491.1 721.345 11592.4 -433.425
11506 735.963 11607.8 -444.144
11520.3 750.093 11621 -447.068
11533.4 759.838 11636.4 -440.733
11548.6 758.863 11648.7 -437.81
11560.8 773.968 11663 -424.167
11576 775.43 11677.3 -440.246
11590.6 796.868 11690.4 -419.782
11603.5 811.486 11705 -447.068
11618.3 813.435 11719.6 -433.425
11631.8 831.463 11734.2 -424.167
11646.1 844.131 11746.8 -422.705
11660.4 861.672 11761.1 -410.524
11674.7 879.213 11776 -405.652
11687.8 865.083 11789.1 -385.187
11701.8 890.907 11804.3 -381.29
11715.5 878.725 11817.4 -369.108
11729.3 895.779 11832.6 -360.338
11743.9 910.884 11845.7 -365.698
11757.6 928.912 11859.2 -352.542
11772.8 937.195 11874.6 -339.874
11785.3 943.529 11887.8 -337.925
11800.2 961.557 11902.1 -320.384
11815.1 956.685 11916.1 -325.256
11827.6 970.815 11929.5 -325.744
11841.6 974.226 11943.8 -302.356
11855.7 998.588 11957.9 -288.713
11870.6 1009.31 11972.5 -282.379
11884.3 1027.82 11986.5 -258.017
11898 1027.34 12000.5 -254.606
11912.6 1036.11 12014.8 -248.272
11925.7 1049.26 12029.1 -225.371
11940.9 1074.11 12043.1 -215.626
11954.9 1083.86 12056 -209.292
11969.3 1085.8 12071.8 -204.907
11982.4 1105.29 12084.9 -192.239
11995.5 1125.76 12099.5 -193.7
12011 1126.73 12113.5 -192.726
12023 1145.74 12126.4 -179.57
12038.2 1162.79 12141.9 -174.21
12052.2 1174.48 12154.7 -183.468
12065.9 1188.61 12169 -168.364
12080.2 1197.87 12183.6 -162.029
12093.4 1212 12197.6 -153.746
12107.7 1233.44 12212 -144.489
12122 1231.49 12225.4 -130.358
12136 1268.52 12239.4 -144.976
12151.2 1281.19 12253.1 -111.843
12163.8 1286.55 12268.6 -102.585
12178.4 1290.45 12282.6 -88.4554
12191.8 1300.68 12295.2 -75.2998
12206.4 1321.63 12310.4 -67.0166
12220.7 1357.2 12324.4 -46.0651
12233.6 1363.05 12337.9 -31.935
12248.5 1376.2 12351.9 -10.4962
12261.6 1389.36 12366.5 8.01907
12276.2 1388.38 12381.4 19.2257
12289.9 1412.75 12393.7 50.4094
12304.3 1434.18 12408.3 75.7461
12319.2 1433.21 12422.3 84.0293
12332.6 1443.93 12436.3 93.2869
12346.9 1456.11 12450.7 119.598
12360.1 1479.5 12464.7 124.471
12374.7 1492.17 12479.3 143.96
12388.4 1509.22 12493 163.45
12402.4 1536.99 12507.6 164.912
12416.5 1557.94 12521.1 173.682
12429.9 1569.15 12536 188.3
12444.8 1586.2 12550 182.94
12458.6 1601.8 12563.2 199.994
12472.9 1623.72 12578.1 200.481
12486.9 1642.24 12591.2 213.149
12500.3 1673.42 12605.8 218.996
12514.4 1683.17 12620.2 233.126
12528.7 1708.02 12633.9 242.384
12541.5 1731.4 12647.9 251.154
12556.7 1727.51 12662 278.44
12571.1 1769.9 12676 298.417
12584.2 1784.51 12690 314.983
12598.5 1810.82 12704.4 330.575
12612.9 1815.7 12718.1 365.17
12626.9 1841.03 12732.4 387.583
12640.9 1847.86 12747 396.353
12654.7 1868.81 12761.1 430.948
12668.4 1880.5 12775.1 429.486
12682.4 1883.91 12788.9 470.414
12695.9 1917.04 12802.3 491.853
12711.1 1943.84 12817.2 518.652
12724.8 1956.02 12830.7 536.68
12737.7 1972.59 12846.2 538.141
12752 1999.88 12860.5 569.812
12766.3 2032.52 12873.1 568.838
12780.4 2023.26 12887.4 576.634
12794.4 2061.27 12901.7 592.713
12808.7 2085.14 12916.1 616.101
12821.6 2110.97 12929.5 622.435
12836.2 2136.3 12943.8 622.922
12851.4 2162.62 12958.4 651.182
12864.3 2184.05 12971.6 662.876
12878.6 2216.21 12985.9 679.93
12892.9 2231.8 13000.3 696.009
12905.8 2267.37 13013.7 710.139
12920.7 2287.84 13028.6 742.784
12934.8 2312.2 13042.4 762.274
12948.8 2332.66 13056.4 795.407
12962.5 2335.59 13071.4 823.667
12975.7 2367.75 13084.8 852.902
12991.5 2365.8 13098.5 877.264
13004.1 2396.98 13113.2 920.629
13018.1 2412.57 13126.6 949.863
13032.1 2417.93 13141.6 974.226
13046.8 2426.21 13155.3 1002.49
13061.7 2452.53 13169.9 1030.26
13074.6 2449.6 13183.1 1057.54
13088.6 2453.01 13198 1074.6
13101.8 2474.45 13210.3 1102.86
13116.7 2470.07 13226.4 1130.14
13130.4 2479.81 13239 1146.22
13143.6 2508.56 13254.2 1161.81
13158.8 2513.92 13268.2 1185.69
13172.6 2540.72 13282.3 1201.77
13186.9 2556.8 13296.3 1227.59
13200.9 2590.9 13310.4 1238.8
13214.4 2618.19 13324.7 1257.8
13229 2657.66 13337.6 1282.16
13242.5 2670.81 13353.1 1314.32
13256.2 2683.48 13367.1 1316.76
13270.9 2714.18 13380.9 1338.2
13284.6 2732.69 13395.2 1358.17
13298.4 2758.03 13409.9 1390.82
13312.4 2779.95 13423.9 1400.56
13327 2785.8 13438 1446.85
13339.3 2813.57 13450.5 1464.88
13354.6 2830.14 13465.8 1500.94
13368.9 2854.02 13480.4 1528.71
13381.8 2855.96 13494.5 1547.23
13396.4 2870.09 13507.6 1584.74
13409.6 2892.51 13522 1608.62
13424.8 2908.1 13536.3 1636.39
13437.7 2912.97 13550.9 1662.22
13453.2 2924.18 13565.3 1711.43
13466.6 2949.52 13578.5 1741.64
13480.4 2951.95 13593.4 1755.77
13494.5 2961.21 13607.1 1781.1
13508.8 2964.13 13621.5 1798.64
13522.3 2990.93 13635.5 1818.13
13536 2998.24 13649.6 1854.19
13551.8 3020.17 13663.9 1874.65
13564.7 3039.66 13677.7 1896.58
13577.6 3068.89 13692 1908.27
13593.1 3081.07 13707 1951.64
13606 3120.54 13720.1 1958.95
13620.3 3141.98 13734.8 1985.26
13633.8 3157.08 13748.8 2008.65
13648.4 3176.08 13763.8 2034.96
13663.3 3189.24 13777.5 2055.42
13675.6 3235.04 13791.6 2084.66
13690.6 3242.84 13805 2109.51
13703.7 3277.43 13819.1 2144.1
13718.7 3282.3 13834.9 2171.87
13732.4 3313 13848.4 2214.75
13746.5 3316.41 13862.7 2242.52
13760.3 3324.21 13877.7 2282.48
13774 3365.14 13892.6 2314.15
13788.1 3373.42 13906.7 2353.62
13802.1 3421.17 13920.1 2394.54
13817.3 3389.01 13935.4 2435.47
13830.5 3324.21 13950.3 2467.63
13843.7 3224.81 13963.8 2498.33
13858.3 3130.28 13977.5 2540.23
13871.8 3042.58 13988.4 2589.44
13885.9 2983.14 13995.4 2609.42
13900.2 2911.02 13994.5 2670.32
13913.7 2887.15 13984.5 2683.97
13928 2829.17 13969 2719.05
13942.7 2784.34 13956.1 2740
