7014.16 -278.968 7042.6 -287.251
7012.4 -187.366 7055.2 -286.764
7007.42 -175.185 7070.45 -289.688
7006.25 -175.185 7083.64 -288.226
7011.23 -171.774 7096.83 -283.353
7019.14 -186.392 7112.36 -274.583
7030.87 -183.955 7125.85 -278.481
7043.19 -182.981 7140.5 -280.43
7055.5 -174.698 7154.28 -273.608
7069.86 -174.698 7168.05 -283.841
7083.64 -174.21 7182.12 -301.381
7098.29 -171.774 7196.48 -311.126
7112.95 -162.517 7211.13 -334.514
7125.55 -183.955 7223.73 -338.412
7140.79 -184.93 7238.38 -329.154
7154.86 -178.596 7251.86 -332.565
7169.81 -188.828 7265.92 -326.718
7183 -189.802 7280.57 -339.874
7197.94 -187.366 7294.05 -338.412
7211.42 -182.006 7308.7 -328.667
7225.19 -179.57 7322.17 -332.565
7240.73 -176.647 7336.53 -339.874
7253.62 -181.032 7350.59 -333.54
7267.68 -185.904 7364.65 -331.591
7282.62 -175.185 7378.71 -347.67
7296.39 -183.468 7392.18 -342.31
7311.04 -176.159 7406.24 -327.205
7325.4 -185.417 7420.01 -335.976
7339.16 -178.596 7434.65 -331.103
7352.06 -178.596 7449.59 -338.899
7367.29 -174.21 7461.89 -337.925
7382.23 -189.802 7476.53 -333.052
7395.41 -172.262 7490.01 -338.899
7409.17 -183.955 7505.82 -344.746
7423.52 -169.825 7519.29 -339.874
7437.88 -172.749 7532.17 -327.205
7451.64 -185.417 7546.81 -357.415
7465.41 -170.8 7560.87 -330.129
7479.46 -172.749 7575.21 -334.027
7493.52 -178.108 7589.27 -346.208
7507.57 -174.21 7603.03 -347.182
7521.63 -174.21 7616.79 -344.259
7535.69 -171.287 7630.54 -335.976
7550.03 -173.723 7645.47 -338.412
7564.67 -180.545 7659.53 -350.106
7579.31 -174.21 7672.99 -347.182
7592.19 -174.21 7687.63 -342.31
7606.25 -168.851 7700.8 -354.978
7621.18 -189.802 7715.43 -352.542
7633.76 -195.162 7729.48 -335.489
7648.99 -178.596 7744.7 -364.236
7662.45 -169.338 7757.57 -350.593
7676.8 -170.8 7771.62 -349.619
7690.55 -191.264 7785.67 -341.823
7705.19 -171.287 7799.42 -341.823
7719.82 -172.262 7813.47 -330.129
7732.99 -182.981 7827.51 -352.055
7747.04 -171.287 7841.85 -350.106
7761.09 -189.315 7856.77 -351.568
7774.26 -187.853 7870.52 -348.157
7789.77 -176.159 7884.86 -330.616
7803.81 -165.44 7897.73 -352.055
7816.98 -164.953 7912.07 -331.103
7831.32 -159.593 7925.23 -342.797
7845.95 -172.749 7940.15 -350.106
7859.7 -179.57 7954.49 -356.44
7873.74 -171.287 7968.53 -346.208
7887.79 -179.57 7981.98 -354.978
7901.83 -178.108 7995.14 -343.284
7915.58 -173.723 8010.35 -354.491
7929.33 -180.545 8024.1 -359.364
7944.83 -168.851 8038.43 -341.823
7958.58 -176.159 8051.89 -349.619
7972.04 -183.955 8064.46 -354.491
7986.37 -174.698 8079.08 -367.647
7999.24 -177.621 8095.17 -354.491
8014.74 -179.57 8108.33 -353.029
8027.9 -178.596 8122.95 -350.593
8042.82 -182.494 8136.69 -361.312
8056.86 -177.134 8151.6 -337.437
8070.02 -180.545 8164.18 -354.491
8085.22 -186.879 8178.21 -358.389
8098.97 -173.236 8192.54 -350.106
8114.47 -173.723 8206.28 -362.774
8125.58 -176.647 8221.19 -352.542
8140.49 -181.519 8235.22 -354.491
8155.4 -175.672 8249.55 -350.106
8167.68 -184.93 8262.7 -339.874
8182.89 -178.596 8277.61 -351.08
8197.22 -182.981 8291.35 -354.491
8210.66 -177.621 8305.09 -343.284
8224.7 -169.338 8319.99 -361.8
8239.02 -165.44 8334.02 -350.593
8253.34 -171.774 8347.17 -348.157
8266.5 -183.955 8361.79 -371.545
8281.12 -185.417 8375.23 -364.723
8295.15 -183.955 8389.55 -366.185
8308.89 -186.392 8403.29 -378.853
8323.21 -165.44 8417.9 -376.904
8336.94 -181.032 8431.64 -382.264
8351.27 -181.519 8445.66 -386.162
8365 -171.774 8459.69 -388.111
8379.32 -158.131 8474.3 -394.445
8393.64 -181.032 8487.74 -394.445
8406.8 -181.032 8500.89 -388.111
8421.7 -169.338 8515.79 -393.471
8436.6 -170.8 8529.81 -388.598
8449.75 -190.29 8543.55 -393.471
8462.9 -186.392 8558.15 -401.754
8477.51 -173.723 8571.89 -403.703
8492.41 -174.698 8585.32 -396.394
8505.85 -180.545 8600.52 -398.83
8520.17 -183.468 8614.25 -376.417
8533.91 -161.542 8628.56 -382.751
8547.34 -184.93 8641.41 -374.468
8561.66 -183.955 8656.31 -377.879
8575.1 -173.236 8670.04 -391.034
8590 -190.777 8684.65 -389.085
8603.73 -180.545 8697.5 -385.187
8617.75 -161.542 8711.81 -385.187
8631.77 -171.774 8725.83 -383.238
8645.8 -177.134 8740.72 -387.136
8659.82 -176.159 8754.45 -387.136
8673.55 -176.647 8768.47 -384.7
8688.44 -169.338 8781.9 -385.675
8702.46 -186.879 8797.38 -389.573
8716.48 -167.876 8810.52 -387.136
8730.21 -170.313 8824.54 -399.805
8744.52 -185.417 8838.56 -395.907
8757.95 -179.57 8852.57 -402.728
8772.85 -182.981 8867.76 -392.009
8786.28 -164.466 8881.19 -393.471
8800.59 -156.67 8895.2 -421.731
8814.61 -166.415 8909.22 -404.677
8829.5 -181.519 8922.94 -426.116
8842.64 -178.108 8937.54 -448.042
8856.08 -173.236 8950.1 -430.014
8869.8 -163.491 8965.28 -428.552
8884.69 -169.825 8979.29 -426.116
8898.42 -154.233 8993.3 -410.037
8913.01 -138.642 9006.73 -412.96
8926.45 -155.208 9020.75 -410.524
8940.46 -149.361 9034.76 -395.907
8954.77 -148.874 9049.06 -385.187
8968.49 -147.899 9063.66 -379.341
8983.09 -133.769 9077.09 -374.955
8996.81 -164.953 9091.68 -381.29
9010.24 -161.055 9105.4 -380.315
9024.83 -145.463 9120 -371.545
9038.84 -161.542 9134.01 -358.389
9052.86 -142.052 9148.31 -370.57
9067.16 -133.769 9162.9 -381.777
9080.88 -141.078 9175.45 -384.213
9095.19 -127.922 9190.34 -384.213
9109.2 -128.897 9203.76 -403.216
9123.21 -125.973 9217.19 -401.754
9136.34 -126.948 9232.66 -397.856
9150.35 -126.948 9246.08 -402.728
9164.95 -128.409 9260.09 -406.626
9179.25 -108.432 9274.39 -403.216
9192.96 -126.948 9288.11 -411.499
9207.56 -130.358 9302.12 -402.241
9220.98 -112.33 9315.83 -397.369
9234.99 -102.585 9329.25 -380.315
9248.71 -110.869 9342.39 -378.366
9263.59 -90.8916 9358.14 -370.57
9278.19 -89.9171 9372.15 -370.083
9291.61 -106.971 9385.87 -347.182
9305.91 -86.9937 9401.33 -343.284
9319.63 -64.5804 9415.34 -333.54
9333.63 -77.2488 9428.18 -326.718
9347.35 -84.0702 9443.06 -321.846
9362.81 -73.8381 9457.06 -331.591
9376.82 -83.0957 9471.07 -321.358
9390.53 -84.5574 9485.36 -308.69
9403.37 -76.7615 9498.49 -309.177
9417.09 -89.9171 9514.25 -320.384
9431.39 -85.0447 9526.5 -320.384
9445.39 -82.1212 9540.51 -327.205
9459.98 -85.5319 9555.39 -324.769
9472.82 -66.0421 9569.1 -320.871
9487.7 -75.2998 9583.98 -319.897
9502 -71.8891 9597.11 -307.228
9515.71 -62.6314 9610.82 -312.588
9530.59 -60.1952 9625.11 -313.563
9544.01 -63.1187 9639.7 -315.511
9557.72 -52.8865 9653.7 -311.614
9572.02 -46.5524 9667.12 -303.818
9585.73 -50.4503 9681.41 -307.228
9600.02 -43.6289 9695.13 -293.098
9613.73 -52.8865 9709.71 -298.458
9627.74 -44.6034 9724.3 -276.532
9641.74 -34.8585 9737.72 -273.608
9655.45 -21.7029 9751.42 -266.3
9670.91 -20.2411 9765.14 -258.017
9683.17 -9.52174 9780.31 -239.501
9697.46 -12.4452 9793.72 -236.091
9711.46 -1.72583 9807.43 -231.705
9726.92 18.7385 9822.02 -228.782
9740.34 10.9425 9836.31 -215.626
9754.93 32.3813 9850.31 -215.626
9768.05 25.5599 9863.44 -198.085
9781.76 35.3048 9878.6 -210.267
9796.06 43.1007 9892.31 -203.445
9810.35 51.3839 9906.31 -203.932
9823.77 56.2563 9920.31 -204.42
9838.06 61.616 9933.44 -216.114
9852.06 64.5395 9948.61 -216.601
9867.23 59.667 9962.02 -222.448
9880.06 76.2333 9976.02 -210.267
9893.48 76.2333 9990.32 -214.652
9908.35 94.7486 10004.9 -228.782
9922.06 91.8252 10019.5 -233.654
9936.65 103.032 10032.3 -240.476
9950.65 119.111 10047.5 -258.017
9964.07 119.111 10060.3 -245.835
9978.07 139.575 10074.6 -258.504
9993.52 125.932 10088 -256.555
10006.9 149.807 10103.2 -278.481
10020.9 154.193 10116.9 -262.402
10033.5 180.991 10131.2 -255.093
10048.3 197.07 10145.5 -259.478
10062.1 184.889 10158 -277.994
10076.4 182.453 10174 -264.351
10091.5 203.404 10187.8 -272.147
10105.5 207.302 10200.6 -275.557
10118.4 217.534 10215.2 -279.455
10133.8 224.843 10229.2 -265.325
10146.4 236.05 10243.8 -280.43
10160.9 225.817 10256.9 -270.685
10175.2 239.948 10271.8 -268.249
10188.1 249.692 10285.8 -265.813
10202.3 265.284 10299.5 -275.07
10216.6 267.721 10314 -273.121
10230.3 275.029 10327.5 -243.399
10244.3 296.468 10342.3 -255.093
10258.9 312.547 10356 -234.629
10273.5 309.136 10370 -232.68
10286.3 343.731 10384.6 -240.476
10301.5 331.55 10397.8 -258.504
10314.9 343.243 10412 -241.938
10328.3 358.348 10426 -244.861
10343.8 369.067 10440.6 -241.938
10356.6 385.147 10453.7 -230.731
10370.9 397.328 10467.2 -231.705
10385.2 408.047 10482.9 -228.295
10399.2 406.098 10495.7 -227.807
10412.9 412.92 10510.9 -238.527
10426.6 444.103 10524.3 -221.96
10441.5 436.794 10538 -236.091
10454.6 455.31 10552.9 -216.114
10469.2 461.644 10566.6 -223.909
10482.6 467.978 10581.2 -213.19
10497.5 472.363 10594.6 -202.958
10512.1 493.802 10609.5 -203.445
10524.6 505.983 10621.4 -200.522
10538.9 510.856 10635.7 -210.267
10552.6 518.652 10651.5 -215.626
10566.9 530.346 10664.6 -211.241
10581.2 535.218 10679.8 -215.626
10594.9 551.784 10693.2 -220.986
10608.9 550.323 10706.3 -235.116
10622.9 577.608 10721.8 -238.527
10638.4 581.019 10734.9 -246.81
10651.5 590.277 10750.1 -246.81
10665.8 616.588 10763.2 -226.833
10679.2 605.868 10777.2 -233.654
10692.6 642.899 10791.8 -233.167
10707.5 657.516 10804.6 -227.32
10721.2 663.851 10820.7 -218.55
10734.9 678.955 10833.2 -214.165
10748.9 683.34 10848.1 -186.879
10762.9 706.728 10862.4 -193.213
10777.2 713.55 10876.4 -179.083
10791.5 706.241 10890.4 -173.236
10806.1 722.32 10902.3 -179.083
10818.6 727.68 10917.8 -201.009
10833.2 743.759 10931.5 -203.445
10846.6 773.968 10946.4 -203.932
10860.6 775.917 10960.1 -186.879
10875.8 782.738 10973.8 -180.545
10889.2 792.97 10988.7 -182.006
10903.2 791.509 11001.8 -194.675
10917.2 805.639 11016.1 -179.083
10931.2 808.562 11030.7 -177.621
10945.5 815.871 11044.7 -155.208
10959.8 834.386 11058.7 -174.698
10974.4 836.335 11072.4 -176.159
10987.8 853.876 11087 -175.672
11001.5 864.108 11101 -165.927
11014.9 880.675 11114.4 -159.593
11028.9 891.394 11129.3 -137.667
11042.9 905.037 11143.3 -134.256
11057.5 927.45 11157.3 -136.205
11071.8 942.555 11170.7 -129.871
11084.9 965.942 11185 -127.922
11098.6 974.713 11198.7 -117.69
11114.4 991.279 11213 -121.101
11126.6 1004.92 11227.9 -101.611
11142.4 1022.95 11241.3 -95.7641
11155.8 1041.95 11255.6 -86.9937
11169.5 1057.54 11269 -79.685
11184.4 1065.34 11283.3 -87.9682
11197.8 1078.01 11297.6 -106.971
11211.6 1084.83 11311 -80.1722
11225.5 1091.65 11325.6 -76.7615
11240.1 1120.4 11339.3 -75.787
11253.9 1129.66 11354.5 -83.0957
11267.3 1140.38 11367.4 -76.7615
11281.3 1147.2 11382.2 -79.685
11295.3 1166.69 11395.7 -71.4018
11310.2 1170.1 11409.7 -75.2998
11323.3 1186.66 11425.1 -75.787
11338.2 1208.1 11437.7 -83.583
11352.2 1208.1 11452.6 -90.4044
11365.3 1227.59 11466 -83.583
11379.9 1220.28 11480.3 -81.634
11393.6 1255.37 11494.6 -76.2743
11407.9 1276.32 11508 -93.8151
11421.6 1284.11 11523.2 -91.8661
11435.4 1299.22 11536.6 -93.3279
11450.2 1306.53 11550.3 -75.2998
11463.6 1333.81 11564 -69.9401
11477.7 1339.17 11578.9 -56.7845
11491.7 1351.84 11592.7 -36.8075
11505.1 1357.2 11606.4 -26.0881
11521.1 1365.48 11621 -12.9325
11533.7 1385.46 11635.9 -9.52174
11548 1401.05 11649 -2.21307
11561.4 1407.39 11663 8.99356
11576 1429.8 11677 25.0726
11590.3 1431.26 11691.9 26.5344
11603.5 1446.85 11705.6 43.5879
11618.6 1450.26 11718.8 40.1772
11631.5 1469.75 11733.1 50.8966
11645.5 1491.68 11747.4 58.6925
11660.4 1516.53 11761.7 58.6925
11673.5 1516.53 11775.7 65.0267
11688.7 1540.4 11789.7 62.5905
11702.4 1551.12 11804 71.8481
11716.1 1565.74 11818.3 67.4629
11730.1 1577.43 11831.7 82.5675
11744.7 1600.34 11845.4 100.596
11757.6 1618.36 11859.8 107.904
11771.9 1610.57 11873.5 115.7
11787.4 1635.9 11888.9 142.499
11800.2 1651.01 11902.1 139.575
11814.5 1685.6 11915.8 143.96
11827.9 1702.17 11929.8 155.654
11842 1712.4 11943.5 171.246
11856 1727.51 11958.4 194.634
11870 1751.38 11972.5 208.764
11885.2 1758.2 11987.1 209.251
11897.7 1765.51 12001.1 216.073
11912.6 1791.82 12014.2 233.126
11926.3 1804.98 12029.1 242.384
11941.5 1826.42 12041.7 253.103
11955.5 1840.55 12056.9 269.67
11968.7 1850.29 12070.9 263.823
11981.5 1866.86 12086.9 283.8
11995.8 1867.35 12098.6 293.057
12010.4 1890.25 12112.6 299.879
12024.7 1897.07 12127.3 295.006
12038.2 1918.02 12141.6 310.111
12052.2 1932.15 12155.3 325.703
12066.5 1944.82 12170.8 339.346
12080.8 1972.1 12183.6 357.374
12094.2 1980.87 12197.1 384.659
12108 1997.44 12212.3 385.147
12123.2 2006.7 12226.3 410.483
12136.3 2018.88 12239.7 418.766
12149.7 2045.19 12253.7 429.973
12163.8 2048.11 12268.6 469.927
12177.8 2071.01 12281.5 473.338
12193 2090.02 12295.8 484.057
12205.5 2119.74 12310.7 498.187
12220.7 2131.92 12323.8 517.19
12233.6 2149.95 12338.5 529.858
12249.1 2161.64 12352.2 549.835
12261.6 2185.03 12366.8 566.402
12276.2 2201.6 12379.9 574.685
12290.3 2220.6 12394.3 587.353
12304.6 2226.93 12408.3 602.458
12317.7 2253.24 12422.3 609.279
12332.3 2270.78 12436 627.794
12346.3 2293.68 12450.4 640.463
12361.2 2284.91 12465.6 639.976
12374.1 2311.71 12478.7 660.927
12387.8 2314.15 12492.5 677.493
12402.4 2319.02 12507.6 686.751
12417 2342.41 12521.1 701.856
12431.4 2365.8 12535.4 715.011
12444.8 2381.39 12550 743.271
12458.8 2393.08 12563.2 757.402
12472.3 2412.57 12577.5 772.506
12486.3 2434.01 12590.6 780.789
12500 2455.45 12606.4 791.996
12514.4 2472.5 12619.3 809.049
12529 2480.79 12635.1 833.412
12542.4 2505.15 12647.9 850.953
12557.3 2516.84 12661.7 874.34
12570.2 2541.69 12676.9 877.264
12583.9 2558.75 12690 903.088
12598.8 2571.9 12704.4 925.988
12612 2593.34 12718.4 946.453
12627.8 2603.57 12732.7 976.662
12640.6 2614.78 12746.8 981.047
12655.3 2645.96 12760.8 986.407
12668.1 2658.14 12775.4 1006.38
12682.7 2668.86 12789.1 1046.34
12696.2 2685.43 12803.5 1054.62
12709.9 2687.87 12817.5 1075.57
12725.4 2718.56 12830.7 1100.42
12738.3 2721.97 12845.6 1122.84
12753.2 2756.57 12859 1140.38
12766.9 2768.75 12873.9 1170.59
12781 2773.13 12887.7 1198.85
12795 2787.26 12901.7 1209.56
12808.4 2797.01 12915.5 1229.54
12822.2 2821.86 12929.2 1245.62
12837.1 2847.19 12944.1 1257.8
12850.3 2849.63 12957.9 1287.52
12864.6 2857.91 12972.2 1314.32
12878.6 2886.17 12986.2 1335.76
12892.4 2888.61 13000.3 1353.3
12905.8 2920.28 13014.9 1358.17
12920.4 2934.41 13027.2 1380.59
12935.1 2968.03 13042.7 1403.98
12947.9 2977.29 13056.1 1421.03
12962.5 3005.06 13071.4 1441.49
12976.6 3016.76 13085.4 1463.42
12990.6 3043.07 13098.8 1466.83
13004.9 3083.02 13113.8 1478.04
13018.7 3089.84 13126.6 1505.32
13033.3 3105.43 13141 1523.35
13045.6 3125.9 13155 1529.2
13059.9 3144.41 13169.9 1556.48
13074.3 3179.01 13184.3 1577.92
13088.9 3183.39 13196.9 1597.41
13102.9 3217.5 13211.5 1630.06
13117 3231.63 13225.5 1644.19
13130.7 3243.81 13239.9 1682.19
13143.9 3261.35 13254.2 1710.45
13158.5 3279.87 13268.8 1741.64
13173.1 3298.87 13282.3 1780.13
13186.6 3294.49 13295.5 1807.9
13200.9 3295.46 13310.4 1846.88
13214.4 3333.95 13324.7 1849.32
13229 3342.72 13338.5 1871.73
13242.2 3362.21 13353.7 1905.35
13256.8 3374.39 13367.1 1945.79
13270.9 3408.5 13382.1 1968.2
13284.6 3433.35 13395.8 1990.62
13297.8 3449.43 13409.3 2014.98
13311.5 3476.23 13423.3 2029.11
13326.8 3506.92 13437.4 2036.42
13340.8 3528.36 13452 2038.86
13354 3533.23 13465.8 2065.65
13369.5 3577.09 13479.8 2081.73
13381.8 3602.91 13493.3 2107.56
13397 3628.25 13507.9 2134.84
13409.3 3643.35 13522.8 2150.43
13424.8 3681.36 13535.7 2187.47
13439.4 3692.56 13550.1 2213.78
13451.7 3719.36 13565 2237.65
13466.9 3740.31 13578.8 2252.27
13479.8 3765.65 13592.5 2297.58
13494.7 3785.63 13607.1 2325.36
13508.8 3808.04 13622.1 2344.36
13522.5 3813.89 13635.5 2399.42
13536.6 3826.56 13649.6 2424.75
13550.1 3853.35 13663.6 2463.73
13565.3 3859.69 13678.3 2498.81
13578.8 3877.23 13692 2534.38
13592.8 3887.46 13705.8 2568.98
13606 3891.36 13720.1 2608.93
13619.7 3911.82 13734.8 2631.35
13634.4 3916.7 13748.5 2682.02
13648.7 3942.03 13763.2 2704.92
13661.9 3957.14 13777.8 2735.13
13676.2 3963.96 13791.9 2759.98
13690.6 3989.78 13805.3 2800.42
13705.2 4021.94 13820 2830.14
13718.4 4026.81 13834.3 2862.3
13732.4 4064.33 13848.4 2892.02
13746.5 4085.77 13863.9 2920.28
13760.8 4110.62 13876.8 2937.33
13774.6 4152.04 13892 2966.57
13787.8 4176.89 13906.4 3004.09
13802.7 4201.25 13921.6 3020.65
13815.9 4197.35 13935.6 3051.84
13830.2 4109.65 13950 3104.46
13844.3 4040.94 13963.5 3136.13
13858.3 3942.03 13977.8 3184.37
13873.6 3854.33 13988.1 3228.71
13885.9 3788.06 13994.8 3291.07
13901.4 3714.98 13994.2 3344.67
13914 3657.48 13983.7 3374.39
13928.6 3589.27 13970.5 3428.96
13942.1 3551.75 13955.8 3478.18
