7014.45 -250.221 7041.43 -296.022
7012.4 -195.649 7055.5 -289.2
7008.3 -179.083 7070.15 -301.381
7005.95 -189.802 7083.64 -285.302
7010.64 -185.904 7097.41 -290.175
7019.44 -178.108 7113.24 -283.353
7031.46 -191.264 7125.85 -269.71
7042.89 -191.264 7139.91 -269.223
7057.26 -198.085 7153.98 -274.583
7069.57 -178.108 7168.05 -287.251
7083.64 -181.032 7182.12 -299.432
7098.59 -175.672 7195.89 -327.205
7112.07 -165.927 7210.25 -315.999
7125.85 -172.262 7224.31 -325.256
7140.5 -173.723 7237.5 -317.948
7153.4 -167.876 7252.74 -336.463
7168.93 -175.185 7265.92 -321.358
7182.41 -169.825 7279.99 -318.435
7197.06 -158.131 7294.93 -335.489
7212.01 -172.749 7309.28 -315.024
7225.49 -157.644 7322.47 -328.667
7239.85 -176.159 7336.53 -330.129
7254.2 -162.029 7350.3 -331.103
7267.97 -179.57 7363.77 -329.642
7282.33 -161.542 7378.71 -327.693
7296.1 -176.159 7392.18 -326.231
7311.92 -164.466 7406.83 -322.333
7324.81 -159.106 7420.89 -330.129
7338.58 -167.876 7434.65 -329.154
7352.64 -176.159 7449.59 -334.027
7367.29 -184.93 7462.48 -313.075
7380.76 -185.417 7477.12 -327.205
7395.7 -178.108 7490.88 -328.18
7409.47 -177.621 7504.65 -324.769
7424.4 -161.055 7518.12 -329.154
7437.58 -173.723 7531.88 -314.537
7451.35 -162.029 7546.81 -323.307
7465.41 -163.491 7560.28 -306.254
7479.76 -172.749 7574.92 -321.846
7494.11 -176.647 7589.56 -321.358
7507.57 -167.389 7603.03 -319.897
7521.63 -168.364 7617.08 -326.231
7536.27 -160.08 7630.25 -328.18
7550.33 -163.004 7645.77 -327.205
7563.5 -160.08 7659.82 -311.126
7578.14 -161.055 7673.28 -320.384
7592.78 -153.259 7687.92 -317.46
7607.71 -138.154 7700.8 -318.435
7620.01 -148.874 7715.14 -334.514
7634.64 -143.027 7729.77 -334.514
7648.69 -164.953 7743.82 -329.642
7662.45 -165.927 7758.16 -333.052
7677.38 -162.517 7771.62 -331.591
7689.97 -155.208 7785.96 -319.897
7704.89 -148.874 7799.42 -338.412
7719.53 -174.21 7813.76 -318.435
7733.28 -163.978 7827.81 -336.95
7747.04 -152.772 7841.85 -323.307
7761.38 -171.774 7855.9 -330.616
7775.72 -153.746 7869.94 -329.154
7789.18 -167.876 7883.69 -312.101
7803.23 -169.338 7898.03 -315.999
7818.15 -162.517 7912.07 -306.741
7831.61 -168.364 7926.7 -321.358
7845.36 -160.08 7938.98 -317.948
7858.82 -150.823 7954.49 -325.256
7873.45 -157.644 7967.94 -319.897
7887.79 -153.746 7982.86 -323.795
7901.54 -142.54 7996.02 -307.228
7915.29 -154.233 8010.65 -330.129
7929.91 -155.208 8024.68 -325.256
7944.25 -134.256 8038.72 -330.129
7958 -130.358 8051.89 -320.384
7971.74 -130.358 8065.63 -329.154
7986.66 -130.846 8079.67 -329.642
7999.53 -135.231 8094 -313.563
8014.16 -132.307 8108.91 -333.54
8028.49 -147.899 8124.12 -332.565
8041.65 -126.948 8135.81 -336.95
8055.69 -127.435 8150.72 -330.616
8070.02 -132.795 8165.05 -341.335
8084.64 -134.744 8178.79 -335.489
8099.85 -139.616 8192.83 -338.412
8113.59 -141.078 8206.28 -336.463
8126.46 -150.823 8220.9 -330.129
8141.08 -152.772 8235.22 -345.233
8155.4 -156.67 8248.96 -317.948
8168.85 -162.517 8262.41 -337.437
8182.3 -149.848 8276.15 -336.95
8196.92 -160.568 8289.89 -321.358
8210.95 -155.208 8305.38 -321.846
8224.99 -143.514 8319.7 -340.361
8239.6 -160.08 8333.44 -323.795
8252.76 -137.667 8347.47 -326.231
8267.38 -137.18 8361.79 -322.333
8281.12 -163.491 8375.52 -323.795
8294.27 -152.772 8389.26 -336.95
8308.59 -143.514 8403.29 -336.95
8323.5 -135.231 8417.61 -329.642
8337.24 -144.976 8431.05 -335.001
8351.56 -133.769 8445.66 -343.284
8364.13 -145.95 8459.69 -338.899
8379.03 -131.333 8473.42 -341.335
8393.35 -143.514 8487.16 -342.797
8408.26 -150.335 8501.47 -336.95
8422.28 -133.769 8516.08 -335.489
8435.43 -137.667 8530.69 -335.976
8449.75 -141.565 8544.13 -339.874
8463.2 -148.387 8557.86 -340.361
8478.39 -144.976 8572.47 -344.746
8491.83 -152.772 8585.62 -348.644
8505.27 -152.284 8600.22 -351.08
8519.59 -160.568 8613.37 -345.721
8534.2 -160.08 8628.85 -339.874
8548.22 -156.67 8641.7 -341.823
8561.66 -148.387 8655.73 -335.489
8576.56 -148.387 8669.16 -329.154
8590.29 -151.31 8684.06 -335.489
8603.44 -124.512 8697.79 -350.593
8617.46 -141.565 8712.39 -331.103
8632.06 -145.463 8727.58 -340.848
8646.67 -150.823 8740.43 -336.95
8659.82 -138.154 8754.16 -347.182
8674.13 -140.103 8768.76 -355.466
8689.03 -125.973 8782.48 -347.182
8702.75 -138.642 8796.5 -361.312
8716.48 -144.976 8810.52 -345.233
8731.08 -119.152 8824.25 -342.31
8743.94 -128.897 8839.14 -347.67
8758.25 -129.384 8852.28 -349.619
8771.39 -132.795 8867.76 -366.185
8786.57 -137.18 8880.9 -365.698
8799.72 -113.305 8895.2 -356.44
8815.19 -138.642 8908.64 -355.466
8829.21 -127.435 8923.82 -356.927
8842.06 -134.256 8936.66 -356.44
8856.95 -126.46 8951.26 -346.695
8869.8 -138.642 8965.57 -359.851
8885.57 -126.46 8978.71 -356.927
8898.12 -135.231 8993.89 -361.312
8912.43 -141.565 9007.02 -351.08
8926.45 -135.231 9021.04 -353.029
8940.75 -136.205 9035.93 -338.412
8954.77 -116.716 9048.77 -340.848
8968.49 -142.54 9063.95 -327.205
8982.5 -115.741 9077.38 -347.182
8996.81 -125.486 9090.81 -336.95
9010.82 -116.716 9105.69 -338.412
9025.42 -121.588 9120 -333.052
9037.97 -121.101 9134.3 -330.616
9052.27 -94.7896 9145.98 -326.718
9067.16 -102.585 9161.74 -314.05
9081.17 -91.8661 9177.2 -318.922
9095.48 -86.9937 9190.34 -298.945
9108.32 -87.4809 9204.06 -311.126
9123.21 -76.2743 9217.48 -326.718
9136.63 -78.2233 9231.49 -317.46
9150.94 -81.1467 9245.79 -314.537
9165.82 -86.9937 9260.97 -311.614
9178.95 -84.0702 9274.68 -310.152
9193.26 -67.5039 9287.82 -305.279
9206.98 -68.9656 9302.7 -312.588
9221.86 -81.1467 9315.54 -310.639
9235.58 -94.7896 9328.67 -316.486
9249.3 -70.9146 9343.26 -304.792
9263.3 -73.8381 9358.44 -305.279
9277.6 -76.7615 9373.32 -311.614
9291.03 -80.6595 9386.16 -303.818
9305.03 -67.9911 9401.04 -310.152
9319.33 -73.3508 9414.46 -307.228
9334.51 -67.5039 9428.76 -295.047
9347.64 -54.8355 9443.06 -294.073
9363.1 -75.2998 9456.77 -283.841
9376.24 -65.5549 9471.07 -290.175
9389.95 -70.4273 9484.49 -280.917
9403.66 -53.861 9498.49 -279.943
9417.09 -46.5524 9512.5 -285.302
9432.26 -38.7564 9526.79 -282.379
9445.39 -27.5498 9540.8 -279.455
9458.81 -23.6518 9555.39 -308.69
9473.69 -25.6008 9569.39 -303.33
9487.41 -18.7794 9582.81 -327.693
9501.41 3.63386 9596.81 -316.486
9515.42 14.8405 9611.4 -323.307
9530 12.4043 9625.11 -316.973
9543.13 41.1517 9639.41 -301.869
9557.72 41.1517 9653.41 -301.869
9573.47 50.8966 9667.12 -292.124
9585.44 36.7665 9681.71 -291.636
9599.15 46.0242 9695.71 -266.787
9614.32 48.9476 9710 -254.606
9628.03 41.1517 9723.71 -250.221
9642.32 65.0267 9737.72 -256.555
9655.74 63.565 9751.13 -245.835
9670.33 68.4374 9765.43 -237.065
9683.46 62.5905 9780.31 -240.476
9698.04 63.0777 9794.31 -225.858
9711.46 66.4884 9808.02 -225.858
9725.46 72.3354 9820.85 -236.091
9740.05 64.5395 9836.31 -243.399
9754.05 55.2818 9849.73 -228.295
9768.64 75.7461 9864.6 -246.81
9781.76 80.6185 9878.02 -235.603
9795.76 72.3354 9892.02 -228.295
9810.64 79.644 9906.9 -225.858
9824.06 78.6696 9919.44 -225.858
9838.94 96.6976 9934.02 -236.091
9852.94 101.083 9948.9 -228.782
9866.65 106.443 9962.32 -237.065
9879.77 109.366 9976.61 -239.014
9894.65 131.779 9989.73 -244.861
9908.94 144.448 10004.9 -239.501
9922.35 144.448 10019.5 -243.399
9937.23 153.218 10033.2 -242.425
9950.36 160.039 10046.9 -249.246
9964.36 182.453 10060 -237.065
9978.07 181.965 10075.2 -252.17
9992.36 196.096 10088.3 -250.708
10006.6 205.353 10102.6 -267.761
10020.4 210.226 10117.2 -265.813
10034.1 216.56 10130.9 -258.991
10047.8 226.792 10145.2 -265.813
10062.9 231.177 10158.3 -248.759
10077.2 232.152 10173.2 -246.81
10090.9 237.024 10187.5 -264.838
10104.9 223.868 10202 -250.708
10118.6 241.897 10214.9 -243.399
10132.4 244.82 10228.9 -241.45
10146.1 239.46 10243.8 -258.017
10160.9 244.82 10258.1 -242.912
10174.9 245.307 10272 -241.938
10188.4 253.103 10285.5 -236.091
10203.2 266.746 10299.2 -242.912
10216.6 273.08 10314.3 -243.886
10231.2 283.312 10327.8 -227.807
10243.8 288.185 10341.5 -256.068
10258.6 309.136 10355.8 -238.04
10273.2 312.547 10369.5 -240.963
10286.3 338.371 10384.9 -245.348
10300.3 344.705 10398.9 -229.756
10315.2 357.861 10411.2 -211.241
10329.2 363.708 10425.8 -216.114
10342.9 381.249 10439.7 -197.598
10356.6 408.047 10453.7 -203.932
10370.9 415.843 10467.7 -195.649
10384.3 428.999 10482.6 -210.267
10398.3 450.437 10496.6 -209.292
10413.2 459.208 10510.3 -218.55
10426.6 454.335 10524.3 -225.371
10440.9 471.876 10538.6 -217.575
10455.5 498.675 10552.6 -194.188
10470.1 503.06 10566.6 -205.394
10483.5 518.164 10580.9 -205.881
10496.6 535.218 10594 -207.343
10511.5 552.271 10608 -217.575
10524.6 555.682 10622.3 -229.756
10539.2 560.555 10636.3 -216.601
10553.5 572.736 10650.3 -217.088
10566.9 566.889 10664.6 -208.318
10581.5 596.611 10679.5 -233.167
10594.9 598.56 10693.2 -228.782
10609.5 606.356 10707.5 -240.963
10622.6 636.078 10722.1 -236.091
10636.9 632.667 10734.6 -241.45
10651.5 651.669 10750.1 -265.813
10664.3 673.595 10763.5 -253.631
10679.8 685.289 10777.8 -243.886
10694.1 683.34 10791.8 -232.193
10707.5 708.19 10804.9 -229.756
10720.9 725.243 10819.5 -242.912
10735.8 732.552 10833.8 -230.731
10749.8 741.322 10848.4 -209.779
10762.3 759.351 10862.4 -201.983
10777.5 783.713 10875.5 -192.239
10791.2 785.662 10889.8 -175.672
10806.1 813.922 10903.8 -163.978
10818.9 829.027 10918.4 -163.491
10832.6 839.746 10932.1 -162.517
10847.8 866.544 10946.4 -149.848
10861.5 879.213 10959.8 -124.024
10875.5 886.521 10973.8 -123.537
10888.6 895.292 10988.1 -116.228
10903.5 894.805 11001.8 -120.614
10917.8 921.603 11016.1 -138.154
10931.5 925.014 11029.8 -123.537
10946.1 931.348 11044.4 -118.177
10958.9 939.631 11059.5 -120.614
10973.5 965.942 11071.8 -124.512
10987.8 976.174 11086.7 -118.665
11001.2 987.868 11100.4 -124.512
11015.2 1006.38 11114.7 -117.69
11029.2 1011.26 11129 -108.92
11043.5 1021.49 11143 -109.407
11057.8 1031.23 11156.7 -103.56
11071.8 1059.49 11171.3 -82.1212
11086.1 1073.62 11185.3 -81.1467
11099.8 1088.24 11198.4 -82.1212
11113.8 1099.45 11212.7 -86.9937
11128.1 1125.76 11227.6 -61.6569
11141.5 1147.2 11241.6 -48.0141
11155.2 1150.12 11255 -42.1671
11169 1161.33 11269.3 -20.2411
11184.1 1179.84 11283.6 -5.13654
11197.3 1189.59 11297 4.60835
11212.1 1198.36 11310.5 26.0471
11225.3 1225.16 11325.6 45.0497
11240.4 1240.26 11339.3 46.0242
11253 1256.83 11354.5 56.7435
11267.9 1255.37 11368.2 60.6415
11282.1 1269.5 11381.6 68.9247
11295.3 1289.96 11395.7 49.4349
11310.2 1285.09 11410.3 55.2818
11323.6 1312.86 11425.1 62.1032
11338.5 1330.4 11438.3 55.2818
11351.9 1318.71 11452 39.69
11365.6 1339.66 11466.6 41.1517
11380.5 1358.17 11480 46.5114
11392.7 1357.2 11493.7 41.1517
11407.9 1381.07 11507.7 34.3303
11422.2 1391.79 11522.6 30.9196
11435.4 1404.95 11536.3 54.7946
11449.4 1421.03 11550.3 66.4884
11463.6 1434.67 11564.6 85.9782
11478 1443.44 11578.9 89.389
11492.3 1466.83 11593.2 106.443
11506 1466.83 11607.5 117.649
11520.8 1478.52 11620.7 133.241
11534 1496.55 11634.4 145.909
11548 1493.63 11649 180.991
11562 1528.22 11663.6 181.478
11575.7 1518.48 11677.3 206.815
11590 1516.04 11691.6 208.764
11603.7 1537.97 11705.6 213.636
11618 1539.92 11719.6 212.662
11631.5 1554.05 11734.2 228.254
11646.4 1557.94 11747.1 231.664
11660.1 1552.59 11761.7 235.562
11674.7 1559.41 11774.8 233.126
11688.1 1561.36 11789.7 221.92
11701.5 1591.08 11804.3 233.126
11716.1 1596.92 11817.7 230.203
11729.5 1604.23 11832.3 220.458
11743.6 1627.13 11845.4 204.866
11758.5 1643.21 11859.8 203.404
11771.9 1661.24 11874.6 214.124
11786.2 1666.6 11887.2 216.073
11799.3 1677.81 11902.1 225.817
11814.8 1695.35 11914.9 235.562
11828.5 1708.5 11930.4 238.486
11841.6 1738.23 11943.5 266.746
11856 1748.94 11958.4 273.567
11870 1774.77 11972.8 286.723
11884.6 1798.64 11986.2 314.983
11898.3 1820.08 12000.2 324.241
11911.4 1854.19 12014.8 346.654
11926.6 1845.91 12028.8 356.399
11940.6 1860.52 12042.8 375.402
11955.8 1893.17 12057.1 395.379
11969.3 1893.17 12072.1 408.534
11982.7 1904.38 12085.2 416.817
11996.1 1910.22 12099.2 432.897
12010.4 1921.92 12112.9 437.769
12023.6 1919.48 12127.3 452.386
12037.3 1918.51 12141.3 464.08
12053.4 1938 12155.6 459.208
12065.9 1924.35 12169.9 467.004
12079.9 1947.25 12183.3 463.593
12094.2 1936.53 12197.4 469.44
12108.5 1961.87 12211.7 483.083
12122 1970.15 12225.4 478.21
12136 1991.59 12240.9 463.106
12150.3 2000.36 12253.7 483.57
12164 2021.31 12268 486.006
12178.6 2043.24 12281.2 486.981
12193 2071.5 12295.8 486.981
12206.4 2100.25 12310.4 517.19
12220.4 2120.71 12323.8 513.779
12233.9 2166.51 12339 539.603
12248.5 2177.72 12351.9 548.374
12263.1 2203.54 12365.9 572.736
12276.5 2227.42 12379.6 600.022
12290.8 2247.88 12394.3 617.562
12304.3 2275.17 12408.9 638.027
12318.6 2284.91 12422.6 663.363
12332.3 2299.04 12435.8 673.595
12346.3 2328.77 12450.7 712.575
12361 2335.59 12464.7 715.986
12373.5 2347.77 12479.3 742.784
12388.4 2350.2 12493 759.838
12402.4 2363.36 12507.9 785.662
12415.6 2384.31 12520.8 790.047
12430.5 2381.88 12536.3 792.97
12444.2 2394.06 12549.7 802.715
12459.4 2400.39 12563.5 808.075
12472 2421.83 12577.8 823.18
12486.6 2432.06 12591.2 827.078
12500.3 2452.04 12605.5 838.284
12513.5 2452.53 12619.9 843.644
12528.1 2470.07 12633.9 849.004
12541.8 2500.76 12648.5 847.055
12556.7 2526.59 12662 865.083
12570.2 2539.74 12675.7 869.955
12585.1 2586.03 12690.9 887.496
12598.8 2608.93 12704.1 902.601
12612.3 2639.14 12718.7 941.093
12627.8 2666.91 12732.7 938.169
12640.6 2696.15 12746.2 963.019
12655.5 2734.15 12760.8 985.919
12667.8 2759.98 12774.8 1008.82
12682.1 2769.72 12788.3 1029.28
12697.3 2788.24 12802.9 1053.65
12710.2 2808.7 12817.2 1091.65
12724.5 2832.58 12831.2 1096.04
12738 2847.19 12845.9 1142.32
12752.9 2848.66 12859.3 1158.89
12766.6 2868.63 12873.9 1196.41
12781 2874.97 12888 1196.41
12794.7 2893.48 12901.4 1205.67
12807.6 2885.69 12915.2 1246.6
12822.8 2899.82 12929.2 1273.39
12836.5 2904.2 12943.8 1292.88
12850.5 2916.38 12957.9 1310.91
12864 2921.74 12971.9 1337.22
12878 2932.46 12985.4 1361.59
12892.4 2957.31 13000.6 1373.77
12906.7 2981.19 13014.6 1390.82
12920.7 2990.44 13028.1 1414.21
12935.4 3019.68 13042.7 1432.24
12948.5 3060.12 13056.4 1451.24
12962.5 3091.3 13070.8 1479.01
12976 3122 13084.5 1498.01
12991.5 3133.69 13098.5 1519.45
13004.4 3165.37 13113.8 1517.5
13019 3206.29 13126.9 1550.15
13032.1 3235.04 13141.3 1560.38
13046.5 3265.25 13155.3 1586.2
13061.1 3293.51 13169.4 1603.26
13074.3 3334.44 13183.7 1627.62
13089.2 3341.26 13197.4 1660.75
13101.8 3368.06 13212.4 1679.76
13117 3367.08 13226.1 1694.37
13131 3384.14 13239.3 1730.92
13144.8 3391.93 13254.2 1753.33
13158.2 3406.55 13267.9 1782.08
13172.9 3418.25 13283.2 1815.7
13186.3 3429.45 13295.7 1852.73
13200.1 3428.48 13310.4 1882.94
13214.1 3432.38 13325.6 1920.45
13229 3432.86 13337.6 1934.1
13242.2 3430.43 13352.8 1976.98
13256.8 3450.4 13367.4 1998.41
13272 3469.41 13380.9 2028.62
13284.6 3477.2 13395.5 2065.65
13299.5 3506.92 13409 2077.84
13311.8 3535.18 13423.9 2114.38
13326.5 3548.83 13437.4 2135.33
13340.2 3565.39 13452 2143.61
13354.3 3587.32 13466.1 2174.31
13368.6 3620.45 13480.4 2209.39
13382.9 3633.12 13494.5 2225.96
13395.5 3680.87 13508.2 2241.55
13409.6 3713.03 13521.7 2260.06
13425.7 3736.9 13535.7 2284.43
13437.7 3763.7 13550.6 2309.76
13452 3777.83 13564.7 2335.59
13467.5 3812.43 13578.5 2359.95
13480.4 3824.12 13593.4 2390.65
13494.7 3858.71 13607.4 2414.03
13508.5 3862.13 13620.6 2440.35
13523.4 3879.67 13635.2 2475.43
13536.9 3905.49 13649.6 2493.45
13550.4 3902.08 13664.2 2526.59
13565.3 3915.72 13677.4 2567.52
13578.2 3924.49 13692.3 2594.31
13592.8 3926.44 13705.5 2650.83
13606.6 3953.73 13721 2664.96
13620 3964.45 13733.9 2699.56
13634.7 3973.22 13748.8 2744.87
13648.1 3994.17 13763.8 2772.16
13662.5 3999.04 13776.9 2814.55
13676.5 4031.2 13791.9 2836.96
13690 4041.43 13806.2 2877.89
13704.9 4080.41 13819.7 2908.59
13718.1 4078.95 13834.6 2949.03
13733 4110.13 13848.1 2995.8
13746.2 4141.8 13864.2 3015.29
13761.1 4163.24 13877.1 3047.45
13775.2 4186.14 13892 3077.17
13788.6 4213.43 13906.7 3100.56
13801.8 4252.41 13921 3138.57
13815.9 4230.48 13936.5 3175.6
13830.2 4170.06 13950 3209.22
13844.3 4078.46 13963.5 3236.5
13858.6 3982.96 13976.6 3276.46
13872.1 3909.39 13988.1 3314.46
13885.9 3821.2 13994.5 3347.59
13900.5 3768.09 13995.1 3406.06
13914 3718.39 13983.7 3452.84
13928.3 3667.23 13970.8 3476.23
13943 3588.78 13956.1 3513.26
