7013.58 -281.892 7042.31 -299.92
7011.82 -249.733 7056.08 -287.251
7008.01 -254.119 7070.15 -309.665
7005.66 -239.014 7083.93 -303.33
7011.52 -242.912 7098 -305.279
7019.73 -238.04 7111.78 -294.073
7030.58 -254.606 7125.55 -284.815
7042.89 -252.17 7139.62 -282.866
7056.96 -246.81 7153.98 -293.098
7069.86 -242.912 7167.76 -299.92
7083.64 -252.657 7182.12 -303.33
7097.71 -239.014 7195.3 -339.386
7112.07 -246.323 7210.84 -342.797
7125.26 -247.784 7224.02 -347.67
7140.79 -251.682 7238.67 -347.182
7154.57 -239.501 7252.44 -333.052
7169.22 -231.705 7265.92 -338.899
7183 -228.782 7280.87 -358.389
7197.65 -231.705 7293.76 -350.106
7211.71 -231.218 7308.7 -352.542
7226.07 -227.32 7322.47 -331.103
7240.14 -217.575 7336.53 -353.517
7253.62 -213.19 7350.59 -335.489
7268.56 -218.55 7364.36 -351.08
7282.33 -210.754 7379 -354.978
7296.39 -209.779 7392.48 -376.904
7310.75 -212.216 7406.54 -407.113
7324.81 -194.675 7420.3 -433.425
7337.11 -216.114 7434.65 -430.014
7351.47 -209.779 7448.42 -437.323
7366.7 -222.935 7462.48 -418.32
7381.35 -218.062 7477.12 -430.989
7394.53 -201.983 7490.88 -440.246
7409.47 -214.165 7504.94 -437.81
7423.82 -198.573 7518.41 -461.685
7438.17 -195.649 7532.76 -442.682
7451.64 -203.445 7546.23 -458.274
7465.7 -210.267 7561.45 -456.812
7479.46 -200.522 7575.21 -449.991
7493.52 -211.728 7590.14 -467.532
7508.45 -198.573 7603.32 -458.761
7521.63 -216.114 7617.37 -461.685
7535.98 -202.958 7630.25 -478.251
7550.03 -198.085 7644.89 -487.022
7564.38 -189.802 7659.82 -481.662
7578.14 -184.443 7672.7 -469.968
7592.49 -187.853 7687.92 -483.611
7606.54 -182.494 7701.09 -483.124
7619.42 -182.494 7714.55 -480.2
7634.06 -182.981 7728.89 -480.2
7648.99 -187.853 7744.41 -489.945
7662.74 -175.672 7756.99 -486.047
7676.5 -165.927 7771.33 -474.353
7690.26 -163.978 7786.25 -487.996
7704.89 -164.953 7799.13 -486.047
7718.65 -171.287 7813.47 -477.277
7732.99 -168.364 7827.81 -502.126
7747.63 -167.389 7842.14 -495.305
7761.09 -157.157 7856.77 -505.05
7776.89 -162.029 7870.23 -513.333
7788.89 -163.978 7884.28 -499.69
7803.23 -146.925 7898.03 -503.101
7817.27 -177.134 7912.07 -495.792
7831.32 -154.721 7926.11 -493.843
7845.36 -159.106 7940.45 -504.075
7859.99 -163.491 7955.07 -511.871
7873.45 -158.131 7967.65 -508.948
7886.62 -169.825 7982.57 -527.463
7902.41 -175.672 7996.31 -532.335
7915.58 -179.083 8009.77 -526.488
7929.33 -173.723 8024.98 -519.18
7944.25 -170.8 8037.85 -516.256
7957.7 -173.236 8052.18 -521.129
7971.74 -166.415 8065.34 -511.384
7985.49 -176.159 8079.67 -519.667
8000.41 -173.236 8094.29 -519.667
8014.74 -161.055 8107.45 -524.539
8027.61 -159.593 8122.36 -527.463
8042.23 -163.491 8136.98 -531.361
8056.27 -160.08 8151.31 -527.95
8070.6 -163.978 8164.76 -509.435
8085.22 -150.823 8178.5 -522.59
8099.55 -156.67 8193.41 -504.075
8114.17 -160.568 8205.99 -516.744
8127.33 -168.851 8221.19 -503.588
8140.78 -164.953 8235.22 -516.744
8155.11 -182.006 8249.25 -512.358
8167.98 -182.981 8262.41 -526.976
8182.6 -180.545 8277.02 -517.718
8197.22 -192.239 8290.47 -517.718
8210.37 -190.29 8304.5 -535.746
8224.7 -191.751 8319.41 -531.848
8239.02 -182.006 8333.15 -520.154
8252.47 -198.085 8347.76 -528.925
8266.5 -189.315 8362.37 -521.129
8281.7 -200.034 8375.52 -523.565
8295.44 -198.573 8388.97 -525.514
8309.47 -210.267 8403.29 -515.282
8322.62 -189.802 8417.32 -518.693
8337.53 -193.213 8431.93 -506.511
8351.27 -189.315 8445.37 -506.511
8364.42 -203.445 8459.4 -496.767
8379.32 -203.932 8473.72 -500.177
8393.64 -199.06 8487.74 -482.636
8407.38 -190.777 8501.47 -488.971
8421.41 -194.188 8516.08 -487.996
8435.14 -176.647 8530.11 -471.43
8450.05 -187.853 8543.55 -481.175
8462.61 -168.364 8558.15 -464.608
8477.22 -172.262 8571.59 -469.481
8490.95 -162.517 8585.91 -470.455
8505.85 -165.927 8600.81 -472.892
8519.88 -166.902 8613.37 -469.481
8533.32 -163.978 8629.14 -470.455
8548.22 -171.287 8641.7 -466.07
8561.37 -181.519 8656.6 -466.557
8575.98 -185.904 8669.16 -465.583
8590 -183.468 8684.35 -473.866
8603.73 -182.494 8698.96 -466.557
8618.63 -189.315 8712.39 -464.608
8632.36 -195.649 8727 -467.045
8645.8 -174.21 8740.43 -454.864
8659.52 -189.802 8754.45 -465.096
8674.71 -199.06 8769.05 -467.045
8689.03 -206.856 8782.19 -460.71
8702.17 -206.856 8797.09 -450.478
8716.77 -193.7 8809.94 -471.917
8730.21 -175.672 8824.54 -476.302
8743.64 -187.853 8838.56 -463.147
8758.25 -170.313 8852.86 -461.198
8772.26 -211.728 8867.17 -449.991
8786.57 -198.085 8880.6 -462.659
8800.01 -192.726 8894.91 -452.427
8814.03 -197.111 8910.09 -444.144
8828.33 -187.853 8923.23 -445.119
8843.23 -182.006 8937.25 -427.091
8856.37 -182.494 8949.8 -423.68
8870.39 -170.8 8964.99 -420.756
8885.57 -179.083 8979.29 -436.348
8897.54 -179.57 8993.01 -432.937
8912.14 -180.545 9007.9 -477.277
8927.32 -177.621 9020.45 -456.812
8941.05 -189.315 9035.63 -460.71
8953.89 -184.443 9048.77 -461.198
8969.36 -182.006 9063.37 -483.124
8983.96 -184.443 9077.38 -460.223
8997.39 -199.547 9091.98 -474.353
9010.24 -202.958 9105.98 -473.866
9025.71 -196.624 9119.41 -470.943
9038.55 -180.057 9133.72 -466.07
9052.56 -199.06 9146.85 -470.455
9066.58 -207.83 9161.44 -471.43
9081.47 -202.958 9176.04 -475.328
9094.89 -189.315 9190.34 -486.047
9108.61 -182.494 9204.64 -514.307
9122.62 -162.517 9217.19 -513.333
9137.22 -176.159 9232.37 -510.409
9151.52 -153.746 9245.79 -511.384
9165.53 -144.001 9260.09 -505.537
9179.54 -163.491 9274.68 -495.792
9192.67 -157.157 9288.11 -482.636
9207.26 -141.078 9302.12 -480.2
9221.28 -155.695 9315.83 -488.971
9235.28 -136.205 9329.84 -486.534
9248.71 -140.591 9343.84 -466.07
9263.59 -124.512 9358.14 -467.045
9277.31 -142.052 9372.15 -481.175
9290.73 -142.54 9385.87 -489.458
9304.74 -139.129 9401.04 -478.251
9319.33 -134.256 9414.46 -496.279
9333.34 -140.591 9428.18 -488.483
9347.64 -140.103 9442.76 -487.022
9363.1 -147.412 9456.48 -477.764
9376.82 -154.721 9470.19 -490.92
9389.66 -147.899 9485.07 -487.996
9403.66 -148.874 9498.78 -475.328
9416.8 -155.208 9513.66 -497.254
9431.39 -148.387 9526.5 -477.277
9445.68 -150.823 9540.8 -495.792
9459.98 -144.001 9553.93 -487.996
9473.99 -144.489 9569.68 -483.124
9487.99 -147.899 9583.68 -482.636
9502.29 -135.718 9597.11 -463.634
9515.42 -124.512 9611.69 -479.226
9529.71 -111.843 9625.11 -468.994
9543.13 -128.897 9639.7 -467.532
9557.43 -122.563 9653.41 -463.634
9571.14 -115.254 9667.41 -457.787
9585.73 -102.098 9681.71 -446.58
9599.44 -105.022 9695.42 -448.529
9613.73 -85.5319 9709.42 -442.682
9628.03 -84.0702 9723.42 -430.989
9642.32 -82.6085 9738.01 -426.603
9656.62 -88.9426 9752.3 -433.425
9670.62 -82.1212 9765.43 -425.142
9683.75 -83.0957 9779.43 -430.501
9698.33 -88.9426 9794.01 -415.397
9712.63 -71.4018 9807.43 -397.369
9727.21 -76.7615 9821.72 -397.369
9740.05 -82.6085 9836.6 -387.624
9754.05 -73.3508 9850.6 -386.162
9768.34 -71.4018 9864.31 -378.853
9782.06 -70.9146 9878.31 -375.93
9796.93 -74.8125 9891.73 -370.57
9809.18 -82.1212 9906.02 -366.185
9824.06 -86.0192 9919.15 -367.647
9838.35 -88.4554 9934.9 -347.67
9852.35 -77.736 9949.19 -354.491
9866.35 -61.6569 9962.02 -346.208
9880.64 -53.3738 9976.9 -339.386
9894.35 -50.9376 9990.32 -359.364
9908.65 -44.1161 10004 -357.415
9921.48 -34.3712 10019.2 -336.463
9936.06 -39.7309 10032.3 -332.565
9950.65 -15.3687 10047.5 -317.46
9964.94 -3.18756 10060 -318.435
9978.07 -0.751338 10074.6 -328.667
9992.65 10.9425 10089.8 -328.667
10007.2 13.866 10103.5 -339.874
10020.4 42.6134 10117.8 -354.978
10034.9 22.1492 10130.6 -331.591
10048.1 37.2538 10146.1 -336.463
10062.6 65.0267 10158.6 -333.54
10076.4 60.6415 10173.5 -332.565
10091.2 67.4629 10187.2 -349.619
10105.2 68.9247 10200.9 -346.208
10118.9 50.8966 10215.2 -343.284
10132.4 76.2333 10229.2 -338.899
10146.1 85.491 10243.5 -355.953
10159.8 88.9017 10257.2 -347.67
10174.9 70.8736 10271.2 -360.338
10188.4 83.542 10286.6 -353.029
10203.2 85.491 10299.5 -348.157
10216 105.468 10313.8 -350.593
10230.6 109.366 10327.8 -356.927
10244.9 119.111 10342.3 -360.825
10259.5 123.983 10355.2 -354.978
10273.8 137.139 10370 -339.874
10286 141.037 10383.8 -338.412
10300.9 163.45 10397.8 -331.591
10314.3 180.504 10412.9 -326.231
10328.9 206.328 10425.8 -308.203
10343.2 194.634 10439.7 -301.869
10357.2 227.766 10454 -302.356
10370.9 246.769 10467.7 -305.767
10384.3 257.976 10482.9 -289.688
10398.9 258.95 10496.6 -278.968
10412.3 285.261 10511.2 -286.764
10426.3 288.672 10524 -284.815
10441.8 303.289 10538.3 -284.815
10454.9 325.215 10552.6 -276.045
10469.2 341.295 10566.3 -274.096
10482.3 347.629 10581.2 -278.968
10497.2 363.708 10595.8 -264.838
10510.3 389.044 10608.6 -270.685
10524.6 392.455 10622.3 -279.943
10539.5 404.636 10636 -284.815
10553.2 407.56 10651.2 -274.096
10567.8 429.973 10664.9 -291.149
10580.6 457.746 10679.2 -297.483
10595.5 467.491 10693.8 -295.047
10608.6 469.927 10706.9 -290.662
10622.3 498.675 10721.5 -297.483
10638.4 496.726 10734.6 -296.996
10650.9 520.113 10749.2 -300.407
10665.8 539.603 10763.5 -307.228
10678.9 531.807 10777.5 -296.509
10693.2 554.708 10790.9 -301.381
10707.5 572.736 10805.2 -294.56
10720.9 580.044 10819.8 -280.917
10735.2 599.534 10833.5 -258.991
10749.8 602.458 10848.1 -267.274
10762.6 626.82 10862.1 -247.297
10777.8 638.027 10876.4 -231.705
10790.9 647.771 10890.7 -220.499
10805.5 665.8 10903.2 -212.216
10818.9 661.902 10918.1 -189.315
10833.5 678.955 10931.8 -181.032
10847.2 704.779 10946.4 -172.262
10862.1 698.932 10961.2 -157.157
10875.8 693.572 10973.8 -147.899
10889.2 720.371 10989 -155.208
10903.5 716.96 11001.8 -146.438
10916.6 732.065 11016.4 -135.718
10930.9 736.937 11030.1 -128.409
10945.8 749.118 11045 -121.588
10959.5 751.067 11058.7 -132.795
10973.8 764.71 11071.8 -134.744
10987.2 770.07 11086.7 -131.82
11001.8 772.506 11101 -127.922
11016.1 802.228 11115 -121.101
11029.8 816.358 11129 -119.639
11043.5 836.335 11142.4 -123.05
11057.5 844.618 11157.9 -108.92
11071.8 855.825 11169.8 -98.2003
11085.2 873.366 11185 -104.534
11099.8 895.292 11198.7 -95.2768
11113.2 906.986 11213.3 -94.3023
11127.5 922.577 11227.6 -90.4044
11141.5 934.271 11240.7 -78.2233
11155.2 946.94 11256.8 -78.2233
11169.2 952.787 11269.3 -83.0957
11183.8 958.634 11283.3 -98.6875
11198.4 972.764 11297.3 -100.149
11212.4 974.713 11310.8 -104.534
11225.3 973.251 11325.6 -130.846
11239.9 969.353 11339.9 -106.971
11254.1 967.891 11353.9 -111.356
11267.6 986.407 11367.9 -121.101
11281.9 1003.95 11382.2 -124.024
11295.3 1010.77 11395.9 -119.639
11309.3 1018.56 11409.7 -135.231
11324.2 1034.64 11424 -150.823
11337.9 1030.75 11438 -146.438
11351 1040.98 11451.4 -153.746
11366.5 1047.31 11466.6 -173.236
11381.1 1051.21 11480 -171.774
11393.6 1068.26 11493.7 -175.672
11408.2 1065.34 11507.7 -178.596
11421.6 1067.29 11522.6 -175.185
11435.4 1078.98 11537.8 -188.341
11449.9 1096.52 11550 -180.057
11463.6 1094.57 11564.6 -166.415
11478.2 1086.29 11578.9 -175.672
11492 1128.19 11593.2 -174.21
11506.3 1126.25 11606.1 -173.236
11519.4 1122.35 11620.7 -159.593
11533.1 1150.12 11635.3 -157.644
11548.3 1157.43 11648.7 -161.542
11561.4 1173.02 11663.9 -154.233
11576.6 1204.69 11676.7 -157.644
11590 1209.56 11690.4 -144.001
11604 1213.95 11706.5 -150.335
11618 1249.52 11719 -146.438
11630.9 1248.54 11733.9 -138.642
11645.5 1294.35 11747.4 -156.182
11660.4 1282.65 11761.4 -142.052
11675 1293.86 11775.7 -149.361
11687.2 1314.32 11790 -142.54
11702.4 1320.17 11803.1 -137.667
11716.1 1316.76 11818.3 -147.899
11730.1 1322.61 11832 -152.772
11744.7 1331.38 11845.4 -132.795
11757.9 1338.2 11859.2 -129.871
11771.9 1325.04 11873.8 -132.795
11785.6 1324.07 11887.5 -123.05
11799.6 1330.89 11902.1 -112.33
11814.8 1344.53 11916.1 -96.2513
11827.6 1343.56 11929.8 -76.7615
11842.2 1367.43 11944.1 -64.5804
11856 1384.49 11958.4 -54.8355
11869.7 1400.08 11972.5 -48.0141
11884.3 1407.39 11986.5 -17.3177
11898 1437.11 12000.8 -16.3432
11912.3 1452.7 12014.5 10.9425
11925.7 1461.47 12028.2 12.8915
11941.2 1493.63 12043.1 13.866
11955.2 1517.99 12057.1 22.1492
11968.7 1536.99 12071.8 31.4068
11983 1570.13 12084.3 31.4068
11995.5 1580.85 12099.8 46.5114
12010.4 1606.67 12113.5 54.7946
12025 1618.85 12127.8 64.0522
12037.9 1640.29 12141 56.7435
12052.5 1662.7 12154.4 67.4629
12066.5 1678.78 12169.6 84.5165
12080.5 1689.01 12183.6 97.6721
12093.9 1693.89 12197.9 99.1338
12107.7 1710.45 12211.7 99.1338
12122.6 1723.12 12225.7 115.213
12136 1731.4 12240.6 133.728
12150.6 1736.76 12253.4 149.807
12164 1740.66 12268 178.067
12178.4 1743.58 12282.6 189.761
12192.1 1757.23 12295.2 212.175
12205.8 1776.23 12310.1 222.894
12221.3 1779.64 12324.1 254.565
12234.5 1806.44 12339 246.769
12248.2 1816.67 12351.3 271.131
12262.5 1814.72 12366.5 284.287
12276.8 1835.67 12381.1 281.851
12290.5 1847.86 12394 326.19
12304.6 1874.65 12408.9 327.652
12318.6 1898.04 12422 357.374
12332.3 1923.38 12436.9 355.425
12346.3 1944.33 12450.1 368.58
12359.8 1960.41 12465.3 386.608
12374.4 1998.9 12479.3 391.968
12388.1 2026.19 12492.7 398.302
12402.7 2022.29 12506.8 420.228
12416.5 2060.29 12520.8 436.307
12430.2 2089.04 12535.4 460.669
12444.5 2097.32 12549.4 478.21
12458.6 2110.97 12562.6 503.547
12472 2134.84 12577.5 517.19
12486.6 2144.1 12590.9 532.782
12500.3 2151.41 12605.8 555.682
12514.4 2158.72 12620.2 586.379
12528.4 2181.62 12633.3 608.792
12542.1 2197.21 12648.5 628.282
12557 2212.31 12661.7 659.953
12570.5 2204.03 12676.9 679.93
12585.1 2222.06 12689.7 708.677
12598.8 2230.83 12703.8 735.475
12612.9 2242.52 12718.1 741.81
12626.6 2263.48 12731.8 757.402
12639.5 2281.99 12746.4 781.277
12654.7 2293.2 12761.1 810.998
12668.1 2321.46 12774.5 830.488
12682.4 2341.92 12788.9 852.414
12696.8 2382.85 12804 852.414
12710.2 2397.95 12816.9 856.799
12724.8 2440.83 12831.2 855.825
12738.6 2450.09 12846.2 862.159
12752.6 2472.02 12859 868.006
12766.3 2514.89 12874.2 882.623
12780.4 2530 12886.8 882.136
12794.7 2558.75 12901.4 904.549
12808.1 2563.62 12916.9 920.629
12822.5 2592.37 12928.9 944.504
12836.8 2614.78 12944.4 978.611
12850.5 2622.09 12958.4 974.226
12865.2 2632.32 12972.2 1009.79
12878 2651.32 12986.5 1050.24
12893.2 2656.19 12999.7 1087.75
12906.4 2682.02 13014.9 1115.04
12920.1 2690.3 13027.8 1140.86
12933.9 2706.87 13042.7 1183.74
12948.2 2720.51 13056.1 1211.51
12963.1 2736.1 13071.4 1258.78
12976.3 2761.93 13084.2 1285.57
12991.2 2763.39 13098 1305.55
13004.1 2796.03 13113.2 1341.61
13018.4 2808.21 13127.5 1361.1
13032.5 2834.53 13141 1386.43
13045.6 2850.61 13155.6 1389.36
13060.8 2861.32 13169.6 1414.69
13074 2892.02 13184 1426.39
13089.2 2914.43 13197.7 1446.37
13101.8 2942.21 13212.4 1468.29
13116.7 2980.7 13226.1 1471.7
13131 2999.7 13239.6 1470.24
13144.2 3020.17 13254.5 1494.6
13158.5 3050.38 13267.9 1501.42
13172.6 3094.71 13283.5 1532.61
13186.9 3097.15 13296 1546.25
13200.4 3121.51 13310.7 1554.53
13214.7 3144.9 13324.7 1593.51
13229 3147.34 13338.5 1601.31
13242.2 3180.96 13353.1 1645.16
13257.4 3205.32 13367.1 1671.47
13270.6 3207.27 13381.5 1700.22
13284 3230.17 13395.2 1730.92
13298.4 3251.12 13409.3 1776.72
13312.1 3249.66 13423.9 1796.69
13326.8 3268.66 13437.1 1823.01
13340.5 3265.25 13452.3 1861.01
13354.6 3284.74 13465.8 1902.91
13368.9 3285.23 13479.5 1943.36
13383.2 3306.67 13494.5 1982.82
13397.6 3313 13508.5 2008.16
13410.2 3342.72 13522.5 2030.08
13423.9 3358.8 13536 2066.63
13438 3376.83 13550.4 2112.43
13452.3 3410.94 13565.6 2127.05
13466.6 3429.94 13578.2 2152.87
13480.4 3456.74 13593.4 2172.85
13494.1 3494.74 13607.7 2203.06
13508.2 3530.31 13621.5 2213.29
13522.3 3560.03 13634.7 2253.73
13537.5 3586.34 13649.6 2255.19
13550.4 3627.76 13663.9 2262.99
13565 3648.71 13677.7 2297.09
13577.6 3677.95 13692.9 2312.69
13591.9 3696.95 13706.4 2335.1
13606.9 3715.95 13720.1 2344.36
13620.9 3728.62 13735.1 2376.03
13635.2 3734.47 13748.8 2417.44
13647.8 3769.55 13763.5 2438.88
13662.5 3768.57 13777.8 2479.81
13675.4 3776.86 13792.2 2517.82
13690.6 3798.3 13805.3 2564.59
13705.2 3812.43 13820 2593.83
13718.7 3807.07 13834.9 2636.7
13731.9 3843.12 13848.1 2690.79
13746.2 3843.61 13862.7 2728.31
13760.8 3853.84 13878 2776.54
13774.6 3887.46 13892.3 2821.37
13788.1 3892.33 13906.1 2842.32
13802.4 3924.49 13921.6 2899.33
13816.2 3903.05 13935.1 2933.44
13830.8 3827.53 13950 2975.83
13843.7 3733.98 13964 3000.19
13858.9 3645.3 13976.6 3053.3
13872.4 3561.98 13987.8 3082.05
13886.2 3494.74 13995.1 3131.75
13900.8 3467.46 13994.8 3168.29
13913.4 3407.04 13983.7 3199.96
13928.6 3356.37 13970.2 3233.58
13942.1 3310.08 13956.4 3264.76
