7999.53 -41.1927 8031.12 -190.29
8000.99 -53.3738 8041.06 -186.392
8000.12 -18.2922 8051.01 -178.108
8001.29 -47.5268 8060.66 -197.598
8006.26 -34.3712 8070.02 -196.624
8012.69 -28.037 8080.25 -208.805
8021.47 -42.1671 8090.49 -190.777
8030.54 -41.6799 8101.6 -193.213
8039.6 -48.5013 8110.66 -196.136
8049.55 -48.5013 8121.48 -182.494
8059.49 -51.4248 8131.14 -186.392
8069.73 -28.037 8141.08 -200.034
8080.55 -45.0906 8151.6 -204.907
8090.49 -48.9886 8161.25 -220.011
8101.02 -36.8075 8171.49 -238.04
8110.37 -44.6034 8181.72 -246.323
8120.61 -46.0651 8191.95 -239.501
8130.84 -41.1927 8201.31 -235.116
8139.61 -53.3738 8210.95 -250.221
8150.14 -59.2207 8221.19 -234.142
8160.37 -39.7309 8231.42 -243.886
8170.9 -38.7564 8242.24 -239.989
8181.13 -47.5268 8251.3 -253.144
8190.49 -43.6289 8261.53 -253.144
8200.72 -29.0115 8272.05 -258.991
8211.54 -37.7819 8280.82 -245.348
8221.48 -58.2462 8292.22 -245.348
8231.42 -32.9095 8302.16 -253.144
8241.36 -45.5779 8311.51 -257.529
8252.18 -47.5268 8321.75 -244.861
8260.94 -28.037 8331.1 -255.58
8271.47 -56.2972 8341.91 -249.733
8281.41 -52.8865 8350.97 -251.682
8292.22 -52.8865 8362.08 -241.938
8301.87 -46.5524 8371.73 -254.119
8312.39 -41.6799 8382.54 -239.014
8321.45 -41.6799 8392.48 -246.323
8331.98 -46.5524 8401.24 -240.963
8342.21 -39.2437 8411.47 -257.529
8351.27 -58.2462 8421.7 -263.376
8361.79 -45.0906 8432.51 -248.272
8372.02 -52.3993 8441.28 -257.042
8381.66 -48.0141 8452.68 -257.042
8392.18 -47.5268 8462.61 -248.759
8402.12 -59.708 8471.09 -259.478
8412.06 -40.2182 8481.9 -249.246
8421.99 -50.4503 8492.12 -263.376
8432.51 -49.4758 8501.18 -263.864
8442.74 -45.0906 8512.28 -258.504
8453.26 -60.6824 8522.22 -260.94
8462.9 -34.3712 8533.32 -265.325
8472.55 -48.5013 8542.09 -271.172
8482.19 -48.5013 8551.73 -256.068
8493.29 -68.4784 8563.12 -246.81
8502.64 -48.9886 8571.89 -259.966
8512.87 -57.759 8582.99 -246.81
8522.51 -64.5804 8592.34 -244.374
8533.32 -72.3763 8602.56 -251.682
8543.25 -55.81 8611.91 -243.886
8552.89 -70.4273 8622.42 -254.119
8563.12 -56.2972 8632.65 -256.068
8573.06 -54.3483 8642.87 -246.323
8583.28 -64.0932 8653.68 -251.682
8592.63 -75.2998 8661.57 -247.297
8603.73 -69.9401 8672.67 -254.119
8613.66 -71.8891 8682.31 -252.657
8622.72 -70.4273 8692.82 -256.555
8633.53 -70.4273 8702.75 -254.119
8642.87 -68.9656 8712.68 -260.453
8652.51 -68.4784 8722.32 -259.478
8663.9 -68.4784 8732.84 -254.119
8673.55 -60.6824 8742.77 -261.915
8684.06 -53.3738 8752.7 -253.144
8693.7 -54.3483 8764.09 -258.017
8703.34 -61.1697 8773.43 -273.121
8713.56 -65.0677 8782.19 -254.606
8723.78 -59.2207 8792.71 -268.736
8734.3 -78.7105 8802.64 -266.787
8743.64 -59.708 8813.15 -266.787
8755.03 -73.8381 8823.08 -254.606
8762.63 -81.1467 8832.42 -269.71
8774.02 -87.4809 8843.23 -257.529
8783.95 -75.2998 8853.16 -246.81
8794.17 -83.0957 8863.38 -258.991
8804.39 -79.1977 8873.01 -259.478
8813.15 -86.5064 8883.52 -255.093
8824.83 -83.583 8893.74 -262.402
8833.3 -85.0447 8902.8 -261.427
8844.4 -83.583 8913.31 -279.455
8854.03 -75.787 8923.82 -260.453
8864.55 -78.2233 8933.16 -265.325
8874.18 -93.8151 8943.67 -275.557
8884.4 -91.3789 8952.72 -276.532
8893.74 -84.0702 8964.11 -261.915
8904.25 -82.6085 8973.45 -281.404
8913.89 -62.1442 8983.67 -281.404
8924.4 -87.4809 8994.18 -272.634
8934.33 -60.1952 9003.52 -286.764
8943.96 -59.2207 9014.32 -272.634
8953.6 -62.1442 9023.37 -287.251
8964.99 -63.1187 9033.59 -291.636
8974.33 -65.5549 9043.81 -283.353
8984.25 -66.0421 9053.44 -261.915
8994.47 -64.0932 9064.24 -274.583
9004.98 -59.708 9073.29 -276.045
9014.61 -64.0932 9084.38 -281.892
9024.83 -58.7335 9092.85 -268.736
9034.47 -64.0932 9103.94 -276.532
9044.98 -75.787 9114.45 -276.532
9054.61 -66.5294 9123.79 -281.892
9065.12 -71.4018 9134.3 -273.121
9073.88 -58.7335 9143.64 -276.532
9084.68 -78.2233 9154.15 -272.147
9094.31 -73.3508 9164.07 -272.634
9104.82 -55.81 9174 -272.147
9115.33 -66.5294 9184.5 -263.376
9124.67 -61.6569 9194.43 -273.608
9135.17 -59.708 9204.06 -273.121
9144.81 -48.0141 9213.98 -273.121
9154.44 -53.3738 9224.49 -263.376
9164.95 -40.7054 9234.41 -269.223
9174.58 -38.7564 9244.04 -271.172
9185.67 -36.3202 9255.13 -277.506
9194.72 -40.7054 9264.47 -265.813
9205.51 -32.4223 9274.1 -265.813
9214.85 -10.9835 9284.02 -272.147
9224.78 -26.5753 9294.53 -280.917
9236.16 -6.59828 9304.16 -254.119
9244.62 6.07009 9314.37 -277.994
9255.13 -8.06001 9324.29 -278.481
9265.05 -3.67481 9333.93 -277.506
9274.39 4.12111 9344.14 -290.175
9284.9 1.68489 9354.06 -284.328
9295.11 7.53182 9365.15 -283.841
9305.62 11.917 9374.49 -278.968
9314.66 7.53182 9384.99 -274.583
9325.17 -5.62379 9394.91 -277.019
9335.38 8.01907 9405.13 -280.43
9346.18 7.53182 9414.46 -280.43
9355.81 13.866 9424.68 -283.841
9366.31 33.843 9434.3 -278.481
9375.65 2.65938 9445.1 -284.815
9386.45 18.7385 9455.89 -288.713
9395.5 20.6874 9464.94 -310.639
9405.42 46.9987 9475.74 -339.386
9415.34 31.8941 9484.78 -359.851
9425.55 47.9731 9494.99 -353.517
9435.47 68.4374 9504.33 -356.927
9444.81 69.8992 9515.71 -401.267
9455.89 76.7206 9525.92 -412.96
9464.94 85.9782 9535.55 -406.139
9475.44 102.057 9545.18 -454.376
9485.36 101.57 9555.68 -460.223
9494.99 109.366 9565.01 -461.685
9505.2 105.468 9575.52 -465.583
9515.71 122.522 9585.44 -464.608
9525.92 126.42 9595.06 -461.685
9536.13 109.853 9605.27 -450.478
9546.05 157.603 9616.65 -457.3
9555.68 136.652 9625.11 -449.991
9565.6 144.448 9635.32 -442.195
9576.1 151.756 9644.95 -441.221
9585.44 143.473 9655.45 -451.453
9595.94 151.269 9665.37 -465.096
9606.44 148.833 9674.7 -445.606
9615.78 171.733 9685.5 -446.093
9625.11 158.578 9695.71 -458.761
9635.32 176.606 9706.21 -514.795
9645.53 169.297 9715.84 -511.871
9655.74 162.963 9725.75 -510.897
9665.95 180.504 9735.38 -501.152
9675.58 194.634 9745.59 -504.562
9685.5 198.045 9755.8 -512.358
9696.58 203.891 9766.3 -512.846
9705.63 208.277 9776.22 -501.639
9716.13 218.022 9786.43 -505.537
9726.04 232.639 9796.06 -492.869
9736.55 230.69 9806.26 -516.744
9746.17 257.976 9815.6 -520.642
9755.8 254.078 9825.81 -500.664
9765.14 247.744 9836.02 -498.228
9775.64 266.746 9846.52 -499.69
9786.14 276.491 9855.85 -506.511
9796.35 272.106 9866.35 -488.483
9806.56 294.032 9875.4 -488.971
9815.89 289.647 9886.77 -478.739
9826.1 309.136 9896.1 -485.073
9836.02 306.213 9905.44 -473.866
9846.52 319.369 9916.52 -472.404
9856.44 309.624 9927.02 -459.736
9866.35 317.42 9937.23 -444.631
9875.69 340.32 9947.73 -439.759
9886.77 341.295 9956.77 -442.195
9896.4 327.652 9966.4 -436.835
9906.9 342.269 9976.9 -435.861
9915.94 346.654 9986.82 -430.014
9925.86 359.323 9996.73 -428.065
9936.65 357.374 10007.2 -418.32
9945.98 384.659 10016 -417.346
9956.19 381.249 10027.6 -425.629
9966.11 377.838 10036.4 -421.244
9976.9 390.993 10047.2 -422.218
9986.23 422.664 10055.4 -423.193
9995.86 414.381 10066.7 -434.886
10006.6 424.126 10076.4 -416.858
10016.6 426.075 10087.1 -419.782
10026.8 446.539 10097.4 -420.756
10036.1 444.103 10107 -420.756
10046.9 463.593 10117.2 -416.858
10056.2 483.083 10126.8 -415.397
10066.4 477.723 10137 -401.754
10077.5 484.544 10147.5 -399.805
10086 488.442 10156.6 -395.42
10097.1 477.236 10167.9 -380.315
10106.7 501.111 10177 -388.111
10116.6 504.522 10187.2 -373.981
10126.2 504.522 10197.4 -370.57
10135.9 514.754 10207 -376.904
10146.6 538.141 10216.9 -371.057
10156.6 544.476 10227.7 -348.644
10167.4 532.782 10236.8 -363.749
10176.4 550.81 10247.8 -355.466
10186 569.812 10257.8 -348.644
10197.1 561.529 10267.4 -344.746
10207.3 575.172 10277.9 -337.437
10216.9 596.611 10287.5 -328.667
10226.3 588.815 10298 -341.335
10236.5 592.713 10307.3 -336.95
10247.8 603.919 10317.6 -321.358
10256.3 617.075 10327.5 -314.05
10267.4 618.537 10338.3 -305.767
10275.8 618.537 10347.6 -311.614
10286.3 642.899 10358.4 -305.767
10296.8 648.746 10368.3 -298.945
10306.5 647.771 10378.5 -302.843
10316.1 658.491 10388.4 -306.741
10326.3 679.93 10398.6 -319.897
10337.7 677.981 10408.3 -293.098
10346.4 673.595 10418.2 -294.56
10356.6 696.983 10428.1 -300.407
10366.8 710.626 10438.3 -305.767
10377 736.937 10448.5 -287.739
10387 726.705 10459.6 -296.022
10396.9 723.294 10468 -283.353
10406.5 735.475 10478 -268.249
10417.3 743.759 10488.5 -266.787
10426.9 745.708 10498.7 -254.606
10436 754.478 10509.4 -246.81
10446.2 788.585 10518.8 -242.425
10457 786.149 10528.7 -230.244
10467.2 783.226 10538 -226.346
10477.4 785.174 10548.5 -226.833
10487 781.764 10558.7 -216.601
10496.9 793.458 10568.9 -195.649
10506.2 801.741 10578.9 -212.703
10517.3 826.103 10587.6 -195.162
10526.9 813.922 10599.3 -170.8
10537.2 829.514 10608.6 -185.417
10546.2 844.618 10618.5 -170.8
10557.3 857.774 10628.1 -159.593
10566.6 850.953 10638.6 -185.904
10577.4 875.315 10649.2 -175.672
10587.6 874.828 10659.4 -175.185
10597.2 884.572 10669 -173.236
10607.4 878.725 10679.2 -178.596
10617.1 895.779 10688.5 -163.978
10627.6 918.192 10699.3 -165.44
10636.9 923.065 10708.9 -163.004
10648 929.399 10719.4 -168.851
10658.2 932.81 10729.4 -153.746
10667.2 948.889 10739.3 -149.361
10677.4 953.274 10749.5 -163.491
10685.9 964.481 10759.1 -150.823
10697.9 962.044 10770.5 -159.593
10706.9 966.917 10780.1 -136.693
10716.8 976.662 10789.7 -129.384
10727.9 998.588 10799.1 -128.897
10737.2 1004.43 10809.3 -114.279
10747.1 990.792 10819.8 -120.126
10756.8 1007.85 10830 -100.149
10767 1021.49 10839.3 -89.4299
10777.5 1006.38 10850.4 -91.8661
10788.3 1022.95 10860.6 -77.2488
10797 1021.49 10870.8 -84.5574
10806.9 1025.39 10879.3 -69.9401
10817.1 1034.64 10889.8 -65.5549
10827.9 1061.44 10900.3 -67.9911
10837.9 1043.41 10910.5 -46.0651
10848.1 1064.37 10919.8 -48.9886
10857.4 1076.55 10930.3 -35.833
10867.6 1076.55 10940.5 -29.4988
10877.2 1088.73 10950.7 -30.9605
10887.4 1103.83 10960.1 -26.5753
10897.4 1106.76 10970.3 -26.5753
10907.9 1123.32 10980.5 -33.884
10917.5 1142.32 10990.4 -31.935
10928 1159.38 10999.8 -19.7539
10937.3 1147.2 11010.8 -24.1391
10947.2 1181.79 11020.2 -11.958
10957.2 1199.82 11030.4 -6.11103
10967.7 1195.43 11040 -0.751338
10977.3 1218.82 11050.5 15.815
10988.7 1218.82 11060.4 8.99356
10997.4 1213.46 11070 18.7385
11007.6 1228.08 11080.6 23.1237
11018.1 1229.05 11090.5 24.5854
11028 1232.95 11100.4 37.2538
11037.7 1246.6 11111.2 57.2308
11048.5 1256.83 11121.1 79.1568
11057.5 1245.13 11131.6 75.7461
11068.3 1253.9 11140.9 82.0803
11077.3 1255.37 11151.5 99.6211
11087.3 1266.57 11160.8 105.468
11097.5 1278.75 11170.7 100.108
11108 1279.24 11180.6 113.264
11117.3 1302.63 11191.1 124.958
11128.4 1320.17 11201.3 126.907
11137.4 1329.91 11211 150.295
11147.6 1337.22 11220.9 128.369
11157 1381.56 11231.1 147.858
11167.2 1374.25 11241 131.779
11178.3 1388.38 11251.8 137.139
11187.6 1403.98 11262.3 161.014
11198.4 1426.39 11271.6 156.629
11207.5 1418.59 11282.1 153.218
11217.1 1448.31 11290.9 156.141
11227.9 1463.91 11301.7 155.167
11237.5 1461.96 11311.3 166.861
11247.7 1473.65 11321.5 174.17
11257.1 1494.12 11331.8 184.402
11267.9 1482.42 11341.4 187.812
11278.1 1501.91 11351.6 218.996
11287.4 1506.3 11361.8 214.124
11297.9 1491.68 11371.4 212.662
11307.5 1491.19 11381.6 229.715
11318 1498.5 11392.7 230.69
11328.8 1501.91 11402.1 248.231
11338.5 1524.81 11410.5 254.078
11348.7 1532.61 11422.5 257.001
11357.4 1537.97 11431.5 278.44
11367.6 1535.53 11442.6 300.853
11377.9 1574.51 11452.3 301.34
11388.7 1589.62 11462.8 310.111
11398 1612.52 11472.1 301.34
11407.6 1626.65 11482.6 311.085
11418.4 1651.98 11492 331.55
11427.8 1667.09 11501.9 330.088
11437.4 1684.63 11513 352.014
11448.5 1692.91 11522.3 359.81
11459 1721.17 11532.8 366.144
11468.3 1740.17 11543 365.17
11478 1736.76 11553.3 365.657
11487 1770.38 11563.2 383.685
11497.8 1768.92 11573.4 376.376
11507.7 1775.74 11582.4 375.889
11517.6 1795.23 11593.2 390.993
11527.6 1821.06 11603.2 396.84
11538.4 1794.75 11613.4 411.458
11547.7 1814.24 11623 416.33
11557.9 1813.26 11633.2 440.205
11568.1 1818.62 11643.7 444.59
11578.4 1828.37 11653.1 447.027
11588.3 1837.62 11662.7 452.386
11597.6 1847.37 11673.5 479.672
11607.2 1839.57 11683.7 487.468
11618.9 1854.68 11692.8 498.675
11628.3 1873.19 11702.1 513.779
11638.5 1856.63 11714.1 516.215
11648.4 1879.04 11723.1 530.833
11658.3 1914.12 11733.9 532.294
11668.8 1898.53 11743.6 557.631
11678.2 1921.92 11753.5 556.657
11688.1 1947.74 11764 573.223
11698 1968.2 11773.6 576.147
11708.2 1982.33 11784.1 580.532
11718.2 2004.26 11793.8 606.843
11728.7 2030.08 11804.6 601.97
11737.7 2046.65 11813.9 625.845
11747.9 2065.65 11823.3 636.078
11757.6 2081.73 11834.1 642.899
11768.1 2086.12 11843.4 643.386
11778.3 2105.61 11854.8 657.516
11788.8 2109.02 11863.5 689.675
11798.1 2123.64 11873.8 682.366
11808.7 2130.94 11883.4 692.111
11818.9 2132.89 11894.2 700.881
11828.2 2132.41 11905 710.139
11838.4 2139.23 11914.1 721.833
11849 2135.33 11923.7 740.835
11858 2140.69 11934.2 761.3
11868.5 2142.15 11943.8 766.172
11877.9 2158.72 11954.9 784.687
11888.1 2166.51 11963.7 786.636
11898.3 2179.18 11975.1 803.69
11908.2 2184.54 11984.4 806.126
11917.9 2204.03 11995.2 830.001
11928.4 2223.52 12005.5 839.746
11937.1 2233.75 12014.5 829.514
11948.5 2255.68 12025.6 859.236
11958.7 2276.14 12034.7 858.261
11969 2280.04 12045.2 869.955
11979.5 2295.15 12056 884.572
11988.2 2325.36 12065.3 890.907
11999.3 2346.31 12075.5 898.215
12008.1 2363.85 12085.8 913.807
12018.6 2379.93 12094.8 938.169
12028 2409.65 12106.8 951.325
12038.5 2410.14 12115.9 977.636
12048.4 2425.73 12126.4 974.713
12057.7 2443.27 12135.7 993.715
12068.3 2451.06 12145.1 1010.77
12077.6 2465.68 12156.2 1025.87
12088.4 2476.4 12166.7 1041.47
12097.5 2482.25 12176.6 1069.24
12107.7 2479.32 12185.4 1079.96
12118.2 2498.81 12195.9 1094.09
12128.7 2503.2 12206.4 1121.86
12139.2 2505.64 12216 1123.32
12148.3 2534.38 12225.7 1142.32
12157.9 2539.74 12236.5 1161.81
12168.4 2538.77 12247 1166.2
12178.1 2552.9 12255.8 1184.23
12189.5 2571.41 12266.3 1193.97
12197.6 2586.52 12275.9 1196.41
12208.7 2606.01 12287.6 1206.64
12218.1 2604.06 12296.7 1224.67
12228.9 2650.35 12306.6 1213.46
12238.2 2648.89 12317.1 1253.42
12247.9 2655.22 12326.2 1249.52
12258.4 2692.74 12337 1285.57
12268.6 2702.48 12346.9 1275.83
12277.7 2729.77 12357.4 1290.45
12288.8 2725.87 12366.8 1313.84
12298.7 2753.64 12377 1325.04
12309.2 2764.36 12387.3 1338.2
12318.9 2774.11 12397.5 1371.82
12328.8 2785.8 12407.4 1391.31
12338.2 2797.5 12417.9 1410.8
12348.1 2810.16 12427.9 1421.03
12358 2821.37 12436.6 1454.65
12368.6 2823.81 12447.4 1482.91
12378.5 2842.81 12457.4 1514.09
12389 2842.81 12468.2 1525.79
12399.2 2869.61 12477.8 1529.2
12408.6 2874.48 12488.4 1554.53
12418.2 2890.07 12497.4 1582.31
12428.1 2912.49 12508.5 1595.46
12438.1 2907.61 12517.9 1604.23
12449.2 2927.1 12528.4 1625.18
12459.1 2939.28 12538.6 1635.9
12468.5 2956.34 12548 1651.01
12478.7 2977.78 12557.9 1666.11
12488.4 2991.42 12567.6 1696.32
12498.9 3003.6 12578.1 1696.32
12508.2 3009.45 12588 1717.76
12518.8 3032.35 12598.8 1722.63
12529.6 3045.02 12609.9 1733.84
12538.6 3068.89 12619 1772.82
12548.6 3071.81 12629.2 1786.95
12557.9 3097.64 12638.6 1783.05
12569 3119.56 12648.8 1827.88
12578.7 3116.15 12659.6 1835.19
12589.2 3127.36 12669.6 1856.14
12599.7 3138.57 12679.2 1878.06
12608.8 3143.44 12688.3 1907.79
12618.7 3162.93 12698.8 1938.48
12628.9 3171.7 12709.3 1961.38
12638.6 3188.75 12720.4 1977.95
12649.1 3196.06 12729.8 1995.98
12658.5 3202.4 12740.3 2026.19
12669 3224.32 12750.6 2047.63
12678.6 3242.35 12759.6 2076.37
12688.3 3243.81 12769.8 2104.63
12698.8 3251.61 12780.1 2121.2
12708.2 3263.79 12790.9 2143.13
12718.4 3285.23 12801.7 2172.85
12728.6 3290.1 12810.5 2184.05
12738.8 3318.85 12821.6 2184.54
12748.2 3306.18 12830.4 2221.08
12758.2 3326.16 12840.9 2244.96
12769 3360.26 12852 2270.3
12778.9 3355.88 12862.2 2290.76
12788.6 3373.42 12871.9 2317.56
12798.8 3401.19 12882.1 2321.94
12808.4 3402.17 12892.4 2324.38
12819 3419.22 12901.7 2350.2
12828.3 3420.19 12912.2 2370.18
12838.3 3407.53 12923.6 2394.06
12849.1 3354.42 12933.3 2430.6
12858.7 3300.33 12943.8 2441.81
12869.3 3213.6 12954.7 2473.48
12880.1 3137.1 12964.6 2505.64
12888.6 3095.69 12975.4 2538.28
12898.2 3040.63 12983.9 2560.21
12909.3 3000.19 12990.9 2593.83
12918.1 2950.98 12996.5 2620.63
12928.6 2904.69 12996.5 2659.12
12938.6 2885.69 12988.6 2697.61
12949.1 2856.94 12978.6 2752.18
12959 2822.83 12968.7 2776.54
