8010.35 -238.04 8031.12 -215.139
8008.6 -174.21 8041.36 -223.909
8005.38 -168.851 8051.01 -222.935
8004.5 -184.93 8061.24 -211.728
8007.72 -164.953 8070.89 -214.652
8013.57 -170.313 8080.55 -198.085
8020.88 -170.8 8091.36 -198.573
8030.83 -181.032 8101.89 -185.904
8040.77 -170.313 8111.83 -199.547
8049.25 -187.853 8121.78 -199.547
8059.49 -160.08 8131.14 -219.037
8069.43 -190.777 8141.95 -231.218
8079.67 -177.134 8151.02 -242.425
8090.49 -177.134 8161.54 -239.501
8101.31 -186.392 8171.19 -250.221
8110.96 -182.494 8182.01 -245.835
8120.61 -181.032 8191.37 -236.578
8130.26 -189.315 8201.89 -235.603
8140.49 -186.879 8211.54 -230.244
8149.85 -179.57 8221.48 -222.448
8160.67 -186.392 8231.71 -233.654
8170.02 -193.213 8241.36 -232.68
8181.13 -184.443 8251.88 -235.116
8191.07 -176.159 8261.53 -240.963
8200.72 -184.443 8272.05 -234.629
8210.95 -187.366 8282.28 -239.989
8221.19 -188.341 8291.93 -242.425
8232 -181.519 8302.45 -248.272
8241.07 -187.853 8312.68 -236.578
8251.01 -191.264 8321.16 -245.348
8261.24 -190.29 8331.98 -256.068
8271.47 -187.366 8341.91 -256.068
8281.7 -183.468 8352.44 -247.297
8291.64 -188.828 8361.2 -247.297
8300.99 -186.879 8372.31 -256.068
8311.81 -196.624 8381.66 -251.195
8322.33 -192.726 8392.48 -255.093
8331.1 -192.239 8402.12 -249.733
8341.62 -203.445 8412.06 -251.195
8351.27 -210.754 8422.28 -252.17
8362.08 -196.624 8432.22 -239.989
8372.02 -188.341 8442.15 -246.81
8381.66 -203.445 8452.38 -236.578
8391.6 -201.009 8461.44 -234.142
8402.41 -193.7 8473.42 -247.784
8412.35 -201.496 8481.6 -238.04
8420.82 -197.111 8492.71 -238.527
8432.51 -199.06 8502.06 -245.348
8442.45 -195.649 8511.7 -244.374
8453.26 -198.085 8521.93 -251.195
8462.03 -198.573 8532.74 -250.221
8472.84 -204.42 8542.67 -251.195
8482.48 -182.006 8552.89 -262.889
8492.71 -197.598 8562.83 -253.144
8502.06 -187.366 8572.76 -263.376
8512.87 -184.93 8581.82 -249.246
8522.22 -193.7 8592.92 -266.787
8532.44 -185.417 8601.98 -262.402
8542.09 -169.338 8612.78 -261.427
8552.6 -171.287 8623.01 -264.351
8561.66 -176.159 8633.23 -258.504
8573.06 -180.057 8642.87 -266.3
8582.99 -180.545 8652.22 -274.583
8592.92 -167.876 8662.44 -262.889
8602.27 -181.519 8672.67 -261.427
8613.08 -183.955 8682.89 -257.042
8622.13 -165.44 8692.82 -254.606
8632.94 -161.542 8702.17 -264.838
8643.16 -158.619 8712.39 -262.889
8653.1 -161.055 8722.91 -268.736
8663.03 -148.387 8732.84 -258.991
8673.55 -143.027 8743.35 -271.659
8683.18 -147.412 8752.99 -265.325
8694.28 -158.619 8763.5 -263.376
8703.34 -144.001 8773.14 -269.71
8713.56 -129.384 8782.78 -258.017
8723.49 -146.438 8793 -259.966
8734.01 -146.925 8802.64 -272.147
8743.64 -135.718 8813.15 -263.376
8753.57 -128.897 8822.79 -260.94
8763.21 -142.052 8832.72 -258.991
8774.02 -127.922 8842.64 -250.221
8783.36 -129.384 8853.45 -273.121
8793 -138.154 8863.67 -270.685
8803.22 -126.46 8872.14 -277.019
8814.03 -137.18 8883.82 -262.402
8822.79 -137.667 8893.16 -269.223
8834.17 -134.744 8903.96 -266.3
8843.52 -141.078 8913.89 -263.376
8853.16 -132.795 8923.82 -271.659
8864.84 -136.205 8934.33 -255.093
8873.6 -133.282 8942.5 -273.121
8884.11 -134.256 8953.6 -266.787
8894.04 -132.795 8963.23 -261.427
8904.25 -135.231 8973.45 -250.708
8913.6 -125.973 8983.38 -272.634
8924.4 -119.639 8993.3 -262.402
8933.75 -130.358 9003.23 -268.736
8943.38 -126.948 9013.74 -264.351
8953.89 -124.999 9023.96 -251.682
8964.11 -131.333 9033.59 -268.736
8974.33 -130.846 9043.52 -258.991
8984.84 -128.897 9054.03 -261.427
8993.3 -132.795 9063.95 -259.478
9004.4 -119.639 9074.17 -253.144
9013.15 -115.254 9082.92 -263.376
9024.25 -133.282 9093.73 -249.733
9033.3 -124.512 9104.53 -255.58
9044.68 -128.409 9113.87 -255.58
9054.32 -106.483 9124.67 -264.351
9063.66 -112.818 9134.59 -249.246
9074.46 -126.948 9143.35 -261.915
9084.68 -134.256 9153.56 -240.963
9094.6 -121.588 9164.07 -249.733
9104.82 -122.563 9174.29 -258.991
9114.45 -118.665 9184.5 -255.093
9124.08 -124.512 9194.43 -266.3
9134.59 -118.665 9203.76 -265.325
9144.51 -121.101 9214.56 -262.402
9154.44 -115.254 9224.19 -274.096
9164.95 -107.945 9234.12 -269.71
9174.58 -115.254 9245.21 -280.917
9184.21 -116.228 9254.55 -274.096
9194.72 -119.152 9264.18 -269.71
9205.23 -117.203 9274.68 -275.557
9214.85 -120.614 9283.73 -265.325
9224.19 -120.614 9295.11 -272.147
9234.12 -133.769 9304.16 -273.121
9244.62 -126.46 9314.37 -267.761
9254.26 -116.716 9323.13 -271.659
9264.47 -118.177 9334.51 -270.198
9274.1 -105.022 9343.26 -268.736
9284.9 -126.948 9353.18 -281.892
9295.4 -122.075 9364.56 -280.917
9305.03 -123.537 9375.36 -283.353
9315.54 -111.356 9385.28 -269.223
9324.59 -111.843 9394.04 -272.147
9334.51 -127.922 9405.13 -262.889
9345.01 -120.614 9415.04 -266.787
9355.52 -124.512 9424.38 -263.864
9366.31 -116.228 9434.89 -267.274
9375.65 -109.894 9444.52 -253.144
9385.28 -117.203 9455.02 -254.119
9395.5 -129.384 9464.65 -264.351
9405.13 -115.254 9475.15 -279.455
9415.04 -115.741 9485.36 -258.504
9424.68 -115.741 9495.28 -258.991
9434.89 -120.126 9505.2 -264.838
9444.52 -105.022 9515.13 -259.478
9455.31 -122.563 9524.46 -275.07
9464.94 -104.047 9536.42 -284.328
9475.15 -126.46 9545.18 -269.71
9485.36 -111.843 9555.39 -272.634
9495.28 -118.665 9565.31 -281.404
9505.49 -124.024 9575.52 -273.121
9516 -106.483 9584.85 -282.866
9524.17 -130.846 9595.94 -282.866
9536.13 -130.846 9605.27 -281.404
9545.18 -125.486 9615.48 -295.534
9555.39 -110.869 9625.11 -292.611
9565.01 -114.279 9635.61 -292.124
9575.52 -121.101 9645.83 -292.611
9584.85 -125.973 9656.33 -282.379
9594.77 -122.563 9665.08 -293.098
9605.57 -121.588 9676.45 -292.611
9615.78 -118.665 9685.21 -292.611
9625.69 -115.254 9695.71 -305.767
9635.03 -114.767 9705.63 -314.537
9645.24 -122.563 9715.84 -303.33
9655.74 -110.869 9726.04 -313.563
9665.95 -124.024 9735.09 -306.741
9675.87 -106.971 9746.17 -313.563
9685.5 -104.047 9756.09 -313.075
9695.42 -79.685 9766.01 -325.256
9705.34 -88.4554 9775.64 -329.154
9715.84 -72.3763 9786.14 -346.695
9725.46 -77.736 9796.64 -410.524
9735.38 -87.4809 9805.97 -414.909
9745.01 -73.3508 9815.89 -417.346
9755.8 -57.759 9826.68 -430.501
9765.72 -57.2717 9836.02 -445.606
9776.22 -54.8355 9846.23 -433.425
9786.14 -45.0906 9855.85 -433.425
9795.18 -29.0115 9866.94 -418.807
9805.97 -40.2182 9876.27 -439.759
9815.89 -41.1927 9886.19 -436.348
9825.81 -31.4478 9895.52 -447.555
9836.02 -17.3177 9906.61 -445.119
9846.52 -20.7284 9916.81 -449.017
9856.15 -16.3432 9925.56 -433.425
9865.19 -11.4707 9937.23 -437.81
9876.27 -4.6493 9946.27 -431.963
9885.89 -19.2666 9956.48 -440.246
9896.69 -6.59828 9966.4 -426.603
9906.31 -6.59828 9976.9 -431.963
9915.65 -12.9325 9986.82 -442.195
9926.44 1.19764 9996.44 -419.295
9936.36 7.04458 10006.6 -429.04
9946.27 -2.21307 10016.6 -432.937
9955.31 -0.751338 10026.8 -416.371
9966.11 13.3788 10037.9 -420.756
9976.02 11.4298 10046.9 -422.218
9986.82 21.6619 10056.2 -429.04
9995.56 33.3558 10066.7 -420.756
10006.1 43.1007 10076.9 -432.45
10016 42.1262 10087.4 -440.246
10026.8 64.0522 10096.2 -430.014
10035.8 58.6925 10107 -437.323
10046.3 70.3864 10117.2 -427.578
10055.9 86.9527 10127.1 -411.011
10067 84.5165 10137.6 -411.986
10075.8 83.0548 10147.2 -414.422
10086.3 97.1849 10157.4 -415.884
10095.6 95.7231 10167.4 -417.833
10106.4 104.981 10178.1 -423.193
10116 101.57 10187.5 -416.858
10126.5 106.443 10197.1 -418.32
10136.7 122.034 10207.9 -424.167
10145.5 131.292 10216.3 -403.703
10156.3 146.397 10227.4 -397.369
10166.2 148.346 10237.9 -408.088
10176.4 137.626 10247.6 -410.524
10186.3 154.193 10257.5 -406.139
10196.8 152.731 10267.7 -399.805
10205.8 170.759 10277.9 -417.346
10216.3 179.529 10287.8 -394.445
10226 174.17 10297.7 -404.19
10236.5 182.453 10308.5 -408.088
10246.4 208.277 10318.1 -413.448
10256.6 218.996 10327.5 -397.856
10266.5 225.817 10337.7 -406.626
10276.7 237.999 10348.5 -390.06
10286.6 239.948 10358.1 -393.958
10296.8 244.82 10368.6 -390.06
10306.5 275.516 10377.6 -388.598
10316.4 266.259 10387.5 -370.57
10326.6 270.157 10399.2 -388.111
10336.8 283.312 10409.1 -372.032
10347.3 276.978 10418.5 -371.057
10356.6 295.006 10427.5 -366.185
10366.3 292.57 10438.3 -371.057
10376.5 317.907 10448.5 -365.21
10386.1 319.369 10457.8 -356.927
10396.3 334.473 10468 -357.902
10406.5 352.014 10479.1 -344.746
10416.4 347.141 10488.5 -337.925
10426.6 371.504 10499.2 -347.182
10436.8 377.351 10507.4 -347.182
10446.7 389.532 10518.8 -342.797
10456.1 385.634 10529 -342.31
10466.6 415.843 10538.9 -349.619
10477.4 415.356 10548.5 -331.591
10486.7 419.254 10558.1 -330.129
10497.8 439.718 10568.9 -325.744
10506.5 445.565 10579.4 -339.874
10517 464.567 10588.5 -329.154
10525.8 476.749 10598.7 -322.82
10536.9 473.825 10608.6 -334.514
10546.8 482.595 10618.2 -311.614
10557 500.624 10628.1 -304.305
10566 506.47 10639.5 -299.92
10576.8 508.42 10648.6 -300.407
10587 518.652 10658.5 -298.945
10596.6 539.116 10669.3 -298.458
10606.3 541.552 10679.5 -276.045
10617.6 551.297 10689.4 -276.045
10626.7 568.351 10699.9 -272.634
10637.5 569.812 10708.9 -279.943
10646.5 567.376 10718.6 -250.221
10658.2 584.43 10729.4 -259.966
10667.5 586.379 10739.9 -267.761
10676.6 594.175 10749.8 -263.376
10687.1 601.483 10760.3 -278.968
10697 606.843 10769.9 -268.249
10706.9 624.871 10778.4 -275.07
10716.5 630.231 10789.4 -290.662
10726.4 625.358 10799.4 -284.328
10736.1 629.743 10810.4 -290.175
10746.9 639.488 10819.5 -283.841
10757.1 664.338 10829.7 -296.509
10767 665.8 10839.6 -275.557
10777.5 658.491 10849.8 -281.404
10787.4 674.57 10859.4 -283.841
10796.4 702.343 10870.5 -258.017
10807.2 699.419 10880.1 -272.634
10816.6 703.317 10891 -264.351
10827.1 707.215 10899.7 -236.091
10837.3 735.475 10910.2 -226.346
10846.6 710.139 10920.1 -214.165
10857.1 738.399 10930.6 -207.83
10866.7 745.708 10939.4 -206.856
10877.5 747.169 10951 -203.932
10887.4 751.555 10959.2 -199.06
10897.4 754.478 10970 -199.06
10907.9 755.453 10980.5 -186.392
10917.2 762.274 10989.8 -188.341
10927.4 762.274 11000.3 -175.185
10936.7 793.458 11010.5 -173.723
10946.7 786.636 11020.2 -171.774
10956.9 813.435 11030.4 -165.44
10966.5 803.203 11041.2 -162.029
10977.6 811.973 11050.8 -151.797
10986.9 814.409 11060.4 -159.593
10996.5 811.486 11070.9 -150.335
11007.6 812.947 11080.3 -145.463
11017.5 840.72 11090.8 -136.205
11027.8 845.593 11101.6 -133.282
11037.4 851.927 11110 -126.948
11048.8 877.264 11121.4 -118.665
11056.9 882.623 11130.7 -103.073
11066.8 878.725 11141.2 -91.8661
11077.3 892.368 11151.1 -72.3763
11087 899.677 11161.4 -65.0677
11096.9 922.577 11170.7 -63.6059
11107.4 930.861 11180.9 -58.7335
11117.6 928.912 11191.4 -37.7819
11127.8 935.246 11201 -27.5498
11137.4 945.478 11211.6 -31.935
11147.4 967.404 11221.5 -12.4452
11156.7 967.404 11231.1 -10.009
11168.1 973.738 11241.6 1.19764
11176.8 983.97 11251.2 5.0956
11187 1007.36 11261.7 22.1492
11198.4 1003.46 11271.6 17.764
11207.8 1001.02 11282.1 11.4298
11217.7 1028.8 11291.5 16.7895
11227.6 1040 11301.1 40.6645
11238.4 1043.9 11311.6 29.9451
11247.1 1062.42 11321 32.3813
11257.1 1078.01 11332.1 35.792
11267.6 1094.57 11342 44.5624
11276.9 1093.6 11351.6 55.2818
11288.3 1125.76 11362.1 59.1798
11298.2 1133.55 11372 67.9502
11307.5 1156.46 11381.9 78.6696
11317.8 1153.04 11392.2 74.2844
11326.8 1172.53 11402.4 103.519
11338.2 1191.05 11411.7 95.7231
11347.2 1214.92 11421.9 115.213
11358.3 1226.62 11432.4 112.289
11367.4 1243.67 11442.1 145.909
11377.9 1246.6 11451.7 162.963
11386.6 1270.96 11462.5 161.014
11397.7 1259.75 11472.1 180.016
11407.6 1283.63 11483.8 187.325
11417.6 1307.99 11492.5 201.455
11427.8 1313.35 11503.3 220.945
11437.7 1341.12 11510.9 220.458
11447.3 1355.25 11522.6 229.715
11457.8 1362.07 11533.1 236.537
11467.1 1371.33 11541.9 240.922
11477.7 1385.46 11553 239.948
11487.6 1389.36 11563.5 241.897
11497.2 1405.44 11572.8 244.333
11508.3 1416.16 11583 269.182
11518.2 1422.49 11592.9 263.823
11527 1429.31 11603.2 274.055
11537.2 1455.14 11612.8 277.953
11548 1468.78 11623 289.159
11557.9 1479.5 11632.9 294.519
11567.6 1496.55 11642.6 304.264
11577.8 1498.01 11653.7 291.596
11587.7 1526.76 11663.3 312.06
11597.6 1541.87 11674.1 316.932
11607.5 1557.46 11684 331.062
11617.5 1587.18 11693.4 352.014
11627.7 1592.05 11704.4 362.246
11637.9 1591.56 11712.6 375.402
11648.1 1601.31 11724.3 372.478
11657.2 1636.88 11733.6 384.172
11667.7 1653.44 11743.6 405.124
11677.6 1670.5 11753.5 409.996
11688.1 1678.29 11763.4 428.024
11697.7 1695.35 11774.2 449.95
11707.1 1708.5 11784.1 437.769
11717.9 1716.79 11794.1 433.871
11727.5 1730.43 11803.4 453.848
11738.3 1733.35 11813.9 457.746
11747.4 1752.36 11824.1 463.593
11757.9 1764.05 11834.4 469.44
11768.4 1772.33 11844.6 481.621
11777.7 1795.72 11853.9 494.777
11787.9 1797.18 11864.1 494.777
11797.9 1816.67 11875.2 506.958
11808.1 1820.08 11885.5 506.958
11818 1821.54 11895.1 508.42
11827.3 1824.47 11904.4 520.113
11837.9 1840.55 11914.1 523.524
11847.2 1853.21 11923.7 550.81
11858 1842.01 11934.2 554.708
11867.9 1885.86 11943.5 569.812
11877 1885.86 11953.8 580.532
11886.6 1890.73 11965.8 585.891
11897.1 1911.2 11975.1 592.713
11907.9 1916.07 11985 600.509
11917.9 1933.12 11995.2 626.333
11927.8 1940.43 12004.9 608.792
11939.2 1947.25 12015.1 638.514
11948.5 1963.33 12025.3 655.08
11957.9 1976.98 12035 665.8
11967.8 2004.75 12045.8 684.315
11978 2021.8 12055.7 675.544
11988.8 2016.44 12065.6 696.009
11998.2 2028.62 12075.8 711.113
12008.7 2043.73 12086.1 722.807
12017.1 2068.09 12095.1 726.705
12028.5 2071.99 12105.3 739.861
12037.9 2086.12 12115.6 747.169
12047.8 2099.76 12125.5 765.685
12057.7 2105.12 12136.3 776.404
12067.4 2101.71 12145.9 784.687
12077.9 2121.69 12156.2 812.947
12088.4 2134.84 12165.5 811.486
12098 2134.84 12176.3 820.256
12108.3 2156.77 12187.1 833.412
12117.9 2166.51 12195.6 857.287
12127.3 2156.28 12206.4 869.955
12137.8 2189.9 12215.8 868.006
12148.3 2190.88 12226.6 873.853
12158.5 2197.7 12235.9 896.753
12167.3 2225.47 12247 915.269
12178.4 2224.98 12256.6 917.218
12187.4 2243.01 12265.7 940.118
12197.9 2254.7 12275.6 943.042
12208.4 2260.06 12287 962.532
12218.1 2272.73 12296.7 981.047
12227.7 2302.94 12306.6 1001.02
12237.9 2293.2 12316.5 998.1
12248.5 2315.61 12327.3 1027.82
12258.1 2331.2 12337 1038.05
12267.8 2335.59 12347.5 1037.57
12278.6 2354.1 12356.6 1074.11
12287.3 2365.31 12367.7 1088.24
12298.4 2376.03 12377.6 1086.78
12309.5 2373.11 12387.3 1126.25
12318.3 2385.29 12397.2 1152.07
12328.8 2404.29 12407.1 1161.33
12337.9 2434.5 12417.3 1182.77
12348.4 2442.29 12427.3 1198.36
12357.4 2451.06 12436.6 1225.16
12368.3 2466.17 12446.9 1234.9
12378.5 2476.89 12458 1254.88
12387.5 2488.58 12467.6 1269.01
12398.6 2512.94 12478.7 1288.5
12408.6 2536.82 12488.4 1310.91
12417.6 2532.92 12498 1328.45
12428.1 2545.59 12507.6 1339.17
12437.8 2558.75 12518.4 1371.82
12448.3 2596.26 12527.8 1388.87
12458.3 2603.08 12538.6 1398.13
12468.2 2612.83 12548.3 1419.08
12478.4 2617.21 12558.8 1436.13
12488.4 2637.68 12568.7 1463.42
12498.9 2652.78 12578.7 1478.04
12507.9 2667.89 12588.6 1485.83
12517.9 2684.94 12598.8 1495.09
12527.8 2685.43 12608.5 1535.53
12537.2 2713.69 12619.3 1570.13
12548.3 2717.1 12628.6 1572.56
12558.5 2733.67 12638.3 1592.05
12568.4 2736.59 12649.7 1618.85
12578.7 2758.52 12659.9 1644.19
12588.3 2758.03 12669.6 1667.57
12598 2782.88 12680.1 1680.73
12608.5 2795.06 12689.5 1714.84
12617.2 2804.32 12699.4 1711.43
12627.8 2828.19 12709.6 1739.2
12638.9 2835.5 12719.6 1769.9
12648.5 2836.96 12729.8 1783.05
12658.2 2867.17 12740 1820.08
12668.1 2890.07 12749.7 1832.26
12678.3 2908.1 12761.1 1843.96
12687.7 2922.72 12770.1 1880.99
12697.9 2946.11 12781.2 1883.91
12708.7 2965.11 12790 1892.68
12718.1 2970.95 12801.1 1937.51
12728 3008.96 12810.8 1959.43
12737.7 3011.88 12820.4 1991.59
12748.5 3022.12 12831.5 2021.31
12758.4 3057.2 12840.6 2041.29
12768.1 3045.5 12851.1 2063.7
12778.6 3069.38 12862.2 2082.22
12787.4 3093.74 12872.2 2113.4
12799.1 3111.77 12882.1 2144.59
12807 3108.85 12892.6 2176.26
12818.1 3132.23 12901.7 2210.37
12827.4 3140.52 12912.2 2227.91
12838 3171.21 12922.8 2272.73
12847.6 3173.16 12933.9 2303.43
12857.3 3161.47 12944.1 2324.87
12868.1 3134.18 12954.1 2348.74
12878 3051.84 12964 2379.44
12888 2992.88 12973.4 2417.44
12898.5 2911.51 12983.3 2422.8
12908.1 2840.37 12990.3 2460.32
12918.1 2787.26 12995.9 2500.76
12927.2 2743.9 12995.3 2528.54
12937.7 2710.77 12987.7 2563.62
12948.8 2658.14 12977.5 2588.95
12957.9 2637.19 12967.2 2611.37
