8010.35 -219.037 8031.41 -197.111
8008.89 -149.361 8041.06 -199.547
8005.67 -146.438 8051.59 -228.295
8003.92 -148.874 8062.12 -213.19
8007.43 -132.795 8071.19 -203.445
8013.28 -134.744 8080.25 -194.188
8021.76 -142.54 8090.78 -192.726
8029.95 -134.744 8100.72 -189.802
8040.18 -138.154 8111.25 -190.777
8050.42 -138.154 8121.78 -210.267
8059.2 -149.361 8131.72 -205.881
8069.14 -142.54 8141.37 -224.397
8079.96 -138.642 8151.89 -234.629
8090.78 -137.667 8161.54 -224.397
8101.89 -138.642 8170.9 -243.886
8110.66 -134.256 8181.72 -243.399
8120.9 -144.001 8190.78 -240.963
8129.97 -128.409 8201.6 -226.833
8140.78 -121.588 8210.95 -236.578
8150.14 -125.486 8221.48 -239.014
8159.5 -137.18 8231.42 -239.989
8170.32 -133.282 8242.24 -248.759
8180.26 -124.999 8252.76 -221.96
8190.78 -139.616 8261.24 -233.167
8200.43 -131.82 8271.47 -250.221
8211.54 -125.973 8281.12 -239.989
8220.9 -134.744 8291.64 -249.246
8230.84 -116.228 8302.45 -233.654
8241.65 -128.409 8311.51 -246.81
8251.3 -139.616 8322.62 -247.297
8261.53 -135.718 8332.27 -248.272
8271.18 -134.744 8341.91 -247.784
8281.41 -135.718 8352.14 -253.631
8290.76 -129.384 8362.67 -246.81
8300.7 -134.256 8372.9 -266.787
8312.1 -142.54 8382.25 -242.425
8321.75 -129.384 8392.18 -257.042
8332.56 -116.228 8401.24 -254.606
8342.5 -134.744 8411.47 -244.374
8350.97 -128.897 8421.99 -247.784
8362.08 -127.922 8432.22 -237.552
8370.56 -121.588 8443.03 -248.272
8381.66 -132.307 8451.51 -261.427
8391.6 -125.486 8462.03 -243.399
8402.12 -120.614 8472.25 -258.017
8412.35 -131.333 8481.6 -241.938
8421.7 -117.203 8492.41 -239.989
8432.8 -130.358 8502.06 -220.499
8442.45 -133.769 8512.28 -250.708
8452.68 -128.897 8522.51 -240.963
8462.03 -119.152 8532.74 -238.04
8472.25 -136.693 8542.67 -243.399
8482.19 -116.716 8552.6 -241.45
8491.54 -124.512 8562.83 -243.399
8501.77 -133.769 8573.35 -240.963
8513.16 -133.282 8582.4 -246.81
8522.51 -134.744 8592.63 -253.631
8533.32 -129.384 8601.98 -239.501
8542.96 -134.256 8613.37 -253.631
8552.89 -139.129 8622.13 -264.351
8561.66 -128.897 8633.82 -243.399
8572.18 -135.718 8643.16 -256.555
8582.4 -133.282 8652.22 -267.761
8592.92 -139.616 8663.03 -262.889
8602.85 -132.307 8672.08 -266.3
8612.78 -114.767 8682.6 -256.555
8623.01 -148.874 8692.53 -258.017
8632.94 -128.409 8702.46 -248.272
8642.58 -141.078 8712.98 -254.606
8653.39 -139.129 8722.61 -250.708
8662.74 -125.973 8733.42 -245.348
8673.25 -124.512 8742.47 -263.376
8683.48 -130.846 8752.7 -256.555
8693.11 -142.052 8762.92 -247.297
8702.75 -136.693 8773.14 -230.244
8712.98 -131.333 8782.78 -237.552
8723.2 -143.514 8792.71 -242.912
8733.13 -133.282 8802.64 -242.912
8743.64 -135.718 8812.56 -233.167
8753.86 -141.078 8823.37 -248.272
8762.92 -129.384 8833.01 -240.963
8774.31 -129.871 8842.35 -242.425
8783.07 -131.333 8853.45 -257.042
8794.17 -133.769 8863.38 -252.17
8802.93 -132.307 8873.6 -240.963
8813.15 -142.54 8884.11 -254.119
8824.83 -126.46 8892.87 -244.374
8833.3 -134.744 8903.96 -242.425
8843.81 -146.925 8913.01 -269.71
8853.16 -144.489 8923.82 -263.864
8863.38 -135.231 8933.16 -273.121
8873.31 -122.563 8943.96 -267.274
8883.52 -141.078 8953.6 -265.813
8893.74 -130.846 8963.53 -256.555
8903.67 -145.463 8974.04 -253.631
8913.6 -134.256 8983.09 -267.274
8923.53 -135.718 8993.3 -256.555
8934.62 -131.82 9004.69 -268.249
8943.96 -136.205 9013.15 -273.608
8953.6 -136.693 9023.66 -248.272
8964.69 -121.588 9033.88 -263.376
8973.74 -140.103 9044.39 -250.221
8985.71 -134.744 9052.86 -255.093
8994.18 -150.823 9064.24 -266.3
9003.52 -113.792 9073.88 -261.427
9013.74 -136.205 9083.8 -252.17
9024.83 -129.384 9094.6 -264.351
9033.88 -149.361 9103.94 -251.682
9043.52 -130.846 9113.87 -245.835
9054.03 -118.177 9123.79 -264.351
9064.24 -120.614 9132.84 -264.838
9073.58 -131.82 9143.93 -258.017
9084.97 -119.639 9154.15 -261.915
9093.43 -124.999 9164.65 -273.121
9104.53 -139.616 9174 -277.994
9114.16 -122.563 9184.5 -269.223
9124.67 -130.358 9194.13 -287.739
9134.3 -129.871 9203.76 -277.994
9144.81 -124.999 9213.98 -270.685
9153.85 -124.024 9224.78 -287.739
9164.07 -129.871 9234.7 -287.739
9174 -118.665 9244.33 -275.07
9184.79 -139.616 9254.84 -291.149
9194.72 -141.078 9264.47 -278.481
9204.35 -126.46 9274.1 -282.866
9214.56 -134.744 9284.61 -275.557
9224.49 -137.667 9293.65 -300.894
9234.99 -144.976 9304.74 -281.404
9244.33 -143.514 9314.95 -279.943
9253.96 -146.438 9324.59 -291.636
9264.76 -132.795 9334.22 -292.124
9274.97 -141.078 9342.68 -291.636
9285.48 -130.846 9353.77 -292.611
9294.82 -133.282 9364.56 -295.047
9304.74 -122.075 9374.49 -301.381
9314.95 -144.489 9385.57 -294.073
9324.88 -150.823 9394.33 -283.353
9334.22 -116.716 9404.83 -291.636
9345.6 -138.154 9414.75 -275.557
9354.93 -121.588 9424.97 -291.636
9366.02 -119.639 9435.76 -289.688
9375.94 -128.897 9444.81 -281.404
9385.57 -116.228 9455.89 -281.892
9394.91 -143.514 9464.36 -287.251
9405.42 -120.126 9475.44 -295.047
9415.34 -121.588 9485.07 -291.636
9425.26 -128.897 9494.12 -296.509
9434.3 -119.152 9505.2 -293.585
9445.39 -132.307 9515.71 -294.073
9455.02 -130.846 9525.92 -279.455
9465.23 -112.33 9535.25 -295.534
9474.86 -131.333 9544.88 -278.968
9484.49 -133.769 9555.97 -287.739
9495.87 -124.999 9565.6 -284.328
9505.79 -133.769 9575.81 -278.968
9515.42 -126.948 9585.14 -288.226
9524.75 -121.588 9595.06 -290.662
9535.55 -134.744 9605.57 -293.098
9545.18 -118.177 9615.19 -281.892
9555.39 -135.231 9625.99 -284.328
9565.31 -132.307 9635.32 -280.43
9575.52 -121.101 9645.53 -287.251
9585.73 -127.435 9656.33 -281.404
9595.65 -124.024 9665.08 -289.688
9604.69 -116.716 9676.45 -287.251
9615.78 -128.897 9686.08 -277.019
9625.11 -133.769 9696 -276.532
9635.32 -113.792 9705.63 -282.866
9645.53 -100.637 9714.96 -287.739
9655.74 -110.381 9726.34 -292.124
9665.95 -124.999 9735.97 -288.713
9675.58 -119.639 9745.88 -300.407
9685.5 -99.1748 9755.8 -301.381
9695.71 -114.767 9765.72 -303.33
9706.21 -103.56 9775.93 -297.971
9716.42 -105.509 9786.14 -310.639
9726.04 -103.073 9796.06 -331.103
9735.97 -96.7386 9806.26 -316.973
9745.59 -79.1977 9816.48 -319.897
9755.22 -75.2998 9825.81 -318.922
9765.43 -78.7105 9836.02 -315.999
9775.93 -76.2743 9846.81 -334.027
9786.72 -41.6799 9856.73 -321.358
9795.76 -50.4503 9866.35 -346.208
9805.39 -46.0651 9875.98 -356.927
9815.89 -51.912 9887.64 -343.284
9826.39 -24.1391 9896.4 -349.619
9834.85 -34.8585 9906.9 -339.386
9845.35 -31.4478 9916.52 -341.823
9854.98 -16.3432 9925.56 -336.463
9866.35 -14.3942 9937.23 -356.44
9876.27 -11.958 9946.85 -360.825
9886.48 -15.8559 9956.77 -362.287
9895.81 -3.18756 9966.98 -350.106
9905.73 -10.009 9976.31 -363.261
9916.23 20.2002 9986.52 -354.978
9926.15 16.3022 9995.86 -356.927
9936.06 5.0956 10007.5 -342.31
9946.56 31.4068 10015.1 -344.746
9955.61 21.1747 10027.1 -361.8
9966.4 35.3048 10037.3 -351.568
9975.73 39.2027 10047.5 -354.491
9986.52 36.7665 10056.8 -369.596
9995.86 49.9221 10066.7 -346.208
10006.3 66.9757 10076.9 -364.723
10016.3 73.7971 10087.4 -378.366
10026.2 72.8226 10097.4 -354.978
10035.8 75.2588 10107.6 -352.055
10046.6 92.7997 10117.5 -370.57
10055.1 107.417 10127.7 -367.159
10066.7 108.879 10136.7 -365.21
10076.6 98.1593 10147.8 -383.726
10086.6 116.675 10157.4 -388.111
10095.9 126.907 10167.6 -381.29
10106.7 132.266 10177.3 -380.315
10116.9 151.756 10186.6 -372.519
10125.6 152.244 10198.3 -378.366
10136.4 148.346 10206.7 -391.522
10146.9 147.858 10218.1 -376.417
10155.7 168.323 10227.7 -379.828
10165.9 183.427 10237.3 -379.828
10175.8 168.81 10247.8 -373.494
10186.6 184.402 10257.2 -385.675
10195.6 198.045 10268.3 -373.981
10206.4 189.761 10277.9 -363.749
10216.3 199.506 10288.1 -367.647
10226.3 209.738 10298.9 -375.93
10237.3 216.56 10307.9 -377.879
10246.7 205.84 10318.4 -372.519
10256.6 224.843 10327.2 -384.7
10267.1 234.588 10337.4 -367.159
10275.6 235.562 10348.2 -373.006
10286.3 245.307 10357.5 -378.853
10296.3 263.823 10368.6 -365.698
10306.8 252.616 10378.2 -384.7
10317.3 262.361 10388.4 -379.341
10326.9 267.721 10398 -375.443
10336.5 287.21 10407.7 -386.649
10347.3 280.389 10419 -367.159
10356.6 310.111 10428.1 -375.93
10366.5 313.034 10438.9 -368.134
10375.9 320.343 10447.3 -337.437
10387.3 329.113 10457.8 -352.055
10396.3 342.269 10468.9 -339.874
10407.4 336.909 10478.5 -345.233
10416.1 361.759 10488.7 -343.772
10426.6 360.297 10498.1 -350.106
10435.4 357.374 10508.6 -333.54
10446.5 361.759 10518.8 -325.744
10457 385.147 10528.7 -322.333
10466.6 383.198 10538.6 -327.693
10477.1 375.402 10548.8 -334.027
10487.3 396.84 10558.1 -325.744
10497.2 385.147 10569.2 -335.976
10505.7 402.2 10579.1 -327.693
10517.3 389.044 10588.8 -315.999
10526.1 408.047 10597.8 -333.54
10537.2 412.92 10609.5 -317.948
10546.8 420.228 10619.1 -320.871
10555.8 441.18 10627.6 -306.254
10566.6 438.256 10638.6 -296.509
10576.8 457.746 10649.7 -300.894
10586.4 455.31 10659.1 -294.073
10597.5 461.157 10668.7 -286.277
10606.6 493.802 10679.2 -290.662
10616.8 480.647 10689.4 -277.994
10626.1 497.7 10699.9 -285.302
10637.5 506.958 10709.5 -263.864
10647.4 517.677 10719.2 -266.3
10657.6 533.269 10729.6 -263.864
10667.8 524.986 10739.3 -246.81
10676.6 544.476 10750.1 -232.68
10686.2 547.399 10759.4 -245.835
10697.6 562.016 10769.3 -237.552
10706.6 563.965 10779.8 -225.371
10718.3 573.223 10789.4 -247.784
10726.4 566.889 10799.4 -242.425
10737.2 575.172 10809.9 -231.218
10746.9 587.353 10819.5 -231.705
10756.5 600.509 10830.3 -237.065
10767 595.636 10839.3 -233.654
10776.9 602.458 10850.1 -225.858
10787.7 619.024 10859.7 -213.677
10797 622.435 10870.2 -235.116
10806.6 622.435 10879.6 -218.55
10816.9 630.231 10890.1 -222.935
10826.8 647.771 10900 -229.756
10837 646.31 10910.2 -195.649
10846.9 664.825 10919.5 -201.496
10856.8 679.93 10930 -198.573
10866.7 703.317 10939.7 -190.777
10876.6 696.983 10950.7 -192.726
10887.1 716.96 10959.5 -194.188
10897.9 722.32 10970.9 -179.083
10907.3 735.963 10981.1 -155.208
10917.2 738.399 10991 -151.31
10928 742.297 11000 -148.874
10936.7 753.504 11010.5 -130.358
10947.2 767.634 11019.9 -140.591
10956.9 784.687 11029.5 -123.537
10967.1 784.687 11040.9 -106.483
10977 773.968 11051.1 -111.356
10986.6 793.945 11060.4 -102.585
10997.1 825.616 11070.9 -93.3279
11007 814.409 11080.6 -105.509
11017.5 831.95 11090.2 -89.4299
11028 842.669 11100.1 -80.6595
11037.1 858.261 11111.2 -87.4809
11047.9 845.593 11121.4 -96.2513
11057.8 858.261 11131.3 -77.736
11067.1 874.34 11140.9 -103.56
11077.6 887.496 11151.1 -75.787
11087 892.368 11161.1 -81.1467
11098.1 897.728 11171.3 -90.4044
11108.6 919.654 11180.6 -69.4529
11117.6 912.345 11191.1 -101.124
11127.5 913.32 11199.6 -87.4809
11136.6 943.042 11211 -66.0421
11147.1 932.322 11221.8 -59.2207
11157.9 953.274 11231.4 -62.6314
11167.5 944.991 11242.2 -62.6314
11177.7 965.455 11251.8 -39.7309
11187 983.483 11262.6 -37.7819
11197.3 985.432 11271.1 -42.1671
11207.5 1002 11281.9 -4.16205
11216.8 996.639 11292.4 2.17213
11227.3 1016.13 11301.1 19.7129
11237.5 1030.26 11311.6 24.0981
11247.7 1055.6 11321.5 28.4833
11257.4 1046.34 11332.6 28.9706
11267.3 1076.06 11342 29.4578
11277.5 1080.44 11351.6 33.3558
11286.8 1080.93 11361.8 65.514
11297.9 1100.42 11371.7 60.6415
11307.3 1109.19 11382.5 68.4374
11317.8 1124.78 11391.6 79.644
11327.7 1134.04 11403 77.2078
11338.2 1147.68 11411.4 91.8252
11347.2 1153.53 11421.3 90.3634
11357.7 1168.64 11432.1 95.2359
11367.4 1193.97 11442.1 91.3379
11376.7 1195.43 11452.3 90.3634
11387.8 1206.15 11461.9 100.596
11397.7 1211.03 11471.5 103.519
11407.6 1221.26 11482.9 105.468
11417.6 1220.77 11492.3 114.726
11426.6 1231 11503 128.856
11438.3 1240.26 11512.4 127.394
11447.3 1263.16 11523.2 157.116
11457.5 1256.34 11532.8 147.371
11466.9 1277.78 11542.5 167.348
11477.4 1285.57 11553 181.965
11488.2 1299.22 11563.5 177.58
11497.8 1313.84 11573.4 203.891
11508.6 1314.32 11583.3 203.404
11517.6 1327.97 11592.7 220.945
11527.6 1343.07 11602.9 243.358
11538.4 1363.05 11612.8 240.435
11547.7 1346.97 11622.7 243.846
11556.8 1378.15 11632.6 270.157
11567.3 1392.77 11642.8 267.721
11578.1 1409.34 11654.2 288.185
11587.7 1419.08 11663.6 295.493
11598.2 1425.9 11673.5 294.519
11607.8 1439.54 11683.1 317.42
11616.9 1477.55 11693.6 322.779
11627.4 1476.57 11703.6 324.241
11637.6 1485.35 11713.5 338.371
11647.5 1512.63 11724 344.705
11658.3 1517.5 11734.5 356.399
11667.4 1535.04 11743.9 352.014
11678.2 1548.69 11753.2 372.478
11687.5 1559.41 11763.1 382.223
11697.4 1568.66 11774.2 390.019
11708 1573.54 11783.8 394.404
11717.9 1591.56 11794.9 396.353
11727.5 1596.92 11803.7 411.945
11737.1 1621.29 11814.5 427.05
11748.5 1636.39 11823.8 431.922
11758.7 1631.52 11834.6 440.205
11766.6 1634.44 11844 476.749
11778.3 1670.99 11854.2 473.825
11787.1 1676.35 11864.4 482.108
11797.9 1669.52 11875.2 488.442
11807.5 1689.01 11884.6 494.777
11818 1694.37 11893.9 506.47
11827.3 1707.53 11904.7 524.499
11838.2 1718.25 11914.9 529.371
11848.1 1731.4 11924 541.552
11857.7 1742.12 11934.2 562.504
11867.6 1768.92 11944.1 579.07
11877.6 1773.79 11954.7 589.302
11887.8 1799.62 11964.9 600.022
11898.3 1800.59 11974.5 618.05
11907.6 1815.21 11985 632.18
11918.4 1817.65 11994.1 647.771
11928.1 1839.57 12005.2 654.593
11938.3 1861.99 12014.5 665.312
11948.2 1870.27 12024.7 681.879
11957.9 1886.35 12035 703.805
11969.3 1893.66 12045.8 723.782
11978.3 1914.61 12055.7 720.371
11987.6 1916.07 12065.3 731.578
11997.9 1929.71 12075.3 739.373
12007.8 1956.02 12086.7 762.274
12018 1947.74 12095.7 759.838
12027.4 1974.05 12106.5 770.557
12038.2 1974.05 12116.1 783.713
12047.8 2001.34 12126.1 793.458
12057.1 2007.67 12135.7 796.381
12068.3 2026.19 12145.6 811.973
12077.9 2046.16 12155.3 813.922
12087.5 2057.37 12165.5 825.616
12096.6 2066.14 12176.3 844.618
12107.4 2081.25 12186.5 844.618
12117.6 2100.74 12196.8 878.725
12127.5 2109.99 12206.4 871.417
12137.8 2129.48 12216 888.958
12147.7 2126.56 12226.3 913.807
12157.3 2156.77 12236.2 928.424
12167.9 2158.72 12247 932.81
12178.4 2175.77 12256.6 945.478
12187.1 2185.52 12266.3 959.121
12198.2 2193.8 12276.8 967.891
12207.9 2198.18 12286.7 994.202
12217.5 2195.75 12296.7 998.1
12228.6 2207.44 12306.6 1037.57
12237.7 2233.27 12317.1 1038.05
12249.1 2231.8 12326.2 1060.96
12257.8 2247.4 12336.1 1094.09
12267.8 2246.91 12346.9 1089.22
12278.3 2271.76 12357.2 1119.91
12287.6 2277.61 12367.4 1121.37
12298.4 2302.45 12377 1151.1
12308.6 2310.74 12387.8 1178.87
12317.4 2326.33 12397.8 1166.2
12327.6 2347.28 12407.4 1205.18
12338.2 2357.03 12417.3 1199.33
12348.4 2384.8 12427.3 1209.08
12357.7 2408.19 12437.8 1231
12368.6 2429.14 12447.4 1238.31
12378.2 2458.37 12457.7 1252.93
12387.5 2471.53 12467.9 1270.47
12398.4 2494.43 12478.7 1284.6
12408 2505.15 12487.5 1292.88
12417.6 2522.2 12498.3 1318.22
12427.6 2533.41 12507.9 1333.32
12438.4 2546.56 12519 1332.84
12448.6 2551.92 12528.4 1370.84
12458.8 2556.31 12538.6 1371.82
12468.2 2562.16 12548 1378.15
12477.8 2582.13 12557.9 1412.75
12488.6 2566.05 12568.1 1438.57
12498.3 2605.52 12578.4 1455.14
12507.6 2605.03 12588.6 1477.55
12518.8 2591.88 12598.5 1479.99
12527.2 2615.75 12609.3 1517.02
12538 2622.57 12619.6 1540.4
12547.4 2636.7 12628.1 1553.56
12557.9 2661.07 12639.5 1560.87
12568.1 2679.58 12649.4 1602.77
12577.8 2684.45 12660.2 1620.8
12588 2704.43 12668.7 1642.73
12598.5 2731.23 12679.5 1658.32
12607.9 2733.67 12689.7 1661.24
12618.4 2767.29 12699.4 1682.68
12627.5 2779.95 12709.6 1701.19
12638.9 2809.19 12720.1 1739.69
12648.5 2828.68 12729.5 1750.89
12658.2 2852.55 12740 1772.33
12668.4 2866.2 12750.3 1788.41
12678.3 2873.99 12759.6 1806.44
12688.3 2906.15 12770.1 1819.6
12698.5 2893.97 12780.4 1832.75
12707.9 2923.69 12790.9 1857.6
12718.1 2948.05 12800.5 1870.27
12728 2939.77 12810.5 1903.4
12738.8 2960.24 12820.7 1920.94
12747.6 2963.16 12830.9 1944.82
12758.7 2979.72 12840.6 1984.77
12768.1 2986.55 12852 2003.29
12778.3 2990.93 12862 2016.93
12788.3 3015.29 12871 2043.73
12797.9 3025.04 12882.1 2085.63
12808.1 3036.25 12892.1 2108.04
12817.8 3043.55 12902.9 2121.2
12827.4 3061.58 12912.8 2163.59
12838.5 3063.53 12923.9 2192.82
12847.9 3078.15 12933.9 2222.55
12857.6 3088.87 12944.4 2245.45
12866.9 3070.84 12954.4 2269.81
12878.9 3026.01 12964 2313.66
12888 2948.54 12975.1 2339.97
12898.5 2875.94 12982.4 2365.31
12907.3 2817.96 12990.3 2405.26
12918.4 2753.64 12996.2 2448.63
12928.3 2717.59 12995 2479.32
12938 2673.74 12987.7 2502.23
12948.8 2629.88 12978 2531.46
12957.3 2592.85 12968.1 2561.67
