8010.06 -199.06 8032 -169.338
8009.48 -71.8891 8041.65 -165.927
8005.38 -67.0166 8051.01 -160.568
8004.8 -56.7845 8060.66 -179.083
8007.43 -62.6314 8069.73 -176.647
8013.57 -52.3993 8080.25 -163.491
8022.35 -43.6289 8090.49 -155.695
8030.83 -63.6059 8101.31 -162.517
8039.89 -68.4784 8110.96 -157.157
8050.42 -52.8865 8122.36 -157.157
8059.49 -57.2717 8132.31 -163.004
8068.85 -62.6314 8141.95 -192.239
8080.25 -62.6314 8151.6 -200.034
8090.49 -48.0141 8161.54 -199.06
8101.31 -51.4248 8172.07 -196.624
8110.08 -56.2972 8181.43 -209.292
8120.61 -56.2972 8191.07 -216.114
8130.55 -55.81 8201.89 -205.394
8140.2 -55.81 8211.25 -207.343
8150.72 -69.4529 8221.48 -206.369
8160.08 -63.1187 8231.13 -212.703
8170.61 -71.4018 8241.07 -197.598
8180.55 -63.1187 8251.3 -209.292
8191.07 -63.1187 8261.24 -202.958
8201.31 -69.4529 8271.18 -216.601
8210.37 -76.7615 8281.12 -219.037
8221.48 -64.5804 8291.93 -214.652
8230.84 -64.5804 8302.45 -199.547
8241.65 -80.6595 8312.1 -213.19
8250.72 -58.7335 8321.45 -205.881
8261.82 -74.3253 8331.68 -208.318
8272.35 -78.2233 8341.04 -210.267
8281.7 -68.9656 8351.85 -224.397
8291.64 -73.8381 8361.5 -209.292
8301.58 -73.8381 8372.02 -216.114
8310.93 -57.759 8382.25 -210.754
8322.04 -86.0192 8392.77 -201.009
8330.51 -61.1697 8402.12 -216.114
8341.62 -67.0166 8412.06 -220.499
8351.27 -75.787 8421.99 -224.397
8361.5 -84.0702 8432.51 -229.756
8371.73 -73.3508 8441.86 -229.269
8381.08 -78.2233 8452.38 -240.963
8392.48 -72.8636 8462.32 -233.654
8402.12 -70.9146 8472.25 -231.218
8411.76 -68.9656 8482.19 -226.346
8422.58 -74.8125 8491.83 -233.654
8433.1 -80.6595 8502.35 -236.091
8441.86 -89.9171 8511.99 -273.121
8452.68 -79.685 8522.51 -269.223
8462.9 -87.4809 8531.86 -254.606
8472.55 -64.0932 8542.09 -265.813
8482.19 -86.9937 8552.89 -241.938
8492.41 -78.2233 8562.83 -256.068
8502.35 -78.7105 8573.06 -237.552
8512.28 -86.0192 8582.99 -247.297
8522.22 -78.7105 8592.04 -246.323
8533.03 -73.8381 8602.56 -252.17
8542.67 -84.0702 8613.08 -259.478
8552.6 -89.9171 8621.84 -249.733
8563.7 -82.6085 8633.23 -250.708
8572.76 -84.5574 8642.29 -234.629
8582.69 -85.0447 8652.81 -255.58
8592.34 -83.0957 8662.74 -255.58
8603.44 -80.6595 8672.38 -246.81
8613.66 -79.685 8682.01 -260.453
8622.42 -79.685 8692.82 -233.654
8633.23 -77.736 8702.17 -259.478
8642.29 -94.3023 8712.39 -258.504
8653.97 -82.1212 8723.2 -258.991
8663.9 -92.3534 8732.84 -250.221
8672.96 -69.4529 8743.06 -269.223
8682.89 -79.685 8752.99 -247.297
8692.53 -83.0957 8762.63 -251.682
8703.05 -80.6595 8773.14 -239.501
8712.39 -68.9656 8782.78 -256.068
8723.49 -84.5574 8793 -251.195
8733.71 -87.9682 8802.34 -246.81
8742.77 -73.3508 8812.27 -231.705
8753.86 -88.4554 8823.66 -248.272
8762.63 -76.7615 8832.72 -252.17
8773.14 -83.583 8843.52 -253.144
8784.24 -84.0702 8853.16 -236.091
8793.58 -73.3508 8863.67 -241.45
8803.51 -82.6085 8873.01 -233.167
8813.15 -92.8406 8882.36 -248.759
8824.25 -83.0957 8894.04 -239.501
8833.88 -78.7105 8903.38 -232.193
8843.81 -89.9171 8912.72 -236.091
8854.03 -91.3789 8923.53 -239.501
8863.67 -90.4044 8933.75 -251.682
8873.6 -85.5319 8943.38 -247.297
8883.82 -82.6085 8953.6 -263.376
8892.87 -83.0957 8964.11 -243.886
8903.67 -94.3023 8972.87 -228.295
8913.01 -88.4554 8983.67 -236.091
8924.4 -88.4554 8994.76 -236.091
8933.75 -75.787 9004.4 -239.014
8943.67 -80.6595 9013.74 -239.501
8953.89 -79.685 9022.79 -241.938
8964.4 -76.2743 9033.3 -252.657
8974.04 -74.3253 9044.1 -250.221
8984.55 -90.4044 9053.15 -244.374
8995.35 -82.6085 9064.24 -245.835
9004.69 -81.1467 9073.88 -239.014
9014.03 -75.787 9084.38 -238.527
9024.25 -76.7615 9093.73 -256.068
9033.3 -80.6595 9104.53 -239.501
9044.1 -89.9171 9113.58 -246.323
9054.32 -91.8661 9124.08 -235.603
9064.83 -76.2743 9134.59 -233.654
9073.58 -85.5319 9144.22 -244.374
9084.68 -93.8151 9154.15 -250.708
9094.02 -88.9426 9164.36 -239.501
9104.23 -81.634 9174.29 -239.501
9115.03 -93.8151 9183.63 -258.991
9124.38 -96.2513 9193.84 -260.453
9134.88 -94.7896 9204.35 -266.787
9143.93 -86.0192 9213.98 -270.198
9155.02 -97.713 9223.9 -271.659
9164.95 -82.6085 9234.41 -263.864
9174 -90.8916 9244.33 -279.455
9184.79 -87.9682 9255.13 -278.968
9194.72 -85.0447 9265.34 -270.198
9205.23 -100.149 9273.52 -278.968
9214.27 -95.2768 9284.61 -265.813
9223.9 -90.4044 9293.94 -279.943
9234.7 -93.3279 9305.62 -268.736
9244.92 -89.9171 9314.08 -275.07
9255.13 -95.7641 9324.59 -290.662
9264.47 -86.0192 9333.93 -267.274
9274.97 -93.8151 9343.55 -274.096
9285.19 -83.583 9354.35 -267.274
9294.24 -80.6595 9363.69 -271.172
9304.74 -68.9656 9374.78 -266.3
9314.95 -77.736 9384.99 -243.886
9324.29 -90.8916 9395.2 -270.685
9334.8 -79.1977 9405.42 -266.787
9345.6 -78.2233 9415.34 -269.223
9355.81 -80.6595 9424.38 -268.249
9365.44 -90.8916 9434.3 -270.198
9376.53 -96.7386 9444.52 -275.557
9385.87 -71.8891 9454.43 -268.249
9395.5 -86.5064 9464.36 -274.583
9405.13 -92.8406 9475.74 -263.864
9415.34 -78.2233 9485.36 -269.223
9425.26 -82.6085 9494.7 -274.583
9435.47 -85.0447 9504.91 -273.121
9444.52 -81.634 9514.83 -278.968
9456.19 -81.1467 9525.04 -278.481
9464.94 -81.1467 9535.55 -283.353
9474.57 -90.4044 9545.47 -278.481
9484.49 -78.2233 9555.39 -286.764
9495.28 -61.6569 9565.89 -271.172
9504.62 -64.5804 9575.23 -271.659
9514.54 -64.5804 9585.14 -276.532
9525.63 -51.912 9595.65 -274.583
9534.96 -57.759 9605.27 -273.608
9545.18 -34.8585 9616.94 -272.634
9555.09 -47.5268 9625.4 -264.351
9564.72 -45.5779 9635.61 -269.223
9576.39 -32.9095 9645.53 -268.736
9585.44 -25.6008 9655.45 -264.838
9596.23 -32.4223 9666.25 -276.045
9605.57 -27.0626 9675.58 -264.838
9616.07 -11.958 9685.5 -270.685
9625.4 -8.54726 9695.13 -273.608
9635.91 -6.11103 9705.92 -273.121
9644.95 4.12111 9716.13 -274.583
9655.16 17.2767 9725.46 -273.608
9665.95 23.1237 9736.26 -278.968
9675.29 30.4323 9745.01 -283.353
9685.5 27.5089 9756.39 -293.098
9695.71 44.5624 9766.89 -272.634
9705.92 31.8941 9775.64 -283.353
9715.84 43.5879 9785.85 -286.277
9724.59 46.0242 9796.06 -304.792
9734.8 52.3583 9805.97 -312.588
9745.88 66.4884 9816.18 -306.254
9755.8 70.3864 9825.81 -299.92
9765.72 75.7461 9836.31 -294.073
9775.34 91.3379 9846.23 -317.948
9786.72 92.7997 9856.15 -312.101
9795.18 117.162 9866.06 -323.307
9805.97 123.983 9876.56 -310.639
9816.18 117.162 9886.48 -312.588
9825.81 138.113 9896.1 -312.101
9835.43 144.448 9906.61 -319.409
9846.23 152.731 9916.23 -326.718
9855.56 155.654 9926.15 -315.511
9866.06 170.759 9936.06 -313.563
9876.27 173.195 9946.56 -342.31
9885.31 177.093 9956.48 -360.338
9895.52 191.223 9966.4 -347.67
9906.02 191.223 9976.31 -349.131
9915.65 202.43 9987.11 -348.644
9926.15 206.815 9997.32 -353.029
9936.06 200.968 10006.6 -340.848
9946.56 200.481 10016.6 -347.67
9956.48 222.894 10026.8 -352.055
9965.81 235.075 10036.1 -348.157
9976.02 225.33 10047.2 -357.902
9986.52 224.843 10055.9 -371.057
9996.44 245.307 10067 -375.443
10006.3 251.641 10075.8 -375.443
10016 245.795 10086.6 -383.238
10027.4 245.795 10097.4 -389.085
10036.1 276.978 10107.3 -395.907
10046 271.131 10117.2 -381.29
10056.2 292.57 10127.1 -381.29
10066.4 310.598 10136.7 -398.83
10077.2 298.417 10147.5 -394.445
10085.7 312.547 10156.9 -381.777
10095.3 329.113 10167.6 -376.904
10106.4 334.473 10177.3 -377.392
10116.3 339.833 10187.2 -361.8
10126.8 353.476 10198.5 -365.21
10136.1 354.937 10207.3 -367.159
10146.9 359.323 10216.6 -365.21
10156.3 369.555 10228.3 -379.341
10166.5 373.453 10237.6 -360.338
10177 381.249 10248.4 -363.261
10185.7 388.07 10257.5 -364.236
10196.8 397.815 10267.7 -353.517
10206.7 399.764 10277.9 -365.21
10216.6 403.662 10287.5 -362.287
10226.8 386.608 10298 -380.315
10236.5 404.149 10308.2 -365.21
10246.4 410.971 10318.1 -352.542
10256.9 397.815 10327.5 -365.698
10266.5 417.792 10338 -356.927
10276.1 422.664 10347.9 -366.185
10286 414.381 10358.4 -364.723
10296.5 432.409 10368 -365.698
10306.2 433.384 10378.5 -361.312
10315.8 462.131 10388.1 -367.159
10326 464.567 10398 -363.261
10336.5 478.697 10408.5 -346.208
10346.7 488.442 10419 -364.723
10356.9 492.828 10428.1 -351.08
10367.1 500.136 10438.6 -349.619
10376.8 520.601 10447.9 -359.364
10387.3 504.522 10459 -354.491
10396 534.731 10468.6 -333.052
10406.8 527.909 10478.5 -355.953
10416.7 562.016 10488.5 -340.848
10426.9 556.657 10498.7 -341.335
10437.7 571.274 10508.9 -335.001
10446.5 578.095 10518.2 -335.976
10457.2 587.84 10529.6 -340.848
10467.2 589.302 10538 -337.925
10476.2 595.636 10547.7 -340.361
10487 599.047 10559 -344.746
10497.5 601.97 10568.1 -331.103
10507.1 612.69 10579.1 -335.976
10515.9 602.458 10589.7 -342.31
10526.1 608.305 10599 -335.001
10536.6 606.843 10609.2 -332.565
10546.8 618.05 10618.5 -335.976
10556.7 629.256 10628.4 -330.129
10566.3 639.976 10638.4 -320.871
10577.4 629.256 10648.9 -302.843
10586.7 654.106 10659.6 -302.356
10597.5 652.157 10669.6 -299.92
10607.4 677.981 10679.2 -295.534
10616.2 672.621 10688.8 -285.302
10626.7 681.391 10699.6 -276.045
10636.6 696.496 10709.2 -261.915
10647.4 700.394 10719.2 -269.71
10657.6 708.677 10728.8 -253.144
10667.2 738.886 10739.6 -242.425
10677.1 734.988 10749.5 -235.603
10685.9 750.093 10759.4 -232.68
10696.4 750.58 10769 -220.986
10705.7 773.481 10778.7 -206.856
10716.2 773.968 10789.4 -220.499
10727.6 781.764 10799.9 -197.111
10736.9 780.302 10810.4 -191.264
10748 799.792 10819.8 -190.29
10757.6 814.409 10829.4 -179.57
10766.4 812.947 10839.3 -157.644
10777.5 817.82 10849.5 -175.185
10786.5 823.667 10860.3 -155.695
10797.6 829.514 10870.2 -140.103
10806.9 840.233 10880.1 -143.514
10817.1 843.157 10889.8 -136.205
10827.4 847.055 10900.6 -135.231
10837 849.491 10910.2 -128.409
10847.2 857.287 10919.5 -128.897
10857.4 877.751 10929.7 -114.279
10867.6 868.493 10940.2 -109.407
10877 887.009 10950.2 -93.3279
10886.9 903.088 10959.8 -85.0447
10896.5 900.652 10970.6 -71.8891
10907 912.345 10980.5 -63.1187
10917.5 923.065 10990.7 -55.3228
10926.8 917.705 11000.6 -36.3202
10937.3 945.965 11010.5 -29.986
10946.9 943.042 11020.2 -8.54726
10956.9 971.789 11030.4 4.12111
10966.8 975.687 11040.9 25.5599
10977.3 997.613 11049.9 25.5599
10987.8 1005.41 11061.9 36.2793
10997.4 1019.54 11070.6 34.3303
11006.5 1020.51 11080.9 44.0752
11017.3 1026.85 11090.5 60.6415
11028 1048.29 11100.4 67.4629
11036.8 1058.52 11110.3 77.2078
11047.6 1066.31 11121.1 59.667
11057.2 1079.96 11131 78.1823
11068 1080.93 11140.1 76.7206
11077.3 1097.01 11150.9 78.6696
11087 1096.52 11161.4 73.7971
11097.5 1109.19 11171.6 91.8252
11106.8 1114.55 11180.9 102.545
11116.1 1124.78 11190.5 106.93
11127.5 1136.97 11201.6 99.1338
11137.1 1138.91 11211.8 112.289
11147.1 1156.94 11220.6 123.983
11157 1168.64 11231.7 138.601
11167.5 1168.15 11240.7 145.422
11178.6 1183.74 11250.9 142.986
11187.3 1188.13 11261.7 160.039
11197.8 1200.31 11271.9 166.861
11207.2 1207.13 11281.9 180.504
11217.4 1223.21 11290.3 193.659
11227.9 1234.41 11301.4 201.943
11237.2 1253.9 11311.6 200.968
11246.6 1260.24 11322.1 213.149
11258.2 1266.57 11331.5 220.945
11267.3 1302.63 11342 218.996
11276.9 1296.78 11351.9 219.971
11287.1 1310.42 11361.2 216.56
11298.5 1321.63 11371.7 232.152
11308.1 1339.66 11382.2 242.384
11317.5 1340.63 11391.9 241.897
11327.4 1347.94 11402.7 242.871
11337.6 1353.79 11411.7 252.129
11348.1 1375.72 11422.5 257.001
11357.7 1386.92 11432.1 254.565
11367.9 1386.43 11442.3 254.078
11377.3 1393.74 11453.2 258.95
11387.8 1416.64 11463.1 257.001
11398.3 1419.08 11472.4 259.925
11407.9 1433.7 11481.8 259.925
11417.3 1458.06 11492.8 270.644
11427.2 1457.09 11502.5 272.106
11437.1 1461.47 11512.4 283.312
11447.9 1474.63 11522.9 287.698
11457.2 1484.37 11532.5 284.774
11468 1486.81 11542.5 314.009
11477.7 1495.58 11552.1 303.777
11487.9 1508.25 11562.9 321.317
11498.1 1518.48 11573.4 324.241
11508 1526.76 11582.4 333.011
11517.4 1525.79 11592.7 336.422
11526.7 1539.43 11603.5 338.858
11538.1 1560.87 11613.4 351.527
11548.6 1585.72 11623 369.555
11557.6 1572.07 11633.8 367.119
11567.6 1602.77 11642.8 379.787
11577.5 1606.67 11652.5 392.942
11588 1642.73 11663.6 392.942
11597.9 1653.93 11672.9 392.942
11607.2 1659.78 11684.3 390.019
11617.5 1654.42 11693.9 400.738
11627.4 1668.06 11703.3 414.868
11638.5 1685.12 11713.5 426.562
11647.5 1701.19 11724 429.973
11657.7 1721.66 11733.3 437.282
11668 1727.51 11743.9 437.282
11677 1729.45 11753.8 446.539
11688.4 1732.38 11763.4 459.208
11697.7 1756.74 11773.6 489.904
11708.2 1749.43 11783.8 487.955
11717.9 1771.36 11793.8 499.649
11727.5 1787.92 11804 509.881
11737.4 1798.16 11813.9 518.652
11746.8 1817.16 11823.8 542.039
11758.5 1833.24 11834.6 550.323
11768.1 1839.57 11843.7 571.274
11778 1860.04 11854.5 571.274
11787.4 1872.7 11864.1 591.738
11797.3 1883.42 11874.6 599.047
11808.4 1899.5 11884 606.843
11818.3 1918.99 11893.6 633.154
11828.2 1935.56 11904.1 621.948
11837.3 1946.77 11914.6 632.18
11848.7 1961.87 11924.3 648.746
11858.3 1969.67 11935.1 656.055
11866.8 2001.82 11943.3 662.876
11877.9 2007.18 11955.8 675.057
11887.5 2030.08 11964 681.879
11897.1 2014.98 11975.4 695.521
11907.6 2043.73 11984.7 706.241
11917.6 2054.93 11994.7 722.32
11928.4 2068.09 12005.8 750.093
11937.4 2060.78 12014.8 766.172
11948.2 2085.63 12025.6 784.687
11958.7 2080.76 12034.7 798.33
11968.4 2096.84 12045.2 820.743
11978 2107.07 12055.4 848.516
11987.6 2119.25 12065.6 862.159
11998.2 2135.33 12075 879.7
12008.1 2134.36 12085.5 893.83
12017.7 2162.13 12095.4 916.731
12028 2172.85 12105.9 931.835
12037.3 2185.52 12116.1 936.708
12047.8 2200.13 12125.8 946.453
12057.7 2213.29 12135.7 960.095
12068.3 2233.27 12145.6 970.815
12077 2230.34 12155.6 1006.38
12088.4 2265.42 12166.4 1018.56
12097.5 2275.17 12176 1021.98
12108.3 2291.74 12186.8 1044.88
12117.3 2322.92 12196.2 1038.54
12127.5 2324.38 12206.7 1081.42
12137.8 2363.85 12216.3 1076.55
12148.6 2356.54 12226 1097.99
12157.6 2369.21 12236.5 1120.4
12167.9 2383.82 12247 1121.86
12178.1 2386.75 12255.2 1146.22
12188.9 2411.11 12267.5 1154.02
12197.6 2417.93 12276.5 1166.2
12208.2 2431.57 12286.5 1179.36
12217.8 2428.16 12296.4 1191.54
12228.6 2412.57 12306.6 1200.31
12238.2 2441.32 12316.3 1228.57
12247.9 2439.37 12326.5 1218.82
12257.5 2453.01 12336.4 1244.65
12267.8 2451.55 12347.8 1276.8
12278 2470.07 12356.9 1282.65
12288.2 2484.68 12367.7 1301.65
12297.8 2494.43 12377 1313.35
12308.4 2500.28 12387.5 1330.4
12317.4 2529.51 12398.1 1349.4
12327.3 2540.23 12407.4 1357.2
12337.9 2560.21 12416.8 1371.82
12347.8 2586.03 12426.7 1398.62
12358 2608.44 12437.8 1400.08
12368.8 2629.4 12448 1411.77
12378.8 2658.14 12456.8 1435.16
12387.8 2679.09 12467.6 1438.08
12398.6 2679.09 12478.4 1449.29
12408 2705.41 12487.8 1449.29
12418.2 2725.87 12497.7 1461.96
12429 2740 12507.6 1485.83
12437.8 2741.95 12518.2 1488.76
12448.3 2758.52 12528.7 1495.09
12458.6 2763.88 12538.6 1515.07
12467.9 2776.06 12548.6 1531.15
12477.8 2781.42 12558.2 1530.66
12487.8 2776.54 12569 1551.12
12498.9 2782.39 12579.3 1575
12507.6 2788.73 12588 1578.9
12517.3 2788.24 12599.1 1616.41
12528.4 2810.16 12609.3 1621.29
12538 2808.21 12618.4 1630.54
12547.7 2827.7 12628.6 1646.62
12558.2 2837.45 12639.2 1678.78
12569 2854.99 12649.4 1692.42
12578.7 2856.45 12659.3 1707.53
12587.7 2872.04 12669.6 1725.07
12599.1 2898.84 12679.2 1740.66
12608.8 2913.95 12689.1 1769.9
12619 2937.82 12699.1 1775.74
12628.6 2957.31 12709.3 1812.29
12638.6 2975.83 12720.4 1828.85
12648.8 2986.55 12729.5 1841.52
12658.2 3000.68 12740 1858.57
12668.1 3018.7 12750.3 1890.73
12678.6 3039.66 12759.9 1900.48
12687.1 3052.32 12770.1 1907.3
12697.9 3068.89 12780.4 1924.35
12709 3076.69 12790.6 1958.46
12718.7 3103 12800.8 1955.05
12728 3106.9 12810.5 1993.54
12737.4 3112.26 12820.7 2017.42
12747.6 3121.03 12830.9 2030.08
12758.2 3125.41 12841.5 2045.68
12768.1 3127.85 12851.1 2075.89
12777.7 3133.69 12861.4 2101.22
12788.6 3135.16 12872.2 2107.56
12798.8 3156.59 12881.3 2129
12808.1 3169.75 12892.4 2157.74
12817.8 3182.42 12902.3 2191.85
12828.9 3190.21 12911.9 2220.6
12838.5 3182.42 12923.1 2244.96
12847.6 3201.42 12933 2296.12
12857.8 3188.75 12943.5 2300.51
12868.4 3130.77 12954.4 2332.18
12878.3 3050.86 12964.6 2363.36
12887.7 2972.9 12974.2 2384.8
12898.2 2919.79 12983.9 2438.88
12907.9 2858.89 12991.5 2465.68
12918.4 2811.14 12995.6 2512.94
12927.7 2772.65 12995 2551.44
12938 2720.02 12988.6 2584.57
12947.6 2688.84 12978.3 2607.47
12958.4 2656.19 12968.4 2642.55
