8010.94 -204.907 8031.71 -201.009
8010.35 -122.075 8041.06 -215.139
8005.09 -115.254 8051.3 -211.241
8004.21 -105.509 8060.66 -212.216
8008.01 -105.996 8070.6 -210.267
8014.16 -87.9682 8081.13 -206.856
8021.76 -97.713 8090.49 -200.034
8031.12 -99.1748 8101.6 -194.188
8039.89 -124.512 8111.54 -201.496
8049.84 -118.665 8122.07 -228.295
8059.78 -94.3023 8131.14 -211.728
8068.55 -111.356 8141.95 -236.091
8079.96 -107.458 8152.19 -253.631
8089.9 -118.665 8161.54 -255.58
8101.31 -118.665 8171.19 -253.144
8110.96 -125.486 8180.84 -253.144
8120.31 -116.228 8191.07 -251.682
8129.97 -116.228 8201.6 -237.552
8140.78 -123.537 8211.54 -239.501
8149.85 -117.203 8221.77 -245.348
8160.67 -119.152 8231.13 -241.938
8171.19 -118.665 8241.07 -244.374
8180.26 -108.432 8251.3 -237.552
8190.49 -115.741 8262.11 -258.991
8201.6 -104.534 8271.76 -238.04
8210.08 -115.741 8281.12 -237.552
8221.19 -103.56 8292.52 -250.221
8231.13 -101.611 8301.58 -239.014
8241.65 -105.022 8311.51 -253.631
8250.72 -110.869 8321.75 -244.374
8261.53 -99.662 8331.98 -243.399
8271.76 -101.611 8342.5 -249.733
8281.12 -106.483 8351.56 -247.297
8290.47 -114.279 8362.67 -230.731
8301.87 -95.7641 8372.31 -248.759
8310.64 -98.2003 8381.37 -243.399
8322.62 -94.7896 8392.77 -235.116
8331.98 -100.637 8401.83 -240.963
8341.62 -96.7386 8412.06 -243.886
8350.97 -104.534 8421.99 -254.119
8362.37 -100.637 8431.64 -242.912
8372.02 -117.203 8442.15 -248.759
8381.66 -107.945 8452.38 -236.578
8392.77 -117.203 8462.32 -257.529
8401.54 -101.124 8471.38 -239.501
8412.06 -110.381 8481.6 -239.501
8421.99 -106.483 8492.71 -245.835
8432.8 -111.356 8502.64 -250.221
8442.15 -107.458 8513.16 -224.884
8451.8 -125.486 8521.64 -239.501
8462.32 -112.818 8532.74 -239.989
8472.84 -114.767 8542.96 -236.091
8482.77 -126.948 8551.43 -237.552
8493 -112.818 8563.12 -245.835
8501.47 -109.894 8572.18 -243.399
8512.58 -106.971 8582.4 -247.784
8522.8 -109.894 8592.92 -251.195
8532.15 -95.7641 8602.56 -251.682
8542.38 -124.999 8612.49 -264.838
8552.6 -116.716 8622.72 -247.784
8561.95 -118.177 8633.23 -258.017
8572.47 -90.4044 8641.7 -245.348
8582.99 -106.971 8652.51 -246.81
8592.92 -93.3279 8662.15 -235.603
8602.85 -94.3023 8672.38 -246.323
8612.49 -101.611 8682.89 -239.989
8623.3 -112.818 8691.95 -250.221
8633.82 -106.971 8703.05 -252.17
8642.87 -105.022 8712.68 -230.244
8653.1 -96.7386 8722.61 -242.425
8662.44 -107.458 8733.13 -246.323
8673.55 -114.279 8742.77 -241.45
8683.77 -114.279 8752.99 -246.81
8693.11 -104.534 8762.04 -237.065
8703.34 -105.996 8773.72 -234.629
8712.1 -109.407 8782.48 -233.167
8723.78 -113.792 8792.71 -235.116
8733.71 -109.894 8803.81 -234.142
8743.35 -119.152 8812.56 -236.578
8753.57 -114.279 8823.08 -235.116
8763.21 -109.894 8833.88 -253.631
8773.43 -108.92 8842.64 -245.348
8783.36 -114.279 8853.16 -225.858
8793.58 -110.381 8863.38 -238.04
8803.51 -91.3789 8873.6 -247.784
8813.73 -96.2513 8882.65 -245.348
8823.37 -95.7641 8893.74 -226.833
8833.59 -96.7386 8903.09 -236.578
8844.1 -98.2003 8913.6 -232.68
8853.74 -84.5574 8924.4 -211.728
8863.38 -100.149 8933.16 -240.476
8874.18 -105.996 8943.67 -253.144
8883.23 -78.2233 8953.6 -239.014
8894.04 -107.458 8963.82 -236.578
8903.67 -112.33 8973.16 -231.218
8913.31 -97.713 8983.38 -233.654
8924.11 -99.662 8993.3 -245.835
8933.45 -112.33 9003.52 -227.32
8944.55 -103.56 9013.45 -238.527
8952.72 -96.7386 9023.66 -250.221
8964.99 -125.486 9033.3 -237.065
8974.33 -102.098 9044.1 -235.603
8984.25 -100.637 9053.15 -225.371
8994.47 -117.69 9064.53 -230.731
9004.4 -109.894 9073.88 -227.32
9014.03 -97.713 9084.68 -232.193
9023.96 -98.6875 9093.43 -224.397
9033.88 -101.124 9103.65 -231.218
9044.98 -102.585 9113.87 -237.552
9053.44 -97.2258 9124.38 -218.55
9064.83 -102.585 9134.3 -233.167
9074.17 -92.8406 9144.22 -220.986
9083.51 -90.8916 9153.85 -246.81
9093.43 -88.4554 9164.07 -241.45
9103.94 -95.7641 9174.29 -236.091
9114.45 -89.4299 9184.5 -266.787
9124.38 -72.3763 9193.84 -255.58
9133.72 -74.8125 9204.93 -264.838
9144.22 -95.7641 9214.27 -274.583
9154.44 -83.0957 9223.9 -272.147
9164.65 -72.8636 9233.83 -258.504
9174.58 -85.0447 9243.46 -271.172
9185.09 -89.4299 9254.84 -281.404
9194.43 -91.8661 9264.76 -275.07
9204.06 -110.381 9274.39 -295.534
9214.56 -79.685 9285.19 -266.787
9223.9 -98.6875 9294.82 -287.251
9234.41 -89.9171 9304.16 -273.121
9244.33 -105.022 9314.08 -274.583
9254.84 -110.381 9324.29 -272.634
9264.47 -91.3789 9334.22 -286.764
9274.68 -94.3023 9343.84 -266.3
9285.19 -110.869 9353.48 -253.631
9294.53 -99.662 9363.98 -274.096
9305.03 -105.022 9375.65 -261.427
9314.95 -106.971 9384.99 -265.325
9324.88 -81.634 9394.33 -276.532
9334.51 -87.9682 9404.54 -260.94
9344.43 -92.8406 9415.63 -263.864
9356.1 -77.736 9424.68 -274.096
9365.44 -82.1212 9435.18 -266.787
9375.94 -71.8891 9445.39 -270.685
9385.57 -72.3763 9455.02 -269.71
9395.2 -70.9146 9464.94 -267.761
9404.83 -81.634 9475.74 -275.557
9415.04 -82.1212 9484.49 -269.71
9424.97 -79.685 9495.87 -258.017
9435.18 -85.5319 9505.2 -268.736
9445.68 -90.8916 9515.71 -258.504
9455.31 -85.5319 9526.21 -277.019
9464.94 -83.583 9535.25 -288.226
9476.03 -84.0702 9544.88 -288.226
9485.36 -88.9426 9555.39 -286.764
9494.7 -86.0192 9565.31 -286.764
9504.33 -78.2233 9575.52 -306.741
9516 -105.509 9585.73 -307.228
9525.63 -100.637 9596.52 -301.381
9534.67 -112.818 9604.98 -304.792
9544.88 -93.8151 9615.48 -287.739
9555.09 -84.5574 9624.82 -305.279
9565.89 -86.9937 9635.61 -304.792
9574.93 -73.8381 9645.53 -313.563
9585.14 -77.2488 9656.03 -315.024
9596.23 -90.4044 9666.25 -308.203
9605.27 -77.2488 9675.29 -313.075
9614.9 -67.9911 9685.79 -322.333
9625.11 -57.759 9696 -318.435
9636.49 -56.2972 9705.34 -329.642
9644.95 -52.3993 9715.55 -309.665
9656.03 -60.1952 9725.46 -329.154
9665.66 -39.2437 9736.55 -327.205
9675.29 -54.8355 9745.88 -331.591
9685.21 -29.0115 9755.51 -324.282
9695.42 -34.3712 9765.14 -322.333
9705.34 -19.7539 9776.22 -348.157
9715.55 -30.4733 9787.01 -350.106
9726.04 -25.1136 9796.35 -332.565
9736.55 -18.2922 9805.97 -346.208
9744.13 -2.70032 9816.48 -341.335
9755.51 -9.0345 9826.1 -338.899
9765.72 10.9425 9836.89 -345.721
9775.93 4.12111 9846.23 -349.131
9786.14 -9.0345 9855.85 -335.001
9795.18 2.65938 9866.35 -336.95
9805.68 -9.52174 9876.27 -340.361
9816.48 7.04458 9886.19 -329.154
9825.23 -4.16205 9895.52 -335.001
9835.14 19.2257 9906.9 -366.672
9846.23 15.815 9916.23 -360.825
9855.85 26.5344 9927.02 -337.925
9865.77 32.8686 9936.65 -350.593
9875.69 31.4068 9945.98 -351.568
9885.31 39.69 9956.77 -355.953
9895.81 46.5114 9966.69 -367.647
9906.61 71.3609 9977.19 -372.519
9915.06 62.1032 9987.4 -372.032
9926.44 84.0293 9997.02 -392.496
9936.65 87.9272 10007.2 -390.547
9946.27 82.5675 10016.9 -397.856
9956.48 98.1593 10026.8 -409.55
9965.23 104.981 10036.4 -417.833
9976.61 115.7 10046.6 -425.142
9985.94 119.598 10057.1 -426.116
9995.86 136.652 10066.4 -413.448
10006.3 136.164 10076.9 -418.32
10015.1 140.062 10086.3 -413.935
10026.5 146.397 10097.6 -418.32
10035.8 148.346 10107.6 -411.986
10046 154.193 10116.9 -413.448
10055.4 154.68 10127.4 -393.958
10066.7 143.96 10137.6 -397.369
10075.8 152.731 10148.4 -391.522
10087.1 155.654 10157.1 -381.29
10095.9 171.733 10167.1 -387.624
10106.1 164.425 10177.3 -387.136
10115.4 190.736 10188.1 -382.751
10126.5 173.682 10197.7 -373.006
10136.4 189.274 10207.3 -371.545
10146.6 195.608 10218.1 -375.93
10156 217.534 10226.8 -381.777
10166.8 214.124 10237 -388.598
10175.5 223.868 10247.8 -376.417
10185.7 244.82 10257.5 -384.213
10196.5 254.565 10268.3 -396.394
10205.8 250.667 10277.6 -390.547
10216.3 269.182 10288.1 -387.624
10227.1 279.414 10297.4 -404.19
10236.5 281.363 10306.8 -411.986
10247 306.213 10318.4 -399.318
10256 309.624 10328 -398.83
10266.8 296.468 10338.5 -403.216
10276.4 306.7 10348.2 -406.626
10286 299.879 10357.5 -390.06
10296.3 330.088 10368.6 -392.983
10307.1 311.085 10378.5 -378.366
10315.8 320.83 10388.4 -359.364
10326.6 345.192 10397.8 -365.698
10336.8 317.907 10407.7 -364.723
10346.1 329.601 10418.8 -355.466
10356.6 330.088 10428.4 -336.95
10366.5 349.09 10438.6 -335.001
10375.9 363.221 10448.8 -327.205
10387.3 365.17 10458.4 -324.769
10396.3 363.708 10468.6 -316.486
10406.8 379.787 10478.2 -314.05
10416.4 394.404 10488.7 -312.588
10426.6 409.996 10498.1 -327.205
10436.8 414.381 10508.6 -320.871
10446.7 437.282 10518.8 -316.973
10456.7 436.307 10528.4 -326.231
10467.2 437.769 10538.3 -330.129
10476.8 457.259 10548.8 -350.106
10486.4 474.8 10558.7 -345.233
10496.9 476.749 10568.4 -341.335
10507.1 497.213 10579.7 -347.182
10517 476.261 10589.4 -342.31
10526.9 484.544 10599 -330.616
10536.6 505.496 10608.3 -321.846
10545.6 505.983 10618.5 -315.511
10557 519.626 10627.9 -309.177
10566.9 522.062 10638.4 -311.614
10577.7 519.139 10649.2 -281.404
10586.7 513.292 10659.6 -276.045
10596.6 528.884 10668.4 -267.761
10606.9 534.731 10679.5 -249.733
10616.8 540.09 10688.5 -249.246
10626.4 526.448 10699.3 -240.476
10637.8 551.784 10709.8 -229.269
10647.7 555.195 10719.4 -229.756
10657 561.042 10729.4 -218.062
10666.7 567.376 10740.1 -215.139
10677.4 562.016 10749.2 -209.779
10686.5 598.56 10758.8 -216.601
10697 596.124 10769.3 -228.782
10706.9 618.05 10779.2 -230.731
10716.2 626.82 10789.7 -229.269
10727.3 624.871 10799.9 -223.422
10736.9 650.208 10809.6 -221.96
10747.1 657.516 10819.8 -224.397
10756.2 675.544 10830.3 -236.091
10767 685.289 10839.6 -232.68
10777.5 700.881 10850.1 -223.909
10786.8 703.805 10859.4 -214.652
10797.9 717.935 10870.5 -208.805
10806.9 718.909 10879.3 -200.522
10817.1 735.475 10890.1 -186.392
10827.1 736.45 10900 -179.57
10837 733.039 10909.6 -162.517
10848.1 742.297 10920.7 -153.259
10856.5 752.042 10929.7 -143.027
10867.3 753.991 10940.2 -131.333
10877.5 749.118 10950.7 -112.818
10887.1 743.759 10959.5 -111.356
10897.1 757.402 10970.3 -97.2258
10907.3 772.506 10980.5 -81.1467
10916.6 771.044 10991 -74.3253
10926.5 774.942 11000 -86.0192
10937 771.044 11011.1 -67.9911
10947.5 804.177 11019.9 -74.8125
10957.2 797.356 11029.2 -84.0702
10967.4 814.896 11039.7 -95.2768
10976.7 829.027 11049.9 -69.9401
10988.1 842.669 11060.7 -69.9401
10997.1 864.108 11070.9 -86.9937
11008.5 870.93 11081.1 -95.7641
11017.5 880.187 11089.9 -89.9171
11027.5 888.47 11100.7 -85.5319
11037.7 916.731 11111.8 -84.5574
11047 920.629 11121.4 -78.2233
11057.2 932.81 11130.7 -57.2717
11067.4 944.991 11140.9 -60.1952
11076.8 955.71 11150.3 -47.0396
11087.6 964.481 11161.4 -25.6008
11097.2 971.789 11171 -10.009
11106.8 986.894 11181.5 -6.59828
11117.3 982.021 11190.8 6.55733
11127.5 1000.54 11201.3 28.4833
11138 1007.85 11211.3 30.9196
11147.1 1001.51 11221.5 48.9476
11157 1006.38 11231.7 60.6415
11166.6 1028.31 11241.9 75.7461
11176.8 1040.49 11251.5 79.1568
11187.9 1044.39 11261.4 63.565
11197.5 1048.29 11270.8 35.792
11207.8 1065.34 11281.6 55.7691
11217.7 1079.47 11291.5 52.3583
11226.7 1085.8 11302.6 56.7435
11237.2 1105.29 11310.8 42.6134
11248 1096.52 11321.8 34.3303
11257.4 1115.04 11331.5 40.6645
11266.7 1135.5 11341.7 38.2282
11277.2 1148.17 11352.5 42.6134
11288.3 1147.68 11361.8 38.2282
11297.6 1169.12 11371.4 32.3813
11307.5 1183.74 11382.5 55.2818
11316.9 1214.44 11391.6 58.2053
11327.7 1202.74 11402.4 79.644
11338.2 1210.05 11411.7 89.8762
11348.1 1224.18 11421.9 112.289
11357.4 1236.85 11431.3 127.394
11367.1 1252.44 11442.3 143.473
11377.6 1277.29 11452.9 170.272
11387.8 1271.93 11462.5 183.427
11398.3 1278.75 11472.7 190.249
11407.6 1290.93 11482.9 210.226
11417.8 1298.73 11492.3 211.687
11426.9 1315.78 11502.5 235.075
11437.7 1320.66 11513.3 236.05
11448.2 1332.84 11522.3 231.664
11457.5 1341.61 11532.8 260.412
11467.1 1354.28 11543 229.228
11477.1 1365 11552.1 245.307
11487.9 1385.95 11562.6 244.82
11498.1 1410.8 11572.8 244.82
11507.4 1409.82 11583.3 243.358
11518.2 1425.9 11592.9 247.256
11527.9 1445.39 11603.2 238.486
11538.1 1460.98 11613.1 258.463
11547.1 1465.86 11623.6 239.46
11557.3 1478.52 11633.2 252.616
11567.8 1502.4 11642.8 260.412
11577.8 1508.25 11652.8 271.618
11588 1538.45 11663.6 284.774
11597.6 1553.56 11673.5 292.57
11607.2 1543.81 11683.4 310.598
11617.2 1561.36 11692.5 336.909
11628 1574.02 11703.3 370.529
11638.8 1565.74 11714.1 370.529
11647.2 1579.38 11723.1 391.481
11657.5 1593.03 11735.4 420.228
11667.7 1593.03 11742.4 439.718
11677.3 1613.98 11752.9 448.001
11687.5 1627.62 11764 470.902
11696.9 1630.06 11773.3 487.955
11707.4 1635.9 11784.4 486.006
11717.3 1638.83 11794.4 500.136
11726.9 1659.78 11803.7 498.187
11737.7 1673.91 11815.1 491.366
11747.9 1659.78 11824.7 486.981
11758.2 1678.29 11834.6 497.7
11767.5 1712.4 11842.8 498.675
11777.7 1706.07 11854.5 502.085
11787.9 1713.38 11864.7 508.907
11797.9 1722.15 11874.6 508.42
11807.5 1754.79 11885.2 507.932
11818.6 1768.92 11893.6 527.909
11828.2 1785.49 11904.7 534.731
11837.6 1822.03 11913.5 521.088
11848.4 1814.24 11924.3 561.529
11858.3 1841.52 11934.8 566.402
11867.9 1845.42 11943.5 578.583
11878.1 1864.42 11954.9 608.305
11887.5 1877.09 11964.3 632.667
11898.3 1894.14 11974.8 652.157
11907.9 1908.27 11984.7 668.723
11917.6 1917.53 11994.4 705.266
11928.7 1927.76 12006 715.498
11937.1 1942.38 12014.8 734.501
11948.2 1960.41 12025.3 761.3
11957.6 1972.1 12035.5 774.455
11968.7 1983.31 12045.2 790.534
11978.3 1976.98 12055.4 791.996
11987.1 1999.88 12065.3 799.305
11997.6 2004.75 12075.8 795.894
12007.8 2002.31 12084.9 812.46
12018.3 2016.93 12095.4 836.335
12027.7 2041.78 12105.9 829.514
12038.5 2044.22 12116.1 833.899
12048.4 2050.55 12125.8 830.488
12057.4 2072.96 12136 840.72
12068 2073.45 12146.2 847.542
12077.6 2086.61 12156.2 867.519
12088.1 2094.89 12165.8 873.366
12097.2 2130.94 12176.3 876.777
12107.1 2144.59 12186.8 883.598
12118.2 2163.59 12196.2 908.935
12128.1 2164.56 12205.8 915.269
12138 2181.62 12216.6 939.144
12148.3 2206.47 12225.4 965.455
12157.9 2225.96 12235.3 977.636
12168.4 2241.06 12246.7 993.228
12177.8 2251.78 12255.8 1011.26
12188 2279.55 12267.2 1048.29
12197.9 2285.89 12276.2 1056.08
12208.2 2291.74 12286.5 1080.93
12218.1 2321.46 12296.7 1098.96
12228.9 2331.69 12306.6 1112.6
12238.2 2331.2 12316.3 1125.27
12247.3 2334.13 12326.8 1138.91
12257.5 2358.49 12338.2 1167.17
12268.6 2359.95 12347.2 1170.1
12278.9 2380.9 12357.4 1188.13
12288.5 2390.65 12367.4 1185.2
12298.1 2403.31 12377 1207.62
12307.8 2427.68 12387.8 1225.64
12318 2413.55 12397.8 1223.69
12327.9 2432.55 12407.7 1239.77
12337 2441.81 12417.6 1246.6
12347.5 2455.45 12427.3 1264.14
12357.7 2469.09 12437.5 1276.32
12368.3 2488.1 12447.4 1297.27
12378.8 2501.74 12457.7 1291.91
12389 2513.43 12467.6 1326.99
12397.5 2525.13 12478.1 1345.02
12407.7 2551.44 12488.4 1366.94
12417.9 2581.16 12497.1 1381.56
12428.1 2582.62 12508.5 1408.85
12437.5 2591.88 12518.2 1430.77
12448.6 2611.37 12527.5 1446.85
12458.6 2629.88 12538.3 1471.22
12468.8 2657.17 12548 1495.09
12478.4 2661.07 12559.4 1524.81
12487.5 2670.81 12567.9 1540.4
12498.3 2676.17 12578.4 1544.3
12506.8 2691.28 12588 1570.61
12518.4 2722.95 12599.4 1590.59
12528.1 2720.51 12609.3 1595.95
12538 2727.82 12619 1609.11
12548.3 2737.56 12628.9 1626.65
12557.6 2743.41 12638.9 1641.75
12568.1 2762.41 12648.8 1655.88
12578.1 2769.24 12659 1654.91
12588.6 2794.08 12669.6 1689.5
12598.5 2815.04 12679.8 1697.78
12608.5 2840.37 12689.1 1712.89
12619 2841.83 12700 1738.71
12627.8 2861.32 12709.6 1744.07
12638 2886.17 12720.4 1766.97
12648.5 2892.51 12730.4 1775.26
12658.5 2898.84 12740.3 1808.39
12667.8 2913.95 12749.7 1845.42
12678.1 2934.41 12759.9 1868.81
12688.3 2956.34 12770.1 1888.3
12698.8 2947.57 12780.7 1907.79
12707 2971.44 12790.3 1935.07
12718.4 2990.44 12800.8 1958.46
12727.7 3001.16 12810.5 1993.05
12738.3 3029.42 12821 2024.24
12747.9 3040.14 12830.4 2053.47
12758.2 3050.86 12841.5 2056.4
12768.4 3076.69 12851.4 2080.76
12778 3085.94 12862 2097.32
12788.3 3100.56 12871.9 2130.94
12797.9 3113.72 12881.5 2167.49
12807.9 3126.39 12892.6 2184.05
12818.7 3129.31 12902.6 2214.26
12827.7 3150.26 12912.8 2216.7
12838.9 3151.72 12923.1 2270.3
12848.8 3171.21 12933.9 2290.27
12858.4 3187.78 12944.4 2310.74
12868.4 3164.88 12954.1 2340.46
12877.4 3109.82 12964.3 2361.9
12887.4 3014.81 12974.2 2393.57
12897.9 2938.31 12983 2423.78
12907.9 2880.81 12991.2 2468.12
12918.1 2824.29 12995.9 2486.63
12927.7 2766.8 12995.6 2520.74
12937.7 2722.46 12988 2556.31
12947 2694.2 12978.6 2590.9
12958.2 2638.65 12968.4 2606.98
