8010.35 -300.407 8031.71 -283.353
8009.48 -256.555 8042.23 -303.818
8005.97 -248.759 8051.59 -294.56
8004.21 -248.272 8060.37 -280.917
8007.72 -246.323 8071.48 -273.121
8014.74 -240.963 8080.84 -258.504
8021.18 -249.246 8090.78 -267.761
8030.83 -235.603 8101.31 -271.172
8039.89 -233.167 8111.25 -275.07
8049.55 -247.784 8121.48 -288.713
8060.07 -232.68 8131.14 -296.509
8069.14 -239.501 8142.54 -311.614
8079.96 -236.578 8151.89 -321.358
8090.19 -240.963 8161.25 -319.897
8101.6 -225.858 8171.49 -316.486
8110.96 -246.323 8181.13 -309.665
8119.73 -240.476 8191.07 -321.846
8129.67 -228.782 8202.18 -324.282
8140.49 -229.269 8211.83 -327.693
8150.43 -239.014 8220.6 -322.82
8160.67 -239.501 8231.13 -327.693
8170.32 -242.912 8241.65 -336.95
8181.13 -239.989 8251.3 -327.693
8190.2 -227.807 8262.11 -317.46
8201.89 -235.116 8271.76 -320.384
8210.95 -237.552 8281.7 -316.486
8221.19 -235.603 8292.81 -320.871
8230.84 -240.963 8301.87 -320.871
8240.77 -242.425 8311.51 -312.101
8251.3 -232.68 8321.45 -300.894
8260.94 -228.295 8332.27 -318.435
8271.18 -237.065 8342.5 -308.203
8281.41 -228.295 8351.85 -303.33
8291.05 -237.552 8362.67 -322.82
8301.58 -223.909 8371.73 -306.741
8311.22 -216.114 8382.54 -330.616
8322.04 -231.705 8391.6 -314.05
8331.98 -216.601 8402.41 -323.307
8341.62 -213.19 8412.93 -319.897
8352.14 -220.011 8422.28 -325.744
8361.5 -222.935 8432.8 -315.511
8372.02 -225.858 8441.28 -338.412
8381.37 -223.909 8452.09 -338.899
8391.6 -214.652 8462.03 -327.693
8402.12 -221.473 8471.96 -324.282
8411.76 -218.062 8482.48 -323.307
8421.99 -220.986 8491.83 -324.769
8431.93 -216.601 8502.93 -322.333
8442.45 -228.782 8512.87 -326.231
8451.8 -215.139 8521.93 -332.078
8462.03 -213.19 8532.44 -315.999
8473.13 -228.782 8542.67 -326.718
8482.19 -209.779 8552.89 -305.279
8493.29 -201.009 8561.66 -310.152
8501.77 -202.471 8572.47 -326.231
8512.87 -194.188 8582.69 -335.001
8522.51 -203.932 8592.92 -333.052
8533.32 -197.111 8603.15 -328.18
8542.67 -199.06 8612.78 -333.54
8552.02 -206.369 8622.13 -330.129
8563.12 -193.7 8632.94 -333.052
8572.76 -191.264 8642.29 -331.591
8582.4 -208.318 8653.1 -337.437
8593.21 -195.162 8662.15 -333.54
8602.85 -199.547 8672.67 -328.18
8612.78 -193.213 8682.89 -314.05
8622.72 -184.443 8692.53 -325.744
8633.53 -189.315 8701.58 -322.82
8642.58 -192.726 8712.39 -330.129
8653.39 -183.468 8722.32 -342.31
8662.15 -188.828 8732.84 -322.82
8672.67 -185.904 8743.35 -326.231
8683.77 -193.213 8752.11 -322.82
8693.41 -184.443 8763.5 -344.259
8703.63 -174.698 8773.14 -330.129
8713.56 -178.596 8783.07 -330.129
8722.91 -184.93 8793.29 -336.463
8733.42 -177.621 8802.05 -344.259
8743.94 -177.134 8813.15 -341.335
8753.57 -172.262 8823.95 -330.616
8764.09 -170.8 8832.72 -334.514
8773.43 -188.828 8842.93 -346.208
8783.36 -162.517 8853.16 -334.514
8793 -179.083 8863.08 -342.31
8803.51 -174.698 8873.31 -334.514
8812.86 -177.621 8883.82 -332.078
8824.25 -190.29 8893.45 -339.386
8834.47 -176.159 8903.67 -341.823
8844.1 -178.108 8913.6 -342.31
8853.74 -173.236 8923.53 -331.103
8863.67 -191.751 8932.87 -337.925
8873.31 -161.542 8944.55 -334.027
8883.23 -169.338 8953.89 -338.899
8894.04 -172.262 8964.4 -321.358
8904.55 -189.802 8974.04 -330.129
8913.31 -183.955 8982.5 -327.205
8923.82 -179.083 8993.3 -345.233
8934.04 -174.21 9003.52 -335.001
8944.55 -178.108 9014.03 -354.978
8953.89 -177.134 9023.66 -347.182
8964.11 -179.083 9033.3 -347.67
8974.62 -173.236 9044.1 -339.874
8984.25 -180.545 9054.32 -336.463
8993.6 -168.364 9063.66 -325.256
9004.4 -178.108 9073.88 -330.129
9014.03 -178.108 9084.38 -336.95
9024.25 -170.8 9093.73 -328.667
9034.47 -166.415 9103.94 -341.823
9044.1 -189.802 9113.87 -329.154
9054.61 -183.468 9124.08 -337.925
9063.95 -186.879 9134.3 -334.027
9074.75 -190.29 9143.64 -328.667
9084.38 -190.29 9154.15 -326.718
9094.31 -178.596 9163.78 -335.489
9104.82 -187.853 9174.29 -341.823
9114.45 -197.111 9183.92 -332.078
9124.67 -191.751 9194.43 -325.256
9133.72 -182.494 9204.64 -329.642
9144.81 -180.545 9215.15 -334.514
9154.15 -188.341 9224.49 -334.514
9164.36 -184.93 9234.41 -344.259
9174 -183.955 9243.75 -338.412
9185.09 -190.777 9253.96 -345.233
9194.43 -182.494 9264.18 -344.746
9204.35 -192.239 9275.27 -337.925
9214.56 -207.343 9284.9 -342.797
9225.07 -190.29 9294.53 -345.233
9235.28 -207.83 9304.74 -350.106
9244.62 -200.522 9312.91 -351.568
9254.84 -199.06 9324.59 -334.027
9265.34 -201.009 9333.34 -332.565
9274.68 -211.728 9343.55 -345.233
9284.9 -197.111 9354.93 -334.027
9295.4 -202.958 9364.86 -339.386
9305.03 -205.394 9375.07 -336.463
9314.37 -213.19 9384.7 -337.437
9324.29 -212.216 9394.91 -337.437
9335.38 -215.626 9405.13 -347.67
9345.31 -205.394 9414.75 -331.591
9355.81 -206.369 9424.97 -358.389
9366.61 -190.777 9435.18 -352.055
9375.36 -212.703 9445.39 -360.825
9384.99 -215.139 9454.14 -360.825
9395.5 -219.037 9464.94 -338.412
9405.42 -228.295 9475.44 -352.542
9414.75 -215.139 9485.95 -373.494
9425.26 -217.088 9495.28 -374.955
9434.59 -229.269 9505.2 -354.978
9445.1 -235.116 9515.13 -352.542
9455.6 -217.575 9524.75 -350.593
9465.23 -216.114 9535.55 -368.134
9475.74 -231.705 9545.18 -359.364
9485.36 -227.807 9555.09 -359.364
9494.99 -211.728 9565.01 -355.953
9505.2 -226.346 9574.35 -365.21
9515.13 -222.448 9585.73 -348.157
9525.63 -228.782 9595.94 -366.185
9536.13 -224.397 9605.57 -354.004
9544.88 -220.986 9615.78 -362.774
9555.39 -229.269 9625.4 -352.055
9565.31 -224.397 9635.03 -364.236
9575.81 -231.705 9645.83 -354.004
9585.14 -221.96 9655.74 -362.287
9596.23 -222.935 9665.66 -362.287
9605.27 -227.807 9675.58 -359.364
9615.19 -233.167 9686.37 -365.21
9625.11 -220.011 9695.42 -369.108
9635.32 -222.935 9706.79 -372.032
9644.95 -236.091 9715.25 -382.751
9655.45 -222.448 9725.46 -386.649
9664.79 -221.96 9735.97 -392.496
9676.16 -221.96 9745.88 -409.55
9685.79 -217.088 9755.8 -392.983
9695.71 -224.397 9765.43 -400.779
9705.63 -214.165 9776.51 -407.601
9715.84 -202.958 9786.43 -406.626
9726.04 -210.754 9795.76 -406.626
9735.38 -207.83 9805.97 -404.19
9745.01 -195.162 9816.48 -421.731
9755.51 -197.111 9826.1 -421.244
9766.89 -195.162 9836.02 -412.473
9775.05 -201.009 9846.52 -418.32
9786.14 -183.955 9857.02 -419.782
9795.47 -184.93 9866.06 -430.989
9805.68 -169.338 9876.27 -452.427
9816.18 -171.774 9886.48 -443.657
9826.1 -161.542 9896.1 -452.427
9836.31 -171.287 9906.02 -454.376
9845.35 -137.667 9916.52 -448.042
9855.27 -160.568 9926.73 -456.812
9866.06 -143.027 9935.77 -450.966
9875.69 -144.489 9946.85 -461.685
9886.19 -127.435 9956.19 -458.274
9896.1 -117.203 9966.11 -467.532
9906.31 -97.2258 9976.31 -469.968
9915.35 -116.228 9986.82 -483.124
9926.73 -101.611 9997.02 -461.685
9936.65 -111.843 10006.9 -481.662
9945.69 -103.56 10016.9 -465.096
9955.61 -96.2513 10027.4 -478.251
9966.11 -86.9937 10036.1 -466.557
9976.61 -78.7105 10047.5 -465.096
9986.52 -82.1212 10057.1 -462.659
9995.56 -74.8125 10066.7 -473.379
10006.1 -50.9376 10077.5 -472.892
10016.3 -55.81 10086.6 -479.226
10026.8 -51.4248 10096.8 -481.175
10035.5 -28.5243 10107.6 -479.713
10046.3 -25.1136 10116.6 -473.866
10055.6 -29.986 10127.4 -467.532
10066.7 -6.11103 10136.1 -476.302
10075.8 -3.18756 10147.5 -477.764
10086.6 19.7129 10158 -473.379
10095.9 22.1492 10167.4 -473.379
10106.4 24.5854 10176.7 -480.2
10116.6 31.8941 10187.5 -474.841
10126.8 36.2793 10197.7 -478.251
10135.3 54.3073 10207.9 -480.2
10146.4 49.4349 10217.5 -479.713
10156.9 71.8481 10228 -472.892
10167.4 76.7206 10238.2 -478.251
10176.1 72.3354 10246.7 -482.149
10186.6 83.542 10258.1 -479.713
10196.2 89.8762 10267.4 -482.636
10205.8 104.494 10277.3 -487.996
10215.8 107.417 10287.8 -484.098
10226.5 102.545 10298 -471.917
10236.8 107.904 10308.5 -495.792
10247 115.7 10318.4 -497.254
10256 122.034 10326.9 -487.022
10266.8 135.677 10338.8 -494.818
10276.7 146.884 10348.5 -491.894
10285.8 171.246 10357.8 -464.121
10296.8 168.323 10367.7 -476.79
10305.9 180.016 10378.2 -479.226
10317 184.402 10388.7 -493.843
10326.3 197.07 10398.3 -490.92
10336.2 214.611 10408.3 -491.407
10346.7 220.945 10419 -487.996
10357.2 228.741 10427.8 -486.047
10367.1 240.922 10438.3 -490.92
10376.8 252.616 10447.9 -491.407
10387.5 256.027 10458.7 -474.353
10396.6 275.516 10467.7 -467.532
10405.3 274.055 10479.1 -459.249
10415.8 285.749 10489 -462.172
10426.9 290.621 10498.4 -449.017
10436.8 292.083 10508.6 -453.889
10446.5 293.545 10518.2 -440.246
10456.7 316.445 10528.1 -441.221
10466.9 323.266 10538.3 -436.348
10476.8 327.164 10549.7 -428.065
10486.7 331.062 10558.5 -428.552
10495.7 334.473 10568.4 -426.116
10506.8 339.833 10578.3 -419.295
10516.7 352.501 10588.8 -424.167
10526.4 352.988 10598.4 -406.626
10536.9 360.297 10608.9 -400.779
10545.9 360.784 10619.4 -404.19
10557 372.965 10628.4 -417.833
10567.2 399.764 10639.5 -417.833
10576.2 395.379 10649.4 -422.705
10586.4 399.277 10659.1 -430.014
10597.5 417.792 10669 -420.269
10606.9 418.279 10678.9 -413.935
10616.5 425.101 10688.8 -402.241
10627 455.797 10699.3 -399.318
10637.2 455.797 10708.9 -399.318
10648 468.465 10719.2 -405.164
10656.4 472.851 10729.1 -389.573
10666.9 499.649 10739.3 -392.009
10677.7 503.547 10750.1 -393.471
10686.2 510.368 10759.1 -381.29
10696.7 522.55 10769 -372.032
10707.8 527.909 10779.8 -369.596
10717.1 541.065 10790.6 -368.134
10727.3 538.629 10799.6 -356.44
10737.2 549.835 10809.6 -347.182
10747.4 549.348 10819.8 -353.029
10756.8 544.476 10829.7 -334.514
10767 560.067 10840.2 -325.744
10776.9 546.425 10850.7 -321.846
10786.5 555.195 10858.9 -319.897
10797.6 567.863 10870.5 -332.078
10806.9 547.886 10880.4 -317.46
10817.4 566.889 10890.1 -329.154
10826.8 582.968 10899.4 -323.795
10837.3 595.149 10910.5 -319.409
10846.9 588.815 10920.4 -318.435
10857.1 589.789 10929.7 -329.642
10867.9 609.279 10939.7 -315.511
10876.4 619.511 10950.2 -325.744
10887.7 638.514 10959.8 -304.792
10897.4 647.284 10970.3 -310.639
10907.6 645.822 10979.9 -305.767
10916.9 653.618 10990.1 -295.047
10926.8 683.828 11000.6 -289.688
10937.3 695.034 11011.7 -260.94
10947.5 688.7 11020.2 -264.838
10957.2 703.805 11031 -257.042
10968.3 712.088 11039.7 -236.091
10977.3 729.629 11050.5 -221.96
10987.2 741.322 11061 -218.55
10997.1 731.09 11070.6 -211.728
11006.2 753.016 11080.3 -211.241
11017 755.453 11091.9 -212.216
11027.8 748.144 11100.4 -197.598
11038.3 758.863 11110.6 -191.751
11047.3 771.044 11120.5 -194.188
11057.2 754.478 11131.6 -175.672
11066.8 756.427 11140.4 -175.185
11076.8 770.557 11150.9 -169.825
11087.6 764.223 11160.8 -165.44
11097.8 774.455 11171 -172.262
11107.7 778.84 11180.3 -161.542
11116.7 778.353 11190.8 -175.672
11127.5 811.486 11201.6 -170.8
11137.1 809.537 11211.3 -163.004
11147.4 815.871 11221.8 -156.182
11157.6 828.052 11230.8 -156.182
11166.9 823.18 11242.2 -144.976
11177.4 830.975 11252.1 -135.231
11187.6 850.953 11261.7 -125.973
11197.8 868.006 11271.4 -108.432
11207.8 865.57 11281.6 -105.022
11216.8 878.725 11291.2 -102.585
11227.3 892.856 11301.1 -83.583
11236.9 910.396 11311 -69.9401
11247.4 911.371 11320.7 -74.8125
11257.9 921.603 11330.9 -63.1187
11267.9 939.631 11342.3 -61.1697
11277.5 948.402 11351.9 -45.0906
11286.8 951.325 11362.4 -30.4733
11296.7 976.174 11372 -43.6289
11307 987.868 11382.2 -28.037
11317.2 988.843 11392.2 -12.9325
11327.7 995.664 11401.8 -22.1901
11337.6 999.075 11412.3 -24.1391
11347.8 1001.02 11423.1 -24.1391
11357.4 1016.62 11431.8 -17.8049
11367.6 1019.05 11442.9 -9.0345
11377.9 1017.59 11452 -7.57277
11386.6 1026.36 11462.2 0.710396
11398 1030.75 11471.8 -10.4962
11407 1049.26 11482.3 -6.11103
11418.1 1062.9 11492.5 2.65938
11428.1 1069.24 11502.5 12.4043
11437.4 1073.14 11513.3 9.96805
11448.2 1069.73 11522 31.8941
11457.2 1105.29 11532.2 44.5624
11467.1 1119.42 11543 46.0242
11477.4 1150.12 11552.4 63.0777
11487.6 1151.1 11562.3 67.4629
11498.1 1174 11572.5 72.3354
11507.7 1191.54 11582.7 84.0293
11517.6 1193 11593.8 103.032
11527 1217.85 11603.5 105.468
11537.5 1227.11 11613.4 136.164
11548 1231.98 11622.7 132.266
11557.9 1260.24 11632.9 128.369
11567.6 1268.03 11642.8 152.731
11578.1 1280.22 11653.4 156.629
11587.4 1280.22 11663.3 164.912
11597.6 1299.7 11673.8 164.425
11606.9 1325.04 11683.1 170.272
11618 1321.14 11693.6 186.838
11627.1 1320.66 11703.3 190.249
11638.2 1329.91 11712.9 198.532
11648.1 1334.79 11723.4 218.996
11656.9 1355.25 11734.5 201.455
11668.3 1362.56 11743.9 217.534
11677.3 1363.53 11753.5 218.022
11688.1 1373.77 11763.7 245.795
11697.2 1397.64 11773.9 247.744
11707.4 1410.8 11783.8 242.384
11717.9 1436.13 11794.4 264.31
11726.9 1422 11804 268.695
11738 1450.26 11813.9 292.083
11747.1 1468.78 11823.5 304.751
11758.2 1482.91 11834.4 315.471
11768.1 1490.7 11843.1 321.805
11777.4 1520.43 11855.1 340.32
11787.9 1530.66 11864.4 342.756
11799 1558.43 11874.9 358.348
11808.1 1580.85 11884.9 369.067
11818.3 1595.46 11894.2 382.223
11827.6 1604.23 11904.1 397.815
11837.9 1617.39 11914.4 402.687
11847.5 1629.08 11924 417.305
11858 1640.29 11934.2 436.794
11867.6 1651.01 11944.1 443.129
11877.6 1664.16 11955.2 449.95
11888.1 1677.81 11964.6 469.927
11897.4 1687.55 11974.8 488.442
11908.2 1668.06 11984.4 489.904
11917.9 1704.61 11994.7 498.187
11928.1 1714.35 12005.2 516.215
11937.7 1712.4 12014.8 542.039
11949.1 1719.71 12025.3 558.606
11958.4 1727.51 12035.8 565.427
11968.1 1743.1 12045.2 561.042
11977.7 1746.02 12055.4 562.991
11987.6 1768.92 12065.6 587.353
11999 1793.28 12075.8 603.432
12007.2 1808.88 12085.5 598.072
12017.4 1822.52 12094.8 612.69
12028.8 1841.52 12105.9 625.845
12037 1864.42 12114.7 645.822
12048.1 1883.91 12125.8 652.157
12057.7 1899.02 12135.1 670.672
12067.7 1902.91 12145.9 684.802
12077.3 1931.17 12155.6 699.419
12088.4 1945.3 12166.1 713.55
12097.8 1955.05 12175.7 732.065
12107.4 1969.67 12186.3 751.555
12117.3 1967.72 12196.8 755.453
12127.5 1994.03 12206.7 765.685
12138 2003.29 12216.3 785.174
12148.3 2010.6 12226.6 815.871
12157.6 2023.26 12236.5 814.409
12168.4 2023.75 12246.7 826.59
12177.8 2044.7 12255.8 851.927
12188 2062.73 12266.9 861.672
12197.1 2062.24 12276.8 871.904
12208.2 2075.4 12286.5 900.164
12218.4 2073.94 12296.7 900.652
12228 2101.71 12306.6 920.629
12238.5 2097.81 12316.5 942.555
12248.2 2117.79 12327.1 955.223
12258.1 2125.1 12337 963.993
12267.8 2139.23 12347.2 987.381
12278 2171.87 12357.2 994.69
12288.2 2172.85 12366.8 1005.41
12298.7 2199.65 12376.7 1026.85
12307.8 2223.03 12388.4 1032.69
12317.7 2237.65 12396.9 1048.77
12328.5 2244.96 12408 1077.03
12338.2 2261.53 12417 1092.14
12347.2 2284.91 12427.3 1108.7
12357.4 2316.58 12438.1 1118.94
12369.1 2324.38 12446.9 1138.43
12377.6 2322.92 12458.3 1163.76
12388.7 2329.74 12467.6 1161.81
12397.8 2357.03 12478.4 1195.43
12408.9 2363.85 12487.2 1208.1
12417.3 2386.75 12498 1224.67
12427.9 2395.03 12507.6 1243.18
12438.1 2402.34 12518.2 1257.8
12448 2407.7 12528.7 1273.88
12457.7 2412.57 12538 1306.04
12468.5 2425.73 12548.6 1336.25
12478.7 2439.86 12558.2 1356.71
12488.4 2441.81 12567.9 1362.07
12498.6 2451.06 12579.5 1383.51
12508.2 2465.68 12588.3 1382.05
12517.6 2484.2 12599.1 1417.62
12527.5 2490.04 12609.6 1422
12538 2508.56 12619.9 1434.67
12548.3 2529.02 12629.2 1460.98
12558.2 2542.18 12638.6 1484.86
12567.9 2557.28 12648.8 1477.06
12578.4 2575.31 12658.8 1494.6
12587.4 2596.26 12669.6 1524.32
12598 2606.01 12680.1 1531.15
12608.5 2634.76 12689.5 1554.05
12617.8 2642.55 12699.7 1571.59
12628.3 2656.19 12709 1595.46
12638 2662.04 12720.4 1610.08
12648.2 2697.12 12729.2 1630.06
12657.3 2702 12740.3 1660.75
12667.8 2711.74 12750.3 1682.68
12678.1 2723.43 12759.9 1694.86
12688 2733.67 12770.7 1737.74
12697.6 2759.49 12780.4 1725.56
12707.9 2749.26 12790.3 1750.41
12718.4 2754.62 12800.8 1773.79
12728 2776.54 12811.1 1806.44
12738.3 2779.47 12821.3 1822.03
12747.6 2781.42 12831.2 1855.16
12758.2 2801.88 12840.9 1868.81
12767.8 2799.93 12851.1 1895.12
12778 2827.7 12861.1 1914.61
12788.3 2838.91 12871.9 1930.2
12798.5 2858.89 12881.8 1945.79
12807.6 2866.68 12892.6 1965.28
12818.1 2888.61 12902 1993.54
12827.7 2912.97 12912.8 2014.49
12838 2922.23 12922.5 2035.93
12847.3 2945.62 12933.9 2060.78
12857.6 2961.7 12944.1 2082.71
12868.7 2935.39 12954.7 2117.79
12877.1 2894.46 12964 2148
12888.3 2834.53 12974 2176.75
12897.3 2724.41 12983.6 2203.06
12908.1 2668.86 12991.8 2235.7
12918.7 2626.96 12995.6 2264.94
12928 2561.18 12995.3 2325.84
12938.3 2528.54 12988.3 2357.03
12947 2485.66 12977.5 2366.77
12958.2 2440.83 12967.8 2407.7
