8009.77 -56.7845 8031.12 -8.54726
8009.18 -8.54726 8041.36 -4.6493
8005.67 -10.4962 8051.01 -8.06001
8004.5 0.710396 8060.66 7.53182
8007.43 -0.751338 8070.6 12.4043
8013.57 -6.11103 8080.55 12.8915
8022.35 -5.62379 8090.19 15.3277
8030.54 -11.4707 8101.6 26.5344
8040.48 -8.06001 8110.66 16.7895
8050.42 -10.4962 8122.36 1.68489
8059.78 -15.8559 8131.14 9.96805
8069.73 4.12111 8140.78 -14.3942
8079.38 -10.009 8151.6 -26.0881
8089.32 -3.18756 8161.84 -10.9835
8101.89 -11.4707 8172.07 -18.7794
8110.96 -4.6493 8181.13 -28.037
8120.02 1.19764 8191.37 -21.2156
8130.55 -3.67481 8201.31 -13.9069
8140.49 2.65938 8212.12 -23.6518
8151.02 3.63386 8222.36 -33.3967
8160.08 -1.72583 8231.42 -32.9095
8170.61 7.53182 8241.65 -32.9095
8180.84 -17.8049 8251.3 -16.8304
8190.49 -10.4962 8261.82 -22.1901
8201.01 4.12111 8272.05 -25.1136
8210.08 -8.54726 8281.41 -21.2156
8221.19 3.14662 8291.35 -49.9631
8231.13 -4.6493 8301.87 -33.884
8240.48 -14.3942 8312.39 -33.3967
8251.59 -12.4452 8321.45 -33.884
8261.53 -6.59828 8331.68 -37.7819
8271.47 -13.4197 8342.5 -31.935
8281.99 1.68489 8352.44 -10.009
8291.35 -6.11103 8361.79 -29.0115
8300.99 -5.62379 8371.73 -22.6774
8311.51 -2.21307 8381.95 -25.1136
8321.45 0.710396 8391.89 -46.0651
8330.51 -1.72583 8403 -31.4478
8341.62 -13.4197 8413.23 -35.833
8351.56 -9.0345 8422.28 -30.9605
8361.5 -10.009 8431.05 -28.5243
8372.02 0.710396 8441.57 -47.0396
8381.08 -2.21307 8452.38 -44.6034
8392.77 -3.18756 8462.9 -49.9631
8402.12 -2.70032 8472.84 -42.6544
8412.93 -1.23858 8482.48 -46.5524
8421.7 6.07009 8491.83 -43.6289
8432.22 13.3788 8502.06 -35.833
8441.86 11.4298 8512.28 -36.3202
8451.8 -4.6493 8521.34 -41.1927
8462.61 7.53182 8532.44 -40.7054
8472.84 1.19764 8542.96 -41.1927
8482.77 5.0956 8552.6 -47.5268
8493 8.99356 8563.41 -47.0396
8501.77 -1.72583 8572.47 -51.4248
8512.28 5.58284 8582.99 -49.4758
8521.34 4.12111 8592.92 -51.4248
8532.44 -8.54726 8602.56 -44.6034
8542.67 -1.23858 8612.2 -46.0651
8553.48 -4.6493 8623.01 -38.2692
8562.83 -7.57277 8632.65 -41.6799
8572.76 -6.11103 8642.29 -39.2437
8582.99 -11.958 8652.22 -40.2182
8592.34 -13.4197 8662.74 -37.2947
8602.27 -18.2922 8672.08 -47.0396
8612.49 5.0956 8682.31 -44.1161
8623.01 -7.57277 8692.24 -57.759
8633.23 -3.67481 8702.75 -33.3967
8642.87 -1.23858 8712.39 -51.912
8652.81 -9.0345 8723.49 -49.9631
8663.03 -6.11103 8732.84 -52.3993
8673.55 9.4808 8742.77 -51.4248
8683.48 -9.52174 8752.7 -36.8075
8693.99 -0.264094 8762.33 -41.6799
8703.34 6.07009 8773.72 -49.4758
8712.98 -5.62379 8783.07 -61.6569
8723.2 -0.264094 8793.58 -54.8355
8733.13 9.96805 8802.64 -60.1952
8742.18 5.58284 8812.56 -53.861
8753.28 -14.8814 8823.95 -61.1697
8762.92 11.4298 8833.3 -48.0141
8773.72 4.60835 8843.23 -53.861
8784.82 3.63386 8852.57 -43.1416
8793 -7.08552 8863.08 -52.3993
8802.93 -3.18756 8873.89 -56.7845
8813.44 2.17213 8883.82 -50.9376
8824.25 8.01907 8893.16 -49.9631
8833.01 11.4298 8902.8 -51.4248
8843.81 -3.18756 8913.6 -50.4503
8854.03 3.63386 8923.53 -54.8355
8864.25 3.63386 8933.75 -41.1927
8874.76 3.14662 8943.67 -50.9376
8884.11 -14.8814 8953.31 -57.759
8893.16 0.710396 8964.11 -55.3228
8903.38 1.19764 8973.45 -58.2462
8914.18 -6.59828 8983.09 -49.9631
8923.82 -9.0345 8993.89 -58.7335
8933.16 -6.11103 9003.52 -64.0932
8944.55 -11.4707 9013.74 -66.0421
8953.31 -6.11103 9023.66 -53.3738
8964.69 -3.67481 9033.59 -61.1697
8973.74 12.4043 9044.1 -48.9886
8983.96 -2.70032 9054.03 -59.2207
8994.47 -9.52174 9064.24 -61.6569
9003.81 -7.08552 9073.58 -72.3763
9014.03 -3.18756 9084.09 -49.9631
9023.96 -8.06001 9093.73 -51.4248
9034.17 2.17213 9103.94 -55.3228
9043.81 -2.21307 9114.45 -50.9376
9053.73 -6.59828 9124.38 -48.5013
9064.83 -16.8304 9134.3 -69.4529
9075.04 1.68489 9143.64 -51.912
9084.38 -10.009 9154.44 -60.6824
9094.02 -4.6493 9164.65 -59.708
9103.65 -21.7029 9173.7 -60.6824
9114.16 -17.3177 9184.79 -79.1977
9123.79 -8.54726 9194.13 -64.0932
9134.01 6.07009 9204.06 -60.6824
9144.81 -5.13654 9214.27 -66.5294
9154.15 -4.6493 9224.78 -50.4503
9164.95 -12.9325 9233.83 -62.6314
9174.58 -1.23858 9244.33 -64.5804
9185.09 -1.72583 9253.96 -61.1697
9195.01 9.96805 9265.05 -67.5039
9204.35 -10.009 9274.97 -64.0932
9214.85 -9.52174 9284.61 -72.8636
9224.49 -12.4452 9293.94 -67.0166
9234.99 1.68489 9304.74 -59.708
9244.62 -5.13654 9314.95 -73.8381
9253.96 -13.9069 9324 -60.6824
9265.34 1.19764 9333.63 -50.4503
9274.68 -6.59828 9344.43 -60.6824
9284.9 -5.62379 9353.48 -55.81
9294.53 -11.958 9364.27 -63.1187
9305.03 5.0956 9375.65 -72.3763
9315.54 -7.57277 9384.99 -67.0166
9324.59 -25.1136 9395.2 -76.2743
9335.09 1.68489 9405.13 -75.787
9345.31 -21.7029 9414.17 -67.9911
9355.81 -15.3687 9425.26 -62.6314
9365.15 -24.6263 9434.89 -75.2998
9375.94 -18.2922 9445.68 -59.708
9385.28 -7.57277 9454.73 -70.4273
9394.91 0.223151 9464.36 -76.2743
9405.71 -15.3687 9475.74 -55.81
9414.75 -14.8814 9484.78 -60.6824
9425.26 -22.6774 9494.99 -80.6595
9435.47 -8.54726 9504.62 -67.9911
9445.39 -30.9605 9514.83 -77.736
9455.31 -25.1136 9525.04 -64.0932
9464.36 -0.264094 9535.84 -67.5039
9475.15 -26.0881 9545.76 -75.2998
9485.95 -12.9325 9555.68 -57.2717
9495.87 -21.7029 9566.18 -82.1212
9504.62 -18.2922 9575.52 -67.5039
9514.83 -24.6263 9585.73 -75.787
9524.46 -23.1646 9595.94 -70.4273
9535.25 -17.3177 9605.57 -69.9401
9545.18 -15.8559 9616.36 -73.3508
9555.68 -9.52174 9625.11 -70.9146
9565.89 -20.7284 9635.32 -75.787
9575.81 -29.986 9645.53 -67.0166
9585.44 -13.9069 9654.87 -70.4273
9595.94 -23.6518 9665.66 -77.736
9605.86 -21.7029 9675.58 -85.0447
9615.48 -16.3432 9686.37 -77.2488
9625.99 -30.9605 9695.13 -81.634
9635.03 -9.52174 9705.63 -76.7615
9645.53 -17.3177 9716.71 -80.6595
9654.58 -15.3687 9726.34 -78.7105
9665.37 -24.6263 9736.26 -69.9401
9676.16 -22.6774 9745.88 -67.5039
9684.63 -23.1646 9755.8 -69.4529
9695.13 -25.6008 9765.14 -63.6059
9705.34 -19.7539 9775.64 -71.4018
9716.42 -10.4962 9787.31 -66.5294
9725.17 -25.6008 9795.47 -70.4273
9735.38 -14.3942 9806.56 -73.3508
9745.3 -3.67481 9816.48 -73.3508
9756.09 -18.7794 9825.81 -89.9171
9765.43 -8.06001 9835.73 -70.4273
9775.34 -9.52174 9845.94 -91.3789
9786.72 -15.8559 9855.56 -82.6085
9796.35 -10.4962 9867.52 -69.9401
9805.68 -25.1136 9876.56 -62.1442
9815.6 -16.3432 9887.06 -68.9656
9825.52 -16.8304 9896.1 -81.634
9836.02 -27.0626 9906.61 -89.4299
9845.94 -20.7284 9916.23 -86.9937
9856.44 -35.833 9926.44 -84.0702
9865.77 -25.1136 9936.65 -57.759
9875.4 -20.7284 9947.44 -83.0957
9885.89 -24.1391 9957.36 -79.1977
9895.52 -17.8049 9966.69 -77.2488
9906.02 -35.3457 9976.61 -83.583
9915.94 -39.7309 9986.82 -92.3534
9925.86 -18.2922 9996.73 -79.685
9936.06 -33.3967 10007.2 -76.2743
9945.98 -16.8304 10016.3 -73.3508
9955.9 -16.3432 10026.5 -65.5549
9965.81 -29.0115 10036.4 -67.9911
9976.61 -15.8559 10047.5 -78.2233
9986.52 -16.3432 10056.2 -74.3253
9996.44 -13.9069 10066.4 -58.2462
10006.3 -7.08552 10076.6 -70.9146
10015.1 -12.9325 10087.7 -62.1442
10026.2 -10.9835 10097.1 -70.4273
10036.1 -17.3177 10107 -69.4529
10046.3 -4.6493 10117.2 -71.4018
10055.6 -8.54726 10127.7 -95.2768
10066.4 -0.751338 10136.7 -77.736
10076.9 -9.52174 10148.1 -87.9682
10087.1 -4.6493 10157.7 -92.3534
10096.5 -17.3177 10167.4 -85.5319
10106.1 -6.59828 10177 -98.6875
10115.7 1.19764 10187.5 -104.534
10126.8 -0.264094 10196.5 -106.483
10134.4 -5.62379 10207.9 -94.7896
10146.4 6.07009 10218.4 -106.483
10156.3 10.9425 10227.7 -107.945
10166.5 16.7895 10237.6 -99.1748
10176.4 33.3558 10247.8 -105.022
10187.2 43.1007 10256.9 -105.509
10196.8 59.1798 10267.7 -88.4554
10206.4 66.0012 10277.6 -103.073
10216.3 86.9527 10288.4 -102.585
10226.3 89.389 10298 -97.2258
10235.6 114.238 10307.6 -90.8916
10247.3 135.677 10317.3 -85.0447
10256.6 146.397 10327.8 -101.124
10266.5 159.552 10338 -94.7896
10275.6 176.606 10348.2 -93.8151
10286.3 184.402 10358.1 -109.407
10297.1 200.968 10368 -187.366
10305.9 216.56 10378.8 -249.733
10316.4 245.307 10388.1 -254.119
10326.9 264.31 10398.3 -276.532
10336.2 274.055 10408.3 -282.379
10345.8 279.902 10419 -279.943
10356.6 298.417 10427.8 -265.813
10366.8 310.598 10437.7 -262.889
10376.5 314.983 10448.2 -255.093
10387.3 327.164 10458.1 -242.425
10396.9 341.295 10468 -243.886
10407.7 346.167 10478.5 -230.731
10416.1 371.504 10488.5 -244.861
10426 381.249 10498.7 -213.19
10437.4 378.812 10508.6 -203.932
10446.5 379.3 10518.8 -211.241
10457.2 404.636 10528.7 -209.779
10466.6 418.279 10538 -178.596
10477.4 428.024 10549.1 -196.624
10486.7 435.333 10558.5 -195.162
10496.6 447.514 10568.6 -185.417
10506.2 453.361 10579.1 -161.542
10516.7 473.338 10588.2 -150.823
10526.1 470.414 10598.4 -144.001
10536.9 482.108 10608.6 -144.489
10547.1 503.547 10618.8 -131.333
10556.1 518.164 10628.7 -144.001
10566.6 530.833 10638.6 -134.256
10576.8 535.218 10649.7 -112.33
10587 556.169 10659.1 -117.69
10596.9 569.812 10669.3 -105.022
10606.6 582.481 10679.5 -98.6875
10616.8 581.019 10688.8 -98.2003
10627.3 599.047 10699.3 -86.9937
10636.9 607.817 10708.6 -79.1977
10647.1 616.588 10718.6 -57.2717
10656.7 627.794 10729.4 -52.3993
10667.2 640.95 10739 -58.7335
10677.4 651.669 10749.2 -50.9376
10686.8 657.516 10760 -28.037
10697 680.904 10769.6 -37.2947
10706.3 681.879 10779.8 -21.2156
10717.4 689.187 10789.7 -0.751338
10727.3 700.881 10799.1 23.6109
10736.9 718.422 10809.6 17.764
10747.4 739.373 10819.8 37.2538
10756.5 734.988 10830 55.2818
10767.3 765.198 10839.6 75.2588
10776.3 780.302 10849.8 85.491
10786.5 786.636 10859.1 103.032
10797.6 803.203 10870.5 115.213
10806.9 799.305 10880.4 120.085
10816.6 828.539 10890.7 146.884
10827.6 856.312 10900.3 141.037
10836.1 865.083 10909.3 156.629
10847.2 861.185 10921 161.014
10857.1 868.493 10929.4 180.991
10866.7 881.649 10940.2 180.991
10877 891.394 10950.2 197.557
10886.9 904.062 10959.8 193.659
10897.6 918.192 10970.6 211.2
10907.6 919.654 10979.6 201.455
10916.6 928.912 10991 202.917
10926.8 944.991 11000 204.866
10937 952.787 11010.5 218.022
10946.7 963.019 11020.2 237.511
10957.2 980.072 11030.7 236.05
10967.1 989.817 11041.2 255.052
10977 997.613 11050.8 260.412
10987.5 1013.21 11060.7 275.516
10997.4 1017.1 11070.3 293.545
11007.9 1041.95 11081.4 279.902
11017.8 1048.77 11090.5 305.238
11026.9 1066.31 11100.7 311.085
11038.3 1076.06 11110.9 322.779
11047.6 1089.7 11119.9 337.397
11057.2 1106.27 11131 333.499
11066.5 1121.86 11141.2 349.09
11077 1144.76 11151.5 379.3
11087.9 1148.17 11161.7 372.965
11098.1 1161.81 11171 368.58
11107.4 1172.53 11180.3 381.736
11117.3 1196.9 11191.1 392.455
11126.9 1209.56 11201.6 398.302
11136.6 1215.41 11211.6 403.662
11147.1 1228.08 11221.5 393.917
11157.6 1231 11231.1 394.891
11167.5 1238.8 11241.9 408.047
11177.1 1260.73 11250.6 419.741
11187.6 1259.75 11260.9 434.358
11197.8 1282.65 11271.4 435.82
11207.8 1292.88 11281.3 444.103
11217.7 1298.24 11291.5 448.488
11227.9 1296.29 11302.3 452.874
11237.5 1302.63 11310.5 482.595
11247.4 1326.99 11322.1 489.417
11257.6 1344.53 11331.5 495.264
11267.6 1352.33 11341.4 504.034
11278.9 1363.53 11352.8 522.55
11287.7 1365.48 11361.5 520.601
11297.6 1390.82 11372.3 526.935
11307.5 1411.28 11381.6 543.014
11317.5 1436.62 11392.2 550.323
11327.4 1446.37 11402.4 560.067
11337.9 1459.03 11411.1 552.271
11347.5 1460.5 11422.5 569.812
11357.4 1479.5 11431.8 549.348
11367.6 1498.01 11442.6 531.32
11377.9 1519.94 11452.9 524.011
11388.4 1527.74 11462.5 514.266
11398 1536.02 11471.8 532.294
11407.6 1558.92 11482 562.016
11417.8 1559.89 11492.8 553.733
11426.3 1571.1 11502.2 579.07
11438 1581.33 11512.7 574.198
11447.9 1590.59 11523.2 580.044
11457.5 1607.64 11533.1 599.047
11467.7 1605.21 11542.7 599.534
11477.4 1618.85 11553 620.973
11488.8 1621.77 11562.6 626.333
11497.5 1633.47 11572.2 646.797
11506.9 1653.93 11582.4 652.644
11518.2 1663.19 11593.2 668.723
11526.7 1675.86 11603.2 687.238
11537.5 1683.65 11614 690.162
11547.4 1706.07 11623.3 700.881
11558.5 1734.33 11632.9 709.164
11567.3 1721.66 11643.4 741.81
11578.1 1740.66 11653.4 725.243
11588.3 1748.94 11663.3 763.736
11597.6 1772.82 11672.9 783.226
11606.9 1793.28 11683.1 788.098
11617.8 1812.77 11693.6 816.358
11628 1817.16 11703 817.333
11637.6 1813.26 11713.5 822.692
11647.5 1842.98 11723.4 847.542
11658 1862.47 11733.6 854.363
11667.7 1875.14 11743.6 848.516
11677.9 1878.55 11754.1 863.134
11689 1904.86 11764.6 871.417
11698 1915.1 11773.9 872.879
11707.7 1923.38 11783.6 899.19
11717.6 1949.2 11793.8 894.805
11726.9 1951.64 11804 920.141
11737.4 1972.1 11814.2 922.577
11747.9 1981.85 11825.3 928.912
11757.6 2000.36 11833.8 944.504
11767.8 2012.54 11843.4 962.044
11778 2016.93 11853.6 967.404
11787.1 2032.03 11863 988.356
11798.4 2038.37 11874.4 1002
11807.8 2051.52 11884.6 1012.23
11817.7 2061.27 11894.8 1021
11827.1 2081.25 11904.1 1047.31
11837.6 2095.38 11913.8 1059.01
11848.4 2092.45 11924 1075.09
11858.3 2121.69 11934.8 1082.88
11868.5 2125.1 11944.4 1110.65
11877.3 2151.41 11954.9 1124.3
11887.8 2158.72 11964.3 1140.86
11897.7 2183.08 11975.1 1152.56
11908.5 2191.85 11985.3 1177.41
11917.6 2202.08 11994.7 1180.33
11928.1 2221.57 12005.2 1175.46
11938.6 2226.93 12014.8 1196.41
11948.2 2252.27 12025.3 1206.15
11958.2 2279.55 12034.7 1210.54
11968.4 2283.45 12045.5 1209.08
11978.9 2286.38 12055.1 1240.75
11988.2 2311.71 12065 1223.69
11997.9 2332.66 12076.1 1257.31
12007.2 2342.41 12085.2 1255.85
12018 2349.23 12095.4 1263.16
12028 2373.11 12105.3 1282.16
12038.2 2385.77 12115 1297.27
12047.8 2411.11 12126.1 1304.09
12058 2430.6 12135.7 1328.45
12068.3 2441.81 12147.4 1350.87
12077 2462.27 12156.2 1367.43
12088.1 2486.15 12166.4 1384.49
12097.2 2501.25 12175.1 1391.79
12108.3 2503.2 12186.5 1403.49
12117.9 2530.97 12197.1 1421.52
12127.8 2540.23 12206.1 1427.85
12138.3 2555.33 12216 1450.26
12146.8 2571.9 12226.3 1479.01
12157.6 2589.44 12236.8 1500.94
12167.9 2613.8 12247 1510.68
12177.8 2618.68 12255.8 1512.63
12188.6 2630.86 12266.3 1548.69
12197.6 2625.01 12275.9 1550.64
12207.6 2653.27 12286.7 1577.92
12217.8 2670.81 12296.4 1579.87
12228.3 2693.71 12306.6 1610.57
12238.2 2682.02 12316.3 1608.13
12247.6 2702.48 12326.8 1622.75
12257.5 2713.69 12336.7 1632.98
12267.8 2738.54 12347.8 1650.52
12278 2761.93 12357.4 1656.86
12288.2 2780.44 12367.7 1675.86
12298.4 2789.21 12377 1696.81
12308.1 2819.42 12387.5 1698.76
12317.4 2830.14 12396.6 1703.63
12326.8 2851.09 12407.7 1719.71
12338.2 2876.43 12417 1739.2
12349 2894.94 12427 1756.25
12358.3 2899.33 12437.5 1772.82
12367.7 2931 12447.2 1786.46
12378.5 2945.62 12458.3 1797.18
12387.3 2964.62 12468.2 1828.85
12398.1 2989.96 12478.4 1827.39
12408.6 2991.42 12488.4 1847.37
12417.9 3016.27 12497.4 1869.29
12428.1 3009.93 12507.9 1888.78
12438.1 3039.17 12517.9 1907.3
12447.7 3049.4 12527.8 1923.38
12458 3046.48 12538.9 1933.61
12467.9 3064.02 12548.9 1958.46
12478.1 3078.64 12559.4 1968.69
12488.1 3086.43 12568.4 1984.77
12497.7 3097.15 12578.7 2015.47
12507.9 3104.46 12588.3 2023.75
12518.4 3131.26 12598.8 2045.19
12527.8 3127.36 12608.5 2072.48
12537.7 3147.34 12619.6 2084.66
12548.3 3162.93 12629.5 2103.66
12557.9 3187.78 12638.6 2124.12
12568.1 3218.96 12649.4 2140.69
12579 3231.63 12659.9 2163.59
12587.1 3254.04 12669.3 2185.52
12599.4 3261.84 12679.5 2196.24
12607.6 3289.13 12689.1 2207.44
12618.7 3306.18 12699.7 2241.06
12627.5 3339.8 12709 2243.5
12637.7 3345.65 12720.1 2272.73
12648.5 3376.83 12728.9 2313.17
12657 3391.93 12740 2325.36
12667.8 3423.12 12750 2335.1
12678.1 3422.63 12760.8 2341.43
12687.7 3455.76 12770.1 2368.72
12697.9 3466.48 12780.7 2397.47
12707.9 3468.43 12790.3 2425.73
12718.4 3477.69 12800.3 2443.27
12727.4 3486.95 12811.1 2458.37
12738 3505.46 12821.6 2487.12
12747.9 3520.08 12831.2 2520.74
12758.2 3530.8 12840.9 2537.79
12768.7 3539.08 12851.1 2551.44
12777.7 3548.83 12861.6 2582.13
12788 3555.16 12871.6 2604.55
12797.6 3580.99 12881 2640.12
12808.1 3599.01 12892.4 2660.09
12818.4 3608.76 12902 2690.79
12827.4 3607.3 12912.8 2715.64
12838 3644.33 12923.6 2759
12847.9 3651.15 12933 2786.29
12858.7 3663.33 12943.5 2817.96
12867.5 3652.12 12954.4 2858.4
12878 3602.42 12964.3 2884.71
12888.9 3535.67 12974 2898.36
12897.6 3468.43 12983.3 2924.67
12907.9 3407.04 12990.6 2969.01
12916.9 3355.39 12995.6 3010.42
12927.7 3318.36 12994.7 3045.99
12937.7 3267.2 12987.4 3106.9
12947.9 3221.89 12978.3 3119.56
12957.9 3186.32 12967.2 3150.26
