8009.48 0.710396 8030.83 -18.2922
8009.77 15.815 8041.65 -5.62379
8005.67 25.5599 8051.3 -23.1646
8004.8 32.3813 8061.24 -20.2411
8007.43 22.6364 8070.6 1.19764
8014.16 23.1237 8081.13 4.12111
8021.76 30.4323 8090.49 2.65938
8030.54 27.5089 8101.31 0.710396
8040.18 24.5854 8111.83 4.12111
8050.13 23.1237 8121.78 -10.9835
8059.49 15.815 8131.43 -6.11103
8068.55 28.9706 8142.25 -30.4733
8080.25 13.866 8152.48 -32.4223
8091.07 27.9961 8161.25 -29.4988
8101.31 17.2767 8171.49 -35.3457
8110.96 40.1772 8181.13 -32.4223
8120.61 26.5344 8191.37 -37.7819
8129.97 32.8686 8201.6 -45.0906
8140.49 12.8915 8211.83 -51.4248
8149.85 26.5344 8221.48 -57.2717
8161.54 37.2538 8230.84 -42.6544
8170.61 27.9961 8242.53 -57.759
8180.55 12.4043 8252.18 -46.5524
8190.78 26.5344 8262.11 -41.1927
8200.72 26.0471 8271.18 -48.0141
8210.95 37.2538 8281.41 -56.2972
8220.9 18.7385 8291.93 -57.759
8232 35.3048 8302.16 -59.2207
8241.36 12.4043 8312.68 -38.2692
8251.3 34.8175 8322.62 -48.5013
8260.94 24.0981 8333.15 -43.6289
8272.05 25.0726 8341.33 -45.0906
8282.28 28.9706 8352.14 -55.81
8290.47 31.4068 8362.08 -39.7309
8301.87 22.6364 8372.31 -41.6799
8311.81 19.2257 8381.95 -45.5779
8322.04 25.5599 8391.6 -49.9631
8331.98 18.2512 8402.12 -54.8355
8341.91 11.4298 8412.64 -39.7309
8352.44 27.9961 8421.7 -32.4223
8361.79 21.6619 8432.8 -44.1161
8371.73 34.8175 8441.57 -39.2437
8381.08 27.5089 8452.09 -42.6544
8392.18 30.9196 8461.15 -53.861
8401.83 37.2538 8472.84 -60.1952
8411.47 27.0216 8483.36 -48.0141
8423.45 30.9196 8492.41 -58.7335
8432.22 25.0726 8502.35 -46.0651
8443.32 24.0981 8512.28 -57.759
8452.38 16.7895 8522.8 -62.6314
8462.03 37.2538 8532.15 -67.0166
8472.25 22.1492 8542.38 -64.0932
8481.6 25.5599 8553.19 -59.2207
8492.71 18.2512 8563.12 -61.6569
8502.64 20.2002 8573.35 -60.6824
8512.58 27.9961 8582.69 -63.6059
8522.8 27.0216 8591.75 -60.6824
8532.44 28.4833 8601.98 -53.861
8542.09 31.8941 8612.49 -52.8865
8552.02 28.9706 8622.72 -54.8355
8562.83 33.843 8631.19 -50.9376
8572.47 28.4833 8643.46 -60.1952
8582.69 24.5854 8652.22 -42.6544
8594.09 25.5599 8662.44 -51.4248
8602.85 26.5344 8672.08 -48.9886
8613.37 21.6619 8682.31 -57.2717
8623.3 19.7129 8693.41 -69.9401
8632.94 27.0216 8702.46 -59.708
8642.87 14.8405 8711.81 -53.861
8653.1 25.5599 8723.78 -63.1187
8663.03 22.1492 8732.55 -61.1697
8672.96 24.0981 8743.94 -72.3763
8682.89 10.4553 8752.4 -54.8355
8694.28 22.6364 8762.63 -69.4529
8702.75 26.0471 8773.43 -69.9401
8713.56 17.2767 8782.78 -69.4529
8724.66 31.8941 8793 -79.1977
8733.13 22.1492 8803.22 -74.8125
8743.06 29.9451 8812.27 -354.978
8752.99 34.8175 8823.66 -726.746
8763.21 30.4323 8833.01 -777.419
8772.56 21.6619 8843.52 -1370.4
8783.65 18.2512 8852.86 -1361.63
8792.71 22.1492 8863.67 -1394.76
8803.22 25.5599 8873.31 -1365.52
8814.61 33.843 8883.52 -1379.65
8823.95 25.5599 8892.87 -1370.4
8834.76 20.6874 8903.38 -1379.65
8843.81 33.843 8913.31 -1366.5
8854.32 38.2282 8923.82 -1366.5
8863.96 34.8175 8933.16 -1352.86
8873.31 37.741 8943.96 -1339.21
8884.4 22.1492 8953.6 -1327.03
8893.45 26.5344 8964.11 -1325.08
8904.84 22.1492 8972.87 -1310.47
8913.31 28.9706 8983.38 -1303.16
8923.82 32.8686 8993.6 -1295.85
8933.75 19.7129 9004.1 -1262.72
8943.67 19.7129 9013.45 -1253.46
8953.89 20.6874 9023.37 -1242.74
8963.23 29.4578 9033.3 -1239.81
8974.04 30.9196 9044.1 -1238.35
8983.67 25.0726 9054.03 -1209.12
8994.47 12.8915 9063.66 -1200.35
9005.27 22.1492 9074.46 -1184.76
9013.74 27.5089 9084.09 -1178.42
9024.54 20.2002 9093.73 -1176.96
9033.3 33.843 9104.23 -1157.96
9044.1 26.0471 9114.16 -1156.01
9054.32 27.9961 9124.67 -1153.09
9065.12 33.3558 9134.01 -1146.75
9074.17 20.6874 9143.64 -1155.52
9084.38 31.8941 9154.44 -1125.31
9094.6 33.3558 9164.65 -1120.44
9103.94 35.3048 9174 -1104.36
9114.16 22.1492 9183.63 -1098.51
9124.38 30.4323 9194.13 -1092.18
9134.01 33.3558 9204.35 -1082.92
9145.68 28.4833 9213.98 -1080.97
9154.44 26.5344 9225.07 -1051.25
9164.07 8.99356 9233.24 -1042.48
9174.58 29.9451 9244.62 -1049.3
9184.79 24.5854 9254.55 -1027.86
9194.43 17.2767 9264.47 -1020.55
9204.93 33.3558 9275.56 -998.629
9214.56 30.4323 9283.73 -991.807
9224.78 21.6619 9295.11 -986.448
9234.41 24.0981 9304.74 -960.624
9245.21 23.6109 9314.37 -962.085
9254.55 33.843 9324.29 -980.601
9264.47 31.4068 9333.63 -955.751
9274.68 26.0471 9343.84 -950.391
9285.48 30.4323 9353.77 -944.544
9294.24 21.6619 9363.98 -940.159
9305.33 24.5854 9374.78 -917.746
9314.66 20.2002 9384.99 -923.593
9324.59 31.4068 9395.5 -927.978
9335.38 23.1237 9405.13 -922.618
9344.14 24.5854 9415.04 -897.282
9356.69 20.2002 9424.97 -889.486
9366.31 21.6619 9434.89 -886.562
9375.65 34.3303 9444.81 -859.277
9385.87 23.6109 9455.6 -854.404
9394.91 29.4578 9464.65 -840.761
9404.83 14.3532 9475.15 -831.504
9414.75 26.5344 9485.95 -825.657
9425.26 24.0981 9494.12 -824.195
9435.18 25.5599 9504.91 -808.603
9445.68 18.7385 9516 -815.912
9455.89 24.0981 9525.92 -783.754
9464.36 15.3277 9536.13 -759.391
9475.74 17.764 9544.3 -782.292
9485.65 13.3788 9555.09 -766.213
9495.58 24.0981 9565.31 -764.751
9505.49 28.4833 9575.52 -738.44
9514.83 24.0981 9585.44 -730.644
9525.04 17.2767 9595.06 -736.491
9535.55 8.01907 9605.57 -718.95
9544.88 27.9961 9615.48 -705.307
9555.68 16.3022 9625.99 -698.973
9565.01 30.9196 9635.32 -687.279
9575.52 27.0216 9645.83 -693.126
9584.85 42.1262 9655.74 -678.509
9595.36 22.6364 9665.66 -667.789
9604.98 27.9961 9676.45 -659.994
9615.19 28.4833 9686.37 -634.17
9625.4 35.792 9695.42 -634.657
9635.61 30.9196 9705.92 -628.323
9645.83 35.3048 9715.55 -599.088
9656.62 32.8686 9726.63 -611.269
9665.08 22.6364 9735.38 -597.626
9676.45 41.639 9746.47 -583.009
9685.5 29.9451 9755.8 -574.726
9695.71 13.3788 9766.3 -576.675
9704.75 26.0471 9776.22 -562.057
9715.55 18.2512 9786.14 -562.057
9726.04 21.1747 9795.47 -559.134
9735.97 35.792 9806.56 -553.774
9745.3 14.8405 9815.89 -542.568
9755.22 20.6874 9826.1 -514.795
9766.6 20.2002 9836.6 -517.718
9775.64 22.1492 9846.81 -517.718
9785.56 22.1492 9856.15 -509.922
9796.35 32.8686 9866.94 -505.05
9805.39 17.764 9876.56 -501.152
9816.18 27.9961 9886.48 -483.611
9825.23 28.4833 9895.81 -492.381
9835.73 22.1492 9906.02 -481.662
9847.1 17.2767 9915.65 -458.274
9855.85 24.0981 9927.02 -460.223
9865.77 25.5599 9936.36 -461.685
9875.4 39.2027 9947.44 -453.889
9886.19 36.7665 9957.06 -446.58
9895.81 32.8686 9967.27 -428.552
9905.44 35.792 9976.9 -425.629
9916.81 34.3303 9986.82 -424.167
9926.15 31.8941 9996.73 -410.524
9935.77 41.1517 10006.9 -429.04
9946.56 21.6619 10017.7 -507.486
9956.19 30.4323 10026.2 -508.46
9966.11 34.8175 10036.7 -494.818
9976.02 49.9221 10047.2 -487.022
9986.82 33.843 10056.5 -470.943
9995.86 28.4833 10066.7 -455.351
10006.3 43.5879 10076.4 -447.068
10015.4 40.6645 10088 -427.578
10025.9 32.3813 10096.8 -424.167
10036.7 41.639 10107.3 -418.32
10046.6 37.2538 10118.1 -417.346
10056.2 25.0726 10126.8 -401.267
10066.1 44.0752 10137 -393.471
10076.4 30.4323 10147.2 -394.932
10086.9 35.792 10157.4 -400.779
10095.3 29.4578 10167.4 -395.907
10106.4 30.9196 10177.5 -411.986
10116.9 46.5114 10188.1 -392.983
10126.5 35.792 10197.1 -390.06
10136.1 40.6645 10207.6 -383.238
10146.1 54.3073 10217.5 -385.675
10156.3 53.8201 10227.4 -365.698
10166.2 69.4119 10237.3 -366.672
10176.7 92.7997 10247.6 -354.491
10186.3 103.032 10257.5 -351.08
10196.5 111.315 10267.7 -321.846
10206.7 128.369 10278.2 -316.973
10215.8 144.935 10286.9 -303.818
10226.5 160.527 10298 -291.149
10236.5 163.45 10308.2 -292.124
10246.7 197.557 10318.1 -280.43
10256 205.84 10328 -273.608
10267.1 212.175 10338 -247.784
10275.6 248.231 10347.9 -239.014
10286 264.31 10358.4 -238.04
10296.8 280.876 10367.4 -242.425
10305.6 284.774 10377.9 -234.629
10317 294.032 10388.1 -225.371
10326.3 311.085 10397.8 -214.165
10335.6 308.649 10408.3 -201.009
10347.3 331.55 10418.8 -213.19
10356.6 346.167 10428.1 -197.598
10366 352.014 10438.3 -196.136
10377.6 367.119 10448.5 -182.494
10386.7 382.223 10458.4 -175.672
10396.6 397.815 10468 -162.029
10406.8 414.381 10478.5 -185.417
10417 412.432 10488.5 -183.955
10426.6 434.846 10499 -169.825
10436.3 440.205 10508 -184.443
10446.5 465.055 10518.8 -173.236
10457 476.749 10528.7 -173.723
10466.3 477.723 10539.2 -167.389
10477.1 498.187 10549.4 -163.491
10486.7 513.292 10558.5 -148.874
10496.6 520.113 10568.9 -135.718
10506.5 531.32 10578.9 -124.024
10517 544.963 10588.2 -114.767
10526.9 546.425 10598.7 -112.818
10536.9 577.608 10608.6 -108.432
10547.1 597.585 10618.5 -100.637
10557.6 610.254 10628.4 -78.7105
10566.6 619.511 10638.6 -68.9656
10576.5 641.437 10649.4 -67.0166
10586.1 653.131 10658.8 -71.4018
10596.9 658.978 10670.1 -49.9631
10606.6 669.698 10679.8 -47.5268
10617.1 682.366 10688.5 -35.833
10627.3 703.317 10699 -37.2947
10637.8 706.728 10708.6 -13.9069
10646.5 706.728 10719.2 -8.54726
10656.7 720.371 10730.2 -4.6493
10666.4 717.935 10740.4 -1.23858
10677.1 740.835 10749.2 22.1492
10687.1 743.271 10759.4 11.917
10696.1 758.863 10769.3 35.792
10707.5 764.223 10779.2 46.9987
10716.2 780.302 10789.7 73.7971
10726.7 789.56 10799.4 66.0012
10736.9 780.789 10809.6 91.8252
10747.4 810.511 10819.5 98.1593
10756.8 826.103 10829.4 109.853
10767 853.876 10839.3 121.547
10778.1 862.159 10849.2 153.218
10787.4 855.338 10860 175.631
10797.3 866.544 10870.2 187.325
10807.5 901.139 10879.9 194.147
10816.6 892.368 10890.1 204.866
10826.8 925.988 10899.4 228.254
10837 933.784 10909.3 234.101
10846.6 936.22 10920.1 222.407
10857.7 956.685 10930.6 241.409
10867 973.738 10940.2 251.154
10877.2 968.866 10950.5 259.437
10886.9 994.202 10960.7 258.95
10896.8 992.741 10970.3 262.848
10906.7 1014.67 10980.2 273.567
10916.6 1007.85 10989.3 286.236
10927.7 1022.95 11000 269.67
10937.9 1030.26 11011.1 291.108
10946.9 1036.11 11020.2 294.519
10956.9 1048.29 11031 311.085
10967.4 1056.08 11040 313.522
10977.3 1071.67 11050.8 330.088
10987.2 1080.44 11061.9 350.065
10997.7 1095.06 11070.6 354.937
11007.3 1099.45 11081.1 357.861
11017 1113.09 11090.5 382.223
11027.5 1140.38 11099.8 379.787
11037.4 1145.25 11110.3 402.687
11048.2 1151.1 11121.1 413.407
11056.6 1169.61 11131.6 421.203
11067.4 1166.2 11140.9 428.024
11077.3 1200.31 11151.5 459.695
11087.3 1198.85 11160.8 455.797
11098.1 1219.8 11171.3 469.44
11107.7 1240.26 11180.9 480.647
11117.3 1250.01 11190.5 486.981
11127.2 1265.11 11201.3 505.983
11137.4 1273.88 11211.6 510.856
11147.1 1303.6 11222 525.473
11157.6 1299.7 11230.8 523.037
11167.5 1298.73 11242.2 544.476
11177.4 1332.84 11252.1 549.835
11187.6 1329.43 11261.2 557.144
11197.3 1337.71 11271.9 559.093
11208.3 1360.12 11281.3 579.07
11217.1 1365.48 11291.5 583.942
11227.6 1372.79 11301.4 593.687
11237.2 1380.59 11311 601.97
11247.7 1385.95 11321.8 601.483
11257.6 1408.36 11331.8 607.817
11267.6 1415.18 11342 595.636
11277.5 1416.16 11351.6 606.356
11287.4 1434.67 11362.7 617.562
11297.6 1444.42 11372.6 622.922
11307.5 1455.62 11381.4 619.024
11317.8 1472.19 11392.2 650.208
11327.4 1493.14 11402.7 655.567
11337.9 1491.19 11412.6 659.465
11348.1 1500.45 11421.9 677.493
11358.3 1514.58 11431.5 685.777
11367.4 1520.91 11442.3 712.088
11377.3 1542.84 11452 711.601
11387.8 1556 11462.5 721.833
11398 1562.33 11472.1 748.631
11407.6 1580.85 11482.3 752.529
11417.6 1588.15 11492 766.659
11427.8 1605.21 11501.9 765.198
11437.4 1591.56 11512.4 782.738
11447.6 1612.03 11522.6 788.585
11458.1 1620.31 11532.2 797.843
11466.9 1639.8 11543 796.381
11478.2 1647.11 11553.3 800.279
11487 1651.5 11562.9 811.486
11496.9 1668.55 11573.4 838.771
11508 1676.83 11582.4 829.027
11518.2 1699.25 11594.1 833.899
11527 1719.71 11602.6 845.106
11537.5 1747 11613.4 872.391
11547.1 1739.69 11622.7 865.083
11557.9 1757.23 11633.5 872.879
11567.6 1783.54 11643.4 866.544
11576.9 1784.51 11652.5 880.675
11587.7 1807.9 11663 880.187
11598.5 1816.67 11672.9 892.856
11607.2 1828.37 11683.1 905.524
11617.8 1840.55 11693.1 907.473
11628 1855.16 11703.3 911.858
11638.2 1854.68 11713.5 924.526
11647.8 1883.91 11723.7 949.376
11656.9 1883.91 11733.6 959.121
11668 1899.5 11744.1 965.455
11677.9 1896.58 11753.8 983.483
11686.6 1911.68 11764 1005.9
11697.7 1920.94 11774.5 1008.33
11708 1928.25 11783.6 1040.49
11719.3 1952.61 11794.1 1044.88
11727.2 1954.07 11804.3 1059.49
11738 1970.15 11813.6 1078.5
11748.5 1991.11 11824.4 1082.88
11757.3 2002.8 11833.8 1078.01
11767.5 2020.34 11843.7 1106.76
11776.8 2035.93 11854.5 1132.58
11787.9 2070.04 11863.8 1145.25
11797.9 2084.66 11874.4 1140.86
11807.8 2098.3 11884 1160.84
11818.3 2116.33 11894.8 1167.17
11827.9 2116.81 11904.4 1165.23
11837.9 2128.51 11914.6 1175.46
11847.5 2137.28 11923.7 1183.25
11857.4 2167 11934.2 1186.18
11867.4 2192.34 11944.4 1189.1
11878.1 2195.26 11954.4 1193.49
11888.7 2206.47 11964.6 1218.82
11897.4 2221.57 11974.5 1219.8
11907.6 2250.81 11984.7 1235.88
11917.6 2262.99 11994.7 1226.62
11928.1 2253.24 12004.9 1247.57
11938.6 2288.81 12015.4 1260.73
11948.5 2290.27 12025.6 1271.44
11958.4 2311.71 12035.3 1274.37
11967.5 2320.48 12045.8 1281.68
11978.6 2347.28 12055.4 1307.01
11988.2 2346.31 12065 1322.12
11997.6 2359.46 12076.1 1336.25
12007.8 2378.47 12086.1 1346.97
12018 2400.88 12095.7 1374.25
12028.5 2411.6 12105.3 1372.79
12037.6 2427.68 12116.1 1395.69
12047.8 2438.4 12125.2 1413.72
12057.4 2453.99 12136.3 1414.21
12067.4 2477.86 12146.2 1437.6
12077.3 2495.89 12156.8 1442.95
12088.1 2525.61 12166.1 1464.39
12098 2534.38 12176 1477.06
12107.7 2528.54 12186 1499.96
12117.3 2558.75 12195.9 1518.97
12127 2585.54 12206.1 1529.68
12136.6 2595.29 12216 1536.02
12148.3 2616.73 12225.7 1550.64
12158.2 2624.04 12236.2 1570.13
12168.1 2636.7 12246.1 1579.87
12177.2 2650.35 12256.6 1590.59
12188 2670.81 12266.6 1599.36
12197.6 2686.4 12277.1 1610.57
12207.9 2710.28 12285.9 1618.85
12218.4 2707.36 12296.4 1639.8
12228.3 2739.51 12307.5 1661.24
12238.2 2753.64 12315.7 1661.24
12248.5 2755.11 12327.6 1670.01
12257.8 2768.75 12337 1698.76
12268 2794.57 12347.2 1706.07
12278.6 2801.39 12356.6 1719.22
12288.2 2819.91 12366.5 1743.58
12298.1 2834.04 12377 1757.72
12308.1 2852.07 12388.4 1781.1
12318 2872.04 12397.8 1797.67
12328.2 2868.63 12407.7 1819.11
12337.6 2880.33 12417.6 1836.65
12348.4 2893.48 12427.3 1861.01
12358 2895.43 12437.2 1864.42
12368 2924.18 12447.4 1885.37
12377.6 2929.54 12457.7 1918.99
12388.4 2941.23 12467.9 1921.92
12397.5 2967.06 12477.8 1939.94
12408 2974.85 12487.5 1965.28
12417.3 2994.34 12498.6 1983.8
12428.1 3011.4 12508.2 1994.52
12438.1 3022.6 12518.2 2012.06
12448.3 3024.06 12528.1 2023.26
12457.7 3042.58 12538.6 2056.4
12468.2 3067.43 12549.4 2063.7
12478.1 3082.05 12557.9 2075.89
12488.6 3089.84 12568.7 2080.76
12497.7 3129.31 12578.4 2084.17
12507.9 3131.75 12587.7 2116.81
12517.9 3147.82 12598.5 2142.15
12527.8 3170.24 12608.2 2165.54
12538 3187.78 12619.9 2183.08
12548 3194.11 12628.6 2207.44
12558.5 3236.99 12638.9 2223.52
12567.6 3243.32 12648.5 2246.42
12578.1 3257.94 12658.8 2250.32
12587.7 3289.61 12669.6 2267.86
12598 3292.54 12679.2 2288.32
12608.5 3304.23 12689.5 2308.79
12617.8 3302.28 12699.7 2335.59
12628.9 3312.03 12708.7 2344.36
12637.7 3341.26 12720.4 2366.28
12647.9 3339.31 12730.4 2377.98
12657.9 3346.62 12740.3 2412.57
12668.1 3365.62 12750.3 2425.24
12677.8 3364.65 12759.9 2450.09
12687.7 3376.34 12769.8 2473.96
12697.3 3391.45 12780.1 2499.3
12707.9 3403.14 12791.2 2525.61
12717.8 3417.27 12800.8 2541.69
12727.7 3437.25 12811.1 2559.72
12738.6 3444.56 12821.3 2573.85
12747.3 3470.38 12830.4 2614.29
12757.9 3485.97 12841.2 2637.19
12768.4 3511.8 12850.8 2655.22
12778.3 3527.88 12861.1 2666.91
12787.4 3571.73 12872.5 2688.35
12798.8 3579.04 12882.4 2718.07
12808.1 3602.91 12893.2 2745.36
12817.5 3612.17 12901.7 2761.93
12828.3 3629.71 12912.8 2787.26
12838 3650.66 12922.2 2790.19
12848.5 3670.64 12933.9 2820.4
12858.1 3705.23 12944.4 2853.53
12868.4 3689.64 12954.4 2878.38
12878 3638.97 12964 2894.46
12888.3 3567.83 12974.2 2914.43
12897.9 3515.69 12983 2952.44
12906.7 3439.2 12990.3 2967.54
12917.8 3380.24 12995.6 3019.68
12927.5 3332 12995.6 3063.04
12938.6 3291.07 12988 3102.02
12948.2 3233.09 12977.5 3122.49
12958.2 3202.88 12966.6 3166.34
