8009.48 -35.3457 8031.12 -138.642
8009.77 -293.098 8041.65 -122.075
8005.97 -294.56 8051.3 -128.409
8003.63 -289.2 8061.24 -130.358
8007.72 -279.455 8070.89 -116.716
8013.86 -292.611 8080.84 -108.92
8022.05 -286.277 8090.49 -117.69
8029.95 -316.486 8101.02 -116.716
8039.31 -291.149 8110.96 -103.56
8049.84 -299.432 8121.48 -111.843
8060.07 -293.585 8131.72 -113.792
8069.43 -311.126 8141.66 -149.361
8079.96 -301.381 8152.77 -145.463
8090.19 -288.226 8160.96 -164.953
8101.02 -296.509 8171.49 -158.619
8110.66 -301.869 8181.43 -156.182
8120.9 -298.458 8191.66 -144.489
8130.84 -306.741 8201.01 -140.591
8140.2 -298.945 8211.54 -135.231
8150.72 -308.69 8221.77 -156.67
8160.37 -292.124 8231.71 -152.772
8169.73 -285.302 8242.24 -149.361
8180.26 -296.509 8251.01 -149.848
8190.49 -292.124 8261.82 -149.848
8200.72 -300.894 8271.76 -139.616
8210.08 -289.688 8281.12 -147.412
8220.6 -296.509 8291.93 -154.721
8231.42 -289.688 8301.87 -133.769
8241.07 -297.971 8311.81 -154.721
8251.88 -282.379 8322.04 -149.361
8261.82 -300.407 8331.98 -171.774
8270.59 -301.381 8341.62 -162.517
8280.82 -300.407 8352.14 -152.284
8292.22 -291.149 8362.37 -151.31
8301.28 -296.509 8372.6 -141.078
8312.39 -293.585 8381.95 -158.131
8321.75 -307.716 8392.18 -162.029
8331.39 -293.585 8401.54 -160.08
8341.91 -295.534 8412.35 -171.287
8352.14 -304.792 8421.99 -153.746
8361.79 -309.177 8432.8 -150.335
8372.02 -304.305 8442.15 -144.001
8381.08 -306.741 8452.38 -161.055
8392.77 -307.716 8462.03 -162.517
8401.83 -309.177 8472.25 -167.389
8412.35 -308.69 8481.9 -151.797
8421.41 -306.254 8492.71 -160.568
8432.22 -314.05 8502.64 -146.438
8442.45 -311.126 8512.87 -157.644
8452.97 -309.177 8522.22 -134.744
8462.03 -292.124 8532.74 -153.259
8471.67 -311.614 8541.21 -154.721
8482.77 -305.279 8552.89 -163.978
8492.71 -297.971 8562.25 -154.721
8501.77 -300.407 8571.59 -163.491
8512.58 -298.458 8582.4 -152.772
8522.22 -299.92 8592.34 -169.338
8532.74 -296.022 8602.85 -159.593
8542.38 -300.894 8612.49 -162.029
8553.19 -305.767 8623.01 -156.182
8562.83 -292.611 8632.94 -167.389
8572.18 -282.866 8641.41 -156.182
8582.99 -296.022 8652.22 -164.953
8592.63 -295.534 8661.86 -155.695
8602.85 -307.228 8672.08 -154.721
8613.37 -294.56 8682.6 -151.31
8622.72 -293.098 8692.82 -156.67
8633.23 -310.639 8703.92 -157.644
8642.29 -296.996 8712.98 -160.08
8653.68 -295.047 8722.61 -158.131
8663.32 -294.56 8732.55 -160.08
8673.25 -298.458 8743.06 -170.313
8683.77 -308.69 8753.28 -165.44
8693.41 -297.483 8763.5 -153.259
8703.63 -304.792 8773.14 -164.466
8712.68 -300.407 8782.48 -164.953
8723.78 -302.356 8792.41 -178.596
8733.71 -292.611 8803.22 -177.134
8743.06 -295.534 8812.27 -165.927
8752.99 -319.409 8823.37 -168.364
8763.5 -315.024 8833.3 -159.593
8773.43 -301.381 8843.52 -166.415
8783.65 -311.126 8852.86 -163.004
8793.29 -301.381 8863.08 -167.876
8803.81 -296.996 8873.6 -168.364
8813.73 -303.818 8882.65 -165.44
8824.54 -300.407 8894.04 -161.542
8833.59 -300.407 8903.96 -173.723
8843.52 -297.971 8913.6 -163.491
8853.45 -295.534 8923.23 -174.21
8863.67 -286.764 8933.45 -177.621
8874.47 -306.254 8943.67 -154.233
8883.52 -304.305 8953.6 -156.67
8894.04 -286.277 8963.53 -149.848
8903.09 -287.251 8973.74 -160.568
8913.31 -293.585 8983.96 -173.723
8924.11 -293.098 8993.89 -163.978
8933.75 -310.639 9003.52 -155.695
8944.84 -285.302 9013.74 -154.233
8953.89 -277.994 9023.96 -150.823
8964.11 -295.534 9032.71 -148.387
8974.33 -303.818 9044.39 -148.387
8983.96 -306.254 9054.03 -156.67
8993.89 -296.996 9064.53 -158.619
9004.69 -296.509 9073.29 -163.491
9014.32 -305.767 9083.51 -154.233
9023.66 -299.432 9093.73 -150.823
9033.88 -284.815 9104.23 -160.568
9044.39 -290.662 9113.87 -154.233
9053.73 -292.611 9124.08 -156.182
9064.53 -289.688 9133.72 -172.749
9074.17 -296.996 9144.51 -161.542
9084.38 -297.971 9154.44 -160.08
9094.6 -292.124 9164.95 -147.412
9103.65 -287.251 9174.29 -159.593
9114.45 -293.585 9184.21 -155.208
9124.08 -292.611 9194.13 -166.902
9134.88 -297.483 9204.93 -158.131
9145.1 -283.841 9213.98 -162.517
9153.85 -289.688 9224.78 -160.568
9164.95 -283.353 9234.41 -142.052
9174 -286.764 9244.33 -155.208
9183.92 -284.815 9254.55 -160.568
9194.72 -281.892 9264.76 -141.565
9204.06 -281.404 9274.39 -149.361
9214.56 -284.328 9284.61 -149.848
9224.78 -273.608 9294.24 -146.925
9234.41 -281.404 9305.33 -156.182
9245.21 -278.968 9314.66 -137.667
9254.55 -265.325 9323.71 -167.389
9264.76 -286.277 9332.76 -143.514
9274.39 -277.994 9343.55 -147.412
9285.19 -277.994 9354.35 -136.205
9295.4 -281.892 9364.56 -155.208
9305.33 -266.787 9375.36 -156.67
9314.95 -287.251 9384.7 -158.131
9324.59 -280.43 9394.33 -153.259
9335.09 -265.813 9404.54 -164.466
9345.6 -274.583 9415.63 -152.772
9356.1 -269.71 9424.97 -149.848
9366.02 -274.096 9435.18 -151.31
9375.65 -275.557 9445.68 -155.208
9385.57 -270.685 9454.43 -156.67
9395.2 -266.3 9464.06 -155.208
9403.96 -284.328 9475.74 -172.749
9416.21 -268.736 9484.78 -156.67
9424.97 -264.838 9495.58 -152.284
9435.18 -264.351 9505.49 -154.721
9445.39 -258.017 9516 -154.721
9455.31 -254.606 9525.34 -150.823
9464.65 -254.606 9534.96 -152.772
9475.15 -264.838 9545.47 -161.542
9484.78 -261.427 9555.09 -149.848
9495.28 -267.761 9565.01 -140.591
9505.49 -256.555 9575.23 -150.335
9515.13 -268.736 9585.14 -142.052
9525.92 -274.583 9595.36 -135.718
9534.96 -273.121 9605.27 -142.54
9544.3 -272.147 9615.48 -144.001
9555.39 -275.557 9624.82 -144.489
9564.43 -260.94 9635.91 -140.591
9575.23 -272.634 9644.95 -136.205
9585.44 -251.195 9655.16 -147.899
9596.52 -257.042 9665.66 -139.616
9605.57 -257.042 9675.87 -137.667
9615.48 -274.583 9685.5 -137.18
9625.11 -264.838 9695.71 -166.415
9635.32 -267.274 9706.79 -142.052
9645.53 -249.246 9716.42 -152.772
9655.45 -258.991 9725.46 -153.746
9665.66 -249.246 9735.97 -149.848
9676.45 -254.119 9745.59 -158.619
9685.79 -251.682 9756.68 -142.54
9695.42 -258.504 9766.3 -144.489
9705.34 -245.835 9775.93 -148.874
9715.84 -248.759 9786.72 -144.976
9725.17 -253.631 9796.06 -154.721
9735.67 -253.631 9805.97 -153.259
9745.88 -243.399 9816.18 -147.899
9755.8 -246.323 9826.68 -151.31
9766.3 -256.555 9836.02 -130.846
9774.47 -247.784 9846.23 -137.667
9785.85 -248.759 9856.15 -140.591
9796.06 -242.912 9865.19 -151.797
9805.39 -250.708 9875.98 -130.358
9815.6 -242.912 9886.77 -138.154
9824.93 -250.221 9896.69 -130.358
9836.02 -266.3 9906.31 -142.052
9846.23 -249.246 9915.65 -147.899
9855.56 -239.501 9925.56 -135.231
9866.35 -245.348 9936.06 -144.976
9875.4 -240.963 9946.85 -137.667
9886.19 -247.297 9956.48 -134.256
9895.52 -256.068 9966.98 -141.078
9906.61 -249.246 9976.9 -146.925
9916.81 -239.501 9987.11 -154.721
9925.56 -234.142 9996.44 -153.746
9936.06 -230.731 10006.6 -164.466
9945.98 -248.759 10016.6 -140.103
9956.48 -246.323 10027.6 -136.693
9965.81 -237.552 10037 -152.772
9975.44 -225.858 10046.3 -153.259
9986.23 -240.476 10055.9 -150.823
9996.15 -220.011 10066.7 -151.31
10006.6 -221.473 10077.5 -152.772
10016.6 -203.445 10087.1 -150.335
10025.9 -212.216 10098.2 -136.693
10036.1 -224.884 10108.1 -138.154
10045.1 -239.501 10117.2 -141.565
10057.4 -228.295 10127.7 -135.718
10065.8 -230.244 10137 -131.82
10076.6 -215.139 10147.2 -140.591
10086.6 -225.858 10157.1 -138.642
10097.1 -224.397 10167.6 -150.823
10106.7 -209.292 10177.8 -147.899
10116 -232.193 10187.8 -143.514
10126.2 -218.062 10197.4 -157.157
10136.1 -200.522 10207 -145.463
10146.4 -197.111 10217.5 -149.361
10156 -189.315 10226.3 -157.644
10165.9 -169.338 10237.9 -138.154
10176.4 -164.466 10247.8 -158.619
10185.7 -135.231 10257.2 -157.157
10196.8 -121.588 10268 -166.415
10206.1 -110.869 10277.9 -171.774
10216.6 -89.9171 10287.8 -157.644
10226.5 -61.6569 10297.7 -166.415
10236.8 -55.81 10307.9 -163.978
10247.3 -27.0626 10318.1 -160.08
10256.9 8.99356 10327.5 -159.593
10266.5 3.63386 10337.7 -164.466
10276.4 12.8915 10348.2 -160.08
10286.3 46.0242 10359.5 -157.157
10296.3 57.2308 10368.3 -151.797
10305.9 57.2308 10379.1 -155.695
10316.4 84.5165 10388.1 -145.95
10326.9 81.593 10398 -142.54
10337.1 95.2359 10408.5 -156.67
10346.4 123.496 10418.2 -152.772
10356 122.034 10428.1 -160.08
10366.5 133.728 10437.7 -152.284
10376.8 150.782 10447.9 -145.463
10386.1 158.09 10457.8 -153.259
10396.6 173.682 10466.9 -163.491
10407.7 179.042 10479.1 -172.749
10416.7 192.198 10488.5 -183.468
10426.9 204.379 10499 -183.955
10437.1 214.611 10508.3 -192.239
10446.7 229.715 10518.2 -182.494
10457.5 246.282 10528.7 -195.162
10466.3 260.412 10538.3 -189.315
10475.9 294.032 10547.7 -190.29
10487 299.391 10559.6 -208.805
10496.9 306.7 10568.6 -205.394
10506.8 319.369 10578.3 -199.06
10516.5 336.422 10588.2 -199.06
10526.4 362.733 10599 -198.573
10536.9 362.733 10608.3 -184.93
10546.8 393.43 10619.1 -184.443
10557.6 397.328 10628.4 -168.851
10566.9 407.073 10638.6 -159.593
10576.2 414.868 10649.7 -152.772
10585.9 429.973 10658.2 -150.335
10596.9 460.182 10669.3 -146.925
10607.7 448.976 10679.5 -140.591
10616.8 458.233 10688.8 -135.718
10627 475.774 10700.2 -131.82
10637.8 484.057 10709.8 -117.203
10646.8 475.774 10719.7 -124.512
10657.9 487.955 10729.4 -106.971
10666.9 490.879 10739 -110.381
10677.7 490.391 10750.1 -117.203
10686.5 509.881 10759.1 -108.92
10696.7 513.779 10769.9 -103.073
10706.9 531.807 10779.8 -95.7641
10717.1 541.065 10790 -77.736
10727.3 554.708 10799.4 -79.1977
10736.6 545.45 10810.1 -75.2998
10747.1 581.993 10819.5 -57.759
10756.8 596.124 10829.7 -43.6289
10766.7 618.05 10839.6 -31.4478
10777.8 627.307 10849.2 -19.2666
10786.8 652.157 10860 9.4808
10797.3 667.749 10870.2 18.2512
10807.5 677.981 10880.1 36.7665
10816.9 695.521 10891 52.8456
10827.6 707.215 10899.7 79.1568
10836.1 734.988 10910.2 83.542
10847.8 745.22 10919.5 78.1823
10857.1 749.118 10930.6 106.443
10867.3 768.121 10941.1 108.879
10878.4 772.019 10949.6 107.417
10887.4 781.764 10959.8 121.547
10896.8 786.636 10970.3 136.164
10906.7 790.047 10980.2 127.881
10917.2 801.254 10990.4 126.42
10926.8 801.741 11000.6 114.238
10937 791.509 11010 128.856
10947.2 805.639 11020.2 141.524
10957.2 817.82 11030.4 150.295
10967.4 830.001 11040.3 156.141
10976.7 840.233 11050.2 163.45
10988.1 839.746 11061.3 162.476
10996.3 851.44 11069.5 167.835
11007.6 864.108 11080.9 187.812
11017.3 883.598 11091.1 210.713
11027.5 897.241 11100.7 199.019
11037.4 902.601 11111.8 222.894
11047 921.603 11120.2 258.95
11058.1 944.991 11130.7 256.514
11067.4 955.71 11141.2 260.899
11077.3 965.455 11150.3 277.465
11087.6 977.149 11161.1 298.417
11097.5 978.611 11171 315.471
11107.4 1015.15 11180.6 322.292
11117 1016.13 11190.5 326.19
11127.2 1038.54 11201.3 349.578
11137.4 1051.21 11211 354.45
11147.1 1068.75 11221.8 352.988
11157.3 1056.08 11231.7 352.014
11166.9 1061.93 11241.9 354.45
11176.5 1085.32 11251.2 369.067
11187.9 1089.7 11261.2 368.58
11198.1 1102.86 11271.4 387.096
11207.8 1112.6 11282.4 383.685
11217.4 1135.02 11291.5 399.277
11227.3 1122.35 11302.3 390.993
11236.9 1145.74 11310.8 406.098
11247.4 1154.99 11321.8 403.662
11257.4 1175.94 11330.9 393.43
11267 1186.66 11342.3 414.381
11277.8 1195.43 11351.9 416.33
11287.7 1208.1 11362.1 421.203
11297.3 1231 11372 436.794
11307.3 1249.52 11382.5 430.46
11317.5 1251.47 11391.6 446.052
11327.7 1274.86 11402.1 450.437
11337.6 1285.09 11412 485.032
11348.4 1301.65 11422.5 490.879
11357.7 1315.78 11431.8 502.085
11367.4 1324.07 11442.6 520.113
11377.9 1338.68 11452 521.088
11387.5 1336.25 11462.2 528.884
11396.8 1348.92 11472.1 546.425
11407 1361.1 11482.9 547.399
11417.8 1364.02 11492.5 572.736
11427.8 1375.23 11502.2 584.43
11438.3 1383.51 11514.1 597.585
11447.3 1390.82 11523.2 596.611
11457.8 1403 11531.7 595.149
11468 1414.69 11543 607.817
11478.5 1425.9 11552.4 603.432
11487.3 1430.77 11562.9 626.333
11497.5 1441.98 11572.8 614.639
11507.7 1457.09 11582.7 637.539
11517.6 1479.01 11592.9 632.667
11527.6 1493.14 11602.9 643.386
11537.8 1500.45 11613.1 643.386
11547.1 1520.43 11622.1 663.363
11557 1529.68 11632.9 646.797
11568.1 1542.35 11643.7 663.851
11577.5 1554.53 11653.7 674.083
11587.1 1579.87 11663 690.162
11597.9 1601.8 11672.9 692.598
11608.1 1587.18 11684 700.881
11617.8 1629.57 11694.2 704.779
11626.8 1647.11 11703.3 719.884
11637.6 1655.39 11714.1 719.396
11647.5 1670.99 11723.1 739.373
11657.7 1688.53 11733.6 750.58
11667.4 1692.91 11743.3 773.481
11678.2 1709.97 11754.1 774.455
11687.2 1714.84 11764 772.993
11697.2 1719.22 11773.9 795.894
11709.1 1731.4 11783.8 795.894
11717.9 1743.1 11794.1 818.307
11728.1 1762.1 11803.7 829.514
11738.6 1768.92 11814.8 835.848
11747.1 1783.54 11823.8 864.108
11757.3 1803.52 11834.6 855.338
11766.9 1811.31 11844.3 872.391
11777.4 1824.47 11854.8 893.343
11787.9 1836.16 11863.5 913.32
11797.6 1849.32 11875.2 922.09
11808.4 1873.19 11883.7 941.58
11818.9 1886.83 11894.2 942.555
11828.2 1898.53 11904.4 966.917
11837.9 1921.92 11914.6 970.815
11848.1 1932.15 11923.7 967.404
11858.6 1944.33 11933.9 974.713
11867.6 1954.56 11944.4 988.843
11877.3 1984.77 11954.7 991.279
11887.5 2004.75 11965.2 995.177
11897.4 2014.98 11975.1 1016.62
11907.6 2029.6 11984.7 1024.41
11917.6 2050.06 11994.9 1039.52
11928.4 2054.93 12004.6 1047.31
11937.7 2091.48 12014.5 1049.75
11947.9 2101.71 12024.4 1059.98
11958.4 2108.04 12035.3 1079.47
11967.5 2129 12045.5 1076.06
11978 2123.64 12056 1099.93
11988.2 2163.59 12065.3 1114.55
11998.2 2165.05 12075.8 1139.89
12007.2 2177.23 12085.8 1136.97
12017.7 2194.77 12095.1 1157.43
12027.7 2216.7 12105.3 1172.53
12037.9 2207.44 12116.7 1178.87
12048.4 2238.14 12126.1 1197.38
12057.7 2247.88 12135.7 1206.64
12069.1 2254.22 12146.5 1226.13
12077.9 2257.14 12155.9 1253.42
12088.1 2281.99 12166.7 1243.18
12096.9 2294.66 12176.3 1268.03
12108 2324.87 12186.3 1279.73
12117 2325.36 12196.5 1299.7
12127.8 2348.74 12206.4 1305.06
12137.5 2348.74 12215.2 1310.91
12148 2372.13 12226.3 1326.5
12157.9 2384.8 12236.5 1341.12
12168.7 2402.34 12246.7 1334.3
12177.5 2421.83 12256.4 1370.36
12189.2 2439.37 12266.3 1384.49
12197.9 2458.86 12276.2 1397.15
12207.3 2467.14 12286.5 1415.67
12217.2 2492.97 12296.7 1427.85
12227.1 2514.89 12306.9 1441.98
12238.5 2528.54 12317.4 1446.85
12247.9 2550.95 12327.1 1462.44
12259 2574.82 12337 1495.09
12268.6 2584.57 12347.2 1507.76
12277.7 2604.55 12357.2 1518.97
12288.2 2615.27 12367.4 1520.91
12297.8 2632.81 12377.3 1550.64
12308.4 2645.48 12387.3 1571.1
12317.7 2638.65 12397.2 1574.02
12328.8 2661.07 12406.5 1592.05
12338.5 2678.12 12417.3 1618.36
12348.4 2684.45 12427 1632.98
12357.7 2690.79 12437.8 1652.96
12367.7 2710.77 12447.4 1681.7
12377.9 2736.1 12457.4 1678.78
12387.5 2718.07 12467.3 1696.81
12398.1 2745.85 12478.1 1712.4
12408.3 2759 12488.4 1724.58
12417.6 2754.62 12498.6 1742.12
12427.6 2783.37 12508.8 1749.92
12437.2 2798.96 12518.2 1782.56
12447.4 2814.55 12528.4 1796.21
12459.1 2834.53 12538.9 1823.01
12469.1 2848.66 12548 1835.67
12479 2865.22 12559.1 1853.21
12487.5 2882.76 12568.1 1884.89
12497.7 2912.97 12578.4 1884.4
12507.6 2933.92 12588 1907.79
12517.9 2942.69 12599.1 1941.41
12528.7 2970.47 12609.1 1947.74
12538 2996.78 12619 1976.98
12548 3008.96 12628.9 2001.82
12557.3 3046.48 12639.5 2025.21
12567.9 3053.79 12649.4 2029.6
12578.4 3072.79 12658.8 2050.06
12588 3087.89 12669 2059.81
12598.5 3086.43 12678.9 2096.35
12608.5 3116.64 12689.5 2091.96
12618.4 3101.05 12700 2123.64
12628.1 3123.95 12709.6 2134.36
12638.3 3151.72 12720.1 2154.33
12647.3 3146.85 12729.2 2160.18
12658.2 3157.08 12739.4 2176.75
12667.5 3169.26 12750.3 2187.95
12677.8 3175.11 12760.8 2218.16
12688.6 3210.19 12770.7 2242.52
12697.9 3208.24 12781 2258.12
12707 3215.06 12789.4 2296.61
12718.1 3230.17 12801.1 2319.02
12727.7 3265.25 12810.5 2344.36
12738 3276.94 12821 2373.59
12748.5 3307.15 12830.4 2396.01
12757.9 3315.92 12840.6 2425.73
12768.1 3323.23 12851.4 2441.32
12778 3360.26 12862.2 2467.14
12787.7 3380.24 12872.2 2498.33
12797.9 3399.73 12882.1 2522.69
12808.4 3420.68 12892.4 2552.9
12817.2 3434.32 12902.3 2587.01
12827.4 3446.02 12912.8 2606.5
12838 3460.64 12923.6 2617.7
12847 3484.02 12933.6 2635.73
12857.8 3499.62 12943.8 2665.45
12868.7 3469.41 12954.7 2685.43
12877.4 3421.66 12964 2726.85
12888 3362.7 12974 2740.49
12897.3 3273.05 12983.6 2757.54
12907.9 3200.93 12991.2 2785.8
12917.8 3156.11 12995 2818.93
12926.9 3103.97 12995 2846.22
12938.6 3060.61 12987.1 2880.81
12948.2 3018.7 12977.5 2905.18
12957.9 2983.62 12966.9 2936.36
