8010.35 -42.6544 8031.12 8.99356
8009.48 -24.1391 8041.65 -8.54726
8005.67 -25.1136 8051.3 0.223151
8004.5 -19.2666 8060.95 -15.8559
8008.01 -11.4707 8070.6 9.4808
8013.57 -16.8304 8079.96 11.4298
8022.35 -25.6008 8090.49 23.6109
8030.83 -23.1646 8101.31 18.7385
8039.6 -16.3432 8111.25 3.63386
8049.84 -35.833 8121.48 18.7385
8059.2 -15.8559 8131.43 13.3788
8069.43 -21.2156 8141.95 -8.06001
8079.96 -9.0345 8151.6 -17.3177
8090.49 2.65938 8160.96 -11.4707
8101.02 -10.9835 8172.36 -4.16205
8111.25 -15.8559 8181.13 -20.2411
8120.02 -13.9069 8191.66 -14.3942
8131.14 -10.9835 8201.89 -4.16205
8141.08 -16.8304 8211.54 -19.2666
8150.43 -2.70032 8221.48 -19.2666
8159.2 -6.59828 8231.42 -19.2666
8169.73 -18.7794 8241.36 -14.3942
8180.55 -22.1901 8251.59 -23.1646
8190.49 -11.958 8261.82 -21.7029
8201.31 -22.1901 8271.76 -34.3712
8210.08 -10.9835 8282.28 -24.6263
8221.19 -10.4962 8293.1 -30.9605
8231.71 -17.8049 8300.99 -42.6544
8241.36 -19.7539 8311.81 -25.1136
8251.01 -21.7029 8321.45 -16.8304
8261.53 -27.0626 8332.27 -14.3942
8271.76 -14.8814 8343.08 -35.833
8281.12 -12.9325 8351.56 -24.1391
8291.35 -21.2156 8362.67 -19.2666
8301.58 -14.3942 8372.02 -23.1646
8311.22 -2.70032 8381.66 -12.9325
8321.16 -13.9069 8392.48 -28.037
8331.39 -23.6518 8402.12 -32.4223
8341.91 -18.7794 8411.76 -27.0626
8352.44 -15.3687 8422.28 -22.6774
8361.79 -41.1927 8432.51 -2.21307
8372.02 -31.4478 8441.57 -16.8304
8381.37 -7.08552 8452.09 -22.6774
8391.6 -24.1391 8461.73 -18.7794
8401.83 -11.4707 8471.38 -28.037
8412.35 -13.4197 8482.19 -19.2666
8421.99 -18.2922 8492.12 -25.6008
8432.51 -23.6518 8502.06 -20.2411
8443.03 -14.3942 8511.7 -11.958
8452.09 -19.2666 8521.64 -23.1646
8462.61 -22.6774 8533.03 -26.5753
8472.84 -26.0881 8541.79 -23.6518
8481.31 -24.1391 8552.6 -26.5753
8492.41 -2.21307 8562.25 -15.8559
8502.64 -19.2666 8572.47 -24.6263
8512.58 -22.6774 8583.28 -25.6008
8521.93 -9.52174 8592.34 -42.6544
8532.44 -13.4197 8602.56 -33.884
8543.55 -24.1391 8613.37 -28.037
8552.6 -19.7539 8622.42 -30.4733
8562.25 -14.8814 8632.65 -36.3202
8572.47 -17.3177 8642 -26.0881
8582.4 -16.3432 8652.81 -10.9835
8592.92 -2.21307 8662.15 -24.6263
8603.44 -7.08552 8672.96 -16.3432
8612.2 -25.1136 8682.89 -17.3177
8622.42 -28.5243 8692.24 -15.3687
8633.53 -13.4197 8702.46 -10.9835
8642.87 -35.3457 8713.27 -13.9069
8653.1 -35.3457 8722.91 -10.9835
8663.61 -11.958 8733.42 -22.1901
8672.96 -28.037 8742.47 -30.9605
8683.48 -17.8049 8752.7 -32.4223
8693.11 -19.2666 8762.92 -35.3457
8703.34 -13.9069 8774.02 -18.7794
8713.85 -15.8559 8782.78 -29.986
8723.49 -17.3177 8792.12 -35.3457
8733.71 -12.9325 8803.51 -22.6774
8743.06 -22.1901 8812.56 -35.833
8753.28 -8.06001 8822.79 -17.8049
8763.21 -20.2411 8832.72 -32.4223
8773.72 -7.08552 8843.52 -31.935
8782.78 -15.3687 8852.86 -24.1391
8793.58 -4.6493 8863.67 -26.0881
8804.1 -12.9325 8873.6 -27.0626
8813.73 -3.18756 8883.23 -18.2922
8823.37 -3.18756 8893.45 -18.2922
8833.59 -10.009 8903.09 -25.1136
8843.81 -14.8814 8913.6 -33.884
8854.32 -16.3432 8923.53 -19.7539
8863.96 -12.9325 8932.87 -32.4223
8874.47 -11.958 8943.96 -16.3432
8883.23 -16.3432 8953.31 -30.4733
8893.74 -17.8049 8963.53 -38.7564
8904.55 -4.16205 8973.16 -27.0626
8913.01 -22.1901 8983.96 -32.9095
8923.82 -15.8559 8994.18 -36.8075
8934.33 -35.3457 9003.23 -31.935
8944.26 -27.0626 9014.03 -12.4452
8954.18 -20.7284 9023.96 -35.3457
8964.11 -24.6263 9033.3 -38.2692
8974.33 -21.2156 9044.39 -32.4223
8984.55 -8.06001 9053.73 -36.3202
8994.47 -4.16205 9063.95 -50.9376
9004.98 -3.18756 9073.58 -37.7819
9014.03 -23.6518 9083.51 -32.4223
9023.96 -3.18756 9093.43 -47.5268
9034.47 -5.13654 9104.23 -46.5524
9044.1 0.223151 9113.87 -58.7335
9053.15 -16.8304 9124.08 -33.884
9064.24 3.63386 9134.01 -43.6289
9074.46 0.223151 9143.35 -31.4478
9084.97 -9.0345 9154.15 -32.9095
9094.6 -3.18756 9164.36 -45.5779
9103.94 -3.67481 9174 -38.2692
9115.62 6.55733 9184.21 -54.3483
9124.08 -1.23858 9194.43 -37.7819
9133.13 -2.21307 9204.64 -52.3993
9144.51 -8.06001 9213.98 -49.9631
9154.44 1.68489 9224.78 -44.1161
9164.07 4.12111 9235.28 -58.2462
9173.7 -12.9325 9244.04 -48.5013
9185.67 -10.9835 9253.96 -68.4784
9195.01 -9.52174 9265.05 -67.5039
9204.93 -1.72583 9274.97 -67.5039
9214.56 -2.21307 9284.61 -82.6085
9224.19 -10.009 9295.11 -278.968
9234.99 5.0956 9304.16 -1214.48
9244.04 -5.13654 9313.79 -1205.71
9253.96 0.710396 9324.29 -1187.68
9264.47 -8.06001 9333.34 -1179.4
9275.27 0.223151 9343.26 -1157.47
9285.77 -0.751338 9354.64 -1141.39
9294.24 7.53182 9364.27 -1153.09
9305.03 8.50631 9375.65 -1125.8
9315.25 0.223151 9385.28 -1108.26
9324.59 3.63386 9394.62 -1080
9334.51 -0.264094 9405.13 -1062.46
9345.31 14.3532 9415.34 -1044.92
9355.81 9.4808 9424.97 -1034.2
9366.61 -4.16205 9434.3 -982.062
9375.65 6.55733 9444.81 -1106.31
9385.57 -6.59828 9455.02 -1197.42
9395.2 10.4553 9465.23 -1191.09
9405.13 8.01907 9475.44 -1176.47
9415.04 6.55733 9485.07 -1175.01
9424.97 2.17213 9494.7 -1168.68
9435.18 -1.23858 9504.33 -1156.5
9444.52 -5.13654 9515.42 -1143.34
9455.89 -3.67481 9525.92 -1118
9464.94 -4.6493 9535.55 -1106.8
9476.32 -7.08552 9544.59 -1107.28
9484.2 3.14662 9555.97 -1080.49
9495.28 5.0956 9565.01 -1090.72
9505.2 8.01907 9575.52 -1072.69
9515.42 3.14662 9585.73 -1055.15
9525.63 -4.16205 9595.36 -1054.17
9534.96 7.04458 9604.98 -1044.43
9545.18 25.5599 9616.65 -1051.74
9555.68 6.07009 9625.4 -1058.07
9565.01 13.866 9635.32 -1062.94
9575.81 28.4833 9645.24 -1075.13
9585.14 12.8915 9655.74 -1082.92
9595.94 20.6874 9665.37 -1117.03
9605.86 23.6109 9675.58 -1104.36
9615.48 12.8915 9685.21 -1099.49
9625.69 10.4553 9696 -1102.41
9635.32 9.96805 9705.63 -1083.41
9644.95 4.12111 9716.13 -1071.72
9655.16 29.9451 9726.63 -1059.53
9665.08 13.3788 9736.55 -1040.53
9675.58 13.866 9746.17 -1055.15
9685.79 1.68489 9755.51 -1068.3
9695.42 5.0956 9766.3 -1061
9705.04 5.0956 9775.93 -1064.41
9715.25 4.12111 9785.85 -1064.89
9726.04 8.50631 9795.47 -1061
9735.67 8.50631 9806.85 -1054.66
9745.3 7.53182 9816.48 -1054.17
9756.09 4.12111 9826.39 -1031.76
9766.3 8.99356 9836.31 -1020.07
9776.22 6.55733 9845.94 -993.756
9785.85 7.04458 9856.44 -992.782
9795.18 23.1237 9866.94 -985.473
9805.68 17.2767 9876.27 -984.011
9816.48 11.4298 9886.48 -972.805
9825.81 18.7385 9895.81 -961.111
9836.02 21.6619 9905.73 -962.573
9845.94 15.815 9915.35 -971.83
9855.85 27.0216 9926.44 -960.136
9865.48 24.5854 9936.65 -960.624
9876.27 17.764 9947.15 -940.647
9885.6 24.0981 9956.77 -936.261
9895.52 26.0471 9966.98 -918.721
9906.31 19.2257 9976.61 -897.769
9916.52 27.5089 9987.4 -895.333
9925.56 24.5854 9997.32 -890.948
9936.36 26.5344 10007.2 -905.565
9946.85 26.0471 10016 -868.534
9956.19 40.1772 10027.4 -866.098
9965.81 13.3788 10036.4 -856.84
9976.31 15.3277 10046.9 -849.532
9986.23 10.4553 10057.1 -851.481
9996.15 9.4808 10067 -829.067
10006.3 14.8405 10076.6 -825.657
10015.7 9.96805 10088 -809.578
10026.2 16.7895 10097.1 -806.167
10036.1 20.2002 10106.4 -789.601
10046.9 2.65938 10117.2 -781.805
10055.6 14.8405 10128 -770.111
10066.1 12.8915 10137.3 -764.751
10076.4 11.4298 10147.5 -755.981
10086.6 12.4043 10156.3 -755.494
10095.9 41.639 10167.4 -738.44
10107 18.2512 10177.5 -729.67
10116.3 51.8711 10187.2 -717.976
10126.2 36.7665 10198.3 -739.414
10135 46.5114 10208.2 -757.442
10146.4 54.3073 10218.1 -742.338
10156.3 71.8481 10226.8 -755.006
10166.5 81.1058 10237.3 -748.185
10176.7 105.955 10247.6 -748.185
10186.3 114.726 10257.2 -729.182
10197.1 123.496 10268.5 -724.797
10207 142.499 10277.6 -735.029
10216.3 145.909 10288.1 -726.746
10225.7 168.81 10297.1 -714.565
10235.6 177.58 10307.1 -710.667
10247.3 182.94 10318.4 -687.279
10256.9 182.453 10328.3 -683.869
10266.5 199.019 10338 -661.943
10276.4 207.789 10347.6 -651.71
10286.3 208.764 10358.4 -640.016
10297.4 209.738 10368.3 -629.784
10306.2 231.664 10377.9 -602.499
10315.8 245.307 10389 -605.909
10326.3 249.205 10398.3 -598.113
10336.8 265.772 10408 -594.215
10345.3 284.287 10417.9 -582.034
10356.6 287.698 10427.8 -564.006
10367.1 313.034 10438 -540.619
10376.8 327.164 10448.5 -545.978
10387.5 345.68 10459 -529.412
10396.6 361.759 10468 -503.101
10405.9 366.631 10479.1 -496.279
10416.7 382.223 10489 -492.381
10425.8 409.996 10498.7 -476.79
10437.4 421.203 10508.3 -479.713
10447 444.59 10517.9 -463.147
10457.2 460.669 10528.1 -444.144
10466.6 479.185 10538.9 -440.246
10476.5 478.697 10548 -434.399
10486.4 484.057 10559.6 -413.448
10497.2 506.47 10569.2 -405.164
10506.8 520.601 10578.9 -406.626
10516.2 538.141 10589.4 -389.085
10525.8 532.782 10599 -372.519
10537.2 548.374 10607.7 -361.8
10546.5 548.374 10619.1 -326.718
10557.6 548.861 10629.6 -338.412
10566.3 562.991 10638.6 -319.409
10576.8 570.787 10648.3 -301.869
10587.3 586.866 10658.2 -300.894
10596.9 589.302 10669.6 -282.379
10606.6 606.356 10678.6 -273.608
10616.5 621.46 10689.1 -265.813
10627 623.896 10699 -249.733
10637.5 628.282 10709.8 -255.093
10646.2 657.029 10719.7 -223.422
10657 658.491 10729.4 -209.292
10666.7 677.493 10739.3 -218.062
10677.4 699.419 10749.5 -200.522
10687.1 689.675 10759.1 -192.239
10696.4 726.218 10769.9 -175.672
10707.8 730.603 10779.5 -169.338
10716.5 738.399 10790 -145.95
10727 763.249 10799.1 -143.514
10736.9 778.84 10809.9 -121.588
10748 782.738 10820.7 -121.588
10757.4 783.713 10829.4 -108.92
10766.4 803.69 10840.2 -100.637
10776.9 812.947 10850.1 -69.9401
10786.5 815.871 10859.1 -60.1952
10797.3 831.463 10870.5 -62.1442
10807.2 828.539 10880.1 -38.2692
10817.1 831.463 10890.4 -28.5243
10826.8 859.723 10899.4 -14.8814
10837 855.338 10911.1 0.223151
10846.9 864.108 10919.5 -10.4962
10857.1 871.417 10930 13.866
10867.6 880.675 10939.9 -0.751338
10877.2 884.572 10950.2 26.5344
10886.6 920.629 10960.1 45.0497
10897.1 947.914 10970.3 53.8201
10907.3 951.325 10980.5 55.2818
10917.2 965.942 10991 46.5114
10926.2 986.407 11000.9 69.4119
10937 998.1 11010.5 78.6696
10947.2 1013.69 11019.6 80.1313
10956.3 1035.13 11030.1 94.2614
10967.7 1041.95 11040.9 114.238
10977 1068.75 11050.8 110.34
10987.5 1069.73 11061 142.986
10997.7 1108.7 11070.9 143.96
11007.6 1124.3 11081.4 158.09
11017 1128.68 11090.8 173.195
11027.2 1139.4 11100.7 190.736
11037.4 1131.61 11111.5 203.891
11047.9 1163.76 11121.1 205.84
11057.2 1157.92 11130.7 218.022
11066.8 1170.59 11140.9 222.894
11077.6 1182.28 11151.5 233.613
11087.9 1187.64 11160.8 253.59
11097.2 1206.64 11170.7 257.001
11107.4 1227.11 11181.2 271.618
11116.1 1222.72 11190.8 272.593
11127.8 1226.13 11201.3 288.185
11136.9 1235.39 11211.3 295.493
11147.1 1256.83 11221.5 311.085
11157.6 1263.16 11232 320.83
11168.1 1283.63 11241 323.266
11177.1 1301.65 11250.9 326.19
11186.8 1325.04 11261.7 358.348
11198.1 1337.22 11271.1 363.708
11207.5 1356.71 11281.9 374.914
11217.1 1368.41 11290.9 389.044
11227.9 1390.33 11302.3 389.044
11237.2 1408.36 11311 373.453
11247.4 1437.6 11322.4 409.022
11257.1 1439.54 11332.1 413.894
11267.9 1452.7 11342 430.948
11277.8 1476.09 11352.2 429.973
11287.1 1470.24 11361.8 441.667
11297.6 1499.48 11372.3 471.389
11307.3 1509.71 11382.2 481.134
11316.9 1513.12 11391.9 493.315
11328.5 1518.48 11402.4 505.983
11337.9 1532.61 11412.6 502.573
11348.1 1528.22 11421.6 521.088
11357.1 1559.41 11431.8 541.552
11367.6 1560.38 11442.6 549.348
11377.6 1582.31 11452.3 568.838
11387.2 1573.54 11461.9 555.682
11398 1589.62 11472.4 574.685
11407.3 1606.67 11481.8 596.124
11417.8 1626.16 11491.7 598.072
11428.1 1646.62 11502.5 608.792
11437.7 1642.73 11513 636.565
11447 1673.42 11522.6 648.259
11457.5 1687.06 11532.2 628.769
11467.7 1693.4 11543.3 644.848
11477.7 1717.76 11552.4 655.08
11487.6 1729.45 11563.2 659.465
11498.4 1748.46 11572.5 700.881
11506.9 1768.43 11582.7 697.47
11517.4 1778.67 11593.8 723.294
11527.9 1781.1 11603.2 715.986
11538.7 1801.08 11613.7 726.705
11547.4 1822.03 11622.7 747.657
11557.3 1829.83 11634.1 751.555
11568.1 1852.24 11644 763.249
11578.4 1854.68 11653.1 772.993
11587.7 1867.35 11663 778.84
11597.3 1880.99 11672.9 798.817
11606.9 1892.68 11684 792.483
11617.8 1876.12 11694.2 805.639
11627.4 1910.71 11703.3 816.358
11638.5 1923.87 11713.8 820.256
11647.8 1934.1 11723.1 832.437
11657.7 1947.74 11734.2 832.924
11668.3 1972.59 11743.6 833.899
11678.2 1982.33 11753.5 851.927
11687.5 2012.06 11764.9 861.185
11697.7 2010.11 11773.9 869.468
11707.4 2039.83 11784.1 873.366
11717.6 2049.57 11794.1 905.524
11728.1 2070.04 11802.8 901.139
11738 2097.32 11814.5 929.399
11747.4 2108.53 11823.8 944.504
11758.2 2119.25 11834.4 965.455
11767.8 2150.92 11843.7 965.455
11778.3 2154.82 11855.1 988.356
11787.9 2172.36 11864.4 1006.87
11798.1 2184.05 11874.1 1018.08
11808.7 2197.21 11884.9 1042.44
11818.3 2200.62 11894.5 1037.57
11827.9 2220.6 11904.4 1046.82
11837.3 2231.8 11913.2 1067.29
11847.8 2238.14 11924.6 1078.5
11858 2254.22 11933.9 1092.14
11868.2 2276.63 11944.1 1106.27
11877.9 2280.04 11954.4 1096.52
11887.5 2300.51 11964.3 1121.37
11898.3 2289.3 11975.1 1121.86
11907.3 2327.79 11984.7 1132.09
11917 2321.94 11995.2 1142.81
11928.4 2332.66 12005.5 1161.33
11938 2358 12015.1 1161.81
11948.8 2396.01 12025 1174.97
11959 2398.93 12035 1191.05
11968.1 2413.06 12045.5 1210.05
11977.7 2442.29 12055.7 1221.26
11988.8 2452.04 12066.5 1247.08
11998.2 2471.53 12075.3 1263.65
12007.2 2504.17 12084.9 1280.22
12018 2527.07 12095.7 1293.86
12028 2533.9 12105.3 1316.27
12038.2 2546.56 12115.9 1342.58
12048.4 2565.57 12126.7 1356.23
12057.4 2581.16 12135.4 1364.51
12068.3 2581.65 12145.4 1394.23
12077.9 2608.93 12155 1404.46
12087.8 2613.32 12166.7 1429.8
12097.5 2617.7 12176.3 1451.73
12107.4 2645.96 12186 1460.01
12118.5 2651.32 12196.5 1479.01
12128.4 2663.5 12206.4 1492.65
12138 2672.76 12215.8 1510.19
12147.1 2682.51 12226.3 1527.25
12157.6 2700.53 12236.5 1540.89
12167.9 2718.56 12246.1 1546.74
12177.5 2736.59 12256.4 1567.69
12188.6 2756.08 12266.9 1581.33
12198.2 2773.62 12276.2 1601.31
12207.9 2796.52 12286.5 1594.49
12218.1 2810.16 12296.4 1609.59
12228.6 2836.96 12307.2 1632.01
12238.8 2858.89 12317.1 1652.96
12248.2 2857.91 12325.9 1665.14
12257.8 2889.58 12337 1672.93
12268.3 2892.51 12346.6 1698.76
12277.7 2915.41 12357.2 1720.2
12288.2 2932.95 12368 1738.71
12298.1 2933.44 12377.6 1748.94
12307.8 2943.18 12387.3 1785
12318.6 2976.31 12397.2 1802.54
12327.3 2984.6 12407.1 1822.52
12338.2 3003.6 12417.3 1844.44
12347.5 3026.5 12427 1871.73
12358.6 3031.86 12437.2 1889.27
12368 3042.09 12447.2 1928.74
12377.9 3066.94 12458.6 1934.1
12388.4 3076.2 12467.9 1940.43
12398.1 3086.43 12477.5 1967.23
12407.7 3105.92 12488.1 1972.59
12417.9 3128.82 12497.7 1986.72
12428.4 3150.75 12509.1 2016.93
12437.2 3159.03 12517.9 2010.11
12448.6 3166.83 12528.1 2026.19
12459.1 3185.34 12538.6 2049.57
12468.5 3220.91 12547.7 2057.86
12478.4 3219.45 12559.1 2081.73
12488.1 3246.25 12567.9 2095.38
12497.7 3254.53 12579 2104.63
12507.6 3275.97 12588 2124.61
12517.6 3294.49 12599.7 2145.56
12527.8 3308.62 12608.5 2169.92
12538 3329.57 12619 2197.7
12547.7 3345.16 12628.6 2218.16
12557.3 3362.21 12639.2 2249.35
12567.9 3390.96 12649.7 2263.96
12578.1 3405.09 12658.8 2278.09
12588 3432.38 12669.6 2322.92
12600 3433.35 12680.4 2355.08
12608.5 3461.61 12689.1 2368.23
12619.3 3475.74 12699.7 2393.08
12628.3 3479.15 12709 2433.52
12638.3 3506.92 12719.3 2442.78
12647.6 3530.31 12729.5 2466.17
12657.6 3544.44 12740.6 2493.45
12668.4 3558.57 12750 2525.61
12678.3 3568.32 12759.9 2530
12688 3593.17 12770.1 2546.56
12697.9 3610.71 12780.4 2561.18
12707.6 3635.56 12790.6 2585.54
12718.1 3644.81 12800.8 2610.88
12727.7 3662.84 12810.8 2641.58
12738 3673.07 12821.6 2661.07
12747.3 3690.13 12830.9 2677.15
12758.2 3714 12840.9 2700.05
12768.4 3721.8 12851.1 2715.15
12777.7 3737.39 12861.6 2739.03
12788 3746.16 12872.2 2781.9
12797.9 3751.52 12881.3 2787.26
12808.4 3777.35 12892.4 2817.47
12818.4 3792.45 12902.3 2855.96
12828 3829.97 12912.2 2893
12838 3825.09 12922.8 2917.36
12847.6 3842.15 12932.7 2954.39
12858.4 3855.3 12943.2 2985.57
12867.2 3847.02 12954.4 3024.55
12878 3797.81 12964.3 3059.15
12888.6 3721.31 12974 3082.53
12897.9 3656.02 12982.4 3113.72
12908.4 3590.24 12991.2 3166.83
12918.1 3530.31 12996.2 3203.86
12928 3492.79 12995.3 3247.71
12937.4 3438.71 12987.7 3270.61
12947.6 3391.93 12977.2 3304.23
12957.3 3354.9 12967.8 3328.11
