8010.35 -3.18756 8032 -4.16205
8008.89 41.1517 8041.94 -5.13654
8005.97 55.2818 8051.01 14.3532
8004.5 56.7435 8061.24 9.96805
8007.14 57.718 8070.6 5.58284
8013.86 61.616 8079.96 14.8405
8021.18 61.616 8091.36 11.917
8030.54 66.0012 8101.89 15.3277
8040.48 53.3328 8111.54 9.96805
8050.13 50.4094 8121.48 -0.751338
8059.49 42.6134 8131.72 -4.16205
8069.43 52.8456 8141.95 -19.7539
8079.67 48.4604 8150.72 -12.9325
8091.36 47.4859 8162.13 -21.2156
8100.14 52.8456 8171.19 -33.884
8110.96 39.2027 8181.13 -12.9325
8120.61 32.3813 8191.37 -29.4988
8130.55 34.3303 8200.43 -22.1901
8140.49 43.1007 8211.83 -15.3687
8151.02 53.8201 8221.19 -20.2411
8160.96 46.5114 8232.59 -22.1901
8169.73 43.5879 8241.36 -29.986
8180.55 51.8711 8251.59 -32.4223
8191.07 48.9476 8261.24 -30.9605
8201.01 35.3048 8271.47 -23.6518
8211.25 46.5114 8281.7 -28.037
8220.31 51.8711 8291.93 -27.5498
8230.84 47.4859 8301.87 -23.6518
8241.07 52.3583 8311.51 -34.3712
8251.3 50.4094 8321.45 -32.9095
8260.65 37.741 8332.56 -33.3967
8272.05 44.5624 8341.62 -12.4452
8281.12 45.5369 8352.14 -12.9325
8292.22 38.2282 8362.67 -33.3967
8301.87 44.0752 8372.6 -36.3202
8312.1 36.7665 8381.08 -29.0115
8320.87 33.3558 8391.6 -21.2156
8331.98 51.3839 8402.7 -18.7794
8341.33 42.1262 8412.06 -33.3967
8352.73 31.4068 8421.7 -20.2411
8360.91 39.69 8432.22 -30.4733
8371.73 35.792 8442.74 -33.3967
8381.08 31.4068 8452.38 -23.6518
8391.6 45.0497 8462.03 -37.2947
8401.83 37.741 8472.84 -27.0626
8412.35 40.1772 8482.19 -26.5753
8422.58 41.1517 8491.83 -38.7564
8431.93 46.9987 8502.93 -30.4733
8443.03 43.5879 8512.58 -27.5498
8452.68 37.2538 8521.93 -29.4988
8462.32 42.6134 8531.86 -45.0906
8472.25 52.8456 8541.79 -38.2692
8482.48 40.6645 8552.6 -36.3202
8492.12 40.1772 8562.25 -34.3712
8502.35 54.3073 8572.47 -30.4733
8512.87 47.4859 8582.4 -46.5524
8523.09 29.4578 8593.5 -34.3712
8532.44 45.5369 8602.85 -32.4223
8542.67 52.8456 8612.2 -22.1901
8552.89 44.0752 8622.42 -46.5524
8562.83 41.639 8632.65 -47.0396
8572.47 39.2027 8642.58 -37.7819
8582.69 43.1007 8652.51 -26.0881
8592.63 52.8456 8661.86 -56.7845
8602.85 41.639 8672.08 -39.7309
8612.78 34.8175 8682.89 -23.1646
8622.42 30.9196 8693.41 -24.6263
8633.23 34.3303 8702.75 -39.2437
8642.58 15.3277 8712.39 -39.2437
8653.68 36.2793 8722.32 -36.8075
8663.32 38.2282 8733.13 -31.935
8672.67 41.1517 8743.06 -37.7819
8683.48 36.2793 8752.7 -29.4988
8694.28 45.0497 8763.5 -29.4988
8703.05 49.9221 8772.85 -38.7564
8714.14 51.8711 8783.07 -39.2437
8722.91 45.5369 8793 -37.7819
8733.42 39.2027 8802.05 -41.6799
8743.35 31.8941 8812.86 -35.833
8752.99 45.0497 8821.91 -48.9886
8764.38 33.843 8833.3 -40.7054
8772.85 50.8966 8843.23 -33.3967
8783.07 45.0497 8853.45 -44.1161
8793.88 43.1007 8863.38 -33.3967
8804.39 40.1772 8872.72 -45.0906
8814.03 38.7155 8883.82 -35.833
8824.54 29.9451 8894.04 -33.884
8833.88 32.3813 8903.96 -39.2437
8843.81 46.5114 8913.6 -37.7819
8853.45 36.2793 8923.53 -43.1416
8863.96 30.9196 8933.45 -38.7564
8873.31 37.2538 8943.38 -40.7054
8883.23 27.0216 8954.18 -45.0906
8894.04 35.3048 8963.23 -32.4223
8903.67 34.3303 8974.04 -21.7029
8913.89 56.7435 8983.67 -40.2182
8924.11 25.5599 8993.6 -43.1416
8934.62 34.8175 9003.81 -40.2182
8943.96 35.3048 9013.74 -49.4758
8955.06 34.8175 9023.66 -47.0396
8963.53 33.3558 9033.59 -42.1671
8973.74 27.5089 9044.1 -47.5268
8984.25 41.1517 9053.73 -42.1671
8994.18 50.4094 9063.95 -42.6544
9004.69 44.5624 9073.29 -37.2947
9014.32 46.5114 9084.09 -45.0906
9024.54 61.616 9094.02 -38.7564
9033.59 43.1007 9104.23 -53.3738
9044.39 40.6645 9114.45 -36.3202
9054.32 55.7691 9124.67 -66.5294
9064.24 40.1772 9133.42 -72.3763
9075.04 45.5369 9144.22 -234.142
9084.68 49.4349 9154.44 -548.902
9094.31 46.5114 9164.36 -522.103
9104.82 35.3048 9174.58 -506.511
9113.28 24.5854 9184.5 -488.483
9124.08 41.639 9194.13 -505.05
9133.42 19.7129 9203.76 -467.532
9144.51 35.3048 9214.27 -464.121
9154.15 36.2793 9224.19 -455.838
9164.36 20.2002 9234.12 -428.552
9174.29 30.4323 9244.33 -424.167
9184.79 27.0216 9254.26 -413.448
9194.43 23.1237 9264.18 -422.705
9204.06 39.2027 9274.68 -453.402
9214.27 45.0497 9284.02 -444.144
9224.78 48.4604 9294.82 -428.065
9234.99 29.9451 9304.74 -447.068
9244.92 47.4859 9314.66 -439.272
9255.13 43.5879 9324.88 -438.297
9264.47 46.5114 9333.93 -418.807
9274.39 59.1798 9343.84 -407.601
9284.9 56.2563 9354.06 -398.343
9295.4 35.3048 9364.56 -393.958
9304.74 46.5114 9374.19 -385.675
9314.95 57.718 9384.41 -361.312
9324.59 39.2027 9396.37 -369.108
9335.68 35.792 9404.83 -366.672
9345.31 43.5879 9415.63 -348.157
9355.52 44.5624 9423.8 -348.644
9366.61 42.1262 9434.59 -333.54
9375.65 44.5624 9445.1 -319.897
9384.99 39.69 9454.43 -318.922
9395.5 44.5624 9465.81 -302.843
9404.25 31.8941 9475.15 -294.56
9414.75 33.843 9485.36 -292.611
9425.55 38.7155 9495.58 -282.866
9434.59 46.5114 9504.91 -282.866
9444.81 30.9196 9515.13 -282.866
9455.02 39.69 9525.04 -268.249
9464.65 40.6645 9534.67 -269.71
9475.74 47.4859 9544.59 -250.708
9485.07 32.3813 9555.09 -261.427
9495.58 48.4604 9566.18 -243.399
9505.2 50.4094 9575.52 -241.938
9515.13 45.5369 9585.14 -234.142
9524.75 48.4604 9595.94 -242.425
9535.25 59.667 9605.57 -239.989
9544.59 51.3839 9615.78 -241.45
9555.09 55.2818 9625.4 -225.858
9565.31 42.6134 9636.49 -206.856
9575.23 50.4094 9645.53 -211.728
9586.02 46.0242 9655.74 -201.496
9595.65 50.8966 9664.5 -204.42
9605.27 53.8201 9675.87 -194.188
9614.9 43.5879 9685.5 -182.494
9625.99 46.0242 9696.29 -175.672
9635.32 45.0497 9706.21 -180.545
9645.53 43.5879 9715.55 -163.004
9655.16 39.69 9725.75 -183.955
9665.08 42.1262 9735.67 -192.726
9676.75 39.69 9745.59 -193.213
9685.79 35.3048 9755.8 -192.726
9695.71 45.5369 9765.72 -188.828
9705.63 51.3839 9776.22 -195.649
9715.55 53.3328 9785.85 -169.825
9726.04 41.639 9796.06 -185.904
9735.67 39.2027 9806.26 -180.057
9745.59 50.8966 9816.18 -171.774
9755.51 57.2308 9826.39 -189.802
9765.72 49.9221 9835.43 -171.774
9776.51 57.718 9846.23 -180.057
9784.97 44.0752 9855.56 -173.723
9796.06 38.2282 9867.23 -169.338
9805.68 43.1007 9876.27 -159.593
9815.6 44.5624 9885.89 -151.797
9826.39 46.0242 9896.98 -145.463
9836.02 39.69 9906.61 -166.902
9846.23 50.8966 9916.23 -175.185
9855.85 55.2818 9926.44 -153.259
9866.94 42.1262 9936.36 -150.823
9875.69 46.0242 9946.56 -139.616
9885.6 50.4094 9956.77 -129.384
9895.81 35.792 9966.98 -134.256
9905.73 43.5879 9976.61 -116.716
9916.23 53.8201 9987.11 -125.486
9925.56 45.0497 9997.02 -146.925
9936.94 56.7435 10006.6 -122.075
9946.85 64.5395 10016.3 -121.588
9955.61 57.2308 10025.9 -124.999
9966.4 55.7691 10037 -133.769
9975.15 58.2053 10047.2 -128.409
9986.52 46.0242 10057.7 -126.948
9996.15 52.8456 10067.3 -132.795
10005.8 63.565 10076.9 -124.512
10016 52.3583 10086.3 -135.718
10025.9 64.0522 10097.1 -109.407
10036.1 58.6925 10107.3 -106.483
10046.6 63.0777 10117.5 -111.843
10056.8 48.4604 10126.8 -112.818
10066.7 49.4349 10137.9 -114.767
10075.8 57.2308 10147.2 -124.024
10087.1 51.3839 10156.9 -101.124
10095.6 53.8201 10167.6 -103.56
10106.7 63.0777 10176.4 -116.228
10116.6 46.5114 10187.2 -104.534
10125.6 63.565 10197.7 -108.432
10136.4 71.8481 10207 -92.8406
10146.4 85.0037 10216.6 -103.56
10156.3 82.0803 10228 -121.588
10166.2 89.389 10238.5 -140.591
10175.8 97.6721 10247.8 -130.358
10186.3 117.649 10257.5 -151.797
10196.2 129.83 10267.1 -138.642
10207 153.218 10277.9 -154.721
10216.3 160.039 10288.1 -144.489
10226.3 175.631 10298.3 -145.463
10236.2 190.736 10308.2 -145.95
10247 214.124 10317.3 -142.54
10256 221.432 10328.3 -139.616
10266.5 249.205 10339.1 -129.871
10277.3 258.463 10347.9 -124.999
10286.9 275.516 10358.1 -111.843
10296.3 293.545 10367.7 -105.509
10306.5 295.981 10378.2 -109.894
10316.4 325.215 10387.8 -85.0447
10326 328.626 10397.5 -93.3279
10337.4 336.422 10408.3 -107.458
10346.7 346.654 10417.6 -103.073
10356.6 357.861 10428.1 -88.9426
10366.8 360.784 10438 -87.9682
10375.6 368.093 10448.5 -89.9171
10387 374.427 10457.8 -80.6595
10396.9 402.687 10468.6 -68.4784
10406.2 392.942 10479.1 -67.9911
10417 402.2 10488.7 -66.0421
10426.6 429.486 10499.8 -74.3253
10437.1 434.846 10508.3 -78.7105
10447 435.82 10519.4 -74.3253
10457.2 450.925 10528.1 -82.1212
10466.6 462.131 10539.8 -92.3534
10476.5 488.93 10548.8 -84.0702
10487 506.47 10558.1 -90.4044
10497.2 507.445 10568.4 -75.787
10506.5 527.909 10578.9 -64.0932
10516.5 549.348 10588.2 -68.9656
10526.1 550.81 10599.6 -75.2998
10536.9 577.608 10608.6 -53.861
10546.5 581.993 10619.1 -57.2717
10556.7 602.458 10627.6 -68.9656
10567.2 596.611 10638.6 -49.4758
10575.9 627.307 10648.9 -61.6569
10587 636.565 10659.1 -33.884
10597.2 636.565 10669.6 -41.1927
10607.2 651.669 10678.9 -27.5498
10617.1 651.669 10689.1 -15.3687
10626.7 664.825 10699.3 -23.1646
10636.6 686.264 10708.9 -1.23858
10647.4 681.391 10719.7 4.12111
10657.9 690.649 10729.9 11.917
10667.2 701.368 10739.6 22.1492
10676.9 711.113 10748.9 27.5089
10687.1 722.807 10759.7 29.4578
10697.3 723.294 10769.9 53.8201
10707.8 725.731 10779.2 53.3328
10717.1 758.863 10790.3 68.4374
10727.3 776.891 10799.9 73.7971
10737.2 767.634 10809.9 67.4629
10746.9 790.534 10818.9 91.3379
10757.1 811.486 10829.7 96.2104
10766.7 825.616 10839.9 94.2614
10776.3 839.746 10849.8 101.57
10787.1 852.414 10858.9 104.494
10796.7 870.442 10870.2 122.034
10806.6 862.647 10879.9 144.448
10817.1 899.677 10890.4 155.654
10827.6 887.983 10900.3 159.065
10837 913.32 10909.9 166.861
10847.2 920.141 10920.1 186.838
10856.8 941.093 10931.2 189.274
10867 963.019 10939.9 210.713
10877 958.634 10949.6 204.379
10886.6 976.662 10960.7 237.024
10897.1 990.792 10970.6 230.69
10907.3 989.817 10981.1 240.435
10917.2 991.766 10989.5 225.817
10927.7 1002.49 11000.6 251.641
10937 1023.92 11010.8 267.721
10947.5 1032.21 11020.2 264.31
10957.2 1054.13 11030.4 276.004
10967.7 1048.29 11040.6 272.106
10977 1076.55 11051.4 279.414
10987.5 1097.5 11061 284.287
10996.8 1115.04 11070.6 288.672
11007.6 1120.4 11080.3 282.338
11017 1141.84 11090.2 300.366
11028 1155.48 11101.3 315.958
11037.1 1174 11110.6 308.649
11048.5 1196.41 11120.2 322.292
11057.5 1211.03 11131.6 330.088
11066.5 1230.03 11141.5 348.603
11076.2 1219.8 11151.5 370.529
11087.6 1251.47 11160.8 373.94
11097.5 1259.26 11171 396.84
11107.4 1282.65 11181.5 393.43
11116.4 1281.19 11191.4 395.379
11126.9 1288.01 11200.5 410.971
11137.4 1291.42 11210.1 426.562
11147.6 1307.99 11221.8 431.435
11157.3 1319.68 11231.7 434.846
11166.9 1320.66 11241.9 452.874
11176.8 1343.07 11251.5 449.463
11187.9 1340.63 11261.4 464.567
11197.8 1345.99 11271.1 467.004
11207.5 1371.33 11281.9 470.414
11217.4 1376.2 11291.2 474.8
11227.3 1384 11301.4 482.595
11237.8 1408.85 11311.9 493.315
11246.9 1428.82 11322.1 498.187
11257.6 1454.16 11331.2 512.317
11267.3 1483.4 11341.7 521.575
11277.8 1493.14 11351.9 529.858
11288 1502.4 11362.4 532.782
11297 1526.76 11372.9 545.937
11307.8 1542.35 11381.9 544.476
11317.5 1558.43 11391.9 559.58
11327.7 1582.31 11402.1 565.914
11338.5 1590.1 11412 570.787
11347.2 1611.05 11421.9 588.328
11358.3 1616.41 11431.5 596.611
11367.4 1633.47 11442.6 609.766
11377.9 1633.47 11452.3 607.817
11387.5 1644.19 11462.5 624.871
11398 1650.03 11472.4 621.948
11407.6 1673.91 11482.3 631.692
11416.7 1680.24 11492.5 657.029
11428.1 1671.47 11502.2 665.312
11437.4 1685.6 11513 667.261
11446.7 1700.22 11522.3 697.47
11456.9 1713.86 11532.5 685.777
11467.7 1723.61 11542.7 709.164
11478 1724.1 11552.4 711.601
11488.2 1749.43 11562.6 728.167
11498.1 1757.72 11572.5 738.886
11508 1785.98 11583.6 750.58
11517.1 1808.39 11592.9 775.917
11528.1 1813.26 11602.9 772.993
11537.8 1827.39 11612.5 783.713
11547.4 1848.83 11622.7 790.534
11557.9 1860.52 11633.2 810.511
11567.6 1874.65 11643.1 821.718
11578.1 1905.84 11653.4 816.845
11587.7 1899.5 11662.7 820.743
11598.5 1913.15 11674.1 830.001
11606.7 1938 11683.7 847.055
11617.5 1946.28 11693.6 843.644
11627.7 1966.74 11704.1 850.953
11638.2 1961.38 11713.8 864.595
11647.8 1980.87 11723.7 883.111
11657.2 1986.72 11733.6 884.085
11668 2007.18 11742.7 885.547
11678.2 2023.75 11754.1 904.062
11687.8 2031.55 11764.3 900.164
11697.7 2044.22 11774.8 919.654
11707.4 2058.34 11784.1 942.067
11718.2 2089.04 11794.1 944.504
11727.2 2097.81 11804 960.583
11738 2113.4 11814.5 976.174
11746.8 2132.89 11824.1 982.996
11757.9 2137.28 11834.4 1010.77
11768.1 2181.13 11844.3 1018.08
11777.7 2189.9 11854.2 1036.11
11788.2 2195.75 11863.8 1051.21
11796.4 2227.91 11874.1 1075.09
11808.7 2239.6 11884.6 1083.37
11818 2261.04 11894.8 1116.01
11827.3 2280.04 11903.8 1119.91
11838.2 2289.3 11914.6 1123.81
11847.2 2303.43 11924 1146.71
11857.7 2322.43 11933.6 1152.07
11867.1 2318.05 11944.1 1170.1
11877.9 2352.64 11954.4 1181.79
11888.1 2353.62 11965.5 1177.41
11898.3 2360.92 11975.1 1180.82
11908.5 2373.11 11985 1209.08
11917.6 2384.8 11995.5 1208.59
11928.1 2402.83 12005.5 1220.77
11937.4 2403.31 12014.8 1211.51
11947.9 2415.01 12025.3 1224.18
11958.7 2437.42 12035 1247.08
11968.1 2453.01 12045.2 1261.21
11978.3 2470.07 12054.5 1272.91
11987.9 2490.53 12065.6 1278.27
11997.6 2500.76 12075 1288.99
12008.4 2511 12086.1 1319.19
12017.7 2532.43 12095.4 1348.92
12028.8 2557.28 12105.9 1346.48
12036.7 2577.26 12115.3 1365
12049 2596.26 12125.8 1391.31
12057.4 2603.08 12135.4 1406.9
12068.8 2641.09 12146.2 1423.95
12078.2 2634.76 12155.9 1435.65
12087.5 2661.07 12166.4 1456.11
12097.2 2686.4 12175.7 1476.57
12107.4 2697.12 12186.3 1494.12
12117.3 2707.84 12196.2 1504.83
12128.7 2719.05 12206.4 1502.4
12138.3 2734.64 12216 1540.4
12148 2753.16 12226 1540.4
12157.6 2747.8 12236.5 1569.64
12167.9 2759.49 12246.4 1577.43
12177.8 2781.9 12255.5 1586.2
12188.3 2785.31 12266 1602.77
12198.2 2803.83 12275.9 1627.13
12208.2 2816.5 12287 1640.29
12218.1 2842.81 12296.7 1650.52
12228.6 2866.2 12306.9 1673.42
12237.9 2879.84 12316.8 1697.3
12247.6 2900.3 12327.3 1708.5
12258.4 2904.2 12337.3 1731.4
12267.8 2935.87 12346.6 1746.02
12278 2945.13 12356.9 1788.41
12288.8 2980.7 12367.4 1798.16
12297.5 3002.14 12377.9 1803.52
12308.6 3018.7 12387.3 1834.7
12318.3 3041.12 12397.5 1857.6
12327.6 3055.74 12407.1 1881.96
12338.5 3071.81 12416.8 1902.91
12348.4 3091.79 12427.3 1910.71
12357.4 3087.41 12437.5 1919.48
12368 3110.79 12447.7 1946.77
12376.7 3135.64 12458.3 1953.59
12388.4 3129.8 12467.3 1967.72
12398.1 3147.82 12477.8 1971.62
12408 3160.01 12488.1 1990.62
12418.2 3160.49 12497.4 2007.18
12427.6 3195.09 12508.2 2023.26
12439 3193.63 12518.2 2037.39
12447.4 3200.93 12528.1 2057.37
12458.6 3228.71 12538.6 2078.81
12467.9 3236.5 12549.1 2088.55
12478.1 3258.43 12558.8 2122.17
12488.1 3265.25 12568.7 2141.66
12496.8 3275.97 12578.7 2145.56
12507.9 3311.05 12588 2179.67
12518.2 3323.72 12599.1 2201.11
12528.4 3332.98 12608.5 2216.21
12538 3365.62 12619.9 2244.47
12547.4 3387.55 12628.9 2263.48
12557.6 3382.68 12639.2 2300.99
12567.9 3408.99 12649.1 2324.87
12578.7 3425.07 12659.6 2343.87
12588 3450.4 12669.3 2372.13
12598.5 3473.3 12678.9 2393.08
12607.6 3477.69 12689.7 2414.52
12619 3499.13 12699.7 2430.11
12628.1 3508.87 12709.9 2449.12
12638 3516.18 12719.8 2465.19
12647.9 3528.36 12729.8 2484.2
12658.8 3548.83 12740 2501.25
12667.8 3567.83 12749.7 2523.66
12678.9 3583.91 12759.9 2534.38
12688 3592.19 12770.7 2560.69
12698.2 3623.38 12780.7 2577.26
12707.9 3629.22 12790.9 2577.26
12717.5 3652.12 12800 2617.21
12728 3679.41 12810.5 2639.14
12738 3694.03 12821 2661.55
12747.6 3709.13 12831.5 2682.51
12758.2 3729.11 12841.5 2711.74
12767.5 3760.29 12851.4 2752.18
12778.3 3750.55 12861.1 2776.54
12788 3780.27 12871.6 2797.01
12798.5 3803.66 12881.5 2843.78
12808.1 3826.07 12892.4 2879.84
12818.7 3839.22 12902.9 2907.13
12827.1 3853.84 12913.7 2954.88
12837.4 3863.1 12921.9 3001.16
12848.2 3877.23 12933 3021.63
12858.1 3897.21 12943.5 3042.09
12868.4 3870.41 12953.5 3059.15
12878.3 3834.35 12965.2 3084
12888 3745.19 12973.7 3113.72
12897.3 3677.46 12983 3162.44
12906.7 3601.45 12990.9 3179.98
12917.2 3541.03 12994.7 3202.4
12928.3 3479.64 12995 3245.27
12938 3427.5 12988 3266.71
12947.3 3411.91 12977.8 3299.84
12958.2 3349.54 12967.8 3333.46
