8010.35 45.5369 8031.41 -13.4197
8009.18 21.1747 8041.06 -6.59828
8005.97 16.3022 8051.59 -13.9069
8004.5 34.3303 8061.54 -21.2156
8008.89 34.8175 8069.73 -14.8814
8013.57 25.5599 8080.55 -10.4962
8022.05 27.9961 8090.49 -11.958
8030.54 25.5599 8101.02 2.65938
8040.48 32.3813 8112.13 2.65938
8048.96 25.0726 8122.07 -19.2666
8059.2 30.9196 8131.72 -12.9325
8069.73 26.5344 8141.08 -25.6008
8080.84 27.0216 8151.31 -35.3457
8091.07 37.741 8161.25 -21.7029
8100.72 20.6874 8171.78 -39.7309
8110.08 26.0471 8181.72 -27.5498
8120.9 36.2793 8191.07 -47.5268
8129.97 12.4043 8201.6 -44.6034
8140.78 38.2282 8211.54 -26.5753
8149.85 27.0216 8221.48 -30.4733
8160.67 20.2002 8231.71 -41.1927
8170.61 31.4068 8241.36 -35.833
8180.84 19.7129 8252.47 -46.0651
8189.9 24.5854 8261.24 -42.1671
8200.14 34.3303 8271.18 -35.833
8211.25 31.4068 8281.99 -38.7564
8220.6 27.0216 8291.93 -40.2182
8231.42 28.9706 8301.87 -28.037
8241.07 33.3558 8312.39 -48.5013
8251.59 24.5854 8322.62 -36.8075
8261.24 19.2257 8332.27 -43.6289
8271.76 28.4833 8341.04 -35.3457
8281.7 23.6109 8352.14 -45.5779
8291.93 32.8686 8361.79 -47.5268
8301.87 31.4068 8372.6 -46.5524
8312.1 18.7385 8381.66 -39.7309
8320.58 31.4068 8392.18 -50.4503
8331.98 20.2002 8401.24 -23.6518
8342.21 24.0981 8411.76 -51.912
8352.14 25.5599 8421.41 -38.2692
8362.08 16.3022 8432.51 -46.5524
8371.73 17.2767 8441.57 -36.3202
8381.66 19.7129 8452.38 -33.3967
8391.31 18.2512 8462.9 -56.2972
8402.41 13.3788 8472.84 -51.4248
8412.35 17.2767 8481.9 -43.6289
8421.99 16.3022 8491.54 -47.5268
8432.51 27.9961 8502.35 -52.8865
8440.99 4.60835 8511.99 -48.0141
8452.38 12.4043 8521.64 -54.3483
8462.32 12.8915 8532.44 -37.2947
8472.84 10.4553 8543.25 -43.1416
8483.07 17.764 8552.6 -43.6289
8493.58 27.9961 8562.54 -38.7564
8502.93 25.0726 8572.76 -41.6799
8512.28 10.9425 8582.11 -58.2462
8521.93 2.65938 8592.04 -46.5524
8533.03 14.8405 8602.27 -47.5268
8541.79 8.99356 8612.2 -47.5268
8552.6 -4.16205 8622.13 -54.8355
8562.25 15.815 8632.65 -48.5013
8572.76 7.53182 8642.29 -50.9376
8582.69 18.7385 8653.39 -40.2182
8592.92 13.866 8662.15 -48.5013
8602.27 8.50631 8672.67 -36.8075
8612.78 -1.72583 8682.89 -50.9376
8622.13 6.07009 8692.82 -45.0906
8633.23 14.8405 8701.88 -42.6544
8642.58 8.99356 8713.56 -55.81
8653.68 -8.54726 8722.61 -45.5779
8662.74 -14.3942 8734.01 -49.9631
8673.84 -3.67481 8742.47 -60.6824
8683.18 13.3788 8753.57 -59.708
8693.99 -2.21307 8762.92 -57.759
8702.75 13.866 8772.56 -46.0651
8713.56 6.07009 8783.95 -55.3228
8723.49 -0.264094 8792.71 -47.0396
8731.96 19.2257 8802.64 -54.8355
8743.94 12.4043 8812.27 -45.5779
8753.28 -9.0345 8823.37 -54.8355
8763.21 4.12111 8832.42 -52.3993
8773.43 -11.4707 8842.64 -65.0677
8783.65 10.4553 8853.16 -57.759
8793.29 -0.264094 8863.38 -51.912
8803.22 2.17213 8873.89 -66.5294
8813.44 -5.13654 8883.52 -52.8865
8823.66 5.0956 8892.87 -46.5524
8834.17 -9.0345 8904.25 -50.9376
8843.52 6.55733 8913.6 -59.708
8853.45 -8.06001 8923.82 -58.7335
8864.25 -17.8049 8933.75 -50.9376
8873.6 -4.16205 8943.38 -64.5804
8884.11 -9.0345 8952.43 -59.708
8893.74 -11.958 8963.53 -47.5268
8904.55 -14.3942 8973.74 -61.1697
8914.77 -14.3942 8983.96 -59.2207
8923.82 -22.6774 8993.01 -70.4273
8933.75 -6.59828 9003.81 -44.1161
8943.96 -0.751338 9013.15 -47.0396
8953.31 -10.009 9023.96 -45.0906
8963.53 -11.958 9033.01 -53.3738
8973.45 10.9425 9044.39 -51.912
8984.55 -9.52174 9054.32 -57.2717
8993.3 -1.23858 9063.37 -56.2972
9003.52 1.68489 9074.17 -54.3483
9014.32 -6.11103 9083.51 -60.1952
9024.25 1.19764 9094.31 -49.9631
9033.88 -3.67481 9103.36 -41.1927
9044.68 -3.67481 9114.16 -57.759
9054.61 -5.13654 9124.96 -58.2462
9064.83 -9.0345 9133.42 -56.2972
9074.46 -4.16205 9143.93 -56.2972
9084.38 -2.70032 9153.56 -57.759
9093.73 5.0956 9164.65 -61.6569
9103.94 -16.8304 9174.29 -57.2717
9114.16 -6.59828 9185.09 -50.4503
9124.38 -17.8049 9193.84 -55.81
9134.3 -10.9835 9203.47 -62.1442
9144.51 -14.3942 9214.27 -60.6824
9154.44 -18.2922 9224.78 -44.1161
9164.65 -4.16205 9234.7 -47.0396
9174.58 -7.57277 9244.33 -40.7054
9184.5 2.65938 9254.55 -48.9886
9193.84 -6.59828 9264.47 -56.7845
9204.35 -20.7284 9274.1 -67.5039
9214.85 -7.57277 9284.31 -52.8865
9224.78 -10.9835 9295.11 -36.8075
9233.83 -22.6774 9305.03 -61.6569
9245.5 -4.16205 9314.95 -48.5013
9254.84 -5.13654 9323.71 -60.6824
9264.76 0.223151 9334.51 -42.6544
9274.97 7.04458 9343.55 -57.759
9284.31 -5.13654 9354.35 -59.2207
9294.53 3.14662 9364.27 -64.0932
9305.03 8.50631 9375.36 -63.6059
9315.54 15.815 9384.99 -68.4784
9325.75 -2.70032 9394.33 -50.4503
9333.93 16.7895 9404.54 -54.3483
9345.89 2.17213 9415.04 -57.2717
9355.23 -9.0345 9424.09 -64.0932
9366.61 3.14662 9435.18 -69.9401
9375.94 2.65938 9444.52 -62.6314
9384.41 7.04458 9455.31 -68.9656
9394.91 -13.9069 9464.36 -54.3483
9405.42 12.4043 9475.44 -53.3738
9415.34 2.17213 9485.07 -55.81
9424.97 13.866 9494.99 -52.3993
9434.89 9.4808 9505.49 -50.9376
9445.1 7.04458 9514.54 -53.861
9454.73 10.9425 9525.04 -52.3993
9464.94 9.4808 9536.13 -38.7564
9475.74 7.04458 9545.47 -45.5779
9486.24 17.764 9555.39 -51.912
9495.58 8.99356 9565.01 -41.6799
9504.62 13.866 9576.1 -48.5013
9515.71 21.6619 9584.27 -55.3228
9525.63 26.5344 9595.06 -54.8355
9535.25 16.3022 9605.57 -58.7335
9545.18 30.9196 9616.36 -59.2207
9555.39 29.9451 9625.4 -65.5549
9565.31 16.7895 9635.61 -51.4248
9574.64 28.4833 9645.83 -54.8355
9585.14 23.6109 9655.45 -67.9911
9595.36 32.8686 9665.95 -67.0166
9605.27 28.4833 9675.87 -60.1952
9616.36 12.8915 9685.79 -73.3508
9624.82 21.1747 9696.29 -53.3738
9635.91 12.4043 9705.92 -72.8636
9645.24 20.6874 9716.42 -59.708
9655.45 20.6874 9725.46 -66.0421
9665.08 29.4578 9735.38 -72.3763
9676.45 14.3532 9745.88 -42.1671
9685.21 18.7385 9755.8 -46.0651
9695.42 19.7129 9766.3 -56.2972
9706.21 29.4578 9776.51 -62.1442
9715.84 17.764 9786.43 -54.3483
9725.75 26.0471 9795.76 -35.3457
9735.67 25.5599 9805.97 -48.0141
9745.01 21.6619 9816.18 -40.7054
9754.64 23.6109 9826.39 -41.6799
9765.43 31.8941 9835.73 -46.5524
9775.93 29.4578 9846.52 -54.8355
9785.85 48.4604 9856.44 -59.708
9796.35 35.3048 9866.65 -48.5013
9805.39 47.9731 9875.98 -69.9401
9815.89 34.3303 9886.77 -43.1416
9826.1 49.4349 9896.1 -70.4273
9835.43 37.741 9906.31 -71.8891
9845.35 30.9196 9916.52 -73.8381
9856.44 50.8966 9926.44 -78.2233
9866.65 41.639 9936.65 -68.4784
9877.15 37.741 9946.27 -67.9911
9885.6 42.6134 9956.77 -73.8381
9895.81 37.741 9966.98 -82.1212
9905.15 21.1747 9976.31 -73.8381
9916.23 36.7665 9986.52 -66.0421
9925.86 37.2538 9996.44 -55.3228
9936.65 22.6364 10007.5 -58.2462
9946.56 33.3558 10016.9 -42.6544
9955.9 31.8941 10027.4 -61.6569
9965.81 40.6645 10037.3 -25.1136
9976.31 27.5089 10046.9 -38.7564
9985.65 31.4068 10056.5 -29.986
9995.27 48.4604 10066.7 -36.8075
10006.6 49.9221 10076.9 -29.4988
10016.3 51.8711 10088 -52.3993
10027.1 44.5624 10096.8 -42.6544
10036.1 47.9731 10107.3 -56.7845
10046.9 54.7946 10117.5 -48.0141
10056.2 58.6925 10127.1 -54.3483
10065.8 66.0012 10136.4 -62.6314
10076.1 63.0777 10146.9 -60.1952
10087.1 71.8481 10157.1 -82.6085
10097.1 70.8736 10167.6 -69.9401
10106.7 71.8481 10178.1 -77.2488
10116.3 79.644 10187.5 -81.634
10126.5 83.0548 10198.3 -89.9171
10135.6 91.3379 10207.3 -74.8125
10146.9 94.7486 10216 -100.149
10156.9 112.289 10227.4 -162.517
10166.2 126.907 10237.3 -122.563
10176.4 137.626 10247.8 -150.335
10186.9 146.884 10257.2 -110.381
10195.9 142.499 10268.3 -129.384
10206.1 163.937 10279 -111.356
10216.9 179.042 10287.5 -97.2258
10226 183.914 10298.3 -114.767
10236.5 201.943 10307.3 -102.585
10245.5 211.687 10318.1 -98.6875
10256.6 222.407 10328.3 -98.2003
10267.1 240.922 10337.4 -94.7896
10277 258.463 10347.3 -93.3279
10287.2 276.491 10358.7 -89.4299
10296.5 287.698 10368.6 -85.5319
10306.8 301.34 10377.9 -89.4299
10316.4 315.471 10388.1 -94.3023
10326.9 333.499 10398 -92.3534
10335.6 335.935 10408.5 -119.639
10346.1 364.682 10418.8 -134.256
10356.6 374.914 10428.4 -128.897
10366.3 380.274 10438.3 -121.588
10377 405.611 10448.8 -140.591
10386.4 397.328 10458.1 -199.06
10396 430.948 10467.7 -181.519
10407.1 439.231 10478 -173.723
10415.8 452.874 10488.2 -150.823
10426 469.927 10498.7 -177.621
10436.5 483.57 10508.9 -166.415
10446.2 486.981 10519.9 -154.233
10457.2 495.751 10528.4 -134.256
10466.9 496.726 10538.6 -123.537
10476.8 498.187 10548.8 -133.282
10486.1 515.241 10559.3 -118.177
10496.6 523.037 10568.4 -124.024
10506.8 538.141 10578.9 -110.381
10516.2 553.733 10589.1 -118.665
10527.2 570.3 10598.1 -111.843
10537.4 562.991 10608.9 -132.307
10547.1 586.379 10618.5 -121.101
10556.1 590.764 10628.4 -107.945
10566.9 602.458 10638.9 -108.432
10578.3 626.333 10648.9 -101.124
10585.9 638.027 10659.6 -104.534
10596.9 639.976 10668.7 -114.767
10607.2 666.287 10679.5 -105.996
10616.5 670.185 10689.1 -94.3023
10626.7 683.34 10699.6 -96.7386
10637.2 694.06 10709.2 -78.7105
10647.4 712.575 10720 -77.2488
10656.7 715.498 10729.6 -54.8355
10667.8 727.192 10738.7 -46.0651
10677.7 740.348 10749.5 -28.5243
10686.2 758.376 10760.3 -7.57277
10698.7 760.325 10769.3 1.19764
10706 772.993 10779.2 15.815
10716.8 795.894 10789.1 35.792
10727.3 796.381 10799.9 49.4349
10737.2 811.973 10809.6 68.4374
10746.9 824.154 10820.1 70.8736
10756.8 844.618 10830 87.44
10766.7 855.338 10839.3 99.6211
10777.8 881.162 10849.8 89.389
10787.1 876.777 10860 101.57
10796.7 889.932 10870.2 104.981
10807.2 905.524 10880.1 116.187
10817.1 933.784 10890.1 119.598
10826.8 942.067 10899.7 119.111
10837.3 944.991 10910.2 126.42
10846.6 963.506 10919.8 127.394
10857.1 963.019 10930.6 121.547
10867.3 968.866 10940.2 133.241
10877 989.33 10950.2 109.366
10887.7 1008.82 10960.4 115.7
10897.4 1007.85 10970.6 131.292
10907.3 1019.05 10980.5 145.422
10917.2 1025.87 10990.4 144.935
10927.1 1053.65 11000.6 159.552
10937.6 1057.54 11010.5 178.067
10946.9 1083.37 11019.9 189.761
10956.9 1099.45 11029.2 199.994
10967.7 1107.24 11040.3 227.766
10977.6 1114.55 11050.8 234.101
10987.5 1131.61 11059.8 250.18
10997.7 1137.94 11071.5 259.925
11006.8 1158.89 11080.9 259.437
11017 1175.46 11091.1 264.797
11027.8 1200.31 11100.1 296.468
11037.4 1199.33 11111.2 294.032
11047.6 1226.13 11122 314.496
11058.1 1233.44 11130.7 307.187
11066.8 1241.24 11141.8 314.009
11077.6 1260.24 11150.3 328.139
11087 1260.73 11161.1 320.343
11097.2 1270.96 11171.6 327.164
11107.1 1274.86 11180.9 328.626
11117.3 1300.19 11191.4 337.397
11127.8 1298.24 11201.3 328.139
11137.1 1309.94 11211.8 334.96
11147.4 1318.22 11220.3 340.807
11157 1333.81 11231.7 347.141
11166.6 1348.43 11242.5 360.297
11177.1 1361.59 11251.2 375.889
11187.6 1370.84 11261.2 386.608
11197.5 1387.41 11271.6 399.764
11207.5 1403.49 11281.9 405.611
11217.7 1421.52 11291.8 421.69
11227.3 1444.9 11301.4 424.126
11237.2 1435.65 11311.6 432.897
11247.7 1465.37 11321.5 448.976
11257.9 1481.45 11331.8 463.106
11267.9 1502.89 11341.4 477.723
11277.2 1518.48 11352.8 482.108
11288 1545.28 11361.5 499.162
11297 1570.13 11371.4 509.881
11307 1572.07 11382.5 505.983
11317.8 1592.05 11390.7 526.448
11327.7 1598.39 11402.4 542.527
11337.9 1619.34 11411.4 552.759
11347.8 1616.9 11421.3 553.246
11358 1631.52 11432.7 570.3
11368.2 1643.21 11442.3 581.993
11377.6 1649.06 11452.6 586.866
11388.1 1657.34 11462.2 605.868
11396.8 1659.78 11472.1 614.152
11407.3 1674.88 11482.6 607.817
11417.6 1678.78 11492 629.256
11427.8 1693.89 11503 649.233
11437.7 1692.91 11513 663.851
11447.6 1706.55 11523.2 657.029
11457.5 1717.27 11532.8 664.338
11468 1729.45 11543.3 690.649
11477.4 1761.13 11553.5 695.034
11487.6 1760.64 11561.7 691.136
11497.2 1783.54 11572.5 726.705
11508 1802.54 11583 732.065
11518.5 1842.01 11593.2 750.093
11527.3 1853.21 11602.6 752.042
11537.8 1885.86 11612.5 775.917
11546.8 1892.68 11622.7 784.2
11557.6 1918.51 11633.5 795.407
11567.6 1943.36 11643.4 828.052
11578.1 1958.95 11653.7 836.822
11587.1 1988.18 11663.6 848.516
11597 1995.49 11673.5 859.236
11608.1 2005.24 11684 872.391
11617.5 2008.65 11693.6 886.034
11627.1 2038.86 11703.6 897.728
11638.2 2031.06 11714.1 890.419
11647.5 2031.55 11723.7 914.782
11657.7 2035.93 11733.3 926.963
11667.7 2040.32 11744.4 935.246
11678.5 2036.42 11753.5 940.118
11687.5 2042.75 11763.4 938.657
11697.7 2055.42 11773.9 953.761
11708.2 2068.58 11783.8 981.534
11718.2 2088.55 11793.8 989.817
11727.8 2090.02 11803.1 994.69
11738 2111.94 11814.2 1006.87
11747.6 2115.84 11824.1 1034.16
11757.6 2141.66 11834.4 1051.7
11767.8 2163.59 11843.4 1071.67
11777.7 2188.93 11854.5 1088.73
11787.6 2226.44 11864.1 1095.06
11798.4 2247.88 11874.6 1110.65
11808.4 2274.19 11884.9 1137.45
11817.4 2301.97 11894.5 1144.27
11827.6 2302.45 11904.1 1169.12
11837 2330.71 11914.4 1176.43
11847.8 2333.15 11923.7 1179.36
11857.4 2360.92 11933.9 1184.23
11868.2 2387.72 11944.1 1193.97
11878.1 2386.26 11954.9 1198.85
11887.8 2397.95 11964.9 1209.08
11898.3 2413.55 11974.5 1213.95
11907 2422.8 11985 1227.59
11917.3 2441.81 11994.4 1226.62
11927.8 2436.93 12004.9 1223.21
11937.7 2439.86 12015.1 1241.24
11948.8 2451.06 12025.3 1261.21
11957.9 2458.86 12035.5 1274.37
11968.4 2463.73 12044 1288.99
11978 2482.25 12055.1 1314.32
11988.2 2481.76 12065.3 1323.09
11997.6 2500.76 12075.8 1361.59
12009 2511 12085.8 1377.66
12017.4 2525.13 12095.7 1390.33
12028.2 2541.2 12105.9 1397.15
12037.6 2554.85 12115.6 1412.75
12048.1 2577.75 12126.1 1423.95
12058.3 2570.44 12136 1439.54
12067.4 2615.75 12145.6 1453.19
12078.2 2640.12 12155.6 1463.91
12088.7 2638.65 12165.8 1489.24
12097.5 2676.17 12176 1500.94
12107.4 2694.2 12187.1 1523.35
12117.9 2714.66 12195.9 1536.51
12128.1 2735.62 12206.1 1547.71
12137.8 2754.62 12216 1559.89
12147.7 2768.26 12226 1571.59
12157.6 2793.6 12236.8 1598.87
12167.3 2817.47 12246.7 1616.41
12178.6 2841.83 12257.5 1639.8
12187.7 2844.27 12266.3 1650.52
12198.2 2867.66 12276.8 1669.52
12207.6 2860.35 12286.7 1684.63
12217.8 2877.89 12297.3 1707.04
12228.3 2899.82 12306.3 1715.81
12238.5 2909.07 12316.8 1748.94
12248.2 2898.84 12326.8 1749.92
12258.7 2911.02 12337 1771.85
12268 2932.95 12347.8 1782.08
12278 2948.54 12357.4 1785.98
12288.2 2959.26 12367.4 1804.98
12298.1 2978.26 12377.3 1830.8
12308.1 2982.65 12387.8 1837.62
12317.4 3017.24 12397.8 1869.78
12328.5 3041.6 12406.8 1891.22
12337 3034.78 12417.3 1905.35
12348.1 3068.4 12427.3 1924.84
12357.7 3089.36 12437.2 1960.9
12368.6 3106.9 12447.7 1965.77
12377.6 3128.82 12456.8 1983.31
12387.3 3122.98 12467.9 1989.64
12397.8 3142.95 12478.1 2008.65
12407.7 3154.16 12488.4 2033.5
12417.6 3156.11 12498 2050.55
12428.4 3186.8 12508.2 2071.01
12437.8 3210.68 12518.4 2080.76
12448 3210.68 12528.4 2107.07
12457.7 3230.66 12538.3 2121.2
12468.5 3256.48 12548 2139.23
12478.1 3264.76 12558.8 2171.39
12488.1 3283.28 12567.9 2186
12498.6 3304.72 12579.5 2203.06
12507.6 3324.21 12588.6 2242.04
12518.8 3367.08 12598.2 2257.63
12528.4 3386.57 12609.1 2274.19
12537.7 3395.83 12619.3 2287.35
12548 3408.01 12628.3 2315.12
12558.5 3439.68 12639.5 2347.77
12568.1 3451.87 12649.1 2356.05
12576.9 3473.3 12660.5 2384.8
12587.4 3489.38 12668.7 2400.88
12598.2 3520.08 12679.2 2392.6
12608.5 3508.87 12689.7 2429.63
12617.5 3542.98 12699.7 2446.19
12628.1 3531.29 12709.3 2468.12
12638.6 3548.34 12719.6 2501.25
12648.2 3579.04 12730.1 2509.53
12658.2 3571.73 12740 2520.25
12668.7 3587.32 12749.7 2534.38
12678.3 3579.04 12759.9 2573.36
12687.4 3587.32 12770.4 2579.7
12697.3 3609.25 12780.4 2608.93
12708.4 3616.07 12790.6 2650.35
12718.4 3625.32 12800.8 2686.89
12728 3651.64 12810.2 2692.74
12738 3664.3 12821 2727.82
12747.9 3684.77 12831.2 2759
12758.4 3701.82 12840.6 2805.78
12768.4 3726.67 12850.5 2819.42
12778.3 3735.44 12862 2830.14
12788 3766.62 12872.5 2843.78
12798.2 3782.7 12882.1 2872.53
12808.1 3790.01 12891.8 2899.82
12818.7 3827.04 12902.6 2913.46
12827.4 3854.33 12912.8 2941.72
12838.3 3884.54 12923.6 2953.41
12847.6 3907.44 12933.6 2979.24
12858.1 3918.16 12942.9 3002.63
12867.5 3909.88 12954.9 3026.5
12878 3862.61 12964 3035.27
12887.7 3796.35 12974.2 3070.35
12898.2 3717.9 12983 3083.02
12907 3649.69 12990.9 3153.18
12917.5 3589.27 12995.9 3188.75
12928.3 3532.75 12994.7 3232.61
12938 3474.77 12987.7 3250.15
12947.6 3423.6 12978 3286.2
12957.6 3377.32 12967.8 3333.46
