8010.06 99.6211 8032 -21.7029
8009.77 89.389 8041.65 -22.6774
8005.38 83.0548 8051.01 -29.4988
8004.5 67.9502 8060.95 -34.3712
8007.72 109.853 8070.6 -23.6518
8014.45 82.0803 8079.96 -13.4197
8021.76 85.0037 8092.53 -1.72583
8030.83 83.0548 8100.72 -9.52174
8040.77 80.6185 8111.25 -15.8559
8048.96 90.3634 8121.78 -27.0626
8059.49 80.6185 8131.72 -36.8075
8069.43 79.1568 8141.37 -42.1671
8079.96 80.6185 8151.02 -56.7845
8090.78 85.491 8161.54 -51.912
8101.02 84.0293 8171.78 -44.1161
8110.66 90.8507 8181.72 -46.5524
8120.9 85.491 8191.66 -44.1161
8130.84 82.0803 8201.31 -44.6034
8140.49 96.6976 8211.54 -43.1416
8150.72 64.5395 8221.77 -51.912
8160.08 82.5675 8231.42 -28.037
8169.73 75.7461 8241.94 -42.1671
8181.13 84.5165 8251.3 -34.3712
8190.49 80.6185 8261.82 -35.833
8201.6 90.3634 8271.18 -38.7564
8211.25 84.0293 8281.99 -41.1927
8220.9 95.7231 8291.64 -53.3738
8232 81.1058 8302.16 -56.7845
8240.77 85.491 8311.51 -59.708
8251.88 82.0803 8321.75 -43.6289
8260.65 79.1568 8331.98 -46.0651
8271.47 67.4629 8341.62 -41.1927
8281.12 87.44 8352.14 -50.9376
8291.05 80.6185 8361.5 -58.7335
8301.87 89.8762 8372.6 -43.6289
8311.81 80.6185 8381.66 -58.7335
8321.16 72.8226 8391.89 -57.2717
8331.39 77.2078 8402.12 -50.4503
8341.91 81.1058 8413.23 -58.7335
8353.02 65.514 8421.99 -61.1697
8361.79 90.8507 8432.22 -58.7335
8371.73 95.7231 8441.86 -42.6544
8382.25 91.8252 8452.38 -32.9095
8391.89 67.9502 8462.32 -41.6799
8402.7 89.389 8472.25 -40.7054
8411.76 83.0548 8482.48 -35.833
8422.58 91.3379 8491.83 -47.0396
8432.51 83.0548 8502.93 -36.8075
8442.45 72.3354 8511.99 -25.1136
8451.8 81.1058 8521.93 -30.4733
8462.32 89.389 8532.15 -32.4223
8472.25 92.3124 8542.09 -36.8075
8481.6 81.593 8552.6 -30.9605
8491.83 85.491 8562.54 -25.1136
8502.64 85.9782 8572.47 -41.1927
8512.58 83.542 8582.69 -41.6799
8522.51 75.7461 8592.04 -37.2947
8532.44 83.0548 8602.27 -40.7054
8543.25 74.2844 8613.08 -42.6544
8552.6 86.9527 8623.01 -47.5268
8562.54 82.5675 8632.36 -37.7819
8572.76 84.0293 8642.58 -36.8075
8582.4 85.0037 8653.39 -34.8585
8592.63 84.5165 8663.03 -43.6289
8602.85 82.0803 8672.38 -45.5779
8613.66 68.9247 8682.31 -37.2947
8622.42 80.1313 8693.11 -42.6544
8633.23 73.3099 8702.46 -49.4758
8642.87 87.9272 8712.68 -40.7054
8653.1 79.644 8722.91 -28.037
8662.74 86.9527 8733.13 -27.5498
8673.25 66.0012 8743.06 -38.7564
8683.48 82.5675 8752.7 -37.2947
8692.82 92.3124 8762.63 -43.6289
8703.63 91.8252 8773.72 -49.9631
8713.27 87.9272 8782.78 -35.3457
8723.49 80.6185 8793.58 -33.3967
8734.01 83.542 8802.93 -45.0906
8742.77 86.9527 8812.86 -42.1671
8753.57 94.2614 8823.95 -30.4733
8763.5 90.3634 8832.42 -34.8585
8773.72 86.4655 8843.52 -33.884
8783.07 92.7997 8853.45 -30.4733
8793 91.8252 8864.25 -49.9631
8804.1 84.5165 8873.31 -46.0651
8813.44 95.7231 8883.23 -50.4503
8823.95 77.2078 8894.33 -40.2182
8833.88 94.2614 8902.5 -46.5524
8843.23 83.0548 8913.6 -32.9095
8853.45 67.4629 8923.23 -35.3457
8863.38 104.494 8934.33 -48.5013
8873.89 85.491 8943.09 -51.912
8884.11 84.5165 8953.31 -38.2692
8893.45 92.7997 8963.23 -35.833
8903.09 74.7716 8973.74 -35.833
8913.31 89.389 8984.55 -27.0626
8923.82 85.0037 8993.89 -42.1671
8934.33 86.9527 9003.52 -37.2947
8944.26 88.9017 9012.86 -35.3457
8954.18 71.8481 9023.08 -54.3483
8963.53 89.389 9034.17 -36.3202
8974.62 92.3124 9044.39 -28.037
8984.25 92.7997 9054.32 -17.3177
8993.6 92.3124 9063.95 -18.2922
9004.69 100.108 9073.29 -31.935
9014.03 89.8762 9084.38 -30.4733
9024.25 85.491 9094.02 -30.9605
9033.3 94.7486 9104.82 -43.6289
9044.68 95.2359 9113.58 -41.1927
9054.32 96.2104 9124.08 -31.4478
9064.53 95.7231 9134.3 -30.9605
9075.34 79.644 9143.64 -40.2182
9083.8 95.2359 9153.56 -35.3457
9093.73 87.44 9164.36 -43.1416
9104.53 93.2869 9174.29 -29.0115
9114.16 88.9017 9184.21 -35.3457
9124.67 86.4655 9194.72 -47.0396
9134.3 90.8507 9204.06 -39.2437
9145.1 86.4655 9213.98 -45.0906
9154.15 88.4145 9224.19 -24.6263
9164.95 89.8762 9234.41 -34.8585
9174.58 75.2588 9244.62 -23.6518
9184.79 98.1593 9253.96 -37.2947
9195.01 95.7231 9264.18 -44.1161
9204.93 99.1338 9274.1 -38.2692
9214.27 80.6185 9284.61 -26.5753
9224.19 101.57 9294.82 -37.7819
9234.7 88.9017 9304.45 -28.5243
9245.5 90.3634 9314.08 -29.0115
9255.13 98.1593 9324.88 -36.3202
9265.05 95.2359 9333.63 -37.7819
9274.39 96.2104 9343.55 -28.037
9284.61 103.032 9353.77 -36.3202
9295.4 77.6951 9364.86 -32.9095
9305.62 90.8507 9374.19 -34.8585
9314.95 98.1593 9384.41 -37.2947
9324.88 100.108 9395.5 -23.6518
9335.68 84.5165 9404.54 -30.4733
9345.31 90.8507 9415.04 -31.935
9356.1 87.44 9424.68 -44.6034
9365.73 99.1338 9434.59 -35.833
9375.36 90.3634 9445.68 -35.3457
9385.87 90.3634 9455.89 -28.5243
9395.5 91.8252 9464.65 -38.7564
9405.71 101.57 9475.74 -37.7819
9415.34 97.6721 9485.65 -25.6008
9424.68 99.6211 9495.58 -39.7309
9434.89 96.6976 9505.79 -40.7054
9444.22 91.8252 9515.71 -34.8585
9455.02 102.545 9525.34 -36.8075
9465.52 98.1593 9535.55 -43.1416
9475.74 85.9782 9545.18 -56.2972
9485.36 90.8507 9554.51 -31.935
9495.58 96.6976 9565.6 -42.6544
9504.62 100.108 9575.81 -58.7335
9514.54 109.853 9585.44 -36.3202
9525.92 91.8252 9594.48 -35.833
9535.25 97.6721 9605.57 -55.3228
9544.88 98.6466 9615.78 -44.1161
9556.26 93.7742 9625.4 -46.0651
9565.31 114.726 9636.2 -40.2182
9575.81 99.6211 9646.12 -48.5013
9584.85 84.0293 9656.62 -36.8075
9596.23 105.955 9664.79 -38.7564
9605.86 98.6466 9675.29 -41.1927
9615.48 100.108 9685.79 -50.4503
9625.4 95.7231 9695.71 -31.4478
9635.91 82.5675 9705.92 -30.4733
9646.12 92.7997 9716.42 -37.7819
9655.16 90.3634 9726.04 -36.3202
9665.37 93.7742 9735.97 -29.4988
9674.7 99.1338 9745.88 -35.833
9685.5 93.7742 9756.68 -33.884
9696 89.8762 9765.72 -34.8585
9705.63 107.417 9776.22 -46.0651
9715.55 88.4145 9785.85 -32.9095
9725.17 99.1338 9796.35 -39.7309
9735.38 101.57 9806.56 -52.8865
9745.59 107.417 9815.89 -36.8075
9755.8 113.751 9825.81 -68.9656
9766.01 94.2614 9836.6 -61.6569
9775.93 103.032 9847.98 -65.0677
9785.56 100.596 9855.85 -75.2998
9795.18 102.057 9866.65 -48.9886
9805.97 95.7231 9876.85 -60.1952
9816.48 102.057 9886.19 -50.9376
9824.93 88.9017 9896.1 -50.9376
9835.43 92.7997 9906.31 -56.7845
9846.23 102.545 9916.23 -58.7335
9855.85 83.542 9927.61 -44.6034
9866.35 98.1593 9936.65 -49.4758
9875.98 109.366 9947.15 -49.4758
9885.89 89.8762 9955.9 -36.3202
9895.52 104.006 9966.98 -36.8075
9906.31 115.213 9976.31 -43.6289
9915.65 100.108 9986.82 -40.2182
9925.56 93.2869 9997.02 -37.7819
9936.65 100.596 10006.6 -32.4223
9946.56 95.2359 10016.6 -50.9376
9956.48 87.9272 10027.1 -36.3202
9966.69 89.8762 10037 -44.6034
9976.61 108.879 10047.5 -53.3738
9985.65 97.1849 10057.1 -47.5268
9995.86 105.955 10067 -47.0396
10006.9 101.083 10077.2 -50.4503
10015.7 104.006 10087.1 -59.2207
10026.8 101.57 10097.6 -70.9146
10035.8 101.57 10106.7 -59.2207
10046 101.083 10117.2 -58.2462
10056.2 111.802 10126.8 -62.1442
10065.8 97.6721 10136.7 -66.0421
10076.6 109.853 10146.9 -67.0166
10086.6 122.522 10156.9 -58.2462
10096.5 133.728 10167.6 -81.1467
10106.1 112.777 10177.8 -89.4299
10115.4 126.42 10187.8 -51.912
10126.5 121.06 10197.7 -70.4273
10137 133.728 10207.3 -57.759
10145.8 139.575 10218.4 -62.6314
10156 154.68 10227.7 -69.4529
10165.9 150.295 10236.8 -57.759
10177 169.297 10248.1 -61.1697
10186.3 178.067 10258.6 -45.5779
10196.5 197.07 10267.4 -52.3993
10206.7 204.379 10278.2 -45.0906
10217.5 228.254 10287.5 -61.6569
10226.3 231.177 10298 -52.3993
10235.3 234.588 10308.8 -57.2717
10246.7 254.565 10318.7 -58.2462
10256.3 279.414 10326.9 -59.2207
10266.5 293.545 10337.7 -84.0702
10275.6 306.213 10347.9 -102.585
10286 324.241 10359 -96.7386
10296.5 333.011 10367.7 -109.894
10306.2 350.065 10378.2 -115.741
10316.4 351.527 10389 -141.078
10326.9 375.889 10398.9 -208.318
10336.2 376.376 10408.5 -196.136
10347.3 399.277 10418.2 -210.267
10356.6 402.687 10427.5 -200.522
10366.8 422.177 10438.3 -179.083
10376.5 443.129 10448.8 -179.083
10386.4 440.205 10458.4 -164.466
10396.6 453.848 10468.6 -148.387
10405.6 477.723 10479.1 -154.721
10417.3 486.006 10487.6 -161.055
10426 490.391 10498.7 -159.593
10437.1 503.06 10509.7 -163.978
10446.5 521.088 10518.5 -184.443
10456.4 545.45 10529 -175.672
10466.9 546.912 10538.6 -180.057
10477.1 564.453 10548.8 -182.006
10486.4 577.121 10558.7 -180.545
10496.6 596.611 10568.9 -187.853
10506.2 589.789 10579.4 -181.032
10517.3 615.613 10588.8 -165.44
10526.1 619.998 10599.3 -180.057
10536.9 622.435 10608.9 -158.619
10546.5 642.412 10617.9 -160.568
10557.9 674.57 10628.7 -144.001
10566.9 676.519 10638.4 -144.976
10576.2 686.264 10648.9 -132.307
10586.7 696.009 10659.4 -121.588
10597.8 711.601 10669.6 -121.101
10607.2 711.113 10678.3 -113.792
10616.8 719.884 10689.7 -103.073
10626.4 729.141 10699.6 -68.4784
10638.1 745.708 10708.9 -73.3508
10647.1 740.348 10719.2 -57.2717
10656.7 754.478 10729.1 -49.9631
10666.9 762.761 10739.6 -27.0626
10677.1 777.866 10748.6 -16.3432
10687.6 789.56 10759.4 -10.009
10696.7 798.33 10770.5 -3.18756
10706.9 817.333 10779.8 9.4808
10717.1 827.565 10790 1.19764
10727 839.746 10799.4 12.8915
10736.9 854.363 10809.6 14.8405
10747.1 873.853 10819.8 40.1772
10757.1 873.366 10830 47.4859
10766.4 906.011 10840.2 56.2563
10776.9 897.728 10849.8 63.565
10786.2 906.498 10860 69.4119
10797.3 916.731 10869.6 70.8736
10807.5 949.376 10879.6 79.1568
10816.9 962.532 10890.4 85.9782
10826.8 954.736 10900.3 97.6721
10836.4 966.43 10910.5 113.751
10846.9 979.098 10919.8 116.675
10858.3 983.483 10930.3 119.111
10866.4 998.588 10940.2 136.164
10876.6 1008.33 10950.5 137.626
10886.9 1014.18 10960.1 151.756
10896.8 1030.26 10969.7 166.374
10907.6 1040 10980.5 192.685
10918.1 1046.82 10990.7 190.736
10927.4 1058.03 11000 185.863
10936.7 1085.32 11010.3 210.713
10947.2 1096.04 11019.9 215.585
10956.9 1114.06 11030.1 240.435
10967.1 1124.3 11040.9 257.976
10977.6 1135.5 11050.8 260.412
10987.5 1132.09 11061 276.491
10997.4 1143.79 11070.9 272.593
11007 1152.56 11080 280.876
11017.3 1174.48 11091.1 296.468
11027.2 1187.15 11101.3 306.7
11037.7 1212.98 11111.2 321.805
11047.3 1229.54 11120.5 330.088
11057.2 1233.93 11131 336.909
11066.5 1248.54 11140.9 324.241
11076.5 1263.16 11151.1 357.861
11086.7 1277.78 11161.1 355.912
11097.5 1282.16 11171 356.886
11107.4 1305.55 11181.2 366.144
11117.3 1314.81 11191.4 367.606
11127.5 1318.71 11201 389.044
11138 1335.76 11211.6 400.738
11146.8 1345.02 11222 399.764
11156.7 1363.53 11231.4 414.381
11167.5 1362.07 11240.4 429.973
11176.8 1376.69 11251.2 430.46
11188.2 1398.13 11261.4 442.641
11198.1 1399.1 11271.9 461.644
11207.2 1394.23 11282.1 465.055
11217.4 1422.98 11291.5 469.927
11227.3 1422.98 11301.4 477.236
11237.2 1453.19 11311.9 488.442
11246.9 1462.44 11321.3 500.624
11257.6 1461.47 11330.9 514.266
11267.3 1486.81 11342.3 511.343
11277.2 1506.3 11351.9 518.164
11287.4 1513.61 11362.1 522.55
11297.6 1529.2 11372.3 532.782
11308.1 1526.76 11381.9 538.141
11317.2 1556.97 11391.6 552.271
11327.7 1560.87 11402.1 561.042
11338.5 1577.43 11412.6 564.453
11347.8 1592.05 11421.9 578.583
11357.7 1608.62 11432.1 581.506
11367.1 1633.47 11442.9 581.019
11377.9 1639.8 11452.3 611.715
11387.5 1656.86 11462.2 613.664
11397.7 1665.63 11472.4 627.794
11408.2 1661.73 11482.6 640.95
11417.3 1691.45 11492.5 647.284
11427.5 1691.45 11501.6 666.774
11437.7 1712.4 11512.1 681.879
11448.2 1723.12 11522.3 691.624
11456.9 1732.38 11532.5 690.162
11467.1 1744.56 11542.5 703.317
11478 1748.46 11552.1 715.986
11487 1767.46 11562.6 729.141
11497.2 1777.2 11572.5 752.529
11507.4 1789.87 11583.9 755.94
11518.5 1815.21 11592.9 760.325
11527.3 1815.7 11602.9 750.093
11537.2 1822.03 11613.4 767.634
11547.4 1845.42 11623.3 771.044
11557.6 1850.78 11633.2 776.404
11567.8 1874.17 11642.6 783.713
11577.8 1875.63 11654.2 788.585
11587.4 1892.68 11663 788.585
11597.9 1899.5 11673.8 810.511
11606.9 1906.81 11683.4 831.95
11617.8 1931.66 11693.4 841.695
11627.1 1941.89 11703.9 844.618
11637.9 1967.72 11713.2 855.825
11647.8 1975.51 11723.4 863.621
11657.7 1996.46 11733.6 874.828
11667.7 2006.21 11743.3 894.317
11676.7 2025.21 11753.8 909.422
11687.5 2032.52 11763.7 908.447
11698.6 2054.45 11774.5 922.09
11707.7 2062.24 11784.7 953.274
11718.2 2084.17 11793.5 951.812
11727.2 2098.3 11804 977.149
11738 2108.04 11814.2 976.662
11747.9 2116.33 11824.4 984.945
11757.3 2138.74 11834.1 994.69
11766.9 2159.2 11844 1018.56
11778 2180.64 11854.8 1021.98
11787.9 2187.95 11864.4 1040.49
11797.6 2192.34 11874.1 1046.34
11808.1 2199.16 11884.3 1044.39
11818 2211.83 11893.9 1076.06
11828.2 2220.6 11904.1 1088.73
11838.4 2231.8 11914.1 1098.96
11847.5 2248.37 11924.6 1101.88
11858 2271.76 11933.9 1133.07
11867.6 2277.61 11944.4 1140.38
11877 2291.74 11954.7 1153.04
11886.6 2311.71 11965.2 1176.92
11897.4 2300.51 11975.7 1183.74
11907.6 2331.2 11984.7 1208.1
11917.9 2352.15 11994.7 1209.08
11928.7 2380.41 12004.9 1217.85
11938.6 2376.52 12014.5 1240.75
11949.1 2413.55 12025.9 1259.26
11958.7 2412.57 12035 1264.14
11966.9 2420.86 12046 1277.78
11977.7 2443.27 12055.7 1276.8
11987.9 2460.32 12065.3 1304.58
11998.2 2479.81 12075.8 1309.45
12007.2 2503.2 12085.8 1329.43
12017.7 2522.69 12094.5 1349.89
12028.5 2530.49 12105.9 1358.66
12037.6 2535.36 12116.7 1369.38
12047.8 2565.08 12127 1389.36
12058 2586.03 12135.7 1413.23
12068 2587.98 12145.4 1437.11
12077.6 2603.08 12155.6 1435.65
12087.5 2631.83 12166.4 1446.85
12096.9 2640.6 12175.7 1466.34
12107.7 2655.71 12185.7 1492.65
12118.5 2665.94 12196.2 1505.81
12128.1 2695.66 12206.1 1517.02
12138.6 2702.48 12216 1525.3
12148.3 2712.71 12226.3 1540.4
12158.2 2718.56 12236.8 1550.15
12168.1 2731.23 12245.5 1578.41
12177.2 2755.59 12256.4 1613.98
12188.6 2767.29 12267.8 1610.57
12197.6 2777.03 12275.4 1620.8
12208.2 2792.62 12286.5 1651.5
12218.1 2810.16 12296.1 1668.06
12227.1 2824.78 12306.6 1684.14
12237.7 2832.09 12317.7 1693.4
12247.9 2852.07 12327.6 1711.43
12257.2 2870.09 12337 1744.07
12268.6 2893.48 12347.2 1767.95
12278.3 2906.15 12357.2 1789.87
12288.2 2912 12366.8 1825.44
12297.8 2932.46 12377 1823.98
12308.4 2947.57 12387.3 1849.32
12318.6 2972.9 12397.2 1876.12
12327.1 2994.34 12407.1 1894.63
12338.2 3008.96 12417.3 1895.12
12347.5 3019.19 12427.6 1915.1
12358 3037.22 12437.5 1929.71
12368 3061.58 12448 1954.56
12378.8 3070.35 12458 1969.67
12388.7 3103.97 12467.3 1971.13
12398.1 3105.43 12478.4 1993.54
12408.3 3118.1 12488.4 1990.62
12417.9 3149.77 12498 2019.37
12428.4 3144.9 12507.4 2034.96
12439 3183.88 12518.2 2049.09
12448.3 3200.45 12527.5 2069.55
12458.6 3216.04 12538.3 2082.71
12467.9 3231.14 12548 2109.02
12477.8 3234.07 12558.8 2108.04
12488.1 3256.97 12567.9 2113.89
12497.7 3273.53 12579.3 2156.77
12508.2 3285.71 12587.4 2174.8
12517.9 3294 12598.8 2203.54
12528.7 3330.05 12609.3 2211.34
12538.3 3340.29 12619 2224.01
12548 3351.01 12628.6 2275.17
12557.9 3377.32 12639.5 2308.79
12568.1 3370.98 12649.4 2323.89
12578.4 3395.83 12659.3 2337.05
12588 3412.89 12669.3 2365.31
12598.8 3431.4 12679.2 2402.34
12607.3 3463.56 12688.9 2424.27
12618.7 3462.58 12699.7 2440.83
12627.8 3490.36 12709.3 2457.4
12637.7 3493.28 12720.1 2476.89
12647.9 3523.49 12729.8 2494.43
12657.3 3531.29 12739.7 2516.84
12667.5 3563.44 12750.3 2534.87
12678.3 3572.7 12759.6 2566.05
12688 3600.48 12770.7 2558.75
12697.6 3618.5 12781 2590.9
12707.9 3637.99 12790 2596.75
12718.1 3656.02 12800.5 2607.96
12728 3676.97 12811.4 2641.09
12738 3681.84 12820.7 2648.4
12746.8 3705.23 12830.7 2667.89
12757.9 3722.77 12842.1 2695.66
12768.7 3738.37 12851.1 2715.15
12777.7 3744.21 12861.1 2737.08
12786.8 3770.04 12871.9 2768.75
12798.8 3780.76 12881.5 2801.88
12807.9 3781.24 12892.6 2842.81
12816.9 3804.63 12902.3 2866.68
12827.7 3820.22 12912.5 2915.41
12838 3825.09 12923.6 2947.57
12847.9 3841.17 12933.9 2972.9
12857.3 3845.07 12943.8 3020.65
12867.8 3807.55 12953.5 3048.91
12878 3772.47 12964.3 3058.17
12888 3698.41 12973.7 3105.43
12897.3 3627.27 12983 3127.36
12907.6 3554.67 12992.4 3165.85
12917.5 3491.82 12995.3 3209.22
12927.5 3461.61 12995 3236.5
12938.3 3414.83 12988.3 3269.64
12946.8 3394.86 12977.8 3283.28
12957.9 3335.41 12967.2 3302.77
