8010.06 58.2053 8032 105.468
8010.06 -79.685 8041.06 101.57
8005.38 -48.9886 8051.01 100.108
8005.38 -52.8865 8060.95 89.389
8006.84 -53.861 8070.6 111.315
8013.86 -50.9376 8080.25 103.032
8022.93 -59.2207 8091.07 122.034
8030.54 -67.5039 8101.31 127.394
8039.89 -68.9656 8111.54 114.726
8049.84 -64.0932 8121.19 118.136
8060.37 -52.8865 8131.43 93.2869
8069.43 -55.3228 8142.25 78.1823
8079.08 -52.3993 8153.36 72.8226
8090.19 -47.0396 8162.13 66.4884
8101.31 -61.1697 8171.49 72.8226
8110.08 -53.3738 8180.84 66.9757
8120.61 -54.3483 8190.78 77.2078
8130.55 -55.81 8202.48 68.4374
8140.49 -49.9631 8211.83 69.4119
8151.02 -40.7054 8221.48 91.3379
8160.08 -51.4248 8232 85.491
8170.9 -48.9886 8242.24 74.2844
8179.96 -49.9631 8251.3 73.3099
8190.2 -50.9376 8261.82 71.8481
8201.01 -48.5013 8271.76 77.6951
8210.95 -41.1927 8281.41 92.7997
8220.9 -42.6544 8291.05 82.0803
8231.42 -51.4248 8301.28 87.9272
8241.36 -46.0651 8311.22 86.4655
8251.88 -47.5268 8322.33 85.9782
8260.65 -62.1442 8331.98 79.644
8271.76 -51.4248 8342.21 68.9247
8280.53 -65.5549 8351.85 104.494
8291.35 -61.6569 8362.08 78.1823
8300.99 -55.81 8373.19 70.8736
8311.81 -37.2947 8381.66 86.9527
8321.75 -59.708 8393.06 81.593
8331.68 -55.81 8402.41 69.4119
8341.91 -44.6034 8411.47 74.7716
8351.27 -47.0396 8421.11 73.7971
8362.08 -47.0396 8432.51 78.1823
8372.02 -56.2972 8442.45 66.4884
8383.12 -50.9376 8452.09 72.3354
8391.89 -58.7335 8462.61 65.514
8401.83 -50.9376 8471.96 70.8736
8412.06 -43.6289 8481.9 65.514
8421.7 -58.7335 8493 75.7461
8432.51 -51.4248 8502.93 73.3099
8442.15 -49.9631 8511.7 67.9502
8451.8 -44.6034 8521.93 80.6185
8461.73 -48.0141 8532.74 79.644
8472.55 -40.2182 8542.38 69.8992
8481.6 -54.3483 8552.6 65.0267
8491.83 -48.9886 8562.54 58.2053
8502.06 -51.912 8573.06 69.4119
8512.87 -43.6289 8581.82 65.0267
8522.22 -40.2182 8592.63 72.3354
8532.74 -50.4503 8601.68 65.0267
8542.38 -58.2462 8612.78 67.9502
8553.48 -55.3228 8622.42 85.9782
8562.25 -55.3228 8633.23 86.9527
8572.18 -69.4529 8642.58 82.0803
8582.69 -50.9376 8652.81 70.3864
8592.63 -57.2717 8662.15 68.9247
8603.73 -61.1697 8672.38 74.2844
8612.78 -47.0396 8682.6 64.5395
8622.42 -59.708 8692.82 63.565
8632.65 -49.9631 8702.46 73.3099
8642 -50.4503 8712.68 51.3839
8652.81 -57.2717 8722.91 52.8456
8662.44 -46.5524 8732.84 66.4884
8673.84 -57.759 8742.18 77.6951
8683.48 -56.7845 8752.99 66.0012
8693.7 -51.912 8763.8 57.2308
8703.63 -73.8381 8773.14 68.9247
8712.39 -56.2972 8782.78 59.667
8723.78 -58.2462 8793.58 64.0522
8733.13 -49.9631 8802.93 72.8226
8743.64 -54.8355 8812.56 65.514
8753.57 -54.8355 8823.37 66.4884
8763.5 -62.1442 8832.72 68.4374
8774.02 -67.9911 8843.81 57.2308
8783.07 -63.1187 8853.16 55.2818
8793.58 -69.9401 8863.38 62.1032
8804.1 -67.5039 8873.89 61.1288
8813.15 -50.9376 8882.94 63.565
8823.37 -55.81 8892.87 58.2053
8833.3 -73.8381 8902.8 60.6415
8843.81 -72.8636 8913.89 57.2308
8853.45 -63.1187 8924.11 70.3864
8863.96 -65.0677 8933.75 61.616
8874.18 -57.759 8943.96 59.1798
8883.52 -58.2462 8953.01 72.8226
8893.74 -63.1187 8963.23 70.3864
8903.09 -62.1442 8973.45 63.0777
8914.77 -59.708 8984.25 61.1288
8923.82 -48.0141 8993.3 64.0522
8934.04 -62.6314 9003.52 71.3609
8943.96 -59.2207 9013.74 62.1032
8953.6 -66.0421 9023.66 57.2308
8964.11 -59.2207 9033.01 49.9221
8974.04 -72.3763 9044.39 50.8966
8984.25 -74.3253 9053.44 52.8456
8994.76 -54.3483 9064.53 52.3583
9003.81 -55.3228 9073.58 42.1262
9014.03 -66.5294 9083.22 34.8175
9023.96 -56.2972 9092.85 59.667
9034.17 -70.4273 9104.23 50.8966
9044.39 -74.8125 9113.58 43.1007
9053.44 -74.3253 9124.38 47.9731
9064.53 -64.5804 9134.3 57.718
9074.46 -80.6595 9143.64 46.9987
9084.09 -67.5039 9154.44 49.9221
9095.48 -69.9401 9164.07 52.8456
9104.23 -75.787 9174 46.0242
9113.58 -78.2233 9184.79 44.0752
9124.96 -69.9401 9194.13 42.6134
9134.88 -79.685 9203.47 40.6645
9144.22 -75.2998 9214.56 48.9476
9154.15 -74.3253 9225.36 29.4578
9164.65 -80.6595 9234.41 61.1288
9174.29 -85.5319 9244.04 29.4578
9185.38 -61.1697 9254.55 34.8175
9194.13 -72.8636 9264.76 47.9731
9205.23 -75.787 9274.68 29.9451
9213.98 -69.9401 9285.19 18.2512
9224.49 -76.2743 9294.24 22.1492
9234.99 -47.0396 9303.87 13.866
9244.62 -80.6595 9314.37 20.2002
9254.84 -80.1722 9324.29 16.7895
9264.18 -69.9401 9333.93 15.815
9274.97 -74.3253 9343.55 24.0981
9284.31 -73.3508 9354.35 31.8941
9294.82 -67.5039 9363.98 26.5344
9304.45 -71.8891 9374.78 13.3788
9314.95 -64.0932 9385.28 19.7129
9325.17 -78.7105 9395.2 17.764
9334.8 -75.2998 9405.71 38.2282
9345.6 -72.8636 9414.75 21.1747
9356.1 -74.3253 9424.97 38.2282
9366.02 -73.8381 9434.59 34.8175
9376.53 -81.634 9445.1 29.9451
9385.57 -79.1977 9455.31 45.5369
9395.79 -66.0421 9464.94 33.3558
9404.54 -80.1722 9475.44 18.7385
9414.75 -83.0957 9485.36 37.2538
9424.97 -72.3763 9494.41 8.50631
9434.3 -83.0957 9504.62 18.2512
9445.39 -79.1977 9515.13 23.6109
9455.02 -79.685 9525.34 12.4043
9465.23 -74.8125 9535.55 10.4553
9475.15 -79.685 9545.76 14.3532
9484.78 -71.8891 9555.39 10.4553
9496.16 -76.2743 9565.6 13.3788
9504.62 -67.9911 9575.81 18.7385
9515.71 -69.9401 9585.44 8.01907
9525.04 -84.5574 9596.23 -2.21307
9535.84 -73.8381 9605.86 -5.62379
9544.88 -74.3253 9615.19 -2.70032
9555.68 -77.736 9625.4 7.53182
9565.31 -71.4018 9635.91 7.53182
9574.64 -75.2998 9645.53 4.60835
9585.44 -65.0677 9656.03 20.2002
9596.81 -62.1442 9665.37 22.1492
9604.98 -88.9426 9675.29 7.53182
9615.78 -75.787 9686.08 11.4298
9624.82 -67.0166 9695.42 16.3022
9636.2 -75.2998 9705.63 9.4808
9645.53 -75.787 9715.84 -1.72583
9655.16 -63.1187 9725.75 14.3532
9665.08 -60.6824 9735.97 13.866
9675.87 -74.8125 9745.59 5.0956
9684.92 -66.0421 9756.09 12.4043
9695.42 -65.5549 9765.72 0.223151
9705.92 -85.0447 9776.8 -4.6493
9716.13 -82.1212 9786.14 9.96805
9725.75 -75.787 9796.35 -10.009
9736.84 -79.1977 9806.85 -8.54726
9745.01 -65.5549 9815.89 -13.4197
9755.51 -64.5804 9826.68 -12.4452
9765.72 -64.5804 9836.31 -24.1391
9775.34 -67.0166 9845.94 -2.70032
9786.43 -76.2743 9855.56 -17.8049
9795.76 -70.4273 9866.94 -21.2156
9806.26 -68.9656 9876.85 -20.2411
9815.6 -60.1952 9887.64 -22.6774
9826.1 -63.6059 9896.1 -16.3432
9834.85 -69.9401 9906.61 -29.0115
9846.52 -66.5294 9915.65 -13.9069
9855.27 -66.0421 9926.73 -18.7794
9866.06 -77.736 9936.94 -17.8049
9876.27 -76.2743 9945.98 -29.4988
9885.6 -80.6595 9955.9 -17.3177
9895.23 -76.2743 9966.98 -16.8304
9906.02 -72.8636 9977.19 -29.0115
9915.94 -73.3508 9987.11 -23.1646
9926.15 -61.6569 9997.02 -32.9095
9936.36 -69.9401 10006.6 -32.4223
9945.98 -65.0677 10016.9 -32.4223
9955.61 -71.8891 10027.4 -21.2156
9966.11 -67.5039 10036.4 -32.4223
9976.02 -67.0166 10047.2 -27.5498
9986.82 -65.0677 10056.8 -22.6774
9997.32 -65.5549 10067 -48.9886
10005.8 -61.1697 10076.9 -31.935
10016 -57.759 10086.6 -51.4248
10027.1 -80.1722 10096.8 -59.2207
10036.1 -67.9911 10107.6 -58.2462
10046.6 -63.6059 10117.5 -60.6824
10055.9 -52.3993 10128.6 -56.7845
10066.4 -65.0677 10137 -67.5039
10076.4 -50.9376 10146.6 -62.1442
10086.9 -69.9401 10157.1 -60.1952
10095.3 -54.8355 10167.4 -51.4248
10106.4 -52.3993 10177.5 -52.8865
10116 -56.7845 10187.2 -61.6569
10126.2 -51.4248 10198.5 -51.912
10136.7 -58.2462 10206.7 -56.2972
10146.6 -42.1671 10217.5 -38.2692
10155.7 -34.8585 10227.7 -42.6544
10167.1 -32.4223 10238.5 -51.912
10176.4 -8.54726 10247.6 -35.3457
10186.6 -11.4707 10257.2 -55.3228
10196.5 4.60835 10268.3 -55.3228
10206.7 30.4323 10278.5 -40.7054
10216.9 36.2793 10287.8 -49.9631
10225.7 50.8966 10297.7 -40.7054
10236.2 62.5905 10306.5 -37.7819
10246.7 75.7461 10318.1 -80.1722
10256.3 77.6951 10327.5 -89.9171
10266.8 97.1849 10338.5 -87.9682
10275.8 107.904 10349 -84.5574
10286.6 126.907 10357.5 -93.3279
10295.7 135.19 10367.7 -105.022
10306.5 147.371 10377.9 -126.46
10317 164.425 10389.3 -134.744
10326.6 183.427 10398.3 -116.228
10337.1 185.863 10409.1 -124.999
10346.4 206.328 10417.9 -139.616
10356.6 220.458 10428.4 -130.358
10367.1 252.129 10438.3 -126.948
10376.5 254.565 10448.2 -129.871
10386.1 271.618 10458.7 -120.126
10396 276.978 10468 -108.92
10407.1 296.468 10478.5 -117.69
10417 305.726 10487.9 -126.46
10426.3 327.164 10498.1 -124.024
10436.5 331.55 10508.6 -122.075
10445.9 355.912 10518.5 -114.767
10456.7 346.167 10528.4 -122.075
10466 362.246 10539.5 -112.33
10477.1 372.478 10548.2 -114.279
10486.1 385.634 10559.6 -117.203
10496.9 395.379 10568.1 -130.358
10506.8 388.557 10578.6 -116.228
10516.7 410.483 10588.5 -127.922
10526.9 423.152 10599.3 -130.358
10535.7 420.228 10608.6 -114.767
10546.5 436.794 10618.8 -124.512
10557 444.103 10628.4 -149.848
10566.3 472.363 10639.5 -155.208
10577.4 489.904 10649.2 -147.412
10586.7 485.032 10659.6 -147.899
10596.6 504.522 10669.3 -135.718
10606.3 505.496 10679.2 -122.563
10616.8 521.088 10688.8 -119.152
10627 537.654 10698.4 -113.792
10636.3 550.81 10710.1 -98.6875
10647.7 573.71 10719.2 -100.637
10657.9 583.455 10730.2 -89.4299
10666.7 611.228 10739 -88.4554
10677.7 602.945 10749.5 -61.1697
10686.2 619.998 10759.1 -46.0651
10696.4 639.976 10770.2 -39.2437
10706.6 646.31 10779.2 -34.3712
10717.1 660.44 10789.7 -33.3967
10727.3 668.236 10800.5 -18.7794
10736.4 680.904 10809.3 -4.16205
10747.1 694.06 10819.8 10.9425
10756.5 696.009 10829.4 14.3532
10766.7 713.062 10839.6 26.0471
10777.5 713.55 10849.8 20.6874
10786.8 721.345 10860.3 42.6134
10797 730.116 10869.9 48.9476
10807.5 752.042 10879.6 53.3328
10818.3 752.042 10889.5 44.5624
10826.8 756.427 10900 61.616
10837.6 745.22 10910.2 68.9247
10846.9 777.866 10920.1 75.7461
10856.8 787.611 10929.7 80.6185
10866.4 804.177 10939.9 93.7742
10877.2 790.534 10950.5 112.289
10886.9 818.794 10960.4 106.443
10896.5 829.514 10970.3 120.573
10906.7 849.004 10980.2 131.779
10916.6 870.442 10991 132.754
10926.8 882.136 11001.2 143.473
10937.9 893.83 11010.5 172.708
10947.5 906.498 11020.2 180.016
10957.2 932.81 11030.7 182.453
10967.1 939.631 11041.2 193.659
10977.3 955.223 11049.6 206.328
10987.8 985.919 11060.4 212.662
10997.7 1002.49 11071.2 234.101
11007.6 987.868 11080.9 248.231
11016.7 1017.59 11090.5 244.82
11027.5 1026.36 11100.7 275.516
11036.8 1038.54 11110.9 264.31
11047.3 1055.11 11120.5 278.927
11057.5 1062.42 11130.4 273.08
11066.8 1065.34 11140.9 290.134
11076.5 1082.88 11150.6 295.006
11086.7 1088.73 11160.8 302.315
11096.3 1094.09 11170.7 327.652
11107.7 1080.93 11181.2 325.215
11116.4 1112.6 11191.1 334.473
11127.2 1117.48 11201.3 357.861
11137.1 1117.96 11211.3 357.374
11147.6 1136.97 11221.2 379.3
11157.3 1146.71 11231.7 378.812
11167.8 1160.84 11241.6 394.891
11176.5 1180.82 11251.2 392.942
11188.2 1195.43 11262 400.738
11197.8 1205.18 11271.1 405.611
11206.9 1220.28 11281.9 410.971
11217.7 1229.54 11291.2 427.537
11227.6 1261.7 11301.7 429.973
11237.5 1277.78 11311 429.973
11247.7 1288.99 11321.3 445.078
11257.6 1304.09 11331.8 448.976
11267.6 1323.58 11341.7 470.414
11277.2 1343.56 11351.9 458.72
11286.5 1355.25 11362.4 461.157
11297.6 1341.12 11371.7 462.618
11307.5 1359.15 11381.9 484.057
11317.5 1382.05 11392.2 511.83
11327.7 1396.67 11403 510.856
11337.3 1401.54 11412.3 511.343
11347.8 1407.87 11422.5 534.731
11358 1417.13 11431.5 536.68
11367.6 1441.49 11441.8 546.912
11377.6 1431.26 11452.3 552.271
11387.8 1441.98 11461.6 547.886
11397.4 1445.88 11472.7 543.014
11407.6 1459.03 11482.3 553.246
11418.4 1474.63 11492 571.761
11426.6 1480.96 11503 581.019
11438 1505.81 11512.7 566.889
11447.3 1508.73 11523.2 605.868
11457.5 1528.71 11532.5 615.126
11467.7 1536.51 11542.5 596.611
11477.7 1552.1 11552.7 619.998
11487.6 1572.56 11562.6 635.59
11498.1 1577.92 11572.8 649.233
11506.9 1605.69 11583.6 656.055
11518.5 1617.39 11593.2 665.312
11527.3 1644.67 11603.7 671.646
11537.5 1651.01 11613.4 688.7
11547.4 1675.37 11622.4 709.164
11558.2 1689.5 11633.5 720.371
11567 1702.66 11643.4 729.141
11577.2 1717.27 11653.1 734.501
11587.1 1724.58 11663.3 747.657
11598.2 1741.15 11674.1 758.863
11608.1 1743.1 11683.7 771.044
11618 1766 11694.2 768.608
11627.4 1773.31 11702.7 765.685
11638.5 1777.2 11713.2 774.455
11647.2 1795.72 11723.4 785.662
11657.2 1813.75 11733.3 798.817
11667.7 1821.06 11743.6 801.254
11678.2 1833.73 11753.8 806.613
11687.2 1845.42 11764.3 813.922
11698 1841.52 11773.6 821.231
11708.5 1851.75 11784.7 826.59
11717 1865.4 11794.1 838.284
11728.1 1881.48 11804.6 844.618
11737.4 1903.4 11813.9 848.029
11747.4 1913.15 11823.5 866.544
11758.5 1923.38 11834.1 874.34
11767.8 1934.58 11844 889.445
11778.3 1957.49 11854.2 901.139
11787.9 1974.54 11864.1 927.937
11798.1 1980.87 11874.6 930.861
11807.8 1995.98 11885.2 941.58
11817.7 2024.73 11894.2 968.378
11827.6 2034.96 11904.1 987.868
11837.3 2060.78 11914.1 999.562
11848.4 2072.96 11924 1017.1
11858.3 2085.63 11934.8 1031.72
11867.1 2097.81 11944.1 1052.18
11879 2110.97 11954.4 1062.9
11887.5 2118.28 11964.3 1066.8
11898.3 2132.41 11974.5 1088.24
11907 2136.3 11985.6 1100.91
11917.3 2152.87 11994.7 1096.04
11927.8 2174.8 12006 1095.55
11937.7 2192.34 12015.7 1110.17
11948.5 2205.98 12025.3 1106.27
11958.4 2220.11 12035.3 1130.14
11968.4 2231.8 12044.3 1145.74
11978 2222.06 12056 1141.35
11987.9 2239.6 12065.3 1160.35
11998.5 2248.86 12076.7 1174.97
12008.4 2281.5 12086.1 1176.92
12017.7 2279.55 12095.7 1181.3
12028.2 2303.92 12105.6 1204.69
12037.3 2323.89 12115.3 1224.67
12048.1 2325.84 12125.8 1255.85
12057.4 2353.13 12135.4 1270.47
12067.7 2352.15 12145.9 1276.32
12078.2 2389.18 12155.3 1294.83
12088.4 2393.57 12166.1 1324.07
12097.8 2409.65 12176.6 1349.4
12107.7 2425.24 12185.4 1375.23
12118.2 2435.96 12195.9 1390.33
12127.8 2447.17 12206.4 1399.59
12139.2 2461.78 12216.6 1425.9
12147.1 2478.35 12226.9 1446.85
12157.6 2491.02 12236.2 1460.5
12167.9 2507.1 12246.4 1488.76
12178.1 2528.05 12256.6 1489.73
12187.7 2539.26 12266.9 1519.45
12198.2 2549.98 12276.2 1514.58
12207.9 2558.26 12286.7 1524.32
12219 2581.16 12297.3 1522.38
12227.7 2592.37 12307.2 1545.76
12237.9 2610.39 12316.5 1542.35
12247 2615.27 12326.8 1543.33
12257.8 2649.86 12336.4 1566.72
12267.2 2651.81 12347.5 1576.46
12278.3 2677.63 12357.4 1585.23
12288.8 2700.05 12368.6 1611.54
12298.4 2699.07 12377 1628.6
12307.8 2722.46 12387 1645.16
12318 2742.92 12396.9 1668.06
12327.6 2756.57 12407.4 1696.32
12337.6 2783.37 12417.3 1709.48
12347.8 2797.5 12427.3 1735.79
12358.6 2809.68 12437.2 1769.9
12368.8 2823.81 12448 1793.28
12378.2 2842.81 12458 1801.08
12388.4 2858.89 12467.6 1843.96
12397.8 2861.32 12478.1 1845.91
12407.1 2879.84 12487.8 1870.76
12417.9 2898.84 12498 1898.04
12427.9 2913.95 12508.5 1898.04
12438.7 2931.49 12518.8 1927.76
12448 2942.69 12527.5 1945.3
12457.4 2968.03 12538.3 1951.15
12468.5 2962.67 12548.6 1964.31
12477.8 2977.29 12558.5 1983.8
12488.4 3001.65 12568.1 1976.49
12498.9 2995.32 12578.7 2004.75
12507.1 3032.35 12588.6 2011.08
12518.8 3059.63 12599.4 2021.31
12528.4 3062.56 12609.1 2034.47
12538 3074.74 12619 2055.91
12548 3093.74 12629.5 2072.48
12557.6 3133.21 12638.9 2081.73
12568.4 3153.18 12649.7 2101.71
12578.1 3169.75 12659.3 2110.97
12588 3190.7 12669.6 2151.41
12599.1 3200.93 12678.9 2155.31
12608.5 3232.12 12688.9 2186.98
12617.8 3229.68 12699.4 2204.52
12627.8 3253.07 12709.6 2225.96
12637.1 3274.51 12719.3 2262.5
12647.6 3299.84 12729.5 2289.3
12658.2 3309.59 12738.8 2320.97
12667.8 3327.62 12750.3 2326.82
12678.1 3326.64 12759.9 2348.26
12688 3353.93 12770.1 2371.16
12698.2 3367.08 12781 2394.54
12708.2 3383.65 12790.9 2411.6
12718.4 3404.6 12800.5 2450.58
12727.4 3405.09 12810.5 2463.25
12738.3 3424.58 12820.7 2488.1
12747.3 3415.81 12830.7 2497.84
12758.2 3444.07 12841.2 2519.77
12768.7 3453.33 12851.7 2539.26
12778 3468.43 12861.6 2553.87
12788.9 3478.66 12872.5 2576.77
12798.2 3505.95 12881.8 2587.49
12807.9 3516.18 12893.2 2618.68
12818.1 3535.18 12901.7 2645.96
12827.7 3544.93 12912.8 2664.48
12837.7 3564.91 12922.8 2687.38
12847.3 3590.73 12934.5 2725.38
12858.4 3596.09 12943.8 2760.46
12867.2 3594.14 12953.8 2781.42
12877.7 3548.83 12964.3 2825.27
12887.4 3488.9 12974 2835.5
12897.9 3408.5 12983 2887.64
12907.6 3363.67 12990.9 2927.1
12917.8 3306.18 12995.6 2970.95
12927.5 3258.43 12995.3 3004.57
12938 3224.32 12987.4 3045.02
12948.2 3169.26 12979.2 3065.97
12957.9 3137.1 12966.9 3112.26
