8010.65 -66.0421 8031.71 -166.415
8009.77 -36.8075 8041.65 -172.262
8005.38 -29.0115 8051.3 -177.134
8005.38 -34.8585 8061.83 -161.055
8008.6 -29.0115 8070.02 -149.848
8013.57 -26.5753 8080.55 -159.593
8022.35 -17.3177 8090.19 -162.029
8029.95 -37.7819 8101.89 -146.925
8040.18 -36.3202 8111.83 -150.823
8048.96 -31.4478 8121.19 -162.029
8060.07 -29.0115 8130.84 -168.851
8069.73 -19.7539 8141.37 -163.978
8079.38 -20.2411 8151.6 -198.573
8090.19 -22.6774 8161.25 -190.29
8100.72 -29.986 8171.19 -189.802
8110.08 -13.4197 8181.43 -194.675
8120.9 -26.0881 8191.95 -182.494
8130.84 -39.7309 8202.18 -180.057
8140.2 -30.9605 8211.25 -183.468
8150.43 -34.3712 8222.07 -188.828
8160.37 -32.4223 8231.42 -183.468
8171.19 -24.6263 8241.65 -192.239
8180.26 -14.8814 8252.18 -184.93
8191.37 -36.3202 8261.53 -174.698
8201.6 -33.3967 8271.18 -184.443
8211.54 -31.4478 8281.7 -172.262
8220.6 -28.5243 8292.22 -177.621
8230.54 -27.5498 8301.58 -197.598
8241.07 -38.2692 8312.1 -179.083
8250.72 -29.0115 8321.75 -200.034
8260.94 -35.3457 8331.68 -189.315
8271.47 -28.037 8342.79 -166.902
8281.12 -23.6518 8351.27 -182.006
8291.64 -21.2156 8362.67 -176.159
8300.7 -39.7309 8372.02 -188.828
8311.51 -5.62379 8381.95 -201.496
8321.16 -29.4988 8392.18 -178.108
8332.27 -29.986 8401.83 -189.315
8341.91 -29.4988 8411.47 -182.494
8351.56 -23.1646 8422.58 -198.573
8361.79 -40.7054 8431.34 -176.159
8371.73 -18.2922 8442.15 -178.596
8382.25 -18.2922 8452.97 -180.545
8392.18 -33.884 8462.61 -182.981
8402.7 -40.2182 8472.25 -154.233
8411.76 -28.5243 8482.48 -178.596
8422.28 -34.3712 8492.41 -180.057
8432.51 -27.5498 8501.77 -174.21
8441.57 -26.5753 8512.87 -173.236
8452.38 -29.986 8522.22 -172.749
8462.03 -43.1416 8533.03 -176.159
8473.13 -35.3457 8541.79 -174.21
8482.48 -32.9095 8552.02 -188.828
8492.41 -30.9605 8562.83 -191.264
8501.77 -22.6774 8573.06 -175.185
8512.58 -29.0115 8582.4 -174.698
8522.51 -30.9605 8592.34 -185.904
8533.03 -19.7539 8601.68 -177.134
8542.38 -22.6774 8612.78 -183.955
8553.19 -32.4223 8622.72 -164.953
8562.83 -40.2182 8633.53 -195.162
8572.47 -33.884 8643.16 -172.262
8582.69 -24.6263 8652.22 -178.596
8593.21 -29.4988 8662.74 -166.902
8603.15 -37.7819 8672.38 -171.774
8612.2 -19.2666 8682.6 -166.902
8623.01 -26.0881 8692.82 -189.802
8632.65 -31.4478 8701.88 -162.517
8643.16 -29.986 8712.98 -181.519
8653.39 -25.1136 8722.61 -175.185
8663.32 -22.6774 8733.13 -176.647
8673.84 -34.8585 8742.47 -167.876
8682.89 -34.3712 8753.28 -177.134
8693.11 -29.0115 8763.21 -187.853
8703.05 -42.6544 8773.72 -189.802
8713.56 -27.5498 8783.36 -177.134
8723.78 -42.1671 8792.41 -171.287
8733.42 -43.1416 8802.64 -171.774
8743.35 -30.9605 8811.98 -161.542
8753.28 -29.0115 8823.66 -183.468
8763.21 -44.6034 8833.01 -170.313
8774.31 -28.5243 8843.52 -169.825
8783.65 -44.1161 8853.16 -182.981
8793.58 -39.7309 8863.38 -184.443
8803.81 -19.7539 8873.6 -180.545
8814.03 -32.9095 8883.23 -168.364
8823.08 -34.8585 8892.58 -177.621
8833.59 -35.833 8903.38 -177.621
8843.23 -36.3202 8913.6 -164.953
8853.74 -34.8585 8924.11 -175.672
8864.55 -32.4223 8933.16 -171.774
8873.31 -25.6008 8943.96 -189.315
8884.98 -37.7819 8953.6 -179.57
8893.45 -21.2156 8963.53 -169.338
8903.67 -27.0626 8973.45 -174.21
8913.89 -34.3712 8983.67 -169.338
8923.82 -25.1136 8993.89 -165.927
8933.45 -31.935 9003.52 -159.593
8944.55 -25.1136 9013.74 -177.621
8954.18 -40.7054 9023.96 -172.262
8963.82 -41.1927 9033.3 -178.596
8973.74 -30.4733 9044.68 -161.542
8983.96 -27.0626 9054.03 -170.8
8993.89 -25.1136 9063.66 -169.338
9004.4 -35.3457 9073.29 -156.67
9013.74 -40.2182 9084.09 -163.491
9024.54 -32.4223 9094.02 -170.8
9034.47 -30.4733 9103.65 -153.746
9044.39 -29.0115 9114.45 -163.491
9054.03 -34.3712 9124.08 -162.029
9064.83 -16.3432 9133.72 -166.902
9073.88 -24.6263 9144.51 -163.491
9084.38 -51.4248 9154.44 -159.593
9094.31 -18.7794 9163.78 -169.338
9104.82 -35.833 9174 -161.055
9113.87 -26.0881 9184.5 -148.874
9125.25 -51.912 9194.72 -176.159
9134.3 -29.986 9204.06 -169.338
9144.51 -40.2182 9214.27 -169.338
9154.44 -33.884 9223.9 -166.902
9164.36 -28.5243 9233.83 -174.698
9174.58 -39.2437 9245.21 -168.851
9183.33 -29.0115 9255.13 -155.208
9193.84 -48.9886 9263.89 -167.876
9204.64 -39.7309 9274.39 -169.825
9214.56 -25.1136 9284.31 -162.517
9224.78 -50.4503 9294.53 -158.619
9234.41 -47.0396 9304.74 -169.338
9245.21 -34.3712 9314.37 -145.463
9254.55 -31.4478 9324.29 -155.695
9265.05 -33.884 9333.63 -158.131
9274.97 -27.0626 9343.26 -160.568
9285.19 -31.4478 9354.35 -168.364
9295.11 -21.2156 9364.56 -140.591
9304.45 -33.3967 9375.36 -148.387
9314.95 -16.8304 9385.28 -153.746
9324.29 -33.884 9395.2 -158.619
9335.09 -24.1391 9404.54 -159.106
9345.89 -29.4988 9415.04 -150.823
9355.81 -23.1646 9424.97 -154.721
9365.73 -29.0115 9434.89 -171.287
9375.94 -23.6518 9445.1 -158.131
9384.99 -31.4478 9455.02 -163.978
9395.79 -29.0115 9465.23 -149.361
9404.25 -3.18756 9475.74 -159.593
9415.63 -40.7054 9483.61 -166.415
9424.97 -23.6518 9495.28 -160.08
9435.18 -32.4223 9504.91 -173.236
9445.39 -30.9605 9515.42 -165.927
9455.02 -40.7054 9525.63 -161.055
9464.65 -23.1646 9534.96 -154.721
9474.57 -31.4478 9544.88 -153.746
9484.78 -38.7564 9555.68 -167.876
9495.87 -25.1136 9564.72 -152.772
9505.49 -27.0626 9575.81 -169.338
9516 -32.4223 9586.02 -160.08
9525.04 -24.1391 9594.77 -157.644
9535.84 -40.7054 9605.57 -154.233
9544.59 -42.1671 9615.19 -158.131
9555.68 -24.6263 9626.28 -155.695
9565.89 -25.1136 9635.61 -167.876
9575.23 -28.5243 9645.83 -162.029
9586.02 -12.9325 9655.45 -158.619
9595.36 -23.6518 9665.66 -155.695
9605.57 -23.6518 9675.58 -154.721
9616.07 -17.8049 9684.92 -167.389
9625.4 -32.9095 9695.42 -161.542
9635.32 -22.1901 9706.21 -151.31
9645.24 -17.8049 9716.71 -179.083
9655.45 -32.9095 9725.46 -157.644
9665.66 -29.0115 9735.97 -154.721
9675.87 -15.8559 9745.59 -170.313
9685.5 -23.6518 9755.51 -163.978
9694.83 -33.884 9766.3 -166.415
9706.5 -27.0626 9775.64 -158.131
9715.84 -26.0881 9787.31 -165.927
9725.46 -24.1391 9795.76 -153.746
9735.67 -15.8559 9805.97 -160.08
9745.88 -16.8304 9815.89 -165.44
9756.09 -32.4223 9826.68 -155.208
9765.43 -33.884 9836.6 -160.568
9776.22 -28.037 9845.94 -167.389
9785.26 -24.6263 9856.44 -170.8
9796.35 -17.3177 9866.65 -166.902
9806.26 -20.7284 9876.85 -158.131
9815.6 -15.8559 9886.48 -152.284
9825.52 -33.884 9897.56 -154.721
9835.73 -12.9325 9906.61 -142.54
9845.64 -9.0345 9916.81 -148.387
9855.56 -24.6263 9925.56 -145.95
9865.48 -15.8559 9936.06 -138.154
9876.27 -29.986 9946.85 -140.591
9885.6 -26.0881 9956.48 -152.772
9895.52 -12.4452 9966.69 -148.387
9906.31 -33.884 9976.9 -144.001
9915.35 -34.8585 9987.4 -146.925
9926.44 -16.8304 9996.44 -161.542
9936.06 -9.0345 10007.5 -170.8
9946.27 -15.8559 10016.6 -153.746
9955.9 -9.52174 10027.1 -165.44
9966.69 -28.037 10036.7 -170.313
9976.02 -21.7029 10046.9 -175.672
9986.52 -20.2411 10058 -166.902
9997.02 -16.8304 10066.1 -179.083
10006.3 -19.2666 10077.2 -172.749
10016.3 -21.2156 10087.1 -186.879
10025.9 2.65938 10096.8 -162.517
10035.8 -20.2411 10107.6 -158.131
10046.6 -28.5243 10116.6 -156.182
10055.6 -1.72583 10127.4 -166.415
10066.4 -22.1901 10136.7 -153.746
10075.8 -21.2156 10147.2 -163.978
10086.6 -6.59828 10157.1 -151.797
10096.5 -21.7029 10167.4 -145.463
10106.4 -10.9835 10177.5 -158.131
10116.6 -10.9835 10188.1 -139.129
10125.9 -13.9069 10197.4 -149.848
10137.3 -13.9069 10207.6 -157.157
10146.6 -10.9835 10216.6 -145.95
10155.7 -7.08552 10227.4 -140.591
10166.5 10.4553 10238.2 -149.848
10177 16.7895 10247.8 -144.976
10186.3 23.6109 10258.1 -156.182
10196.2 31.4068 10267.1 -156.182
10207 41.639 10277.9 -154.233
10216.3 34.8175 10287.2 -160.08
10226.3 52.8456 10298.6 -150.823
10236.2 68.4374 10307.3 -156.67
10246.4 88.9017 10317.8 -161.542
10256.9 85.9782 10328.3 -172.749
10266.5 115.7 10337.7 -149.848
10276.1 128.856 10348.2 -149.361
10286.3 135.19 10357.8 -166.902
10296 155.167 10368.3 -153.746
10306.5 192.685 10378.8 -157.157
10316.1 201.455 10387.8 -144.489
10326.6 233.126 10398.9 -145.95
10336.8 232.152 10407.7 -156.182
10347.6 262.848 10418.8 -160.08
10356.3 266.746 10427.8 -157.644
10366.3 284.287 10438.6 -161.542
10376.5 304.264 10448.2 -135.718
10386.1 314.009 10458.4 -153.259
10396.9 322.292 10468 -149.848
10407.7 341.782 10478.8 -154.233
10416.4 356.886 10488.2 -145.95
10426.3 359.81 10499 -144.976
10436.5 374.427 10508.3 -144.489
10446.2 384.659 10519.1 -153.259
10456.4 398.789 10528.1 -148.387
10466 398.789 10538.9 -141.078
10477.1 412.92 10548.5 -152.284
10487 419.741 10559 -154.233
10496.9 444.103 10568.9 -146.925
10506.8 460.182 10578.6 -165.927
10518.2 459.208 10589.1 -155.695
10526.4 462.618 10598.7 -168.364
10536.6 495.751 10608.6 -145.463
10547.1 503.547 10618.8 -156.182
10557.3 515.241 10628.7 -155.695
10567.2 531.807 10639.2 -130.846
10576.2 555.682 10648.9 -126.46
10587 567.863 10659.4 -118.665
10597.5 576.147 10669 -118.177
10606.3 599.047 10679.8 -120.614
10616.5 603.919 10689.7 -115.254
10626.1 617.075 10698.7 -112.33
10637.2 619.511 10709.5 -106.971
10646.8 636.078 10719.4 -107.945
10657.6 638.027 10729.4 -112.33
10666.9 665.312 10739.3 -107.458
10676.6 680.417 10749.2 -85.0447
10686.2 671.646 10759.4 -75.787
10696.7 688.7 10769.3 -75.787
10706.9 695.034 10780.4 -60.1952
10717.4 698.445 10789.7 -54.3483
10727 707.215 10799.6 -25.6008
10736.6 708.677 10808.4 -10.9835
10747.4 722.32 10820.1 5.0956
10757.1 731.578 10829.7 13.3788
10767.3 732.065 10839.9 18.7385
10776.3 753.016 10851 33.3558
10787.1 766.172 10860 44.0752
10797 772.506 10869.9 53.3328
10806.9 779.328 10879.3 88.9017
10817.1 788.098 10889.8 94.2614
10827.4 796.868 10900.3 110.34
10837.9 815.871 10910.5 116.675
10846.6 830.001 10919.8 121.547
10856.8 833.899 10929.7 139.088
10867 863.134 10939.7 144.935
10877 880.187 10951 162.476
10887.7 890.419 10960.1 158.09
10896.5 896.266 10970.9 180.504
10907.3 890.419 10979.9 175.631
10916.3 923.552 10990.4 170.759
10927.7 937.682 11000 200.481
10937.9 936.708 11010.5 195.608
10946.1 950.838 11020.5 205.353
10957.4 961.557 11030.4 218.996
10966.8 970.328 11040.3 231.177
10976.7 974.713 11051.1 241.897
10987.5 977.636 11061 262.848
10997.1 979.098 11070 287.698
11008.2 987.381 11080.6 290.134
11016.4 1013.69 11091.4 315.471
11026.9 1000.05 11100.7 340.807
11038 1002 11111.2 347.141
11047 1018.56 11120.2 356.886
11058.1 1041.95 11130.4 376.863
11066.8 1056.08 11141.5 369.555
11076.8 1046.34 11150.6 371.991
11087.6 1058.03 11161.4 391.968
11097.5 1056.57 11171.9 396.353
11108.3 1083.86 11181.8 414.381
11117.9 1094.09 11192 407.073
11127.5 1101.4 11200.8 422.177
11136.9 1117.96 11210.7 429.973
11147.4 1125.27 11220.6 440.692
11157 1135.02 11231.1 455.797
11167.2 1140.86 11241.9 478.697
11178 1159.87 11252.1 473.825
11187.6 1172.53 11262.3 497.213
11197.3 1197.87 11271.6 518.164
11207.2 1198.36 11281 518.164
11217.1 1205.18 11291.2 536.192
11227.6 1212.98 11301.4 549.348
11237.5 1213.46 11311.3 555.195
11248 1229.54 11321 546.425
11256.8 1237.34 11331.5 567.376
11267 1251.47 11342 568.351
11277.8 1248.54 11351.6 579.557
11288.3 1267.55 11361.8 587.353
11297 1275.83 11372 594.175
11307.3 1289.96 11382.5 607.33
11317.5 1306.04 11391.9 617.562
11327.4 1320.66 11402.7 615.126
11338.2 1329.43 11411.4 623.896
11347.2 1359.64 11422.5 625.358
11357.1 1355.25 11432.4 647.771
11368.2 1375.72 11442.1 650.695
11377.3 1399.1 11452.9 657.516
11388.4 1417.13 11462.5 674.083
11397.7 1422.98 11473 674.57
11407.6 1430.29 11483.2 664.338
11418.4 1443.44 11492.5 679.442
11426.9 1477.55 11502.8 692.111
11438 1488.27 11511.5 705.754
11447.3 1491.19 11522 712.575
11458.1 1504.35 11531.9 722.32
11466.9 1511.66 11543.6 725.243
11477.7 1517.5 11552.4 740.835
11487.6 1539.92 11562.6 755.453
11497.5 1543.33 11573.1 753.504
11508.6 1546.74 11583.9 777.866
11517.9 1576.46 11592.7 803.203
11527.9 1570.13 11603.2 798.817
11538.4 1592.05 11613.7 813.435
11547.1 1599.36 11623 828.052
11557.9 1615.44 11633.2 831.463
11567.3 1632.98 11643.7 852.902
11577.8 1657.34 11653.1 844.131
11587.7 1662.7 11662.4 868.981
11598.8 1681.7 11673.5 873.366
11608.1 1691.94 11683.7 888.958
11617.8 1716.79 11694.2 893.83
11627.1 1727.02 11703.6 897.728
11637.3 1740.17 11712.9 905.524
11647.5 1760.64 11723.4 929.399
11657.7 1772.82 11734.5 942.555
11667.1 1780.62 11744.1 939.631
11678.8 1804 11753.5 946.453
11687.5 1810.82 11763.7 957.172
11697.4 1813.26 11773.9 981.534
11707.4 1829.83 11783.3 989.817
11717.6 1843.96 11794.4 1007.36
11728.7 1850.29 11803.7 1023.44
11737.4 1866.37 11814.5 1038.54
11747.9 1876.12 11824.4 1046.34
11757 1897.55 11834.1 1055.11
11768.4 1893.66 11844.3 1067.29
11778 1910.71 11853.9 1070.7
11788.2 1924.84 11864.4 1081.42
11798.7 1941.89 11874.4 1099.45
11807.8 1949.2 11884 1097.5
11818 1952.13 11894.8 1109.19
11827.9 1959.92 11904.1 1110.17
11838.4 1975.51 11914.6 1112.6
11848.1 1984.77 11923.7 1104.81
11857.7 1995.98 11934.2 1113.58
11867.9 2008.65 11944.1 1128.68
11877.6 2025.21 11954.4 1124.3
11888.1 2029.11 11965.8 1143.3
11898 2045.19 11974.8 1142.81
11907 2063.7 11984.7 1156.94
11918.2 2081.73 11994.7 1177.41
11928.1 2100.74 12005.8 1174
11938.3 2106.1 12014.8 1195.43
11948.2 2110.97 12025.3 1193.97
11958.2 2129.97 12035.8 1214.44
11969.3 2153.85 12045.2 1235.88
11978.3 2156.77 12056 1243.67
11988.5 2185.03 12066.5 1271.44
11997.6 2205.98 12075.5 1288.99
12008.1 2239.6 12085.8 1293.37
12018 2239.11 12094.5 1295.81
12027.4 2255.19 12105.6 1316.27
12037 2267.86 12115.9 1322.12
12048.4 2282.97 12125.8 1329.91
12057.7 2287.84 12135.4 1349.4
12068.3 2325.84 12145.6 1356.71
12078.2 2324.87 12156.2 1369.38
12087.8 2342.41 12165.8 1367.43
12096.9 2356.05 12176.3 1377.18
12107.4 2381.39 12186.3 1402.03
12117.6 2380.9 12195.9 1396.67
12128.1 2396.98 12206.1 1425.9
12138.3 2407.7 12216.3 1423.95
12148.3 2432.06 12226.6 1427.36
12157.9 2430.11 12236.2 1444.9
12168.1 2437.91 12245.8 1465.37
12177.8 2463.73 12256.6 1461.47
12188.3 2473.48 12266.9 1484.86
12197.9 2489.07 12276.8 1496.06
12207.3 2487.12 12286.2 1510.19
12217.5 2528.05 12296.4 1523.84
12228 2518.79 12306.9 1539.43
12237.9 2530 12316.5 1564.77
12248.2 2561.18 12326.8 1564.28
12257.8 2563.13 12336.7 1584.26
12267.2 2584.08 12347.8 1595.46
12278 2593.83 12356.9 1611.05
12288.2 2609.91 12366.8 1621.77
12298.7 2625.99 12377.3 1635.9
12307.8 2648.89 12386.4 1647.11
12317.4 2659.61 12397.8 1659.29
12327.9 2686.4 12408 1675.37
12338.2 2698.58 12417.3 1696.81
12348.7 2718.07 12427.3 1700.22
12358.3 2735.62 12437.2 1716.79
12368.6 2743.9 12448 1737.74
12378.2 2769.24 12458.3 1740.17
12387.8 2767.29 12467.9 1750.89
12398.1 2782.88 12477.8 1763.07
12407.4 2824.78 12487.8 1787.92
12417.6 2828.19 12498.3 1797.18
12428.4 2836.96 12508.2 1811.31
12438.1 2847.68 12518.2 1819.6
12448 2848.66 12527.8 1845.42
12458.6 2852.07 12538 1862.47
12468.8 2868.15 12548 1870.76
12478.4 2898.84 12558.5 1902.91
12488.1 2906.64 12569 1921.43
12498 2915.41 12578.7 1936.53
12507.6 2933.44 12589.5 1974.54
12518.2 2952.44 12598.8 1973.56
12528.7 2969.01 12608.8 2010.11
12538 2972.42 12618.4 2020.34
12547.7 2999.7 12628.9 2054.93
12558.2 3009.93 12638.9 2063.22
12568.7 3019.68 12649.1 2086.61
12577.5 3049.4 12659 2104.63
12588.6 3056.22 12669.9 2115.35
12598.2 3077.66 12679.8 2128.02
12608.8 3092.77 12690 2149.95
12618.1 3114.2 12699.4 2176.75
12627.2 3129.8 12709.6 2177.72
12637.4 3145.39 12719.8 2202.08
12647.6 3148.31 12729.2 2217.67
12657.9 3162.93 12739.7 2227.91
12668.7 3179.01 12750.6 2247.4
12677.5 3186.8 12760.8 2259.09
12688.6 3222.37 12770.4 2270.3
12697.6 3227.25 12780.4 2302.94
12708.4 3241.86 12790.9 2313.66
12716.9 3252.09 12800.5 2345.33
12727.7 3265.25 12810.5 2364.82
12738 3293.51 12820.7 2390.16
12748.8 3305.2 12831.8 2415.5
12757.9 3317.39 12840.9 2431.57
12768.1 3339.31 12851.4 2457.89
12778.6 3342.24 12862 2498.33
12787.7 3354.9 12872.5 2503.69
12797.9 3370.98 12881.8 2539.26
12807.9 3370.5 12892.6 2561.18
12816.9 3394.37 12903.2 2592.37
12827.4 3401.19 12912.8 2612.34
12838 3428.48 12922.2 2641.58
12847.6 3440.66 12933.9 2660.09
12857.8 3443.58 12942.7 2683.97
12866.9 3420.19 12954.4 2701.02
12878.3 3364.16 12963.7 2738.05
12888 3307.64 12974.2 2768.26
12898.2 3234.07 12983.3 2785.8
12907 3174.62 12990.3 2816.01
12917.2 3103.97 12995.6 2847.68
12928 3092.77 12995.3 2876.43
12937.4 3043.07 12987.7 2904.69
12946.8 3013.35 12977.8 2908.1
12957.6 2969.01 12969 2953.9
