8010.35 52.3583 8031.12 12.8915
8009.48 56.7435 8041.65 15.815
8005.67 55.2818 8051.59 -4.16205
8003.92 73.7971 8061.24 6.55733
8007.72 65.514 8070.31 17.764
8013.28 68.4374 8080.55 26.0471
8021.47 74.7716 8089.61 27.9961
8030.54 61.1288 8101.6 31.4068
8040.18 64.5395 8111.25 27.5089
8049.25 55.2818 8120.9 27.0216
8059.2 55.2818 8131.43 4.12111
8069.43 46.5114 8141.66 6.55733
8079.96 45.0497 8151.89 -9.52174
8090.19 57.718 8161.54 6.55733
8101.31 52.3583 8171.49 -10.9835
8109.79 44.0752 8181.43 15.815
8121.48 49.4349 8191.07 13.866
8131.14 55.7691 8202.18 19.7129
8141.08 40.1772 8210.95 15.3277
8150.72 40.1772 8221.48 12.8915
8160.08 40.6645 8232 19.2257
8170.9 55.2818 8241.65 34.8175
8180.26 51.8711 8252.47 22.6364
8190.78 31.4068 8260.94 16.3022
8201.01 32.8686 8271.76 21.1747
8209.79 51.3839 8282.28 27.5089
8221.48 38.2282 8291.35 17.764
8230.84 54.3073 8301.58 18.7385
8241.36 51.3839 8312.1 30.4323
8250.72 47.9731 8322.04 36.2793
8261.24 65.514 8331.39 21.1747
8272.05 60.6415 8341.91 42.6134
8280.82 53.3328 8350.97 37.2538
8291.93 68.9247 8361.79 33.843
8301.58 76.7206 8372.6 48.4604
8311.51 70.3864 8382.25 45.5369
8320.87 58.6925 8392.18 53.8201
8331.68 66.4884 8401.83 41.1517
8341.91 45.5369 8412.35 43.5879
8352.14 59.1798 8421.99 46.9987
8362.08 68.9247 8431.34 44.5624
8371.73 47.9731 8442.74 50.8966
8382.25 48.4604 8452.09 67.4629
8391.89 52.3583 8462.32 56.7435
8402.12 71.8481 8473.42 75.7461
8411.76 61.616 8482.77 49.4349
8422.28 63.0777 8492.12 56.2563
8432.51 51.8711 8501.77 52.3583
8442.15 60.1543 8512.28 57.718
8451.21 52.3583 8521.93 48.9476
8462.61 65.514 8532.44 35.792
8472.84 54.7946 8542.38 44.5624
8482.77 63.565 8552.02 53.3328
8492.41 62.1032 8563.12 40.6645
8502.64 72.3354 8571.89 50.8966
8512.87 74.7716 8582.4 48.9476
8522.22 60.1543 8592.63 56.2563
8533.03 73.3099 8601.39 46.9987
8542.38 71.3609 8612.49 43.5879
8553.19 81.1058 8622.42 25.0726
8562.83 61.1288 8633.23 33.843
8573.64 76.7206 8642.58 22.1492
8582.69 79.644 8652.81 21.6619
8593.21 66.4884 8662.74 29.9451
8603.15 84.0293 8672.08 24.0981
8612.78 80.6185 8682.6 32.3813
8622.72 81.1058 8691.95 24.5854
8632.94 80.6185 8703.34 36.7665
8642.87 75.7461 8712.98 30.9196
8652.81 71.3609 8723.2 28.4833
8663.32 74.2844 8733.13 37.2538
8673.25 71.3609 8742.47 15.815
8683.77 62.1032 8753.57 30.4323
8693.41 77.6951 8762.33 40.1772
8702.75 81.1058 8773.43 34.8175
8712.98 69.4119 8783.36 24.5854
8723.78 72.8226 8792.41 25.5599
8734.01 84.5165 8802.93 17.764
8743.35 87.9272 8811.69 29.9451
8752.99 94.2614 8823.37 38.2282
8762.92 82.5675 8833.88 16.7895
8774.02 83.542 8842.35 27.9961
8783.07 82.5675 8853.45 18.2512
8793.29 101.083 8863.38 16.7895
8803.51 94.2614 8873.6 30.4323
8813.73 102.057 8882.94 16.3022
8824.25 89.8762 8893.45 27.0216
8833.59 94.2614 8903.38 33.843
8844.4 104.981 8913.01 34.8175
8853.16 91.3379 8923.82 39.2027
8863.67 105.468 8933.75 47.4859
8873.6 94.7486 8943.09 29.4578
8882.94 102.545 8953.31 35.3048
8893.45 99.1338 8963.82 33.3558
8904.55 96.6976 8973.16 45.5369
8913.31 100.108 8983.67 41.639
8923.82 102.057 8993.3 39.69
8934.33 99.1338 9003.23 39.2027
8944.84 97.6721 9013.45 40.1772
8953.6 91.8252 9024.25 47.4859
8963.82 100.108 9033.01 24.5854
8973.16 93.7742 9043.81 49.4349
8985.13 85.0037 9054.32 37.2538
8993.6 103.519 9063.37 42.1262
9004.4 81.1058 9073.29 52.3583
9014.61 79.1568 9084.09 29.9451
9024.25 88.4145 9094.02 31.4068
9033.88 82.5675 9103.94 31.8941
9044.39 97.1849 9113.87 37.2538
9054.32 95.7231 9124.08 23.6109
9064.53 87.9272 9134.3 13.866
9073.58 100.596 9143.93 15.3277
9084.38 104.006 9153.56 9.96805
9093.73 104.981 9164.07 12.4043
9104.23 110.34 9173.7 9.96805
9114.45 95.7231 9184.5 7.53182
9124.67 97.1849 9194.43 -6.59828
9135.17 99.6211 9204.06 -5.62379
9144.22 98.1593 9214.27 -9.52174
9154.44 104.006 9224.49 -12.4452
9164.95 98.6466 9234.12 -15.3687
9174.87 116.187 9244.33 -23.1646
9184.21 111.802 9255.13 -11.4707
9193.55 114.238 9263.89 -21.2156
9205.23 110.34 9274.68 -6.59828
9214.27 84.5165 9285.48 -28.5243
9224.78 95.2359 9295.4 -14.8814
9235.28 102.057 9304.74 -31.4478
9244.92 101.57 9314.66 -30.9605
9255.42 83.542 9323.42 -30.4733
9265.05 90.3634 9333.93 -24.1391
9274.39 87.44 9343.84 -15.8559
9284.31 95.7231 9354.64 -27.5498
9294.82 104.981 9363.98 -27.0626
9305.03 97.1849 9374.19 -27.0626
9315.25 101.083 9385.57 -40.2182
9325.17 93.2869 9394.91 -31.4478
9335.38 95.2359 9404.54 -34.3712
9345.89 105.468 9414.46 -42.1671
9355.81 84.5165 9424.97 -32.9095
9365.73 71.8481 9434.89 -44.6034
9376.24 97.1849 9445.68 -45.5779
9384.99 85.9782 9455.31 -28.037
9395.79 75.7461 9464.36 -33.3967
9404.83 94.2614 9475.74 -37.7819
9414.75 90.8507 9485.36 -43.1416
9424.09 90.3634 9495.58 -39.7309
9434.59 82.5675 9504.91 -38.2692
9445.68 88.9017 9515.13 -52.3993
9455.89 86.4655 9524.75 -59.2207
9465.23 88.9017 9534.96 -61.1697
9475.15 85.491 9545.47 -47.0396
9485.36 90.3634 9555.68 -51.4248
9496.16 88.4145 9564.72 -51.912
9504.33 84.0293 9576.1 -53.3738
9515.42 79.644 9585.14 -62.6314
9525.92 88.4145 9595.36 -46.5524
9535.55 80.6185 9605.27 -47.0396
9546.05 85.491 9615.19 -54.3483
9555.97 81.593 9626.28 -50.4503
9565.01 69.8992 9635.61 -50.9376
9575.81 70.8736 9645.53 -48.9886
9585.14 73.3099 9655.74 -42.1671
9595.94 68.9247 9665.08 -46.0651
9604.98 78.1823 9675.87 -49.9631
9615.78 79.644 9685.5 -29.4988
9625.11 72.8226 9696.88 -35.833
9635.91 82.5675 9705.63 -38.7564
9645.24 60.6415 9716.42 -40.2182
9655.16 97.6721 9725.75 -54.3483
9665.37 81.1058 9735.97 -40.7054
9675.29 84.0293 9745.59 -44.1161
9686.37 86.4655 9755.51 -49.9631
9695.13 95.2359 9766.3 -54.8355
9706.21 84.5165 9776.22 -50.4503
9715.84 99.1338 9787.01 -43.6289
9726.04 94.2614 9795.47 -59.708
9735.38 95.2359 9806.85 -67.5039
9746.17 87.44 9816.77 -57.759
9754.93 96.6976 9825.81 -49.9631
9766.01 91.3379 9836.31 -47.0396
9775.64 93.7742 9845.35 -51.912
9785.56 94.2614 9856.44 -73.8381
9795.18 93.7742 9866.35 -54.8355
9806.26 90.8507 9876.56 -63.1187
9815.02 82.0803 9886.77 -48.5013
9826.98 100.596 9895.81 -69.4529
9836.31 85.9782 9906.31 -60.6824
9845.94 88.9017 9915.94 -79.685
9856.15 84.5165 9926.15 -70.4273
9865.48 97.6721 9937.23 -72.3763
9876.85 97.6721 9946.56 -67.0166
9886.19 102.057 9956.77 -75.2998
9895.23 91.3379 9966.11 -67.0166
9906.02 104.494 9977.19 -73.3508
9915.94 104.006 9987.11 -75.787
9927.02 110.828 9996.73 -80.1722
9936.65 120.573 10006.9 -83.0957
9946.85 122.034 10016.9 -67.9911
9955.9 111.802 10027.4 -75.2998
9965.81 147.371 10037.6 -82.1212
9976.61 131.292 10046.9 -68.9656
9985.94 142.499 10056.5 -72.8636
9995.27 152.731 10066.7 -69.9401
10006.3 162.963 10077.2 -95.7641
10015.1 148.833 10087.7 -87.4809
10027.1 154.193 10096.8 -103.073
10036.1 158.578 10107.3 -149.848
10046.6 162.963 10116.3 -188.828
10055.1 168.81 10127.4 -202.958
10065.8 157.116 10136.4 -205.881
10076.6 182.453 10146.9 -210.267
10086.9 179.042 10157.4 -202.471
10095.9 176.119 10167.4 -187.366
10106.1 184.402 10177.5 -175.185
10116.9 194.634 10186.9 -157.157
10126.2 200.968 10197.7 -157.157
10136.7 197.557 10207.6 -148.387
10146.4 206.328 10217.5 -139.129
10156.6 219.483 10228 -124.999
10167.1 234.101 10237 -118.177
10175.8 234.588 10247.6 -121.101
10185.7 245.307 10257.8 -111.356
10196.5 264.797 10267.7 -123.537
10206.1 277.465 10278.2 -114.279
10215.5 282.825 10287.5 -111.356
10226 289.647 10298.3 -110.869
10236.5 301.828 10307.6 -104.534
10246.4 332.037 10318.7 -105.509
10256.6 348.603 10327.2 -96.7386
10267.4 352.014 10337.7 -88.4554
10275.8 374.427 10347.6 -80.1722
10287.2 392.455 10358.7 -84.5574
10297.1 421.69 10368.9 -82.6085
10305.9 418.279 10377.9 -69.9401
10316.7 430.46 10388.4 -64.0932
10326.6 466.029 10397.8 -69.4529
10336.5 458.72 10407.7 -70.9146
10345.5 458.72 10419 -108.432
10357.2 469.927 10428.1 -121.588
10366.8 499.162 10438.9 -129.871
10376.8 507.932 10448.5 -136.693
10386.7 507.445 10459.3 -134.256
10396.6 511.343 10468.6 -127.922
10406.8 522.062 10478.2 -108.92
10416.7 542.039 10488.2 -126.948
10426.3 546.912 10499 -117.69
10438 545.937 10508 -145.463
10446.5 554.22 10519.1 -127.922
10456.7 552.759 10528.1 -115.741
10466.9 582.968 10538.6 -121.101
10477.4 602.945 10548.2 -106.971
10487 612.203 10558.1 -105.022
10497.2 617.562 10569.2 -86.5064
10506.2 626.82 10578.9 -85.0447
10516.5 647.284 10589.1 -60.6824
10526.9 660.927 10598.1 -69.4529
10537.2 665.8 10609.5 -65.0677
10546.5 689.675 10618.5 -51.912
10557.3 693.085 10628.1 -47.5268
10566.9 727.192 10638.9 -28.5243
10577.4 734.014 10649.4 -23.6518
10586.1 737.424 10659.4 -26.5753
10596.6 746.195 10669.3 1.19764
10607.2 763.249 10679.5 -17.8049
10617.1 785.174 10689.1 -9.0345
10627.3 780.302 10699.3 20.2002
10637.5 795.894 10709.8 22.1492
10647.7 793.945 10719.4 39.69
10656.7 805.152 10729.6 42.6134
10666.7 809.537 10739 30.4323
10676.9 820.743 10749.2 46.9987
10686.8 826.103 10758.5 67.4629
10698.1 840.72 10769.3 68.9247
10707.2 831.463 10780.4 80.6185
10717.4 849.978 10789.4 87.44
10726.7 858.749 10799.9 108.391
10736.6 874.828 10810.1 129.83
10747.1 874.828 10819.2 141.037
10756.8 904.549 10829.4 137.139
10767 902.113 10839.6 154.193
10777.2 921.116 10850.4 149.32
10787.4 939.631 10859.4 161.501
10797 952.787 10870.2 182.94
10806.6 961.557 10879.9 174.17
10816.9 971.789 10889.8 195.608
10826.5 983.97 10900.3 208.764
10837.6 1016.13 10910.2 217.534
10847.2 1020.51 10919.8 220.458
10857.4 1048.77 10930 243.846
10867.6 1067.29 10940.2 229.228
10876.4 1071.19 10950.2 241.897
10887.7 1080.44 10959.2 244.333
10896.5 1104.81 10970.3 268.208
10907 1116.5 10980.2 278.927
10917.2 1116.01 10990.4 285.261
10927.1 1125.76 11000.6 291.596
10937.3 1133.55 11010 304.751
10946.9 1152.56 11020.8 328.626
10957.2 1161.33 11030.7 325.215
10966.8 1166.2 11040 333.011
10977.6 1180.82 11050.8 348.603
10987.8 1193.97 11061.6 349.09
10997.7 1204.21 11071.5 355.912
11007.6 1196.9 11080.3 378.812
11016.7 1203.72 11090.8 395.379
11027.2 1226.62 11100.1 407.073
11036.8 1250.01 11111.5 416.817
11047.3 1255.37 11121.1 390.506
11057.5 1269.5 11131.3 413.894
11067.4 1280.22 11141.5 431.435
11077.6 1297.76 11150.9 436.794
11087.9 1323.58 11160.8 447.514
11097.2 1329.91 11170.4 463.593
11107.7 1357.2 11182.7 461.644
11117.6 1353.79 11191.1 480.159
11127.8 1387.9 11201 485.519
11137.1 1406.9 11211.6 506.958
11147.9 1427.85 11220.9 518.652
11157 1430.29 11231.7 517.677
11168.4 1461.47 11241 525.96
11177.4 1479.5 11252.1 540.09
11188.2 1506.78 11261.7 541.552
11197.5 1505.81 11271.1 538.141
11208 1532.61 11282.1 540.578
11216.8 1534.56 11291.8 546.425
11227.6 1552.59 11301.7 569.325
11237.2 1554.53 11310.8 572.249
11248 1569.15 11321.5 581.506
11257.1 1603.75 11331.8 595.636
11267 1601.8 11341.7 603.919
11277.5 1619.34 11352.2 618.05
11287.1 1628.6 11362.1 637.052
11297 1639.31 11371.4 619.998
11307.5 1657.34 11382.8 639.001
11317.8 1652.96 11391.9 644.848
11328 1675.37 11401.8 654.106
11338.2 1694.37 11412 671.159
11347.5 1694.86 11421.6 691.136
11357.7 1721.66 11432.1 696.983
11367.9 1719.71 11442.3 701.368
11377.6 1736.28 11452.6 700.881
11387.2 1747.48 11462.5 711.113
11397.4 1760.15 11472.1 709.652
11407.6 1767.46 11482.9 715.986
11417.6 1790.36 11492 731.578
11426.9 1807.41 11503.3 752.042
11438 1823.01 11511.5 761.787
11448.2 1831.29 11522.9 759.838
11458.4 1838.11 11531.9 772.993
11467.4 1860.52 11542.7 789.073
11477.4 1879.53 11552.1 787.124
11487.6 1908.27 11562.3 813.922
11498.1 1934.1 11573.1 827.565
11507.7 1927.76 11582.4 834.873
11517.9 1950.66 11593.2 841.695
11528.1 1965.28 11602.6 853.876
11537.2 1968.2 11613.1 883.111
11548 1990.13 11622.7 881.162
11557.6 1996.95 11632.9 893.343
11567.3 2025.7 11643.4 900.164
11578.1 2033.98 11653.9 905.524
11587.7 2066.14 11663 917.705
11597 2084.17 11673.8 907.473
11607.8 2075.89 11683.4 933.784
11618 2095.38 11693.6 923.552
11627.1 2109.51 11703 937.195
11637.6 2129.48 11713.8 931.835
11647.5 2162.62 11722.8 941.093
11658.3 2150.43 11733.6 948.402
11668 2182.11 11744.7 956.198
11677.6 2201.11 11753.5 975.2
11687.5 2212.8 11763.1 992.741
11698 2232.29 11774.2 997.126
11708.8 2246.42 11783.3 1012.72
11717.9 2243.5 11794.1 1012.72
11728.7 2283.94 11804 1040.49
11738 2299.04 11814.8 1052.67
11747.4 2304.4 11823.5 1052.18
11757 2334.61 11834.1 1059.98
11767.5 2339 11844 1065.34
11778.6 2355.56 11854.2 1083.86
11787.9 2369.69 11864.1 1102.86
11797.6 2385.77 11874.1 1104.81
11807.5 2410.14 11884 1108.7
11817.1 2422.8 11894.5 1108.22
11828.5 2431.57 11905 1129.66
11838.2 2454.96 11914.6 1136.97
11848.4 2459.35 11924.6 1153.04
11857.7 2472.99 11933.9 1161.81
11867.9 2500.76 11943.5 1187.64
11877.9 2523.66 11955.2 1205.18
11888.1 2541.2 11964.3 1217.36
11897.7 2562.16 11974.2 1228.57
11908.5 2580.67 11984.4 1249.03
11917.9 2603.08 11995.2 1269.5
11928.4 2616.24 12005.2 1278.75
11938.6 2651.32 12015.4 1291.42
11948.5 2682.51 12025 1316.76
11957.9 2681.04 12034.4 1328.94
11968.4 2702 12044.3 1348.43
11977.7 2735.62 12055.7 1366.94
11987.6 2751.69 12066.2 1368.41
11998.7 2772.16 12075.8 1390.33
12007.8 2786.78 12086.4 1404.46
12017.7 2804.8 12095.7 1407.87
12027.4 2821.86 12106.2 1428.34
12037.9 2848.66 12115.6 1441.49
12048.4 2856.45 12126.1 1458.55
12057.7 2874.48 12135.7 1465.86
12068 2889.58 12145.4 1464.88
12077.3 2906.15 12155.3 1490.7
12088.4 2915.9 12165.8 1497.53
12097.8 2927.1 12176 1505.32
12108.3 2941.72 12186.5 1502.4
12117.9 2959.75 12196.5 1527.74
12128.4 2965.11 12205.5 1545.76
12137.2 2978.26 12216.6 1577.92
12148.6 2998.24 12226.6 1597.41
12157.9 3003.6 12236.2 1604.23
12168.7 3025.53 12247 1615.44
12178.1 3046.96 12256.4 1637.85
12187.7 3048.43 12266.3 1651.5
12197.4 3087.89 12276.2 1674.88
12207.9 3101.05 12287.3 1688.53
12218.1 3126.39 12297.8 1708.5
12228.3 3137.59 12306.3 1741.64
12237.7 3166.34 12317.1 1792.8
12247.9 3191.68 12326.8 1809.36
12258.7 3217.5 12337.6 1836.16
12267.8 3226.27 12347.5 1869.78
12278.3 3252.58 12356.9 1864.91
12287.6 3250.63 12367.4 1900.97
12297.3 3262.81 12376.7 1920.45
12308.1 3281.33 12387.8 1906.81
12318.6 3294.97 12397.8 1933.12
12328.8 3309.59 12407.1 1945.3
12337.9 3318.85 12418.2 1964.79
12347.8 3300.33 12427 1980.39
12358 3313.49 12437.2 1989.16
12368.3 3326.64 12448 2012.54
12377.9 3330.54 12456.8 2028.14
12388.4 3336.39 12468.5 2018.88
12398.1 3329.57 12477.5 2042.27
12408.3 3354.42 12488.4 2069.06
12418.5 3366.6 12497.7 2100.74
12428.1 3381.7 12508.2 2113.4
12438.1 3383.16 12518.8 2124.12
12448.3 3385.6 12528.7 2154.33
12458.8 3411.91 12538.6 2208.42
12468.2 3428.48 12548 2231.32
12478.7 3444.07 12558.2 2246.42
12488.4 3459.17 12567.9 2275.66
12498 3482.07 12578.4 2297.09
12507.4 3493.77 12589.2 2332.18
12518.2 3510.33 12598.2 2362.87
12527.5 3531.29 12608.5 2392.11
12538.3 3561.01 12619 2418.91
12548.9 3563.44 12628.9 2441.81
12558.2 3584.4 12639.8 2485.66
12568.4 3591.7 12649.1 2490.04
12578.7 3611.68 12659.6 2508.56
12587.7 3622.89 12669.6 2541.69
12598.2 3620.94 12679.5 2567.52
12607.9 3628.25 12689.7 2578.24
12618.4 3654.07 12699.4 2591.88
12627.8 3665.28 12709.9 2608.93
12638.6 3660.41 12719.8 2621.11
12647.6 3671.61 12729.8 2644.01
12658.5 3681.84 12740.3 2672.76
12667.5 3672.59 12749.7 2686.89
12677.8 3693.05 12760.2 2689.81
12688.6 3716.44 12769.6 2723.43
12698.5 3704.26 12781 2719.05
12707.9 3747.62 12790.3 2747.8
12718.4 3745.67 12800.3 2780.44
12728.6 3764.68 12810.8 2809.68
12738 3783.19 12821.3 2836.48
12747.3 3794.89 12831.2 2861.32
12758.4 3833.38 12840.6 2899.82
12768.4 3864.56 12851.4 2916.87
12778.9 3882.1 12861.4 2952.44
12788.3 3897.21 12871.6 2974.37
12798.5 3912.8 12882.1 3001.65
12807.9 3937.65 12892.1 3054.27
12818.1 3961.04 12902.9 3072.3
12827.7 3996.12 12912.2 3099.1
12838.3 3995.14 12923.1 3121.51
12847.9 4008.79 12933.3 3157.57
12858.4 4042.89 12943.5 3174.62
12867.2 4015.61 12954.4 3175.11
12877.7 3955.68 12963.7 3207.27
12888.6 3885.03 12974 3228.71
12897.9 3815.35 12983.6 3260.38
12908.4 3734.95 12991.2 3284.74
12918.1 3664.79 12996.5 3314.95
12928.3 3615.58 12995.6 3345.16
12937.7 3550.78 12987.1 3360.75
12947.3 3506.44 12978.6 3405.09
12957.6 3480.61 12967.8 3433.84
