6014.21 -667.302 6041.53 -625.886
6012.44 -679.483 6055.92 -632.708
6007.74 -681.92 6070.03 -623.45
6005.69 -679.483 6084.13 -629.297
6010.39 -677.534 6098.52 -634.17
6019.2 -670.713 6112.62 -624.425
6030.36 -690.203 6125.84 -615.654
6043.59 -679.971 6139.35 -605.422
6057.1 -694.101 6153.74 -598.113
6070.32 -690.203 6168.72 -616.142
6083.54 -679.483 6181.94 -607.371
6097.93 -677.534 6195.74 -620.527
6112.62 -678.022 6210.13 -604.935
6127.31 -687.279 6224.82 -622.963
6140.52 -683.869 6238.33 -618.09
6155.5 -678.996 6251.84 -620.039
6169.02 -687.279 6267.11 -618.578
6183.11 -684.356 6280.03 -600.55
6197.8 -683.381 6293.83 -609.807
6212.19 -685.33 6308.22 -595.677
6227.46 -698.486 6322.31 -610.782
6239.5 -689.228 6335.52 -596.165
6253.89 -690.69 6351.09 -597.626
6268.87 -690.69 6364.3 -598.601
6282.96 -678.022 6378.68 -586.907
6296.76 -691.664 6393.07 -595.677
6311.15 -678.022 6406.28 -571.802
6325.25 -675.585 6420.96 -603.473
6338.46 -691.177 6434.76 -583.009
6352.26 -686.792 6448.26 -581.06
6366.94 -690.69 6462.94 -597.626
6382.21 -692.152 6477.61 -572.777
6395.71 -684.356 6490.82 -572.777
6409.8 -690.203 6504.91 -576.675
6423.89 -680.945 6518.41 -567.904
6437.69 -686.305 6532.5 -564.494
6451.2 -676.073 6546.3 -566.93
6466.46 -682.407 6560.68 -567.417
6479.96 -689.228 6575.35 -568.879
6493.76 -681.92 6589.73 -562.545
6508.43 -691.177 6602.94 -550.851
6521.94 -685.33 6616.73 -564.494
6536.61 -681.92 6631.4 -559.134
6550.4 -696.05 6645.19 -565.955
6564.49 -648.3 6659.27 -565.955
6577.99 -611.756 6673.36 -566.443
6592.66 -573.264 6687.15 -573.264
6606.75 -540.619 6702.7 -556.698
6620.54 -539.644 6714.73 -556.698
6634.92 -505.537 6729.1 -553.774
6648.71 -483.611 6742.89 -566.443
6663.38 -477.277 6757.85 -572.289
6677.17 -462.659 6771.64 -569.853
6691.26 -428.552 6784.84 -571.802
6705.34 -401.754 6798.63 -564.006
6719.13 -366.185 6813 -570.828
6733.21 -347.182 6827.66 -567.417
6747 -287.739 6840.57 -562.057
6761.08 -252.17 6856.11 -572.777
6774.57 -214.652 6870.48 -568.879
6789.24 -161.542 6883.39 -574.726
6803.32 -125.486 6897.76 -575.213
6816.81 -77.2488 6911.54 -576.675
6831.77 -8.54726 6925.61 -592.754
6846.43 13.866 6939.98 -596.165
6860.22 81.1058 6954.35 -578.136
6874 98.6466 6968.13 -579.111
6888.66 145.422 6981.91 -576.675
6901.57 181.965 6996.28 -575.7
6915.94 211.687 7010.06 -575.213
6929.13 246.769 7023.84 -584.958
6944.09 282.338 7037.91 -596.165
6958.46 316.445 7051.98 -593.241
6972.82 337.884 7066.34 -602.011
6986.02 383.685 7080.41 -596.652
7000.38 391.968 7094.78 -593.241
7014.16 421.203 7108.26 -607.371
7028.53 440.205 7121.45 -609.807
7042.89 460.182 7137.28 -610.782
7056.67 476.749 7150.76 -606.397
7071.03 495.264 7165.41 -610.295
7083.93 511.83 7177.72 -603.473
7098 540.09 7191.79 -627.348
7112.95 562.991 7206.44 -619.552
7127.02 594.662 7220.51 -614.68
7141.09 609.766 7234.86 -625.399
7154.86 663.363 7249.51 -628.81
7169.22 699.907 7263.29 -615.654
7182.41 744.246 7276.47 -627.348
7196.77 780.789 7290.83 -626.861
7211.42 830.975 7304.89 -630.272
7224.31 900.164 7318.07 -633.195
7240.14 955.223 7333.01 -641.966
7253.03 1026.36 7347.37 -630.759
7267.1 1085.32 7361.14 -634.17
7281.16 1139.4 7375.78 -653.172
7295.22 1171.56 7388.67 -642.453
7309.28 1207.62 7403.02 -641.966
7323.35 1220.77 7416.5 -651.71
7337.11 1228.08 7431.43 -657.557
7350.88 1250.49 7445.49 -647.325
7365.82 1267.55 7458.96 -659.994
7379.59 1298.73 7473.02 -654.147
7393.06 1299.22 7487.66 -659.506
7407.42 1305.06 7501.72 -664.379
7421.77 1308.96 7515.77 -649.274
7436.41 1337.22 7529.83 -661.455
7450.18 1364.02 7544.18 -665.84
7463.94 1392.28 7557.35 -666.815
7478 1395.2 7571.7 -671.2
7492.05 1432.24 7586.34 -669.251
7506.4 1458.55 7600.1 -683.869
7519.29 1496.55 7613.57 -675.098
7534.22 1543.33 7627.91 -679.971
7548.57 1579.87 7641.96 -678.022
7561.74 1619.34 7655.72 -680.945
7576.38 1646.14 7669.77 -679.483
7590.44 1703.14 7684.7 -678.996
7604.49 1746.51 7698.45 -678.509
7616.49 1785 7712.21 -681.432
7632.01 1839.08 7726.26 -682.894
7646.35 1877.09 7740.01 -683.869
7659.82 1909.74 7753.77 -690.203
7674.16 1966.26 7768.7 -695.562
7687.92 2013.52 7782.45 -696.05
7702.26 2053.96 7796.5 -671.687
7716.31 2105.12 7810.83 -681.432
7730.65 2146.54 7823.42 -690.69
7744.99 2189.41 7838.92 -674.124
7757.28 2231.8 7852.68 -678.996
7773.09 2274.19 7866.72 -686.305
7786.55 2322.92 7880.76 -698.973
7799.71 2372.13 7894.81 -696.537
7814.05 2379.93 7910.02 -696.05
7828.68 2382.85 7922.31 -679.483
7843.61 2379.93 7936.64 -677.047
7856.48 2396.49 7950.1 -690.203
7870.82 2440.83 7964.72 -693.126
7885.15 2461.3 7979.64 -673.149
7899.2 2502.71 7993.1 -682.894
7912.95 2518.3 8007.72 -687.279
7926.7 2554.36 8021.47 -686.792
7940.74 2581.16 8034.63 -690.69
7954.78 2591.88 8049.55 -688.741
7969.11 2617.7 8062.12 -680.458
7984.03 2642.06 8075.87 -696.05
7997.48 2668.86 8090.78 -682.407
8010.94 2699.56 8105.11 -691.177
8024.1 2735.62 8119.73 -680.458
8039.31 2776.54 8133.47 -678.996
8053.35 2807.24 8148.09 -682.894
8066.8 2854.5 8161.84 -668.277
8082.59 2894.94 8175.29 -666.815
8096.34 2920.28 8189.9 -664.866
8110.66 2982.65 8203.35 -671.687
8123.53 3023.58 8217.97 -672.662
8137.86 3079.61 8231.13 -667.302
8151.31 3110.79 8246.62 -675.585
8165.35 3155.62 8259.78 -657.07
8179.38 3207.76 8273.51 -651.71
8192.24 3256.48 8287.84 -643.914
8207.45 3304.72 8300.99 -657.557
8221.19 3374.88 8316.49 -651.223
8236.1 3428.48 8329.05 -645.863
8249.25 3466.97 8344.84 -659.506
8263.28 3508.87 8358.28 -654.147
8277.32 3566.37 8372.6 -641.966
8291.64 3608.76 8386.05 -629.297
8305.38 3640.43 8399.49 -622.476
8320.28 3697.44 8415.27 -585.932
8334.31 3719.85 8428.13 -594.215
8348.34 3765.65 8442.74 -592.754
8361.79 3798.3 8457.06 -588.856
8375.52 3839.22 8470.5 -558.647
8389.55 3861.15 8484.82 -525.514
8403.29 3877.72 8498.55 -555.236
8418.49 3898.67 8512.58 -527.463
8431.34 3895.75 8526.89 -504.562
8445.37 3912.8 8540.92 -479.226
8460.27 3932.78 8554.36 -478.251
8474.59 3964.45 8568.97 -452.914
8487.16 3997.58 8582.99 -380.802
8501.77 4021.45 8596.72 -368.621
8515.5 4057.02 8611.32 -341.823
8529.52 4106.72 8625.35 -290.175
8543.84 4154.47 8639.08 -242.912
8558.15 4209.53 8653.39 -218.062
8572.18 4280.18 8666.83 -262.402
8586.79 4326.96 8681.14 -200.522
8599.64 4390.3 8693.99 -159.106
8614.25 4446.82 8709.18 -132.307
8627.97 4510.16 8724.07 -164.466
8641.41 4566.19 8737.51 -138.154
8656.02 4603.71 8752.4 -86.0192
8670.33 4645.13 8765.25 -29.0115
8684.65 4658.77 8778.98 -99.1748
8698.37 4693.85 8793.88 -49.4758
8712.68 4714.8 8807.31 7.53182
8726.12 4738.19 8822.2 -10.009
8739.55 4732.34 8835.34 25.0726
8754.74 4721.14 8849.94 75.2588
8767.88 4750.37 8863.67 94.7486
8783.07 4783.99 8877.98 125.932
8795.92 4817.61 8892.58 172.221
8810.81 4878.03 8906.3 231.664
8825.71 4922.86 8920.31 317.42
8837.97 4967.68 8933.75 132.754
8852.86 5030.54 8947.76 187.812
8866.88 5070.49 8962.65 280.876
8880.31 5120.19 8975.79 164.912
8894.62 5165.5 8990.09 205.353
8908.64 5231.77 9003.81 272.593
8923.23 5282.44 9018.7 315.958
8936.37 5350.17 9033.01 382.71
8950.68 5396.95 9047.02 376.863
8964.69 5425.21 9061.03 440.692
8978.12 5505.11 9073.58 507.445
8992.43 5521.19 9088.18 562.991
9006.15 5565.05 9102.48 634.129
9021.33 5598.67 9116.5 713.062
9034.17 5639.59 9131.09 686.264
9048.77 5679.55 9144.81 607.33
9063.07 5739.48 9159.69 639.976
9076.79 5786.74 9172.83 684.802
9090.51 5828.16 9187.42 749.606
9104.53 5888.58 9200.26 795.407
9118.54 5938.28 9216.02 858.261
9132.55 5959.71 9229.74 911.371
9146.27 6026.95 9242.29 986.407
9161.44 6069.34 9257.47 900.164
9174.87 6121.48 9271.18 917.218
9189.17 6157.05 9285.19 990.305
9203.18 6197.98 9300.36 1068.75
9217.48 6228.67 9312.62 1033.67
9230.03 6279.83 9326.63 1003.95
9244.92 6318.81 9340.64 1048.77
9259.22 6357.31 9354.64 965.942
9272.64 6384.1 9369.82 801.254
9286.36 6440.14 9383.53 828.052
9300.95 6476.19 9398.12 894.317
9315.54 6523.46 9410.96 924.526
9329.55 6576.57 9425.84 989.817
9342.97 6631.62 9439.56 1037.08
9358.14 6692.04 9454.14 1094.57
9371.86 6722.25 9468.15 1160.84
9384.99 6808.98 9482.44 1222.23
9399.58 6858.68 9496.74 1159.87
9413 6894.74 9509.29 1167.17
9427.3 6890.84 9524.46 1216.39
9440.43 6861.12 9538.76 1272.42
9454.73 6798.75 9553.34 1307.5
9469.9 6814.83 9567.06 1327.97
9483.32 6835.78 9579.6 1354.76
9497.91 6888.89 9594.77 1386.92
9510.16 6890.84 9608.77 1438.08
9525.04 6900.1 9622.49 1467.8
9539.34 6936.64 9636.49 1504.35
9552.47 6965.87 9650.78 1536.51
9567.93 7009.73 9665.08 1553.56
9580.48 7047.24 9678.2 1571.1
9594.48 7085.74 9692.79 1619.34
9608.77 7119.84 9707.08 1639.31
9623.95 7176.36 9721.09 1672.45
9637.07 7257.73 9734.8 1705.09
9651.08 7305.97 9748.51 1746.51
9665.66 7388.8 9763.09 1785.98
9679.66 7457.02 9777.09 1837.14
9694.25 7527.18 9791.39 1887.81
9707.08 7597.83 9805.97 1917.04
9721.38 7655.81 9819.1 1976
9735.38 7726.46 9833.68 2032.03
9749.97 7761.06 9847.39 2106.1
9763.97 7809.78 9861.4 2185.52
9777.39 7829.27 9875.98 2242.04
9791.68 7880.92 9889.4 2302.94
9805.68 7905.77 9903.1 2353.13
9819.68 7936.95 9917.1 2397.95
9833.68 7932.57 9932.27 2453.01
9847.69 7935.98 9945.69 2493.94
9859.94 7986.16 9959.69 2525.13
9874.81 8002.73 9973.69 2571.41
9889.69 8046.1 9988.27 2604.55
9904.27 8069.97 10002 2634.76
9917.69 8084.1 10015.7 2656.19
9933.15 8124.54 10031.1 2710.77
9945.4 8145.49 10044.3 2739.51
9959.4 8203.48 10058 2753.16
9973.98 8255.61 10072.3 2782.88
9987.69 8305.31 10086.6 2802.86
10002.3 8367.19 10100.6 2842.32
10014.8 8407.63 10113.7 2900.3
10029.7 8472.92 10128.6 2942.21
10043.1 8535.78 10143.1 2964.62
10058.9 8578.17 10156.3 3012.86
10072 8624.46 10170.9 3039.17
10086 8660.02 10184.9 3112.26
10099.7 8699.98 10198.8 3143.93
10113.4 8762.83 10212 3193.14
10128.3 8807.17 10227.1 3245.27
10141.7 8832.02 10241.1 3276.94
10155.7 8894.88 10255.1 3323.23
10170.3 8911.44 10269.4 3369.03
10183.4 8889.52 10282.8 3429.94
10198.3 8535.78 10296.8 3475.25
10211.7 8498.75 10310.8 3522.52
10225.7 8441.74 10325.7 3579.52
10239.7 8455.87 10340.3 3644.81
10253.4 8503.13 10352.8 3710.59
10268 8535.29 10367.7 3782.7
10281.7 8573.78 10380.8 3835.81
10296 8618.61 10394.8 3921.57
10310.3 8642 10410.6 3960.06
10324 8669.28 10424 4038.51
10339.1 8735.06 10438.3 4110.13
10351.1 8769.65 10451.4 4161.78
10366.3 8777.45 10465.7 4223.17
10380.5 8833.48 10480.6 4273.85
10394 8882.21 10494.3 4308.44
10407.7 8918.75 10508.3 4357.65
10422 8986.48 10521.7 4410.76
10436.3 9031.79 10536 4449.74
10449.7 9132.17 10550.3 4484.82
10464 9186.25 10564.6 4536.47
10478.2 9274.44 10578.3 4574.48
10490.8 9375.79 10592 4593.97
10506 9442.54 10606.6 4629.54
10520.8 9536.09 10619.7 4680.7
10534.2 9590.18 10635.4 4702.14
10547.1 9620.38 10648.3 4755.25
10562.5 9683.73 10662.6 4787.89
10575.9 9726.12 10677.1 4824.43
10590.5 9726.12 10690.3 4867.31
10603.9 9755.35 10705.1 4907.75
10618.5 9776.3 10718.9 4959.89
10632.5 9705.16 10733.1 5016.9
10646.2 9686.16 10746.9 5058.8
10660.2 9690.06 10760.6 5099.73
10674.5 9708.09 10775.4 5144.07
10688.5 9736.84 10789.4 5200.1
10702.5 9751.45 10804 5255.16
10715.9 9799.69 10817.4 5299.98
10729.9 9756.81 10830.9 5356.99
10743.1 9601.38 10845.7 5428.62
10757.6 9429.87 10859.4 5509.5
10771.9 9361.17 10874.3 5554.33
10785.6 9450.82 10887.7 5611.33
10800.5 9525.37 10901.2 5662.01
10814.2 9611.61 10915.7 5717.07
10828.5 9686.65 10930.3 5774.07
10843.1 9737.81 10945.2 5837.9
10855.9 9814.31 10958.3 5893.94
10870.8 9885.45 10972.3 5929.5
10884.8 9925.89 10985.8 5976.77
10898.5 9982.41 10999.8 5997.72
10912.2 10039.9 11015.2 6040.11
10926.8 10112 11028.6 6073.24
10941.1 10171.9 11042.6 6104.43
10954.5 10249.4 11057.2 6126.84
10968.3 10317.1 11070.3 6146.82
10982.5 10388.3 11085.8 6154.61
10996 10461.4 11098.1 6178.97
11010.3 10536.9 11112.9 6215.03
11024 10588.5 11126.6 6249.14
11038.3 10669.9 11141.5 6270.58
11053.1 10688.9 11154.9 6326.12
11067.1 10807.3 11168.1 6360.23
11079.7 10831.2 11183.5 6404.08
11094.3 10804.4 11197.3 6456.7
11109.4 10812.7 11211.8 6490.81
11122.6 10823.4 11225.8 6539.05
11136.3 10833.1 11239.6 6594.59
11150.9 10841.9 11253.3 6657.94
11165.2 10871.6 11268.4 6700.33
11178.6 10895.5 11282.1 6733.95
11191.7 10945.2 11295.9 6807.03
11208 10964.7 11309.6 6809.47
11220.3 11018.8 11323 6850.4
11234.6 11082.1 11337.3 6893.76
11248.3 11131.3 11351.9 6921.54
11263.2 11216.6 11366.2 6939.08
11277.2 11289.2 11380.8 6980.98
11290 11339.4 11394.2 7006.8
11304.9 11427.6 11408.5 7034.58
11317.8 11494.8 11421.9 7064.78
11331.8 11445.6 11436.8 7088.17
11346.6 11414.9 11449.9 7125.69
11360.6 11470 11464.5 7158.82
11375.2 11558.6 11479.7 7202.68
11388.7 11607.9 11492.5 7240.19
11402.4 11660 11506.3 7283.07
11417.3 11695.1 11520.6 7342.03
11430.7 11746.2 11535.7 7357.13
11444.7 11781.8 11549.2 7417.55
11459.6 11791.1 11562.9 7462.86
11472.1 11840.8 11577.8 7500.38
11486.1 11854.4 11591.8 7553.98
11500.4 11892.9 11604.9 7599.29
11514.7 11893.9 11620.7 7667.51
11528.4 11943.1 11632.9 7749.85
11543.9 11988.4 11648.1 7790.78
11556.2 12018.6 11662.1 7825.37
11570.2 12019.6 11675.3 7866.3
11585.4 11661 11689.6 7892.13
11598.2 11671.2 11703.6 7943.29
11612.8 11655.1 11718.5 7984.22
11627.1 11646.8 11732.8 8017.84
11641.7 11677 11746.8 8051.94
11654.5 11713.1 11760.5 8072.41
11667.7 11722.8 11773.9 8123.57
11682.8 11769.6 11788.8 8159.14
11695.7 11813 11802.2 8198.6
11711.2 11865.6 11817.1 8223.45
11725.5 11935.8 11831.4 8261.95
11738.9 11991.8 11844 8303.85
11752.6 12035.2 11858.9 8357.45
11766.9 12118.5 11872.9 8393.5
11780.9 12161.9 11887.2 8435.41
11794.4 12223.7 11901.5 8455.87
11809.8 12249.1 11914.6 8504.59
11823 12299.3 11929 8545.52
11835.8 12352.4 11942.7 8589.37
11849.8 12391.3 11958.4 8637.12
11864.4 12429.4 11971 8689.75
11879.3 12465.9 11985.3 8702.41
11893.3 12487.3 11999.9 8789.14
11905.9 12531.7 12014.5 8815.94
11921.4 12560.9 12029.4 8855.9
11934.5 12607.2 12043.1 8897.31
11949.1 12643.3 12056.9 8942.63
11963.4 12645.7 12070.6 8951.88
11978 12682.7 12084.6 8991.35
11990.9 12718.3 12098 9165.3
12005.2 12715.4 12112.3 9661.8
12018.6 12723.6 12127.8 9763.63
12032.6 12775.8 12140.7 10312.8
12046.9 12805.5 12155.9 10393.2
12061 12841.6 12169.3 10458.4
12074.4 12908.8 12183 10511.6
12089 12978 12197.6 10565.6
12101.3 13030.1 12211.1 10614.4
12117.6 13097.4 12225.4 10646.5
12130.5 13118.3 12239.1 10653.8
12144.5 13127.1 12254 10700.6
12158.2 13170 12268.3 10753.2
12173.1 13129.5 12282.1 10801
12187.1 13007.7 12296.4 10864.8
12200.3 12383.1 12310.1 10898.4
12215.5 12437.6 12324.7 10941.3
12228.3 12477.1 12338.5 10991.5
12243.2 12538.5 12353.4 11045.6
12256.4 12562.9 12366.8 11107
12271 12602.3 12380.8 11163.5
12284.4 12587.2 12394.8 11220
12298.7 12611.1 12409.2 11374
12313.6 12601.8 12422.3 11402.7
12327.1 12642.3 12437.2 11480.7
12339.9 12712.9 12451 11465.6
12354.8 12756.3 12465.6 11522.6
12368.3 12845 12479.3 11564.5
12383.5 12920.5 12494.2 11560.6
12396.9 13011.6 12507.1 11584.5
12410.9 13076.4 12521.4 11607.9
12424.6 13193.8 12536 11656.1
12439 13246 12549.4 11654.1
12453.6 13303.5 12564.6 11707.3
12467 13387.8 12578.4 11746.2
12481 13469.1 12593.3 11774.5
12494.2 13505.2 12608.2 11806.2
12508.5 13576.3 12621.3 11834.9
12522.3 13618.7 12635.1 11871.5
12536 13666.5 12650 11948.4
12551.2 13689.9 12663.1 11978.6
12564.6 13746.9 12677.8 11985.5
12579.8 13781.5 12691.5 12018.6
12592.4 13818.5 12706.4 12059
12607.3 13835.5 12719.6 12094.1
12620.5 13880.9 12734.8 12121.9
12634.8 13907.2 12747.9 12158
12649.1 13955.4 12762.5 12178.4
12661.7 13968.6 12777.7 12161.4
12676.9 13925.2 12790.9 12205.2
12690.9 13864.3 12804.9 12247.1
12704.7 13817.5 12819.5 12265.1
12718.7 13320.5 12833.9 12303.2
12732.7 13027.2 12849.1 12339.2
12747 12974.1 12862.8 12333.4
12761.4 12967.3 12877.4 12373.8
12774.5 13028.2 12891.5 12423
12788.6 13114.9 12906.1 12483.4
12802.9 13174.8 12921.3 12525.8
12816.6 13331.2 12935.6 12540
12830.7 13276.2 12949.4 12562.9
12844.4 13168.5 12964 12613
12858.4 13106.1 12976.9 12647.6
12871.9 13024.8 12988 12744.1
12887.1 13001.9 12995.3 12793.8
12899.7 12988.2 12995.6 12819.6
12914.3 12966.3 12984.8 12819.6
12928.3 12932.2 12970.7 12838.1
12942.1 12910.3 12956.7 12872.3
