6013.33 -583.496 6041.24 -612.731
6012.74 -587.881 6056.51 -601.037
6007.45 -584.471 6069.73 -612.731
6005.39 -584.958 6083.83 -621.988
6011.86 -579.111 6097.05 -611.269
6019.79 -576.675 6111.74 -613.705
6031.25 -588.369 6126.13 -602.011
6043.59 -586.907 6139.35 -603.96
6056.8 -593.728 6154.04 -605.909
6070.61 -586.907 6168.13 -615.167
6084.42 -590.805 6182.23 -604.448
6098.23 -591.779 6195.45 -607.858
6112.33 -591.292 6210.13 -630.759
6127.01 -575.213 6224.23 -618.578
6140.52 -591.779 6237.74 -622.963
6154.92 -591.292 6252.13 -623.45
6169.6 -603.96 6265.64 -617.116
6183.7 -609.807 6280.03 -621.501
6197.8 -600.55 6292.95 -615.167
6212.19 -605.909 6308.51 -624.425
6225.7 -594.703 6322.6 -622.476
6240.38 -616.142 6335.82 -633.682
6254.18 -615.654 6349.91 -617.116
6268.87 -601.524 6363.71 -621.501
6282.96 -602.011 6380.15 -619.552
6297.35 -623.45 6392.19 -626.374
6311.45 -606.397 6406.57 -627.835
6324.66 -608.833 6420.37 -618.09
6339.34 -616.629 6434.46 -613.705
6352.55 -614.68 6447.67 -610.295
6367.23 -636.606 6462.94 -618.578
6380.74 -625.399 6476.14 -607.858
6396 -635.144 6490.82 -614.68
6410.1 -627.835 6504.91 -615.167
6422.72 -639.042 6518.41 -617.603
6438.28 -639.529 6533.38 -608.346
6451.78 -655.121 6546.3 -618.09
6465.58 -642.94 6560.38 -607.858
6479.67 -600.062 6575.06 -619.552
6493.46 -567.904 6589.44 -614.68
6508.73 -538.67 6603.23 -606.884
6521.94 -497.741 6617.61 -621.501
6536.9 -475.328 6631.1 -606.397
6550.99 -452.427 6645.19 -598.601
6564.49 -412.473 6659.27 -599.575
6578.87 -378.853 6673.06 -593.728
6591.78 -331.591 6687.15 -609.807
6606.16 -288.226 6700.94 -611.756
6620.83 -254.119 6715.31 -610.782
6634.63 -218.062 6728.81 -590.805
6649 -169.825 6742.89 -596.165
6662.5 -142.54 6757.56 -598.601
6677.47 -123.537 6770.47 -602.011
6691.26 -107.458 6785.13 -601.524
6705.34 -66.5294 6799.8 -599.575
6718.83 -43.6289 6813.58 -602.986
6732.62 10.9425 6827.08 -589.343
6746.12 48.4604 6841.74 -604.448
6761.08 85.0037 6856.4 -600.55
6776.92 125.932 6869.6 -603.96
6788.94 143.96 6883.97 -607.371
6804.2 171.733 6897.76 -595.19
6817.69 175.144 6911.83 -597.626
6831.77 221.92 6925.91 -585.932
6847.02 250.18 6939.4 -604.448
6859.34 295.493 6954.06 -589.83
6873.71 336.422 6968.43 -607.371
6886.91 325.215 6982.21 -602.499
6901.86 330.088 6996.28 -600.55
6915.94 372.478 7009.18 -587.881
6929.13 399.277 7023.84 -588.369
6944.97 411.945 7037.61 -594.703
6957.87 450.925 7052.86 -594.703
6972.53 468.953 7065.76 -593.241
6986.31 488.442 7080.71 -592.267
7000.09 511.83 7095.36 -588.856
7014.45 559.58 7107.97 -585.445
7028.23 590.764 7122.62 -588.369
7043.48 617.562 7136.4 -585.445
7056.08 628.282 7150.76 -595.677
7070.15 667.261 7163.95 -588.369
7085.4 690.649 7178.6 -601.524
7098.59 753.504 7192.96 -602.499
7112.95 800.279 7205.85 -609.32
7126.43 840.72 7220.51 -597.139
7140.5 895.779 7234.86 -591.779
7154.86 931.835 7248.93 -594.703
7168.64 969.353 7262.7 -609.32
7183.29 1015.64 7276.76 -607.858
7196.18 1064.85 7291.41 -605.422
7211.42 1105.29 7304.6 -600.55
7225.49 1135.02 7318.95 -599.088
7238.67 1192.02 7333.01 -597.139
7252.15 1222.23 7346.49 -588.856
7267.68 1254.39 7361.43 -590.318
7280.87 1269.98 7374.9 -597.139
7294.34 1298.24 7388.67 -578.136
7308.99 1321.63 7402.73 -599.088
7323.93 1344.53 7417.38 -577.162
7336.53 1349.4 7431.43 -585.932
7351.47 1387.41 7445.78 -596.165
7366.41 1377.66 7460.13 -588.856
7379.3 1393.74 7473.31 -601.524
7393.65 1425.9 7487.66 -589.83
7407.12 1462.44 7500.84 -579.598
7422.06 1512.14 7515.48 -596.165
7435.53 1552.59 7529.83 -597.139
7449.88 1580.36 7543.59 -583.009
7463.06 1617.88 7556.77 -604.935
7478 1677.32 7571.99 -600.55
7492.05 1746.51 7585.46 -594.703
7506.4 1804.49 7598.93 -602.011
7519.87 1843.47 7613.27 -608.346
7534.22 1884.4 7628.79 -601.037
7547.69 1947.74 7642.25 -603.473
7561.16 1991.59 7655.72 -603.473
7576.09 2033.98 7670.94 -600.062
7590.73 2079.3 7684.11 -604.448
7604.2 2107.56 7698.45 -609.807
7618.54 2137.77 7711.33 -605.909
7631.72 2132.89 7725.97 -597.626
7646.65 2171.39 7741.18 -607.371
7660.11 2208.9 7753.48 -601.524
7674.16 2231.32 7768.11 -602.499
7689.38 2247.4 7781.57 -592.754
7702.26 2275.66 7797.08 -600.55
7716.31 2300.02 7810.83 -606.884
7730.65 2326.82 7825.47 -596.165
7744.41 2360.44 7838.34 -594.215
7758.45 2383.82 7852.68 -607.858
7772.21 2429.63 7866.72 -603.96
7787.42 2458.86 7880.18 -593.728
7800.59 2520.74 7894.81 -601.524
7814.64 2568.98 7908.85 -625.399
7828.68 2612.83 7923.19 -1550.19
7843.02 2651.81 7937.23 -2126.6
7857.94 2693.22 7949.81 -2095.42
7870.23 2742.44 7965.89 -2039.87
7885.15 2805.29 7979.06 -1969.22
7898.9 2853.04 7993.68 -1910.26
7912.36 2906.15 8008.01 -1824.02
7926.7 2944.64 8021.47 -1736.8
7940.74 2987.03 8035.51 -1670.54
7955.07 3071.33 8047.79 -1649.1
7969.11 3094.71 8063 -1589.66
7983.15 3165.37 8076.16 -1604.76
7996.9 3218.96 8090.19 -1516.57
8010.06 3262.81 8105.99 -1448.84
8025.56 3305.2 8119.14 -1392.32
8039.31 3324.21 8132.6 -1395.73
8053.35 3407.04 8146.92 -1344.57
8067.39 3423.6 8161.54 -1295.85
8081.13 3481.1 8175.87 -1249.56
8096.63 3509.36 8190.2 -1273.92
8109.5 3541.03 8204.23 -1249.56
8124.12 3564.42 8217.39 -1225.2
8137.86 3582.93 8232 -1184.27
8151.02 3623.86 8245.16 -1153.09
8165.93 3629.22 8259.78 -1148.21
8179.67 3685.26 8274.1 -1161.37
8193.41 3721.31 8287.84 -1129.7
8206.57 3761.27 8302.75 -1069.77
8221.77 3812.43 8316.49 -1224.71
8234.64 3846.53 8330.22 -1196.94
8249.55 3906.95 8344.25 -1151.62
8263.28 3958.11 8357.99 -1109.23
8277.61 4008.3 8372.31 -1052.23
8292.22 4070.18 8386.05 -1468.82
8305.38 4106.72 8399.78 -1404.5
8319.7 4179.81 8415.27 -1345.06
8334.31 4230.48 8428.13 -1302.18
8347.76 4301.62 8442.15 -1227.63
8361.2 4347.42 8455.89 -1169.65
8374.94 4406.87 8471.09 -1103.87
8390.14 4452.67 8484.53 -1039.56
8403.29 4489.21 8499.14 -970.856
8417.9 4538.91 8512.58 -932.851
8431.64 4580.81 8526.6 -882.664
8445.95 4612.48 8540.92 -841.249
8460.27 4669 8554.94 -809.09
8473.42 4694.83 8569.55 -737.465
8487.45 4724.06 8582.11 -728.208
8501.77 4778.63 8597.3 -681.92
8515.79 4800.07 8611.91 -667.302
8529.81 4861.46 8624.76 -669.251
8544.13 4901.91 8638.78 -641.966
8558.15 4936.99 8653.1 -625.886
8572.18 4978.4 8667.12 -593.728
8585.91 5036.39 8681.72 -568.392
8599.64 5097.29 8695.16 -548.414
8613.95 5125.06 8709.18 -582.522
8628.56 5167.45 8723.2 -556.698
8641.41 5206.92 8737.8 -510.409
8656.31 5260.03 8751.53 -441.221
8670.33 5280.5 8765.55 -417.833
8684.94 5320.45 8779.57 -373.981
8698.66 5346.27 8793.58 -337.437
8711.81 5382.33 8807.89 -279.943
8727.29 5407.67 8821.91 -244.861
8739.55 5424.72 8835.93 -216.114
8753.57 5475.39 8850.23 -142.052
8768.76 5515.83 8864.25 -83.583
8782.48 5560.66 8878.27 -20.2411
8796.21 5604.03 8891.12 48.9476
8810.52 5651.29 8906.01 67.9502
8824.54 5719.5 8920.31 89.8762
8838.85 5770.66 8933.75 99.1338
8852.86 5823.77 8949.22 99.6211
8866.3 5874.93 8961.77 134.703
8880.6 5936.81 8975.79 193.659
8894.62 5999.67 8989.8 184.889
8908.05 6022.57 9003.81 215.098
8922.65 6062.04 9018.99 265.772
8936.37 6099.07 9032.13 318.881
8950.1 6129.76 9046.73 375.889
8964.99 6154.61 9060.16 406.098
8977.83 6205.29 9074.17 428.511
8992.43 6205.29 9089.64 478.697
9007.02 6233.55 9102.77 516.703
9021.04 6254.01 9117.37 561.042
9034.76 6243.29 9130.8 568.351
9047.6 6278.37 9145.98 560.067
9062.78 6307.61 9158.82 571.761
9076.5 6349.51 9172.83 627.794
9090.81 6395.31 9187.71 649.72
9104.53 6421.62 9200.85 712.088
9118.54 6507.38 9215.44 766.172
9132.84 6552.69 9228.86 721.833
9145.98 6610.67 9243.75 749.118
9161.15 6682.79 9257.76 796.381
9175.16 6719.33 9270.6 840.72
9188.88 6779.75 9285.77 882.136
9203.47 6856.73 9298.91 903.088
9216.31 6894.74 9313.2 929.399
9231.2 6946.87 9326.05 971.302
9244.92 7000.96 9340.64 1022.95
9258.05 7051.14 9355.52 1078.01
9272.35 7087.2 9369.82 1115.53
9286.94 7118.87 9383.53 1165.71
9301.82 7191.96 9397.25 1226.62
9314.95 7200.73 9412.71 1264.62
9328.96 7209.01 9426.13 1302.63
9343.55 7219.24 9440.14 1299.7
9358.14 7245.07 9454.43 1284.11
9373.03 7265.53 9467.86 1319.68
9385.28 7283.56 9481.86 1363.53
9399.58 7299.15 9495.58 1392.28
9413 7318.64 9510.46 1451.24
9426.42 7356.16 9524.75 1487.29
9441.01 7385.39 9538.17 1487.29
9455.6 7405.37 9552.47 1506.78
9469.02 7439.96 9565.31 1564.28
9483.32 7461.89 9580.77 1619.82
9497.03 7502.82 9595.36 1680.24
9511.04 7559.83 9608.48 1755.28
9525.34 7604.17 9622.49 1791.34
9539.34 7644.12 9636.49 1857.6
9553.05 7679.69 9651.37 1909.25
9567.64 7748.88 9665.08 1940.43
9581.35 7809.78 9678.79 2030.57
9595.36 7852.66 9693.38 2064.68
9609.36 7914.54 9706.21 2104.15
9623.36 7970.57 9720.8 2168.46
9637.66 8022.71 9734.8 2207.44
9651.08 8074.36 9749.09 2244.47
9665.37 8145.98 9763.39 2306.35
9679.37 8193.24 9777.68 2348.26
9693.67 8243.43 9791.97 2396.98
9707.67 8273.15 9804.51 2422.8
9720.8 8297.03 9819.39 2479.32
9736.26 8336.01 9833.1 2524.15
9749.38 8336.98 9847.1 2582.13
9763.39 8392.04 9861.4 2637.68
9776.8 8402.27 9875.98 2680.07
9791.68 8434.43 9890.56 2734.64
9805.68 8442.23 9902.52 2799.44
9818.81 8448.56 9917.4 2838.91
9834.56 8498.75 9931.4 2895.92
9847.69 8539.68 9945.1 2949.52
9861.4 8613.25 9959.69 3003.11
9876.27 8646.87 9973.98 3048.91
9889.4 8739.93 9987.98 3110.31
9903.98 8794.5 10002.6 3177.06
9917.1 8858.33 10015.7 3230.66
9932.56 8957.73 10030.3 3292.05
9945.4 9027.89 10044 3357.34
9959.11 9110.24 10058.6 3444.07
9973.98 9196.97 10072.9 3498.15
9987.69 9237.41 10086.6 3571.73
10001.4 9312.45 10100.3 3646.28
10016 9383.58 10114.9 3688.67
10029.7 9447.41 10128.3 3769.06
10044.3 9470.8 10142 3815.84
10057.7 9513.19 10157.1 3870.9
10072.3 9547.78 10170 3934.24
10086 9577.99 10184.5 3982.96
10100.3 9621.36 10199.1 4025.84
10114 9641.82 10212.8 4046.79
10127.4 9651.08 10226.5 4096.98
10141.4 9695.91 10241.7 4176.4
10155.4 9715.4 10255.4 4206.61
10170 9769.97 10269.4 4226.58
10184 9826 10282.3 4284.57
10198 9880.57 10296.8 4334.27
10212.3 9927.35 10310.3 4359.12
10225.7 9988.25 10326 4437.07
10240.6 10075 10339.1 4473.62
10254 10153.9 10353.1 4522.83
10267.7 10241.6 10368 4582.27
10282.3 10282.6 10381.4 4665.59
10296 9747.56 10396 4731.37
10310.5 8793.53 10409.4 4806.89
10323.7 8480.72 10423.4 4888.26
10337.7 8495.82 10437.7 4928.22
10351.4 8620.56 10452 4986.69
10366.3 8750.17 10466.3 5062.21
10380.3 8808.15 10479.7 5102.16
10393.7 8862.72 10494.9 5161.12
10408.8 8953.35 10508 5194.25
10422.3 9017.66 10522 5260.03
10435.7 9069.31 10536.6 5313.14
10449.7 9115.11 10550.3 5339.94
10463.4 9158.48 10564.3 5384.77
10478.8 9220.84 10578.6 5437.88
10491.4 9267.13 10592.9 5458.34
10507.1 9316.83 10605.7 5496.34
10519.4 9195.02 10620.3 5554.33
10534.8 9216.95 10634.9 5574.3
10548.2 9249.59 10648 5626.93
10561.4 9250.57 10662.6 5661.52
10576.2 9307.57 10676.6 5701.96
10589.9 9346.07 10691.1 5754.1
10604.2 9366.04 10704.9 5795.03
10618.5 9413.79 10718 5857.88
10631.9 9490.78 10734.9 5894.91
10646.8 9591.64 10746.9 5945.58
10660.5 9664.72 10761.2 5994.31
10674.5 9743.17 10774.6 6068.37
10688.8 9808.46 10789.1 6131.22
10702.2 9893.73 10804 6164.36
10716.5 9946.35 10816.6 6227.7
10729.9 9994.1 10832 6300.79
10743.9 10087.7 10845.4 6344.64
10758.8 10116.4 10859.1 6418.21
10773.4 10183.6 10874 6482.04
10785.9 10194.4 10887.1 6539.05
10799.1 10202.6 10901.7 6609.7
10814.2 10169 10915.5 6652.58
10827.9 10176.3 10929.7 6695.45
10842.5 10182.2 10943.2 6720.3
10855.9 10187.5 10958.3 6787.54
10870.2 10209 10973.2 6808.5
10884.8 10225.1 10986.6 6836.27
10897.6 10232.4 11000.3 6874.27
10912.8 10241.6 11014.3 6873.3
10926.5 10280.1 11028 6888.89
10940.2 10316.7 11042.9 6897.66
10954.5 10401.9 11057.2 6902.05
10968.3 10457 11070.6 6915.69
10982.3 10494.5 11084.4 6946.87
10997.1 10558.8 11098.9 6949.31
11010.8 10628.5 11112.3 6972.21
11024.3 10667.5 11126.6 6986.83
11038.8 10742.5 11140.9 7020.45
11052.5 10813.2 11154.9 7077.45
11066.3 10891.1 11169.8 7114.48
11080.3 10989.1 11183 7153.95
11094.6 11037.8 11197.5 7216.32
11108.6 10943.3 11211.3 7266.02
11122.3 10806.8 11225 7337.64
11136 10829.7 11238.7 7400.01
11150.3 10849.2 11253.6 7449.22
11164.6 10869.2 11268.4 7501.84
11178.6 10904.8 11282.1 7556.9
11192.6 10916.9 11295 7618.78
11205.7 10961.8 11309.6 7650.94
11221.2 10966.2 11322.7 7694.79
11234.6 10976.4 11338.2 7730.36
11248.3 11012 11351.9 7763.98
11262.9 11013.9 11366.2 7769.83
11276.9 11056.8 11380.5 7804.91
11290 11114.3 11393.9 7808.32
11304 11144.5 11408.2 7816.12
11318.9 11191.7 11422.2 7848.27
11332.3 11281.9 11437.1 7836.58
11347.5 11344.3 11450.2 7869.23
11361.2 11393 11464.2 7880.43
11373.8 11472.4 11478.5 7890.18
11388.7 11524.1 11492.3 7892.61
11402.1 11626.9 11507.1 7913.57
11417 11690.7 11520.6 7945.24
11430.4 11778.9 11535.7 7981.29
11444.7 11859.8 11549.2 8025.63
11458.4 11930.4 11563.2 8050.48
11473 11992.3 11578.1 8093.85
11487 12036.1 11590 8111.39
11500.7 12077.1 11604.9 8182.52
11515.6 12106.3 11619.5 8234.66
11528.1 12019.1 11634.4 8302.87
11542.2 11982.1 11648.7 8356.96
11557.3 12027.9 11661.5 8409.09
11571.3 12099 11675.5 8488.51
11584.2 12137 11689.6 8525.06
11598.5 12199.9 11703.3 8576.22
11613.7 12248.1 11718.5 8638.59
11626.8 12308 11732.5 8686.34
11640.5 12343.6 11746.8 8734.09
11654.5 12371.9 11760.2 8744.8
11669.1 12420.6 11774.5 8792.07
11683.4 12481 11788.5 8818.87
11696.3 12497.1 11802.2 8839.82
11710.3 12545.3 11816.5 8885.13
11724.9 12626.2 11830.9 8906.08
11738.9 12634 11845.7 8906.08
11753.5 12700.3 11858 8899.75
11766 12697.8 11873.2 8924.6
11780.6 12626.7 11887.2 8932.88
11795.5 12177.4 11900.9 8968.94
11809.5 12032.2 11914.9 9004.51
11822.7 12066.8 11928.1 9027.41
11837 12101.4 11943.8 9066.39
11851.6 12135.5 11957.6 9124.37
11865 12201.8 11972.8 9199.89
11878.7 11855.4 11985.9 9261.28
11893.6 11812.5 11999.3 9354.84
11907 11841.7 12014.5 9442.54
11920.8 11911.4 12027.7 9488.34
11934.8 11975.7 12042.6 9554.12
11950.3 11989.4 12056.6 9644.26
11963.7 12069.8 12070.9 9689.09
11976.3 12086.8 12084.9 9770.46
11991.4 12113.1 12098.3 9843.06
12004 12133.6 12112.6 9919.55
12019.2 12175 12126.4 9976.07
12033.5 12198.9 12141 10023.3
12046.4 12171.1 12155 10101.8
12061.5 12190.6 12169 10247.5
12075 12226.2 12184.2 10453.1
12089 12309.5 12196.8 10625.6
12101.8 12380.1 12212 10703
12115.9 12442 12225.1 10777.6
12131.3 12515.6 12240 10810.7
12144.5 12600.4 12254.3 10877
12158.5 12665.7 12268 10890.6
12172.5 12750.4 12282.4 10902.3
12186.8 12834.3 12295.2 10923.8
12200.9 12896.6 12310.1 10969.6
12215.2 12969.2 12325 11011.5
12229.2 13057.4 12337.9 11053.4
12242.3 13145.6 12353.1 11084.1
12257.2 13197.7 12366.2 11126
12270.1 13247.9 12379.9 11155.7
12285.3 13322.5 12396 11207.3
12300.2 13361.4 12408.9 11250.7
12312.5 13402.4 12423.5 11300.4
12327.1 13364.9 12437.2 11343.3
12340.5 13322.5 12451.5 11394.9
12355.4 13293.2 12465.3 11460.7
12368.8 13331.2 12479.6 11489.9
12383.2 13383.9 12493.9 11571.3
12396.6 13418.5 12507.6 11615.7
12410.6 13444.3 12522.8 11651.7
12425.2 13494.5 12536 11710.2
12439.6 13527.6 12550.3 11731.6
12453.3 13597.8 12564 11786.7
12467 13646.5 12577.8 11812.5
12481 13694.7 12592.4 11853.9
12494.2 13734.7 12606.4 11887
12509.1 13823.4 12621.3 11892.4
12522.3 13859.4 12634.8 11912.9
12536.6 13934.9 12649.4 11943.1
12550 14007.5 12663.1 11960.1
12565.5 14038.7 12677.5 11968.9
12578.7 14069.4 12692.7 11961.6
12593.9 14124.5 12706.4 11980.1
12607.3 14168.3 12720.1 11982.1
12621.3 14223.9 12733.9 12024
12635.4 14278.4 12748.2 12018.6
12649.4 14303.8 12762.8 12049.8
12662.8 14353 12777.2 12059
12676.9 14386.1 12792.1 12088.8
12691.2 14444.6 12804.9 12120.9
12704.9 14473.3 12819.5 12140.4
12719 14482.1 12833.9 12202.8
12733 14519.1 12848.2 12226.2
12745.9 14526.9 12863.1 12231.5
12761.1 14511.3 12878 12300.2
12775.1 14550.3 12892.1 12336.3
12788.9 14494.3 12906.4 12379.2
12802.9 14421.2 12920.7 12433.2
12816.9 14088.4 12936.2 12468.3
12831.5 13928.6 12950.3 12514.6
12844.4 13715.7 12964 12616.5
12858.4 13566.6 12977.2 12739.7
12873.4 13453.5 12988.6 12813.8
12886.5 13396 12995.3 12947.8
12901.4 13379.5 12995 13044.3
12914.3 13354.1 12983.9 13098.8
12928.9 13345.4 12971.9 13163.6
12942.7 13295.2 12957 13227.9
