6014.21 -790.088 6042.7 -752.083
6012.74 -742.338 6056.22 -751.596
6008.04 -752.083 6070.03 -742.338
6006.27 -745.749 6084.13 -756.955
6010.98 -737.465 6097.64 -760.366
6018.91 -738.927 6112.03 -755.494
6029.78 -752.083 6126.13 -754.519
6042.7 -734.055 6139.94 -736.004
6056.22 -745.261 6154.33 -741.363
6070.32 -752.083 6167.84 -754.519
6084.13 -757.442 6182.82 -748.672
6099.11 -754.032 6196.33 -751.108
6112.33 -747.21 6209.84 -756.468
6127.31 -759.391 6224.23 -774.983
6141.7 -752.083 6238.33 -769.136
6154.92 -751.108 6251.84 -761.828
6169.6 -744.287 6265.93 -753.057
6183.99 -740.876 6280.03 -758.417
6197.8 -745.749 6294.12 -780.83
6211.9 -740.389 6308.51 -774.496
6225.7 -751.596 6322.6 -763.777
6240.38 -729.182 6336.7 -750.134
6254.18 -761.828 6350.5 -755.494
6268.57 -735.516 6364 -763.777
6282.67 -751.596 6378.1 -769.624
6297.35 -747.698 6392.48 -773.522
6311.15 -742.338 6406.28 -774.496
6325.25 -727.721 6421.25 -753.057
6339.34 -744.287 6434.17 -768.162
6352.26 -750.134 6448.26 -772.547
6367.53 -739.414 6462.94 -763.289
6381.33 -745.261 6476.73 -757.442
6395.42 -755.981 6489.94 -776.445
6409.51 -742.825 6504.62 -776.932
6423.31 -739.902 6519 -766.7
6437.69 -749.159 6532.5 -782.292
6451.49 -755.494 6547.18 -770.598
6466.17 -751.108 6560.38 -772.06
6480.26 -744.287 6574.47 -781.317
6493.46 -753.545 6589.14 -790.575
6507.55 -752.57 6602.94 -763.777
6522.23 -746.236 6616.73 -766.213
6536.9 -753.545 6629.93 -783.266
6550.7 -710.667 6645.48 -785.703
6564.78 -674.124 6660.15 -781.805
6578.28 -646.351 6672.48 -776.932
6592.66 -592.754 6687.73 -794.96
6607.34 -541.106 6701.23 -785.703
6620.25 -504.075 6714.73 -787.164
6633.75 -460.71 6728.81 -781.317
6648.42 -416.371 6743.77 -772.06
6663.09 -373.494 6757.85 -783.266
6676.29 -332.078 6770.76 -778.881
6691.26 -286.277 6784.84 -786.677
6705.34 -225.858 6799.21 -774.009
6720.01 -182.006 6813.88 -787.164
6732.91 -160.08 6827.08 -779.856
6747.58 -114.279 6841.15 -780.343
6760.49 -71.8891 6856.11 -793.011
6776.04 -48.0141 6869.31 -775.958
6789.24 -19.7539 6883.97 -797.884
6803.9 31.4068 6897.46 -781.317
6817.69 46.9987 6912.71 -795.935
6831.77 87.44 6925.61 -794.96
6846.43 120.085 6939.69 -803.731
6859.34 139.088 6954.35 -785.215
6873.71 169.784 6967.55 -792.524
6887.79 180.991 6982.5 -784.728
6902.16 190.249 6996.86 -782.779
6916.23 213.149 7009.47 -791.062
6929.72 241.897 7023.54 -785.703
6944.97 262.848 7038.2 -792.037
6957.87 308.649 7052.86 -790.575
6971.94 360.784 7066.34 -801.782
6986.31 403.662 7080.71 -795.935
7000.38 480.647 7094.19 -798.371
7015.04 520.113 7108.26 -793.986
7027.94 540.578 7123.21 -801.294
7042.31 587.353 7135.81 -787.164
7057.26 636.565 7150.17 -786.677
7071.03 655.08 7165.12 -792.524
7084.52 698.445 7178.89 -789.113
7097.41 735.475 7193.25 -799.833
7112.95 773.481 7206.15 -796.422
7126.43 832.437 7220.8 -793.986
7140.5 858.749 7234.28 -786.677
7154.57 887.496 7248.34 -798.858
7168.64 923.552 7263.58 -799.345
7182.7 940.606 7276.47 -790.088
7197.06 950.35 7290.83 -804.218
7211.13 982.996 7304.6 -787.652
7224.9 993.715 7318.66 -789.601
7238.97 1021.49 7333.6 -790.088
7253.03 1028.8 7347.07 -802.756
7267.39 1043.9 7362.02 -794.96
7281.74 1072.65 7374.02 -791.55
7294.64 1076.55 7389.26 -784.241
7309.87 1098.47 7403.02 -797.884
7323.05 1116.01 7417.08 -799.345
7336.82 1128.68 7431.73 -808.116
7352.06 1161.81 7444.91 -794.96
7365.24 1209.56 7459.55 -797.884
7379.3 1236.36 7473.61 -790.088
7394.24 1269.01 7487.66 -794.473
7408 1323.09 7501.72 -794.96
7421.77 1375.23 7515.19 -787.652
7434.65 1407.87 7530.41 -787.164
7449.59 1460.98 7543.59 -790.088
7463.94 1497.04 7557.06 -794.473
7477.41 1565.74 7571.11 -803.731
7492.35 1605.69 7585.46 -799.833
7505.53 1676.83 7600.1 -801.294
7519.29 1734.33 7613.57 -789.601
7533.64 1774.77 7628.2 -785.215
7548.57 1826.42 7641.67 -789.113
7562.33 1864.91 7655.72 -790.575
7576.38 1906.81 7670.06 -799.345
7590.73 1942.87 7683.23 -796.909
7604.49 1975.03 7698.45 -796.422
7618.25 1993.54 7710.75 -788.139
7631.72 2009.13 7726.84 -790.575
7645.77 2030.08 7740.89 -788.626
7659.82 2043.24 7754.36 -793.499
7674.16 2064.68 7768.99 -790.088
7689.09 2084.17 7782.45 -798.858
7701.97 2086.61 7795.91 -796.422
7715.43 2080.27 7810.25 -783.266
7731.23 2090.02 7824.59 -792.524
7744.41 2103.17 7838.92 -798.858
7758.45 2133.38 7853.26 -787.164
7772.5 2136.79 7866.72 -796.909
7787.13 2179.67 7880.18 -794.473
7800.59 2206.95 7894.52 -787.652
7814.35 2246.42 7909.14 -800.32
7828.39 2281.02 7923.19 -793.499
7842.14 2332.66 7936.94 -802.756
7857.36 2376.52 7951.27 -792.037
7869.94 2452.53 7964.72 -801.782
7886.03 2518.79 7978.77 -787.164
7898.03 2577.26 7993.39 -802.756
7912.07 2639.63 8007.43 -790.575
7926.99 2690.79 8021.47 -793.011
7941.61 2741.46 8035.8 -786.677
7955.36 2816.01 8048.38 -788.626
7967.94 2860.35 8063.29 -789.601
7983.74 2907.61 8075.87 -793.499
7996.9 2960.72 8091.07 -783.266
8010.94 2981.67 8105.11 -802.269
8024.98 3018.7 8119.73 -801.294
8038.72 3048.43 8133.47 -785.703
8053.06 3087.89 8147.22 -793.986
8066.8 3111.77 8161.54 -802.756
8081.42 3125.9 8175.29 -805.68
8096.92 3143.44 8189.9 -802.756
8109.79 3158.54 8203.65 -808.116
8124.12 3174.62 8217.68 -793.986
8137.86 3202.4 8232.88 -805.193
8151.6 3218.47 8245.45 -808.603
8165.35 3238.45 8260.07 -805.193
8179.38 3262.81 8273.81 -813.476
8193.12 3287.18 8287.25 -832.966
8206.86 3342.24 8302.16 -831.016
8221.48 3385.11 8316.49 -837.351
8235.51 3426.53 8329.64 -805.68
8250.13 3453.81 8345.13 -818.835
8263.58 3471.36 8357.99 -789.601
8277.32 3525.93 8372.9 -780.83
8291.35 3585.86 8386.34 -760.853
8305.09 3636.53 8400.07 -739.414
8319.41 3728.62 8414.69 -729.67
8334.02 3788.55 8428.42 -700.922
8347.47 3848 8442.45 -707.256
8361.79 3900.62 8456.18 -667.789
8374.65 3922.54 8471.67 -634.657
8390.14 3933.26 8483.65 -598.113
8403.58 3791.96 8498.84 -595.677
8417.9 3807.07 8512.58 -579.111
8431.34 3835.33 8526.89 -557.185
8445.66 3863.1 8541.21 -547.44
8460.86 3894.28 8554.94 -513.82
8473.72 3922.54 8569.26 -526.976
8488.32 3955.68 8582.69 -506.999
8501.77 3948.86 8597.3 -482.149
8516.37 3968.34 8611.91 -423.68
8531.28 3966.88 8625.35 -397.369
8543.25 3992.22 8638.78 -374.468
8558.15 4013.17 8653.39 -339.386
8571.59 4024.38 8667.12 -299.92
8585.62 4092.59 8681.14 -291.149
8599.93 4131.57 8694.58 -283.353
8613.66 4170.06 8708.89 -232.193
8629.14 4213.92 8723.49 -305.279
8640.83 4255.82 8737.22 -268.249
8655.73 4297.72 8751.24 -194.188
8670.62 4363.01 8765.55 -127.922
8684.35 4398.09 8779.57 -134.256
8698.96 4416.12 8792.71 -133.282
8712.1 4448.28 8808.18 -76.2743
8727.29 4465.82 8821.33 -25.1136
8740.72 4475.08 8835.93 -14.8814
8753.86 4501.39 8850.23 -5.62379
8768.47 4506.75 8863.67 31.4068
8782.48 4487.26 8878.27 22.1492
8796.21 4511.13 8891.7 64.5395
8809.94 4518.93 8906.59 99.1338
8824.83 4519.91 8920.02 120.085
8837.97 4537.93 8933.75 148.833
8852.28 4568.14 8948.05 198.532
8867.76 4604.2 8962.07 245.307
8880.02 4644.15 8976.37 234.588
8894.62 4665.1 8990.39 307.187
8908.05 4696.78 9003.52 251.641
8922.65 4722.11 9018.41 353.476
8936.37 4758.17 9032.42 306.213
8950.97 4803.48 9047.6 264.31
8964.99 4822 9060.16 328.626
8979 4862.44 9074.46 378.812
8993.01 4915.55 9088.47 438.743
9006.73 4974.02 9102.77 505.496
9020.75 5022.26 9116.79 556.657
9034.17 5095.34 9131.09 597.585
9049.06 5143.09 9145.39 658.491
9063.07 5205.95 9158.82 673.595
9076.79 5270.26 9173.12 712.088
9090.81 5330.19 9187.13 770.07
9104.23 5390.61 9200.55 838.284
9118.25 5449.08 9216.02 821.718
9133.13 5490.98 9229.16 863.134
9146.85 5536.3 9243.75 921.603
9160.28 5603.54 9257.17 966.43
9175.16 5656.16 9271.76 981.534
9188.88 5685.4 9286.07 1065.34
9202.6 5725.84 9298.61 1146.22
9216.61 5728.76 9312.91 1244.16
9231.49 5762.87 9326.63 1326.99
9245.21 5809.64 9340.05 1483.88
9259.22 5828.65 9354.64 1526.76
9273.22 5834 9368.94 1581.33
9286.36 5843.75 9384.41 1629.57
9301.24 5852.52 9398.12 1656.86
9315.25 5859.34 9412.42 1685.6
9328.96 5866.16 9425.26 1740.17
9342.68 5879.81 9439.85 1764.54
9357.56 5911.96 9454.73 1788.9
9372.44 5923.66 9467.86 1832.75
9385.57 5955.82 9482.74 1835.67
9399.58 5990.41 9494.99 1871.24
9412.71 6031.83 9510.16 1906.32
9427.3 6099.07 9524.75 1954.07
9441.01 6147.3 9538.17 1982.82
9454.73 6208.7 9552.18 2055.91
9469.02 6304.68 9565.6 2143.13
9483.32 6358.77 9580.77 2219.62
9497.62 6435.27 9594.77 2325.84
9510.46 6502.51 9609.36 2395.52
9524.75 6567.31 9623.07 2482.25
9540.22 6643.32 9635.91 2571.9
9553.64 6702.28 9651.95 2649.37
9567.93 6757.33 9664.79 2704.43
9580.77 6799.24 9678.5 2771.18
9594.48 6825.06 9693.38 2806.75
9609.36 6864.04 9706.5 2856.45
9622.49 6884.99 9721.38 2863.27
9638.24 6895.71 9734.22 2890.56
9651.66 6910.82 9749.38 2927.59
9664.79 6893.76 9762.8 2960.24
9679.66 6913.74 9777.09 2984.11
9693.08 6910.82 9791.68 3046.48
9707.38 6908.38 9805.1 3085.94
9721.09 6937.13 9819.1 3136.13
9735.67 6951.26 9832.81 3209.22
9749.38 6961 9847.98 3266.22
9763.68 7008.26 9861.1 3326.64
9777.39 7048.71 9874.81 3387.06
9791.68 7098.4 9890.56 3461.61
9806.56 7139.82 9902.81 3533.72
9819.97 7203.65 9917.98 3626.3
9833.98 7242.63 9930.81 3715.46
9847.39 7309.87 9946.56 3772.47
9860.81 7378.08 9960.57 3849.94
9876.27 7437.53 9973.4 3901.1
9889.11 7523.77 9988.86 3974.19
9903.69 7562.75 10002.9 4011.71
9917.69 7619.27 10015.7 4113.54
9931.98 7676.76 10030 4189.55
9945.98 7729.39 10044 4262.15
9960.27 7780.06 10058 4335.73
9973.69 7836.09 10072 4422.94
9986.52 7904.8 10086.6 4495.54
10001.7 7955.96 10100.6 4565.22
10014.8 7995.42 10114.3 4623.69
10029.4 8065.59 10128.9 4714.8
10043.4 8094.33 10142.6 4762.07
10058 8145.01 10156.9 4817.61
10071.4 8210.79 10170.9 4902.88
10086.9 8217.61 10184.3 4931.14
10099.7 8285.82 10198.8 4942.83
10114.6 8367.19 10212.8 4980.84
10127.7 8388.14 10227.1 5015.92
10142.6 8422.74 10240 5026.15
10155.7 8472.44 10255.1 5057.34
10170 8502.16 10269.1 5080.72
10184.9 8549.42 10283.7 5101.19
10198 8581.09 10297.4 5155.76
10212 8635.17 10310.8 5204.97
10225.4 8674.15 10326 5269.78
10240.6 8701.44 10339.4 5348.22
10254 8756.01 10353.4 5443.72
10267.7 8801.81 10368 5533.86
10282.8 8830.07 10381.4 5620.1
10295.4 8888.54 10396.3 5744.35
10310.8 8937.76 10408.8 5840.83
10323.1 8977.71 10423.7 5966.05
10338.3 8889.52 10438 6028.42
10352.3 8870.03 10452 6089.81
10366 8922.65 10466 6192.13
10380.3 8948.96 10480.3 6224.78
10394.3 8957.24 10494 6273.5
10408.8 8914.85 10508.3 6289.58
10421.1 8907.55 10522.3 6300.79
10436 8918.26 10537.2 6323.2
10450.5 8924.11 10550.6 6313.94
10464.2 8935.81 10563.7 6289.58
10478.5 8974.78 10578 6315.4
10491.7 9012.3 10592.9 6330.02
10507.4 9076.62 10606 6365.59
10519.4 9103.42 10620.3 6385.57
10533.7 9144.83 10634.6 6434.29
10548.2 9190.15 10649.2 6472.3
10562.2 9249.59 10662.6 6532.23
10576.8 9272.49 10675.7 6606.78
10589.7 9342.65 10690.6 6668.17
10603.6 9376.76 10704.9 6731.51
10619.4 9395.28 10718.9 6811.9
10632.5 9436.69 10733.4 6880.61
10646.8 9477.62 10746.3 6933.72
10660.8 9516.11 10760.9 6993.65
10674.5 9556.55 10774.9 7040.42
10688.2 9591.64 10789.4 7074.04
10701.9 9623.31 10804 7116.43
10716.2 9634.51 10817.7 7149.08
10729.9 9608.69 10832.3 7185.13
10744.5 9648.16 10845.1 7188.55
10757.9 9673.98 10859.7 7208.52
10772.5 9759.25 10874 7257.73
10785.4 9799.69 10887.4 7259.68
10800.2 9840.13 10902 7302.07
10814.5 9904.45 10915.7 7337.64
10828.2 9931.73 10930.3 7375.65
10842.5 9981.92 10944 7416.58
10856.2 9992.64 10958.6 7444.84
10870.2 10030.6 10972.6 7475.05
10884.5 10073 10985.5 7505.25
10897.9 10090.6 11001.8 7560.8
10912.8 10170.5 11013.8 7577.37
10926.8 10202.2 11028.9 7599.29
10940.2 10270.9 11042 7618.3
10954.5 10336.1 11056.6 7626.58
10968 10361 11071.2 7650.94
10982.5 10422.9 11084.1 7684.56
10995.7 10456 11098.9 7696.74
11010.3 10487.2 11113.5 7724.03
11024.5 10528.1 11126.9 7760.57
11039.4 10521.8 11141.8 7810.76
11052.8 10518.9 11154.1 7840.97
11066 10517.9 11169 7892.61
11080.9 10446.8 11182.4 7927.7
11094 10457 11197.3 7992.99
11108.9 10510.6 11211.3 8063.15
11122.9 10574.4 11225.5 8121.13
11136 10597.3 11239.9 8155.24
11150.9 10644.6 11252.4 8192.27
11164.9 10734.7 11267.6 8223.94
11178.9 10805.9 11282.1 8266.82
11192.9 10839.5 11295.3 8329.67
11206.6 10908.2 11310.2 8310.18
11221.5 10861.4 11322.7 8341.85
11234.3 10693.3 11337.9 8362.32
11248.3 10599.7 11351.9 8360.37
11262.3 10670.4 11365.9 8378.4
11276.3 10727.4 11380.5 8426.63
11290.9 10763.9 11394.5 8444.18
11304.6 10795.1 11409.1 8483.64
11318.6 10832.6 11422.2 8499.72
11332.6 10885.3 11436.8 8532.85
11346.3 10952.5 11450.5 8584.99
11361.8 11008.5 11464.8 8643.46
11374.1 11090.9 11479.1 8686.34
11388.7 11133.8 11492.8 8749.19
11403 11197.1 11506.9 8773.07
11417.3 11259.5 11521.1 8813.99
11430.4 11351.6 11535.7 8871
11444.1 11400.8 11548.9 8901.7
11459.6 11444.1 11562.6 8914.37
11472.1 11525 11577.5 8964.07
11486.4 11600.1 11591.5 8946.04
11501 11669.2 11605.5 8967.48
11515 11743.3 11618.9 8994.27
11528.4 11789.6 11633.8 9000.12
11542.2 11857.3 11647.8 9043
11557 11913.8 11661.8 9087.83
11570.5 11977.7 11676.4 9102.93
11584.8 11970.4 11690.1 9163.84
11598.2 12023.5 11704.1 9224.74
11613.1 12064.9 11718.2 9308.55
11626.2 12098 11732.2 9365.55
11640.2 12156.5 11746.2 9445.46
11654.8 12187.7 11760.5 9510.27
11668.5 12229.1 11774.8 9604.31
11682 12209.6 11787.9 9659.85
11696.6 12104.8 11801.9 9709.06
11711.2 11788.6 11817.4 9790.92
11725.2 11824.2 11831.1 9831.36
11738.3 11836.4 11845.2 9864.49
11752.6 11897.3 11858.9 9916.14
11766.6 11926.5 11873.2 9919.07
11780.6 11937.2 11886.9 9918.58
11795.2 11974.3 11900.6 9926.86
11807.8 12005.9 11914.9 9932.22
11823 12085.8 11929.3 9952.68
11836.4 12135.5 11942.7 9956.58
11851 12202.8 11957.6 9969.25
11865.3 12259.8 11971.6 9981.43
11878.4 12330 11986.2 10005.3
11893.6 12386 11999 10039.4
11905.6 12422 12014.5 10068.6
11920.5 12498.5 12028.2 10130
11935.4 12554.6 12042.6 10177.3
11949.7 12622.3 12056.3 10231.9
11963.4 12631.6 12070.6 10303.5
11977.7 12534.6 12085.8 10325.9
11991.7 12601.3 12098 10404.8
12004.9 12648.6 12112.6 10460.4
12018.6 12697.8 12127.3 10498.9
12033.5 12751.9 12141 10532.5
12046.4 12824 12155.3 10584.2
12061 12858.1 12168.7 10591
12075 12898.6 12183.6 10648.5
12088.1 12974.6 12196.5 10686
12103.3 13002.8 12211.4 10700.1
12115.9 13053 12225.7 10729.8
12129.9 13114.4 12239.7 10734.7
12144.2 13165.6 12253.1 10764.9
12159.4 13237.2 12267.8 10801
12171.9 13279.1 12283.2 10818.5
12187.1 13341 12296.4 10858.5
12200.6 13416.5 12310.1 10878.9
12214.6 13482.8 12325.6 10908.7
12228.9 13544.7 12338.7 10910.6
12242.3 13626.5 12351.9 10961.8
12257.5 13704.5 12366.8 10969.1
12270.7 13772.7 12380.8 10971.5
12284.7 13812.6 12394.8 10990.5
12299.3 13863.3 12408.3 10998.3
12312.2 13917.9 12423.2 11025.1
12327.6 13956.4 12437.2 11041.7
12341.1 14006.6 12451 11075.3
12355.1 14049.9 12464.7 11096.7
12368.3 14085.5 12479.3 11139.1
12382.9 14118.6 12494.2 11168.8
12396 14137.1 12507.9 11203.4
12410.9 14124.5 12522.6 11243.4
12424.9 14020.2 12536.3 11268.7
12439.3 13351.2 12550.3 11325.3
12453 12833.8 12564.3 11356.9
12466.7 12832.3 12577.5 11383.2
12480.8 12909.8 12592.7 11442.7
12494.8 12994.6 12606.4 11456.8
12508.5 13066.2 12621.3 11476.3
12522.8 13163.6 12634.8 11497.7
12537.2 13189.5 12649.1 11497.7
12550 13221.1 12664 11507
12565.2 13272.8 12677.5 11487.5
12579 13348.3 12692.1 11486
12593.3 13412.6 12705.8 11450
12606.7 13455.5 12719.8 11464.1
12620.8 13451.6 12734.2 11449.5
12635.4 13486.7 12748.2 11435.9
12648.5 13567.6 12763.7 11434.9
12662.8 13620.2 12776.6 11441.2
12676.6 13695.2 12791.2 11432
12690.6 13755.6 12805.5 11462.2
12704.9 13814.6 12819.3 11495.8
12718.7 13861.4 12834.2 11541.6
12733.3 13943.7 12847.9 11616.1
12746.2 14007 12862.2 11849
12760.5 14058.7 12877.4 12032.7
12774.5 14154.2 12892.1 12688.6
12788.3 14201.9 12906.7 12954.1
12803.5 14233.6 12920.4 13054.5
12816.3 14392.5 12935.4 13176.8
12831.2 14322.8 12949.1 13231.4
12843.5 14216.1 12964.6 13315.2
12859.3 14128.9 12976.9 13390.2
12871.9 14028 12987.1 13469.1
12886.2 13995.8 12995 13566.1
12901.1 13956.4 12995.6 13618.2
12914 13923.2 12983.6 13663.1
12928.3 13895 12969.9 13715.2
12942.7 13823.8 12957 13737.6
