6014.5 -647.812 6041.82 -490.92
6013.03 -680.458 6056.51 -500.177
6008.04 -682.894 6069.44 -491.407
6006.27 -676.073 6084.71 -493.356
6010.68 -672.662 6097.93 -495.305
6019.2 -674.611 6111.74 -483.124
6030.07 -672.175 6126.43 -484.098
6042.41 -688.741 6139.06 -483.611
6057.1 -684.356 6154.62 -473.866
6070.32 -699.948 6167.84 -480.2
6084.42 -679.971 6183.11 -485.073
6097.93 -687.279 6195.74 -497.254
6112.03 -686.792 6209.25 -496.279
6127.01 -684.356 6224.82 -503.101
6141.11 -683.869 6237.74 -489.945
6155.8 -678.022 6252.72 -495.792
6169.9 -697.511 6266.52 -488.971
6184.88 -684.356 6280.03 -491.407
6197.21 -698.973 6293.53 -487.509
6211.6 -690.69 6308.22 -483.611
6226.58 -684.843 6322.02 -492.381
6239.5 -689.228 6336.4 -486.534
6253.89 -711.154 6351.09 -498.228
6268.57 -700.435 6364.3 -496.767
6282.67 -679.971 6378.68 -498.716
6296.47 -687.279 6392.19 -493.843
6310.86 -688.254 6406.28 -500.664
6325.54 -699.948 6420.96 -502.613
6339.63 -698.973 6434.46 -496.279
6352.85 -699.948 6448.26 -502.126
6367.53 -698.486 6462.94 -494.33
6381.03 -699.948 6475.85 -495.305
6394.83 -698.973 6491.7 -484.098
6408.63 -701.409 6504.62 -496.279
6423.6 -691.664 6519 -493.843
6437.69 -697.511 6532.8 -499.203
6452.07 -702.384 6546.88 -501.152
6467.05 -697.024 6561.56 -492.869
6479.38 -706.769 6574.47 -495.792
6494.05 -699.948 6589.73 -486.047
6507.85 -708.231 6602.64 -484.098
6521.64 -706.769 6617.31 -493.843
6536.61 -712.129 6631.4 -476.302
6550.11 -711.641 6644.31 -488.971
6564.78 -703.846 6660.15 -496.767
6577.99 -682.894 6673.94 -490.92
6592.96 -637.093 6686.85 -501.152
6605.58 -625.886 6701.52 -484.098
6620.25 -602.011 6715.02 -495.305
6634.92 -570.828 6730.27 -491.894
6648.42 -537.695 6743.48 -505.05
6663.38 -512.358 6757.26 -489.458
6676.59 -487.996 6771.35 -512.846
6690.67 -433.425 6784.84 -502.613
6705.34 -388.111 6799.8 -510.897
6718.83 -349.131 6812.7 -506.999
6733.21 -309.665 6827.66 -500.664
6746.7 -298.458 6841.45 -520.642
6761.08 -220.499 6854.64 -514.795
6775.16 -169.338 6870.78 -500.177
6789.83 -115.741 6883.97 -507.486
6803.9 -97.2258 6897.76 -519.18
6817.4 -85.0447 6912.42 -507.973
6831.77 -56.7845 6926.49 -520.642
6845.55 -15.8559 6939.4 -511.871
6860.51 15.3277 6952.88 -519.667
6873.41 30.4323 6967.84 -510.897
6887.49 56.2563 6982.21 -516.256
6902.16 58.2053 6996.57 -513.82
6915.35 50.4094 7010.06 -501.152
6929.43 66.0012 7024.13 -508.46
6943.8 85.0037 7038.2 -496.279
6958.46 104.006 7051.1 -517.718
6972.24 128.369 7067.22 -503.588
6985.72 170.272 7079.53 -512.846
7000.68 200.481 7094.78 -517.231
7013.87 246.769 7109.73 -506.511
7028.23 311.573 7122.62 -530.386
7042.6 339.346 7136.4 -507.973
7056.38 387.096 7149.88 -511.384
7070.74 436.307 7164.53 -526.488
7083.93 478.21 7178.6 -522.59
7098.59 525.473 7192.67 -514.307
7113.54 576.147 7207.03 -521.616
7126.73 619.998 7220.21 -533.797
7140.5 667.261 7235.16 -533.31
7154.57 690.162 7248.64 -535.259
7169.22 738.399 7262.7 -528.437
7182.7 770.557 7277.06 -529.412
7196.77 810.511 7290.83 -535.746
7211.13 842.669 7305.48 -531.361
7224.9 885.06 7317.78 -524.052
7239.26 927.45 7333.01 -532.823
7252.15 968.866 7347.07 -526.976
7267.39 1018.08 7361.72 -544.517
7281.16 1043.9 7375.2 -520.642
7295.22 1074.6 7389.26 -520.154
7309.87 1126.25 7403.02 -518.693
7323.35 1144.27 7416.79 -533.31
7337.99 1174.48 7430.85 -544.029
7351.18 1210.54 7444.91 -520.154
7365.82 1217.85 7459.84 -545.978
7379.88 1228.08 7473.9 -539.157
7393.06 1229.05 7487.66 -533.31
7408 1228.57 7502.01 -539.644
7420.6 1239.29 7515.77 -544.029
7435.83 1246.11 7529.83 -541.593
7449.3 1239.29 7543.3 -533.31
7464.23 1257.31 7556.47 -539.157
7478.29 1300.68 7571.99 -539.644
7491.76 1336.74 7585.17 -544.029
7506.11 1399.59 7600.1 -547.44
7519.29 1439.06 7613.86 -545.491
7533.64 1510.68 7628.2 -550.851
7547.98 1595.95 7641.96 -548.414
7562.62 1678.29 7656.3 -537.695
7576.68 1680.73 7670.35 -548.414
7589.85 1626.16 7684.99 -551.825
7603.9 1630.06 7698.16 -561.57
7618.25 1670.5 7712.5 -537.695
7632.01 1743.1 7726.55 -567.904
7646.35 1775.74 7741.18 -557.672
7660.11 1806.44 7754.06 -531.848
7674.45 1842.98 7768.11 -550.364
7688.21 1839.57 7782.45 -545.004
7702.26 1853.7 7796.5 -545.491
7715.72 1852.73 7809.96 -536.233
7730.36 1862.47 7824 -544.029
7744.99 1855.16 7839.22 -547.927
7758.74 1868.81 7852.97 -539.644
7772.79 1886.35 7866.72 -553.774
7786.25 1885.37 7880.18 -555.236
7800.3 1928.25 7894.52 -541.593
7814.64 1975.51 7909.44 -551.338
7829.27 2039.83 7921.72 -540.619
7842.73 2118.76 7936.64 -543.542
7857.07 2152.38 7951.56 -550.364
7869.65 2219.14 7965.31 -529.899
7884.86 2281.5 7979.06 -549.876
7898.32 2340.46 7993.1 -548.414
7913.53 2422.8 8007.72 -550.364
7926.99 2448.14 8021.76 -561.083
7941.61 2472.5 8034.92 -542.568
7954.78 2515.38 8048.96 -546.466
7968.82 2546.08 8062.71 -552.312
7983.15 2566.54 8075.87 -559.621
7996.61 2612.83 8090.49 -550.364
8011.52 2636.22 8105.11 -553.287
8024.68 2653.27 8119.44 -553.287
8039.02 2735.62 8133.47 -551.825
8053.35 2768.26 8148.09 -550.851
8067.09 2819.91 8160.96 -544.029
8081.71 2828.19 8175.29 -531.848
8096.04 2861.81 8189.61 -546.953
8110.66 2899.82 8203.65 -540.619
8123.53 2880.81 8218.26 -529.899
8136.98 2882.76 8232 -545.004
8151.6 2937.33 8244.87 -543.055
8164.76 2958.77 8260.07 -525.514
8179.38 2961.21 8273.81 -542.568
8193.41 2970.95 8289.01 -542.08
8206.86 2958.29 8301.28 -561.57
8222.65 2972.42 8316.49 -552.8
8234.64 3002.63 8330.22 -551.825
8250.72 3014.32 8344.25 -548.902
8262.99 3010.42 8357.99 -554.261
8277.61 3049.4 8372.31 -515.769
8291.64 3080.1 8385.75 -481.662
8305.67 3127.85 8400.95 -501.639
8318.82 3175.11 8414.98 -540.131
8333.15 3238.45 8428.13 -592.754
8346.88 3277.43 8442.15 -581.547
8361.2 3364.16 8456.47 -526.488
8375.23 3443.09 8471.38 -461.685
8390.43 3523.98 8484.53 -449.504
8403.29 3604.37 8497.97 -428.065
8417.9 3670.64 8512.58 -384.213
8432.22 3761.75 8526.6 -346.695
8445.95 3805.12 8540.63 -317.46
8459.4 3827.53 8555.23 -280.43
8474.88 3868.46 8568.38 -274.096
8487.74 3871.38 8583.28 -225.371
8501.77 3895.75 8596.72 -169.338
8515.5 3914.75 8611.03 -194.188
8529.81 3943.5 8624.18 -182.006
8543.84 3958.6 8639.37 -159.106
8557.86 3972.24 8652.81 -113.792
8571.59 3988.32 8666.83 -103.56
8585.91 4016.09 8681.72 -59.708
8599.93 4058 8695.45 -36.8075
8613.95 4117.93 8708.89 -41.1927
8628.56 4166.17 8723.2 -47.0396
8642.29 4209.04 8737.51 -18.2922
8656.02 4260.2 8751.82 17.764
8669.75 4314.78 8765.25 86.4655
8684.35 4361.06 8779.57 75.7461
8698.08 4403.45 8793 109.366
8712.1 4453.15 8807.02 169.784
8726.7 4451.69 8821.03 177.093
8740.43 4482.88 8835.05 212.662
8755.03 4496.52 8850.23 311.085
8768.47 4485.31 8864.55 359.81
8781.9 4513.08 8878.85 450.437
8796.21 4516.5 8892.58 474.312
8809.94 4540.37 8906.01 566.889
8824.83 4574.96 8920.31 623.896
8838.85 4591.53 8933.45 696.496
8852.57 4668.03 8948.34 734.501
8866.59 4737.22 8962.07 770.07
8879.73 4776.68 8976.37 781.277
8894.62 4833.69 8990.68 800.279
8908.34 4907.27 9004.4 820.256
8923.53 4983.28 9018.7 828.052
8936.08 5035.41 9032.71 865.083
8950.39 5123.6 9046.73 862.647
8964.11 5157.22 9061.03 881.649
8978.12 5197.66 9075.04 940.606
8993.6 5198.64 9089.06 966.917
9006.15 5178.17 9102.48 991.766
9021.04 4848.8 9117.08 1040.98
9034.76 4828.33 9130.5 1112.12
9048.48 4761.58 9145.1 1089.7
9063.07 4772.3 9159.11 1161.33
9077.09 4752.81 9173.12 1250.98
9090.81 4769.86 9187.13 1232.47
9103.65 4799.1 9201.14 1292.4
9117.95 4820.54 9214.85 1296.29
9132.84 4849.28 9229.45 1198.36
9146.56 4887.29 9243.16 1232.47
9161.15 4961.35 9257.47 1269.01
9174.87 5022.26 9270.89 1331.86
9188.59 5081.21 9285.19 1367.43
9202.6 5129.45 9299.49 1423.95
9216.9 5226.41 9313.2 1460.98
9230.91 5278.55 9327.21 1454.16
9244.62 5330.19 9339.47 1475.11
9258.92 5398.41 9355.81 1538.94
9272.06 5419.85 9369.82 1536.02
9287.52 5442.75 9383.82 1474.14
9300.66 5480.27 9398.12 1497.04
9314.95 5487.57 9411.54 1538.45
9329.25 5500.73 9426.72 1565.74
9342.97 5536.3 9440.14 1602.28
9359.6 5530.94 9453.56 1638.34
9371.57 5545.56 9468.44 1697.78
9385.28 5530.94 9481.86 1708.99
9399.29 5562.61 9495.58 1736.76
9412.13 5601.1 9509 1655.39
9427.01 5636.67 9524.75 1632.49
9441.6 5673.21 9537.59 1676.83
9455.02 5706.35 9552.76 1743.1
9467.86 5715.6 9566.47 1748.46
9483.32 5786.26 9579.31 1817.16
9497.03 5821.82 9594.77 1892.19
9510.75 5886.14 9609.07 1957.49
9525.04 5923.66 9622.78 2007.18
9539.05 5951.92 9636.78 2041.29
9553.93 5993.33 9651.37 2071.01
9566.76 6015.75 9665.08 2131.92
9581.35 6060.57 9678.2 2199.16
9595.65 6105.89 9692.79 2267.37
9609.07 6133.17 9706.79 2326.33
9623.65 6158.02 9720.8 2392.11
9637.66 6196.03 9734.51 2427.68
9651.37 6243.78 9749.38 2465.19
9665.66 6269.6 9763.68 2508.56
9679.37 6316.86 9776.8 2528.54
9693.38 6374.36 9790.51 2550.46
9706.79 6425.52 9805.68 2574.34
9720.8 6486.91 9819.1 2603.08
9735.38 6549.28 9833.98 2625.99
9749.67 6595.08 9847.39 2687.38
9763.39 6643.81 9861.4 2732.69
9777.09 6693.02 9875.98 2763.39
9791.97 6741.25 9889.98 2840.37
9805.1 6784.13 9903.69 2906.15
9818.81 6817.26 9916.81 2964.13
9833.98 6852.83 9931.98 3050.38
9847.39 6897.66 9945.4 3136.13
9861.4 6937.13 9960.27 3217.01
9875.69 6962.46 9974.27 3288.64
9890.27 7005.83 9987.69 3356.85
9903.4 7059.91 10001.7 3425.55
9917.1 7119.36 10016 3480.13
9931.69 7187.08 10030.6 3506.92
9945.98 7273.33 10043.1 3558.57
9959.98 7355.18 10057.7 3588.29
9973.11 7427.78 10072 3606.81
9987.98 7504.77 10086.6 3630.68
10002.3 7609.04 10101.1 3663.33
10015.7 7684.56 10114.9 3696.46
10029.4 7734.26 10129.1 3743.72
10044 7799.06 10142.3 3809.5
10058.6 7831.22 10156.9 3864.07
10072 7857.05 10171.4 3933.26
10085.7 7895.05 10184.9 4004.4
10100.3 7917.95 10199.4 4097.46
10113.4 7954.01 10212.6 4177.86
10128.3 7934.52 10227.1 4265.56
10141.4 7955.96 10241.4 4362.04
10156.3 7962.78 10254.8 4432.69
10170 7980.32 10269.4 4524.78
10183.7 8005.66 10282 4592.02
10197.4 8055.84 10297.4 4656.82
10211.7 8113.82 10312 4706.52
10225.7 8183.01 10324.5 4748.91
10240.8 8278.51 10339.7 4807.87
10254 8382.3 10352.5 4837.1
10268 8478.77 10367.4 4908.24
10281.4 8609.84 10382 4936.01
10295.7 8704.36 10395.1 4957.94
10309.4 8795.97 10410 5046.62
10324.8 8873.93 10424 5084.14
10338 8961.63 10438 5143.09
10352 9022.05 10451.4 5190.35
10366.3 9062.49 10466.3 5263.44
10380 9102.93 10480 5334.58
10393.7 9048.36 10493.4 5388.66
10407.4 8879.77 10508.6 5452.49
10422.3 8907.55 10522 5517.3
10436.3 8904.62 10536.3 5544.58
10449.4 8926.06 10550.3 5617.18
10463.7 8917.78 10564.9 5646.9
10478.8 8913.88 10579.1 5698.06
10492.2 8928.98 10592.3 5741.43
10505.7 8909.98 10605.7 5799.9
10519.1 8955.78 10620 5834.98
10534.2 8986.97 10634.9 5875.42
10548 9044.46 10648.9 5935.35
10562.2 9119.5 10662.6 5989.92
10575.9 9153.12 10676.9 6057.16
10589.7 9247.15 10690.9 6148.77
10603.9 9247.15 10704.6 6207.23
10617.1 9239.85 10718.6 6270.58
10632.2 9275.9 10733.1 6352.92
10646.2 9336.81 10748.3 6437.21
10659.9 9347.53 10761.2 6516.63
10675.4 9351.43 10775.7 6568.28
10688.2 9394.3 10789.1 6603.85
10702.2 9449.85 10804 6635.52
10715.9 9509.78 10817.4 6676.45
10730.5 9570.2 10831.1 6723.71
10744.2 9614.54 10846 6735.9
10758.5 9681.29 10859.4 6745.15
10772.2 9701.27 10873.7 6748.08
10786.5 9776.3 10888.3 6735.41
10800.5 9828.92 10902.3 6747.59
10814.5 9896.16 10915.5 6780.72
10828.5 9944.4 10930.6 6804.6
10842.2 9937.58 10943.7 6814.34
10855.7 9913.71 10957.4 6832.86
10870.2 9910.3 10972 6872.32
10884.2 9924.42 10986 6939.56
10897.9 9946.84 11000.3 6993.65
10912.8 9959.51 11015.5 7050.17
10926 9972.66 11028 7116.43
10940.5 10009.7 11042.9 7160.29
10953.7 10036.5 11055.8 7207.06
10968.3 10050.6 11070.6 7266.99
10982 10118.3 11085.5 7320.59
10996 10155.4 11099.2 7345.93
11010.5 10233.3 11112.6 7388.32
11024.5 10327.4 11126.9 7413.17
11038.6 10413.1 11141.5 7433.63
11052 10510.1 11155.2 7470.17
11066.5 10615.3 11169 7469.69
11080.3 10726.4 11183.5 7505.25
11093.7 10822.4 11196.4 7500.87
11108.6 10915 11211.3 7534
11121.7 11002.2 11225.8 7570.06
11136.3 11044.1 11239.3 7608.55
11149.7 11023.2 11253 7622.19
11164.3 10865.3 11267.6 7684.56
11178.3 10881.4 11282.1 7715.26
11193.2 10860.4 11295.3 7757.16
11206.3 10870.2 11309.9 7800.52
11220.9 10869.2 11323.3 7836.58
11234.9 10898.9 11338.5 7826.84
11248.9 10872.6 11352.2 7859.48
11262.6 10906.7 11366.5 7877.51
11276.9 10923.3 11380.5 7879.95
11290 10924.7 11393.6 7892.61
11304.9 10958.4 11408.2 7908.21
11319.2 11012.9 11422.8 7880.92
11332.9 11062.1 11436.5 7870.2
11346.9 11134.3 11450.2 7904.8
11360.9 11190.8 11464.2 7906.74
11375.2 11199.5 11479.4 7936.95
11388.9 11256.6 11492.5 7966.19
11402.7 11306.7 11506.9 8018.32
11416.7 11386.6 11521.1 8059.74
11430.1 11409.1 11535.5 8120.64
11445.3 11379.8 11549.2 8188.86
11458.4 11441.2 11563.5 8255.12
11473 11431.5 11577.2 8308.23
11487 11376.4 11591.8 8388.14
11499.8 11376.4 11605.2 8452.95
11515.3 11394.9 11620.7 8508
11528.1 11428.1 11633.2 8587.91
11542.7 11512.4 11647.2 8625.92
11555.9 11535.7 11661.5 8637.61
11571.3 11567.4 11675.8 8692.18
11584.2 11572.3 11690.1 8701.44
11599.4 11593.2 11703.6 8708.26
11612.8 11611.8 11717.9 8737.5
11625.6 11632.2 11732.8 8736.04
11640.5 11616.1 11745.9 8771.6
11654.8 11641.5 11761.4 9299.29
11667.7 11668.8 11774.2 9506.86
11683.4 11697.5 11788.5 9653.03
11696.3 11746.7 11802.2 9778.25
11710.3 11783.8 11816.5 9815.28
11725.2 11820.8 11831.7 9888.86
11739.2 11828.1 11844.9 9950.25
11752.9 11882.2 11860 9985.82
11766.6 11929.9 11872.9 10062.8
11781.5 11964 11887.5 10105.7
11794.4 12024 11900.9 10157.3
11808.1 12085.4 11915.2 10183.6
11823 12142.8 11929.3 10243.1
11837 12215.5 11942.7 10274.3
11851.3 12309 11957.6 10320.6
11864.4 12401.6 11971.3 10376.1
11879 12505.4 11987.1 10391.2
11892.8 12579.4 11999.3 10444.3
11906.8 12622.8 12013.6 10470.6
11921.7 12628.1 12028.5 10538.4
11934.8 12592.6 12042.3 10612.4
11949.4 12554.1 12056 10683.1
11963.1 12519 12070.9 10720.6
11976.5 12491.7 12084.6 10783.9
11991.1 12474.7 12098.9 10832.2
12004.9 12499.5 12112.3 10873.1
12018.3 12512.2 12127.5 10916
12032.9 12515.6 12141.3 10945.7
12046.6 12507.8 12155.3 10957.4
12060.4 12532.6 12168.7 10984.2
12074.7 12573.6 12183.6 10981.7
12088.7 12594 12197.4 10973
12102.1 12647.1 12210.8 10998.3
12117.3 12707.6 12225.1 10993
12130.2 12762.1 12240 11011.5
12145.1 12817.7 12253.7 11019.3
12159.4 12914.2 12267.8 11037.3
12172.5 12975.1 12282.4 11050
12187.7 13041.8 12295.5 11082.1
12201.1 13120.3 12309.8 11136.7
12214.9 13172.4 12324.4 11200
12227.7 13230.9 12338.5 11295
12242.6 13205 12352.5 11350.6
12256.6 13205 12366.8 11411
12270.4 13205 12379.6 11472.9
12284.4 13198.7 12395.1 11543.5
12299 13148 12409.4 11604.4
12312.5 13147.1 12422.3 11668.3
12327.6 13189 12437.2 11696.5
12341.1 13177.3 12451 11726.7
12354.5 13167.5 12465.9 11781.3
12368 13170.9 12479.6 11737.9
12383.2 13210.4 12494.2 11763.8
12396.3 13266.9 12509.1 11750.6
12410.9 13294.7 12521.7 11742.3
12425.8 13335.1 12536.3 11753.5
12437.8 13357.6 12550 11734.5
12452.7 13384.3 12564.9 11753.5
12467.3 13370.2 12578.4 11760.4
12481 13408.2 12591.8 11776.4
12494.2 13420.9 12607.6 11805.2
12508.5 13457 12620.5 11828.1
12522.8 13475 12635.1 11871
12536.3 13476.4 12648.5 11889.5
12550.3 13494 12664.3 11952.3
12564.6 13539.3 12677.2 11983.5
12579.5 13558.3 12691.2 12026.9
12592.7 13570 12707.3 12105.3
12606.7 13609.9 12720.4 12148.2
12621.3 13621.6 12734.8 12180.4
12634.2 13669.4 12748.5 12244.2
12648.5 13738.6 12762.5 12268.6
12662.3 13760.5 12776.9 12304.1
12676.9 13740.5 12791.5 12337.7
12691.5 13496.4 12806.1 12377.7
12704.4 13238.2 12819.3 12431.3
12719.3 13285.9 12833.9 12465.9
12732.1 13290.3 12848.8 12489.8
12746.4 13348.3 12862.8 12509.3
12761.4 13395.6 12877.4 12536.1
12774.8 13481.8 12891.2 12583.3
12788.9 13481.3 12906.4 12659.3
12802.3 13521.3 12921 12680.8
12816.3 13502.3 12935.4 12719.3
12830.9 13398.5 12950.3 12730
12844.7 13282.5 12963.7 12756.8
12859.3 13169 12976.3 12768.5
12871.9 13043.3 12987.4 12795.3
12886.8 12992.1 12995.3 12806
12900.8 12947.8 12994.7 12810.9
12914 12893.2 12984.8 12796.7
12928 12869.8 12970.1 12799.2
12942.9 12822.6 12957 12806
