6014.5 -361.8 6041.82 -1189.63
6013.33 -595.677 6055.34 -1193.04
6008.04 -602.011 6070.03 -1200.84
6006.27 -593.241 6084.13 -1201.81
6010.68 -586.907 6099.4 -1189.63
6019.49 -593.241 6111.44 -1185.73
6030.36 -589.343 6125.54 -1175.99
6043.29 -606.884 6139.94 -1175.01
6056.51 -605.422 6153.45 -1177.93
6070.32 -608.833 6168.43 -1167.7
6083.83 -590.805 6182.52 -1194.99
6098.23 -590.805 6196.03 -1189.14
6112.33 -589.83 6210.13 -1203.76
6126.13 -600.062 6223.94 -1216.43
6141.4 -595.677 6237.74 -1207.66
6155.5 -594.703 6251.84 -1203.76
6169.9 -576.187 6265.93 -1207.66
6183.99 -607.858 6280.03 -1220.33
6197.5 -610.782 6294.41 -1212.53
6212.48 -611.756 6307.92 -1213.02
6225.99 -580.085 6322.02 -1220.33
6239.79 -597.139 6336.11 -1205.22
6255.07 -612.731 6350.79 -1229.58
6268.28 -593.241 6364.59 -1221.3
6282.37 -610.295 6378.68 -1214.97
6295.88 -609.32 6392.48 -1212.53
6311.74 -589.83 6406.28 -1209.61
6325.25 -603.96 6420.37 -1216.91
6338.75 -606.884 6434.17 -1219.35
6353.43 -612.731 6448.26 -1216.91
6366.65 -606.397 6462.64 -1218.38
6381.62 -610.782 6476.14 -1212.04
6395.42 -617.603 6490.53 -1211.55
6409.51 -613.705 6504.62 -1221.79
6424.19 -599.088 6518.71 -1238.84
6437.4 -604.448 6532.8 -1214.97
6452.96 -606.397 6546.88 -1228.61
6466.17 -610.782 6561.56 -1206.68
6479.67 -605.422 6575.64 -1226.17
6493.17 -603.96 6588.56 -1218.86
6508.43 -605.422 6603.23 -1218.86
6522.52 -566.443 6616.14 -1218.86
6536.32 -522.59 6631.1 -1202.78
6550.7 -482.149 6646.36 -1233.48
6563.32 -417.346 6658.69 -1219.35
6578.87 -374.468 6673.06 -1221.3
6592.96 -338.899 6687.44 -1225.68
6606.46 -281.404 6701.23 -1217.89
6620.25 -238.04 6714.14 -1227.63
6634.33 -178.596 6729.69 -1224.71
6648.71 -155.208 6743.77 -1219.35
6662.8 -101.124 6756.38 -1225.2
6676.59 -70.9146 6771.64 -1234.46
6691.26 -21.2156 6785.13 -1233.97
6705.04 31.8941 6798.92 -1225.2
6719.42 65.514 6813.29 -1232.02
6733.21 110.828 6827.08 -1225.2
6747.58 129.343 6841.45 -1235.43
6761.37 149.32 6855.23 -1229.58
6775.45 187.812 6870.19 -1240.79
6789.24 219.971 6884.27 -1237.38
6803.32 237.024 6897.76 -1229.58
6817.98 255.052 6912.13 -1217.4
6832.94 284.287 6925.03 -1213.99
6846.14 290.134 6939.69 -1219.35
6860.8 314.009 6953.47 -1222.76
6874.3 332.037 6967.84 -1213.02
6887.2 352.014 6982.21 -1230.07
6901.86 369.067 6995.99 -1235.92
6916.23 404.636 7010.94 -1234.94
6930.31 444.59 7023.84 -1235.43
6943.5 485.032 7038.79 -1228.12
6958.46 514.266 7051.39 -1236.4
6972.53 576.634 7065.76 -1237.38
6986.6 644.361 7080.71 -1241.76
7000.09 703.805 7094.48 -1252.48
7014.16 770.557 7107.67 -1241.76
7028.82 831.95 7121.74 -1234.94
7042.6 880.675 7136.98 -1240.79
7056.96 936.708 7151.05 -1236.4
7070.15 972.764 7164.53 -1236.89
7084.81 1023.92 7178.89 -1229.1
7098.88 1071.67 7192.37 -1234.94
7112.36 1091.16 7206.44 -1233.48
7126.14 1091.16 7220.8 -1230.56
7139.91 1109.68 7234.57 -1233.48
7155.45 1126.25 7248.93 -1236.4
7168.34 1125.76 7262.41 -1225.2
7183.29 1105.78 7277.35 -1231.53
7197.36 1098.96 7290.53 -1231.53
7210.54 1101.88 7304.6 -1229.1
7224.61 1130.63 7319.24 -1227.63
7239.26 1160.84 7333.01 -1213.02
7253.32 1186.66 7347.95 -1218.38
7267.1 1227.11 7360.84 -1214.48
7281.45 1283.14 7375.49 -1227.63
7295.22 1307.5 7388.67 -1229.58
7309.58 1360.12 7402.73 -1222.76
7323.35 1433.7 7416.79 -1220.81
7338.58 1488.76 7431.73 -1215.94
7352.06 1575.49 7445.49 -1225.68
7365.82 1656.37 7459.84 -1211.07
7379.3 1719.22 7473.61 -1232.51
7393.65 1789.39 7487.95 -1220.81
7407.42 1855.65 7501.72 -1216.43
7422.35 1901.45 7516.36 -1220.81
7435.83 1932.64 7528.95 -1215.45
7449.59 1967.23 7542.71 -1210.09
7464.23 2004.75 7556.77 -1214.48
7477.71 2034.96 7571.41 -1211.55
7492.05 2058.83 7585.75 -1215.94
7505.82 2069.06 7600.1 -1198.4
7519.87 2086.12 7614.74 -1192.06
7535.39 2083.68 7627.62 -1195.96
7547.98 2099.76 7641.38 -1211.07
7561.74 2143.13 7656.6 -1199.86
7576.38 2144.1 7670.65 -1198.89
7590.14 2188.44 7684.4 -1188.65
7604.2 2208.9 7697.58 -1184.27
7617.96 2218.16 7711.33 -1188.17
7632.01 2272.73 7727.72 -1186.71
7646.65 2308.79 7740.6 -1191.58
7660.99 2355.56 7754.36 -1183.29
7673.87 2403.8 7768.4 -1183.78
7687.92 2468.12 7782.45 -1172.58
7702.55 2505.15 7795.62 -1168.68
7715.43 2543.15 7810.54 -1177.45
7730.65 2628.42 7824.59 -1175.99
7744.7 2675.68 7838.05 -1159.42
7758.16 2739.03 7852.68 -1178.91
7772.5 2813.09 7866.43 -1168.68
7785.67 2854.02 7881.06 -1157.47
7800.89 2915.9 7894.22 -1163.32
7814.93 2968.03 7908.85 -1158.44
7828.68 3026.01 7922.89 -1152.11
7842.73 3056.71 7936.64 -1148.21
7856.77 3127.36 7950.98 -1146.75
7870.82 3147.34 7964.72 -1138.96
7883.69 3170.24 7979.06 -1151.14
7898.32 3192.65 7993.97 -1134.57
7912.95 3229.68 8007.14 -1135.54
7926.99 3261.84 8021.47 -1118.98
7941.03 3276.46 8034.63 -1115.08
7955.07 3278.41 8048.96 -1110.7
7968.82 3296.43 8062.71 -1110.7
7982.27 3332 8075.28 -1099.98
7997.78 3339.8 8091.36 -1107.77
8010.65 3383.16 8105.4 -1097.05
8024.1 3417.27 8119.14 -1098.03
8040.18 3469.41 8133.77 -1089.74
8051.89 3545.9 8147.51 -1080.97
8066.22 3582.93 8161.54 -1105.34
8081.42 3643.84 8175.87 -1088.28
8096.63 3757.37 8190.49 -1095.1
8110.66 3827.53 8203.35 -1082.43
8123.82 3905.98 8218.26 -1086.82
8137.86 3980.04 8232.3 -1074.15
8151.89 4046.79 8245.45 -1068.79
8165.64 4117.93 8259.48 -1072.2
8179.09 4192.96 8273.81 -1080.49
8192.54 4236.33 8288.72 -1072.69
8207.74 4292.36 8302.16 -1069.28
8222.07 4334.27 8316.49 -1071.23
8236.39 4321.6 8330.51 -1073.18
8249.25 4276.77 8344.25 -1082.92
8263.28 4249.97 8358.57 -1079.02
8277.02 4242.66 8371.73 -1061
8291.64 4265.56 8386.34 -1044.92
8306.26 4250.95 8400.37 -1050.76
8319.41 4233.41 8413.52 -1015.2
8332.85 4257.28 8428.71 -1029.33
8347.47 4252.9 8441.86 -1018.12
8361.2 4302.11 8457.06 -990.345
8376.11 4321.6 8470.5 -1015.68
8389.84 4363.99 8484.23 -1002.04
8403.87 4414.17 8498.26 -981.575
8417.9 4461.44 8512.58 -979.139
8431.34 4552.06 8528.35 -929.927
8445.08 4629.05 8540.63 -915.31
8460.27 4743.55 8555.23 -909.463
8474.88 4798.61 8568.67 -923.106
8488.32 4870.72 8583.57 -903.129
8501.47 4960.86 8597.01 -885.101
8516.08 5002.77 8611.32 -860.251
8529.23 5070.01 8626.51 -835.889
8543.55 5116.78 8638.49 -856.84
8557.86 5049.05 8653.1 -837.351
8571.59 4937.47 8666.83 -820.297
8586.49 4771.32 8680.85 -760.366
8600.22 4808.84 8695.45 -712.616
8614.25 4848.31 8709.18 -673.636
8628.27 4883.39 8723.2 -645.863
8642.29 4888.75 8736.93 -640.016
8655.73 4900.93 8750.94 -597.626
8670.33 4922.37 8766.42 -573.751
8684.65 4941.37 8778.98 -525.027
8698.08 4950.63 8793.58 -480.687
8712.68 4976.45 8807.89 -461.198
8727 5000.33 8821.62 -404.677
8740.72 5056.36 8835.93 -388.111
8753.86 5099.73 8850.23 -368.621
8768.76 5117.27 8865.13 -347.182
8782.78 5149.91 8877.1 -315.511
8795.92 5182.56 8892.28 -307.228
8810.23 5214.72 8906.01 -295.534
8824.54 5267.34 8920.31 -261.427
8839.14 5341.4 8934.04 -251.195
8851.69 5399.38 8947.76 -241.938
8866.3 5455.42 8962.36 -226.346
8880.31 5526.55 8976.66 -193.7
8894.62 5598.67 8990.68 -125.486
8908.05 5661.52 9004.4 -50.9376
8922.36 5743.38 9018.12 -37.7819
8936.66 5820.85 9032.71 -15.3687
8950.68 5891.5 9046.44 28.9706
8963.82 5971.9 9060.74 99.1338
8979 6007.95 9074.75 162.963
8992.43 6068.37 9089.35 211.2
9006.15 6107.35 9102.48 263.335
9020.45 6108.81 9117.08 287.21
9035.05 6121.97 9131.09 301.34
9049.35 6132.69 9145.39 332.037
9062.49 6080.55 9159.69 386.121
9077.09 6080.55 9172.83 369.555
9089.93 6059.6 9188 357.374
9104.53 6034.26 9201.14 410.971
9118.54 6049.37 9215.15 387.096
9132.55 6055.21 9228.86 355.912
9147.43 6051.32 9242.87 416.817
9160.57 6088.83 9256.88 447.514
9174.29 6139.51 9271.47 471.876
9189.46 6128.79 9284.9 532.294
9202.6 6183.36 9298.61 570.787
9216.9 6254.5 9313.2 595.149
9230.91 6348.05 9326.63 620.486
9246.08 6438.68 9340.34 649.233
9258.92 6518.58 9355.52 669.698
9273.22 6617.98 9370.11 637.539
9286.94 6701.79 9383.82 586.379
9300.95 6784.13 9398.7 550.323
9314.95 6856.73 9411.83 522.062
9328.67 6923.97 9425.84 549.835
9343.84 6980.49 9439.85 586.866
9358.14 7018.98 9454.14 605.381
9372.44 7064.78 9468.73 634.129
9385.28 7093.05 9482.44 658.491
9398.7 7098.4 9496.45 603.432
9413.59 7100.35 9510.16 578.583
9426.72 7117.41 9523.88 642.899
9440.72 7138.85 9538.76 698.932
9454.73 7120.33 9552.18 759.838
9468.73 7164.67 9566.47 837.797
9482.44 7187.08 9580.48 881.649
9497.03 7244.58 9594.48 921.116
9511.33 7276.25 9609.07 934.271
9525.34 7320.59 9621.32 955.71
9538.76 7387.83 9637.37 959.121
9553.93 7429.24 9651.08 971.302
9567.35 7491.12 9664.2 977.149
9581.35 7541.31 9678.79 979.098
9595.36 7589.06 9692.5 1002.49
9609.65 7642.66 9707.96 1017.1
9623.95 7677.74 9721.38 1055.6
9637.07 7710.39 9735.67 1108.22
9651.66 7725.49 9749.38 1066.8
9665.08 7746.93 9762.22 1081.42
9679.08 7795.17 9777.09 1140.38
9693.38 7866.79 9790.81 1186.66
9707.67 7942.8 9805.68 1263.16
9721.67 8008.09 9819.1 1349.4
9735.38 8033.43 9833.68 1420.05
9749.97 8098.72 9848.27 1488.76
9762.51 8165.96 9861.69 1558.92
9777.09 8220.04 9875.69 1628.6
9792.26 8258.05 9888.81 1678.29
9805.39 8340.88 9903.1 1752.36
9820.27 8373.53 9917.4 1794.75
9833.68 8421.27 9931.98 1819.11
9848.27 8472.92 9946.27 1863.45
9860.81 8497.28 9959.11 1885.37
9875.4 8520.19 9974.57 1917.04
9889.98 8559.65 9988.27 1970.15
9903.1 8575.24 10001.7 1991.11
9917.4 8605.45 10016 2043.73
9931.98 8645.41 10029.7 2076.37
9945.69 8649.31 10044.3 2141.18
9958.81 8701.44 10057.7 2195.26
9973.4 8742.37 10072 2279.55
9987.69 8783.3 10086.9 2322.92
10002 8846.64 10100 2367.26
10015.1 8937.27 10114.3 2435.96
10030.6 9010.35 10128 2460.32
10043.4 9101.47 10143.1 2548.51
10058 9183.33 10156 2575.8
10072 9272.49 10170.6 2607.47
10085.7 9381.63 10184.9 2677.63
10100.6 9433.28 10199.4 2706.38
10114 9484.44 10213.1 2749.26
10128.6 9462.03 10226 2799.44
10141.7 9481.52 10241.4 2846.22
10155.4 9514.16 10254.8 2909.56
10169.4 9539.99 10268.8 2985.57
10184.3 9563.38 10283.7 3086.92
10197.7 9566.3 10297.4 3197.52
10211.4 9588.71 10311.4 3316.9
10226.3 9590.18 10325.7 3422.63
10239.4 9598.95 10339.7 3511.8
10254.5 9601.87 10352.8 3631.17
10268 9605.77 10366.5 3728.62
10281.7 9610.64 10382.6 3834.35
10296.8 9654.98 10395.7 3884.05
10309.4 9693.96 10409.7 3935.7
10323.4 9744.14 10423.4 3991.25
10338.3 9821.62 10437.4 4025.35
10351.4 9881.06 10451.7 4049.23
10366 9944.89 10466.3 4047.28
10380.3 10032.6 10480.6 4055.56
10394.5 10105.2 10494.3 4049.23
10408.8 10177.3 10508.3 4050.69
10422.5 10235.8 10521.4 4058.97
10435.4 10293.3 10535.7 4085.28
10450.2 10361.5 10550.3 4146.68
10464.2 10399 10564.6 4203.68
10477.4 10477.9 10579.1 4264.1
10491.7 10503.8 10593.1 4347.91
10505.4 10453.6 10606.3 4454.13
10520.2 9993.61 10620.3 4560.35
10533.1 9934.17 10633.7 4693.85
10548.2 9866.93 10648.3 4804.94
10562.8 9874.24 10663.1 4899.47
10575.6 9891.29 10677.4 4998.87
10589.9 9863.52 10688.8 5115.32
10603.6 9835.26 10704.9 5223
10617.9 9446.44 10718.6 5318.99
10632.2 9369.94 10733.4 5373.07
10646.5 9313.91 10747.7 5432.03
10659.9 9333.88 10761.7 5470.03
10674.2 9348.5 10774.9 5504.63
10688.2 9353.37 10789.4 5528.02
10702.2 9397.71 10802.9 5557.74
10717.1 9422.08 10817.4 5571.38
10731.4 9454.72 10831.1 5589.41
10743.7 9482.01 10846 5624.49
10758.5 9525.86 10859.7 5664.93
10771.6 9555.58 10873.2 5704.4
10785.9 9627.21 10888.3 5735.58
10799.9 9682.26 10902 5773.59
10814.5 9739.27 10915.5 5830.11
10828.8 9829.41 10930.3 5882.73
10842.5 9893.24 10944.3 5928.04
10855.1 10002.9 10958 5948.51
10870.2 10082.3 10972 5993.33
10884 10211.4 10986.9 6029.88
10898.8 10295.2 10999.5 6054.73
10912.2 10328.4 11014.6 6124.89
10926.8 10332.7 11028.6 6183.85
10940.8 10394.6 11042 6215.52
10953.7 10420.4 11056.6 6262.29
10968.5 10418 11070.6 6323.69
10981.7 10462.3 11084.6 6397.75
10996.5 10470.1 11098.6 6466.45
11010 10454.1 11113.2 6545.38
11024.8 10466.7 11126.9 6627.73
11039.1 10447.2 11141.5 6707.64
11052 10373.7 11155.2 6795.83
11066.5 10353.2 11168.4 6873.3
11080.3 10358.6 11181.8 6930.31
11094.8 10395.1 11196.7 6973.18
11108.3 10458.9 11211.3 7009.73
11122.3 10516.4 11226.1 7038.47
11136.3 10594.4 11239.6 7061.37
11150.3 10670.4 11253.9 7151.51
11164.9 10775.6 11267.3 7212.91
11177.7 10843.4 11282.1 7250.91
11193.2 10967.1 11296.2 7299.64
11206.9 11025.1 11308.4 7337.16
11220 11063.1 11324.5 7350.31
11234.6 11093.3 11337.6 7384.9
11248.3 11066 11351.9 7442.4
11263.2 11055.3 11366.8 7503.79
11276.6 11041.7 11380.2 7575.42
11290 10950.1 11394.2 7675.3
11304 10836.5 11408.2 7769.83
11318 10842.4 11422.5 7873.61
11333.2 10853.6 11436.8 7975.93
11347.8 10920.4 11450.2 8078.25
11361.5 10915 11464.5 8187.4
11374.7 10925.2 11478.5 8301.9
11388.1 10865.8 11492.5 8402.27
11403 10889.2 11506.6 8462.69
11416.1 10951 11520.6 8514.34
11431 11018.8 11534.6 8555.27
11444.4 11082.6 11548.9 8570.37
11458.7 11184.9 11562.9 8590.84
11472.4 11248.3 11577.5 8593.27
11486.4 11321.4 11591.8 8585.96
11501 11364.7 11606.1 8579.14
11513.9 11356.4 11620.1 8563.06
11529 11406.6 11634.4 8547.96
11543.6 11455.8 11646.9 8585.96
11557 11516.3 11661.8 8591.32
11571 11552.8 11675.5 8619.1
11584.5 11568.9 11690.1 8666.85
11598.2 11604.4 11704.4 8721.42
11612.5 11628.8 11717.9 8789.14
11626.5 11675.1 11732.5 8860.28
11640.8 11706.8 11745.9 8894.88
11654.5 11774.5 11760.5 8980.63
11668.5 11846.6 11774.8 9068.34
11682 11903.1 11789.1 9110.73
11697.4 11973.3 11802.5 9176.99
11710.3 12013.2 11816 9240.33
11724.9 12024 11831.1 9282.72
11737.7 12035.2 11844.9 9333.4
11752.9 12098 11859.8 9368.97
11767.2 12120 11872.6 9427.44
11780.6 12177.9 11886.9 9458.13
11795.5 12181.3 11900.6 9493.7
11808.9 12150.2 11914.9 9523.91
11822.7 12123.4 11929.5 9577.99
11836.4 12163.8 11943 9608.69
11851.3 12172.1 11957.9 9687.14
11865 12176 11971.6 9731.48
11879 12139.4 11986.2 9749.5
11893 12111.2 11999.9 9782.15
11907 12069.3 12013.4 9824.54
11920.2 11838.8 12028.5 9860.6
11935.1 11658.5 12042 9861.08
11949.1 11685.3 12056.9 9901.04
11963.7 11778.9 12071.2 9896.16
11977.4 11878.8 12084.9 9887.39
11991.1 11985.5 12098.6 9915.17
12005.5 12059 12112.9 9906.88
12018.6 12088.8 12127 9940.02
12033.2 11869.5 12141 9975.59
12046.9 11834.4 12154.7 9965.84
12060.1 11896.3 12169.6 10028.2
12075.3 11930.4 12182.7 10067.2
12089 11934.8 12196.5 10135.4
12102.4 11943.6 12212 10234.8
12116.4 11942.6 12226 10280.6
12131 11980.1 12240 10370.3
12145.1 12015.2 12253.4 10448.2
12158.2 12055.6 12267.2 10548.6
12172.8 12103.9 12281.8 10599.7
12187.1 12132.6 12296.4 10707.9
12201.1 12203.8 12310.7 10781
12215.2 12299.3 12323.8 10840.9
12228.6 12373.3 12339 10889.2
12243.2 12426.4 12351.9 10899.9
12256.4 12486.8 12366.2 10901.8
12271 12569.2 12380.5 10891.1
12285 12571.1 12394.8 10903.3
12299.3 12648.1 12409.4 10911.6
12312.7 12694.9 12422 10917.4
12326.5 12744.6 12437.2 10926.7
12341.7 12767.5 12451.2 10971.5
12355.4 12778.2 12465.6 11126.9
12369.4 12822.6 12480.5 11160.6
12382.6 12847.4 12493 11244.9
12396.9 12878.6 12508.8 11297.5
12411.2 12911.2 12521.7 11372
12425.2 12932.7 12536 11452.4
12438.7 12989.7 12550 11503.1
12452.7 13026.2 12564.6 11594.7
12466.7 13069.1 12578.7 11655.6
12481.3 13127.1 12592.4 11721.4
12495.1 13165.1 12607.3 11762.3
12509.1 13226.5 12621 11817.9
12522.3 13266.9 12634.8 11839.8
12537.4 13311.8 12649.4 11879.3
12551.2 13367.3 12663.1 11890.9
12565.2 13456.5 12677.8 11924.6
12579.3 13530 12691.8 11933.3
12591.8 13593.9 12705.8 11954.8
12607 13656.2 12720.4 11969.9
12621.3 13700.6 12734.5 11987.4
12634.8 13734.7 12748.2 12012.8
12648.8 13792.7 12762.8 12031.8
12662.5 13842.8 12776.9 12063.4
12677.2 13909.1 12791.5 12101.9
12691.5 13921.3 12804.9 12149.2
12704.9 13959.3 12821 12197.9
12718.7 13990.5 12833.9 12223.2
12732.4 14068.4 12847.9 12256.4
12746.4 14155.7 12862.5 12292.9
12761.1 14209.3 12877.4 12319.7
12775.7 14302.3 12892.1 12330.4
12788.9 14405.6 12906.1 12369.4
12802.3 14469.9 12921.3 12430.8
12816.9 14639.5 12934.8 13133.4
12829.5 14660.4 12950.5 13437.9
12844.7 14568.8 12964 13633.8
12858.7 14495.3 12977.2 13685.5
12873.1 14372.5 12988.3 13750.8
12886.2 14327.7 12995.6 13813.1
12900.3 14297.9 12994.7 13842.4
12914.3 14244.3 12984.8 13875
12928.6 14172.2 12971.6 13893.5
12942.9 14070.4 12956.4 14002.7
