6013.62 -665.353 6042.12 -654.634
6012.15 -678.022 6056.51 -657.07
6007.74 -671.2 6069.44 -655.608
6005.98 -665.353 6083.54 -652.198
6011.27 -670.226 6098.52 -658.045
6019.2 -670.713 6111.44 -641.966
6030.07 -681.432 6125.54 -640.016
6043.88 -696.537 6139.35 -652.198
6057.39 -689.228 6154.62 -644.402
6069.14 -681.92 6168.43 -642.94
6083.83 -682.407 6182.23 -646.351
6097.93 -680.945 6196.03 -670.226
6112.62 -681.92 6209.55 -675.585
6126.43 -682.407 6224.23 -666.328
6140.52 -682.407 6238.33 -666.815
6154.92 -690.203 6252.72 -661.943
6169.6 -706.282 6266.22 -659.506
6183.99 -704.82 6280.32 -657.07
6198.68 -690.69 6295 -652.685
6211.9 -701.409 6307.63 -664.379
6226.28 -696.05 6322.31 -661.943
6240.09 -687.279 6335.52 -670.713
6255.07 -702.871 6350.2 -663.404
6268.87 -714.078 6365.18 -670.713
6282.96 -699.948 6378.68 -664.866
6296.47 -716.027 6392.48 -655.121
6310.57 -689.715 6406.87 -667.789
6325.25 -688.741 6421.25 -669.251
6338.46 -681.92 6434.76 -661.943
6352.85 -690.203 6447.97 -653.172
6366.65 -685.33 6462.94 -671.2
6381.33 -691.664 6476.14 -663.891
6396 -691.664 6491.7 -670.226
6409.22 -684.356 6504.62 -672.662
6424.19 -688.741 6518.71 -670.713
6438.28 -682.407 6532.8 -664.379
6451.49 -676.56 6546.88 -662.43
6465.87 -678.509 6561.56 -663.891
6479.96 -672.662 6574.47 -679.971
6494.34 -690.203 6589.73 -663.404
6508.14 -679.483 6602.94 -666.815
6522.23 -680.458 6616.43 -661.943
6536.61 -662.917 6630.81 -655.608
6549.52 -638.068 6645.19 -655.608
6564.49 -629.784 6659.86 -661.455
6577.99 -608.346 6673.06 -661.943
6592.37 -552.8 6687.44 -682.894
6606.75 -504.075 6701.52 -676.56
6620.83 -454.376 6715.31 -669.251
6634.63 -410.037 6728.51 -663.404
6649 -386.162 6743.48 -661.943
6662.21 -334.514 6758.14 -684.356
6676.88 -281.404 6771.05 -655.121
6692.14 -240.963 6785.43 -667.789
6705.04 -189.802 6799.51 -670.226
6718.83 -150.335 6813 -683.381
6733.8 -84.0702 6827.95 -669.738
6746.7 -44.6034 6841.15 -678.996
6761.66 8.50631 6855.82 -669.738
6774.57 53.8201 6869.9 -676.56
6789.83 93.2869 6883.39 -680.945
6803.61 142.986 6897.76 -680.458
6817.98 165.886 6911.54 -674.611
6831.77 221.92 6926.49 -681.92
6845.85 282.338 6939.1 -673.149
6859.92 316.445 6954.64 -678.509
6874 346.167 6968.72 -685.817
6888.08 380.761 6981.62 -668.277
6901.86 432.409 6995.4 -667.789
6915.35 467.978 7009.76 -671.687
6930.01 510.368 7024.72 -667.789
6944.09 565.427 7038.79 -691.177
6958.46 618.537 7051.98 -685.33
6972.82 658.491 7066.64 -668.764
6985.72 704.292 7078.66 -665.84
7000.38 744.733 7094.78 -689.228
7014.16 777.866 7108.55 -684.356
7028.53 783.226 7122.62 -680.945
7042.31 821.231 7137.57 -669.738
7056.38 819.282 7149.29 -679.483
7071.62 857.774 7164.53 -684.843
7084.52 875.315 7178.6 -669.251
7098.88 927.937 7193.55 -676.073
7112.95 945.965 7206.44 -695.562
7126.73 993.228 7220.51 -669.738
7140.79 1038.05 7235.74 -678.996
7154.57 1082.88 7247.76 -680.458
7169.22 1160.35 7262.7 -680.458
7182.12 1227.59 7277.35 -687.767
7197.06 1282.16 7290.24 -676.56
7211.13 1346.48 7304.89 -693.613
7225.49 1411.77 7319.24 -681.92
7239.55 1473.65 7333.6 -678.509
7253.03 1542.35 7346.2 -678.996
7267.68 1611.05 7361.43 -674.124
7281.16 1629.08 7375.49 -685.33
7294.64 1675.86 7388.38 -678.022
7309.58 1698.27 7403.32 -695.075
7323.05 1722.15 7416.79 -690.69
7337.41 1752.84 7431.73 -661.455
7351.76 1727.51 7444.91 -678.022
7365.24 1754.3 7459.26 -682.407
7379.3 1772.33 7474.48 -684.843
7392.48 1789.39 7487.37 -683.381
7407.71 1801.08 7501.72 -688.254
7421.18 1836.16 7514.9 -679.483
7435.83 1863.93 7529.54 -680.945
7449.59 1889.27 7543.88 -709.692
7463.36 1937.51 7557.35 -692.639
7478.29 1950.66 7571.41 -682.894
7491.18 2016.44 7585.75 -695.075
7506.99 2081.73 7599.81 -675.585
7519.29 2126.07 7614.15 -696.537
7534.22 2199.16 7627.62 -688.741
7549.15 2224.98 7642.25 -677.534
7561.45 2261.53 7656.3 -682.894
7576.68 2330.23 7669.48 -675.098
7589.85 2346.79 7684.11 -683.869
7605.37 2376.03 7698.16 -674.124
7617.08 2436.93 7712.21 -691.664
7632.89 2467.63 7726.84 -690.203
7647.23 2506.61 7740.89 -681.92
7660.11 2567.03 7753.77 -673.149
7673.87 2598.21 7768.11 -696.537
7687.63 2650.35 7783.03 -682.407
7702.26 2713.2 7796.79 -698.486
7716.6 2743.9 7810.25 -694.588
7730.36 2779.47 7824.59 -680.458
7745.28 2849.14 7839.22 -679.971
7758.45 2874.97 7852.09 -694.588
7771.91 2921.26 7866.72 -697.999
7785.96 2945.13 7881.06 -695.075
7801.18 2998.24 7894.81 -683.869
7814.35 3022.12 7908.85 -670.226
7828.1 3054.27 7922.31 -690.203
7844.19 3075.71 7937.23 -696.05
7855.9 3080.1 7950.98 -698.486
7870.82 3086.43 7964.43 -677.047
7885.74 3111.28 7979.35 -685.817
7898.32 3135.16 7993.97 -692.639
7912.95 3190.7 8007.43 -691.177
7925.82 3196.06 8021.47 -696.537
7941.03 3222.37 8034.34 -694.101
7955.07 3265.25 8049.25 -681.432
7968.82 3315.44 8063.29 -684.843
7983.15 3394.86 8076.45 -689.228
7997.19 3445.04 8089.9 -679.483
8011.52 3521.05 8105.4 -695.562
8024.39 3567.34 8119.44 -691.177
8039.31 3639.94 8132.89 -692.639
8052.76 3694.51 8148.09 -689.228
8066.8 3759.8 8161.84 -681.92
8081.71 3809.99 8175.87 -689.715
8096.04 3846.05 8188.74 -670.713
8110.66 3853.35 8203.94 -679.971
8122.95 3885.51 8217.1 -686.792
8137.57 3885.51 8231.13 -682.407
8151.6 3809.99 8246.33 -683.869
8165.05 3802.68 8259.19 -683.869
8179.67 3798.3 8274.1 -681.432
8194 3834.35 8287.84 -697.999
8207.74 3829.48 8301.87 -686.792
8222.07 3853.84 8316.78 -689.715
8235.22 3857.25 8329.93 -677.534
8249.25 3893.31 8344.54 -688.254
8262.99 3921.08 8358.57 -675.585
8277.32 3978.09 8372.31 -683.869
8291.05 4030.71 8385.75 -674.611
8305.38 4096 8401.24 -655.608
8319.41 4139.37 8414.69 -665.84
8333.15 4194.91 8428.13 -624.912
8347.47 4267.03 8442.15 -615.167
8362.08 4343.04 8456.47 -578.624
8376.11 4420.02 8470.5 -568.879
8389.26 4466.8 8484.82 -1185.24
8403.87 4517.47 8498.26 -1177.93
8417.61 4573.5 8514.33 -1142.37
8431.64 4614.92 8526.6 -1110.21
8445.95 4683.62 8540.33 -1072.69
8459.69 4723.57 8554.65 -1041.99
8474.59 4771.81 8569.26 -994.243
8487.74 4781.56 8583.28 -943.083
8502.06 4805.43 8597.59 -907.514
8515.79 4828.82 8611.62 -859.764
8529.23 4858.54 8625.05 -811.039
8543.84 4869.26 8639.95 -748.185
8558.45 4886.8 8652.81 -703.358
8572.18 4931.14 8666.83 -658.045
8586.49 4939.91 8680.55 -604.935
8598.76 4966.71 8695.16 -562.057
8614.25 4999.35 8709.18 -494.33
8627.97 5005.2 8724.07 -453.402
8641.7 5039.31 8738.09 -382.264
8656.31 5050.52 8751.82 -329.154
8670.92 5073.9 8765.84 -272.634
8684.65 5124.09 8778.98 -192.239
8697.79 5141.63 8792.71 -140.103
8712.68 5172.81 8806.73 -69.4529
8727 5207.9 8822.2 -3.18756
8740.43 5279.52 8835.34 51.8711
8755.03 5302.42 8849.94 119.598
8767.59 5334.09 8864.55 149.32
8782.78 5376.48 8878.27 192.685
8797.09 5382.82 8891.7 211.2
8809.94 5438.85 8905.42 282.825
8825.41 5508.53 8921.48 311.573
8838.56 5532.89 8933.16 358.348
8851.69 5568.94 8948.34 410.971
8866.59 5587.46 8962.36 439.231
8879.44 5627.41 8976.37 479.672
8894.04 5664.44 8990.39 507.932
8908.05 5691.73 9004.69 526.935
8922.65 5723.89 9018.41 530.833
8936.37 5740.45 9032.13 577.121
8950.68 5763.84 9046.14 638.027
8964.99 5771.64 9061.03 663.851
8978.71 5766.77 9075.04 725.731
8993.01 5777.49 9089.35 778.84
9006.15 5796 9102.48 850.465
9021.33 5796 9116.79 904.062
9033.59 5815.49 9130.5 963.506
9048.48 5840.83 9145.1 1038.05
9063.07 5876.4 9159.69 1113.58
9076.5 5917.32 9172.53 1178.87
9090.81 5977.25 9187.71 1232.47
9105.11 6044.01 9201.43 1327.48
9118.54 6101.01 9214.85 1366.94
9132.55 6149.74 9228.86 1459.52
9146.85 6230.14 9242.87 1513.61
9160.28 6304.68 9257.17 1571.1
9174 6376.31 9271.18 1657.83
9188.88 6427.47 9286.36 1727.02
9203.76 6466.45 9299.2 1762.59
9216.9 6513.22 9313.2 1852.24
9231.49 6549.28 9326.63 1904.38
9244.62 6581.44 9340.05 1975.03
9259.22 6608.24 9355.23 2047.63
9272.64 6613.11 9368.94 2090.99
9286.65 6591.67 9383.53 2159.2
9301.53 6568.28 9398.41 2204.03
9314.95 6568.28 9412.71 2250.81
9328.96 6569.74 9426.13 2329.74
9342.97 6596.54 9439.85 2381.39
9358.14 6605.31 9453.56 2447.17
9371.86 6615.06 9467.57 2507.58
9385.57 6623.34 9481.86 2547.54
9399.58 6627.73 9496.45 2583.59
9413 6635.04 9509 2636.22
9427.01 6669.63 9524.46 2705.41
9440.43 6688.63 9539.05 2757.54
9455.31 6710.07 9552.18 2841.35
9468.73 6735.9 9566.47 2913.95
9483.9 6771.95 9580.18 2961.7
9497.33 6802.65 9595.36 3055.25
9510.75 6857.22 9609.07 3128.82
9525.63 6909.84 9622.49 3215.06
9538.76 6938.1 9637.37 3289.61
9553.64 6968.8 9650.78 3379.27
9567.64 7040.91 9664.5 3459.66
9581.06 7096.46 9678.5 3509.85
9595.94 7146.16 9693.08 3580.01
9609.07 7193.42 9706.5 3653.1
9623.36 7284.53 9720.8 3718.88
9636.78 7349.34 9735.09 3775.4
9650.78 7394.65 9749.09 3852.38
9665.66 7471.63 9763.39 3890.39
9678.79 7524.26 9776.51 3926.93
9693.67 7605.63 9791.1 3966.88
9707.67 7620.73 9805.1 4014.15
9721.38 7679.2 9818.81 4058.97
9735.09 7730.85 9833.68 4100.88
9749.09 7767.88 9847.98 4123.78
9763.09 7827.32 9861.4 4167.63
9777.39 7839.99 9874.81 4230.48
9791.97 7857.05 9889.4 4291.88
9805.68 7891.15 9903.98 4363.01
9819.97 7904.31 9917.1 4429.28
9833.98 7902.85 9931.98 4494.57
9847.69 7949.13 9945.69 4544.76
9862.56 7968.62 9959.98 4616.87
9875.98 8030.99 9973.69 4689.95
9890.56 8071.92 9987.98 4747.45
9902.52 8116.75 10002.3 4835.64
9916.81 8177.17 10016 4908.73
9931.4 8219.56 10030.3 4979.38
9945.4 8220.53 10044.3 5033.46
9959.69 8294.59 10058 5091.44
9973.69 8331.13 10072.6 5137.73
9988.27 8372.55 10086.3 5181.1
10001.7 8402.76 10100.6 5228.85
10015.7 8450.51 10113.7 5291.21
10029.7 8462.2 10128 5332.14
10043.7 8424.69 10142.3 5379.41
10058 8356.96 10156.6 5432.03
10071.1 8289.72 10170.3 5463.7
10086 8244.4 10185.4 5512.91
10101.4 8260 10200 5549.94
10114 8283.38 10212.3 5609.39
10127.7 8300.44 10227.1 5642.52
10141.7 8315.54 10241.7 5685.4
10155.1 8344.78 10254.5 5721.45
10170.3 8384.24 10270 5774.07
10183.7 8461.72 10283.7 5810.62
10198 8492.9 10297.4 5845.21
10211.7 8572.32 10311.4 5893.45
10226 8664.41 10325.4 5943.15
10239.4 8720.93 10340.6 5969.95
10254.3 8803.27 10353.1 6035.24
10268 8832.51 10368 6101.01
10282 8881.23 10380.5 6138.05
10296 8974.78 10395.1 6227.21
10309.7 8980.63 10410 6300.3
10324.3 9030.82 10422.8 6355.84
10337.7 9028.38 10438.3 6430.39
10351.7 8866.62 10451.7 6504.94
10366.3 8876.85 10465.7 6571.21
10379.4 8937.27 10480.6 6630.16
10394.5 8969.91 10494.3 6689.61
10408.5 9031.79 10508.6 6771.95
10422 9114.62 10521.7 6813.37
10436.3 9138.01 10536.9 6870.37
10449.7 9218.41 10550.6 6902.53
10463.4 9252.52 10564.6 6923.97
10478.8 9332.42 10578.6 6969.29
10491.7 9310.01 10592.3 7010.21
10506 9329.01 10606.6 7032.14
10520.2 9371.89 10619.4 7073.07
10534 9378.71 10633.4 7103.28
10547.4 9375.79 10648.9 7113.02
10562.2 9412.33 10663.1 7160.77
10576.2 9441.57 10676.9 7208.52
10589.7 9479.08 10690.3 7251.4
10604.8 9512.7 10704.6 7299.64
10617.6 9510.27 10718.3 7341.05
10632.5 9521.47 10733.7 7424.37
10646.2 9538.53 10746.9 7488.69
10661.4 9564.84 10761.2 7586.62
10674.8 9593.1 10776 7632.43
10687.4 9673.49 10789.7 7703.56
10702.8 9720.76 10803.4 7748.88
10715.4 9785.07 10817.1 7803.94
10730.5 9858.16 10831.4 7857.05
10743.9 9921.5 10845.4 7901.87
10758.2 9991.18 10860.3 7946.21
10772.5 10065.7 10874.3 7983.73
10785.9 10136.9 10888 8009.07
10800.5 10225.1 10901.5 8030.51
10813.7 10295.7 10916.9 8066.56
10827.9 10363.9 10929.4 8074.84
10842.2 10387.3 10943.7 8131.85
10856.2 10433.6 10958 8144.03
10870.8 10451.1 10972.6 8190.32
10884 10485.7 10986.6 8214.68
10898.2 10526.2 10999.5 8253.66
10913.1 10576.8 11014 8308.72
10926 10615.8 11028.3 8362.32
10940.5 10664.1 11043.2 8403.25
10954.3 10686 11056.1 8465.61
10969.1 10732.3 11070.9 8496.8
10982.3 10788.8 11085.2 8566.96
10996.3 10850.2 11098.4 8621.53
11010.5 10895 11113.2 8660.51
11024.3 10969.6 11126.1 8720.93
11039.1 11012 11141.5 8769.65
11051.7 11108.9 11155.8 8786.71
11066 11144 11168.4 8847.13
11080.3 11220.5 11183.5 8881.72
11094.8 11260 11197 8928.98
11109.1 11313.6 11211 8949.94
11122.3 11360.8 11225.3 8998.17
11136.9 11370.6 11239.3 9023.51
11150.6 11181 11253.9 9058.1
11164.3 11095.8 11267.9 9094.16
11178.3 11101.6 11282.4 9121.45
11191.7 11116.2 11295.3 9172.61
11206.9 11186.4 11309.6 9192.1
11221.2 11250.7 11323.9 9237.9
11234.9 11314 11338.2 9263.72
11248.6 11371.5 11352.5 9252.52
11262.3 11431 11365.6 9304.65
11277.5 11508.5 11380.2 9340.22
11290.6 11563.5 11394.5 9330.47
11304.6 11626.9 11408.5 9368.48
11318.6 11675.1 11423.1 9397.23
11331.8 11731.6 11436.8 9422.08
11346.9 11797.4 11450.2 9462.52
11360.1 11852.9 11464.5 9493.7
11375.2 11862.2 11478.5 9537.55
11388.1 11936.3 11492 9579.94
11402.7 11939.7 11507.1 9606.74
11416.1 11961.6 11522 9656.44
11430.4 11910.9 11534.6 9736.35
11445 11886.1 11549.2 9775.33
11459 11918.2 11562.6 9854.26
11473 11960.6 11576.6 9912.73
11486.4 12027.4 11591.2 9938.56
11501.3 12060.5 11606.1 9998.49
11515.3 12149.7 11620.7 10065.2
11528.1 12212.5 11633.5 10083.3
11542.7 12278.8 11648.4 10140.8
11556.5 12357.7 11661.5 10147.1
11570.5 12444 11675.8 10171
11584.5 12517.1 11689.6 10187.1
11598.5 12646.2 11703.9 10186.1
11612.8 12701.2 11719 10221.6
11626.5 12764.1 11732.2 10243.1
11639.9 12833.8 11746.5 10243.1
11654.8 12887.8 11759.9 10259.6
11668.5 12956.5 11774.8 10265.5
11682.8 13027.2 11788.8 10319.1
11696.9 13038.9 11801.9 10350.8
11710.6 13104.7 11817.1 10391.2
11724.3 13134.4 11831.1 10438.5
11738.9 13184.6 11844 10468.7
11753.2 13237.2 11859.5 10521.8
11766.9 13285.9 11872.9 10567.1
11781.2 13326.4 11887.8 10649
11794.4 13339 11901.2 10709.9
11809.3 13421.9 11914.4 10741
11822.4 13473.5 11928.7 10789.3
11837 13569 11942.7 10844.3
11851.9 13624.6 11957.9 10878.5
11864.7 13708.9 11971.6 10915
11877.6 13717.6 11986.2 10972
11892.2 13708.4 11999.6 10979.3
11906.2 13489.1 12013.9 10987.1
11921.1 11953.8 12028.5 11030.5
11934.8 12117.5 12040.5 11034.4
11950.3 12207.2 12056.6 11065.6
11963.7 12289.5 12070.9 11101.6
11977.1 12327.5 12086.1 11101.1
11991.1 12399.6 12098.6 11136.2
12003.4 12506.3 12112.6 11151.3
12019.5 12582.8 12127.3 11165.9
12032.6 12659.3 12140.7 11188.8
12046.9 12729.5 12155 11216.6
12061 12761.2 12169.3 11251.2
12075 12845.5 12183.3 11246.3
12088.4 12889.3 12197.6 11271.7
12102.4 12960.4 12211.4 11266.8
12116.4 12992.6 12225.4 11323.3
12131 13063.7 12239.4 11320.4
12144.8 13113.4 12254.3 11353
12157.9 13104.2 12268 11399.3
12172.8 13106.1 12282.4 11401.3
12187.4 13173.4 12297 11441.2
12201.1 13228.4 12309.5 11498.7
12214.9 13232.3 12324.7 11527.9
12228.6 13288.8 12338.5 11582
12242.6 13273.7 12352.2 11648.3
12256.1 13272.8 12366.8 11687.8
12270.7 13261.1 12379.9 11746.7
12284.7 13175.3 12394.6 11810.1
12298.7 13232.3 12408.9 11845.6
12313 13284 12422.3 11901.7
12327.1 12959.5 12436.9 11912.4
12341.1 12558 12451.5 11941.1
12354.5 12602.8 12466.1 11987.9
12368.6 12658.8 12480.5 12006.9
12383.2 12721.2 12493 12010.3
12397.5 12780.2 12507.9 12014.7
12411.5 12820.6 12521.7 12002.5
12423.8 12863 12536.3 11993.3
12437.8 12929.8 12549.7 11995.7
12453.9 12997.5 12564.9 11978.6
12467.6 13006.2 12577.8 11988.4
12481 13077.9 12592.4 11984
12495.1 13139.3 12606.7 11999.1
12507.6 13144.1 12620.5 11998.1
12523.1 13185.1 12635.4 12036.6
12536.6 13221.6 12648.8 12056.1
12551.2 13273.7 12663.4 12101.9
12564.6 13296.6 12677.5 12134.1
12578.4 13350.2 12691.2 12160.9
12593.6 13413.6 12706.1 12242.7
12607 13476 12719.8 12277.3
12621.9 13553.4 12734.2 12334.3
12634.5 13625.5 12748.5 12400.1
12647.6 13694.2 12762.5 12435.2
12663.1 13784.4 12776.6 12480
12676.6 13868.7 12791.5 12500
12690.3 13898.4 12805.5 12543.4
12704.1 13975.9 12819.8 12589.7
12719.6 14046.5 12834.2 12596
12732.4 13631.9 12848.2 12637.4
12746.4 13339 12863.1 12646.7
12761.1 13439.9 12877.7 12665.2
12775.1 13519.8 12891.8 12692.5
12788.9 13577.3 12907 12747.5
12802.9 13647 12921 12759.2
12816.3 13759.5 12935.4 12770.4
12829.8 13720.6 12950.3 12751.4
12844.4 13593.9 12963.4 12786.5
12859 13498.4 12977.2 12831.8
12873.4 13363.4 12987.7 12880.5
12886.8 13294.2 12994.4 12901.5
12900.3 13258.6 12994.4 12941.9
12914.9 13208.5 12984.2 12985.8
12928.6 13140.2 12971 13004.3
12942.7 13077.4 12957 13017.5
