6013.91 -749.647 6041.53 -652.198
6013.03 -674.124 6055.63 -671.687
6007.74 -678.022 6070.03 -684.356
6006.27 -672.175 6084.42 -673.636
6009.21 -675.585 6098.23 -655.608
6020.08 -674.611 6112.62 -688.741
6030.36 -682.894 6126.13 -668.277
6043.29 -680.458 6139.94 -657.557
6055.63 -677.534 6154.04 -662.43
6070.61 -682.894 6168.13 -667.302
6084.71 -696.537 6182.23 -680.458
6098.81 -682.407 6196.33 -700.435
6112.62 -692.639 6210.43 -705.795
6127.31 -697.999 6224.52 -708.718
6140.52 -697.511 6238.91 -697.999
6155.21 -675.585 6251.54 -693.613
6169.6 -685.33 6266.81 -699.46
6183.99 -703.358 6280.03 -707.256
6196.62 -699.948 6293.83 -709.205
6211.31 -701.409 6308.22 -694.101
6225.11 -690.69 6322.31 -717.488
6240.38 -689.715 6336.7 -706.769
6254.18 -696.537 6349.91 -723.823
6268.28 -679.971 6364 -731.131
6282.96 -693.126 6378.98 -723.823
6296.76 -690.203 6392.48 -726.259
6310.86 -695.075 6407.45 -717.976
6324.66 -690.203 6420.96 -719.437
6339.93 -691.664 6434.17 -718.95
6353.43 -696.05 6448.85 -729.67
6367.53 -690.69 6462.35 -734.055
6381.62 -691.664 6477.32 -734.055
6394.54 -700.435 6490.53 -716.027
6409.8 -702.384 6504.32 -734.055
6423.01 -703.846 6519 -722.361
6437.4 -695.075 6533.38 -724.31
6452.07 -704.333 6547.47 -732.593
6465.87 -694.588 6560.09 -722.848
6479.67 -698.973 6575.06 -718.463
6494.05 -699.46 6587.97 -724.797
6508.73 -694.588 6603.52 -736.491
6521.94 -692.152 6616.43 -724.797
6536.02 -689.228 6631.99 -730.644
6550.4 -697.511 6646.07 -728.208
6564.2 -656.583 6659.27 -726.746
6578.28 -603.473 6672.77 -737.953
6592.37 -579.111 6687.15 -725.284
6606.16 -547.927 6701.82 -728.208
6621.72 -511.384 6716.19 -734.542
6634.63 -469.968 6729.4 -740.876
6649.3 -461.198 6743.77 -734.055
6663.09 -424.654 6756.97 -732.593
6677.47 -382.264 6770.76 -729.182
6690.96 -353.029 6785.43 -731.131
6704.46 -310.639 6799.8 -732.106
6719.71 -290.175 6813.58 -737.953
6733.21 -242.912 6826.78 -730.644
6747.58 -207.83 6842.33 -738.44
6761.08 -162.029 6856.11 -730.644
6775.45 -114.279 6868.72 -751.596
6789.53 -72.8636 6883.68 -736.491
6803.02 -32.4223 6898.05 -727.721
6817.98 16.3022 6913.01 -738.927
6830.89 69.8992 6926.2 -727.721
6846.14 92.3124 6939.98 -740.389
6860.22 145.909 6954.64 -729.67
6873.41 117.649 6967.55 -739.414
6888.66 128.369 6983.09 -723.823
6901.27 154.68 6995.4 -741.851
6915.94 170.759 7010.35 -724.797
6929.72 191.223 7024.42 -745.261
6943.8 210.226 7038.2 -731.619
6958.46 218.996 7051.69 -726.259
6971.94 241.897 7065.46 -727.721
6986.9 285.749 7080.71 -716.027
7000.38 291.108 7094.78 -735.516
7014.45 326.677 7108.85 -728.695
7027.65 347.141 7122.33 -730.157
7042.89 380.274 7136.69 -727.721
7056.38 409.022 7150.17 -727.721
7069.86 459.208 7164.53 -729.182
7085.1 494.289 7178.6 -727.233
7098.59 552.271 7192.96 -726.746
7112.36 622.922 7206.44 -718.95
7127.02 665.8 7220.51 -727.721
7139.91 738.886 7234.28 -726.259
7155.15 807.101 7249.22 -742.825
7168.64 836.335 7261.82 -729.67
7183.29 882.136 7277.94 -738.927
7196.77 933.784 7291.12 -719.437
7210.54 998.588 7304.89 -722.848
7224.9 1037.57 7319.54 -734.055
7238.97 1072.16 7333.01 -728.208
7253.32 1119.91 7347.07 -746.723
7266.8 1137.45 7360.55 -733.568
7281.16 1186.18 7375.49 -734.542
7295.52 1191.54 7389.26 -726.746
7309.28 1213.46 7402.14 -738.927
7323.35 1220.28 7417.38 -728.695
7336.82 1235.88 7430.55 -736.004
7350.88 1258.29 7445.78 -727.233
7365.53 1281.68 7459.26 -731.619
7379 1302.14 7473.61 -731.131
7394.24 1321.14 7487.95 -724.31
7407.42 1328.94 7501.43 -730.644
7422.06 1364.02 7515.19 -729.182
7435.24 1417.13 7529.24 -716.027
7449.59 1446.37 7543.3 -726.259
7464.23 1477.55 7557.35 -723.335
7478 1497.53 7571.99 -730.157
7492.35 1504.35 7586.34 -732.106
7505.53 1541.87 7600.1 -737.465
7520.17 1575 7613.86 -733.568
7533.64 1623.72 7627.91 -737.953
7547.69 1679.76 7641.67 -731.619
7562.91 1734.33 7656.3 -729.67
7576.38 1775.26 7669.77 -740.876
7590.14 1829.83 7684.11 -720.899
7603.32 1864.91 7697.28 -727.721
7617.96 1914.61 7711.92 -734.542
7632.01 1977.95 7726.84 -732.593
7646.65 1999.39 7739.43 -726.746
7660.4 2031.06 7754.94 -730.157
7673.57 2044.7 7768.7 -731.131
7688.21 2068.09 7782.74 -720.412
7701.97 2100.25 7796.79 -746.236
7716.89 2110.48 7810.25 -743.312
7731.53 2125.58 7824.88 -750.621
7744.11 2143.61 7838.34 -737.465
7757.87 2166.03 7853.26 -744.287
7771.91 2156.77 7866.72 -734.055
7786.25 2160.67 7880.76 -725.284
7801.47 2173.33 7894.52 -744.287
7814.93 2208.42 7908.56 -736.491
7828.68 2247.88 7923.19 -732.593
7842.73 2278.58 7935.76 -741.363
7856.19 2323.89 7951.27 -736.491
7870.23 2354.1 7965.02 -748.672
7884.28 2410.62 7979.35 -735.516
7899.49 2466.17 7993.1 -723.823
7912.07 2524.15 8007.14 -749.159
7926.7 2558.75 8021.18 -732.593
7940.15 2625.5 8035.22 -745.749
7954.78 2671.3 8048.96 -734.542
7968.53 2724.41 8062.71 -724.31
7983.15 2771.18 8075.57 -730.157
7997.19 2802.37 8091.07 -729.182
8010.94 2796.52 8103.94 -739.414
8024.98 2810.65 8119.14 -721.874
8039.6 2850.12 8134.06 -738.44
8053.35 2857.43 8147.22 -732.593
8067.09 2873.51 8163.01 -734.542
8081.71 2901.77 8176.16 -741.851
8096.04 2895.43 8190.2 -734.055
8110.66 2906.64 8203.65 -737.953
8124.12 2942.69 8217.97 -727.233
8138.15 2938.8 8232 -719.437
8150.72 2948.05 8245.16 -724.797
8165.35 2980.7 8259.48 -711.641
8179.09 2991.91 8273.81 -721.874
8193.12 3019.68 8288.42 -715.052
8207.15 3046.96 8302.45 -718.95
8222.07 3073.76 8315.9 -718.463
8235.51 3122.98 8329.34 -723.823
8248.96 3133.69 8343.96 -709.692
8262.99 3165.85 8359.16 -673.636
8277.32 3236.02 8372.9 -664.379
8291.64 3280.84 8386.05 -623.937
8305.38 3329.08 8401.24 -633.195
8319.99 3380.24 8413.81 -632.708
8333.73 3409.47 8429 -606.397
8346.88 3429.94 8441.86 -528.925
8361.79 3473.79 8456.47 -484.585
8375.52 3507.41 8471.67 -446.093
8390.14 3554.19 8484.53 -419.295
8404.17 3624.35 8498.84 -360.338
8417.32 3657 8512.28 -310.152
8432.22 3688.18 8527.18 -258.017
8445.08 3742.26 8540.63 -943.083
8460.27 3770.52 8554.36 -914.335
8474.59 3792.45 8569.26 -886.562
8488.03 3830.94 8582.69 -872.919
8502.06 3870.41 8597.59 -844.172
8515.5 3900.62 8611.62 -809.09
8530.69 3926.93 8624.76 -803.243
8543.55 3957.14 8639.37 -771.085
8557.28 3934.72 8653.68 -761.34
8572.76 3942.03 8666.83 -703.846
8585.62 3950.32 8679.97 -678.022
8599.93 3978.58 8695.45 -653.659
8614.54 4000.99 8709.76 -609.32
8627.68 4041.92 8723.49 -584.958
8642 4064.33 8737.22 -530.386
8655.43 4110.62 8750.36 -496.279
8670.62 4147.16 8765.55 -466.07
8684.94 4203.68 8779.27 -412.96
8697.79 4253.38 8793.88 -345.721
8711.52 4306.98 8807.02 -274.096
8726.7 4372.27 8821.91 -200.522
8741.02 4451.69 8835.64 -124.512
8753.57 4530.14 8849.36 -66.0421
8768.76 4584.71 8863.38 7.53182
8782.19 4651.95 8877.68 53.3328
8795.04 4696.29 8891.99 105.468
8810.81 4741.11 8906.59 107.417
8824.83 4814.69 8920.61 143.473
8838.56 4866.34 8934.91 186.351
8852.28 4919.45 8948.05 206.328
8866.3 4955.5 8961.77 240.922
8880.9 4982.3 8976.37 242.871
8894.62 4991.56 8990.09 246.769
8908.34 4987.17 9004.4 267.721
8921.19 4968.66 9017.83 285.261
8936.66 4973.04 9032.42 323.754
8949.51 4981.33 9047.02 357.861
8964.69 5019.33 9060.16 380.761
8978.71 5017.87 9074.75 377.838
8992.72 5052.95 9088.18 421.69
9007.32 5084.14 9103.07 454.823
9020.45 5122.14 9116.79 494.289
9035.05 5158.68 9130.8 511.343
9048.48 5178.17 9144.81 561.042
9062.2 5220.56 9159.69 510.368
9076.79 5257.59 9173.41 544.476
9090.81 5299.01 9186.84 571.761
9105.11 5361.38 9200.85 589.789
9118.25 5401.82 9215.15 637.539
9131.96 5439.82 9228.57 688.7
9147.43 5444.7 9243.46 724.756
9161.44 5211.79 9257.76 791.021
9174.87 5195.23 9271.47 830.001
9188.88 5252.23 9284.9 867.519
9203.47 5323.37 9299.49 920.141
9216.61 5384.28 9312.62 981.534
9230.61 5469.06 9326.92 1046.34
9244.04 5523.14 9340.05 1112.6
9258.92 5575.77 9354.93 1166.2
9273.22 5611.33 9369.52 1251.95
9286.65 5668.83 9383.82 1309.45
9300.36 5714.63 9398.12 1370.36
9314.37 5736.07 9411.25 1332.84
9328.38 5813.05 9425.55 1292.4
9344.14 5783.33 9439.26 1307.99
9358.14 5760.92 9454.43 1365.97
9373.03 5792.1 9468.44 1422.49
9385.28 5792.59 9482.44 1466.83
9399.29 5856.91 9495.87 1503.37
9413.59 5889.06 9511.33 1525.79
9426.72 5909.53 9523.88 1562.82
9441.31 5950.46 9538.76 1610.57
9454.73 5995.77 9553.05 1657.34
9468.73 6046.44 9567.06 1703.14
9482.74 6095.17 9580.48 1744.07
9497.03 6123.43 9593.9 1820.08
9512.5 6182.87 9608.48 1875.14
9524.75 6215.03 9622.49 1943.84
9539.63 6283.24 9636.49 2039.34
9553.93 6326.12 9651.08 2089.53
9566.76 6391.9 9663.91 2159.2
9581.35 6440.14 9679.37 2221.57
9595.06 6497.63 9692.79 2296.61
9609.36 6551.23 9706.79 2362.87
9623.65 6623.34 9721.09 2428.65
9636.78 6650.63 9735.09 2490.53
9651.66 6702.28 9748.51 2533.41
9665.37 6733.95 9762.8 2588.95
9678.5 6764.15 9777.09 2612.83
9693.67 6782.67 9791.1 2666.43
9707.38 6831.39 9805.39 2709.3
9721.09 6835.29 9819.1 2743.9
9734.8 6851.86 9833.39 2772.65
9749.67 6883.04 9847.98 2819.91
9763.39 6913.74 9861.69 2899.82
9777.39 6963.93 9875.4 2951.46
9791.97 6974.65 9889.98 3014.81
9806.26 7025.81 9903.4 3077.66
9819.97 7041.89 9917.98 3150.75
9833.1 7086.71 9931.11 3207.76
9847.69 7138.85 9946.27 3277.92
9860.52 7175.39 9959.4 3359.78
9875.1 7228.5 9973.69 3429.94
9889.98 7285.99 9987.69 3492.31
9903.69 7343.98 10002.3 3543.47
9917.98 7395.14 10016.6 3585.86
9931.69 7424.37 10030 3642.38
9946.56 7504.77 10044 3715.46
9958.81 7550.08 10058 3709.62
9973.4 7588.09 10071.7 3782.7
9988.56 7659.22 10086.9 3838.74
10001.1 7677.25 10100.8 3884.05
10016.3 7754.72 10114.9 3922.06
10029.1 7780.06 10129.1 3958.6
10044.3 7817.09 10142.6 4028.76
10057.7 7839.5 10156.3 4073.1
10072 7877.02 10170.3 4126.21
10086 7893.1 10185.1 4205.63
10099.7 7920.39 10199.1 4266.54
10113.7 7948.65 10212.6 4317.21
10127.7 7983.24 10226.3 4355.22
10142 7995.42 10240.3 4419.53
10155.7 8013.45 10255.4 4471.67
10170.3 8047.56 10268.8 4511.62
10183.7 8097.74 10284.3 4557.42
10197.7 8110.41 10296.8 4606.15
10212.3 8157.19 10311.7 4643.18
10225.7 8200.07 10325.4 4682.65
10240 8251.23 10339.1 4735.27
10254 8304.34 10353.7 4785.45
10267.4 8396.91 10367.7 4850.74
10282.6 8476.33 10382 4898.01
10296 8542.11 10396.6 4947.22
10309.7 8600.58 10409.4 5002.28
10323.7 8669.28 10424.3 5082.67
10336.8 8749.68 10436.8 5159.17
10352 8818.38 10450.5 5224.95
10366.3 8893.9 10465.4 5299.5
10379.7 8936.78 10480.6 5375.51
10394.5 8988.91 10494 5427.64
10407.7 8997.2 10508.3 5482.7
10422.3 8988.43 10522 5538.73
10435.7 8878.8 10535.4 5586.48
10449.7 8862.23 10550.3 5608.9
10464 8827.64 10565.5 5642.52
10477.7 8838.84 10579.1 5706.83
10492.2 8870.51 10592.9 5705.86
10505.7 8901.7 10606.3 5746.3
10520.2 8907.06 10620.6 5764.33
10534 8927.52 10634.9 5786.74
10548.5 8955.3 10649.2 5822.31
10562.2 8940.68 10662.9 5877.37
10575.6 8982.58 10676.3 5926.58
10589.9 9004.02 10691.7 5986.51
10603.6 9055.18 10704.3 6063.98
10618.2 9104.88 10718.6 6102.48
10632.8 9153.12 10733.4 6171.18
10646.2 9211.59 10746.6 6271.06
10660.2 9236.92 10761.4 6338.79
10675.1 9249.1 10776 6407
10688.2 9272 10789.4 6485.45
10701.9 9317.81 10803.1 6551.23
10716.5 9361.17 10817.1 6599.47
10731.7 9410.38 10832.3 6698.86
10743.4 9496.62 10845.4 6744.18
10757.6 9560.45 10860 6808.5
10771.9 9602.84 10872.9 6849.91
10786.2 9668.13 10888 6888.89
10800.2 9725.14 10902 6936.15
10813.9 9779.71 10916 6964.41
10828.8 9817.23 10929.7 7006.32
10841.9 9859.62 10944.3 7037.99
10856.8 9881.55 10958.9 7086.71
10870.5 9920.04 10971.8 7095.48
10884.2 9930.76 10986.9 7139.33
10898.5 9979.48 11000.6 7168.57
10912.2 10022.4 11013.8 7188.06
10927.1 10050.1 11028.3 7211.93
10940.2 10086.7 11042.3 7280.15
10954 10131 11056.6 7282.58
10968.5 10183.6 11071.2 7322.54
10982.5 10230.9 11084.4 7353.23
10996.8 10275.2 11098.9 7384.9
11009.7 10346.4 11112.6 7443.37
11024 10383.9 11127.2 7492.59
11037.1 10441.9 11141.2 7549.11
11052.8 10521.3 11155.5 7595.39
11066.8 10600.7 11169 7648.02
11081.4 10661.1 11183.3 7713.8
11094.6 10761 11197 7765.93
11108 10811.7 11210.7 7821.48
11122.3 10899.9 11225.5 7907.23
11136 10927.7 11239.6 7962.78
11150.3 10993.4 11253.6 8035.38
11164.6 10970.1 11267 8089.46
11178.3 11006.1 11281.9 8124.54
11192.9 11029 11296.5 8166.45
11207.5 10979.3 11309 8202.01
11220.9 10958.8 11323.6 8227.84
11235.2 10958.4 11337.9 8231.25
11248 10999.3 11351.9 8247.81
11262.6 11047.5 11366.8 8264.87
11276 11021.2 11379.6 8288.26
11290.9 11069 11393.6 8288.74
11304.9 11100.1 11408.2 8295.08
11318.3 11138.6 11422.5 8307.26
11332.3 11170.8 11437.1 8323.34
11346 11224.9 11450.5 8320.42
11361.5 11280.9 11465.1 8351.11
11374.4 11327.7 11479.1 8402.27
11388.1 11370.6 11491.4 8416.89
11402.4 11455.3 11507.1 8475.85
11416.1 11510.4 11521.1 8509.95
11431.3 11591.3 11534.9 8570.37
11445 11655.6 11548 8623.97
11459.6 11754 11562.9 8693.16
11473.3 11813 11578.4 8738.96
11486.1 11882.2 11590.9 8804.74
11501 11937.7 11605.2 8887.08
11513.9 12001.5 11619.2 8905.6
11529 12062.9 11633.5 8960.17
11543.3 12102.9 11647.8 8985.99
11556.8 11788.1 11661.8 9014.25
11569.9 11544 11676.1 9029.84
11584.8 11410 11689.3 9069.31
11597.6 11370.6 11704.4 9084.9
11612.5 11336.9 11717.3 9098.06
11626.5 11374.5 11732.5 9099.03
11640.5 11408.1 11746.2 9116.09
11655.4 11480.7 11760.5 9111.7
11668.3 11540.1 11774.8 9118.03
11682.6 11610.3 11788.2 9113.16
11696.6 11667.3 11802.8 9121.45
11709.7 11722.4 11816.3 9116.09
11725.2 11737.5 11830.9 9112.67
11738.9 11793.5 11845.2 9139.96
11753.2 11871.5 11858.6 9170.17
11767.5 11906.5 11873.8 9181.38
11779.8 11923.1 11886.3 9210.12
11795.8 11861.2 11901.2 9244.72
11808.7 11855.9 11914.9 9274.44
11821.5 11909 11928.7 9320.73
11836.4 11967.9 11943.5 9381.15
11851.3 12044.4 11957.6 9443.51
11864.7 12115.1 11972.2 9498.09
11878.1 12203.8 11985.3 9548.76
11893 12270.5 11999.9 9587.25
11906.5 12330.4 12014.2 9639.39
11920.5 12363.6 12028.5 9682.75
11935.1 12152.6 12042.6 9740.73
11950 12133.1 12056 9764.12
11963.1 12241.8 12071.2 10670.9
11977.1 12263.7 12085.2 10863.3
11991.4 12349.4 12098.3 10930.1
12005.5 12412.8 12112.6 10988.6
12018 12468.8 12127.3 11024.1
12033.2 12497.1 12140.4 11014.4
12045.8 12535.6 12155 11021.7
12060.7 12520 12169 11022.2
12074.7 12518 12183.6 11006.6
12088.7 12575.5 12196.8 10988.1
12102.7 12619.9 12211.4 11001.2
12116.1 12678.8 12225.1 10988.6
12130.8 12737.3 12240 10983.7
12144.5 12782.6 12253.7 11037.8
12158.2 12753.4 12267.2 11028
12172.5 12781.6 12282.4 11064.1
12187.1 12818.7 12295.5 11131.3
12200.3 12865.9 12310.7 11145.5
12215.2 12912.7 12325 11197.1
12228.6 12982.9 12338.7 11260
12242.9 13057.4 12352.8 11348.2
12255.8 13132.9 12366.8 11408.1
12271.3 13176.8 12381.7 11463.6
12285 13168.5 12395.4 11526
12299.3 13192.4 12408.6 11604.9
12313.3 13258.2 12423.5 11691.7
12326.2 13300.5 12437.2 11743.8
12341.1 13329.3 12451 11781.3
12354.2 13413.6 12465.6 11824.2
12369.1 13444.3 12480.2 11852.5
12382.6 13500.8 12492.5 11886.6
12396.9 13573.9 12507.6 11863.7
12410.3 13610.4 12522.6 11885.1
12424.4 13668.4 12536.3 11876.3
12439 13721.5 12551.2 11892.9
12452.7 13754.2 12563.8 11897.8
12466.7 13829.7 12578.4 11908
12480.8 13855.5 12592.7 11907.5
12495.1 13913 12606.1 11911.4
12508.2 13960.8 12622.2 11926
12522.6 13972 12635.4 11941.6
12537.4 14012.9 12649.4 11980.1
12550.6 14073.8 12663.1 12029.8
12565.5 14088.4 12677.2 12067.8
12579 14126.9 12691.8 12100
12592.4 14182.5 12705.8 12119.5
12607.6 14215.1 12721 12186.7
12621 14285.8 12734.2 12260.3
12634.8 14320.8 12748.2 12307.5
12648.5 14364.7 12762.5 12382.1
12662.8 14327.7 12777.7 12441
12676.9 14014.4 12790.9 12491.7
12689.5 13657.2 12805.5 12574.1
12704.9 13592.9 12819.8 12649.1
12718.7 13625 12833.9 12718.3
12732.4 13672.3 12848.5 12767
12745.9 13773.2 12862.8 12782.6
12760.5 13814.6 12876.6 12843
12774.8 13842.8 12891.8 12861
12788.9 13886.7 12906.4 12942.4
12802.9 13928.6 12921.6 12968.7
12816.6 13998.3 12935.4 13004.3
12830.1 13919.8 12949.4 12988.7
12844.7 13792.7 12963.7 13001.4
12859.3 13693.7 12976.6 13034
12873.4 13581.2 12987.7 13079.3
12886.8 13492 12995 13112.5
12900.3 13450.1 12994.4 13126.1
12914.6 13408.7 12984.2 13113
12927.2 13328.8 12970.7 13147.5
12942.1 13283.5 12956.4 13227.9
