6013.91 -662.917 6042.41 -680.945
6013.03 -615.167 6055.92 -670.226
6007.74 -628.323 6070.91 -674.611
6005.69 -611.269 6083.83 -684.843
6010.39 -622.476 6098.23 -681.92
6020.38 -624.425 6112.33 -676.073
6030.66 -617.116 6125.25 -651.71
6043 -608.346 6139.64 -661.455
6055.63 -633.195 6154.62 -652.685
6070.32 -622.476 6168.13 -659.994
6085.59 -634.657 6181.94 -675.585
6098.23 -616.629 6196.33 -690.69
6112.91 -626.374 6210.13 -668.277
6126.43 -612.244 6223.64 -671.687
6141.11 -603.96 6238.03 -671.2
6155.21 -609.32 6251.54 -691.664
6169.6 -609.32 6266.52 -688.254
6183.7 -618.09 6279.73 -686.792
6197.5 -629.784 6293.83 -678.996
6211.9 -628.323 6308.8 -678.996
6226.28 -630.759 6322.6 -681.92
6239.21 -628.323 6336.7 -684.843
6253.89 -635.631 6349.91 -680.458
6268.28 -627.835 6364.88 -681.92
6282.96 -632.708 6378.68 -682.407
6296.47 -622.963 6391.89 -694.101
6311.45 -619.065 6406.87 -681.432
6324.66 -617.116 6420.66 -677.047
6338.17 -625.886 6435.64 -697.511
6353.14 -633.195 6448.55 -679.483
6366.65 -622.476 6462.64 -679.971
6382.21 -643.427 6477.32 -691.177
6395.71 -635.144 6490.53 -675.098
6409.51 -623.937 6504.62 -680.945
6423.31 -624.912 6518.71 -683.869
6437.4 -634.17 6532.5 -678.509
6451.78 -637.093 6547.18 -671.687
6465.87 -629.784 6561.85 -690.203
6479.96 -624.425 6575.06 -683.869
6493.46 -634.17 6587.97 -671.687
6508.73 -635.144 6603.52 -686.792
6521.94 -624.912 6617.61 -672.662
6536.02 -636.119 6630.52 -678.509
6550.4 -628.81 6645.19 -672.175
6564.2 -629.297 6658.69 -673.636
6579.16 -638.068 6673.36 -679.483
6592.37 -643.914 6687.15 -662.917
6606.46 -623.45 6701.82 -676.073
6620.54 -578.136 6715.61 -683.381
6634.33 -521.616 6728.81 -678.996
6649 -468.994 6743.77 -687.279
6662.8 -436.348 6756.68 -685.33
6676.88 -385.675 6771.64 -680.945
6690.96 -323.307 6785.13 -684.356
6704.16 -271.659 6799.51 -687.279
6719.13 -232.193 6813 -682.894
6733.21 -172.262 6826.49 -680.458
6747.29 -153.259 6841.45 -675.098
6761.96 -136.693 6855.23 -692.639
6774.57 -96.7386 6869.9 -676.56
6788.94 -81.1467 6883.97 -674.124
6803.61 -93.3279 6898.05 -685.33
6817.98 -76.7615 6911.54 -675.585
6831.48 -58.7335 6925.32 -682.894
6846.43 -51.4248 6940.86 -667.789
6860.22 -33.3967 6953.76 -676.073
6874 -16.3432 6967.84 -681.432
6887.49 10.4553 6981.91 -684.356
6901.27 52.8456 6995.1 -688.254
6915.94 104.494 7010.35 -676.56
6929.43 155.167 7023.54 -675.098
6944.38 204.379 7038.79 -682.894
6959.34 276.491 7052.86 -693.613
6971.94 339.346 7066.93 -685.33
6986.31 393.917 7080.71 -671.2
7000.09 465.542 7093.61 -671.2
7014.16 532.782 7108.55 -688.254
7029.11 575.172 7122.91 -678.022
7042.31 599.047 7136.1 -679.971
7057.26 637.052 7150.76 -675.585
7069.86 686.751 7164.24 -681.432
7083.93 714.524 7178.6 -688.254
7098.29 711.113 7192.67 -675.585
7112.95 748.144 7206.73 -686.792
7126.14 782.251 7220.21 -687.767
7140.79 802.715 7234.86 -699.948
7155.15 838.284 7248.64 -683.381
7168.34 870.442 7262.99 -695.075
7182.41 907.473 7277.06 -670.713
7197.65 946.94 7290.53 -679.971
7210.54 974.226 7304.6 -687.279
7224.9 1012.72 7318.66 -693.126
7238.97 1043.41 7333.6 -690.69
7253.62 1072.16 7347.66 -692.639
7266.8 1092.63 7361.14 -685.817
7280.57 1108.7 7375.2 -699.46
7296.1 1159.38 7389.55 -695.562
7308.7 1206.15 7401.85 -702.871
7323.93 1240.26 7418.55 -697.024
7336.82 1253.42 7431.14 -675.585
7351.47 1296.78 7445.49 -696.537
7365.24 1312.86 7459.26 -684.356
7378.42 1372.3 7473.31 -705.307
7394.24 1387.41 7487.66 -696.537
7407.71 1449.78 7501.72 -700.435
7421.77 1478.52 7515.48 -697.999
7435.53 1526.27 7529.24 -698.486
7449.88 1568.66 7543.3 -697.024
7463.65 1617.88 7557.35 -696.537
7476.83 1665.63 7572.28 -700.922
7492.64 1719.22 7586.34 -706.282
7505.23 1777.2 7599.51 -692.152
7520.17 1842.98 7613.86 -694.101
7533.93 1903.89 7627.91 -704.82
7548.57 1972.1 7642.25 -698.486
7562.62 2012.54 7655.72 -708.718
7576.09 2031.55 7669.77 -702.871
7589.85 2051.04 7684.4 -708.718
7604.49 2099.27 7697.58 -696.537
7617.96 2130.46 7712.21 -699.46
7632.01 2168.46 7726.84 -705.795
7646.06 2185.03 7740.01 -712.129
7659.82 2212.31 7754.06 -709.205
7673.87 2256.65 7769.28 -707.744
7687.92 2288.32 7782.45 -708.231
7702.55 2327.3 7795.62 -704.333
7716.6 2364.33 7810.25 -709.692
7731.23 2423.78 7825.76 -706.769
7744.11 2464.71 7838.92 -710.18
7758.45 2494.43 7853.26 -711.641
7772.21 2571.41 7866.43 -729.182
7786.25 2604.55 7880.18 -695.075
7800.89 2669.35 7895.1 -700.922
7814.64 2703.94 7908.56 -719.925
7828.39 2726.36 7923.77 -700.922
7843.02 2759.49 7936.35 -717.001
7857.07 2795.55 7950.39 -708.231
7870.82 2825.76 7965.02 -709.205
7884.28 2864.74 7978.77 -703.846
7898.9 2893 7993.39 -697.511
7912.65 2927.59 8007.14 -721.386
7926.99 2964.13 8021.18 -717.976
7939.86 3004.57 8034.63 -711.154
7954.49 3026.5 8049.25 -720.412
7969.11 3074.25 8062.71 -713.59
7982.57 3136.62 8075.57 -697.024
7998.36 3206.78 8090.49 -697.024
8009.48 3278.41 8106.28 -716.514
8025.27 3337.85 8119.73 -712.616
8038.43 3410.45 8133.47 -708.718
8053.35 3467.94 8146.92 -716.514
8067.68 3520.57 8161.54 -713.59
8081.42 3569.78 8175.58 -701.897
8096.04 3587.32 8189.9 -709.205
8110.08 3517.16 8204.23 -705.795
8124.12 3518.62 8217.97 -704.82
8138.15 3516.18 8231.71 -698.973
8151.31 3544.44 8245.16 -715.539
8164.76 3554.67 8259.78 -701.897
8179.09 3540.06 8274.1 -705.307
8192.83 3538.59 8287.55 -710.667
8206.86 3516.67 8302.45 -719.925
8221.19 3541.52 8316.19 -721.874
8235.8 3561.98 8330.51 -736.004
8248.96 3581.96 8343.67 -724.797
8263.58 3606.81 8358.57 -731.131
8277.02 3628.74 8372.9 -731.131
8291.93 3672.1 8386.34 -715.539
8305.38 3719.85 8400.66 -719.925
8318.24 3786.11 8413.81 -693.613
8334.31 3845.56 8428.13 -683.869
8348.34 3920.59 8442.45 -666.328
8361.79 3974.19 8456.18 -658.532
8375.82 4029.25 8471.09 -634.17
8388.67 4084.31 8485.4 -633.195
8403.29 4140.83 8498.55 -606.884
8417.9 4196.38 8512.87 -598.113
8432.8 4253.87 8526.6 -601.037
8445.08 4299.18 8540.63 -560.108
8459.98 4346.93 8554.65 -534.284
8474.3 4408.33 8569.26 -514.795
8486.86 4449.74 8582.69 -491.407
8501.47 4485.31 8597.01 -452.427
8516.08 4504.31 8611.03 -428.065
8530.69 4540.37 8624.47 -396.881
8544.42 4590.56 8639.37 -359.364
8557.28 4631.48 8653.1 -352.055
8571.89 4665.59 8667.41 -333.052
8585.32 4686.54 8681.14 -288.713
8600.22 4735.76 8695.16 -256.068
8614.54 4728.45 8709.18 -206.369
8628.85 4776.68 8723.78 -168.364
8642.58 4818.1 8738.09 -133.282
8655.73 4806.41 8750.65 -99.1748
8670.33 4805.92 8766.13 -62.6314
8684.06 4843.44 8778.69 -59.2207
8698.08 4851.23 8792.41 -46.5524
8711.81 4900.93 8807.31 -3.67481
8726.12 4940.89 8822.2 39.69
8741.02 4969.63 8836.22 89.8762
8754.45 5012.02 8849.36 167.348
8768.76 5063.67 8864.84 185.863
8781.61 5127.01 8877.98 221.92
8796.5 5189.38 8892.28 237.511
8810.52 5242.49 8906.3 275.516
8824.54 5291.21 8918.85 350.065
8838.26 5373.07 8934.33 406.585
8852.57 5426.67 8948.64 397.328
8866.59 5473.93 8962.65 424.126
8880.31 5487.09 8975.79 445.565
8894.04 5439.82 8990.39 457.746
8908.93 5489.04 9004.98 499.162
8921.19 5528.02 9017.83 533.756
8936.37 5594.28 9033.01 583.455
8950.97 5601.1 9046.73 625.845
8964.69 5640.08 9060.16 670.672
8977.83 5668.34 9074.46 702.83
8992.43 5691.24 9087.89 721.345
9006.44 5705.86 9103.65 678.468
9020.75 5727.3 9116.5 707.215
9034.76 5754.1 9130.8 728.654
9048.19 5775.54 9145.39 733.039
9062.49 5798.44 9159.11 829.027
9076.79 5873.96 9173.41 912.345
9089.93 5902.71 9186.84 977.149
9105.11 5959.71 9201.14 1055.6
9118.54 6008.44 9215.44 1055.6
9132.55 6061.55 9230.03 1014.18
9146.27 6098.09 9243.16 1014.67
9160.57 6149.25 9257.76 1054.13
9175.16 6212.11 9271.47 1099.93
9188.88 6250.6 9285.77 1129.66
9202.89 6313.45 9299.78 1170.59
9216.61 6330.02 9313.2 1200.31
9230.91 6341.23 9326.34 1209.56
9244.92 6389.46 9340.64 1250.98
9258.05 6424.06 9354.64 1279.24
9273.22 6490.81 9369.82 1268.03
9286.36 6515.66 9383.53 1309.94
9300.66 6541.49 9397.54 1346.48
9314.95 6580.46 9412.42 1372.79
9328.96 6609.21 9425.55 1441.49
9344.14 6669.63 9440.72 1471.7
9359.02 6704.22 9453.85 1510.68
9372.44 6760.26 9467.57 1552.1
9386.16 6719.82 9482.15 1535.04
9399.29 6761.72 9496.45 1531.63
9413 6739.31 9509.58 1538.45
9425.55 6602.39 9524.17 1579.38
9440.14 6674.02 9538.76 1651.01
9454.14 6701.79 9552.47 1724.58
9469.32 6758.31 9566.18 1780.62
9483.9 6800.7 9580.48 1864.91
9497.03 6821.16 9594.19 1914.61
9511.33 6886.45 9609.36 1972.59
9525.04 6920.56 9621.9 2032.52
9539.34 6960.51 9637.07 2081.73
9553.05 7001.44 9650.78 2148.49
9567.06 7055.53 9663.62 2212.31
9581.35 7099.38 9678.79 2273.22
9594.77 7144.69 9692.79 2321.94
9609.94 7175.39 9707.08 2386.26
9622.78 7252.86 9720.8 2410.62
9637.07 7304.51 9735.38 2479.81
9651.66 7352.26 9748.8 2519.77
9664.79 7425.35 9762.51 2545.59
9679.96 7468.71 9777.68 2596.26
9693.67 7511.59 9791.1 2616.73
9706.79 7560.8 9805.68 2643.53
9721.96 7566.65 9817.93 2670.81
9735.67 7601.73 9833.39 2690.79
9750.55 7618.3 9847.39 2733.18
9763.09 7596.86 9861.69 2762.9
9777.97 7633.4 9876.27 2803.83
9791.97 7605.63 9888.81 2860.84
9805.97 7610.01 9903.1 2921.26
9819.97 7644.12 9917.4 3009.45
9832.22 7671.89 9931.4 3093.25
9847.98 7707.95 9946.85 3175.11
9861.4 7750.83 9960.27 3274.51
9875.69 7809.3 9974.57 3385.6
9889.98 7843.89 9987.69 3450.4
9903.1 7904.31 10002 3513.75
9917.69 7957.42 10016.3 3614.12
9930.81 7974.96 10030 3700.85
9946.56 8031.48 10044.3 3766.14
9960.27 8064.12 10057.4 3832.4
9973.11 8062.18 10072.6 3867.97
9988.27 8025.63 10086.9 3917.67
10002 8030.51 10100.6 3955.19
10015.7 8065.1 10114.3 3999.04
10029.7 8130.39 10128 4030.71
10044.3 8150.85 10142.8 4089.67
10058.3 8184.47 10156.3 4105.75
10071.7 8257.56 10171.4 4136.44
10086 8262.43 10185.1 4189.55
10099.4 8276.08 10198.3 4236.33
10114.9 8332.11 10212.8 4314.78
10128 8367.68 10226.8 4359.12
10142.8 8410.07 10241.4 4410.28
10156 8461.23 10255.4 4462.9
10169.1 8512.39 10268.5 4538.42
10184.3 8583.04 10283.1 4605.17
10197.4 8655.15 10297.1 4651.46
10211.7 8727.75 10311.4 4732.34
10226.3 8771.12 10324.8 4788.86
10239.1 8842.74 10339.7 4849.28
10253.7 8883.18 10353.4 4916.52
10267.7 8937.27 10367.7 4948.19
10282.8 9006.94 10382.6 5016.41
10296 9051.77 10394.8 5049.54
10309.7 9098.55 10410 5113.37
10324.8 9114.14 10424 5187.92
10337.7 9074.67 10438.3 5251.75
10351.4 9045.44 10452 5321.91
10365.4 9080.03 10466 5385.74
10380 9091.24 10480.3 5458.34
10394.8 9096.6 10493.7 5517.78
10407.4 9089.77 10507.4 5581.61
10422.5 9103.91 10522.6 5660.55
10435.7 9150.19 10536.6 5722.91
10449.7 9211.59 10550.3 5769.69
10463.4 9277.36 10563.7 5815.98
10478 9345.09 10578 5845.7
10492.5 9396.25 10593.1 5878.34
10505.7 9406.97 10606.6 5912.94
10520.2 9451.31 10620.3 5944.61
10533.1 9463.98 10634 5978.23
10548.5 9534.63 10648.9 6007.95
10562.2 9588.71 10662.3 6062.52
10575.6 9601.87 10676.6 6072.75
10590.5 9648.16 10690.9 6126.84
10603.6 9648.16 10705.7 6181.9
10617.4 9689.57 10719.4 6233.06
10632.8 9723.68 10732.3 6282.76
10646.5 9768.51 10747.4 6337.82
10661.1 9794.82 10761.4 6409.44
10673.9 9831.36 10774.6 6489.84
10688.5 9835.26 10789.4 6567.8
10701.9 9902.01 10803.1 6627.73
10716.2 9961.46 10817.7 6695.45
10729.9 10019.9 10831.7 6751
10743.9 10114 10845.1 6778.77
10758.5 10176.3 10860 6836.27
10772.8 10233.8 10873.2 6883.04
10786.2 10311.3 10888 6910.33
10800.8 10390.7 10901.5 6934.69
10813.9 10446.8 10916.6 6944.44
10828.2 10483.8 10930.6 6965.87
10842.5 10531.5 10943.5 6999.49
10856.8 10565.2 10958.9 7007.29
10870.5 10577.3 10972 7021.91
10884.8 10597.3 10986.6 7065.76
10898.2 10623.6 11000.6 7085.74
10911.9 10598.8 11014.9 7122.77
10927.7 10477.4 11028 7163.7
10939.1 10450.2 11042.9 7209.01
10954 10451.6 11056.6 7272.84
10968.8 10472.6 11070.6 7319.61
10982.5 10526.2 11084.9 7367.36
10996.3 10390.2 11099.5 7419.5
11010.5 9917.6 11112.3 7476.51
11024.8 9994.59 11127.2 7524.26
11037.7 10014.1 11140.9 7571.03
11052 10082.8 11154.9 7607.58
11066.3 10090.1 11169 7651.91
11080.3 10156.4 11183.5 7696.74
11094.6 10210 11197.8 7717.69
11108 10269.9 11211 7732.8
11122.6 10325.4 11225.3 7798.09
11136.3 10334.2 11239.3 7804.91
11150 10365.9 11253.3 7848.76
11165.5 10401.4 11268.4 7878.97
11177.1 10449.2 11281.6 7905.77
11194 10516.4 11296.5 7938.42
11206.9 10564.2 11309.6 7981.29
11220.9 10665 11323.9 8015.89
11233.7 10714.2 11337.3 8043.17
11248 10815.6 11351.3 8070.46
11263.2 10878.9 11366.2 8105.54
11276 10957.9 11380.2 8099.69
11290.3 11034.9 11394.2 8126
11304.3 11114.8 11407.9 8151.34
11318.6 11172.3 11422.5 8182.52
11332.6 11219 11436.8 8192.27
11347.5 11308.7 11450.8 8211.76
11361.5 11323.3 11464.8 8206.89
11374.4 11349.1 11478.8 8231.25
11388.4 11376.4 11492.5 8262.43
11402.7 11386.6 11507.4 8302.39
11415.5 11430 11521.4 8350.62
11431.3 11448.5 11535.1 8395.45
11445 11464.1 11548.6 8457.33
11458.7 11505 11564.3 8497.28
11472.4 11482.6 11577.5 8546.5
11486.4 11538.2 11590.9 8615.69
11501.3 11574.7 11605.2 8698.52
11514.4 11598.1 11619.2 8755.04
11528.4 11655.1 11633.8 8820.33
11542.2 11710.2 11647.5 8874.41
11556.5 11752.6 11661.5 8897.8
11570.5 11798.9 11676.1 8946.04
11583.9 11803.2 11690.4 8958.71
11599.4 11844.2 11704.4 8979.66
11611.6 11844.7 11718.2 8985.5
11626.8 11684.4 11732.5 9009.87
11640.5 11608.8 11745.9 9011.82
11654.5 11659 11760.8 9027.41
11669.1 11647.3 11775.4 9032.28
11682.3 11701.4 11788.2 9054.69
11697.4 11735 11801.9 9062.98
11710.9 11605.4 11815.7 9075.64
11724.3 11353 11831.4 9105.85
11738.9 11268.2 11844.6 9171.14
11752.9 11252.7 11858.9 9190.15
11766.6 11265.3 11873.5 9257.87
11780.9 11302.4 11886.9 9318.29
11795.2 11340.4 11900.9 9358.73
11808.7 11389.6 11914.1 9430.36
11822.1 11451.9 11929.5 9491.26
11836.4 11497.3 11943 9548.76
11850.7 11560.6 11956.7 9600.41
11864.7 11623.9 11971.3 9645.23
11878.7 11678 11985.9 9689.57
11893 11751.6 11999.9 9734.89
11906.2 11778.4 12014.5 9797.74
11920.2 11816.9 12028.8 9826.49
11935.1 11851.5 12043.1 9850.36
11949.7 11896.8 12056.6 9876.19
11963.1 11948 12070.6 9918.09
11977.4 11985.5 12085.2 9947.33
11990.6 12034.7 12097.8 9973.64
12005.8 12081 12113.5 10021.4
12018 12160.9 12127.3 10066.7
12032.6 12215.9 12140.7 10072.1
12046 12284.6 12154.4 10112
12060.1 12349.4 12169.3 10154.9
12075 12400.1 12182.7 10187.1
12089 12493.7 12198.2 10219.2
12103 12569.2 12212 10226.5
12115.9 12653.5 12225.1 10265
12131 12736.8 12239.4 10280.1
12144.5 12826.5 12253.7 10286.9
12157.6 12887.4 12268 10297.2
12173.1 12964.3 12282.6 10308.4
12186.5 13013.1 12296.1 10331.3
12201.7 13074 12310.4 10363.9
12214.6 13104.2 12323.5 10376.6
12228.9 13112.5 12338.7 10406.8
12242.9 13157.3 12352.5 10467.2
12256.1 13208 12366.2 10508.1
12271.3 13226 12380.8 10602.7
12285 13223.6 12394.8 10632.4
12299 12625.2 12408.6 10706
12313.3 12685.6 12422 10743.5
12327.1 12735.8 12437.2 10810.2
12341.4 12781.1 12451.2 10885.3
12354.8 12829.9 12465.9 10957.4
12368.8 12884.9 12479.9 11028
12382.3 12951.2 12493.9 11073.3
12396.9 11903.6 12508.5 11095.8
12410.3 12056.6 12522.3 11112.8
12424.1 12156.5 12536.6 11136.7
12439 12233 12550.9 11135.7
12453.3 12314.4 12564 11148.9
12467.6 12383.1 12578.1 11171.3
12481 12426.4 12592.4 11165
12494.2 12484.9 12607.3 11155.7
12509.7 12496.1 12621.6 11154.2
12522.8 12575 12634.5 11181
12536.9 12637.4 12649.4 11188.3
12551.2 12720.7 12662.8 11222.9
12564.3 12829.9 12678.6 11269.7
12579 12925.4 12692.1 11294.6
12593 13006.7 12705.8 11375.4
12607.6 13100.8 12720.7 11444.6
12620.8 13158.3 12733.9 11511.4
12635.1 13223.1 12748.8 11561.1
12648.5 13305.4 12763.1 11611.3
12662.8 13368.8 12776.6 11642
12676.6 13392.1 12791.5 11701.4
12690.3 13433.6 12805.5 11750.1
12704.4 13488.6 12819.8 11795.4
12718.7 13514.9 12833.6 11861.2
12733.3 13575.8 12848.8 11883.6
12746.4 13575.8 12862.5 11904.1
12760.8 13587 12877.7 11960.1
12774.2 13619.7 12891.8 12011.8
12787.7 13634.8 12905.8 12067.3
12803.8 13612.4 12920.7 12111.2
12816.6 13594.8 12935.6 12120.9
12831.2 13486.7 12950.3 12152.1
12845 13326.9 12963.7 12199.4
12858.7 13227.9 12977.2 12233.5
12872.5 13110.5 12987.7 12307.5
12886.8 13047.7 12995 12311.9
12900.6 12983.8 12995 12306.1
12915.5 12574.5 12985.1 12307.1
12928.3 12316.3 12969.9 12292.9
12942.9 12309.5 12956.4 12319.2
