6013.91 -642.94 6041.82 -684.843
6012.74 -692.639 6055.63 -669.251
6007.45 -690.203 6070.32 -685.817
6005.98 -691.177 6084.71 -690.203
6010.98 -698.486 6097.64 -679.483
6019.2 -690.203 6112.03 -681.92
6030.95 -687.279 6125.84 -683.381
6043.59 -687.767 6139.06 -664.379
6056.22 -712.616 6153.45 -645.376
6070.61 -705.795 6168.13 -665.84
6084.42 -698.486 6182.82 -682.407
6098.52 -704.333 6196.03 -683.381
6111.74 -701.409 6210.72 -694.588
6127.01 -712.616 6223.94 -683.869
6140.82 -692.152 6238.03 -699.948
6155.5 -684.843 6253.01 -681.432
6169.6 -710.667 6266.22 -690.203
6183.41 -709.692 6280.03 -690.69
6198.09 -704.82 6294.12 -683.869
6212.19 -713.103 6308.51 -695.562
6225.41 -717.488 6322.9 -682.894
6240.38 -702.871 6336.7 -675.585
6253.89 -719.437 6349.62 -672.662
6268.57 -717.001 6364 -693.613
6282.08 -713.59 6378.68 -674.124
6296.76 -713.103 6392.19 -700.922
6311.45 -725.284 6406.87 -695.075
6325.54 -724.797 6420.96 -682.407
6339.63 -733.568 6434.76 -695.075
6353.14 -740.876 6448.55 -679.483
6366.35 -719.437 6462.64 -694.588
6382.5 -729.67 6477.03 -692.639
6395.42 -726.259 6490.82 -677.047
6410.1 -724.31 6504.32 -690.69
6422.72 -735.516 6519 -682.894
6436.81 -716.027 6532.8 -670.713
6451.49 -720.412 6547.18 -678.509
6466.17 -733.568 6560.68 -685.817
6480.84 -728.695 6575.06 -697.999
6493.76 -727.721 6589.44 -688.254
6508.14 -722.848 6602.94 -690.69
6521.94 -727.233 6617.02 -690.69
6535.73 -725.772 6631.1 -687.279
6550.11 -723.823 6644.9 -680.458
6564.78 -728.208 6659.27 -692.152
6578.58 -722.848 6672.18 -685.817
6592.96 -714.565 6688.32 -712.616
6606.46 -683.381 6700.64 -691.664
6620.54 -617.116 6715.9 -700.922
6634.63 -566.93 6728.81 -700.922
6649.59 -527.95 6743.77 -691.664
6662.21 -515.282 6757.26 -697.024
6677.47 -468.994 6771.93 -694.101
6690.67 -414.422 6785.72 -686.792
6704.75 -354.491 6799.8 -707.256
6719.13 -313.563 6813.29 -697.024
6732.91 -272.147 6827.08 -685.817
6747.29 -239.989 6842.33 -707.744
6761.66 -186.392 6855.82 -675.585
6776.04 -139.616 6869.6 -692.152
6789.83 -115.741 6883.68 -698.973
6802.73 -71.4018 6898.05 -691.177
6817.69 -40.2182 6912.42 -687.279
6831.18 -5.62379 6925.03 -691.664
6845.55 64.0522 6939.4 -683.869
6859.63 87.44 6954.35 -693.613
6874.3 117.162 6967.84 -691.664
6888.37 169.784 6982.21 -677.047
6901.57 197.557 6996.28 -689.715
6916.23 207.789 7009.47 -687.767
6929.72 260.412 7023.84 -690.69
6944.38 313.522 7039.08 -694.101
6958.75 353.476 7053.15 -690.203
6972.82 394.891 7066.34 -684.843
6986.6 434.846 7080.71 -703.358
7000.38 461.644 7094.19 -707.744
7014.16 512.805 7108.85 -708.718
7027.94 541.065 7122.33 -697.511
7042.6 583.942 7136.1 -697.024
7056.08 624.384 7150.47 -697.999
7071.33 644.361 7163.95 -701.897
7084.52 671.159 7179.19 -707.744
7098 679.442 7192.37 -686.305
7112.66 706.241 7205.85 -690.69
7126.43 723.294 7220.8 -700.435
7140.79 742.297 7234.28 -695.562
7155.45 767.634 7248.64 -707.744
7168.34 783.226 7262.99 -716.514
7182.7 801.741 7277.06 -695.075
7197.36 831.95 7291.12 -691.664
7210.84 875.315 7304.89 -706.282
7225.19 923.552 7318.95 -696.05
7238.97 1003.95 7333.31 -697.511
7253.62 1036.59 7347.66 -694.588
7267.1 1081.42 7361.72 -689.715
7282.33 1162.3 7375.49 -685.33
7295.52 1237.82 7388.08 -686.792
7308.4 1281.19 7401.85 -708.231
7323.64 1339.66 7417.96 -707.744
7337.41 1413.23 7432.02 -709.205
7351.76 1452.7 7444.61 -696.05
7365.53 1493.63 7459.55 -692.639
7378.42 1507.27 7473.61 -704.82
7394.24 1556.97 7487.66 -706.769
7407.42 1576.46 7501.72 -687.279
7422.06 1585.72 7515.48 -690.203
7435.53 1596.44 7528.95 -697.511
7449.59 1616.41 7543.88 -700.435
7463.06 1628.6 7557.65 -687.767
7477.71 1643.21 7572.28 -711.641
7492.35 1664.16 7586.34 -717.976
7506.11 1670.99 7599.51 -697.511
7519.58 1700.22 7614.44 -696.05
7534.22 1762.1 7628.2 -704.333
7547.98 1781.1 7641.67 -693.613
7561.74 1821.06 7656.3 -699.46
7576.09 1876.6 7670.06 -702.871
7591.02 1928.25 7684.4 -693.613
7603.32 1952.61 7697.87 -702.871
7618.25 2020.83 7712.21 -703.846
7632.01 2071.5 7726.84 -701.409
7645.77 2126.07 7739.43 -708.231
7660.7 2182.59 7754.06 -706.282
7674.45 2247.4 7768.4 -699.46
7688.5 2297.09 7782.16 -704.82
7701.67 2332.66 7796.2 -685.817
7717.19 2406.24 7810.54 -697.999
7730.36 2439.37 7825.47 -703.846
7744.7 2478.84 7837.75 -705.795
7759.33 2529.02 7852.97 -697.999
7772.21 2585.06 7868.18 -695.075
7786.84 2606.98 7880.18 -697.999
7800.59 2661.55 7895.69 -711.154
7814.05 2718.07 7908.85 -690.69
7828.98 2724.9 7923.19 -694.101
7842.73 2776.54 7936.35 -712.616
7857.07 2806.27 7950.98 -691.664
7870.23 2813.57 7965.6 -711.641
7884.57 2848.17 7978.77 -710.667
7899.2 2851.09 7992.8 -718.463
7912.36 2893.48 8007.72 -704.333
7926.4 2895.43 8021.76 -717.488
7941.03 2912.49 8034.63 -703.358
7955.07 2939.28 8048.38 -715.539
7968.82 2946.59 8062.71 -707.744
7982.86 2991.42 8076.45 -707.256
7997.48 3045.02 8091.07 -694.588
8010.94 3094.23 8105.11 -715.539
8025.85 3130.28 8119.14 -707.744
8039.02 3191.19 8134.35 -709.205
8053.35 3254.04 8147.8 -716.514
8066.8 3324.21 8161.25 -715.539
8081.71 3395.34 8175.87 -699.948
8096.34 3476.71 8189.61 -704.82
8109.5 3547.85 8203.65 -710.667
8124.12 3603.4 8217.68 -705.795
8137.86 3664.79 8232.59 -717.488
8151.02 3708.64 8245.16 -693.613
8165.64 3741.29 8259.78 -447.068
8179.38 3755.42 8273.81 -1799.66
8193.71 3772.47 8287.84 -1772.37
8206.86 3804.14 8302.75 -1720.73
8220.6 3810.48 8315.9 -1698.31
8235.8 3838.74 8330.22 -1657.38
8248.67 3860.66 8343.38 -1738.27
8264.16 3868.46 8358.28 -1706.6
8278.19 3877.72 8372.6 -1649.59
8291.64 3893.31 8386.34 -1591.61
8305.67 3912.8 8400.37 -1533.14
8319.99 3955.19 8414.1 -1454.69
8334.31 3985.4 8427.84 -1399.14
8348.05 4036.07 8442.74 -1353.34
8361.79 4092.59 8457.06 -1313.39
8375.52 4125.73 8471.09 -1248.1
8388.38 4173.96 8484.23 -1213.99
8403 4219.28 8498.55 -1187.68
8417.9 4288.95 8513.16 -1178.91
8432.22 4349.86 8527.18 -1141.88
8445.37 4391.76 8540.33 -1117.03
8459.69 4450.72 8554.36 -1083.9
8474.01 4480.93 8569.55 -1045.89
8488.03 4538.42 8582.4 -1018.12
8501.47 4582.76 8597.01 -1003.99
8515.5 4635.87 8611.03 -934.312
8531.28 4636.84 8625.05 -900.692
8544.13 4659.26 8639.66 -834.914
8557.57 4688.01 8652.81 -773.034
8571.89 4726.01 8666.83 -718.463
8585.62 4740.63 8680.55 -664.379
8600.52 4796.17 8695.45 -586.42
8614.25 4853.67 8708.89 -492.869
8628.27 4884.36 8722.91 -435.374
8642.29 4932.6 8738.09 -360.338
8655.43 4972.07 8751.82 -301.381
8670.33 5005.2 8765.84 -300.407
8684.65 5023.23 8779.86 -254.606
8698.37 5056.85 8793.58 -201.009
8711.22 5087.55 8808.18 -142.052
8726.7 5126.53 8821.03 -106.971
8740.43 5146.5 8835.64 -70.9146
8755.03 5175.74 8849.94 -22.1901
8767.88 5205.95 8863.96 -6.11103
8782.19 5222.51 8877.98 43.1007
8795.63 5263.93 8891.12 50.4094
8809.94 5309.73 8906.59 94.2614
8824.25 5360.4 8919.15 110.828
8839.14 5424.72 8934.04 144.935
8852.28 5483.19 8948.64 179.042
8866.59 5554.81 8962.07 213.149
8879.73 5618.64 8976.66 275.516
8894.33 5698.55 8989.51 295.981
8909.22 5778.95 9004.69 342.756
8922.65 5845.7 9017.83 404.149
8936.66 5929.99 9032.13 464.567
8950.39 5955.33 9046.73 515.728
8964.4 6014.77 9061.03 568.351
8978.41 6062.52 9075.04 624.871
8992.72 6065.45 9088.18 662.876
9007.02 6120.02 9103.07 715.498
9019.87 6132.2 9116.79 786.149
9034.47 6140.48 9131.67 845.106
9048.77 6130.25 9145.39 916.243
9062.78 6162.41 9158.82 963.993
9075.92 6182.39 9172.83 1019.54
9089.64 6163.87 9186.54 1078.98
9105.11 6206.75 9200.85 1149.63
9118.83 6225.26 9214.56 1168.15
9132.26 6245.24 9230.32 1204.21
9147.43 6309.56 9244.04 1235.88
9160.86 6346.59 9257.17 1240.75
9174.87 6380.21 9271.76 1288.5
9188.59 6388.49 9284.61 1322.61
9203.18 6371.44 9299.2 1346.48
9216.61 6310.53 9313.2 1382.05
9230.91 6335.38 9326.92 1411.77
9245.79 6389.95 9340.34 1460.5
9259.51 6443.06 9355.81 1505.81
9273.22 6472.78 9369.52 1553.07
9286.65 6503.48 9383.82 1602.28
9300.36 6543.43 9397.83 1652.96
9314.37 6532.71 9412.13 1735.79
9329.25 6435.75 9425.84 1810.34
9343.26 6413.83 9440.43 1875.63
9358.44 6454.76 9453.85 1966.74
9371.86 6495.2 9467.57 2027.65
9386.74 6522.97 9482.15 2090.5
9399.87 6556.1 9495.87 2177.72
9412.42 6600.93 9510.16 2227.91
9425.84 6626.75 9523.88 2280.53
9441.6 6638.45 9538.76 2366.77
9454.73 6628.7 9552.76 2419.88
9469.32 6638.93 9566.18 2487.12
9483.61 6677.43 9580.77 2558.75
9497.03 6705.2 9594.48 2619.65
9511.62 6732.97 9608.48 2680.56
9525.04 6754.9 9622.78 2759
9539.05 6791.44 9636.49 2807.73
9553.05 6836.27 9651.08 2867.17
9567.35 6866.96 9664.5 2943.67
9581.06 6880.61 9678.5 2993.86
9595.06 6932.25 9692.21 3051.84
9609.94 6990.72 9706.79 3111.77
9622.78 7031.65 9720.8 3174.14
9637.07 7074.53 9734.8 3239.43
9651.08 7118.87 9749.97 3286.2
9665.08 7198.78 9763.39 3347.59
9679.37 7277.71 9777.09 3395.34
9692.5 7317.67 9791.68 3454.79
9707.08 7387.34 9805.68 3510.82
9721.38 7458.97 9819.39 3575.63
9736.26 7533.03 9833.39 3631.66
9749.97 7584.19 9847.69 3698.41
9762.51 7638.76 9861.4 3767.6
9777.97 7689.43 9876.27 3827.53
9791.97 7726.46 9889.69 3904.52
9805.1 7747.9 9903.1 3974.19
9819.39 7755.21 9917.1 4060.43
9833.98 7771.78 9931.69 4146.19
9847.98 7803.94 9946.27 4210.51
9860.81 7821.48 9959.69 4289.93
9875.69 7828.78 9973.69 4348.88
9889.98 7820.99 9987.98 4441.95
9902.81 7855.58 10002.3 4506.75
9917.69 7880.43 10016 4565.71
9931.98 7915.51 10030.8 4622.23
9946.56 7979.83 10044.3 4675.34
9959.11 8016.86 10058.6 4722.6
9973.69 8078.74 10072 4777.17
9987.98 8113.82 10087.1 4813.71
10002.3 8173.75 10100 4859.03
10015.4 8213.22 10114 4901.91
10029.1 8293.62 10129.1 4939.42
10044.3 8362.8 10142.3 4996.43
10057.4 8407.63 10157.4 5055.87
10071.7 8410.56 10170.9 5107.04
10086 8427.12 10184.9 5164.04
10098.5 8203.96 10198.5 5228.85
10113.7 8212.73 10212.8 5290.24
10128.3 8214.19 10226.5 5380.87
10141.7 8234.66 10241.1 5447.13
10155.7 8167.91 10255.4 5499.76
10169.7 8174.73 10268.8 5585.51
10183.7 8225.4 10283.4 5625.95
10197.1 8276.08 10297.4 5702.94
10211.7 8322.85 10310.8 5767.25
10226.3 8355.98 10326 5838.88
10239.7 8422.74 10339.4 5911.96
10255.4 8458.31 10354.6 5959.23
10266.8 8502.64 10367.4 6006.49
10282.8 8539.19 10381.7 6062.52
10295.7 8588.89 10395.1 6123.92
10309.4 8654.67 10409.4 6185.31
10324.8 8695.11 10424 6228.67
10337.4 8744.8 10438.6 6288.6
10351.1 8775.01 10451.7 6329.53
10366 8858.82 10466.3 6388.49
10380.3 8901.7 10480 6431.85
10393.7 8929.47 10494.6 6490.32
10408 9002.07 10507.1 6552.69
10422.8 8982.09 10522 6578.51
10436.5 8913.39 10536 6608.72
10450.2 8987.94 10550.6 6645.27
10464.2 9059.08 10564.6 6693.99
10478 9144.35 10578.9 6743.2
10491.9 9213.05 10593.1 6773.41
10506.8 9290.03 10606 6818.73
10520.2 9367.02 10620.6 6858.19
10534.2 9421.1 10633.4 6899.61
10548.5 9481.52 10649.2 6942.97
10562.2 9537.55 10662.9 6981.95
10576.8 9507.83 10676.9 7019.47
10590.5 9486.39 10691.7 7079.4
10603.4 9485.9 10705.4 7138.85
10618.5 9463 10719.2 7184.16
10632.2 9453.75 10732.9 7264.56
10646.2 9437.18 10746.6 7306.46
10660.8 9419.64 10761.2 7350.8
10674.2 9424.51 10774.9 7431.19
10688.8 9403.07 10788.6 7460.92
10701.7 9420.61 10802 7515
10716.2 9454.72 10817.7 7537.9
10730.2 9498.57 10832 7602.22
10743.1 9564.84 10844.9 7608.55
10757.4 9638.41 10859.1 7658.25
10772.8 9691.52 10874 7682.61
10787.4 9776.3 10888.6 7716.23
10799.9 9864.01 10902.6 7709.41
10813.9 9930.27 10916.3 7711.36
10829.1 10003.4 10930 7756.19
10841.4 10089.6 10944 7783.96
10857.1 10148.6 10957.7 7823.43
10869.9 10220.7 10971.8 7865.82
10884.2 10289.9 10986 7893.1
10897.4 10274.3 11001.2 7955.96
10911.9 10320.6 11014 7984.7
10926 10362.5 11028.3 8043.66
10940.2 10384.9 11042 8101.16
10954.5 10428.7 11056.3 8165.47
10968.5 10465.8 11070.3 8221.99
10983.4 10487.2 11084.4 8274.13
10995.7 10487.2 11098.6 8321.39
11010.8 10489.1 11112.9 8376.45
11025.1 10497.9 11127.5 8421.27
11038.8 10516.9 11140.9 8437.35
11052.3 10571 11155.2 8468.54
11066 10588.5 11169 8500.21
11079.4 10662.1 11182.7 8519.21
11094.6 10700.6 11197.3 8525.06
11108.6 10744.9 11212.1 8535.78
11122 10799.5 11225 8557.22
11136 10839.5 11240.1 8558.68
11150.3 10923.8 11253 8576.22
11165.5 10941.8 11267.6 8600.58
11178.3 11001.2 11281.6 8624.46
11192.9 11041.2 11295.6 8640.53
11206.9 11110.9 11310.2 8663.92
11220.9 11084.6 11323.6 8699.98
11234.6 11060.2 11338.8 8750.17
11247.7 11071.9 11351.6 8784.27
11262.6 11115.3 11366.2 8829.1
11275.4 11176.6 11380.5 8877.82
11290 11225.4 11393.3 8930.93
11303.8 11300.4 11408.5 8980.63
11318.6 11350.1 11421.9 9021.07
11332.9 11420.3 11436.5 9095.13
11347.2 11474.8 11450.8 9127.78
11361.2 11522.1 11465.1 9187.71
11373.5 11544 11478.5 9215.97
11388.4 11585 11492.8 9253.49
11402.1 11612.2 11506.6 9318.78
11417.3 11651.7 11520.8 9358.25
11430.7 11678 11535.5 9408.43
11444.1 11682.4 11548.6 9459.59
11459 11707.3 11563.2 9500.04
11472.1 11735 11577.5 9521.47
11486.7 11673.6 11590.9 9524.88
11500.1 11707.7 11606.4 9553.63
11514.7 11802.3 11618.9 9583.84
11528.1 11839.8 11633.5 9581.89
11542.7 11928.5 11647.8 9603.82
11556.5 12008.9 11661.8 9586.28
11569.6 12072.2 11675.3 9603.82
11584.8 12156.5 11689 9586.76
11599.1 12242.2 11703.6 9617.95
11612.8 12317.8 11718.8 9631.1
11627.1 12368 11732.5 9646.7
11640.5 12448.4 11746.5 9690.06
11654.5 12491.7 11760.5 9714.42
11669.7 12555.1 11775.4 9746.58
11682.8 12616 11788.2 9829.9
11697.2 12606.2 11802.8 9905.42
11710.6 12639.4 11816.8 9996.05
11725.2 12689.5 11831.4 10081.8
11737.4 12679.8 11844.9 10153.4
11753.5 12718.8 11859.2 10215.3
11766.9 12761.2 11873.5 10277.7
11780.3 12803.6 11886.6 10371.2
11795.2 12814.8 11900.9 10430.7
11809.8 12890.3 11914.4 10494
11822.4 12919 11929.3 10516.4
11836.1 12973.6 11943 10548.6
11850.1 13034.5 11957.6 10544.2
11865.3 13104.2 11971.3 10563.7
11878.4 13171.9 11985.3 10540.8
11893 13271.3 11999.3 10545.7
11906.5 13341 12014.5 10538.8
11920.8 13382.4 12028.5 10515.5
11935.1 12792.3 12042.6 10507.2
11949.4 11803.7 12055.7 10521.3
11962.8 11839.3 12070.3 10523.7
11976.5 11909.9 12085.2 10534
11991.4 11986.4 12098 10565.2
12004.3 12093.2 12113.2 10575.4
12018.3 12154.1 12126.4 10635.3
12032.9 12203.3 12141.9 10670.9
12046 12306.1 12154.4 10712.8
12060.4 12377.2 12169.3 10790.7
12075.3 12451.8 12183.6 10847.8
12088.7 12501 12195.9 10870.2
12102.7 12577 12211.4 10944.2
12116.1 12638.9 12226.3 10980.8
12130.8 12697.3 12239.7 11055.8
12143.6 12743.6 12253.7 11090.9
12158.2 12766.5 12267.2 11119.6
12173.4 12807 12282.6 11165.4
12187.1 12842.5 12296.1 11214.2
12201.4 12898.6 12311.3 11230.7
12214.9 12956.5 12324.7 11275.1
12228.9 13000.9 12338.7 11312.6
12242 13018.9 12352.2 11332.1
12257.5 13087.6 12366.2 11342.3
12271 13135.4 12381.4 11371.5
12284.7 13158.8 12395.1 11387.1
12299.3 13207 12409.8 11401.8
12312.2 13231.4 12422.9 11428.5
12327.1 13278.6 12436.9 11454.4
12340.5 13351.7 12451 11441.2
12354.5 13412.6 12464.7 11449
12369.1 13496.4 12479.3 11470.9
12382.6 13533.4 12493.9 11485.1
12396.6 13581.2 12507.9 11481.2
12410.6 13623.6 12522 11480.7
12424.9 13676.7 12536 11481.2
12438.4 13678.6 12551.2 11524.5
12452.7 13607 12564 11562.5
12466.7 13245 12578.4 11593.7
12481 12757.3 12593.3 11631.2
12494.8 12735.8 12606.4 11686.8
12508.8 12769.9 12621.3 11739.9
12523.4 12785.5 12634.5 11796.4
12537.2 12807 12650.3 11850.5
12550.9 12866.4 12663.7 11899.7
12565.2 12917.1 12678.1 11959.6
12578.4 12980.4 12691.8 11994.2
12593.3 13036.9 12705.5 12060.5
12607.6 13101.3 12721.3 12100.5
12621 13174.8 12734.2 12097
12634.8 13230.4 12748.5 12141.4
12648.5 13299.6 12763.4 12139.4
12662.5 13361.4 12777.4 12121.9
12676.9 13434.5 12791.2 12127.3
12690 13511.5 12804.9 12117.5
12704.7 13594.4 12819.8 12100
12719 13653.3 12833.9 12120
12733.6 13727.4 12848.2 12110.7
12746.2 13778 12863.1 12102.4
12760.8 13885.7 12878 12107.3
12774.5 13930.6 12892.1 12123.4
12788.6 13999.3 12905.8 12184.8
12802.9 14067.5 12920.1 12183.3
12816.3 14190.3 12935.6 12240.8
12830.7 14138.6 12949.7 12265.6
12844.7 14011.4 12964.3 12309
12858.4 13820.4 12976.6 12368.9
12872.5 12816.7 12988.6 12456.1
12886.2 12731 12995.6 12482.5
12900.6 12704.6 12995.3 12518
12913.7 12686.6 12983.6 12558
12928 12681.3 12972.2 12562.9
12943.2 12640.8 12955.5 12628.6
