4013.58 -824.195 4042.05 -879.741
4012.41 -801.294 4056.44 -888.511
4007.71 -798.371 4070.24 -885.588
4005.95 -803.731 4083.15 -887.537
4011.53 -796.422 4096.95 -893.384
4020.63 -798.371 4111.93 -884.613
4030.9 -810.065 4125.43 -881.69
4042.93 -817.374 4140.11 -862.2
4056.44 -810.552 4154.21 -867.56
4070.24 -816.886 4167.42 -879.741
4084.33 -811.039 4181.22 -896.307
4098.71 -814.45 4195.61 -892.409
4113.1 -810.552 4209.42 -894.846
4126.9 -810.552 4224.4 -908.001
4141.58 -796.909 4237.61 -901.667
4155.09 -802.756 4251.42 -887.05
4169.18 -811.527 4265.52 -897.769
4183.57 -810.552 4281.09 -891.435
4197.38 -806.654 4293.13 -896.307
4212.94 -819.81 4308.7 -893.871
4227.04 -816.886 4322.21 -886.075
4239.96 -812.014 4336.32 -902.154
4254.06 -813.963 4349.54 -868.047
4269.04 -813.963 4364.23 -885.101
4282.26 -808.603 4378.92 -882.177
4296.07 -814.937 4391.85 -865.611
4311.64 -813.476 4406.24 -882.177
4324.86 -831.504 4420.94 -878.279
4339.25 -822.733 4434.16 -886.562
4353.65 -827.119 4447.97 -892.897
4367.16 -830.529 4462.37 -870.483
4382.15 -808.603 4477.65 -883.152
4396.25 -834.914 4490 -871.945
4409.48 -842.71 4504.1 -887.05
4423.58 -834.427 4518.21 -883.152
4437.98 -830.042 4532.31 -872.432
4452.38 -829.067 4547.01 -888.511
4465.9 -820.297 4560.53 -871.945
4480.59 -830.042 4574.05 -888.999
4494.7 -838.325 4588.45 -876.817
4508.51 -828.58 4602.86 -870.483
4521.73 -845.634 4617.55 -881.203
4535.84 -832.478 4629.6 -869.022
4550.54 -834.914 4644.6 -886.562
4564.35 -834.914 4659.3 -880.228
4579.05 -829.555 4672.52 -870.483
4592.57 -843.685 4687.22 -884.613
4606.68 -837.838 4700.74 -882.664
4620.49 -838.325 4715.44 -873.407
4634.6 -833.453 4728.38 -881.203
4649.59 -842.71 4743.66 -870.971
4662.82 -836.376 4756.9 -860.251
4678.11 -832.966 4770.71 -883.152
4691.34 -840.761 4785.12 -868.534
4705.45 -826.631 4800.11 -877.792
4719.56 -843.198 4813.64 -876.33
4733.08 -833.453 4826.57 -885.101
4747.49 -828.58 4840.1 -871.945
4762.19 -839.787 4855.68 -884.613
4776.59 -833.94 4868.03 -881.203
4789.53 -838.812 4883.32 -869.996
4803.64 -849.045 4896.25 -887.537
4818.05 -847.096 4911.84 -874.868
4830.98 -855.866 4925.36 -889.486
4845.39 -838.325 4939.48 -890.948
4860.38 -841.736 4954.18 -882.664
4875.09 -855.866 4967.41 -870.483
4888.32 -840.274 4982.11 -885.101
4901.84 -840.274 4995.05 -883.639
4916.54 -835.402 5009.75 -867.56
4929.77 -848.07 5023.86 -879.254
4943.89 -847.583 5037.68 -870.971
4959.18 -844.659 5052.68 -863.662
4971.82 -832.966 5065.61 -888.024
4986.52 -848.557 5080.32 -876.817
5000.34 -836.376 5093.55 -876.33
5015.04 -840.274 5107.37 -875.843
5029.45 -858.302 5122.07 -886.562
5042.97 -847.583 5135.89 -888.511
5057.38 -842.223 5150.3 -867.56
5070.91 -852.455 5163.24 -880.715
5085.02 -845.634 5178.52 -879.741
5098.55 -850.994 5191.17 -880.715
5112.96 -844.659 5205.87 -883.639
5127.07 -848.07 5220.87 -874.381
5140.89 -841.249 5234.69 -858.302
5155.3 -845.634 5248.8 -873.894
5168.82 -837.351 5262.03 -859.764
5182.64 -863.175 5276.73 -861.713
5197.34 -851.968 5291.43 -872.919
5211.75 -857.328 5303.49 -849.045
5226.45 -864.149 5319.07 -849.045
5240.27 -856.353 5332.01 -857.328
5253.8 -847.583 5346.42 -879.741
5267.62 -861.713 5361.41 -867.56
5281.44 -841.249 5375.23 -858.789
5295.84 -846.121 5389.05 -869.996
5309.96 -854.404 5403.16 -860.738
5323.78 -858.302 5416.68 -864.636
5337.89 -870.483 5430.5 -858.789
5350.83 -844.172 5445.2 -866.585
5365.53 -845.634 5459.02 -862.2
5379.35 -847.583 5472.84 -876.33
5394.34 -857.328 5486.95 -871.945
5407.28 -850.019 5499.88 -868.047
5422.56 -846.608 5515.17 -866.098
5436.38 -841.249 5528.99 -869.996
5450.2 -843.685 5543.39 -892.409
5463.14 -850.994 5557.5 -873.407
5478.13 -843.685 5571.32 -863.662
5493.12 -854.891 5585.43 -863.175
5506.65 -844.659 5599.25 -867.56
5521.64 -838.325 5613.95 -867.56
5535.46 -835.402 5628.35 -866.098
5549.27 -861.713 5641.58 -871.458
5562.8 -846.121 5655.69 -874.868
5575.73 -842.71 5668.91 -867.56
5590.43 -844.659 5683.9 -860.738
5604.83 -810.065 5697.42 -861.713
5619.24 -794.473 5711.83 -867.56
5633.35 -743.8 5726.23 -858.302
5645.69 -712.616 5739.45 -866.585
5660.68 -674.611 5753.85 -872.919
5673.91 -652.198 5768.26 -850.019
5689.19 -594.703 5781.78 -844.172
5702.42 -557.672 5796.76 -858.789
5716.82 -514.795 5809.99 -866.585
5730.64 -462.659 5825.27 -854.891
5744.74 -424.654 5838.2 -859.277
5759.44 -366.185 5852.6 -865.611
5772.08 -324.282 5866.41 -860.738
5787.36 -291.636 5880.22 -857.815
5801.17 -234.142 5894.62 -853.43
5814.69 -168.364 5908.43 -843.198
5828.8 -104.047 5922.83 -852.455
5842.61 -51.4248 5936.05 -865.611
5857.6 -17.3177 5950.75 -847.583
5871.7 27.9961 5964.26 -846.121
5885.51 94.7486 5977.78 -848.07
5899.32 146.884 5992.17 -861.226
5913.13 179.042 6006.86 -847.096
5927.24 224.356 6020.38 -859.277
5940.76 256.514 6034.18 -870.971
5955.45 302.802 6048.58 -844.659
5968.96 334.473 6063.86 -841.249
5983.36 353.963 6076.49 -854.404
5998.05 396.353 6091.47 -857.328
6011.56 413.407 6104.4 -839.3
6025.08 430.948 6119.67 -857.815
6039.18 502.573 6132.59 -848.557
6053.87 538.141 6146.69 -856.353
6068.56 584.917 6161.38 -851.968
6081.78 611.228 6174.3 -854.404
6096.46 672.621 6189.57 -850.506
6109.39 715.498 6203.38 -853.917
6123.19 768.608 6216.89 -870.483
6137.88 814.409 6231.28 -864.636
6151.39 877.264 6245.08 -859.277
6166.37 937.195 6259.76 -864.149
6180.18 968.866 6273.27 -853.917
6193.69 1032.21 6287.07 -864.636
6207.78 1096.52 6302.05 -868.534
6221 1133.07 6314.97 -851.481
6235.39 1199.82 6329.36 -873.894
6248.9 1220.28 6343.45 -859.764
6264.46 1264.14 6357.84 -864.636
6278.56 1319.19 6371.64 -872.432
6292.36 1331.86 6386.02 -865.124
6306.16 1340.63 6400.41 -868.047
6320.26 1363.53 6413.62 -873.894
6334.35 1379.13 6428.59 -864.149
6348.15 1395.69 6441.22 -883.152
6361.95 1410.31 6456.18 -866.098
6376.63 1401.54 6470.57 -871.458
6389.84 1406.41 6483.78 -861.226
6403.93 1451.73 6497.87 -879.741
6418.02 1471.22 6511.37 -864.149
6432.41 1522.86 6526.34 -874.381
6445.62 1560.87 6540.72 -869.509
6460.59 1605.69 6554.51 -870.483
6474.39 1657.34 6569.19 -871.458
6487.89 1693.4 6581.81 -875.843
6502.56 1745.53 6597.36 -877.792
6515.77 1798.16 6610.27 -878.279
6530.15 1873.19 6624.65 -882.177
6543.65 1934.58 6638.73 -884.126
6558.62 1991.11 6652.82 -878.279
6572.12 2013.52 6667.49 -904.103
6586.5 2048.11 6681.28 -878.279
6601.47 2073.94 6695.66 -870.483
6614.38 2116.33 6708.86 -859.277
6628.17 2164.08 6722.06 -846.121
6643.43 2235.21 6737.02 -835.402
6656.63 2280.04 6751.4 -816.886
6670.72 2320 6765.48 -818.835
6684.21 2355.56 6778.39 -820.784
6698.59 2406.24 6792.47 -795.448
6712.97 2428.65 6806.54 -781.317
6726.46 2452.53 6820.62 -770.111
6741.13 2495.4 6835.58 -739.902
6754.04 2512.94 6848.78 -733.568
6768.7 2543.64 6863.74 -730.157
6782.49 2577.26 6877.52 -692.639
6797.16 2588.95 6891.31 -679.483
6810.94 2628.42 6905.97 -671.687
6825.02 2642.06 6919.75 -661.455
6839.39 2662.04 6933.82 -660.481
6852.89 2693.22 6947.31 -641.966
6867.26 2738.05 6961.68 -620.039
6880.75 2767.77 6976.93 -631.246
6895.12 2816.5 6989.53 -613.218
6909.78 2877.4 7003.9 -578.624
6922.39 2904.2 7017.68 -584.958
6937.64 2983.62 7032.34 -581.06
6950.54 3014.81 7046.12 -573.751
6964.91 3063.04 7060.19 -548.414
6978.98 3135.16 7074.55 -553.774
6993.64 3175.11 7087.74 -536.233
7007.42 3232.12 7101.81 -544.029
7020.61 3286.2 7116.17 -530.874
7034.98 3282.79 7130.54 -528.437
7049.63 3282.3 7144.6 -526.976
7063.12 3312.51 7157.21 -521.129
7076.9 3379.75 7173.62 -520.154
7090.97 3427.5 7186.22 -497.741
7105.04 3489.87 7200.87 -482.636
7119.4 3539.57 7214.94 -458.761
7132.88 3578.55 7227.83 -438.297
7147.24 3614.12 7243.36 -426.116
7160.43 3650.17 7255.96 -401.754
7175.96 3657 7270.9 -356.927
7189.15 3687.2 7284.67 -309.665
7203.51 3710.1 7299.32 -274.096
7217.87 3718.88 7313.68 -231.218
7231.64 3749.57 7327.16 -193.7
7246 3790.01 7341.22 -170.8
7259.18 3816.81 7354.98 -122.563
7274.71 3877.72 7368.75 -87.9682
7287.02 3887.95 7383.4 -17.3177
7301.67 3921.08 7396.87 31.8941
7314.56 3960.55 7411.52 79.644
7329.79 4004.4 7425.57 97.6721
7343.56 4068.23 7439.05 110.828
7356.74 4118.42 7452.52 148.346
7372.27 4203.68 7467.75 163.937
7385.45 4264.59 7481.8 195.121
7398.92 4343.04 7495.86 241.409
7413.57 4405.89 7510.21 244.82
7427.63 4471.67 7523.97 308.649
7441.98 4539.4 7537.44 301.828
7457.21 4571.07 7550.91 258.95
7470.38 4640.26 7565.84 287.21
7483.56 4711.88 7580.48 335.448
7497.33 4797.64 7593.66 393.43
7511.97 4852.69 7608 413.894
7526.02 4911.16 7622.05 379.3
7540.08 4971.58 7635.52 460.182
7553.25 4991.07 7650.74 471.876
7568.19 5018.84 7664.5 544.476
7582.53 5036.87 7678.84 602.945
7595.12 5052.46 7691.72 615.126
7609.76 5072.93 7705.19 659.953
7623.23 5068.54 7720.41 712.575
7638.16 5074.39 7734.75 668.723
7652.21 5089.98 7749.38 727.192
7665.96 5125.55 7762.84 788.098
7680.01 5167.45 7776.89 850.465
7692.89 5220.08 7790.94 884.085
7707.82 5283.91 7804.98 890.907
7722.16 5345.79 7819.03 948.402
7735.63 5413.03 7833.07 936.22
7750.26 5459.31 7847.41 962.044
7764.31 5541.17 7861.16 995.177
7778.94 5598.67 7875.5 1053.16
7791.52 5660.55 7888.96 1084.34
7806.15 5752.15 7903.58 1082.88
7819.32 5811.59 7917.33 1123.32
7833.95 5865.68 7930.5 1176.92
7848.58 5939.74 7946 1212.98
7862.04 5995.28 7959.46 1255.85
7875.79 6071.29 7972.91 1278.75
7889.83 6105.4 7986.95 1304.09
7904.17 6169.23 8001.58 1356.23
7917.92 6219.9 8015.62 1373.28
7931.96 6217.47 8029.37 1359.64
7946.3 6259.86 8043.4 1363.05
7960.34 6157.54 8057.15 1395.69
7973.79 6124.4 8070.89 1432.24
7988.13 6188.23 8085.52 1482.42
8001.87 6217.47 8099.85 1523.35
8016.5 6220.88 8114.17 1585.72
8029.95 6236.47 8127.63 1656.37
8044.28 6247.19 8142.25 1730.92
8057.73 6249.14 8156.87 1807.9
8071.77 6287.63 8169.73 1883.91
8086.69 6285.68 8184.64 1961.87
8101.89 6263.75 8198.09 2037.88
8115.05 6303.71 8212.12 2097.81
8129.38 6349.02 8226.45 2168.95
8142.83 6413.83 8240.19 2211.34
8155.99 6433.8 8255.68 2227.42
8169.73 6481.55 8267.67 2265.91
8184.64 6534.66 8281.99 2283.45
8198.09 6597.52 8296.32 2310.74
8212.42 6656.96 8311.81 2341.43
8226.74 6703.74 8325.25 2348.74
8240.19 6785.59 8339.87 2379.44
8254.51 6823.6 8353.6 2415.5
8267.96 6879.63 8366.46 2422.8
8282.58 6919.59 8381.37 2478.35
8296.02 6970.75 8394.52 2520.25
8311.51 7028.24 8409.13 2569.46
8324.38 7076.48 8422.87 2630.86
8338.7 7125.2 8437.19 2693.22
8352.44 7185.13 8452.09 2740
8366.46 7201.21 8465.24 2825.76
8380.49 7242.63 8478.68 2890.07
8394.52 7264.56 8494.46 2959.26
8408.84 7305 8506.44 3039.17
8421.99 7356.65 8521.34 3100.07
8436.02 7388.32 8535.37 3179.5
8450.34 7407.81 8550.27 3230.66
8464.36 7439.48 8564 3274.51
8478.39 7498.92 8577.44 3343.21
8492.71 7561.29 8592.34 3397.78
8506.73 7601.24 8606.36 3470.38
8520.47 7679.69 8620.67 3532.75
8535.07 7720.13 8634.69 3577.09
8549.1 7787.37 8648.13 3633.61
8562.25 7869.71 8661.57 3686.72
8576.85 7947.67 8675.59 3748.6
8591.46 8027.58 8690.49 3805.12
8604.9 8105.05 8704.51 3867.97
8618.63 8145.98 8718.82 3914.26
8632.65 8188.86 8732.55 3945.44
8646.67 8212.73 8746.56 4016.58
8661.28 8108.46 8761.17 4063.36
8674.42 8054.38 8773.72 4102.82
8689.03 8078.74 8789.2 4157.88
8702.75 8137.7 8802.64 4173.47
8717.36 8169.86 8816.07 4204.17
8730.79 8158.65 8830.96 4248.02
8744.52 8123.57 8844.98 4292.36
8758.83 8094.33 8859.87 4329.39
8772.56 7993.96 8873.01 4379.58
8786.87 8048.53 8887.9 4452.18
8800.59 8123.08 8901.63 4511.62
8814.61 8169.37 8915.35 4569.6
8829.8 8223.94 8929.37 4660.72
8843.23 8273.15 8943.67 4748.42
8856.66 8268.77 8957.98 4837.59
8870.39 8292.64 8971.41 4925.78
8884.69 8360.86 8985.42 5009.59
8898.42 8435.89 9000.9 5090.96
8913.01 8484.13 9013.45 5173.79
8927.32 8546.01 9027.75 5236.16
8940.75 8610.81 9042.06 5282.93
8955.35 8671.72 9055.48 5334.58
8968.78 8765.76 9070.08 5380.87
8983.09 8806.2 9084.68 5410.1
8997.1 8849.08 9099.27 5423.26
9010.24 8881.23 9112.41 5426.67
9025.13 8890.98 9126.71 5462.72
9038.55 8853.46 9139.84 5452.98
9053.44 8819.84 9153.56 5473.93
9067.75 8854.44 9168.16 5492.93
9080.59 8918.75 9182.75 5516.81
9094.89 8965.53 9196.76 5553.84
9108.32 9048.85 9211.06 5586
9122.33 9100.98 9225.36 5638.62
9136.63 9155.55 9239.95 5688.32
9151.81 9211.59 9253.09 5740.45
9164.95 9225.23 9267.39 5814.03
9179.54 9275.41 9280.52 5882.73
9193.55 9265.67 9295.11 5944.12
9206.98 9265.18 9309.12 6009.9
9221.57 9267.13 9322.54 6088.83
9234.99 9209.64 9336.26 6143.41
9249 9247.64 9349.68 6212.11
9263.59 9281.26 9366.31 6264.73
9276.43 9347.04 9380.32 6322.71
9290.73 9406 9393.45 6364.13
9304.16 9468.36 9408.04 6420.65
9319.04 9542.43 9421.76 6470.83
9332.47 9618.43 9436.06 6530.76
9347.35 9677.39 9450.35 6568.77
9363.4 9782.15 9464.36 6617.98
9375.94 9851.83 9478.36 6667.68
9389.95 9931.25 9491.78 6719.33
9403.96 9967.3 9506.37 6764.64
9417.38 10042.3 9520.67 6785.59
9432.26 10060.4 9534.38 6833.34
9444.22 10081.3 9548.97 6886.45
9459.1 10031.1 9562.39 6904.48
9472.23 9941.48 9576.68 6929.33
9487.7 9956.1 9591.27 6944.92
9500.83 9989.72 9604.69 6969.77
9514.83 10045.7 9618.11 6980.49
9529.71 10083.8 9634.16 6992.19
9542.84 10155.4 9647.87 7020.45
9557.43 10183.2 9661.87 7028.24
9571.14 10198.7 9675 7050.17
9585.14 10236.7 9689.58 7079.89
9598.86 10252.3 9703.29 7136.41
9612.57 10328.8 9717.59 7184.65
9627.44 10376.1 9732.76 7238.24
9641.16 10424.3 9746.17 7302.56
9655.45 10490.6 9759.3 7351.29
9669.45 10524.2 9773.89 7440.94
9682.87 10596.3 9788.47 7532.54
9697.17 10616.8 9802.47 7616.35
9711.17 10666.5 9815.6 7694.31
9725.17 10715.7 9830.48 7775.19
9740.05 10742.5 9844.77 7805.88
9752.59 10813.6 9857.02 7878.48
9766.89 10848.2 9872.48 7928.67
9780.89 10885.3 9887.06 7949.13
9796.35 10913 9901.06 7984.7
9809.77 10817.5 9915.06 7982.75
9823.48 10806.8 9928.48 7985.68
9836.6 10861.4 9943.36 8007.12
9850.31 10896.5 9956.19 7993.96
9865.48 10964.7 9971.06 8018.81
9878.6 11030.5 9985.07 8014.43
9893.19 11105.5 9999.07 8033.92
9907.77 11123 10013.6 8062.66
9920.9 11141.1 10027.6 8069
9935.77 11087 10041.9 8120.16
9949.77 10972 10056.2 8174.24
9963.77 10743 10069.4 8221.99
9977.77 10638.2 10084.8 8304.82
9990.9 10636.3 10098.2 8373.04
10005.5 10636.3 10112.8 8440.28
10018.9 10619.7 10125.3 8503.62
10034.1 10543.7 10140.2 8582.55
10047.2 10469.7 10153.9 8653.69
10062.4 10415.1 10167.4 8715.57
10075.2 10377.6 10183.4 8794.02
10090.1 10417.5 10196.2 8856.38
10104.4 10465.8 10210.5 8890
10116.9 10498.9 10225.4 8949.45
10131.5 10566.1 10238.5 8999.63
10144.9 10626.1 10253.4 9044.95
10160.1 10695.2 10267.4 9110.24
10172.9 10727.4 10282 9168.22
10186.6 10752.3 10294.8 9215.97
10201.5 10721.6 10310 9262.75
10214.9 10683.1 10322.8 9281.75
10229.8 10536.9 10338 9313.91
10244 10578.8 10352.3 9341.68
10257.8 10621.2 10366 9361.17
10271.8 10703 10381.4 9385.05
10285.5 10736.7 10394.3 9448.87
10298.9 10790.3 10408.8 9454.23
10312.3 10790.3 10422.3 9501.5
10327.8 10831.7 10436.3 9524.88
10342 10861.4 10451.4 9553.14
10354.3 10896 10464.8 9561.43
10370 10923.8 10479.1 9621.36
10382.9 10970.1 10493.1 9677.39
10397.5 10990.5 10508.6 9761.2
10411.5 11043.6 10522 9813.33
10424.9 11071.9 10535.1 9846.95
10439.2 11125 10549.7 9898.6
10454 11170.3 10564 9980.95
10468 11238.5 10577.7 10026.7
10480.9 11272.1 10592.9 10103.7
10495.2 11309.7 10605.7 10159.8
10509.2 11309.2 10620.3 10219.2
10523.5 11294.6 10634 10255.3
10537.4 11304.8 10649.4 10312.8
10552.3 11308.7 10663.1 10345.4
10564.9 11268.2 10677.7 10361
10579.1 11294.6 10690.9 10336.6
10593.1 11348.2 10704.6 10329.3
10606.9 11371.1 10719.4 10316.7
10621.4 11438.3 10733.7 10313.2
10636 11467 10748 10314.7
10649.4 11522.6 10762.3 10305.9
10663.7 11566.9 10776.6 10292.8
10676.9 11610.8 10790.6 10300.6
10691.1 11666.3 10804.6 10283
10705.4 11694.6 10818.9 10350.8
10719.4 11739.4 10832.9 10366.8
10734.3 11777.9 10848.1 10421.9
10747.1 11829.6 10862.6 10507.2
10761.4 11886.6 10877 10551
10775.4 11917.3 10891.5 10654.8
10789.4 11946 10905.5 10745.9
10803.4 11987.4 10920.1 10791.2
10817.7 12081.9 10934.4 10897
10830.9 11995.7 10949.9 10928.1
10845.4 11843.7 10964.2 11019.3
10859.1 11729.7 10976.7 11084.6
10874.3 11619.1 10988.7 11173.2
10887.4 11551.3 10995.7 11247.3
10901.2 11493.8 10996.3 11278.5
10915.2 11478.2 10984.3 11309.7
10929.7 11458.3 10971.2 11329.6
10942.9 11417.3 10956.6 11366.2
