4000.67 -802.756 4042.05 -839.3
4000.67 -819.81 4055.26 -837.351
3999.79 -815.425 4068.77 -842.223
4001.25 -808.603 4082.86 -848.557
4008.59 -819.81 4097.24 -851.968
4018.86 -825.17 4111.04 -855.866
4030.61 -823.708 4124.84 -863.175
4043.81 -830.529 4139.52 -840.761
4056.14 -825.17 4153.33 -838.325
4070.53 -821.272 4167.42 -849.532
4084.33 -812.988 4180.64 -834.427
4099.01 -824.195 4195.03 -824.682
4113.69 -819.81 4210.59 -846.608
4127.19 -830.042 4223.81 -835.889
4141.87 -823.221 4237.61 -855.379
4155.97 -841.249 4251.71 -852.942
4170.06 -824.195 4264.93 -867.073
4184.45 -845.147 4279.32 -840.274
4198.55 -820.297 4292.84 -866.098
4212.94 -843.198 4308.7 -869.509
4226.75 -831.016 4321.33 -864.149
4241.43 -822.733 4336.9 -858.789
4255.53 -833.453 4349.83 -862.2
4269.34 -845.147 4363.64 -863.662
4283.14 -842.71 4378.04 -864.149
4296.95 -823.221 4391.26 -864.149
4311.64 -843.198 4406.24 -866.098
4325.74 -840.274 4420.05 -844.172
4339.55 -835.889 4433.57 -866.585
4353.36 -839.787 4447.38 -869.996
4368.34 -840.761 4461.49 -865.611
4382.74 -839.787 4476.18 -855.866
4396.55 -825.17 4490.29 -855.379
4411.24 -824.195 4504.39 -868.047
4424.46 -839.3 4517.33 -867.56
4438.57 -823.221 4532.02 -866.098
4452.67 -830.529 4546.72 -859.764
4466.78 -839.787 4560.53 -876.33
4480.59 -836.863 4574.05 -853.917
4495.58 -832.478 4588.45 -874.868
4509.39 -842.223 4603.15 -879.254
4523.5 -840.274 4616.38 -869.022
4536.72 -838.325 4630.19 -862.687
4552.01 -840.274 4644.6 -874.381
4564.94 -844.659 4658.12 -860.251
4579.64 -840.274 4673.11 -877.305
4593.16 -847.096 4686.05 -861.226
4607.85 -843.685 4699.57 -855.866
4621.96 -846.121 4713.97 -861.226
4635.78 -842.71 4729.26 -861.713
4650.48 -843.198 4742.78 -874.868
4663.12 -828.58 4756.9 -861.226
4678.11 -834.914 4771.01 -873.407
4692.51 -841.249 4784.82 -874.381
4706.04 -838.812 4799.23 -866.585
4721.03 -845.147 4813.05 -873.407
4733.67 -841.249 4826.87 -869.509
4748.37 -823.708 4840.98 -873.407
4762.19 -827.606 4854.21 -870.483
4776.3 -828.58 4868.91 -889.973
4790.41 -829.555 4883.32 -877.792
4804.23 -832.478 4897.43 -881.69
4818.93 -839.3 4911.84 -864.636
4832.16 -846.121 4924.78 -873.407
4846.86 -842.223 4940.36 -872.919
4860.38 -840.274 4953.59 -873.894
4874.5 -825.17 4967.7 -880.228
4888.9 -828.58 4980.93 -875.843
4903.31 -828.58 4995.05 -882.177
4916.54 -850.019 5009.75 -881.69
4931.24 -824.682 5022.98 -884.126
4944.47 -841.249 5037.09 -874.868
4959.47 -837.351 5052.09 -884.126
4972.41 -837.351 5065.32 -881.203
4987.11 -829.555 5079.73 -879.254
5001.81 -838.812 5093.26 -890.46
5015.34 -835.402 5107.96 -880.715
5029.45 -836.376 5121.78 -895.333
5042.39 -832.966 5136.48 -877.305
5057.68 -827.606 5149.71 -887.537
5070.91 -834.914 5163.24 -881.69
5085.61 -835.889 5177.64 -882.177
5099.14 -819.323 5191.76 -869.509
5113.84 -819.323 5205.87 -874.381
5127.07 -821.272 5220.28 -864.149
5141.77 -831.016 5234.98 -890.46
5155.88 -831.504 5248.8 -865.124
5169.41 -820.784 5262.32 -870.483
5183.23 -828.58 5277.03 -879.254
5197.93 -815.912 5290.26 -875.843
5212.05 -826.144 5304.37 -871.945
5226.16 -802.756 5319.07 -859.764
5239.68 -796.909 5332.89 -875.356
5253.8 -761.828 5346.71 -869.996
5268.79 -726.746 5360.82 -877.305
5281.73 -678.996 5374.93 -882.664
5296.73 -614.193 5388.46 -877.792
5309.96 -583.983 5402.87 -888.024
5323.78 -550.364 5418.15 -884.613
5337.6 -514.795 5431.09 -880.715
5352.88 -454.864 5445.5 -890.948
5366.41 -420.756 5459.02 -890.948
5379.93 -381.777 5473.13 -873.407
5395.22 -308.69 5486.36 -869.509
5408.16 -280.917 5499.3 -897.769
5421.98 -250.708 5514.88 -867.073
5436.97 -217.575 5529.58 -881.203
5450.2 -190.29 5544.28 -884.613
5464.9 -169.825 5557.5 -870.971
5478.13 -135.718 5571.32 -892.409
5492.53 -106.971 5585.14 -865.611
5506.65 -80.6595 5598.66 -876.817
5521.93 -26.5753 5613.95 -891.435
5535.46 11.4298 5627.17 -873.407
5548.68 37.2538 5641.28 -876.33
5563.38 80.1313 5655.69 -879.741
5576.61 118.136 5669.8 -871.945
5590.72 165.399 5683.9 -879.254
5604.83 235.075 5698.31 -875.356
5618.35 262.361 5712.41 -873.407
5633.35 324.241 5725.05 -878.766
5646.57 391.481 5739.75 -884.126
5660.1 423.152 5753.85 -889.486
5674.79 469.927 5768.26 -885.588
5689.19 524.499 5782.36 -886.562
5703.3 542.039 5797.06 -892.897
5717.41 600.996 5808.81 -884.126
5731.23 626.333 5824.98 -886.562
5745.33 653.131 5838.5 -895.333
5759.44 675.057 5852.01 -891.435
5773.55 723.782 5866.12 -884.613
5787.65 744.246 5880.81 -884.613
5801.76 799.305 5894.33 -881.203
5815.57 819.282 5908.43 -887.05
5829.97 847.055 5922.83 -882.177
5842.9 895.779 5935.76 -889.486
5857.3 943.529 5950.45 -877.305
5872.29 969.353 5964.26 -878.766
5885.81 1016.62 5978.95 -892.409
5899.62 1065.34 5992.76 -881.203
5914.02 1095.55 6007.15 -882.664
5927.53 1149.15 6020.97 -883.152
5940.76 1202.74 6034.48 -886.562
5956.03 1230.03 6048.87 -895.333
5969.26 1265.6 6063.27 -883.639
5983.95 1309.45 6077.37 -881.203
5997.46 1355.74 6091.18 -878.279
6012.15 1410.8 6104.69 -884.126
6025.37 1448.31 6119.38 -878.766
6040.06 1495.09 6132.89 -890.948
6053.87 1552.1 6146.69 -873.407
6067.09 1610.08 6161.97 -883.152
6082.36 1676.35 6174.89 -875.356
6094.99 1718.74 6189.57 -896.307
6109.68 1758.69 6202.79 -894.358
6123.49 1825.93 6216.3 -885.588
6138.76 1850.78 6230.98 -885.588
6152.27 1919.97 6245.08 -898.256
6166.66 1958.46 6260.06 -904.103
6180.18 1995.49 6273.57 -889.973
6193.98 2024.73 6286.78 -892.409
6207.49 2055.91 6301.76 -892.897
6222.17 2091.48 6314.97 -889.973
6236.56 2114.38 6330.24 -886.075
6249.49 2146.54 6344.33 -891.922
6263.88 2158.72 6357.84 -887.05
6278.26 2180.64 6371.34 -888.024
6293.24 2198.67 6385.44 -883.639
6307.33 2224.5 6399.82 -902.154
6319.67 2256.17 6413.91 -890.948
6334.64 2286.86 6428.3 -880.715
6347.56 2320 6442.1 -896.307
6362.53 2377 6455.6 -896.307
6376.63 2406.24 6469.98 -888.511
6390.72 2476.4 6484.07 -878.766
6405.11 2549.49 6498.16 -881.69
6418.32 2600.16 6511.95 -898.256
6432.41 2688.35 6526.34 -901.667
6446.79 2756.08 6540.43 -894.846
6460.59 2830.14 6554.22 -888.024
6475.27 2902.25 6568.31 -896.307
6488.47 2950.98 6583.27 -891.922
6502.56 3010.42 6596.77 -889.973
6516.36 3050.86 6610.27 -883.152
6530.45 3084.97 6624.36 -888.999
6545.41 3143.44 6639.03 -878.279
6558.33 3170.24 6652.52 -877.792
6572.41 3195.57 6667.2 -882.664
6586.5 3232.61 6680.99 -904.103
6600.88 3230.66 6694.48 -893.384
6614.67 3213.6 6709.15 -873.894
6629.05 3169.26 6723.23 -894.358
6643.14 3197.04 6737.61 -892.409
6656.05 3228.71 6750.81 -880.228
6671.3 3254.04 6765.48 -903.129
6684.21 3286.69 6778.39 -879.741
6698.88 3325.18 6792.76 -880.228
6713.55 3368.55 6806.25 -892.409
6726.46 3407.53 6821.5 -893.384
6740.84 3461.61 6835.29 -883.639
6754.92 3511.8 6848.19 -879.741
6769.59 3571.24 6863.74 -885.101
6783.08 3627.76 6877.23 -881.69
6796.57 3686.72 6891.89 -869.509
6810.65 3681.36 6905.67 -876.817
6824.73 3703.77 6919.46 -885.588
6839.39 3699.39 6934.41 -879.741
6853.47 3743.24 6947.31 -883.639
6866.96 3819.25 6962.56 -880.715
6881.33 3870.41 6975.76 -884.126
6895.12 3900.13 6989.83 -882.177
6909.78 3926.93 7004.19 -881.69
6923.27 3931.8 7017.68 -876.33
6937.93 3994.66 7032.63 -878.279
6950.83 4048.25 7045.82 -865.611
6964.91 4104.77 7059.31 -881.69
6980.15 4136.44 7074.26 -882.177
6993.05 4173.47 7088.04 -893.871
7007.42 4191.99 7102.69 -889.973
7021.2 4223.66 7116.47 -879.741
7035.27 4250.46 7130.54 -876.33
7049.63 4274.82 7143.43 -880.715
7062.53 4291.88 7157.79 -887.05
7077.48 4319.16 7172.15 -891.922
7090.97 4369.83 7186.51 -880.228
7105.33 4396.15 7200.87 -881.203
7119.4 4444.38 7214.94 -888.999
7133.76 4495.54 7228.12 -877.305
7147.54 4548.65 7243.07 -879.741
7161.02 4601.76 7256.55 -846.608
7175.67 4662.18 7270.9 -821.272
7189.44 4718.7 7284.67 -794.96
7203.8 4789.35 7299.91 -782.292
7218.16 4827.36 7312.8 -764.264
7232.52 4829.31 7326.57 -716.514
7245.41 4809.33 7340.63 -697.511
7259.18 4868.29 7354.69 -657.557
7274.13 4918.47 7369.63 -631.733
7287.6 4999.35 7382.81 -613.705
7301.37 5034.92 7397.75 -583.496
7316.02 5090.47 7410.93 -573.751
7329.79 5132.86 7424.7 -563.519
7344.44 5186.46 7439.93 -526.488
7357.62 5201.56 7453.11 -488.971
7371.97 5233.23 7468.33 -474.353
7385.74 5259.54 7481.22 -475.328
7398.92 5278.06 7495.28 -456.325
7413.57 5298.52 7509.92 -415.397
7427.63 5324.83 7523.68 -375.93
7442.27 5354.56 7537.73 -354.004
7455.74 5375.99 7550.91 -344.746
7469.51 5418.87 7566.43 -289.688
7485.03 5429.59 7580.48 -221.473
7497.62 5489.04 7593.95 -225.371
7512.26 5515.35 7608.59 -159.106
7525.73 5558.22 7621.76 -94.7896
7540.08 5578.69 7636.11 -52.3993
7554.13 5603.54 7649.28 -51.912
7568.19 5686.86 7663.62 -28.5243
7583.12 5760.92 7678.26 -4.16205
7595.71 5827.67 7692.31 64.0522
7610.05 5894.42 7706.94 99.6211
7623.81 5975.79 7720.11 113.264
7636.98 6052.78 7734.45 129.343
7652.79 6110.27 7748.8 156.629
7666.26 6161.43 7762.84 203.404
7680.01 6182.87 7776.6 199.019
7692.89 6171.67 7790.06 292.57
7708.11 6221.85 7805.27 347.629
7722.45 6250.11 7817.86 406.098
7735.92 6279.83 7832.49 411.945
7749.67 6330.99 7847.41 474.312
7763.72 6331.48 7860.28 473.825
7778.06 6362.67 7874.91 506.47
7792.69 6400.67 7888.96 542.039
7805.57 6436.24 7903.29 648.259
7820.78 6449.4 7917.33 561.042
7833.95 6494.22 7931.08 534.243
7847.41 6516.15 7946.3 620.973
7862.62 6570.23 7958.87 699.907
7875.79 6589.23 7972.91 760.812
7890.71 6620.91 7987.25 826.103
7904.46 6676.45 8001.58 899.19
7919.09 6732 8016.79 1022.95
7931.96 6787.54 8028.78 1071.19
7946 6868.43 8044.28 1118.94
7959.75 6930.79 8057.15 1171.56
7974.96 7018.98 8070.31 1232.47
7988.71 7100.84 8084.35 1270.47
8001.29 7171.49 8099.26 1289.96
8015.91 7222.65 8115.05 1349.89
8030.54 7273.81 8127.63 1389.36
8044.87 7311.33 8141.95 1432.72
8058.61 7376.13 8156.57 1487.78
8072.65 7426.81 8170.32 1529.68
8086.98 7482.84 8184.35 1586.69
8101.6 7534 8198.09 1635.9
8114.76 7547.16 8211.83 1686.58
8129.67 7584.68 8225.86 1747
8142.54 7647.04 8240.48 1830.8
8156.57 7670.92 8254.81 1914.12
8169.44 7734.26 8268.25 2004.75
8183.76 7764.96 8283.45 2122.17
8197.8 7808.32 8296.9 2240.57
8212.12 7834.14 8310.93 2302.94
8226.16 7872.64 8324.96 2395.52
8240.77 7916.98 8338.99 2457.89
8254.81 7948.65 8353.02 2534.38
8267.67 8001.76 8367.05 2585.54
8282.58 7989.58 8381.08 2664.96
8297.19 8060.71 8395.98 2733.18
8310.64 8102.62 8409.72 2810.65
8324.67 8152.8 8423.16 2870.58
8338.41 8220.53 8436.6 2936.85
8352.14 8283.87 8451.21 2974.85
8366.46 8367.19 8464.95 3023.09
8380.49 8379.86 8479.85 3066.45
8395.4 8390.58 8493.88 3121.03
8408.26 8426.15 8507.32 3183.88
8423.16 8442.71 8521.64 3209.22
8436.9 8468.05 8535.37 3236.99
8451.21 8535.78 8549.68 3283.77
8463.78 8582.55 8562.83 3334.93
8478.39 8646.87 8577.44 3361.24
8493.29 8677.08 8592.04 3405.09
8506.73 8744.32 8606.36 3460.64
8521.05 8769.17 8620.09 3505.46
8534.78 8803.76 8634.11 3566.85
8548.22 8878.31 8648.72 3637.99
8562.83 8886.59 8661.28 3695.97
8577.44 8932.88 8676.17 3753.96
8591.17 8973.32 8691.36 3803.17
8605.48 9038.13 8703.63 3866.02
8618.04 9090.26 8718.53 3937.16
8632.65 9124.37 8732.25 4003.43
8646.67 9177.97 8746.56 4057.51
8661.28 9240.82 8760.58 4114.52
8675.59 9324.63 8774.31 4174.45
8690.19 9407.95 8788.91 4230.97
8703.34 9475.67 8801.76 4276.28
8717.36 9546.81 8816.95 4313.8
8732.84 9632.57 8830.38 4369.35
8744.23 9701.27 8845.56 4400.04
8758.83 9805.54 8860.16 4441.46
8772.26 9879.11 8872.72 4479.95
8786.57 9956.1 8887.32 4507.72
8800.3 10036.5 8901.33 4565.71
8814.9 10101.8 8915.64 4607.12
8829.5 10146.1 8929.37 4648.05
8842.93 10177.8 8943.38 4706.52
8857.53 10253.8 8957.98 4758.17
8870.97 10256.2 8970.53 4811.28
8885.86 10313.2 8986.01 4860
8899 10319.1 9000.02 4917.98
8913.01 10359 9013.15 4971.09
8927.32 10351.7 9028.04 5030.05
8941.34 10350.3 9041.47 5083.16
8955.06 10193.9 9056.36 5121.17
8968.78 9511.73 9070.08 5207.9
8983.38 9417.69 9084.38 5234.69
8997.39 9423.54 9098.98 5289.27
9011.11 9472.75 9111.82 5323.37
9024.83 9500.52 9127.88 5368.2
9038.84 9523.91 9140.14 5417.9
9053.73 9580.43 9153.85 5454.44
9066.87 9626.23 9169.03 5502.68
9081.47 9681.78 9182.75 5528.5
9095.19 9753.89 9197.05 5583.07
9108.32 9786.53 9210.48 5602.56
9123.21 9826.98 9224.19 5652.26
9136.93 9859.62 9238.79 5691.73
9151.23 9894.22 9254.26 5720.96
9165.24 9929.3 9266.81 5778.95
9178.95 9902.5 9280.81 5816.95
9193.84 9872.78 9295.7 5849.6
9207.85 9552.17 9307.95 5909.04
9222.15 9567.27 9322.25 5942.17
9235.58 9507.83 9336.55 6002.59
9248.71 9534.14 9350.85 6064.47
9263.59 9555.09 9365.44 6105.4
9276.73 9564.84 9379.45 6159.97
9290.73 9629.64 9394.33 6206.26
9304.74 9659.85 9408.04 6255.96
9319.63 9687.14 9421.47 6312.97
9333.05 9709.55 9436.35 6360.72
9348.81 9707.11 9450.35 6429.91
9363.1 9680.8 9464.65 6490.32
9376.53 9431.82 9477.78 6549.28
9389.66 9375.3 9492.07 6612.13
9403.66 9299.29 9505.79 6668.17
9416.8 9328.04 9520.67 6725.17
9431.39 9379.2 9534.09 6783.64
9445.68 9406.97 9548.67 6817.26
9459.69 9484.44 9562.97 6879.63
9473.99 9517.09 9575.52 6929.33
9486.53 9604.31 9591.27 6964.9
9501.41 9669.11 9604.69 7016.55
9515.42 9739.76 9619.28 7044.81
9529.42 9813.33 9633.86 7081.84
9544.01 9884.96 9646.7 7111.56
9557.14 9983.38 9660.99 7148.59
9571.14 10059.4 9675.29 7184.16
9584.56 10162.2 9689.58 7203.65
9599.15 10242.6 9703.88 7237.27
9614.32 10314.7 9718.46 7278.2
9627.44 10353.2 9731.88 7483.82
9641.45 10438.5 9744.72 7692.36
9655.16 10432.6 9759.59 7725.98
9669.45 10307.4 9773.89 7782.01
9682.87 10218.7 9788.47 7804.91
9697.17 10038.9 9802.47 7859.48
9711.46 9977.53 9816.18 7916
9726.34 9940.99 9830.48 7951.57
9740.05 9960.97 9844.48 8036.84
9753.47 10032.6 9858.19 8072.41
9767.47 10071.6 9872.77 8098.72
9780.89 10139.3 9885.6 8135.26
9795.47 10201.2 9901.06 8179.6
9809.77 10276.2 9914.48 8232.71
9822.89 10377.6 9929.65 8261.46
9836.89 10433.1 9943.65 8306.28
9851.18 10531 9955.61 8330.65
9865.19 10581.7 9970.77 8366.7
9880.06 10679.7 9985.07 8401.3
9893.19 10765.9 10000.2 8436.38
9907.48 10849.2 10014.5 8459.28
9922.06 10928.6 10027.4 8474.87
9936.65 11011.5 10040.8 8518.24
9949.48 11093.8 10055.1 8546.01
9962.9 11165.4 10069.1 8556.24
9977.48 11232.7 10084.2 8612.27
9991.19 11313.6 10098.8 8623.48
10006.1 11356 10112.2 8647.36
10019.2 11444.1 10125.3 8707.77
10033.2 11508.9 10140.5 8704.36
10047.2 11588.4 10154.8 8748.7
10062.4 11622 10168.5 8737.98
10076.4 11693.1 10182.8 8766.24
10089.2 11750.6 10196.5 8794.5
10104.1 11793 10210.8 8848.1
10117.5 11861.7 10224.5 8880.75
10131.8 11857.3 10239.4 8913.39
10145.8 11851.5 10252.8 8951.88
10159.2 11838.8 10267.1 8963.58
10173.8 11837.3 10281.7 8991.84
10187.5 11855.9 10296 9047.38
10202 11790.6 10310 9099.03
10215.2 11766.7 10323.1 9151.17
10229.2 11300.9 10338.5 9169.2
10243.8 11254.6 10351.7 9198.43
10257.8 11313.6 10366 9227.18
10271.2 11356.4 10380.8 9287.6
10285.5 11431.5 10394.3 9330.47
10300.1 11488.5 10407.7 9351.91
10313.8 11547.4 10422.5 9370.92
10327.8 11625.4 10437.1 9374.33
10342.6 11683.4 10451.1 9382.12
10355.5 11626.4 10465.1 9392.35
10369.5 11490.4 10479.1 9415.25
10383.5 11222 10492.8 9438.64
10398 11205.9 10507.1 9420.61
10411.2 11191.3 10521.7 9443.51
10425.2 11134.3 10535.4 9465.44
10439.5 11159.1 10550.3 9466.42
10452.9 11162.5 10564.3 9489.8
10467.7 11175.7 10578.3 9498.57
10481.7 11210.3 10591.4 9517.09
10496.3 11249.2 10606.6 9570.2
10510.9 11288.7 10620.3 9582.87
10524 11361.8 10633.7 9628.18
10537.4 11378.4 10648.9 9664.72
10551.7 11416.4 10662.6 9708.58
10565.5 11400.3 10676.9 9746.09
10579.7 11438.3 10691.4 9762.17
10594 11460.7 10705.1 9824.54
10607.7 11460.2 10719.2 9833.8
10621.1 11465.6 10733.7 9874.24
10635.4 11400.3 10748 9899.09
10650.6 11376.9 10762.6 9926.37
10664 11448.5 10776.3 9963.89
10678.9 11491.4 10791.2 10025.3
10692 11574.2 10804.9 10031.6
10705.7 11586.4 10819.5 10033.1
10719.4 11623 10833.8 10080.3
10733.4 11674.1 10847.5 10088.6
10747.7 11661.5 10862.6 10127.6
10762.3 11695.1 10877.5 10194.8
10776.6 11773 10891.8 10189.5
10789.1 11652.7 10906.1 10233.3
10803.4 11491.9 10920.7 10280.1
10817.7 11383.7 10934.7 10341.5
10831.7 11233.7 10949.9 10374.6
10845.7 11151.8 10964.2 10396.6
10859.4 11068.5 10977 10418.5
10874 11030.5 10989.3 10437.5
10887.1 10968.6 10995.4 10474
10901.7 10861.4 10995.4 10517.4
10916.3 10787.3 10985.5 10598.3
10930 10716.7 10972 10623.1
10944.3 10689.4 10958 10660.7
