8011.82 -1235.43 8036.68 -1241.28
8010.35 -1202.78 8048.38 -1238.84
8006.26 -1192.55 8060.37 -1240.3
8005.67 -1208.63 8072.06 -1229.58
8008.89 -1189.63 8084.35 -1212.53
8017.08 -1190.6 8096.34 -1224.71
8026.15 -1195.48 8108.91 -1213.99
8036.97 -1199.86 8121.48 -1204.25
8048.38 -1202.3 8133.77 -1210.09
8059.78 -1190.6 8144.58 -1217.4
8071.48 -1195.48 8157.16 -1232.02
8084.64 -1191.58 8169.44 -1248.59
8096.34 -1194.5 8181.13 -1233.48
8109.2 -1189.14 8193.12 -1244.69
8121.48 -1198.89 8205.11 -1238.84
8132.31 -1193.04 8217.1 -1251.51
8144.88 -1194.99 8228.5 -1249.07
8156.28 -1196.94 8241.07 -1238.35
8168.27 -1206.68 8253.05 -1261.74
8180.26 -1200.35 8265.62 -1251.51
8193.71 -1193.53 8277.9 -1263.2
8205.11 -1196.45 8289.59 -1254.92
8216.8 -1195.48 8300.7 -1252.48
8229.96 -1187.19 8313.56 -1255.89
8241.07 -1192.55 8325.25 -1260.77
8253.64 -1187.19 8337.82 -1264.66
8265.62 -1186.71 8349.8 -1281.23
8277.32 -1175.99 8361.79 -1281.23
8289.01 -1176.47 8373.19 -1271.97
8300.99 -1191.58 8386.05 -1279.28
8314.44 -1194.01 8398.32 -1297.8
8325.25 -1196.94 8409.43 -1277.82
8337.24 -1197.42 8421.41 -1279.28
8349.8 -1185.24 8433.68 -1295.85
8361.5 -1191.09 8445.37 -1280.26
8374.94 -1183.29 8457.94 -1283.67
8386.63 -1181.35 8469.62 -1294.87
8398.61 -1188.17 8481.6 -1285.62
8410.6 -1180.86 8493.88 -1293.9
8421.99 -1189.63 8506.15 -1298.77
8434.56 -1189.63 8517.83 -1281.23
8446.25 -1187.68 8530.4 -1288.54
8459.1 -1181.83 8542.38 -1278.31
8470.79 -1179.88 8553.77 -1300.23
8482.48 -1177.45 8565.46 -1280.26
8495.04 -1176.96 8577.73 -1301.69
8506.44 -1175.99 8590.58 -1313.88
8519.88 -1180.86 8601.39 -1295.36
8531.86 -1181.35 8614.25 -1306.57
8542.67 -1184.27 8627.1 -1306.57
8555.52 -1177.45 8638.78 -1309
8566.63 -1166.73 8650.18 -1309
8579.48 -1171.6 8662.44 -1311.93
8591.17 -1169.65 8674.71 -1290
8603.44 -1188.17 8685.81 -1299.75
8615.41 -1165.75 8698.37 -1310.95
8627.1 -1163.32 8710.64 -1329.47
8640.54 -1160.88 8722.03 -1309.98
8651.64 -1171.11 8734.01 -1314.36
8663.32 -1160.88 8746.56 -1310.95
8675.88 -1175.5 8758.54 -1324.6
8688.73 -1176.47 8771.1 -1314.85
8699.54 -1175.5 8783.07 -1322.65
8711.52 -1178.42 8793.58 -1317.77
8724.37 -1170.63 8806.14 -1317.29
8736.34 -1191.58 8818.7 -1307.05
8748.32 -1168.19 8830.09 -1310.47
8760 -1163.32 8842.93 -1316.8
8772.56 -1186.71 8855.2 -1308.03
8784.53 -1179.88 8867.17 -1328.49
8795.34 -1180.37 8879.73 -1311.93
8807.89 -1184.27 8890.24 -1311.93
8820.16 -1164.78 8903.67 -1331.42
8832.42 -1178.91 8914.18 -1318.75
8844.98 -1176.47 8927.03 -1317.77
8856.37 -1165.75 8939 -1312.9
8868.92 -1179.88 8950.68 -1322.65
8880.6 -1172.09 8963.82 -1317.77
8892.28 -1175.5 8974.62 -1327.03
8903.96 -1181.35 8987.47 -1326.06
8916.52 -1174.04 8998.56 -1324.11
8928.78 -1175.01 9010.82 -1320.21
8940.75 -1165.27 9023.08 -1323.62
8953.01 -1172.09 9034.47 -1309.98
8965.57 -1177.45 9047.31 -1315.34
8976.66 -1163.32 9059.28 -1309
8988.93 -1158.93 9070.37 -1325.57
9000.9 -1176.47 9084.97 -1307.54
9012.57 -1183.29 9096.06 -1329.47
9025.13 -1171.11 9107.74 -1313.39
9036.8 -1171.6 9119.12 -1306.57
9048.77 -1176.96 9131.96 -1310.47
9060.74 -1190.6 9143.35 -1319.24
9073.29 -1170.14 9155.02 -1310.95
9085.26 -1165.27 9167.57 -1300.72
9096.94 -1195.48 9180.71 -1315.83
9108.9 -1193.53 9192.09 -1310.47
9121.46 -1182.81 9203.76 -1320.7
9132.84 -1185.73 9215.73 -1313.39
9145.39 -1179.88 9228.28 -1319.24
9157.36 -1178.42 9239.66 -1303.64
9168.74 -1188.65 9251.63 -1307.05
9181.87 -1177.45 9264.18 -1302.18
9193.55 -1189.63 9276.14 -1293.9
9206.68 -1207.66 9287.52 -1309
9217.19 -1186.71 9299.2 -1309
9228.86 -1188.65 9312.04 -1304.13
9242 -1187.19 9323.13 -1301.69
9253.09 -1185.73 9335.38 -1295.36
9265.93 -1196.45 9347.06 -1309.98
9278.48 -1192.06 9360.19 -1308.03
9288.98 -1187.19 9371.57 -1296.82
9302.41 -1190.12 9383.82 -1317.29
9314.37 -1192.06 9396.66 -1306.08
9326.34 -1193.04 9408.63 -1300.23
9338.01 -1192.06 9420.3 -1307.05
9350.56 -1187.19 9431.97 -1289.51
9363.69 -1198.89 9443.64 -1305.59
9374.78 -1188.65 9456.77 -1292.44
9386.74 -1192.06 9467.86 -1295.36
9397.25 -1202.3 9480.99 -1296.82
9409.5 -1193.53 9492.95 -1291.95
9422.05 -1205.22 9504.04 -1298.77
9434.01 -1187.19 9517.17 -1288.54
9445.68 -1201.81 9528.25 -1294.87
9458.23 -1186.22 9540.51 -1298.77
9469.9 -1212.53 9553.05 -1287.56
9482.44 -1195.96 9565.31 -1291.46
9494.41 -1197.91 9576.97 -1284.64
9506.37 -1185.73 9588.94 -1293.41
9518.63 -1198.89 9600.61 -1304.62
9530.88 -1197.42 9612.86 -1306.57
9541.97 -1219.35 9625.11 -1289.03
9554.8 -1208.63 9637.07 -1285.13
9565.89 -1226.66 9648.45 -1287.08
9578.43 -1209.12 9661.58 -1278.31
9591.27 -1208.63 9673.25 -1279.77
9603.23 -1211.55 9684.92 -1293.9
9615.19 -1208.14 9697.46 -1287.56
9625.99 -1213.99 9708.84 -1280.74
9638.24 -1215.45 9720.8 -1288.54
9651.08 -1211.55 9733.05 -1285.13
9661.87 -1202.78 9746.47 -1287.08
9675.29 -1204.25 9757.55 -1272.46
9686.08 -1207.66 9769.8 -1292.44
9698.33 -1205.71 9781.47 -1272.95
9710.88 -1213.99 9793.43 -1273.43
9721.96 -1202.3 9805.97 -1286.59
9733.92 -1215.94 9817.93 -1289.03
9746.47 -1203.27 9830.18 -1271.49
9759.89 -1215.94 9842.14 -1276.85
9770.68 -1211.55 9853.81 -1288.54
9782.64 -1203.27 9865.48 -1273.43
9794.89 -1211.55 9877.73 -1275.38
9806.26 -1220.81 9890.27 -1268.56
9818.81 -1211.55 9901.94 -1271.49
9830.18 -1211.55 9913.6 -1271
9843.6 -1232.51 9924.98 -1274.9
9855.27 -1211.07 9937.52 -1268.56
9867.23 -1221.3 9950.36 -1282.69
9878.9 -1224.22 9961.73 -1268.56
9891.15 -1227.63 9974.27 -1264.18
9903.69 -1205.71 9986.52 -1259.3
9914.48 -1214.97 9997.02 -1283.67
9926.73 -1221.79 10010.4 -1265.64
9938.98 -1214.97 10021.8 -1281.23
9951.23 -1221.79 10034.9 -1281.72
9964.07 -1211.55 10046.3 -1263.2
9975.73 -1207.17 10058.6 -1274.9
9987.4 -1203.27 10069.6 -1279.77
9999.36 -1204.73 10082.2 -1279.77
10010.7 -1205.22 10094.4 -1289.03
10023.3 -1213.99 10106.7 -1268.56
10035.2 -1192.06 10119.2 -1268.56
10047.8 -1205.22 10130.3 -1271.49
10059.1 -1193.04 10143.4 -1273.92
10071.7 -1216.91 10155.4 -1255.89
10085.1 -1188.17 10166.5 -1281.72
10095 -1192.55 10178.7 -1275.38
10107.6 -1190.12 10190.1 -1268.07
10118.9 -1201.32 10203.2 -1262.72
10130.9 -1185.24 10215.5 -1273.92
10143.7 -1184.76 10225.7 -1263.69
10154.8 -1198.4 10239.4 -1270.51
10167.6 -1174.04 10251 -1274.41
10179.3 -1187.19 10264.2 -1275.87
10191.9 -1196.94 10274.4 -1261.74
10203.8 -1180.37 10287.2 -1267.1
10215.5 -1175.99 10298.9 -1269.54
10228.3 -1190.12 10310.8 -1261.74
10239.4 -1180.37 10324.3 -1278.31
10251.9 -1202.3 10335.3 -1268.07
10263.9 -1191.58 10347.3 -1271
10275.8 -1186.22 10359.3 -1265.15
10287.8 -1182.81 10371.8 -1271
10300.1 -1170.63 10383.2 -1260.28
10312.3 -1180.86 10394.5 -1265.64
10322.5 -1164.29 10407.7 -1277.33
10335.6 -1168.19 10420.5 -1257.84
10346.7 -1162.83 10431.6 -1255.41
10359.5 -1168.68 10442.4 -1266.61
10372.1 -1149.19 10456.1 -1260.77
10384.3 -1167.22 10467.4 -1254.43
10396.3 -1171.11 10479.4 -1260.28
10407.1 -1147.73 10491.9 -1259.79
10419.6 -1156.01 10503.9 -1254.92
10431.6 -1153.57 10515.9 -1257.36
10443.8 -1145.29 10528.1 -1258.82
10456.7 -1139.93 10540.6 -1242.74
10468.3 -1171.11 10551.7 -1254.92
10480 -1158.93 10564.6 -1256.38
10491.7 -1157.47 10575.9 -1247.61
10503.9 -1172.09 10587.9 -1237.87
10516.7 -1156.01 10600.4 -1246.64
10527.5 -1158.44 10612.7 -1243.23
10541.2 -1155.03 10623.5 -1244.69
10552 -1159.42 10636.6 -1249.07
10564 -1155.03 10648.3 -1248.1
10575.6 -1151.62 10659.6 -1246.64
10587.9 -1141.39 10672.2 -1256.87
10600.4 -1141.39 10683.9 -1261.25
10611.8 -1159.42 10696.7 -1242.25
10623.8 -1153.57 10708.4 -1263.69
10636.9 -1159.91 10720.6 -1252.97
10649.4 -1146.26 10733.1 -1261.25
10660.8 -1147.73 10744.5 -1263.69
10672.2 -1147.73 10756.8 -1255.41
10685.3 -1156.01 10769 -1252.48
10696.1 -1153.57 10781.3 -1243.23
10708.4 -1154.55 10793.2 -1255.41
10719.7 -1139.44 10804.9 -1238.35
10732.3 -1152.6 10816.3 -1264.18
10745.1 -1147.73 10829.4 -1239.33
10757.1 -1152.6 10841.4 -1241.28
10768.1 -1133.6 10853.6 -1235.43
10779.2 -1152.11 10865.3 -1237.38
10792.4 -1139.44 10877.8 -1241.28
10805.5 -1163.32 10889.5 -1254.92
10816.3 -1149.19 10901.5 -1227.63
10828.8 -1146.26 10913.4 -1240.3
10840.5 -1148.7 10925.1 -1232.02
10853 -1153.57 10937.3 -1245.17
10864.4 -1159.42 10949.9 -1261.25
10877 -1146.75 10961.8 -1227.63
10888.9 -1158.93 10972.9 -1238.35
10900 -1148.21 10986 -1249.07
10912.2 -1156.5 10997.1 -1248.59
10924.8 -1155.03 11010 -1250.53
10936.2 -1152.6 11021.9 -1246.64
10949 -1151.14 11033.3 -1261.25
10959.5 -1162.83 11046.7 -1265.64
10972.9 -1160.39 11058.1 -1254.92
10984.3 -1163.8 11070 -1266.61
10996.5 -1149.19 11082.6 -1261.74
11009.1 -1150.65 11094.3 -1271.49
11020.5 -1154.55 11106.8 -1258.82
11033.3 -1157.47 11117.9 -1255.89
11045.3 -1144.31 11130.4 -1262.23
11056.6 -1152.6 11141.8 -1261.74
11068.6 -1151.62 11154.1 -1255.41
11080.6 -1159.42 11166.3 -1256.38
11092.8 -1140.9 11177.1 -1258.82
11105.1 -1157.96 11190.5 -1250.05
11116.7 -1169.65 11202.2 -1247.12
11128.4 -1158.44 11214.5 -1239.81
11140.7 -1170.63 11226.4 -1241.28
11153.5 -1163.8 11237.8 -1255.41
11164.9 -1165.27 11251.2 -1263.2
11178.3 -1156.01 11262.6 -1252.97
11188.8 -1180.86 11274.9 -1260.28
11200.5 -1155.03 11286.8 -1240.3
11213.3 -1166.73 11298.8 -1276.36
11225 -1179.4 11310.5 -1263.2
11236.6 -1157.96 11323 -1282.21
11249.5 -1179.88 11335.5 -1278.79
11262.3 -1165.27 11347.2 -1274.9
11271.9 -1175.01 11359.2 -1279.28
11284.8 -1163.8 11371.4 -1289.51
11296.2 -1170.14 11382.8 -1285.62
11308.4 -1181.35 11394.8 -1279.28
11321.8 -1178.42 11406.8 -1279.28
11332.6 -1181.83 11419.3 -1283.67
11344.9 -1178.91 11430.7 -1298.28
11357.7 -1179.4 11443.2 -1288.54
11369.7 -1192.06 11455.5 -1284.64
11380.5 -1170.63 11467.4 -1288.05
11392.2 -1181.83 11480.3 -1277.82
11405.9 -1189.63 11491.1 -1298.28
11417.8 -1170.63 11503.6 -1289.51
11428.9 -1190.6 11516.2 -1278.79
11440.6 -1184.76 11527.3 -1287.08
11452.9 -1188.65 11539.5 -1281.23
11465.1 -1198.89 11552.4 -1276.36
11476.8 -1200.35 11563.8 -1277.33
11489.6 -1191.58 11575.4 -1283.67
11501.3 -1187.68 11587.7 -1280.74
11513 -1196.94 11600.8 -1283.18
11524.9 -1201.81 11611 -1294.39
11537.5 -1203.76 11624.2 -1284.15
11548.6 -1203.27 11636.7 -1283.67
11561.1 -1190.6 11648.1 -1280.74
11572.5 -1193.04 11660.1 -1283.67
11584.8 -1197.91 11672 -1305.59
11597.3 -1186.22 11684 -1285.62
11609.6 -1196.94 11696.3 -1297.8
11621 -1186.22 11708.5 -1303.16
11633.5 -1200.84 11720.5 -1302.18
11645.5 -1175.01 11732.5 -1284.15
11657.5 -1187.68 11744.7 -1279.77
11669.4 -1203.27 11756.1 -1286.1
11681.1 -1204.25 11768.4 -1285.62
11693.6 -1184.27 11780.3 -1283.18
11704.4 -1210.58 11793.2 -1287.08
11717.3 -1205.22 11804.9 -1278.31
11729.5 -1202.78 11817.1 -1283.67
11741.2 -1205.22 11829.4 -1291.95
11754.1 -1201.81 11840.8 -1279.77
11765.2 -1221.79 11853 -1285.13
11777.4 -1216.43 11864.4 -1284.15
11788.8 -1227.15 11877.3 -1290
11800.8 -1213.99 11889.5 -1292.44
11813 -1211.55 11900.6 -1281.72
11825 -1212.04 11913.2 -1272.95
11837.9 -1225.2 11924.3 -1285.13
11849.2 -1208.14 11936.8 -1280.74
11861.2 -1218.86 11949.4 -1290
11873.8 -1212.04 11961.4 -1283.18
11885.2 -1221.79 11974.2 -1294.39
11897.4 -1226.66 11985 -1287.08
11908.8 -1218.38 11998.2 -1293.9
11921.7 -1224.22 12009.8 -1282.21
11933.9 -1209.61 12021.5 -1298.77
11945.9 -1212.04 12034.4 -1289.03
11958.7 -1203.27 12046 -1285.62
11970.1 -1212.04 12058.3 -1298.28
11981.2 -1212.04 12069.7 -1298.77
11993.5 -1216.91 12082.3 -1298.28
12006 -1216.91 12094.2 -1297.31
12016.6 -1206.19 12106.5 -1297.8
12029.7 -1209.12 12117.6 -1297.31
12041.7 -1209.12 12130.5 -1275.87
12053.9 -1210.58 12142.1 -1302.18
12065.3 -1225.2 12154.1 -1314.85
12077.6 -1221.3 12166.7 -1307.54
12089.9 -1221.79 12177.8 -1305.11
12101 -1211.55 12190.6 -1304.62
12113.5 -1202.78 12203.2 -1316.31
12125.8 -1216.91 12214.9 -1308.52
12137.8 -1217.4 12226.6 -1313.39
12149.2 -1220.81 12238.8 -1304.62
12162 -1210.58 12250.5 -1300.72
12173.4 -1223.25 12263.1 -1315.34
12186.8 -1217.89 12274.2 -1308.52
12196.8 -1219.84 12287 -1303.64
12210.2 -1210.58 12299.3 -1301.21
12221.6 -1210.58 12310.7 -1311.93
12233.9 -1210.09 12323 -1310.95
12246.7 -1211.55 12335.8 -1307.05
12257.5 -1220.33 12347.2 -1312.9
12270.4 -1205.71 12359.5 -1315.83
12282.1 -1211.55 12370.9 -1307.05
12294 -1219.84 12383.2 -1308.52
12305.7 -1220.33 12395.1 -1300.72
12317.1 -1210.09 12407.1 -1322.16
12330.6 -1208.14 12419.4 -1293.9
12340.8 -1209.61 12432.3 -1292.44
12353.6 -1199.86 12442.5 -1296.82
12366.2 -1201.32 12455.6 -1291.95
12377.3 -1194.99 12468.2 -1275.38
12389.6 -1186.71 12480.8 -1281.72
12401.6 -1205.71 12492.5 -1289.03
12413.5 -1193.04 12504.1 -1277.82
12425.8 -1187.68 12516.1 -1271.97
12438.1 -1191.58 12527.8 -1261.25
12451 -1193.53 12540.4 -1274.9
12461.2 -1191.09 12551.8 -1289.03
12474.6 -1207.17 12563.8 -1271.97
12485.7 -1205.71 12576 -1263.2
12498 -1198.4 12587.4 -1269.54
12509.4 -1196.45 12600.9 -1255.41
12521.1 -1197.91 12612.6 -1269.54
12535.1 -1201.32 12624.3 -1266.61
12545.6 -1190.6 12637.1 -1265.15
12558.2 -1203.76 12647.6 -1248.59
12569.6 -1200.84 12661.1 -1261.25
12581.6 -1201.32 12672.8 -1264.66
12593.9 -1189.14 12685.1 -1236.89
12606.1 -1186.71 12697.9 -1240.79
12619.3 -1185.73 12709 -1250.53
12630.1 -1196.45 12721 -1253.46
12643.3 -1174.52 12733 -1247.61
12654.1 -1193.53 12744.7 -1254.92
12665.2 -1179.88 12757.6 -1239.81
12678.6 -1168.19 12769.6 -1248.1
12689.5 -1173.06 12782.1 -1237.38
12702.6 -1174.04 12793.2 -1235.92
12713.1 -1168.19 12805.5 -1249.56
12726.3 -1165.75 12817.8 -1236.4
12738 -1165.75 12829.8 -1235.92
12749.7 -1180.37 12842.1 -1240.3
12762.8 -1163.8 12853.5 -1238.35
12773.6 -1169.65 12866.3 -1215.94
12785.9 -1179.4 12878.6 -1228.61
12797.9 -1164.29 12889.7 -1223.74
12809.9 -1175.5 12902.3 -1236.4
12821.6 -1159.91 12913.4 -1230.07
12833.9 -1171.6 12926 -1223.25
12845.9 -1170.14 12937.1 -1230.56
12859 -1175.01 12950.9 -1215.94
12870.1 -1165.27 12963.1 -1236.4
12881.8 -1175.01 12974.5 -1227.63
12893.5 -1177.45 12986.2 -1217.89
12905.8 -1185.24 12998.2 -1234.46
12918.1 -1172.58 13011.1 -1229.58
12930.4 -1172.58 13023.1 -1234.46
12940.9 -1176.47 13034.8 -1236.4
12954.1 -1170.63 13046.5 -1244.2
12966.4 -1172.09 13058.5 -1237.38
12978 -1169.65 13071.4 -1242.74
12991.2 -1179.88 13082.5 -1244.2
13001.4 -1176.96 13095.3 -1239.81
13014.6 -1170.14 13107.3 -1239.33
13025.4 -1148.7 13119.6 -1255.41
13037.4 -1171.6 13132.8 -1243.71
13050.3 -1152.6 13143.6 -1247.61
13062 -1153.09 13155.9 -1247.61
13074.9 -1129.21 13168.2 -1229.58
13086.6 -1111.67 13179.6 -1241.28
13098.3 -1111.18 13191.9 -1248.1
13110.3 -1098.03 13203.6 -1243.71
13122 -1093.15 13215.9 -1233.97
13134.5 -1089.74 13228.7 -1242.25
13145.9 -1085.36 13240.7 -1244.69
13158.5 -1083.9 13252.4 -1242.74
13170.5 -1100.46 13264.7 -1241.76
13181.3 -1087.31 13277 -1250.53
13194.2 -1088.28 13288.1 -1259.79
13206.5 -1099.49 13300.4 -1261.74
13218.5 -1087.79 13312.4 -1264.66
13230.2 -1099.49 13325.3 -1266.13
13243.4 -1099.49 13337.3 -1264.18
13254.5 -1094.13 13348.7 -1263.2
13265.6 -1096.56 13360.4 -1287.08
13278.2 -1094.62 13373.6 -1282.21
13289 -1102.9 13385.9 -1275.87
13301.9 -1085.36 13397 -1276.36
13314.5 -1070.74 13409.3 -1286.59
13325.9 -1064.89 13421.9 -1302.67
13338.2 -1041.02 13433.3 -1290
13349.6 -1001.55 13446.5 -1302.18
13363 -981.575 13457.6 -1304.62
13374.2 -920.182 13469.9 -1290
13385.6 -878.279 13481.9 -1293.9
13397.9 -837.838 13493.6 -1285.62
13410.5 -781.805 13506.7 -1273.92
13422.4 -719.437 13517.6 -1283.18
13433.9 -664.866 13531.3 -1265.15
13446.5 -596.652 13542.5 -1246.15
13458.2 -546.953 13554.4 -1211.07
13469.9 -486.047 13566.7 -1127.26
13482.2 -434.886 13578.5 -1088.28
13494.1 -394.445 13590.8 -1072.2
13506.7 -365.698 13603.3 -1052.23
13517.3 -316.486 13615.6 -1002.53
13529.6 -250.221 13627.3 -979.626
13542.5 -222.935 13639.3 -963.547
13554.2 -183.955 13652.2 -911.899
13567 -132.795 13663.6 -873.407
13577.6 -95.2768 13676.2 -826.144
13590.2 -39.2437 13687.4 -770.598
13602.5 7.53182 13699.6 -682.894
13614.5 62.1032 13712.5 -585.932
13626.8 113.264 13724.2 -531.361
13637.3 191.71 13736.2 -462.172
13649.9 280.389 13748.5 -398.343
13661.9 347.629 13761.1 -333.54
13674.2 419.254 13772.8 -250.221
13686.5 502.573 13784.8 -167.389
13697.6 569.812 13796.8 -83.583
13710.5 662.876 13809.1 9.96805
13722.5 733.527 13821.1 102.545
13733.6 803.203 13834.3 211.2
13746.2 874.34 13845.4 341.295
13758.2 953.761 13858.6 402.2
13769.3 1029.28 13869.8 458.72
13782.2 1108.22 13883.2 504.034
13794.2 1179.36 13895.5 537.654
13805.9 1252.93 13908.1 573.223
13818.5 1308.96 13920.1 598.072
13829.9 1387.9 13932.4 622.922
13841.6 1493.14 13944.7 647.771
13854.5 1541.87 13957 669.698
13865.9 1497.04 13969 694.06
13878.5 1446.37 13980.4 737.424
13890 1356.23 13989.2 794.432
13902 1296.78 13995.4 831.95
13914.6 1251.95 13995.1 869.955
13924.8 1219.31 13984.5 922.09
13938.3 1182.28 13972.8 977.149
13950 1113.58 13961.7 1045.36
