8012.11 -1146.75 8037.85 -1091.69
8010.94 -1074.64 8048.96 -1078.05
8006.84 -1070.74 8059.49 -1075.13
8005.67 -1063.92 8071.48 -1083.41
8008.89 -1062.46 8083.47 -1081.46
8017.08 -1069.28 8097.8 -1083.41
8025.85 -1062.94 8108.91 -1067.33
8038.14 -1066.36 8120.31 -1060.02
8048.96 -1076.1 8133.18 -1057.1
8060.07 -1068.79 8145.17 -1079.02
8070.6 -1070.74 8157.74 -1081.95
8084.05 -1078.54 8169.15 -1096.56
8096.34 -1063.92 8180.55 -1105.82
8109.5 -1063.92 8192.24 -1112.16
8120.9 -1057.59 8205.69 -1094.13
8132.01 -1067.33 8217.39 -1101.44
8144 -1084.87 8229.37 -1107.77
8156.28 -1074.64 8240.77 -1110.21
8168.56 -1065.38 8253.34 -1098.03
8180.26 -1070.25 8265.04 -1116.54
8192.54 -1074.15 8276.73 -1119.95
8205.69 -1066.84 8289.59 -1114.59
8217.68 -1077.08 8301.58 -1110.21
8229.67 -1079.02 8312.98 -1130.67
8241.65 -1064.89 8324.67 -1122.88
8254.81 -1074.64 8337.53 -1110.7
8265.04 -1094.62 8349.51 -1140.42
8277.32 -1075.61 8361.79 -1136.03
8289.59 -1085.85 8373.19 -1123.36
8301.87 -1087.79 8386.05 -1136.03
8314.44 -1085.36 8397.74 -1140.42
8325.84 -1090.72 8409.43 -1131.65
8338.99 -1094.62 8421.7 -1149.67
8350.39 -1094.62 8433.1 -1142.85
8362.37 -1092.18 8445.37 -1161.86
8374.06 -1082.43 8457.64 -1149.19
8385.75 -1094.62 8469.62 -1151.62
8397.74 -1084.87 8481.9 -1168.68
8410.3 -1109.72 8493.29 -1157.96
8422.87 -1090.23 8506.44 -1183.29
8434.85 -1104.36 8518.42 -1159.42
8446.83 -1099.98 8529.52 -1174.52
8458.52 -1097.05 8542.09 -1180.37
8470.79 -1106.31 8554.65 -1182.32
8483.36 -1093.64 8566.34 -1183.78
8495.04 -1116.05 8577.73 -1190.12
8507.02 -1106.8 8590.29 -1186.71
8518.71 -1099.98 8601.68 -1194.99
8531.57 -1105.82 8614.25 -1196.94
8543.84 -1113.13 8626.51 -1197.42
8555.23 -1097.54 8637.61 -1210.09
8566.92 -1107.77 8650.76 -1196.94
8579.19 -1107.28 8661.28 -1212.04
8591.17 -1097.05 8673.25 -1208.14
8603.73 -1101.92 8686.1 -1215.45
8615.41 -1114.59 8698.37 -1221.3
8627.68 -1111.67 8710.35 -1227.63
8639.95 -1109.23 8722.32 -1236.89
8652.51 -1135.06 8734.01 -1229.58
8663.9 -1118.49 8745.98 -1231.04
8675.59 -1114.11 8758.83 -1234.46
8689.03 -1121.41 8770.8 -1238.84
8700.12 -1106.8 8782.48 -1236.4
8712.1 -1123.36 8795.34 -1251.02
8724.95 -1121.9 8806.73 -1237.87
8735.76 -1118.98 8818.11 -1233.48
8747.73 -1111.18 8830.38 -1246.64
8760 -1126.29 8842.35 -1243.23
8772.26 -1116.54 8855.2 -1247.12
8783.07 -1115.57 8867.17 -1236.4
8796.21 -1113.13 8878.85 -1251.51
8809.35 -1119.47 8891.41 -1252.97
8819.28 -1112.16 8902.8 -1251.02
8832.72 -1109.23 8915.35 -1258.82
8844.1 -1111.18 8926.15 -1252.97
8857.24 -1104.85 8939.58 -1256.87
8868.63 -1115.08 8951.26 -1250.53
8880.02 -1106.8 8962.94 -1259.79
8892.58 -1108.75 8974.62 -1252.48
8904.55 -1109.23 8987.47 -1254.92
8916.81 -1103.39 8999.43 -1254.43
8928.78 -1106.8 9011.11 -1237.38
8940.46 -1099.98 9023.66 -1251.51
8952.72 -1098.51 9035.63 -1266.61
8965.57 -1115.57 9047.31 -1241.28
8977.25 -1111.67 9059.28 -1266.61
8989.22 -1109.23 9070.37 -1246.64
9001.19 -1100.95 9083.8 -1264.66
9013.45 -1103.87 9096.35 -1246.15
9023.96 -1103.87 9107.74 -1262.72
9037.68 -1108.75 9120 -1232.51
9049.94 -1105.82 9131.96 -1249.56
9060.74 -1103.39 9143.93 -1242.25
9073.29 -1097.05 9154.73 -1249.07
9085.85 -1098.51 9168.16 -1251.02
9097.23 -1108.26 9179.83 -1250.53
9108.03 -1104.85 9191.51 -1243.23
9120.87 -1090.23 9203.76 -1234.94
9133.42 -1101.92 9215.73 -1224.71
9145.39 -1092.18 9227.7 -1239.81
9157.36 -1094.13 9240.54 -1245.17
9169.62 -1098.03 9251.92 -1231.53
9181.58 -1102.9 9264.18 -1227.63
9193.84 -1103.39 9275.27 -1215.45
9204.93 -1095.1 9287.52 -1219.84
9217.77 -1103.87 9299.49 -1216.91
9228.86 -1092.67 9312.62 -1211.55
9241.71 -1084.87 9323.71 -1207.17
9253.38 -1100.46 9334.51 -1198.89
9265.34 -1098.51 9347.35 -1196.94
9277.31 -1106.8 9359.31 -1194.99
9290.15 -1097.05 9372.44 -1189.63
9302.12 -1111.67 9383.53 -1192.06
9313.79 -1097.05 9395.79 -1187.19
9326.05 -1102.9 9408.63 -1180.86
9337.72 -1113.13 9420.59 -1176.96
9350.85 -1100.95 9432.55 -1172.09
9363.1 -1099.98 9444.22 -1161.37
9374.78 -1100.46 9457.06 -1157.96
9386.16 -1101.92 9468.73 -1153.09
9398.41 -1101.44 9480.11 -1157.96
9410.38 -1094.62 9493.53 -1154.55
9422.34 -1107.77 9505.2 -1150.65
9434.3 -1109.72 9517.46 -1138.47
9446.56 -1114.11 9528.25 -1132.62
9457.94 -1118.98 9540.51 -1138.96
9469.9 -1110.21 9553.05 -1131.65
9482.44 -1113.13 9565.01 -1127.26
9494.12 -1114.59 9577.56 -1126.77
9505.49 -1108.75 9588.06 -1118
9518.63 -1104.36 9600.32 -1115.08
9531.17 -1109.72 9614.03 -1112.16
9542.55 -1104.36 9624.24 -1102.9
9553.93 -1115.57 9637.37 -1102.9
9566.47 -1091.69 9648.74 -1088.28
9579.02 -1116.05 9661.58 -1098.03
9590.4 -1100.95 9672.66 -1100.46
9602.07 -1115.08 9684.92 -1087.31
9615.48 -1093.15 9696.88 -1099.49
9625.69 -1111.18 9710.29 -1082.92
9637.66 -1099 9721.09 -1082.43
9650.49 -1099.49 9732.76 -1065.38
9662.74 -1094.13 9745.59 -1080.97
9674.41 -1107.77 9757.26 -1077.08
9686.96 -1093.15 9769.51 -1062.46
9698.92 -1108.26 9782.06 -1070.74
9710.29 -1098.03 9793.14 -1052.23
9723.42 -1103.39 9805.97 -1073.18
9735.09 -1106.8 9817.93 -1061.97
9746.47 -1095.59 9829.89 -1055.64
9758.43 -1100.46 9841.85 -1050.28
9770.97 -1101.44 9853.52 -1055.64
9782.64 -1094.62 9867.23 -1061
9794.89 -1109.72 9877.73 -1061.97
9806.56 -1094.62 9889.98 -1066.84
9818.81 -1103.39 9901.35 -1044.92
9831.06 -1102.41 9913.9 -1050.28
9843.31 -1103.39 9925.56 -1057.59
9855.27 -1108.75 9937.23 -1052.23
9866.65 -1105.82 9950.36 -1046.38
9879.48 -1099.98 9962.02 -1046.38
9891.44 -1114.59 9974.57 -1050.28
9902.81 -1108.75 9986.52 -1065.87
9914.77 -1089.74 9997.9 -1041.02
9927.61 -1110.21 10009.3 -1053.69
9939.27 -1106.8 10021.8 -1051.74
9950.65 -1099 10035.2 -1052.71
9962.9 -1116.54 10045.4 -1048.81
9975.73 -1098.51 10058.6 -1051.25
9988.56 -1112.16 10070.5 -1057.1
9998.19 -1106.31 10082.2 -1041.99
10011 -1115.08 10094.7 -1051.25
10023.9 -1119.47 10106.7 -1045.4
10034.4 -1114.11 10118.6 -1060.02
10047.5 -1107.28 10130.3 -1052.23
10059.1 -1126.29 10142.6 -1041.99
10072 -1120.44 10155.1 -1044.43
10084.5 -1111.18 10167.1 -1045.89
10094.7 -1113.13 10179 -1061.48
10108.1 -1125.8 10190.7 -1053.2
10118.9 -1125.8 10203.5 -1040.04
10132.1 -1130.18 10214.3 -1057.1
10143.4 -1130.18 10226.5 -1055.15
10155.1 -1117.03 10238.5 -1046.38
10167.4 -1128.72 10251.3 -1045.89
10179.9 -1122.88 10263.9 -1045.4
10191.3 -1123.85 10274.4 -1054.17
10203.8 -1131.16 10286.9 -1047.84
10215.8 -1129.21 10299.8 -1060.51
10228 -1117.52 10311.7 -1047.35
10239.1 -1128.24 10323.4 -1051.74
10251.6 -1118.98 10334.8 -1051.74
10263.3 -1136.03 10346.4 -1055.64
10276.1 -1126.29 10359 -1041.99
10288.7 -1122.39 10371.8 -1061.97
10300.1 -1110.7 10384 -1047.84
10311.7 -1143.83 10396 -1058.56
10322.8 -1125.31 10407.4 -1048.33
10335.9 -1150.16 10419.9 -1069.77
10348.2 -1133.11 10431.6 -1062.94
10360.4 -1142.85 10443.8 -1057.59
10371.2 -1136.52 10455.8 -1066.36
10383.5 -1146.75 10467.7 -1061.97
10396.9 -1140.42 10480 -1082.43
10407.4 -1140.9 10491.9 -1060.02
10419.9 -1149.67 10504.5 -1081.95
10432.2 -1146.75 10515 -1059.53
10444.1 -1148.21 10527.8 -1079.51
10456.7 -1133.11 10539.5 -1083.9
10467.2 -1136.52 10552 -1080
10480.6 -1134.57 10564.6 -1083.41
10491.7 -1143.34 10576.5 -1079.02
10503.9 -1140.9 10588.8 -1098.51
10516.5 -1145.29 10599 -1091.69
10527.8 -1125.8 10612.7 -1086.82
10539.8 -1131.16 10624.1 -1081.95
10552.6 -1139.93 10635.7 -1082.92
10564.3 -1134.08 10648.6 -1095.1
10575.9 -1125.8 10659.9 -1098.03
10588.2 -1124.34 10673.1 -1097.05
10599.6 -1141.88 10684.4 -1094.13
10613 -1135.06 10697 -1106.8
10624.7 -1129.7 10709.2 -1098.03
10636 -1126.77 10720 -1095.1
10649.7 -1139.44 10733.4 -1098.03
10660.5 -1127.75 10743.4 -1116.54
10672.2 -1135.06 10756.5 -1115.08
10685 -1149.67 10768.7 -1125.8
10695.8 -1136.03 10781 -1111.67
10708.9 -1137.01 10792.6 -1107.77
10720.3 -1158.93 10804.9 -1120.44
10732.9 -1142.85 10816.9 -1136.52
10744.2 -1137.01 10829.1 -1139.93
10756.2 -1149.67 10841.1 -1136.03
10769.3 -1134.57 10852.7 -1139.44
10780.1 -1144.8 10865.3 -1143.83
10792.1 -1131.16 10878.4 -1156.01
10804.3 -1137.49 10890.1 -1155.52
10816.6 -1144.31 10900.9 -1156.5
10829.7 -1141.88 10912.8 -1172.09
10840.5 -1147.73 10925.4 -1172.58
10853.6 -1130.18 10937.3 -1164.78
10864.7 -1138.96 10949.6 -1165.27
10876.6 -1139.44 10961.2 -1175.01
10888.9 -1137.01 10972.6 -1177.93
10900 -1137.49 10985.8 -1175.99
10913.1 -1144.31 10997.1 -1187.19
10924.2 -1139.44 11010 -1187.19
10936.7 -1155.52 11021.9 -1189.14
10947.8 -1136.52 11033.9 -1188.17
10959.8 -1153.57 11046.1 -1188.17
10973.8 -1143.83 11057.2 -1204.73
10983.7 -1148.21 11070.6 -1196.94
10996.8 -1147.73 11082 -1205.71
11008.2 -1148.7 11094 -1201.81
11020.5 -1153.09 11105.9 -1211.55
11032.7 -1161.37 11117.9 -1213.02
11045.3 -1147.73 11130.7 -1230.56
11056.3 -1154.55 11141.8 -1221.79
11069.5 -1154.06 11153.8 -1215.45
11081.4 -1154.55 11166 -1214.97
11093.1 -1158.93 11177.7 -1225.68
11105.4 -1154.55 11190.3 -1231.04
11117 -1156.5 11202.2 -1231.53
11128.1 -1164.78 11214.5 -1238.84
11140.9 -1148.21 11225.3 -1247.12
11152.3 -1156.98 11238.4 -1247.12
11165.2 -1153.57 11250.9 -1235.43
11177.1 -1143.34 11262.6 -1252.48
11188.8 -1137.01 11274.6 -1232.51
11201.6 -1145.29 11286.8 -1236.89
11212.4 -1143.34 11298.8 -1234.94
11225.8 -1148.21 11310.2 -1240.79
11236.4 -1140.9 11323 -1237.38
11248.6 -1150.65 11335 -1233.97
11261.2 -1155.03 11347.2 -1231.04
11273.1 -1147.73 11358.9 -1238.84
11284.8 -1147.24 11370.6 -1238.35
11296.7 -1140.42 11383.4 -1246.15
11308.4 -1146.26 11395.4 -1246.64
11321.8 -1167.7 11406.8 -1242.74
11333.5 -1153.09 11419.6 -1234.46
11346.3 -1147.24 11431.8 -1233.97
11356.9 -1156.01 11442.6 -1230.07
11369.7 -1158.93 11455.2 -1247.12
11381.1 -1151.62 11466.9 -1237.87
11392.5 -1154.06 11478.8 -1235.92
11404.7 -1151.62 11491.4 -1251.51
11417.6 -1142.37 11503.9 -1242.25
11429.2 -1148.7 11515.6 -1235.92
11441.5 -1143.83 11526.7 -1218.86
11453.7 -1139.44 11540.1 -1237.87
11465.7 -1131.65 11551.5 -1225.68
11476.5 -1142.37 11564 -1230.07
11488.5 -1142.85 11576 -1228.61
11501 -1139.93 11587.4 -1231.04
11513 -1134.08 11600.5 -1214.97
11525.2 -1136.52 11611.3 -1211.07
11537.5 -1139.93 11624.2 -1215.45
11549.8 -1128.72 11636.1 -1205.22
11561.1 -1155.52 11647.5 -1198.89
11573.7 -1139.93 11660.9 -1193.53
11584.8 -1128.72 11672 -1189.14
11597.9 -1131.16 11684.6 -1197.42
11608.7 -1118.98 11696.6 -1198.4
11621.3 -1131.16 11708.5 -1182.81
11633.5 -1134.57 11720.2 -1185.24
11644.9 -1139.93 11732.8 -1177.45
11657.5 -1144.31 11744.7 -1172.09
11669.4 -1138.96 11755.8 -1155.52
11681.4 -1133.11 11769 -1171.11
11693.1 -1144.8 11780.3 -1165.75
11704.4 -1139.44 11792.6 -1162.34
11717.9 -1131.65 11805.2 -1153.09
11728.7 -1131.65 11816.8 -1162.34
11741.5 -1147.73 11829.1 -1147.73
11753.2 -1147.73 11840.8 -1157.96
11764.9 -1145.29 11853 -1152.11
11777.7 -1136.03 11866.2 -1153.57
11789.1 -1144.31 11875.8 -1136.52
11801.9 -1142.85 11888.9 -1137.01
11813.6 -1150.65 11900.9 -1136.03
11825.3 -1137.01 11913.2 -1130.67
11838.4 -1126.29 11924.3 -1129.7
11849.2 -1146.75 11936.8 -1131.65
11861.5 -1140.42 11949.4 -1118.49
11874.1 -1135.06 11961.1 -1120.44
11885.7 -1139.44 11973.9 -1126.77
11897.7 -1135.54 11985.3 -1108.26
11909.4 -1137.01 11997.9 -1118
11922 -1131.65 12009.6 -1110.21
11933.6 -1137.98 12021.5 -1101.44
11946.5 -1150.16 12033.8 -1109.72
11958.2 -1141.39 12046 -1092.18
11970.1 -1134.08 12058 -1085.36
11981.2 -1127.26 12070.3 -1099.98
11993.8 -1150.65 12082 -1092.18
12005.8 -1148.21 12094.2 -1078.54
12016.6 -1150.65 12105.9 -1083.41
12030.3 -1150.65 12118.5 -1094.62
12042.3 -1151.14 12129.9 -1074.15
12053.4 -1145.78 12143 -1082.43
12065.9 -1144.31 12154.7 -1074.64
12077.9 -1160.39 12167 -1086.33
12089.6 -1148.21 12178.4 -1077.08
12101.8 -1157.96 12189.5 -1083.41
12113.5 -1169.65 12202 -1072.2
12125.8 -1167.22 12214.6 -1081.46
12136.6 -1147.73 12226.6 -1087.31
12149.7 -1159.91 12238.2 -1076.59
12162 -1151.62 12250.8 -1072.2
12173.4 -1155.52 12263.1 -1074.15
12186 -1146.75 12274.2 -1072.2
12197.9 -1156.98 12286.7 -1083.9
12209.3 -1162.83 12299.3 -1074.15
12221.3 -1164.78 12311 -1074.64
12234.7 -1146.75 12323.5 -1071.23
12246.1 -1148.7 12334.9 -1069.77
12258.4 -1163.32 12347.5 -1071.23
12269.5 -1165.27 12359.5 -1061
12282.4 -1153.09 12371.8 -1065.38
12294 -1143.34 12384.6 -1058.07
12305.7 -1157.47 12395.7 -1056.12
12318.3 -1160.39 12408 -1053.2
12330.3 -1143.83 12418.8 -1054.66
12341.7 -1159.91 12430.5 -1077.08
12353.9 -1170.63 12442.8 -1059.53
12365.6 -1154.55 12454.8 -1064.89
12378.5 -1160.39 12468.2 -1062.94
12389.6 -1157.47 12480.2 -1069.28
12401.3 -1169.65 12491.6 -1078.54
12414.7 -1157.96 12504.1 -1069.77
12424.6 -1151.14 12516.1 -1052.23
12437.8 -1157.96 12527.2 -1067.33
12449.8 -1156.01 12540.7 -1072.2
12462.3 -1147.73 12552.4 -1079.02
12474.3 -1156.01 12563.8 -1069.77
12486.3 -1156.5 12576 -1070.74
12498.3 -1143.34 12588.3 -1071.23
12510 -1151.62 12600.9 -1085.36
12522 -1149.67 12612.3 -1088.77
12533.4 -1151.62 12624.8 -1087.79
12545.9 -1160.39 12636.8 -1083.9
12558.2 -1150.16 12649.4 -1086.33
12569.3 -1148.21 12661.1 -1089.74
12582.5 -1145.78 12672.5 -1083.9
12593.9 -1146.75 12685.1 -1081.46
12605.8 -1146.75 12697.6 -1087.31
12618.4 -1138.96 12708.4 -1092.18
12629.5 -1149.19 12721.3 -1082.92
12642.4 -1147.73 12732.4 -1081.46
12652.6 -1144.31 12744.4 -1083.41
12666.4 -1147.73 12757 -1088.28
12678.1 -1150.16 12769.6 -1084.38
12689.7 -1165.27 12781.8 -1178.91
12702 -1135.06 12794.1 -1191.58
12714.6 -1155.52 12805.8 -1190.6
12725.7 -1159.91 12818.1 -1196.94
12737.7 -1141.39 12829.2 -1170.63
12750 -1153.09 12841.8 -1178.42
12762 -1150.65 12854.3 -1173.55
12774.5 -1140.42 12865.8 -1160.88
12786.8 -1144.8 12877.4 -1154.06
12798.5 -1147.24 12890.9 -1149.67
12810.2 -1146.75 12902 -1163.8
12821.9 -1152.6 12914 -1158.93
12834.2 -1143.83 12926.3 -1154.06
12845.9 -1147.24 12938 -1171.6
12858.1 -1147.24 12950.3 -1173.55
12870.1 -1149.19 12963.1 -1174.52
12882.1 -1156.98 12974.2 -1176.96
12894.4 -1144.31 12986.5 -1174.04
12906.4 -1138.47 12998.2 -1166.24
12918.4 -1132.13 13010.5 -1162.83
12930.1 -1137.98 13023.1 -1153.57
12941.2 -1120.44 13034.8 -1146.26
12954.1 -1131.65 13046.8 -1166.73
12965.8 -1122.88 13058.8 -1158.44
12978.6 -1093.15 13071.4 -1142.85
12990.6 -1103.39 13082.8 -1142.37
13001.4 -1097.05 13095 -1129.21
13014 -1093.64 13108.2 -1134.57
13026.3 -1072.69 13119.6 -1121.41
13038.6 -1051.25 13131.6 -1109.23
13049.7 -1050.28 13144.2 -1125.8
13062.3 -1055.15 13155.3 -1112.16
13074 -1034.68 13167.6 -1111.18
13086 -1024.94 13179.6 -1113.62
13097.7 -1020.07 13192.5 -1122.39
13110.5 -1019.58 13203.9 -1117.52
13121.7 -1022.02 13216.7 -1116.05
13134 -1028.35 13227.6 -1111.18
13145.6 -1019.58 13240.7 -1109.72
13157.9 -1021.04 13252.1 -1098.03
13170.2 -1010.81 13263.9 -1090.23
13182.2 -1009.84 13277.3 -1114.11
13194.8 -980.113 13288.7 -1109.23
13205.9 -953.802 13301 -1091.21
13218.8 -916.284 13313.3 -1098.51
13230.2 -870.483 13324.4 -1084.38
13243.1 -818.348 13337.6 -1102.41
13254.2 -774.983 13349 -1087.79
13266.5 -729.182 13361.3 -1098.51
13277.9 -669.738 13373.3 -1099.98
13290.5 -613.218 13385.6 -1093.15
13302.5 -559.621 13398.2 -1103.87
13313.3 -516.744 13409 -1105.34
13326.5 -449.991 13421.3 -1118.49
13338.5 -400.292 13433.6 -1109.72
13350.5 -353.517 13444.4 -1090.23
13362.2 -308.203 13457.6 -1086.82
13373.9 -253.144 13470.4 -1100.95
13386.5 -231.218 13482.7 -1093.64
13397.6 -188.828 13493.9 -1088.77
13410.2 -134.256 13506.7 -1094.62
13422.4 -85.5319 13518.2 -1035.66
13433.9 -32.9095 13530.5 -987.422
13446.7 8.01907 13543 -892.897
13458.7 54.3073 13553.9 -805.68
13470.1 112.289 13567.3 -755.006
13482.2 160.039 13579 -687.279
13494.7 230.69 13591 -575.7
13507 286.236 13603.6 -499.69
13517.6 354.937 13615.3 -401.754
13530.2 418.766 13627.6 -321.358
13542.5 491.853 13639 -221.96
13553.9 577.121 13651 -122.563
13566.4 633.154 13663.6 -17.3177
13578.5 699.419 13675.6 38.2282
13591 766.172 13687.9 111.802
13602.2 832.437 13699.1 203.891
13614.2 897.241 13712.5 280.389
13626.5 948.889 13724.8 385.147
13637.9 1026.36 13736.2 441.667
13650.8 1079.96 13748.8 483.083
13662.5 1154.99 13760.8 550.323
13674.5 1206.15 13773.1 602.945
13686.2 1271.93 13785.4 639.488
13698.2 1330.4 13798 676.032
13710.5 1408.85 13808.6 710.626
13722.8 1477.55 13822 756.427
13733.9 1531.63 13834.3 793.458
13745.9 1588.15 13845.2 828.052
13757.9 1670.01 13858.6 862.159
13769.9 1721.17 13870.1 912.345
13782.5 1806.44 13882.9 964.968
13794.8 1867.83 13895.5 1022.95
13805.9 1938 13907.5 1094.57
13818.8 2014.98 13920.4 1158.4
13829.9 2089.53 13932.1 1228.08
13841.9 2185.03 13945 1290.93
13853.6 2173.33 13958.2 1367.92
13865.9 2106.58 13968.7 1406.9
13878.5 2065.65 13980.4 1496.55
13890 1988.18 13989.5 1585.23
13902.5 1972.59 13996 1633.47
13914 1942.87 13995.1 1718.25
13926 1924.84 13986.6 1735.3
13938 1896.09 13974.3 1787.44
13950 1851.27 13962.6 1827.88
