8011.82 -1155.52 8036.09 -1139.93
8010.06 -1170.14 8048.67 -1143.83
8007.43 -1164.78 8060.66 -1139.93
8005.67 -1148.21 8071.19 -1150.16
8009.48 -1160.88 8084.05 -1145.29
8017.67 -1159.42 8096.63 -1122.88
8026.44 -1150.16 8108.62 -1128.72
8036.09 -1163.32 8121.78 -1130.67
8048.08 -1163.8 8133.47 -1136.03
8060.66 -1154.06 8144.58 -1126.77
8070.89 -1175.99 8156.87 -1145.78
8084.35 -1161.86 8168.85 -1144.8
8096.63 -1164.29 8181.43 -1134.08
8108.62 -1171.11 8192.83 -1149.19
8120.02 -1156.01 8204.82 -1150.16
8132.31 -1167.22 8217.97 -1147.24
8144.88 -1166.73 8229.37 -1141.39
8156.87 -1171.11 8241.65 -1152.6
8168.27 -1166.24 8253.34 -1146.75
8180.84 -1172.58 8265.04 -1150.16
8193.12 -1166.73 8277.61 -1150.65
8204.82 -1172.58 8289.01 -1154.55
8217.39 -1169.65 8301.87 -1154.06
8229.96 -1168.68 8313.27 -1171.6
8240.77 -1163.32 8325.25 -1149.67
8253.93 -1169.16 8337.24 -1162.83
8265.62 -1174.04 8350.1 -1158.44
8277.32 -1166.73 8362.37 -1163.32
8289.3 -1169.16 8373.77 -1170.63
8301.58 -1171.11 8385.75 -1149.67
8313.85 -1162.34 8397.15 -1159.91
8325.84 -1168.68 8409.13 -1151.62
8338.11 -1162.83 8421.99 -1163.8
8349.51 -1170.63 8432.8 -1166.24
8362.37 -1173.06 8446.83 -1151.14
8374.94 -1158.44 8457.35 -1163.32
8386.92 -1158.44 8469.62 -1143.83
8398.61 -1162.83 8481.6 -1167.7
8409.72 -1159.42 8493.88 -1155.52
8421.99 -1156.98 8505.85 -1145.78
8434.85 -1177.45 8516.67 -1144.31
8446.54 -1161.86 8530.4 -1156.98
8459.98 -1173.06 8542.09 -1155.03
8470.79 -1170.14 8553.77 -1152.6
8483.07 -1175.5 8566.34 -1161.86
8493.88 -1173.06 8578.6 -1170.63
8507.61 -1175.99 8590.29 -1154.06
8519.3 -1160.88 8601.39 -1166.73
8530.69 -1160.88 8614.54 -1166.73
8542.96 -1165.27 8626.22 -1172.09
8554.65 -1163.32 8637.32 -1159.42
8568.09 -1181.83 8650.76 -1174.04
8579.48 -1170.14 8662.15 -1175.5
8591.46 -1171.11 8673.84 -1160.39
8603.73 -1168.19 8686.69 -1156.98
8615.41 -1184.27 8698.66 -1159.91
8627.39 -1165.75 8710.64 -1160.39
8639.95 -1163.32 8721.15 -1168.68
8651.34 -1172.09 8734.88 -1167.7
8663.9 -1174.52 8746.27 -1175.5
8675.59 -1170.63 8759.12 -1157.96
8688.44 -1162.34 8771.1 -1168.68
8699.54 -1180.86 8783.36 -1168.68
8713.27 -1162.34 8794.46 -1171.6
8724.95 -1163.32 8806.14 -1153.09
8736.05 -1170.63 8818.7 -1175.01
8748.9 -1160.88 8830.09 -1166.24
8759.12 -1182.32 8842.64 -1169.65
8772.26 -1162.83 8855.2 -1171.11
8784.24 -1167.7 8866.3 -1162.83
8795.92 -1171.6 8878.85 -1158.44
8808.77 -1175.99 8890.82 -1165.75
8820.74 -1174.04 8903.38 -1158.93
8832.72 -1165.75 8914.47 -1172.58
8844.1 -1170.63 8927.03 -1169.16
8855.78 -1172.58 8939 -1175.5
8868.92 -1179.4 8950.1 -1168.68
8880.02 -1178.91 8962.94 -1167.22
8893.16 -1175.01 8974.62 -1172.09
8904.55 -1171.6 8987.17 -1174.52
8916.23 -1184.27 8999.43 -1180.37
8928.78 -1173.06 9011.11 -1177.93
8940.46 -1165.27 9023.66 -1171.6
8954.18 -1184.76 9035.34 -1183.29
8964.4 -1175.01 9047.31 -1178.42
8977.25 -1175.01 9059.86 -1169.16
8988.93 -1172.09 9070.37 -1177.45
9001.48 -1153.09 9083.8 -1190.12
9011.99 -1168.19 9094.89 -1182.81
9024.25 -1156.5 9107.74 -1171.6
9037.39 -1166.24 9119.41 -1181.83
9048.77 -1163.32 9131.09 -1174.04
9061.61 -1174.04 9144.22 -1176.47
9073 -1163.8 9155.9 -1170.63
9084.68 -1172.58 9168.16 -1172.09
9096.65 -1181.83 9179.83 -1171.11
9109.2 -1174.52 9191.51 -1185.73
9121.16 -1177.45 9203.76 -1167.22
9133.13 -1177.93 9216.61 -1165.75
9144.81 -1166.24 9227.7 -1183.29
9157.65 -1183.29 9239.66 -1181.83
9169.33 -1171.6 9252.21 -1164.78
9181.87 -1163.8 9264.47 -1173.06
9193.55 -1187.19 9275.85 -1174.52
9205.51 -1176.96 9287.82 -1170.63
9218.07 -1176.96 9299.2 -1184.27
9228.86 -1165.75 9311.75 -1189.14
9241.71 -1169.65 9322.83 -1162.34
9253.09 -1164.78 9335.38 -1184.27
9265.93 -1179.88 9346.76 -1178.91
9277.31 -1171.6 9359.89 -1179.88
9289.57 -1167.22 9372.44 -1188.17
9301.82 -1176.47 9384.99 -1162.34
9312.91 -1161.37 9396.66 -1181.35
9326.34 -1156.98 9408.33 -1163.8
9337.43 -1174.52 9420 -1183.29
9350.56 -1171.6 9431.97 -1183.29
9363.4 -1157.47 9443.93 -1183.78
9375.36 -1163.32 9456.19 -1182.81
9387.03 -1164.78 9469.61 -1171.6
9397.54 -1166.24 9480.99 -1181.35
9409.79 -1161.86 9493.53 -1195.48
9422.34 -1163.8 9504.04 -1176.47
9434.3 -1171.11 9516.58 -1188.17
9445.68 -1154.55 9528.25 -1190.12
9457.64 -1174.04 9540.8 -1173.55
9470.78 -1164.29 9553.05 -1174.04
9482.15 -1169.65 9565.01 -1167.22
9494.41 -1170.63 9576.68 -1187.68
9506.08 -1169.65 9588.94 -1182.81
9518.33 -1178.42 9601.48 -1172.58
9530.59 -1179.4 9613.15 -1179.88
9541.67 -1166.24 9624.82 -1184.76
9553.64 -1169.16 9636.78 -1188.65
9566.18 -1156.98 9649.32 -1176.47
9578.43 -1158.93 9661.87 -1181.83
9590.69 -1165.27 9672.95 -1179.88
9602.36 -1173.06 9684.63 -1182.32
9614.61 -1174.52 9698.33 -1180.37
9626.86 -1160.88 9709.13 -1169.65
9638.24 -1163.8 9721.38 -1186.22
9650.78 -1167.22 9733.34 -1194.01
9662.45 -1158.93 9745.59 -1184.76
9675.29 -1157.47 9756.68 -1195.96
9686.08 -1152.6 9769.8 -1189.14
9699.21 -1159.42 9781.76 -1180.86
9709.71 -1165.27 9793.72 -1180.37
9722.84 -1165.27 9805.97 -1189.14
9734.8 -1160.88 9818.23 -1183.78
9746.47 -1161.37 9829.31 -1191.58
9759.01 -1162.34 9841.27 -1187.19
9771.26 -1170.14 9854.1 -1184.76
9783.51 -1160.39 9866.06 -1168.68
9794.89 -1162.34 9877.73 -1177.45
9806.85 -1153.09 9889.69 -1175.99
9819.1 -1166.24 9901.06 -1168.19
9830.48 -1169.16 9913.6 -1191.58
9843.6 -1162.34 9925.56 -1186.71
9854.68 -1155.03 9937.81 -1195.96
9867.23 -1157.47 9951.52 -1176.96
9878.9 -1160.88 9962.02 -1178.42
9891.15 -1154.06 9974.57 -1175.5
9903.1 -1174.04 9986.52 -1194.01
9915.06 -1164.29 9997.32 -1177.45
9927.02 -1168.68 10010.1 -1185.24
9939.86 -1159.42 10022.7 -1176.47
9950.65 -1146.75 10034.4 -1183.78
9962.9 -1154.55 10046 -1196.45
9974.27 -1150.65 10057.7 -1192.06
9987.4 -1145.78 10069.9 -1185.73
9999.65 -1150.16 10083.1 -1167.7
10011.3 -1167.7 10095 -1182.81
10023.9 -1156.98 10107 -1179.4
10034.6 -1152.11 10117.5 -1197.42
10047.5 -1151.14 10130.6 -1188.65
10058.9 -1147.73 10143.1 -1181.35
10071.1 -1136.52 10155.1 -1197.42
10084.5 -1157.47 10166.5 -1192.06
10095.9 -1175.99 10179.3 -1175.5
10107.8 -1156.5 10190.7 -1184.76
10119.5 -1158.93 10203.2 -1184.27
10132.1 -1148.7 10214.6 -1172.09
10143.1 -1156.01 10226.3 -1203.76
10156 -1159.42 10239.1 -1185.24
10167.4 -1157.47 10250.2 -1186.71
10179 -1159.42 10263 -1203.76
10192.7 -1156.01 10274.7 -1191.58
10204.1 -1160.39 10287.2 -1203.27
10215.8 -1168.19 10298.9 -1181.83
10226.8 -1167.22 10310.8 -1185.73
10240 -1154.06 10323.7 -1191.09
10251 -1162.34 10335.6 -1202.78
10263.3 -1168.19 10347.6 -1188.65
10275.8 -1171.6 10359.8 -1187.19
10288.4 -1158.44 10370.6 -1202.3
10299.5 -1138.47 10384.3 -1196.94
10311.7 -1156.5 10395.1 -1200.84
10323.4 -1159.91 10407.7 -1209.61
10336.5 -1171.11 10420.5 -1194.5
10347 -1161.37 10431.6 -1208.14
10359.8 -1148.21 10443.5 -1204.25
10371.8 -1164.29 10455.5 -1219.35
10384 -1156.5 10468 -1203.76
10396.3 -1158.44 10479.4 -1197.42
10408 -1162.34 10491.9 -1215.45
10419.6 -1183.78 10504.5 -1210.58
10431.3 -1167.22 10515.6 -1218.86
10442.9 -1166.24 10527.8 -1201.32
10455.2 -1148.7 10539.5 -1203.27
10468.6 -1158.44 10551.1 -1198.4
10480.9 -1173.06 10563.7 -1205.22
10492.8 -1169.65 10575.9 -1208.14
10503.9 -1154.06 10587.9 -1213.02
10516.5 -1147.24 10600.1 -1203.27
10527.5 -1171.6 10613 -1209.12
10540.1 -1152.11 10624.9 -1204.25
10552 -1153.09 10636.3 -1199.86
10563.7 -1164.78 10648 -1207.66
10576.8 -1166.24 10660.5 -1203.27
10587.3 -1158.93 10672.2 -1218.86
10600.4 -1158.93 10684.4 -1214.97
10612.1 -1166.73 10696.4 -1203.76
10624.1 -1173.06 10708.4 -1206.68
10636 -1160.88 10720.6 -1212.53
10649.4 -1158.93 10733.4 -1206.19
10659.9 -1162.83 10744.5 -1210.09
10672.8 -1162.83 10756.8 -1199.86
10683.6 -1161.86 10768.1 -1208.14
10695.5 -1166.73 10781 -1217.89
10708.4 -1169.16 10793.5 -1210.58
10720.3 -1173.55 10804.3 -1206.68
10732.6 -1166.73 10816.6 -1195.48
10745.1 -1157.47 10829.7 -1206.19
10756.8 -1168.68 10841.1 -1205.22
10768.4 -1164.29 10853.3 -1194.01
10780.1 -1168.68 10865.3 -1216.91
10791.2 -1159.91 10877 -1209.12
10804.6 -1166.73 10888.6 -1193.04
10816.9 -1156.98 10900.9 -1203.76
10828.8 -1174.04 10914 -1209.12
10840.2 -1186.71 10925.7 -1206.19
10853 -1178.91 10937.3 -1210.09
10864.4 -1183.29 10949.3 -1199.86
10876.6 -1166.73 10961.8 -1192.55
10889.2 -1175.99 10973.8 -1214.97
10900 -1165.75 10986.3 -1216.91
10913.1 -1171.6 10996.8 -1202.78
10924.2 -1190.12 11010 -1203.76
10936.2 -1175.01 11021 -1202.3
10948.4 -1173.06 11033.6 -1207.17
10960.7 -1178.42 11045.8 -1201.32
10973.2 -1166.73 11057.5 -1203.76
10984.6 -1184.27 11070 -1207.17
10995.7 -1177.45 11082.3 -1203.76
11007.9 -1170.63 11093.7 -1215.45
11021 -1173.55 11106.8 -1213.02
11033 -1158.93 11117.9 -1214.48
11045.3 -1171.6 11129.9 -1207.66
11056.1 -1144.8 11142.1 -1205.71
11068.6 -1166.73 11154.1 -1207.66
11081.1 -1165.27 11166.9 -1194.99
11093.7 -1167.22 11177.4 -1193.04
11104.5 -1164.78 11190 -1206.19
11116.7 -1162.83 11201.9 -1198.4
11128.7 -1171.11 11214.2 -1202.78
11141.5 -1166.24 11226.4 -1192.55
11151.5 -1168.68 11238.7 -1193.53
11164.3 -1164.78 11250.3 -1200.35
11176.8 -1159.91 11262.6 -1192.06
11189.1 -1171.6 11274.6 -1196.94
11201.6 -1172.58 11286.8 -1197.42
11211.6 -1177.45 11298.8 -1202.78
11225.5 -1174.52 11311.3 -1208.63
11236.4 -1183.29 11322.7 -1190.12
11248.6 -1174.04 11335.3 -1208.63
11260.9 -1167.22 11347.5 -1219.84
11272.2 -1175.99 11359.2 -1214.97
11285.1 -1183.29 11371.1 -1212.04
11297 -1173.55 11382.5 -1200.35
11308.7 -1161.86 11395.1 -1213.99
11321 -1154.55 11407.3 -1200.84
11333.2 -1162.83 11420.2 -1710.49
11346 -1169.16 11431.3 -1695.39
11356.6 -1155.03 11443.2 -1686.62
11369.1 -1163.32 11455.8 -1669.08
11381.4 -1148.7 11466.9 -1626.2
11392.5 -1175.01 11478.5 -1604.76
11405.6 -1159.42 11491.4 -1609.15
11417.3 -1168.19 11503.3 -1586.25
11428.9 -1161.37 11516.5 -1611.1
11441.2 -1150.65 11527.3 -1626.2
11453.7 -1163.32 11540.1 -1635.94
11466 -1162.34 11550.6 -1714.88
11477.1 -1175.5 11563.8 -1710.98
11489 -1157.47 11575.7 -1753.37
11500.7 -1160.88 11588 -1739.73
11513.3 -1167.7 11600.8 -1744.6
11525.2 -1164.29 11611.6 -1718.78
11537.8 -1167.7 11624.2 -1704.16
11549.8 -1168.68 11636.7 -1705.13
11561.7 -1161.86 11648.7 -1685.16
11573.4 -1148.7 11660.4 -1680.77
11584.8 -1159.42 11671.8 -1705.62
11597.6 -1149.19 11684 -1682.72
11610.2 -1168.19 11696.9 -1667.13
11621.8 -1158.44 11708.2 -1641.79
11633.5 -1156.5 11719.9 -1628.64
11645.2 -1160.88 11733.1 -1634.48
11657.2 -1168.19 11744.4 -1610.12
11668.8 -1158.44 11757.9 -1605.25
11681.7 -1162.83 11768.1 -1586.73
11693.1 -1148.21 11780.9 -1596.97
11705.6 -1154.06 11792.3 -1563.83
11716.7 -1141.88 11805.2 -1555.06
11729.8 -1155.52 11817.1 -1524.85
11741.2 -1159.42 11829.7 -1618.4
11754.1 -1142.37 11840.5 -1621.33
11764.9 -1139.93 11853.6 -1610.61
11777.7 -1150.16 11865.3 -1597.94
11788.2 -1148.21 11877 -1577.96
11802.2 -1154.06 11889.5 -1549.22
11813 -1138.47 11900.9 -1566.76
11825.3 -1157.96 11913.8 -1543.37
11838.2 -1144.31 11924 -1531.67
11849.5 -1139.93 11936.3 -1518.03
11860.9 -1159.42 11948.8 -1520.47
11873.5 -1157.47 11961.7 -1525.34
11884.6 -1160.39 11973.9 -1501.95
11898.3 -1144.8 11985.3 -1510.72
11909.4 -1143.83 11997.6 -1493.18
11921.7 -1150.65 12009 -1504.39
11933.6 -1150.65 12021.2 -1476.13
11945.9 -1141.88 12033.8 -1462.97
11958.2 -1148.7 12046.9 -1464.43
11969.3 -1149.19 12058 -1461.51
11982.4 -1137.01 12070.3 -1443
11992.9 -1139.93 12081.7 -1444.94
12005.5 -1144.31 12093.4 -1421.56
12017.7 -1137.49 12105.9 -1393.3
12029.7 -1137.98 12119.1 -1421.56
12041.4 -1138.47 12130.8 -1412.3
12053.9 -1145.78 12142.1 -1428.87
12065.6 -1136.03 12153.8 -1423.02
12077.3 -1141.88 12166.1 -1424.97
12089.6 -1138.47 12178.4 -1417.66
12101.5 -1142.37 12191.2 -1425.46
12113.2 -1150.65 12203.5 -1429.84
12126.1 -1138.96 12214.3 -1434.23
12137.8 -1146.26 12225.7 -1429.35
12149.4 -1148.7 12238.5 -1416.2
12161.1 -1146.26 12250.5 -1410.35
12174 -1143.83 12263.1 -1400.61
12186 -1143.34 12274.5 -1384.53
12197.1 -1130.67 12287 -1385.99
12209.9 -1133.11 12299.9 -1388.91
12220.4 -1148.21 12311.3 -1382.09
12233.6 -1148.7 12323.8 -1390.37
12246.4 -1145.78 12334.6 -1374.78
12257.8 -1147.24 12347.2 -1359.68
12269.5 -1142.85 12359.5 -1354.8
12282.1 -1137.49 12371.2 -1349.44
12294.3 -1148.7 12383.7 -1339.7
12305.7 -1134.08 12395.4 -1331.9
12318 -1137.01 12407.4 -1345.06
12329.7 -1138.96 12419.4 -1313.39
12342 -1131.65 12431.4 -1320.21
12353.9 -1150.16 12443.1 -1341.65
12365.3 -1130.67 12455.9 -1340.67
12378.5 -1136.52 12468.5 -1324.11
12389.3 -1142.85 12479.3 -1315.83
12402.2 -1135.06 12491.6 -1323.62
12413.5 -1145.78 12503.6 -1325.08
12426.1 -1141.39 12516.4 -1332.88
12437.8 -1133.6 12528.7 -1306.08
12449.5 -1146.75 12539.2 -1308.03
12461.8 -1139.44 12552.4 -1329.96
12473.4 -1128.72 12564.3 -1321.67
12486.3 -1139.44 12576.3 -1338.73
12497.4 -1142.85 12587.1 -1312.41
12509.4 -1133.6 12601.2 -1333.37
12522.3 -1150.16 12612.6 -1304.13
12532.8 -1134.08 12624 -1343.6
12545.9 -1147.24 12636.5 -1331.42
12557.9 -1139.44 12648.2 -1334.83
12569.6 -1140.42 12660.2 -1312.9
12583 -1132.62 12673.7 -1312.9
12594.4 -1128.24 12685.1 -1341.16
12606.4 -1133.11 12697.6 -1332.39
12617.8 -1131.16 12709 -1309
12629.2 -1126.77 12721.6 -1317.29
12642.4 -1143.34 12733 -1321.67
12653.2 -1129.21 12745 -1315.34
12665.5 -1125.8 12757.9 -1327.52
12678.1 -1118 12769.6 -1315.83
12689.5 -1118 12782.1 -1326.54
12702.6 -1126.77 12792.9 -1317.77
12714.3 -1144.8 12805.8 -1292.92
12726.3 -1120.44 12817.8 -1290.49
12738 -1128.72 12829.2 -1287.56
12750.3 -1128.24 12841.5 -1271.97
12762.5 -1136.03 12854.3 -1281.23
12774.5 -1120.93 12866 -1320.21
12786.8 -1130.67 12878 -1309
12798.5 -1125.8 12888.9 -1306.57
12809.6 -1122.39 12902.3 -1298.28
12821 -1132.13 12913.7 -1286.1
12834.5 -1127.75 12926 -1286.1
12845.9 -1135.54 12938.9 -1289.03
12858.1 -1130.67 12950.3 -1334.83
12870.7 -1126.77 12963.1 -1324.11
12881.3 -1121.9 12973.7 -1288.54
12894.4 -1131.16 12985.9 -1295.36
12905.8 -1123.85 12997.9 -1285.62
12917.2 -1136.52 13011.1 -1266.13
12929.8 -1138.47 13022.8 -1281.23
12941.5 -1127.75 13035.4 -1278.31
12953.8 -1107.28 13047.7 -1263.69
12965.8 -1108.75 13058.8 -1259.79
12977.5 -1118.49 13070.8 -1250.05
12990.3 -1110.7 13083.3 -1252
13001.7 -1096.56 13095 -1248.59
13014.9 -1103.39 13107.3 -1273.92
13026.6 -1100.46 13118.7 -1250.05
13038.6 -1091.69 13131.6 -1222.27
13050.6 -1100.95 13143 -1202.3
13061.7 -1070.25 13155.9 -1195.96
13074.3 -1083.9 13168.2 -1171.6
13085.4 -1062.46 13179.9 -1157.96
13098 -1075.13 13192.2 -1145.78
13110.5 -1064.41 13202.7 -1130.67
13122 -1057.59 13215.9 -1119.47
13134.8 -1046.38 13227.6 -1102.41
13145.9 -1039.07 13239.9 -1111.18
13157.9 -1031.76 13253.3 -1110.21
13169.6 -1023.48 13264.7 -1116.05
13181.9 -1003.01 13276.4 -1126.29
13194.5 -1007.4 13289 -1133.6
13206.5 -985.473 13300.1 -1139.93
13218.8 -958.675 13312.7 -1152.6
13229.6 -936.261 13325 -1145.29
13241.9 -928.953 13337.9 -1166.73
13255.1 -895.333 13349.3 -1183.29
13266.8 -852.455 13361.3 -1181.35
13278.5 -817.861 13373 -1171.11
13290.2 -787.164 13385.9 -1167.7
13302.8 -750.134 13397.6 -1166.24
13313.9 -721.874 13409.9 -1145.29
13327.6 -662.43 13421.6 -1144.31
13337.6 -623.45 13433.6 -1147.24
13350.2 -554.261 13445.9 -1125.8
13361.6 -495.792 13456.7 -1128.24
13373 -448.529 13469.9 -1132.62
13386.2 -396.394 13482.5 -1123.36
13398.2 -328.18 13494.5 -1102.9
13410.2 -244.374 13506.4 -1089.26
13421.9 -178.596 13518.2 -1076.59
13433.9 -106.971 13529.9 -1066.84
13447 -38.2692 13543.6 -1032.25
13457 48.4604 13555.3 -1006.42
13469.9 113.264 13567.3 -957.213
13482.5 180.504 13578.5 -954.777
13493 257.976 13590.8 -908.976
13506.4 320.83 13603.3 -848.07
13517.9 371.016 13614.8 -815.912
13530.5 435.333 13627.6 -770.598
13542.5 480.159 13638.8 -729.67
13553.6 531.32 13651 -650.249
13567 569.812 13663.3 -602.986
13578.2 605.381 13675.6 -570.341
13590.5 652.644 13687.9 -520.642
13601.9 677.981 13699.6 -460.71
13614.5 717.447 13713.1 -384.213
13625.9 752.529 13724.5 -297.971
13637.6 797.843 13736.2 -201.496
13649.9 830.975 13749.1 -85.5319
13661.9 887.009 13762 -3.18756
13674.2 944.504 13772.8 92.7997
13686.5 1001.51 13784.8 155.654
13698.2 1079.47 13797.4 224.356
13711.4 1135.5 13809.1 270.157
13722.2 1217.85 13820.9 321.317
13734.8 1296.78 13833.1 356.399
13746.2 1354.28 13845.2 390.019
13758.2 1441.49 13858.3 451.899
13770.5 1537.48 13870.1 477.236
13782.2 1571.1 13883.2 513.292
13793.6 1648.57 13895.8 551.297
13805.6 1727.02 13907.2 591.738
13818.5 1793.77 13920.1 628.282
13829.9 1847.86 13932.4 682.853
13841.9 1947.74 13944.7 715.011
13854.8 1919.48 13957.6 763.249
13866.2 1852.73 13969 814.896
13878.8 1773.79 13979.9 896.266
13890.3 1667.09 13989.5 954.736
13902 1604.72 13996 1028.31
13914 1532.61 13995.4 1079.96
13925.7 1477.55 13985.7 1138.91
13938 1418.59 13974.3 1196.41
13949.1 1355.74 13962.6 1279.24
