8012.4 -1216.91 8036.68 -1173.55
8011.82 -1453.23 8048.96 -1177.93
8005.97 -1448.84 8060.66 -1178.42
8005.38 -1450.3 8071.48 -1178.42
8009.77 -1441.05 8084.05 -1169.65
8017.08 -1457.61 8096.92 -1156.98
8025.56 -1453.72 8108.33 -1162.34
8036.97 -1454.2 8121.19 -1151.14
8047.79 -1450.79 8133.18 -1155.52
8060.07 -1456.15 8145.46 -1160.39
8070.89 -1473.69 8157.45 -1179.4
8084.05 -1459.07 8169.15 -1187.68
8095.75 -1457.13 8180.84 -1184.76
8108.91 -1471.26 8193.12 -1206.68
8121.19 -1470.28 8205.11 -1192.06
8132.31 -1460.54 8217.68 -1173.55
8145.46 -1468.33 8228.79 -1182.81
8156.28 -1470.28 8241.07 -1183.78
8168.85 -1474.67 8252.47 -1187.19
8180.55 -1451.77 8265.04 -1193.04
8191.95 -1446.89 8277.02 -1193.53
8205.11 -1456.64 8289.59 -1189.63
8217.39 -1457.61 8301.28 -1183.78
8229.37 -1459.07 8313.85 -1183.29
8241.36 -1444.46 8325.25 -1195.48
8253.34 -1440.56 8336.94 -1181.35
8266.21 -1439.1 8349.51 -1188.65
8277.32 -1439.1 8362.08 -1202.3
8289.3 -1426.92 8374.06 -1184.27
8301.28 -1411.32 8384.88 -1181.83
8314.15 -1412.3 8397.44 -1191.58
8326.13 -1418.63 8410.01 -1192.06
8338.11 -1413.27 8421.41 -1186.22
8350.39 -1402.55 8433.97 -1189.14
8361.5 -1398.66 8446.25 -1198.4
8374.35 -1405.48 8457.64 -1182.32
8386.34 -1394.76 8469.62 -1177.45
8398.61 -1394.76 8481.31 -1196.45
8409.72 -1400.61 8493.88 -1190.6
8422.87 -1382.09 8505.56 -1191.58
8434.56 -1396.71 8517.54 -1203.27
8446.54 -1383.06 8530.11 -1190.12
8458.81 -1385.5 8541.5 -1193.53
8470.5 -1374.29 8554.06 -1199.86
8482.77 -1381.6 8565.75 -1194.5
8495.04 -1365.04 8577.73 -1191.58
8506.73 -1375.27 8590 -1198.89
8519.59 -1364.06 8601.68 -1192.55
8530.98 -1378.19 8614.54 -1187.68
8543.55 -1381.12 8626.81 -1168.19
8555.52 -1371.37 8638.49 -1210.58
8567.5 -1364.06 8650.18 -1191.09
8578.9 -1376.24 8661.86 -1188.17
8590.29 -1362.6 8674.42 -1202.78
8603.44 -1352.86 8686.1 -1210.09
8615.41 -1370.88 8698.66 -1188.17
8627.39 -1363.09 8710.93 -1189.14
8639.66 -1358.22 8721.74 -1205.22
8651.05 -1364.55 8734.59 -1182.32
8663.32 -1359.19 8745.98 -1183.78
8675.59 -1349.44 8758.83 -1209.61
8688.15 -1374.29 8770.8 -1183.29
8699.83 -1366.5 8782.48 -1188.65
8712.1 -1363.58 8794.75 -1195.48
8724.66 -1373.32 8806.43 -1204.73
8736.05 -1360.16 8818.41 -1207.17
8748.32 -1380.63 8830.09 -1183.78
8759.71 -1385.01 8842.06 -1201.81
8771.97 -1370.4 8854.91 -1193.04
8785.11 -1383.55 8866.88 -1185.73
8795.92 -1386.48 8880.02 -1195.48
8808.77 -1381.12 8889.95 -1187.68
8819.87 -1385.99 8903.09 -1198.4
8833.01 -1390.37 8914.77 -1190.6
8843.81 -1390.86 8926.74 -1187.19
8857.24 -1387.94 8939.29 -1190.6
8868.92 -1389.4 8950.68 -1193.04
8880.31 -1385.01 8963.82 -1200.84
8892.58 -1388.91 8974.33 -1192.06
8904.25 -1385.5 8986.88 -1203.76
8916.52 -1372.35 9000.02 -1203.27
8928.49 -1385.5 9011.11 -1197.42
8940.46 -1374.78 9024.54 -1199.86
8953.01 -1378.19 9035.93 -1205.22
8965.28 -1371.86 9047.02 -1202.3
8976.66 -1371.86 9059.28 -1179.4
8988.34 -1376.73 9071.83 -1202.78
9001.19 -1364.06 9083.22 -1197.91
9013.45 -1363.58 9094.89 -1198.89
9024.83 -1377.22 9107.74 -1196.94
9037.39 -1369.91 9119.7 -1201.32
9049.06 -1360.16 9131.67 -1193.53
9060.74 -1366.01 9143.35 -1195.96
9073.58 -1368.93 9155.61 -1192.06
9084.68 -1369.91 9168.16 -1181.83
9097.81 -1368.93 9179.54 -1200.35
9108.9 -1370.4 9192.38 -1184.76
9121.16 -1353.83 9203.18 -1187.19
9133.72 -1366.99 9215.15 -1181.83
9145.1 -1351.88 9228.57 -1203.27
9157.07 -1357.73 9239.95 -1191.58
9168.74 -1346.52 9252.21 -1214.97
9181.58 -1349.44 9263.59 -1198.89
9193.55 -1340.19 9276.14 -1190.6
9205.23 -1349.93 9287.82 -1199.37
9217.77 -1351.88 9299.2 -1203.27
9229.45 -1343.11 9312.04 -1195.96
9242.58 -1355.78 9324 -1190.6
9253.38 -1326.06 9334.51 -1217.89
9266.22 -1325.57 9347.06 -1204.73
9277.89 -1336.29 9360.19 -1195.48
9289.86 -1326.54 9372.15 -1196.45
9301.53 -1329.47 9384.41 -1201.81
9313.5 -1327.03 9396.95 -1202.3
9325.75 -1319.24 9408.33 -1211.55
9338.01 -1334.34 9420.88 -1202.3
9349.68 -1323.62 9432.84 -1198.4
9362.81 -1316.31 9444.22 -1204.73
9375.36 -1328.01 9457.06 -1197.91
9386.74 -1324.6 9468.15 -1207.17
9398.12 -1324.6 9480.7 -1222.76
9410.08 -1315.34 9492.37 -1194.99
9421.47 -1331.9 9504.33 -1214.97
9433.72 -1319.72 9517.17 -1208.14
9446.85 -1317.29 9528.25 -1200.84
9458.23 -1323.62 9540.8 -1212.53
9470.19 -1319.72 9552.76 -1206.68
9481.86 -1317.29 9565.01 -1205.22
9494.41 -1316.31 9576.68 -1220.81
9507.25 -1306.08 9588.64 -1217.89
9518.04 -1312.9 9602.65 -1193.04
9531.17 -1313.39 9612.27 -1203.27
9541.97 -1318.75 9625.4 -1209.12
9554.51 -1326.54 9636.78 -1211.07
9566.76 -1319.24 9649.03 -1205.22
9578.73 -1323.62 9661.58 -1200.35
9590.98 -1320.21 9673.83 -1206.19
9601.19 -1317.77 9685.5 -1216.43
9614.61 -1304.13 9697.17 -1209.12
9626.28 -1317.29 9709.71 -1227.15
9638.24 -1320.7 9721.09 -1197.91
9651.08 -1313.39 9732.46 -1210.09
9662.16 -1326.06 9745.88 -1208.14
9675.29 -1305.59 9756.97 -1204.25
9686.96 -1305.59 9768.64 -1202.3
9698.63 -1321.18 9781.18 -1213.5
9710.88 -1298.28 9793.14 -1208.14
9722.55 -1308.52 9806.26 -1214.97
9735.09 -1296.82 9817.64 -1215.94
9745.59 -1305.59 9830.18 -1221.3
9759.01 -1296.82 9841.85 -1214.48
9771.26 -1292.44 9853.52 -1207.66
9783.8 -1308.52 9865.77 -1205.22
9794.01 -1310.47 9878.02 -1210.58
9807.14 -1315.34 9889.69 -1211.07
9818.81 -1304.13 9901.35 -1211.07
9831.06 -1310.47 9913.6 -1225.2
9843.02 -1315.34 9926.15 -1222.27
9854.98 -1313.88 9937.52 -1220.81
9866.35 -1307.54 9949.77 -1214.48
9878.6 -1316.31 9962.02 -1213.99
9891.15 -1304.62 9974.86 -1200.84
9903.69 -1311.44 9986.82 -1208.63
9914.48 -1334.34 9997.61 -1224.71
9927.9 -1345.06 10010.1 -1223.74
9940.15 -1332.39 10022.7 -1207.17
9950.94 -1333.37 10033.8 -1218.38
9962.9 -1340.19 10045.7 -1205.22
9975.44 -1342.14 10058.6 -1218.86
9987.98 -1344.09 10069.9 -1213.02
9999.36 -1352.37 10082.8 -1211.55
10011.9 -1361.14 10094.7 -1214.97
10023.6 -1381.12 10107 -1212.04
10035.5 -1359.19 10118.6 -1221.79
10047.5 -1375.27 10131.2 -1206.68
10058.9 -1374.78 10143.4 -1216.43
10071.7 -1389.4 10154.8 -1213.5
10083.9 -1398.66 10165.6 -1209.61
10094.7 -1392.81 10179 -1200.84
10107.6 -1406.94 10190.7 -1211.07
10119.8 -1386.96 10202.9 -1209.12
10131.5 -1415.71 10214.6 -1222.76
10143.1 -1395.73 10227.1 -1212.04
10155.4 -1408.89 10238.5 -1226.17
10168.2 -1400.61 10251 -1212.04
10178.4 -1397.19 10264.2 -1224.71
10192.1 -1400.12 10275 -1213.99
10204.1 -1395.25 10287.5 -1202.78
10215.5 -1402.07 10298.6 -1220.33
10227.7 -1384.53 10310.8 -1198.4
10240.3 -1396.71 10323.4 -1201.32
10251.6 -1408.4 10335 -1205.71
10263.9 -1391.84 10347.9 -1211.55
10275.6 -1375.27 10359.8 -1222.76
10287.8 -1355.78 10371.8 -1211.55
10299.5 -1348.96 10383.8 -1207.17
10312 -1338.73 10395.4 -1224.71
10324 -1332.39 10408.3 -1213.99
10335.6 -1309.49 10419 -1214.48
10347.9 -1314.85 10431.3 -1202.78
10359.8 -1292.92 10443.8 -1216.91
10371.2 -1296.34 10456.4 -1216.43
10383.5 -1296.34 10468 -1216.43
10396 -1279.28 10480 -1217.89
10407.7 -1271 10491.9 -1208.14
10419.6 -1270.51 10504.2 -1213.5
10431.9 -1264.66 10516.2 -1209.61
10443.5 -1258.33 10527.8 -1213.5
10457 -1250.53 10540.1 -1214.48
10468 -1251.51 10551.5 -1212.04
10480.3 -1257.36 10564 -1222.76
10491.7 -1239.33 10575.9 -1210.58
10503.6 -1249.07 10588.5 -1217.89
10515.9 -1236.4 10599.9 -1205.71
10527.8 -1233.48 10612.7 -1229.58
10540.1 -1228.61 10624.1 -1213.02
10551.5 -1233.97 10636 -1213.02
10563.4 -1218.86 10648.6 -1226.66
10576.2 -1229.58 10659.9 -1230.56
10587.6 -1221.79 10672.8 -1211.55
10601 -1221.3 10684.7 -1209.61
10612.4 -1224.22 10696.1 -1205.71
10625.2 -1225.68 10708.6 -1221.3
10636.6 -1237.38 10721.2 -1223.74
10648.9 -1233.48 10732.6 -1217.4
10660.8 -1227.63 10744.2 -1221.3
10671.6 -1234.46 10757.1 -1227.15
10684.4 -1224.71 10768.7 -1210.09
10696.7 -1216.43 10781.3 -1213.02
10708.1 -1230.07 10792.9 -1219.35
10720.3 -1224.71 10804.6 -1215.94
10731.7 -1218.38 10816.6 -1215.94
10744.5 -1222.76 10829.4 -1237.87
10756.5 -1232.02 10841.4 -1219.35
10768.7 -1231.04 10852.7 -1215.94
10779.8 -1237.87 10865.3 -1212.04
10791.8 -1228.61 10878.1 -1225.2
10805.2 -1230.07 10889.8 -1217.4
10816 -1234.94 10900.6 -1230.56
10828.8 -1245.66 10913.1 -1224.71
10840.2 -1247.61 10925.4 -1215.94
10853 -1250.05 10937.9 -1208.14
10864.1 -1256.87 10949.3 -1224.22
10876.4 -1244.2 10961.5 -1225.68
10888.6 -1246.64 10972.6 -1226.17
10900.3 -1249.56 10986.3 -1229.58
10912.8 -1262.72 10997.7 -1211.07
10924.2 -1253.94 11009.4 -1210.58
10935.9 -1262.72 11021.6 -1223.25
10949 -1258.82 11033.3 -1224.71
10961 -1260.77 11046.1 -1228.61
10972.9 -1272.46 11057.5 -1215.94
10984.6 -1267.1 11070 -1234.94
10996.3 -1268.56 11082.6 -1218.86
11008.5 -1263.2 11094 -1228.12
11021 -1271.49 11106.2 -1234.94
11032.4 -1272.46 11117.6 -1232.02
11045 -1271 11130.4 -1223.74
11056.3 -1284.64 11142.1 -1236.89
11068.6 -1278.79 11153.2 -1238.84
11080.3 -1285.62 11166.3 -1223.25
11093.7 -1287.08 11178.6 -1239.81
11105.1 -1287.56 11190.8 -1232.51
11117 -1279.28 11202.2 -1227.63
11128.4 -1290 11214.8 -1232.99
11140.7 -1282.69 11225.8 -1225.2
11152.9 -1294.87 11238.4 -1213.99
11164.9 -1291.95 11250.6 -1216.91
11177.1 -1299.26 11262.6 -1230.56
11188.2 -1301.69 11275.7 -1216.91
11201.9 -1304.13 11286.2 -1225.68
11213.9 -1318.75 11298.5 -1226.17
11225 -1316.8 11310.2 -1231.53
11236.9 -1307.05 11323 -1225.68
11249.5 -1313.88 11335 -1230.56
11261.4 -1312.9 11346.9 -1220.81
11272.8 -1325.08 11358.9 -1230.56
11284.8 -1331.42 11371.1 -1230.07
11296.7 -1326.54 11383.7 -1230.07
11309 -1318.26 11396.2 -1231.04
11321.3 -1335.31 11406.5 -1227.63
11332.9 -1328.01 11418.7 -1226.17
11345.8 -1337.26 11430.4 -1234.46
11357.4 -1347.98 11443.8 -1232.02
11369.1 -1330.93 11455.8 -1232.99
11381.4 -1333.85 11466.6 -1233.48
11392.7 -1332.88 11479.1 -1235.43
11405.6 -1349.93 11491.7 -1229.1
11417.3 -1350.91 11504.2 -1233.97
11429.2 -1345.06 11516.2 -1221.79
11441.8 -1348.96 11527.6 -1235.43
11453.4 -1335.31 11540.1 -1234.94
11464.5 -1345.55 11550.6 -1232.02
11476.5 -1341.65 11564 -1219.35
11489.3 -1348.47 11575.4 -1233.48
11501.3 -1335.31 11588 -1224.71
11513.3 -1336.78 11600.2 -1234.94
11524.4 -1328.01 11611.9 -1220.33
11536.9 -1321.18 11624.2 -1231.53
11548.9 -1314.36 11636.1 -1228.12
11561.4 -1313.88 11648.1 -1226.66
11573.4 -1305.11 11659.5 -1235.43
11585.6 -1311.44 11672 -1222.76
11597 -1294.39 11684.6 -1217.4
11609 -1288.54 11696.3 -1224.71
11621.5 -1290.98 11708.8 -1228.61
11633.5 -1282.21 11719.9 -1235.43
11644.6 -1277.82 11732.8 -1231.04
11657.5 -1283.67 11744.7 -1215.94
11669.1 -1259.79 11756.1 -1238.35
11680.5 -1264.66 11769.3 -1238.84
11693.6 -1241.76 11780.3 -1228.61
11704.7 -1257.84 11792.9 -1229.1
11717.6 -1239.33 11804.6 -1232.02
11731 -1239.81 11817.1 -1227.15
11740.6 -1237.87 11829.4 -1229.1
11753.2 -1241.76 11840.2 -1215.45
11764.9 -1231.04 11853 -1236.89
11777.4 -1227.63 11864.4 -1217.89
11789.4 -1215.45 11877 -1222.27
11801.1 -1208.14 11889.2 -1241.28
11813.9 -1221.79 11901.5 -1237.87
11824.4 -1209.61 11913.2 -1230.07
11837.6 -1208.63 11924.3 -1226.17
11849.5 -1213.02 11936.6 -1232.99
11861.5 -1218.86 11949.4 -1241.28
11874.6 -1205.71 11961.7 -1217.89
11885.5 -1195.48 11973.6 -1232.51
11897.4 -1180.86 11985 -1240.79
11909.4 -1189.63 11997.6 -1233.48
11922 -1186.22 12009.3 -1234.46
11933.6 -1192.55 12022.4 -1232.02
11945.3 -1191.09 12034.1 -1229.1
11958.4 -1188.17 12046.4 -1224.22
11969.5 -1189.14 12058 -1227.15
11981.8 -1193.53 12070 -1229.1
11994.4 -1180.86 12082.9 -1227.15
12005.8 -1180.37 12093.4 -1234.46
12018 -1185.24 12105.9 -1237.38
12029.1 -1185.73 12117.6 -1259.79
12040.8 -1188.17 12130.2 -1230.56
12053.1 -1194.5 12142.1 -1223.25
12065.6 -1177.93 12154.7 -1244.69
12077.3 -1180.86 12166.7 -1238.84
12090.1 -1177.93 12178.6 -1236.4
12102.1 -1184.76 12190.6 -1237.87
12112.6 -1180.37 12202.3 -1239.33
12125.2 -1173.55 12214 -1227.63
12137.2 -1170.63 12226.9 -1237.87
12150 -1173.06 12239.1 -1227.63
12161.4 -1168.68 12250.5 -1234.46
12173.1 -1181.35 12262.5 -1232.51
12185.4 -1188.17 12275.1 -1242.74
12197.1 -1179.88 12287 -1238.35
12210.5 -1177.93 12298.7 -1234.46
12221.9 -1174.52 12311.6 -1256.38
12233.6 -1175.01 12323.8 -1241.76
12246.1 -1173.55 12334.6 -1251.02
12256.9 -1177.93 12347.5 -1242.74
12269.8 -1169.16 12358.9 -1251.02
12282.1 -1181.35 12371.5 -1245.66
12293.5 -1178.91 12383.7 -1246.64
12305.7 -1172.58 12395.4 -1243.71
12317.7 -1164.29 12408.3 -1246.64
12329.7 -1177.93 12418.5 -1251.02
12341.7 -1181.35 12431.4 -1241.76
12353.4 -1175.99 12443.4 -1243.23
12365.6 -1166.73 12455.9 -1249.07
12377.6 -1170.14 12467.9 -1242.25
12390.2 -1176.96 12479.9 -1245.66
12401.9 -1177.93 12491.6 -1239.81
12413.8 -1163.32 12504.4 -1246.64
12425.8 -1172.58 12516.1 -1257.36
12437.8 -1156.01 12527.8 -1258.33
12450.7 -1181.35 12541 -1265.64
12461.8 -1161.37 12552.1 -1252.48
12474.3 -1173.55 12563.2 -1261.25
12485.4 -1159.42 12575.7 -1240.79
12497.1 -1164.29 12588.3 -1262.72
12509.7 -1158.93 12600.6 -1258.33
12522 -1163.8 12612.3 -1248.1
12533.4 -1167.22 12624.5 -1251.02
12545.9 -1156.5 12635.9 -1252
12558.8 -1157.96 12648.2 -1248.59
12569.6 -1161.37 12661.1 -1238.84
12581.6 -1167.22 12672.5 -1243.71
12594.4 -1161.86 12684.5 -1265.64
12605 -1167.7 12696.5 -1254.43
12618.4 -1147.73 12709.9 -1253.46
12629.5 -1169.16 12721.9 -1249.07
12641.8 -1181.35 12732.7 -1247.12
12653.8 -1167.7 12744.7 -1268.56
12665.5 -1169.16 12757 -1260.77
12678.3 -1166.24 12768.7 -1252.97
12689.7 -1162.34 12781.8 -1260.28
12702.6 -1164.29 12793.2 -1248.1
12714 -1175.99 12805.8 -1255.41
12726.3 -1182.81 12817.2 -1260.77
12738.6 -1176.96 12829.5 -1270.02
12749.1 -1183.29 12841.8 -1262.72
12762.5 -1186.71 12854.1 -1263.69
12774.2 -1194.01 12866.3 -1261.74
12785.9 -1186.71 12877.7 -1247.61
12798.2 -1181.83 12889.4 -1254.43
12809.9 -1184.76 12902.6 -1251.02
12821.3 -1182.81 12913.4 -1251.02
12833.9 -1194.99 12926.6 -1255.41
12846.2 -1182.81 12938.3 -1256.87
12857.8 -1183.29 12950.9 -1259.3
12869.8 -1185.73 12962.3 -1404.02
12882.1 -1186.22 12974.8 -1447.87
12893.8 -1197.42 12986.8 -1432.28
12905.8 -1189.63 12998.5 -1417.17
12918.1 -1186.22 13011.4 -1406.45
12930.1 -1195.48 13022.5 -1383.55
12942.1 -1195.96 13035.4 -1380.63
12954.7 -1188.65 13046.8 -1368.45
12965.8 -1200.35 13059.4 -1340.19
12977.5 -1190.6 13071.6 -1329.47
12990.6 -1194.99 13082.8 -1328.98
13002 -1185.24 13095.3 -1354.32
13014 -1163.8 13107.6 -1347.01
13026 -1156.01 13119.6 -1331.42
13037.7 -1164.78 13131.6 -1304.62
13050.9 -1146.75 13143.6 -1279.28
13061.4 -1135.06 13155.9 -1254.43
13074 -1127.75 13167.6 -1234.94
13086.3 -1126.29 13179.6 -1176.47
13098.3 -1125.31 13192.5 -1173.55
13110.8 -1098.51 13204.2 -1162.83
13122.3 -1097.05 13216.5 -1139.93
13134 -1069.28 13227.9 -1108.75
13145.9 -1089.26 13240.1 -1102.9
13158.2 -1068.79 13252.1 -1097.05
13170.2 -1039.07 13264.1 -1074.64
13182.5 -1044.92 13277.6 -1058.56
13193.9 -1033.22 13288.1 -1067.33
13206.8 -1037.12 13301 -1074.64
13218.5 -1027.38 13312.4 -1076.59
13229.9 -1008.37 13325.3 -1090.23
13241 -994.731 13336.1 -1087.31
13254.8 -991.807 13349.9 -1090.23
13265.9 -969.881 13361.9 -1097.05
13277.9 -949.904 13372.7 -1087.31
13289.3 -927.004 13385 -1102.41
13302.2 -868.534 13397.9 -1112.64
13314.8 -833.94 13409.6 -1145.29
13325.9 -793.499 13422.2 -1098.51
13338.5 -739.414 13433 -1077.56
13349.9 -681.92 13446.2 -1089.26
13362.2 -624.425 13457.9 -1081.46
13373.9 -564.494 13470.7 -1098.51
13386.2 -506.511 13482.7 -1076.59
13398.2 -446.58 13494.1 -1065.87
13409.6 -397.369 13505.3 -1042.97
13422.7 -324.282 13518.4 -995.218
13433.3 -272.634 13530.5 -1034.2
13445.6 -209.779 13542.7 -1047.35
13459 -159.593 13554.4 -1025.91
13469.6 -99.1748 13567.3 -1009.84
13482.5 -69.4529 13579 -993.756
13493.9 4.12111 13590.5 -965.496
13505.9 46.0242 13603.9 -939.185
13518.2 118.624 13614.8 -911.412
13529.9 180.016 13627.3 -874.868
13542.5 237.511 13639.3 -826.144
13554.4 310.598 13651.9 -755.981
13567 359.81 13663.3 -724.797
13578.5 424.126 13675.9 -687.767
13590.5 492.34 13686.8 -632.221
13602.2 539.116 13699.9 -590.805
13613.6 623.896 13712.8 -525.514
13626.5 698.932 13724.5 -462.172
13638.2 777.866 13736.5 -409.55
13649.9 849.491 13748.5 -341.823
13662.2 886.034 13761.1 -270.198
13673.3 951.812 13773.1 -213.677
13685.9 1008.82 13784.5 -143.514
13698.8 1067.29 13797.4 -61.1697
13710.8 1139.89 13809.1 5.58284
13721.9 1183.74 13821.1 83.542
13734.5 1240.75 13833.4 153.218
13746.2 1304.09 13845.4 246.282
13757.6 1366.46 13859.2 329.601
13769.3 1438.57 13870.6 413.407
13781.9 1494.12 13882.9 488.442
13794.5 1566.23 13895.2 567.376
13805.3 1633.47 13908.1 636.078
13817.9 1705.09 13920.4 696.983
13829.6 1762.1 13933 726.218
13842.5 1888.78 13944.7 765.198
13854.2 1880.5 13957.6 801.741
13865.9 1803.03 13968.4 837.31
13878.5 1732.87 13980.4 883.111
13890 1622.75 13989.5 942.067
13902 1559.41 13995.7 998.1
13914 1484.37 13995.4 1053.65
13925.7 1424.44 13986.3 1082.39
13937.4 1366.94 13973.1 1139.89
13949.4 1288.5 13961.7 1212.49
