8012.69 -1037.12 8036.97 -1146.75
8011.52 -1144.31 8048.67 -1168.19
8006.55 -1107.28 8060.07 -1156.98
8005.09 -1105.34 8072.06 -1154.55
8008.89 -1112.64 8083.18 -1152.6
8016.5 -1117.52 8096.92 -1148.21
8027.02 -1126.29 8108.33 -1144.31
8036.97 -1125.31 8121.19 -1146.26
8047.79 -1136.03 8132.6 -1161.37
8059.2 -1135.06 8145.46 -1139.44
8071.48 -1131.16 8157.74 -1153.09
8083.76 -1135.06 8168.56 -1168.19
8096.04 -1138.96 8181.13 -1162.34
8109.5 -1125.8 8192.83 -1160.88
8120.61 -1137.49 8205.11 -1168.68
8132.89 -1125.31 8217.39 -1145.78
8144.58 -1132.13 8228.79 -1159.42
8155.99 -1136.03 8241.07 -1150.65
8168.85 -1140.9 8253.05 -1178.42
8180.26 -1150.16 8265.33 -1166.24
8193.12 -1152.6 8277.32 -1165.75
8205.4 -1146.26 8289.01 -1165.75
8217.68 -1132.13 8301.87 -1157.47
8229.67 -1138.96 8313.27 -1159.91
8241.36 -1151.14 8325.25 -1178.91
8253.34 -1137.01 8338.11 -1157.96
8265.33 -1137.49 8349.8 -1170.14
8277.61 -1133.6 8361.5 -1170.63
8289.01 -1139.44 8372.31 -1168.19
8301.87 -1149.67 8385.75 -1173.06
8314.15 -1137.98 8397.44 -1159.42
8326.13 -1149.67 8409.13 -1176.96
8337.53 -1151.14 8421.41 -1173.55
8350.39 -1144.31 8434.26 -1174.52
8362.08 -1138.47 8445.08 -1165.27
8374.65 -1137.49 8456.47 -1161.37
8386.63 -1151.62 8470.5 -1161.86
8398.61 -1151.14 8482.48 -1164.29
8410.6 -1162.83 8494.17 -1164.78
8422.58 -1146.75 8505.56 -1156.5
8434.26 -1158.93 8516.96 -1172.58
8446.83 -1148.7 8530.4 -1160.88
8458.81 -1156.01 8542.09 -1168.68
8471.09 -1138.47 8554.06 -1169.65
8482.48 -1146.26 8566.04 -1156.98
8495.34 -1146.26 8577.73 -1166.24
8505.85 -1142.37 8590 -1149.67
8518.71 -1149.67 8601.68 -1152.6
8530.4 -1162.83 8614.25 -1171.6
8542.38 -1149.19 8626.22 -1164.29
8554.94 -1145.29 8638.2 -1170.63
8567.5 -1157.96 8649.59 -1162.83
8580.06 -1152.11 8661.28 -1181.35
8591.46 -1142.85 8674.13 -1171.11
8603.44 -1152.11 8685.23 -1170.63
8615.71 -1137.49 8698.37 -1163.8
8628.27 -1139.93 8710.64 -1178.42
8639.66 -1138.96 8722.32 -1166.73
8652.22 -1142.85 8735.17 -1178.42
8663.9 -1149.67 8745.69 -1173.55
8675.3 -1131.65 8758.25 -1171.11
8689.03 -1153.57 8770.8 -1171.11
8699.54 -1140.9 8782.48 -1169.65
8712.1 -1137.98 8795.04 -1175.5
8724.07 -1114.59 8806.43 -1174.52
8736.34 -1143.83 8818.7 -1175.5
8748.32 -1127.26 8830.96 -1165.27
8759.71 -1137.01 8842.64 -1156.01
8771.68 -1135.06 8854.03 -1158.93
8785.11 -1135.06 8866.59 -1155.52
8795.92 -1131.65 8878.85 -1153.57
8809.35 -1135.06 8891.12 -1156.01
8820.16 -1125.31 8903.09 -1162.83
8832.72 -1133.6 8913.89 -1169.16
8844.98 -1111.67 8927.03 -1160.88
8856.66 -1118 8939 -1167.7
8868.92 -1120.44 8950.39 -1167.22
8880.31 -1112.64 8962.94 -1174.04
8893.16 -1113.13 8975.5 -1166.73
8904.55 -1116.54 8986.3 -1163.8
8916.52 -1117.52 8999.43 -1164.29
8929.37 -1098.51 9011.4 -1169.65
8940.46 -1112.16 9022.79 -1152.11
8953.31 -1102.41 9035.34 -1177.93
8964.69 -1102.41 9047.9 -1167.22
8976.95 -1107.28 9058.99 -1171.6
8988.63 -1078.05 9070.96 -1157.47
9001.19 -1089.26 9084.09 -1175.99
9012.86 -1094.13 9095.48 -1176.96
9024.83 -1071.72 9108.32 -1171.6
9037.39 -1080.49 9119.7 -1167.7
9048.77 -1070.74 9131.96 -1172.58
9061.61 -1085.85 9143.35 -1160.88
9073.88 -1076.59 9155.61 -1167.7
9083.8 -1072.69 9167.57 -1169.65
9097.52 -1066.84 9178.66 -1159.42
9108.9 -1072.69 9192.09 -1157.47
9121.75 -1056.12 9204.06 -1161.86
9133.72 -1075.13 9214.85 -1178.91
9144.81 -1051.74 9227.99 -1160.39
9157.94 -1067.82 9239.66 -1184.76
9169.33 -1063.92 9252.8 -1177.93
9181 -1050.28 9263.89 -1171.11
9192.67 -1058.07 9276.14 -1184.27
9205.81 -1045.4 9287.52 -1177.45
9217.48 -1042.48 9299.78 -1171.11
9229.16 -1034.68 9312.04 -1173.06
9242.58 -1043.94 9322.83 -1179.4
9253.09 -1041.51 9334.8 -1165.27
9265.93 -1037.12 9346.47 -1177.93
9277.6 -1042.48 9359.6 -1163.32
9289.27 -1031.27 9372.15 -1168.19
9301.82 -1025.91 9384.41 -1170.63
9314.66 -1024.45 9396.66 -1168.68
9326.34 -1023.97 9408.33 -1160.88
9337.72 -1022.02 9420.59 -1176.96
9350.26 -1018.12 9432.26 -1160.88
9363.4 -1016.66 9444.52 -1153.09
9375.07 -1013.25 9457.35 -1168.68
9387.03 -1015.68 9467.86 -1166.24
9397.54 -1023.48 9480.7 -1157.47
9409.79 -1012.27 9492.95 -1167.7
9422.92 -1001.55 9504.62 -1155.52
9434.59 -1014.22 9517.17 -1175.01
9446.27 -1000.58 9528.54 -1168.19
9457.35 -1005.94 9540.51 -1167.22
9470.48 -1003.01 9552.76 -1160.39
9482.74 -989.858 9565.31 -1166.73
9494.41 -1008.37 9576.68 -1160.39
9506.37 -984.986 9588.35 -1155.03
9518.04 -997.654 9600.9 -1162.34
9530.59 -1004.96 9612.57 -1172.58
9541.97 -992.294 9624.82 -1162.83
9554.51 -985.96 9637.07 -1178.42
9566.76 -992.782 9649.03 -1167.22
9578.43 -990.833 9661.87 -1164.78
9591.27 -991.32 9672.37 -1178.91
9602.94 -994.731 9685.5 -1161.86
9614.9 -1000.58 9697.46 -1156.5
9625.99 -980.601 9709.13 -1168.19
9638.24 -993.269 9721.96 -1177.93
9650.49 -980.601 9733.05 -1159.42
9661.87 -969.394 9745.01 -1162.83
9674.41 -973.779 9757.55 -1174.52
9686.37 -985.473 9770.1 -1166.24
9699.5 -978.164 9781.18 -1176.47
9711.17 -970.856 9793.72 -1164.29
9722.55 -984.986 9805.68 -1166.73
9734.8 -990.833 9817.06 -1175.5
9746.47 -984.498 9829.6 -1163.8
9758.72 -973.292 9841.27 -1177.45
9770.1 -977.677 9854.1 -1173.06
9783.22 -984.986 9866.94 -1176.47
9794.89 -990.345 9877.15 -1180.86
9806.56 -990.833 9889.98 -1175.99
9818.81 -987.422 9900.77 -1165.27
9830.77 -980.601 9913.9 -1173.55
9843.02 -985.96 9926.15 -1169.16
9855.85 -988.397 9938.1 -1166.24
9867.23 -987.422 9949.19 -1172.58
9878.9 -988.884 9961.73 -1169.16
9891.15 -988.884 9975.15 -1169.65
9903.1 -984.498 9986.23 -1170.63
9914.77 -985.473 9998.48 -1161.86
9927.02 -983.037 10010.7 -1172.58
9939.56 -989.858 10023 -1167.22
9951.23 -997.654 10033.5 -1161.86
9963.77 -982.062 10046 -1166.24
9975.44 -994.243 10058.9 -1166.24
9987.4 -983.037 10069.9 -1179.88
9999.36 -987.909 10082.2 -1174.04
10011.3 -992.782 10094.4 -1182.81
10023.6 -974.754 10106.1 -1165.27
10034.9 -993.269 10118.6 -1162.34
10047.8 -996.192 10130.3 -1174.52
10058.6 -1000.09 10143.1 -1175.01
10072 -997.654 10154.8 -1189.14
10084.2 -995.705 10167.4 -1180.37
10095.3 -989.371 10179 -1172.58
10107.6 -1000.58 10190.7 -1194.99
10119.2 -992.294 10203.5 -1177.93
10131.2 -987.422 10214.6 -1195.96
10142.8 -1001.06 10226.3 -1178.42
10155.4 -1003.5 10239.1 -1171.11
10167.6 -1005.45 10251 -1175.01
10179.9 -1010.81 10263.3 -1184.27
10191.5 -1010.32 10274.1 -1175.5
10204.4 -1005.94 10286.6 -1178.42
10214.9 -999.116 10299.8 -1181.83
10227.4 -1012.27 10311.7 -1179.4
10240.3 -1013.73 10323.7 -1181.83
10252.2 -1011.3 10335 -1177.93
10263.3 -1006.91 10347.6 -1188.17
10276.4 -1006.42 10359.5 -1189.63
10287.8 -1002.53 10371.5 -1186.22
10300.3 -1016.66 10383.8 -1172.58
10311.7 -1007.89 10395.7 -1180.86
10324 -1013.25 10408 -1185.24
10335.3 -1017.14 10419 -1199.86
10347.9 -1019.58 10431.3 -1194.5
10359.5 -1020.55 10442.9 -1196.94
10371.8 -1021.53 10456.4 -1201.32
10383.8 -1010.32 10468 -1192.55
10396.6 -1030.3 10480 -1202.78
10408 -1007.89 10491.7 -1200.84
10420.2 -1029.81 10503.9 -1195.96
10431.3 -1028.84 10515.9 -1195.96
10444.1 -1035.17 10527.8 -1208.14
10456.4 -1041.51 10539.5 -1198.4
10468.3 -1051.74 10552.3 -1194.99
10480.3 -1034.2 10562.8 -1194.5
10491.4 -1051.74 10576.2 -1195.48
10503.9 -1060.51 10589.1 -1191.09
10516.2 -1049.79 10599.9 -1185.73
10528.1 -1054.17 10612.7 -1195.96
10541 -1047.84 10624.1 -1194.99
10551.5 -1049.79 10636.9 -1198.4
10564 -1050.76 10648.6 -1179.88
10576.2 -1052.71 10659.6 -1193.53
10587.9 -1052.23 10672.2 -1196.94
10600.4 -1070.74 10683 -1177.45
10612.7 -1067.82 10697.6 -1169.16
10624.4 -1084.87 10708.4 -1187.19
10637.2 -1052.71 10720.9 -1194.99
10648.9 -1063.92 10732.9 -1194.99
10660.5 -1065.38 10744.8 -1194.01
10671.9 -1073.18 10757.4 -1198.89
10685 -1070.74 10769.3 -1196.45
10696.1 -1066.36 10781 -1207.17
10707.5 -1075.61 10793.2 -1209.12
10720.3 -1076.1 10804.3 -1203.27
10732.6 -1070.25 10816.9 -1193.04
10744.5 -1079.51 10828.5 -1193.53
10756.2 -1088.77 10840.5 -1196.94
10768.1 -1086.33 10853.3 -1194.99
10780.7 -1081.95 10865.3 -1196.94
10792.9 -1082.43 10877.8 -1188.65
10804.6 -1094.62 10889.2 -1185.24
10816.6 -1086.82 10901.2 -1198.89
10828.8 -1105.34 10913.4 -1177.45
10840.5 -1101.44 10925.1 -1170.63
10852.7 -1105.34 10937.3 -1172.58
10864.1 -1090.23 10949 -1180.86
10876.1 -1104.36 10961.2 -1171.11
10889.5 -1098.03 10973.2 -1182.81
10899.4 -1094.13 10985.5 -1166.73
10913.1 -1111.67 10997.1 -1190.12
10924.5 -1102.9 11010 -1185.24
10936.5 -1099 11021.9 -1168.19
10948.1 -1108.26 11033.3 -1177.93
10960.4 -1105.34 11045.3 -1171.11
10973.5 -1083.9 11056.9 -1169.65
10984 -1095.59 11069.8 -1171.6
10996.3 -1096.08 11082.3 -1167.22
11008.8 -1107.28 11094 -1173.06
11020.8 -1104.36 11104.8 -1175.5
11032.4 -1101.92 11117 -1166.24
11044.4 -1092.67 11130.1 -1163.8
11057.2 -1101.44 11142.1 -1171.11
11069.5 -1109.72 11153.8 -1160.88
11080.6 -1103.87 11166.3 -1151.14
11092.8 -1108.75 11177.7 -1157.96
11104.2 -1123.85 11190.3 -1162.83
11116.4 -1107.28 11202.8 -1170.14
11128.1 -1109.23 11213.9 -1150.65
11140.9 -1102.9 11226.1 -1144.31
11152.3 -1088.77 11238.1 -1151.62
11165.5 -1116.05 11250.6 -1159.42
11177.1 -1105.82 11262 -1148.7
11188.8 -1098.03 11275.7 -1144.8
11201.3 -1081.46 11287.1 -1140.9
11212.7 -1091.69 11299.1 -1143.34
11225 -1102.9 11310.2 -1141.39
11236.6 -1081.95 11322.4 -1158.93
11248.6 -1080.97 11335 -1140.42
11261.4 -1088.28 11346.3 -1144.31
11272.8 -1083.41 11359.5 -1144.8
11285.1 -1074.15 11371.1 -1166.73
11297.6 -1073.66 11382.2 -1152.6
11309.3 -1082.43 11395.4 -1156.98
11322.4 -1083.41 11407.3 -1142.37
11332.6 -1075.13 11419.3 -1158.44
11346 -1079.51 11430.7 -1152.11
11357.1 -1057.1 11442.6 -1149.67
11369.4 -1068.79 11455.5 -1144.8
11381.4 -1053.69 11467.7 -1161.86
11392.5 -1065.38 11480.3 -1164.78
11405 -1043.46 11489.9 -1154.55
11416.7 -1062.94 11503.6 -1157.96
11429.5 -1049.3 11516.8 -1161.86
11440.6 -1057.59 11527.9 -1155.52
11452.9 -1041.99 11540.7 -1166.73
11465.4 -1029.33 11550.9 -1161.37
11477.7 -1040.53 11563.8 -1156.01
11489.3 -1032.25 11574.9 -1142.85
11501 -1032.74 11588.3 -1152.6
11513.9 -1022.02 11600.5 -1159.91
11524.9 -1022.5 11611.6 -1149.19
11536.9 -1018.12 11624.5 -1143.83
11549.5 -1026.89 11636.1 -1164.29
11560.3 -1023.48 11648.1 -1171.6
11573.7 -1013.73 11660.7 -1159.91
11584.8 -1014.22 11672.3 -1172.58
11597 -1000.09 11685.5 -1159.42
11609.6 -1003.01 11696.3 -1176.47
11620.7 -999.116 11708.5 -1181.35
11633.5 -989.858 11720.2 -1188.17
11644.3 -995.218 11732.5 -1182.81
11658 -995.705 11744.4 -1196.45
11668.8 -988.397 11756.7 -1179.88
11682 -959.649 11769.3 -1197.91
11693.4 -985.96 11780.6 -1187.68
11704.4 -988.397 11792.6 -1186.71
11718.2 -969.394 11804.6 -1196.94
11729 -977.19 11816.5 -1190.12
11741.8 -980.113 11829.7 -1197.91
11754.4 -969.394 11841.1 -1194.5
11764.9 -980.601 11853.6 -1189.14
11778 -979.139 11864.1 -1186.71
11789.1 -966.958 11877.6 -1209.61
11801.1 -957.213 11888.9 -1181.83
11812.8 -985.473 11900.6 -1177.93
11826.2 -965.009 11913.8 -1182.81
11838.2 -967.445 11924 -1191.09
11849.2 -975.241 11937.1 -1188.17
11861.2 -958.187 11948.8 -1204.73
11872.3 -954.289 11960.8 -1199.37
11886 -948.93 11973.9 -1201.32
11898 -955.264 11985.9 -1206.68
11909.1 -951.853 11998.5 -1213.5
11920.8 -959.162 12009.6 -1206.19
11934.2 -963.06 12020.6 -1213.99
11945.6 -965.009 12033.5 -1209.12
11957.9 -959.649 12046.4 -1221.3
11970.1 -965.009 12058.3 -1207.17
11982.4 -959.649 12069.7 -1221.3
11993.8 -957.7 12082.3 -1219.35
12005.8 -948.442 12094.8 -1206.68
12017.7 -953.315 12106.2 -1209.61
12029.1 -949.417 12117.9 -1217.89
12041.7 -962.085 12129.3 -1211.55
12052.8 -960.136 12142.1 -1220.81
12066.5 -959.649 12153.8 -1208.14
12078.2 -973.292 12167 -1204.73
12089 -965.983 12179 -1209.61
12101 -974.266 12190.9 -1211.55
12113.2 -959.162 12202.6 -1201.32
12125.5 -968.42 12213.7 -1202.78
12136.9 -954.777 12226.9 -1234.46
12149.4 -972.805 12239.4 -1220.33
12161.7 -956.726 12249.9 -1218.86
12173.4 -979.626 12263.1 -1213.5
12185.1 -966.958 12274.8 -1214.48
12197.6 -976.215 12286.7 -1211.55
12210.5 -953.802 12298.1 -1191.09
12221.3 -980.113 12310.7 -1216.91
12233.6 -973.779 12323.3 -1229.58
12246.7 -967.932 12334.6 -1219.35
12257.5 -973.779 12347.2 -1216.91
12270.4 -972.317 12359.5 -1221.79
12281.2 -973.292 12371.2 -1230.07
12294.3 -978.164 12383.7 -1223.74
12305.4 -977.677 12395.4 -1215.94
12318.3 -979.626 12407.7 -1208.14
12330 -968.42 12419.7 -1225.2
12341.4 -978.652 12431.1 -1209.12
12353.9 -962.573 12443.1 -1212.53
12365.3 -967.445 12455.3 -1209.61
12378.2 -975.728 12468.2 -1209.12
12390.2 -977.19 12479.6 -1196.45
12401.3 -975.728 12491.9 -1199.37
12414.4 -976.215 12503.8 -1204.25
12425.5 -980.601 12516.1 -1190.6
12437.8 -965.983 12527.5 -1184.76
12449.8 -971.83 12540.1 -1207.17
12462.9 -972.805 12552.4 -1197.42
12474.3 -974.754 12564 -1183.29
12486 -986.935 12576 -1187.68
12498.9 -958.675 12587.7 -1200.35
12510 -969.881 12600.9 -1180.37
12522 -975.728 12612.6 -1199.37
12533.4 -963.547 12624.3 -1182.32
12546.5 -968.907 12637.4 -1190.6
12557.9 -981.575 12647.6 -1166.24
12569.9 -991.807 12661.4 -1180.37
12582.2 -956.238 12672.2 -1179.4
12594.7 -960.624 12685.1 -1168.19
12607 -977.677 12697.3 -1171.11
12617.8 -970.856 12708.2 -1161.37
12630.1 -975.241 12721.6 -1175.01
12641.8 -966.47 12733 -1158.44
12653.5 -970.856 12744.7 -1157.47
12666.1 -960.136 12757.6 -1155.52
12678.3 -975.728 12769 -1162.83
12690 -965.983 12781.5 -1136.03
12702.3 -965.496 12793.8 -1128.72
12713.7 -983.037 12805.5 -1130.67
12726.9 -968.907 12817.2 -1141.39
12738 -976.215 12829.2 -1115.08
12750.3 -975.728 12841.8 -1121.9
12762.5 -957.213 12853.5 -1104.36
12773.9 -964.034 12866.6 -1102.41
12785.6 -969.394 12878.3 -1112.16
12798.2 -976.703 12889.7 -1104.85
12809.6 -975.241 12901.7 -1105.82
12821.6 -960.624 12914.3 -1115.57
12834.2 -978.652 12926.9 -1117.52
12845.9 -963.547 12938.9 -1104.85
12858.1 -963.547 12950.5 -1095.59
12870.1 -972.805 12962.3 -1118.49
12881.5 -981.088 12974.8 -1106.8
12893.5 -961.598 12986.8 -1102.41
12906.1 -972.317 12998.2 -1114.59
12918.4 -967.932 13010.5 -1122.39
12930.1 -964.034 13022.8 -1090.23
12942.7 -974.754 13035.1 -1076.1
12954.7 -980.601 13046.2 -1061.97
12966.4 -962.085 13058.8 -1035.17
12978 -965.009 13071.4 -1029.33
12990.6 -959.162 13082.8 -1004.48
13001.7 -958.675 13096.2 -994.731
13014.6 -947.468 13107.6 -980.113
13026.6 -938.698 13120.5 -982.062
13037.4 -930.414 13132.2 -965.009
13050 -908.976 13143.3 -962.085
13062.3 -910.437 13156.5 -965.009
13074.6 -900.205 13167.9 -949.904
13085.7 -889.486 13179.6 -944.544
13098.3 -889.973 13191.6 -929.927
13110 -888.999 13204.4 -925.055
13122.3 -866.585 13216.2 -939.672
13134.5 -876.33 13227 -951.366
13145.1 -864.149 13239.9 -934.312
13157.9 -874.381 13252.1 -930.902
13171.4 -867.56 13264.7 -912.874
13181.6 -871.458 13277.3 -906.539
13193.9 -868.534 13289 -894.846
13206.2 -849.045 13300.7 -909.463
13219.1 -813.963 13313 -900.692
13230.2 -788.139 13325.9 -908.001
13241.6 -741.363 13337.3 -946.494
13254.5 -712.616 13349.3 -953.802
13265.6 -684.356 13361.3 -922.618
13279.1 -645.863 13373.9 -920.67
13289.9 -602.011 13385.3 -943.57
13302.2 -562.057 13397.3 -951.853
13313.6 -524.539 13408.7 -960.624
13326.2 -468.019 13422.2 -950.391
13337.6 -415.397 13433.6 -967.932
13350.2 -365.21 13445.9 -972.317
13362.5 -305.279 13457.6 -965.983
13373.9 -249.246 13469.3 -973.779
13386.2 -181.519 13483.3 -952.828
13398.2 -124.512 13493 -928.465
13410.5 -34.3712 13507 -909.95
13422.7 37.741 13517.3 -904.59
13433 100.596 13530.7 -886.075
13446.2 167.835 13543 -844.172
13458.4 228.254 13554.4 -789.113
13470.4 300.853 13567 -709.205
13482.7 363.708 13578.8 -636.119
13494.1 423.152 13591 -578.136
13506.7 472.363 13603.6 -487.022
13517.9 534.731 13614.5 -430.989
13531 578.095 13627.9 -341.335
13541.9 632.18 13639.6 -272.634
13553.9 687.238 13651.9 -210.267
13567 732.065 13663.3 -111.843
13577.6 792.483 13675.9 -62.1442
13590.5 851.927 13687.1 -12.4452
13602.8 917.218 13699.9 30.4323
13613.9 982.996 13713.1 93.7742
13627.1 1050.24 13724 129.83
13638.2 1111.14 13736.2 180.016
13650.8 1194.95 13748.8 255.539
13663 1255.85 13760.3 351.527
13673.6 1326.99 13773.1 397.815
13686.2 1387.41 13784.5 460.182
13698.2 1468.29 13798.3 531.807
13711.4 1545.76 13809.1 595.636
13722.8 1613.98 13821.4 655.567
13733.6 1685.12 13833.4 734.988
13747.1 1750.41 13846.6 821.231
13758.8 1806.44 13858.9 902.113
13770.5 1874.65 13870.1 983.483
13781.6 1917.04 13882.9 1036.59
13793.6 1967.72 13895.2 1119.42
13805.9 2046.65 13907.8 1183.74
13818.2 2088.55 13921.3 1261.21
13829.9 2142.15 13932.1 1312.86
13841.6 2244.47 13945 1380.1
13854.8 2245.93 13957 1417.13
13865.9 2167 13969.6 1484.37
13878.3 2130.46 13980.7 1557.46
13889.4 2030.08 13989.2 1625.18
13902 1996.95 13995.7 1689.5
13914.9 1968.69 13995.4 1727.02
13925.7 1943.84 13986.6 1769.41
13939.4 1910.22 13974.9 1777.69
13950.3 1862.96 13961.7 1825.44
