8012.4 -1147.24 8037.26 -1093.64
8010.94 -1128.72 8048.96 -1086.82
8007.14 -1121.41 8060.37 -1089.26
8005.67 -1112.16 8071.77 -1092.18
8009.48 -1128.24 8083.18 -1096.56
8016.2 -1126.29 8096.63 -1080.97
8026.44 -1122.88 8108.91 -1079.51
8037.85 -1129.21 8122.36 -1081.46
8047.5 -1125.31 8132.89 -1075.61
8059.78 -1131.16 8144.88 -1075.13
8072.06 -1130.67 8155.99 -1091.69
8083.76 -1127.26 8168.85 -1111.18
8096.92 -1134.57 8180.26 -1111.18
8108.33 -1121.41 8193.12 -1128.24
8120.9 -1121.41 8205.11 -1106.31
8132.01 -1123.36 8217.97 -1102.9
8144.88 -1117.03 8229.08 -1129.21
8157.16 -1123.36 8241.65 -1132.13
8168.85 -1124.83 8252.47 -1120.93
8181.72 -1136.52 8265.62 -1101.92
8192.24 -1121.9 8277.61 -1112.64
8205.4 -1125.31 8288.42 -1111.67
8216.8 -1122.88 8301.28 -1111.18
8229.67 -1136.52 8313.27 -1106.8
8241.94 -1124.83 8325.84 -1116.54
8253.34 -1122.88 8336.94 -1101.44
8265.91 -1134.57 8349.22 -1102.9
8277.9 -1129.21 8361.2 -1122.39
8289.89 -1134.08 8374.06 -1122.88
8301.87 -1148.21 8386.05 -1125.31
8313.85 -1122.39 8397.74 -1119.95
8326.42 -1144.8 8410.6 -1130.67
8337.53 -1127.26 8421.41 -1111.18
8350.1 -1128.24 8434.26 -1117.52
8362.08 -1137.49 8446.25 -1118.98
8374.94 -1133.6 8457.94 -1123.36
8385.75 -1121.41 8470.5 -1115.57
8398.03 -1135.54 8480.73 -1117.03
8410.6 -1132.13 8493.88 -1124.83
8422.28 -1120.93 8505.85 -1123.36
8434.26 -1139.44 8518.13 -1129.21
8446.25 -1129.21 8529.81 -1128.72
8458.52 -1116.05 8542.67 -1122.88
8470.21 -1145.78 8553.77 -1124.83
8483.07 -1126.29 8565.75 -1143.34
8495.04 -1130.18 8578.6 -1134.08
8507.02 -1140.42 8590.58 -1128.24
8519.3 -1138.96 8602.27 -1130.18
8531.57 -1132.13 8615.12 -1142.85
8543.55 -1137.98 8625.35 -1133.6
8555.23 -1136.52 8638.2 -1136.52
8567.21 -1142.85 8649.88 -1145.29
8579.19 -1140.9 8662.15 -1137.49
8591.75 -1132.62 8673.25 -1128.72
8602.56 -1138.47 8686.1 -1129.7
8616 -1142.37 8698.66 -1119.47
8627.68 -1140.42 8709.76 -1120.44
8639.66 -1134.57 8722.61 -1122.88
8652.51 -1133.11 8734.3 -1120.93
8663.03 -1140.9 8746.86 -1137.01
8675.59 -1140.9 8759.12 -1128.72
8688.44 -1133.6 8769.93 -1137.49
8699.54 -1146.75 8782.48 -1123.36
8712.1 -1140.9 8794.46 -1119.47
8724.66 -1132.13 8806.43 -1130.18
8736.34 -1140.9 8818.7 -1130.67
8748.32 -1134.57 8830.67 -1117.52
8760.87 -1127.75 8843.52 -1134.57
8771.39 -1134.08 8854.62 -1142.37
8784.53 -1133.11 8866.88 -1127.26
8796.5 -1129.21 8878.27 -1132.62
8808.48 -1112.64 8890.53 -1138.47
8820.45 -1129.7 8903.09 -1122.39
8832.42 -1131.65 8914.77 -1136.03
8844.1 -1128.72 8927.91 -1128.24
8856.08 -1138.96 8939 -1143.34
8868.34 -1138.47 8950.68 -1127.75
8880.9 -1150.16 8962.94 -1127.75
8892.28 -1132.62 8975.2 -1138.47
8905.42 -1122.39 8986.88 -1128.72
8915.35 -1125.8 9000.02 -1127.26
8929.66 -1137.49 9011.69 -1131.16
8940.46 -1130.67 9023.37 -1109.72
8953.31 -1127.26 9035.34 -1143.34
8965.57 -1150.16 9047.6 -1115.08
8976.66 -1138.96 9058.7 -1131.65
8989.51 -1127.26 9071.83 -1124.34
9000.6 -1137.01 9083.8 -1119.95
9013.15 -1132.62 9095.48 -1134.57
9026 -1134.57 9107.15 -1127.26
9036.8 -1128.72 9119.41 -1125.31
9049.06 -1128.24 9131.67 -1117.03
9061.03 -1119.95 9143.35 -1122.39
9073 -1129.21 9156.48 -1122.88
9084.97 -1136.52 9167.28 -1125.31
9097.23 -1141.39 9179.54 -1125.8
9109.49 -1136.52 9191.8 -1121.41
9120.58 -1137.98 9203.76 -1122.39
9133.42 -1135.06 9215.73 -1116.05
9145.98 -1134.08 9227.7 -1130.18
9157.36 -1126.29 9240.54 -1116.54
9170.2 -1126.29 9252.5 -1110.7
9181 -1134.57 9263.3 -1115.08
9193.84 -1137.01 9276.73 -1116.05
9204.64 -1130.67 9288.11 -1130.67
9217.19 -1123.85 9300.66 -1111.67
9229.74 -1139.44 9312.04 -1111.67
9241.41 -1158.93 9322.83 -1118.49
9253.67 -1135.06 9335.97 -1118
9265.93 -1139.44 9346.18 -1118.49
9277.89 -1142.85 9359.89 -1109.23
9288.98 -1140.42 9371.57 -1121.9
9301.53 -1150.16 9384.41 -1121.41
9314.37 -1147.24 9396.37 -1099.49
9325.17 -1136.03 9408.92 -1120.44
9338.59 -1143.34 9420.3 -1114.59
9350.56 -1138.96 9431.68 -1111.67
9362.81 -1137.98 9444.52 -1116.05
9375.36 -1142.37 9456.19 -1100.46
9386.74 -1139.93 9468.15 -1109.23
9398.12 -1138.96 9480.7 -1114.59
9409.5 -1141.39 9492.66 -1109.23
9422.34 -1136.52 9504.33 -1115.57
9433.72 -1145.29 9516.87 -1110.7
9445.68 -1140.9 9529.13 -1113.13
9458.23 -1132.13 9540.51 -1116.05
9470.78 -1140.9 9552.47 -1119.47
9482.44 -1141.39 9565.31 -1110.7
9493.82 -1130.18 9576.68 -1110.21
9506.66 -1154.55 9589.52 -1123.85
9518.63 -1144.31 9600.9 -1118
9530 -1149.67 9612.27 -1121.41
9542.84 -1151.62 9625.11 -1115.57
9554.8 -1158.44 9637.07 -1112.16
9566.76 -1145.78 9649.91 -1119.47
9578.73 -1146.26 9660.99 -1120.93
9590.69 -1149.19 9673.54 -1115.08
9602.36 -1141.88 9684.92 -1121.9
9614.32 -1134.57 9696.88 -1125.31
9626.57 -1153.09 9709.71 -1103.87
9638.24 -1146.75 9721.67 -1115.57
9650.78 -1144.8 9733.63 -1114.59
9662.74 -1156.01 9745.01 -1127.75
9675.29 -1135.54 9757.84 -1119.95
9687.83 -1150.16 9770.1 -1116.05
9698.04 -1151.14 9781.18 -1106.8
9711.46 -1153.57 9793.72 -1109.23
9721.96 -1164.78 9805.39 -1113.62
9734.51 -1157.96 9817.93 -1104.36
9746.47 -1158.44 9829.89 -1112.16
9758.43 -1147.24 9841.27 -1108.26
9770.68 -1139.93 9853.52 -1110.21
9782.64 -1147.73 9865.48 -1115.08
9794.89 -1153.57 9878.31 -1113.13
9806.85 -1146.75 9889.69 -1116.05
9819.1 -1155.03 9901.94 -1110.21
9831.35 -1147.24 9913.6 -1126.77
9843.31 -1148.7 9926.15 -1107.28
9854.98 -1161.86 9937.81 -1111.18
9867.23 -1147.24 9950.07 -1101.92
9878.9 -1161.37 9961.44 -1110.21
9890.56 -1154.06 9974.27 -1120.44
9903.4 -1155.03 9986.52 -1123.85
9915.06 -1149.67 9998.19 -1126.29
9926.73 -1150.16 10009.9 -1111.67
9940.44 -1154.55 10022.4 -1124.83
9951.52 -1152.11 10033.5 -1123.85
9963.48 -1152.6 10046.9 -1121.41
9975.15 -1152.6 10058.6 -1109.23
9986.52 -1146.26 10069.9 -1115.08
10000.2 -1158.93 10081.6 -1119.95
10010.7 -1159.42 10093.9 -1120.93
10023.3 -1161.37 10107 -1119.47
10034.9 -1158.93 10118.6 -1118.98
10046.9 -1160.39 10129.7 -1114.59
10059.7 -1160.88 10142.8 -1113.13
10070.5 -1152.11 10154.8 -1108.75
10083.9 -1168.19 10166.5 -1105.34
10096.5 -1159.91 10179.3 -1118.98
10107.3 -1154.55 10190.1 -1119.47
10119.5 -1162.83 10203.2 -1113.13
10130.9 -1155.03 10214.3 -1115.08
10143.7 -1158.93 10226.5 -1116.05
10155.1 -1164.29 10238.8 -1118
10167.9 -1155.03 10251 -1123.36
10179.6 -1169.65 10263.3 -1126.77
10191.3 -1166.73 10275.3 -1114.59
10203.5 -1171.11 10287.2 -1120.93
10214.9 -1155.03 10298.6 -1123.85
10227.4 -1161.86 10310.8 -1125.8
10239.4 -1154.55 10323.1 -1118.98
10251.9 -1153.09 10335.6 -1125.8
10264.8 -1159.91 10347.6 -1125.31
10275.8 -1156.01 10359.8 -1116.54
10288.1 -1176.47 10370.6 -1141.39
10300.6 -1174.04 10383.8 -1121.9
10311.7 -1161.86 10396.3 -1130.18
10323.7 -1177.45 10408 -1118.49
10335.3 -1165.75 10419 -1131.65
10348.5 -1187.68 10430.7 -1125.8
10359.5 -1172.09 10443.8 -1114.59
10371.5 -1162.83 10454.9 -1128.72
10383.5 -1169.16 10468 -1106.31
10396.6 -1178.91 10479.4 -1123.36
10408.3 -1157.96 10493.1 -1133.6
10419.6 -1177.45 10503.9 -1109.72
10431.3 -1162.34 10516.5 -1119.95
10443.8 -1184.27 10527.2 -1114.11
10456.1 -1172.58 10540.1 -1121.9
10468.3 -1173.06 10552.3 -1119.95
10480 -1177.93 10564 -1115.08
10493.1 -1183.78 10577.4 -1127.26
10504.2 -1184.27 10587.6 -1122.88
10516.5 -1171.11 10600.1 -1144.31
10526.6 -1187.19 10610.9 -1128.24
10539.5 -1181.35 10624.1 -1139.93
10552.9 -1184.27 10635.7 -1140.42
10564.3 -1187.19 10648.3 -1144.31
10576.8 -1183.29 10660.5 -1139.93
10587.9 -1188.17 10672.5 -1144.31
10600.7 -1172.09 10684.7 -1139.44
10612.1 -1175.99 10697.6 -1150.65
10624.4 -1175.99 10708.9 -1134.08
10636.6 -1181.83 10720.3 -1148.7
10648 -1173.06 10732.6 -1146.26
10659.9 -1192.55 10745.1 -1140.42
10672.8 -1194.99 10756.5 -1150.16
10683.9 -1192.55 10768.1 -1148.7
10695.8 -1183.29 10781.3 -1141.39
10707.8 -1192.06 10792.9 -1135.54
10720.6 -1195.48 10805.2 -1131.16
10732 -1182.32 10816.3 -1135.06
10744.8 -1185.73 10828.8 -1139.44
10756.2 -1173.55 10841.6 -1139.93
10768.7 -1189.14 10853.3 -1132.13
10780.1 -1186.71 10864.7 -1134.08
10792.6 -1188.65 10877.2 -1134.57
10804.9 -1184.76 10889.8 -1129.21
10816.9 -1174.04 10901.5 -1142.85
10829.1 -1190.6 10913.7 -1147.24
10840.5 -1190.12 10926 -1162.34
10852.1 -1177.93 10937 -1152.11
10864.7 -1189.14 10949.9 -1150.65
10876.6 -1191.09 10960.4 -1159.91
10888.6 -1183.78 10974.1 -1154.06
10900 -1192.06 10986 -1150.16
10911.7 -1187.19 10997.7 -1128.24
10924.2 -1177.93 11010.5 -1153.57
10936.7 -1192.55 11020.8 -1157.96
10948.1 -1206.19 11033.9 -1150.16
10960.4 -1199.37 11045 -1152.11
10972.6 -1185.24 11058.1 -1159.42
10984.9 -1211.55 11070.3 -1149.19
10997.4 -1198.89 11082 -1155.03
11008.8 -1206.19 11094 -1144.8
11020.8 -1205.71 11106.2 -1161.86
11033.6 -1195.96 11117.9 -1146.75
11044.7 -1199.86 11129.9 -1159.91
11057.8 -1189.14 11141.5 -1156.98
11069.2 -1191.58 11154.9 -1142.37
11079.7 -1187.68 11166 -1145.29
11092.8 -1191.58 11178.3 -1147.73
11104.8 -1185.73 11190.5 -1153.09
11116.4 -1196.45 11202.2 -1152.11
11129 -1191.58 11215 -1127.75
11140.9 -1198.89 11225.8 -1150.65
11152.9 -1203.27 11238.4 -1155.03
11164.3 -1181.35 11250.6 -1149.67
11176.8 -1187.68 11262.9 -1148.7
11189.1 -1178.91 11274.6 -1156.98
11201 -1179.4 11286.2 -1162.83
11212.7 -1184.76 11299.4 -1154.06
11224.4 -1195.48 11310.5 -1145.78
11236.9 -1188.17 11323 -1165.27
11248.3 -1192.55 11335 -1158.93
11261.2 -1199.86 11346.6 -1148.21
11273.7 -1191.09 11359.5 -1150.65
11285.1 -1204.25 11370.9 -1161.86
11297 -1195.48 11383.1 -1145.29
11308.7 -1214.48 11395.4 -1136.52
11321 -1201.32 11407 -1149.19
11332.9 -1182.32 11420.2 -1161.37
11345.2 -1195.96 11431.3 -1146.26
11356.9 -1191.09 11443.8 -1151.62
11369.1 -1203.27 11454.3 -1149.19
11381.1 -1187.19 11467.1 -1150.65
11392.7 -1193.04 11479.7 -1145.29
11404.4 -1202.3 11491.4 -1135.54
11417.3 -1198.89 11503.3 -1154.55
11429.2 -1190.6 11515.6 -1137.01
11441.8 -1175.01 11527.9 -1155.03
11453.2 -1187.68 11540.1 -1149.19
11464.8 -1199.86 11552.1 -1145.29
11477.4 -1186.71 11563.8 -1160.39
11488.5 -1188.65 11576.9 -1148.21
11501.6 -1190.6 11586.8 -1152.11
11513.3 -1187.19 11599.6 -1146.26
11524.9 -1196.94 11611.6 -1165.27
11536.6 -1184.76 11623.6 -1159.91
11548.9 -1190.6 11635.3 -1148.21
11561.4 -1194.01 11649.3 -1166.24
11573.7 -1194.01 11660.1 -1167.22
11585.1 -1176.96 11672.3 -1156.5
11597.6 -1187.68 11684.6 -1150.65
11609.3 -1188.17 11696.3 -1134.57
11621.3 -1201.81 11708 -1140.9
11633.2 -1205.22 11720.2 -1130.18
11644.6 -1186.22 11733.6 -1152.6
11656.6 -1180.37 11744.1 -1142.85
11669.7 -1195.96 11756.4 -1149.67
11682 -1188.17 11768.7 -1150.16
11692.5 -1185.73 11780 -1157.96
11705.3 -1191.58 11792.9 -1160.39
11717 -1171.6 11804.3 -1144.31
11729.5 -1177.93 11816.8 -1153.09
11740.9 -1162.34 11829.1 -1156.98
11753.2 -1185.24 11840.2 -1154.55
11765.5 -1182.81 11853.6 -1158.44
11777.1 -1178.42 11865.6 -1153.57
11790.3 -1171.11 11877 -1153.09
11801.1 -1160.88 11888.9 -1143.34
11813.6 -1165.75 11901.5 -1150.65
11825.6 -1175.99 11912.3 -1152.6
11837.3 -1164.78 11924.9 -1158.44
11849.5 -1167.7 11936.6 -1150.16
11861.8 -1169.65 11949.4 -1150.65
11873.2 -1165.27 11961.7 -1154.06
11885.7 -1175.01 11973.6 -1150.65
11897.7 -1169.16 11985.3 -1160.39
11909.7 -1174.52 11998.2 -1158.93
11921.4 -1183.29 12010.1 -1152.11
11933.9 -1171.11 12022.1 -1154.06
11946.2 -1175.5 12033.2 -1156.98
11957.9 -1190.12 12045.8 -1143.34
11969.3 -1173.06 12057.4 -1149.19
11981.5 -1184.27 12069.7 -1151.62
11993.2 -1181.35 12082.3 -1161.86
12005.2 -1160.39 12093.7 -1159.91
12017.7 -1170.14 12105.9 -1160.88
12029.4 -1181.35 12116.7 -1161.37
12041.4 -1167.22 12130.2 -1165.75
12053.9 -1158.44 12143.3 -1155.03
12065.3 -1169.65 12155 -1159.91
12077.3 -1167.7 12166.7 -1163.32
12090.1 -1168.19 12178.1 -1157.47
12101.3 -1159.42 12191.2 -1152.11
12112.9 -1166.73 12202 -1161.86
12126.4 -1166.73 12214 -1163.8
12137.5 -1153.09 12226.6 -1150.65
12149.2 -1162.83 12238.5 -1164.29
12161.7 -1173.06 12250.5 -1170.63
12174 -1157.47 12262.5 -1155.52
12186 -1159.42 12274.5 -1156.01
12197.1 -1162.83 12287 -1160.39
12209.6 -1166.73 12299 -1172.58
12221.9 -1162.83 12310.7 -1163.32
12234.1 -1166.73 12323 -1153.57
12246.1 -1171.11 12334.6 -1171.6
12257.8 -1170.63 12347.2 -1169.65
12269.5 -1178.91 12359.2 -1155.52
12281.2 -1175.01 12370.9 -1161.86
12293.5 -1179.4 12382.3 -1154.55
12306 -1166.24 12395.4 -1154.06
12318 -1158.44 12407.7 -1152.11
12330 -1183.29 12419.1 -1162.34
12341.7 -1160.88 12430.8 -1159.91
12353.4 -1160.39 12442.8 -1158.93
12365.9 -1178.91 12456.2 -1168.68
12377.3 -1164.78 12466.7 -1156.5
12389.6 -1164.78 12479.9 -1164.29
12401.3 -1167.22 12491.6 -1176.96
12414.1 -1176.47 12503.6 -1160.88
12426.1 -1159.91 12516.1 -1145.29
12437.2 -1169.65 12527.8 -1163.32
12451 -1167.7 12540.4 -1167.7
12462 -1166.73 12552.1 -1169.65
12473.7 -1167.7 12564.3 -1158.93
12486.9 -1167.7 12575.7 -1160.88
12498.3 -1154.55 12587.1 -1179.88
12509.4 -1162.83 12601.2 -1160.88
12522 -1170.14 12612.3 -1171.6
12533.4 -1173.55 12624 -1160.39
12545.9 -1174.52 12636.8 -1160.88
12557.6 -1172.58 12648.5 -1165.75
12569.6 -1171.11 12660.8 -1174.04
12582.2 -1167.22 12672.2 -1167.22
12593.6 -1159.91 12684.2 -1168.19
12606.4 -1196.45 12697.3 -1163.8
12618.1 -1171.11 12709.3 -1181.83
12630.1 -1180.37 12721.6 -1163.32
12641.8 -1178.91 12733.9 -1170.14
12654.1 -1175.01 12745 -1158.93
12665.5 -1180.37 12756.4 -1168.19
12677.8 -1189.14 12769.6 -1176.47
12690 -1162.34 12781.8 -1154.55
12702.3 -1175.5 12793.2 -1172.09
12714 -1163.8 12805.5 -1160.88
12725.4 -1163.32 12817.8 -1174.52
12738.6 -1178.91 12829.8 -1170.14
12750 -1180.37 12841.8 -1176.96
12762.2 -1159.42 12854.1 -1188.65
12774.2 -1175.01 12866 -1171.11
12785.9 -1175.99 12878 -1159.42
12798.2 -1166.73 12890.6 -1158.93
12809.9 -1174.52 12902 -1165.27
12821.9 -1166.73 12914.9 -1170.63
12834.2 -1176.96 12926 -1169.16
12845.6 -1163.32 12938.3 -1173.55
12858.7 -1175.5 12950.3 -1171.11
12869.8 -1180.86 12962.5 -1168.19
12882.4 -1185.73 12974.2 -1182.81
12894.7 -1178.42 12986.5 -1182.32
12906.1 -1172.58 12999.1 -1175.01
12918.1 -1181.83 13010.8 -1192.06
12930.1 -1169.65 13022.8 -1196.45
12941.5 -1176.96 13035.1 -1203.27
12954.1 -1190.12 13047.1 -1176.47
12966.9 -1162.34 13059.4 -1189.63
12978.6 -1152.6 13071.4 -1189.14
12990.3 -1169.65 13083.9 -1191.58
13001.4 -1150.65 13095.6 -1190.12
13014 -1149.67 13107.6 -1171.6
13026.6 -1136.52 13119.9 -1172.58
13037.7 -1141.39 13131.6 -1175.99
13050.3 -1142.85 13144.2 -1157.96
13062.6 -1122.39 13155 -1158.44
13073.1 -1126.77 13167.6 -1144.8
13086.3 -1103.87 13180.5 -1157.96
13098.5 -1089.26 13191.9 -1163.8
13110.5 -1075.13 13204.4 -1169.16
13121.4 -1065.87 13215.3 -1160.88
13134.5 -1037.12 13227.9 -1173.06
13146.2 -1034.68 13241 -1172.09
13157.9 -1021.53 13252.1 -1171.11
13170.5 -1006.42 13265.3 -1182.81
13181.9 -995.218 13275.8 -1166.24
13193.9 -957.213 13288.7 -1186.71
13206.5 -928.953 13300.4 -1188.65
13217.6 -894.846 13313.3 -1198.89
13230.5 -897.282 13325.3 -1191.09
13242.2 -883.639 13336.4 -1211.07
13254.5 -864.149 13349.3 -1193.04
13266.2 -838.325 13360.4 -1193.04
13278.5 -825.17 13373.6 -1188.65
13290.8 -808.116 13385.6 -1179.4
13302.5 -760.853 13397.9 -1174.52
13313.9 -734.542 13409.9 -1175.99
13326.8 -694.588 13421.6 -1157.96
13338.5 -669.738 13433.6 -1180.86
13350.5 -628.81 13445.9 -1154.06
13361.9 -577.162 13457.3 -1156.5
13374.5 -532.823 13470.1 -1172.09
13385.9 -485.073 13481.3 -1147.24
13398.2 -433.912 13494.1 -1151.62
13409.9 -359.364 13506.4 -1134.57
13422.4 -289.688 13517.6 -1131.65
13433.6 -213.677 13531.3 -1113.62
13446.2 -141.565 13542.7 -1071.23
13458.2 -66.0421 13554.7 -1015.2
13469.9 10.9425 13567 -952.34
13482.5 79.1568 13579.3 -918.721
13493.3 168.323 13590.8 -863.662
13506.2 234.101 13603.6 -805.68
13518.7 306.213 13614.8 -766.7
13529.9 381.736 13626.8 -688.254
13542.5 450.437 13639.3 -609.807
13554.7 506.47 13651.3 -521.129
13565.9 593.2 13663.9 -453.889
13579.3 644.848 13676.2 -390.06
13590.2 693.572 13687.6 -272.147
13602.5 757.402 13698.5 -165.44
13613.9 805.639 13712.5 -67.5039
13626.2 884.572 13724.2 -1.72583
13638.2 934.271 13736.5 87.9272
13650.2 1013.21 13748.5 175.631
13662.5 1058.52 13761.7 276.491
13673.9 1131.12 13772.3 373.94
13685.9 1193.97 13785.4 435.82
13698.2 1239.77 13796.5 510.368
13710.2 1310.91 13808.9 569.812
13721.9 1367.43 13821.7 631.205
13734.2 1447.34 13833.4 668.723
13747.4 1500.94 13845.4 690.649
13757.9 1563.3 13858.3 744.246
13770.2 1654.42 13870.6 774.455
13781.6 1713.38 13883.5 817.82
13793.9 1791.82 13895.5 844.618
13805.9 1864.42 13908.1 881.162
13817.6 1935.07 13919.5 937.195
13829.9 2018.88 13932.4 979.585
13842.2 2137.28 13944.4 1018.08
13853.9 2161.15 13957.6 1054.62
13866.5 2106.1 13969.3 1133.07
13878.3 2052.01 13980.4 1182.77
13890.5 1989.64 13990.1 1259.75
13901.4 1935.07 13994.8 1339.66
13914.3 1893.66 13994.5 1407.39
13926 1828.37 13986 1479.99
13938 1775.26 13973.4 1542.35
13949.7 1693.4 13962.9 1631.52
